0 Radar   |M:M
0 Name: antnradr.dat
0 Author: betatron & jasolo
0 !LDRAW_ORG Unofficial_Part
0 BFC CERTIFY CCW
1 16 0 5 0 2.5 0 0 0 -1 0 0 0 -2.5 4-4edge.dat
1 16 0 0 0 2.5 0 0 0 -1 0 0 0 -2.5 4-4edge.dat
1 16 0 0 0 2.5 0 0 0 5 0 0 0 -2.5 4-4cyli.dat
1 16 0 5 0 2.5 0 0 0 -1 0 0 0 -2.5 4-4DISC.DAT
3 16 -1.155 -120 12.022 -0.884 -120 11.616 -0.478 -120 11.345
3 16 1.155 -120 12.022 1.25 -120 12.5 1.155 -120 12.978
3 16 -0.478 -120 11.345 0 -120 11.25 0.478 -120 11.345
3 16 0.478 -120 13.655 0 -120 13.75 -0.478 -120 13.655
3 16 0.478 -90 11.345 0 -90 11.25 3.75 -90 0
3 16 0.884 -90 11.616 0.478 -90 11.345 3.75 -90 0
3 16 3.75 -90 0 1.25 -90 12.5 1.155 -90 12.022
3 16 1.155 -90 12.022 0.884 -90 11.616 3.75 -90 0
3 16 -27.5 -80 -28.735 -27.5 -78.662 -28.735 -27.5 -78.662 -29.985
3 16 -1.25 -69.091 12.5 -1.25 -90 12.5 -1.147 -69.447 12.99
3 16 -4.986 -90 -21.02 -4.986 -70.468 -21.02 -6.875 -71.156 -21.129
3 16 -20.625 -76.16 -26.122 -13.75 -73.658 -22.578 -6.875 -71.156 -21.129
3 16 -13.75 -73.658 -23.828 -20.625 -76.16 -26.122 -6.875 -71.156 -21.129
3 16 -6.875 -71.156 -21.129 -4.986 -70.468 -21.02 -5 -70.473 -21.25
3 16 -4.986 -70.468 -21.02 -5 -70 -21.25 -5 -70.473 -21.25
3 16 4.986 -70.432 -21.02 5 -70.437 -21.25 5 -70 -21.25
3 16 -5 -70.473 -21.25 -5 -70 -21.25 -3.7 -70 -21.25
3 16 -4.986 -70.468 -21.02 -3.75 -70 0 -5 -70 -21.25
3 16 5 -70 -21.25 5 -70.437 -21.25 3.8 -70 -21.25
3 16 4.986 -70.432 -21.02 5 -70 -21.25 3.75 -70 0
3 16 2.618 -70 -2.618 3.418 -70 -1.416 5 -70 -21.25
3 16 3.51 -62.31 -0.957 3.418 -70 -1.416 3.418 -62.003 -1.416
3 16 0 -62.691 3.7 -1.416 -62.486 3.418 -1.25 -69.091 12.5
3 16 -1.416 -62.486 3.418 -2.616 -61.903 2.616 -1.25 -69.091 12.5
3 16 -3.396 -61.768 1.768 -3.559 -62.31 0.957 -1.25 -69.091 12.5
3 16 2.821 -60.957 -2.31 3.183 -61.768 -1.768 2.618 -70 -2.618
3 16 -1.25 -69.091 12.5 -3.353 -61.443 1.985 -3.396 -61.768 1.768
3 16 -2.821 -60.957 -2.31 -2.694 -60 -2.5 -2.618 -70 -2.618
3 16 2.694 -60 -2.5 2.821 -60.957 -2.31 2.618 -70 -2.618
3 16 40 -62.5 0 3.7 -62.5 0 40 -62.31 -0.957
3 16 3.7 -62.5 0 3.51 -62.31 -0.957 40 -62.31 -0.957
3 16 40 -62.31 -0.957 3.51 -62.31 -0.957 3.418 -62.003 -1.416
3 16 -40 -61.768 -1.768 -3.183 -61.768 -1.768 -3.418 -62.003 -1.416
3 16 40 -61.768 1.768 3.396 -61.768 1.768 3.467 -62.002 1.416
3 16 -2.616 -61.903 2.616 -3.04 -61.44 1.98 -3.353 -61.443 1.985
3 16 3.353 -61.443 1.985 3.04 -61.44 1.98 2.616 -61.903 2.616
3 16 -2.821 -60.957 2.31 -3.04 -61.44 1.98 -2.616 -61.903 2.616
3 16 3.04 -61.44 1.98 2.821 -60.957 2.31 2.616 -61.903 2.616
3 16 2.821 -60.957 2.31 3.04 -61.44 1.98 3.353 -61.443 1.985
3 16 -3.353 -61.443 1.985 -3.04 -61.44 1.98 -2.821 -60.957 2.31
3 16 3.353 -61.443 1.985 40 -60.957 2.31 2.821 -60.957 2.31
3 16 -2.821 -60.957 2.31 -40 -60.957 2.31 -3.353 -61.443 1.985
3 16 3.418 -57.997 -1.416 40 -58.232 -1.768 3.183 -58.232 -1.768
3 16 -3.418 -57.997 1.416 -40 -58.232 1.768 -3.183 -58.232 1.768
3 16 -3.418 -57.997 -1.416 -3.183 -58.232 -1.768 -40 -58.232 -1.768
3 16 40 -57.69 0.957 3.51 -57.69 0.957 3.418 -57.997 1.416
3 16 2.694 -60 -2.5 2.618 -70 -2.618 2.618 0 -2.618
3 16 -2.694 -60 -2.5 -2.618 0 -2.618 -2.618 -70 -2.618
3 16 -2.616 -61.903 2.616 -2.616 0 2.616 -2.694 -60 2.5
3 16 2.694 -60 2.5 2.616 0 2.616 2.616 -61.903 2.616
3 16 2.821 -59.043 -2.31 2.694 -60 -2.5 2.618 0 -2.618
3 16 -2.694 -60 -2.5 -2.821 -59.043 -2.31 -2.618 0 -2.618
3 16 -2.821 -59.043 2.31 -2.694 -60 2.5 -2.616 0 2.616
3 16 2.694 -60 2.5 2.821 -59.043 2.31 2.616 0 2.616
3 16 2.821 -59.043 2.31 3.183 -58.232 1.768 2.616 0 2.616
3 16 -2.821 -59.043 -2.31 -3.183 -58.232 -1.768 -2.618 0 -2.618
3 16 -3.418 0 1.416 -3.418 -57.997 1.416 -3.183 -58.232 1.768
3 16 3.418 0 -1.416 3.418 -57.997 -1.416 3.183 -58.232 -1.768
3 16 3.51 -57.69 0.957 3.418 0 1.416 3.418 -57.997 1.416
3 16 -3.418 0 -1.416 -3.418 -57.997 -1.416 -3.51 -57.69 -0.957
3 16 3.7 0 0 3.7 -57.5 0 3.51 -57.69 -0.957
3 16 -3.7 0 0 -3.7 -57.5 0 -3.51 -57.69 0.957
4 16 1.155 -120 12.022 0.478 -120 13.655 -1.155 -120 12.978 -0.478 -120 11.345
4 16 1.155 -120 12.978 0.884 -120 13.384 0.478 -120 13.655 1.155 -120 12.022
4 16 -0.478 -120 13.655 -0.884 -120 13.383 -1.155 -120 12.978 0.478 -120 13.655
4 16 0.478 -120 11.345 0.884 -120 11.616 1.155 -120 12.022 -0.478 -120 11.345
4 16 -1.155 -120 12.022 -0.478 -120 11.345 -1.155 -120 12.978 -1.25 -120 12.5
4 16 0.478 -69.931 13.655 0 -70 13.75 0 -120 13.75 0.478 -120 13.655
4 16 1.155 -69.439 12.978 0.884 -69.734 13.384 0.884 -120 13.384 1.155 -120 12.978
4 16 0.884 -69.734 13.384 0.478 -69.931 13.655 0.478 -120 13.655 0.884 -120 13.384
4 16 20.625 -90 -26.122 27.5 -90 -29.985 27.5 -90 -28.735 20.625 -90 -24.872
4 16 13.75 -90 -23.828 20.625 -90 -26.122 20.625 -90 -24.872 13.75 -90 -22.578
4 16 -27.5 -90 -29.985 -20.625 -90 -26.122 -20.625 -90 -24.872 -27.5 -90 -28.735
4 16 6.875 -90 -22.379 13.75 -90 -23.828 13.75 -90 -22.578 6.875 -90 -21.129
4 16 -20.625 -90 -26.122 -13.75 -90 -23.828 -13.75 -90 -22.578 -20.625 -90 -24.872
4 16 20.625 -76.124 -26.122 20.625 -90 -26.122 13.75 -90 -23.828 13.75 -73.621 -23.828
4 16 -20.625 -76.16 -24.872 -27.5 -80 -28.735 -27.5 -90 -28.735 -20.625 -90 -24.872
4 16 -27.5 -78.662 -29.985 -27.5 -90 -29.985 -27.5 -90 -28.735 -27.5 -80 -28.735
4 16 27.5 -78.626 -29.985 27.5 -90 -29.985 20.625 -90 -26.122 20.625 -76.124 -26.122
4 16 27.5 -90 -29.985 27.5 -78.626 -29.985 27.5 -78.626 -28.735 27.5 -90 -28.735
4 16 20.625 -76.124 -24.872 13.75 -73.621 -22.578 13.75 -90 -22.578 20.625 -90 -24.872
4 16 -13.75 -73.658 -22.578 -20.625 -76.16 -24.872 -20.625 -90 -24.872 -13.75 -90 -22.578
4 16 0 -70 -21.983 0 -90 -21.983 -6.875 -90 -22.379 -6.875 -71.156 -22.379
3 16 -4.986 -90 -21.02 -6.875 -71.156 -21.129 -6.875 -90 -21.129
4 16 6.875 -71.119 -22.379 6.875 -90 -22.379 0 -90 -21.983 0 -70 -21.983
4 16 4.986 -70.432 -21.02 3.75 -70 0 3.75 -90 0 4.986 -90 -21.02
4 16 -6.875 -71.156 -22.379 -6.875 -90 -22.379 -13.75 -90 -23.828 -13.75 -73.658 -23.828
4 16 -6.875 -71.156 -21.129 -13.75 -73.658 -22.578 -13.75 -90 -22.578 -6.875 -90 -21.129
4 16 3.75 -70 0 1.25 -69.091 12.5 1.25 -90 12.5 3.75 -90 0
4 16 -0.475 -69.931 13.655 -0.878 -69.737 13.388 -0.884 -120 13.383 -0.478 -120 13.655
4 16 -3.75 -70 0 -3.75 -90 0 -1.25 -90 12.5 -1.25 -69.091 12.5
3 16 -27.5 -80 -28.735 -20.625 -76.16 -24.872 -27.5 -78.662 -28.735
4 16 -4.986 -90 -21.02 -3.75 -90 0 -3.75 -70 0 -4.986 -70.468 -21.02
4 16 20.625 -76.124 -26.122 20.625 -76.124 -24.872 27.5 -78.626 -28.735 27.5 -78.626 -29.985
4 16 -20.625 -76.16 -24.872 -20.625 -76.16 -26.122 -27.5 -78.662 -29.985 -27.5 -78.662 -28.735
3 16 -20.625 -76.16 -24.872 -13.75 -73.658 -22.578 -20.625 -76.16 -26.122
4 16 20.625 -76.124 -24.872 20.625 -76.124 -26.122 13.75 -73.621 -23.828 13.75 -73.621 -22.578
3 16 -3.7 -70 -22.196 0 -70 -21.983 -6.875 -71.156 -22.379
3 16 0 -70 -21.983 3.8 -70 -22.202 6.875 -71.119 -22.379
4 16 13.75 -73.621 -22.578 13.75 -73.621 -23.828 6.875 -71.119 -22.379 6.875 -71.119 -21.129
4 16 -6.875 -71.156 -21.129 -5 -70.473 -21.25 -6.875 -71.156 -22.379 -13.75 -73.658 -23.828
4 16 5 -70.437 -21.25 4.986 -70.432 -21.02 6.875 -71.119 -21.129 6.875 -71.119 -22.379
4 16 -5 -70.473 -21.25 -3.7 -70 -21.25 -3.7 -70 -22.196 -6.875 -71.156 -22.379
4 16 3.8 -70 -22.202 3.8 -70 -21.25 5 -70.437 -21.25 6.875 -71.119 -22.379
3 16 -5 -70 -21.25 -3.418 -70 -1.416 -2.618 -70 -2.618
3 16 -3.418 -70 -1.416 -5 -70 -21.25 -3.75 -70 0
3 16 3.8 -70 -21.25 0 -70 -3.705 1.418 -70 -3.423
4 16 -2.618 -70 -2.618 -1.418 -70 -3.423 -3.7 -70 -21.25 -5 -70 -21.25
3 16 -3.7 -70 -21.25 0 -70 -21.983 -3.7 -70 -22.196
3 16 3.8 -70 -21.25 3.8 -70 -22.202 0 -70 -21.983
4 16 -1.418 -70 -3.423 0 -70 -3.705 3.8 -70 -21.25 -3.7 -70 -21.25
3 16 -3.7 -70 -21.25 3.8 -70 -21.25 0 -70 -21.983
3 16 3.75 -70 0 5 -70 -21.25 3.418 -70 -1.416
4 16 1.418 -70 -3.423 2.618 -70 -2.618 5 -70 -21.25 3.8 -70 -21.25
4 16 3.51 -62.31 -0.957 3.7 -62.5 0 3.75 -70 0 3.418 -70 -1.416
4 16 -3.7 -62.5 0 -3.75 -70 0 -1.25 -69.091 12.5 -3.559 -62.31 0.957
4 16 3.183 -61.768 -1.768 3.418 -62.003 -1.416 3.418 -70 -1.416 2.618 -70 -2.618
3 16 -2.616 -61.903 2.616 -3.353 -61.443 1.985 -1.25 -69.091 12.5
4 16 3.7 -62.5 0 40 -62.5 0 40 -62.31 0.957 3.559 -62.31 0.957
4 16 -3.7 -62.5 0 -40 -62.5 0 -40 -62.31 -0.957 -3.51 -62.31 -0.957
4 16 -40 -62.31 0.957 -40 -62.5 0 -3.7 -62.5 0 -3.559 -62.31 0.957
4 16 -40 -62.31 -0.957 -40 -61.768 -1.768 -3.418 -62.003 -1.416 -3.51 -62.31 -0.957
4 16 40 -62.31 0.957 40 -61.768 1.768 3.467 -62.002 1.416 3.559 -62.31 0.957
4 16 -40 -62.31 0.957 -3.559 -62.31 0.957 -3.396 -61.768 1.768 -40 -61.768 1.768
4 16 3.418 -62.003 -1.416 3.183 -61.768 -1.768 40 -61.768 -1.768 40 -62.31 -0.957
4 16 -40 -60.957 2.31 -40 -61.768 1.768 -3.396 -61.768 1.768 -3.353 -61.443 1.985
4 16 40 -61.768 1.768 40 -60.957 2.31 3.353 -61.443 1.985 3.396 -61.768 1.768
4 16 -2.821 -60.957 -2.31 -3.183 -61.768 -1.768 -40 -61.768 -1.768 -40 -60.957 -2.31
4 16 40 -60.957 -2.31 40 -61.768 -1.768 3.183 -61.768 -1.768 2.821 -60.957 -2.31
3 16 -2.616 -61.903 2.616 -2.694 -60 2.5 -2.821 -60.957 2.31
3 16 2.821 -60.957 2.31 2.694 -60 2.5 2.616 -61.903 2.616
4 16 2.821 -60.957 2.31 40 -60.957 2.31 40 -60 2.5 2.694 -60 2.5
4 16 40 -60 -2.5 40 -60.957 -2.31 2.821 -60.957 -2.31 2.694 -60 -2.5
4 16 -40 -60 2.5 -40 -60.957 2.31 -2.821 -60.957 2.31 -2.694 -60 2.5
4 16 -40 -60.957 -2.31 -40 -60 -2.5 -2.694 -60 -2.5 -2.821 -60.957 -2.31
4 16 -2.821 -59.043 -2.31 -2.694 -60 -2.5 -40 -60 -2.5 -40 -59.043 -2.31
4 16 2.694 -60 2.5 40 -60 2.5 40 -59.043 2.31 2.821 -59.043 2.31
4 16 40 -59.043 -2.31 40 -60 -2.5 2.694 -60 -2.5 2.821 -59.043 -2.31
4 16 -40 -59.043 2.31 -40 -60 2.5 -2.694 -60 2.5 -2.821 -59.043 2.31
4 16 -40 -59.043 -2.31 -40 -58.232 -1.768 -3.183 -58.232 -1.768 -2.821 -59.043 -2.31
4 16 3.183 -58.232 -1.768 40 -58.232 -1.768 40 -59.043 -2.31 2.821 -59.043 -2.31
4 16 2.821 -59.043 2.31 40 -59.043 2.31 40 -58.232 1.768 3.183 -58.232 1.768
4 16 -3.183 -58.232 1.768 -40 -58.232 1.768 -40 -59.043 2.31 -2.821 -59.043 2.31
4 16 3.418 -57.997 1.416 3.183 -58.232 1.768 40 -58.232 1.768 40 -57.69 0.957
4 16 -3.418 -57.997 1.416 -3.51 -57.69 0.957 -40 -57.69 0.957 -40 -58.232 1.768
4 16 -3.51 -57.69 -0.957 -3.418 -57.997 -1.416 -40 -58.232 -1.768 -40 -57.69 -0.957
4 16 3.418 -57.997 -1.416 3.51 -57.69 -0.957 40 -57.69 -0.957 40 -58.232 -1.768
4 16 3.51 -57.69 0.957 40 -57.69 0.957 40 -57.5 0 3.7 -57.5 0
4 16 3.7 -57.5 0 40 -57.5 0 40 -57.69 -0.957 3.51 -57.69 -0.957
4 16 -3.7 -57.5 0 -40 -57.5 0 -40 -57.69 0.957 -3.51 -57.69 0.957
4 16 -40 -57.69 -0.957 -40 -57.5 0 -3.7 -57.5 0 -3.51 -57.69 -0.957
4 16 0 0 3.7 0 -62.691 3.7 1.416 -62.486 3.418 1.416 0 3.418
4 16 0 0 3.7 -1.416 0 3.418 -1.416 -62.486 3.418 0 -62.691 3.7
4 16 -1.416 0 3.418 -2.616 0 2.616 -2.616 -61.903 2.616 -1.416 -62.486 3.418
4 16 1.416 0 3.418 1.416 -62.486 3.418 2.616 -61.903 2.616 2.616 0 2.616
4 16 -3.183 -58.232 1.768 -2.821 -59.043 2.31 -2.616 0 2.616 -3.418 0 1.416
4 16 3.183 -58.232 -1.768 2.821 -59.043 -2.31 2.618 0 -2.618 3.418 0 -1.416
4 16 3.183 -58.232 1.768 3.418 -57.997 1.416 3.418 0 1.416 2.616 0 2.616
4 16 -2.618 0 -2.618 -3.183 -58.232 -1.768 -3.418 -57.997 -1.416 -3.418 0 -1.416
4 16 -3.51 -57.69 0.957 -3.418 -57.997 1.416 -3.418 0 1.416 -3.7 0 0
4 16 3.51 -57.69 -0.957 3.418 -57.997 -1.416 3.418 0 -1.416 3.7 0 0
4 16 -3.418 0 -1.416 -3.51 -57.69 -0.957 -3.7 -57.5 0 -3.7 0 0
4 16 3.51 -57.69 0.957 3.7 -57.5 0 3.7 0 0 3.418 0 1.416
4 16 -0.478 -120 13.655 0 -120 13.75 0 -70 13.75 -0.475 -69.931 13.655
4 16 -0.884 -120 13.383 -0.878 -69.737 13.388 -1.147 -69.447 12.99 -1.155 -120 12.978
4 16 -1.25 -120 12.5 -1.155 -120 12.978 -1.147 -69.447 12.99 -1.25 -90 12.5
4 16 1.155 -120 12.022 1.155 -90 12.022 1.25 -90 12.5 1.25 -120 12.5
4 16 0.884 -120 11.616 0.884 -90 11.616 1.155 -90 12.022 1.155 -120 12.022
4 16 0.478 -120 11.345 0.478 -90 11.345 0.884 -90 11.616 0.884 -120 11.616
4 16 0 -120 11.25 0 -90 11.25 0.478 -90 11.345 0.478 -120 11.345
4 16 -0.478 -120 11.345 -0.478 -90 11.345 0 -90 11.25 0 -120 11.25
4 16 -0.884 -120 11.616 -0.884 -90 11.616 -0.478 -90 11.345 -0.478 -120 11.345
4 16 -1.155 -120 12.022 -1.155 -90 12.022 -0.884 -90 11.616 -0.884 -120 11.616
4 16 -1.25 -120 12.5 -1.25 -90 12.5 -1.155 -90 12.022 -1.155 -120 12.022
4 16 2.618 -70 -2.618 1.418 -70 -3.423 1.418 0 -3.423 2.618 0 -2.618
4 16 1.418 -70 -3.423 0 -70 -3.705 0 0 -3.705 1.418 0 -3.423
4 16 0 -70 -3.705 -1.418 -70 -3.423 -1.418 0 -3.423 0 0 -3.705
4 16 -2.618 0 -2.618 -1.418 0 -3.423 -1.418 -70 -3.423 -2.618 -70 -2.618
3 16 1.155 -69.439 12.978 1.25 -90 12.5 1.25 -69.091 12.5
4 16 1.25 -120 12.5 1.25 -90 12.5 1.155 -69.439 12.978 1.155 -120 12.978
3 16 -0.475 -69.931 13.655 0 -70 13.75 0.478 -69.931 13.655
4 16 0.478 -69.931 13.655 0.884 -69.734 13.384 -0.878 -69.737 13.388 -0.475 -69.931 13.655
4 16 -1.147 -69.447 12.99 -0.878 -69.737 13.388 0.884 -69.734 13.384 1.155 -69.439 12.978
4 16 -1.147 -69.447 12.99 1.155 -69.439 12.978 1.25 -69.091 12.5 -1.25 -69.091 12.5
3 16 1.25 -69.091 12.5 3.75 -70 0 3.7 -62.5 0
3 16 1.25 -69.091 12.5 3.7 -62.5 0 3.559 -62.31 0.957
3 16 1.25 -69.091 12.5 3.559 -62.31 0.957 3.467 -62.002 1.416
3 16 1.25 -69.091 12.5 3.467 -62.002 1.416 3.396 -61.768 1.768
3 16 1.25 -69.091 12.5 3.396 -61.768 1.768 3.353 -61.443 1.985
3 16 1.25 -69.091 12.5 3.353 -61.443 1.985 2.616 -61.903 2.616
3 16 1.416 -62.486 3.418 1.25 -69.091 12.5 2.616 -61.903 2.616
3 16 0 -62.691 3.7 -1.25 -69.091 12.5 1.25 -69.091 12.5
3 16 0 -62.691 3.7 1.25 -69.091 12.5 1.416 -62.486 3.418
3 16 -40 -62.31 -0.957 -40 -62.5 0 -40 -60 0
3 16 -40 -62.5 0 -40 -62.31 0.957 -40 -60 0
3 16 -40 -61.768 -1.768 -40 -62.31 -0.957 -40 -60 0
3 16 -40 -62.31 0.957 -40 -61.768 1.768 -40 -60 0
3 16 -40 -60.957 -2.31 -40 -61.768 -1.768 -40 -60 0
3 16 -40 -61.768 1.768 -40 -60.957 2.31 -40 -60 0
3 16 -40 -60 -2.5 -40 -60.957 -2.31 -40 -60 0
3 16 -40 -60.957 2.31 -40 -60 2.5 -40 -60 0
3 16 -40 -59.043 -2.31 -40 -60 -2.5 -40 -60 0
3 16 -40 -60 2.5 -40 -59.043 2.31 -40 -60 0
3 16 -40 -58.232 -1.768 -40 -59.043 -2.31 -40 -60 0
3 16 -40 -59.043 2.31 -40 -58.232 1.768 -40 -60 0
3 16 -40 -57.69 -0.957 -40 -58.232 -1.768 -40 -60 0
3 16 -40 -58.232 1.768 -40 -57.69 0.957 -40 -60 0
3 16 -40 -57.5 0 -40 -57.69 -0.957 -40 -60 0
3 16 -40 -57.69 0.957 -40 -57.5 0 -40 -60 0
3 16 40 -62.5 0 40 -62.31 -0.957 40 -60 0
3 16 40 -62.31 0.957 40 -62.5 0 40 -60 0
3 16 40 -62.31 -0.957 40 -61.768 -1.768 40 -60 0
3 16 40 -61.768 1.768 40 -62.31 0.957 40 -60 0
3 16 40 -61.768 -1.768 40 -60.957 -2.31 40 -60 0
3 16 40 -60.957 2.31 40 -61.768 1.768 40 -60 0
3 16 40 -60.957 -2.31 40 -60 -2.5 40 -60 0
3 16 40 -60 2.5 40 -60.957 2.31 40 -60 0
3 16 40 -60 -2.5 40 -59.043 -2.31 40 -60 0
3 16 40 -59.043 2.31 40 -60 2.5 40 -60 0
3 16 40 -59.043 -2.31 40 -58.232 -1.768 40 -60 0
3 16 40 -58.232 1.768 40 -59.043 2.31 40 -60 0
3 16 40 -58.232 -1.768 40 -57.69 -0.957 40 -60 0
3 16 40 -57.69 0.957 40 -58.232 1.768 40 -60 0
3 16 40 -57.69 -0.957 40 -57.5 0 40 -60 0
3 16 40 -57.5 0 40 -57.69 0.957 40 -60 0
4 16 -13.75 -90 -23.828 -20.625 -90 -26.122 -20.625 -76.16 -26.122 -13.75 -73.658 -23.828
4 16 13.75 -90 -23.828 6.875 -90 -22.379 6.875 -71.119 -22.379 13.75 -73.621 -23.828
4 16 -20.625 -90 -26.122 -27.5 -90 -29.985 -27.5 -78.662 -29.985 -20.625 -76.16 -26.122
3 16 -4.986 -90 -21.02 0 -90 -21.983 4.986 -90 -21.02
4 16 6.875 -90 -21.129 4.986 -90 -21.02 0 -90 -21.983 6.875 -90 -22.379
4 16 0 -90 -21.983 -4.986 -90 -21.02 -6.875 -90 -21.129 -6.875 -90 -22.379
4 16 -13.75 -90 -22.578 -13.75 -90 -23.828 -6.875 -90 -22.379 -6.875 -90 -21.129
4 16 4.986 -90 -21.02 6.875 -90 -21.129 6.875 -71.119 -21.129 4.986 -70.432 -21.02
4 16 13.75 -90 -22.578 13.75 -73.621 -22.578 6.875 -71.119 -21.129 6.875 -90 -21.129
4 16 27.5 -90 -28.735 27.5 -78.626 -28.735 20.625 -76.124 -24.872 20.625 -90 -24.872
3 16 -3.75 -90 0 -1.155 -90 12.022 -1.25 -90 12.5
3 16 -3.75 -90 0 -0.884 -90 11.616 -1.155 -90 12.022
3 16 -0.478 -90 11.345 -0.884 -90 11.616 -3.75 -90 0
3 16 0 -90 11.25 -0.478 -90 11.345 -3.75 -90 0
3 16 3.75 -90 0 0 -90 11.25 -3.75 -90 0
4 16 4.986 -90 -21.02 3.75 -90 0 -3.75 -90 0 -4.986 -90 -21.02
3 16 -3.51 -62.31 -0.957 -3.418 -62.003 -1.416 -3.418 -70 -1.416
4 16 -3.7 -62.5 0 -3.51 -62.31 -0.957 -3.418 -70 -1.416 -3.75 -70 0
3 16 -2.821 -60.957 -2.31 -2.618 -70 -2.618 -3.183 -61.768 -1.768
4 16 -3.418 -70 -1.416 -3.418 -62.003 -1.416 -3.183 -61.768 -1.768 -2.618 -70 -2.618
3 16 -3.418 0 -1.416 -3.7 0 0 0 0 -0.003
3 16 -3.7 0 0 -3.418 0 1.416 0 0 -0.003
3 16 -3.418 0 1.416 -2.616 0 2.616 0 0 -0.003
3 16 -2.616 0 2.616 -1.416 0 3.418 0 0 -0.003
3 16 -1.416 0 3.418 0 0 3.7 0 0 -0.003
3 16 0 0 3.7 1.416 0 3.418 0 0 -0.003
3 16 1.416 0 3.418 2.616 0 2.616 0 0 -0.003
3 16 2.616 0 2.616 3.418 0 1.416 0 0 -0.003
3 16 3.7 0 0 3.418 0 -1.416 0 0 -0.003
3 16 3.418 0 1.416 3.7 0 0 0 0 -0.003
3 16 -1.418 0 -3.423 -2.618 0 -2.618 0 0 -0.003
3 16 0 0 -3.705 -1.418 0 -3.423 0 0 -0.003
3 16 1.418 0 -3.423 0 0 -3.705 0 0 -0.003
3 16 2.618 0 -2.618 1.418 0 -3.423 0 0 -0.003
3 16 3.418 0 -1.416 2.618 0 -2.618 0 0 -0.003
3 16 -2.618 0 -2.618 -3.418 0 -1.416 0 0 -0.003
2 24 0 -90 11.25 0.478 -90 11.345
2 24 40 -59.043 2.31 40 -58.232 1.768
5 24 0 0 3.7 0 0 -0.003 -1.416 0 3.418 1.416 0 3.418
2 24 -3.418 -70 -1.416 -2.618 -70 -2.618
5 24 2.616 0 2.616 3.183 -58.232 1.768 2.821 -59.043 2.31 3.418 0 1.416
5 24 20.625 -76.124 -26.122 20.625 -76.124 -24.872 27.5 -78.626 -29.985 13.75 -73.621 -23.828
5 24 1.25 -90 12.5 1.25 -69.091 12.5 3.75 -90 0 1.155 -69.439 12.978
5 24 0.478 -120 11.345 0.478 -90 11.345 0.884 -120 11.616 0 -120 11.25
5 24 2.821 -60.957 2.31 3.353 -61.443 1.985 3.04 -61.44 1.98 40 -60.957 2.31
5 24 1.25 -69.091 12.5 3.396 -61.768 1.768 3.467 -62.002 1.416 3.353 -61.443 1.985
2 24 40 -60.957 -2.31 40 -60 -2.5
5 24 13.75 -90 -23.828 13.75 -73.621 -23.828 20.625 -90 -26.122 6.875 -90 -22.379
5 24 -40 -62.5 0 -3.7 -62.5 0 -40 -62.31 -0.957 -40 -62.31 0.957
2 24 -0.475 -69.931 13.655 0 -70 13.75
2 24 -0.884 -120 11.616 -0.478 -120 11.345
2 24 -0.478 -120 11.345 0 -120 11.25
2 24 -2.616 0 2.616 -1.416 0 3.418
2 24 0 -120 11.25 0.478 -120 11.345
2 24 3.396 -61.768 1.768 3.467 -62.002 1.416
5 24 -40 -57.5 0 -3.7 -57.5 0 -40 -57.69 0.957 -40 -57.69 -0.957
2 24 -2.821 -59.043 2.31 -2.694 -60 2.5
2 24 -27.5 -80 -28.735 -27.5 -78.662 -28.735
2 24 -2.618 0 -2.618 -1.418 0 -3.423
2 24 -3.353 -61.443 1.985 -3.04 -61.44 1.98
5 24 -3.7 -70 -22.196 -3.7 -70 -21.25 -6.875 -71.156 -22.379 0 -70 -21.983
2 24 -3.418 0 -1.416 -2.618 0 -2.618
5 24 1.25 -69.091 12.5 3.7 -62.5 0 3.75 -70 0 3.559 -62.31 0.957
2 24 -0.478 -90 11.345 0 -90 11.25
5 24 3.183 -58.232 -1.768 3.418 0 -1.416 3.418 -57.997 -1.416 2.821 -59.043 -2.31
5 24 -6.875 -71.156 -21.129 -4.986 -90 -21.02 -4.986 -70.468 -21.02 -6.875 -90 -21.129
2 24 40 -57.69 0.957 40 -57.5 0
5 24 0 0 -0.003 1.418 0 -3.423 0 0 -3.705 2.618 0 -2.618
2 24 -3.7 -57.5 0 -3.51 -57.69 0.957
5 24 0 -90 -21.983 0 -70 -21.983 -6.875 -90 -22.379 6.875 -90 -22.379
2 24 -5 -70.473 -21.25 -4.986 -70.468 -21.02
5 24 -2.618 -70 -2.618 -2.618 0 -2.618 -2.694 -60 -2.5 -1.418 -70 -3.423
2 24 4.986 -70.432 -21.02 5 -70.437 -21.25
5 24 -1.25 -69.091 12.5 1.25 -69.091 12.5 -1.147 -69.447 12.99 0 -62.691 3.7
5 24 -3.7 -57.5 0 -3.7 0 0 -3.51 -57.69 0.957 -3.51 -57.69 -0.957
5 24 0 0 -0.003 2.616 0 2.616 1.416 0 3.418 3.418 0 1.416
5 24 3.467 -62.002 1.416 40 -61.768 1.768 3.396 -61.768 1.768 3.559 -62.31 0.957
2 24 1.155 -90 12.022 1.25 -90 12.5
2 24 -5 -70 -21.25 -3.7 -70 -21.25
2 24 4.986 -70.432 -21.02 6.875 -71.119 -21.129
5 24 -2.694 -60 2.5 -2.616 -61.903 2.616 -2.616 0 2.616 -2.821 -60.957 2.31
2 24 3.183 -61.768 -1.768 3.418 -62.003 -1.416
5 24 1.25 -69.091 12.5 3.467 -62.002 1.416 3.559 -62.31 0.957 3.396 -61.768 1.768
5 24 3.418 -57.997 1.416 3.418 0 1.416 3.51 -57.69 0.957 3.183 -58.232 1.768
5 24 -2.821 -59.043 2.31 -2.616 0 2.616 -2.694 -60 2.5 -3.183 -58.232 1.768
2 24 -4.986 -90 -21.02 -4.986 -70.468 -21.02
5 24 -40 -57.69 -0.957 -3.51 -57.69 -0.957 -40 -58.232 -1.768 -40 -57.5 0
2 24 2.618 -70 -2.618 3.418 -70 -1.416
5 24 0 0 -0.003 3.418 0 -1.416 3.7 0 0 2.618 0 -2.618
2 24 2.616 -61.903 2.616 3.04 -61.44 1.98
2 24 -1.25 -69.091 12.5 -1.147 -69.447 12.99
2 24 0.884 -120 11.616 1.155 -120 12.022
2 24 -3.51 -57.69 0.957 -3.418 -57.997 1.416
5 24 -6.875 -90 -22.379 -6.875 -71.156 -22.379 0 -90 -21.983 -13.75 -90 -23.828
2 24 -1.25 -90 12.5 -1.155 -90 12.022
5 24 13.75 -73.621 -23.828 13.75 -73.621 -22.578 20.625 -76.124 -26.122 6.875 -71.119 -22.379
2 24 2.618 0 -2.618 3.418 0 -1.416
5 24 -6.875 -71.156 -21.129 -5 -70.473 -21.25 -4.986 -70.468 -21.02 -13.75 -73.658 -23.828
2 24 0 -70 13.75 0.478 -69.931 13.655
5 24 2.821 -59.043 -2.31 40 -59.043 -2.31 2.694 -60 -2.5 3.183 -58.232 -1.768
5 24 0.478 -120 13.655 0.478 -69.931 13.655 0 -120 13.75 0.884 -120 13.384
5 24 -3.51 -62.31 -0.957 -3.418 -70 -1.416 -3.418 -62.003 -1.416 -3.7 -62.5 0
5 24 2.616 -61.903 2.616 2.821 -60.957 2.31 3.04 -61.44 1.98 2.694 -60 2.5
5 24 3.183 -58.232 1.768 40 -58.232 1.768 2.821 -59.043 2.31 3.418 -57.997 1.416
2 24 0.478 -120 13.655 0.884 -120 13.384
2 24 -4.986 -90 -21.02 -3.75 -90 0
5 24 -2.694 -60 -2.5 -2.618 0 -2.618 -2.618 -70 -2.618 -2.821 -59.043 -2.31
5 24 -40 -61.768 -1.768 -3.183 -61.768 -1.768 -3.418 -62.003 -1.416 -40 -60.957 -2.31
5 24 -1.25 -69.091 12.5 0 -62.691 3.7 -1.416 -62.486 3.418 1.25 -69.091 12.5
2 24 -27.5 -78.662 -28.735 -20.625 -76.16 -24.872
5 24 -40 -61.768 1.768 -3.396 -61.768 1.768 -40 -62.31 0.957 -40 -60.957 2.31
5 24 -0.475 -69.931 13.655 0.478 -69.931 13.655 0 -70 13.75 -0.878 -69.737 13.388
5 24 -40 -58.232 -1.768 -3.418 -57.997 -1.416 -3.183 -58.232 -1.768 -40 -57.69 -0.957
5 24 -1.155 -120 12.978 -1.147 -69.447 12.99 -0.884 -120 13.383 -1.25 -120 12.5
2 24 3.418 -57.997 1.416 3.51 -57.69 0.957
5 24 4.986 -70.432 -21.02 5 -70 -21.25 5 -70.437 -21.25 3.75 -70 0
2 24 -3.396 -61.768 1.768 -3.353 -61.443 1.985
2 24 -3.75 -70 0 -3.418 -70 -1.416
5 24 3.418 -70 -1.416 3.51 -62.31 -0.957 3.418 -62.003 -1.416 3.75 -70 0
5 24 2.616 -61.903 2.616 2.616 0 2.616 2.694 -60 2.5 1.416 -62.486 3.418
5 24 -3.7 0 0 -3.51 -57.69 0.957 -3.7 -57.5 0 -3.418 0 1.416
5 24 -0.478 -120 11.345 -0.478 -90 11.345 0 -120 11.25 -0.884 -120 11.616
2 24 -40 -60.957 -2.31 -40 -60 -2.5
2 24 13.75 -90 -23.828 20.625 -90 -26.122
2 24 2.821 -60.957 2.31 3.04 -61.44 1.98
2 24 27.5 -78.626 -29.985 27.5 -78.626 -28.735
2 24 2.694 -60 -2.5 2.821 -59.043 -2.31
2 24 -3.418 -62.003 -1.416 -3.183 -61.768 -1.768
5 24 6.875 -90 -22.379 6.875 -71.119 -22.379 0 -90 -21.983 13.75 -90 -23.828
2 24 -1.147 -69.447 12.99 -0.878 -69.737 13.388
5 24 0.884 -120 13.384 0.884 -69.734 13.384 1.155 -120 12.978 0.478 -120 13.655
5 24 -40 -57.69 0.957 -3.51 -57.69 0.957 -40 -58.232 1.768 -40 -57.5 0
5 24 6.875 -71.119 -22.379 6.875 -71.119 -21.129 13.75 -73.621 -23.828 5 -70.437 -21.25
5 24 -20.625 -90 -26.122 -20.625 -76.16 -26.122 -13.75 -90 -23.828 -27.5 -90 -29.985
5 24 3.353 -61.443 1.985 40 -60.957 2.31 2.821 -60.957 2.31 3.396 -61.768 1.768
5 24 1.25 -120 12.5 1.25 -90 12.5 1.155 -120 12.022 1.155 -120 12.978
2 24 2.694 -60 -2.5 2.821 -60.957 -2.31
5 24 -3.51 -57.69 -0.957 -3.418 0 -1.416 -3.418 -57.997 -1.416 -3.7 -57.5 0
5 24 -3.75 -70 0 -3.7 -62.5 0 -1.25 -69.091 12.5 -3.418 -70 -1.416
5 24 -2.616 -61.903 2.616 -1.25 -69.091 12.5 -1.416 -62.486 3.418 -3.353 -61.443 1.985
5 24 1.155 -120 12.978 1.155 -69.439 12.978 0.884 -120 13.384 1.25 -120 12.5
5 24 2.694 -60 2.5 40 -60 2.5 2.821 -60.957 2.31 2.821 -59.043 2.31
5 24 3.396 -61.768 1.768 40 -61.768 1.768 3.467 -62.002 1.416 3.353 -61.443 1.985
2 24 0.884 -69.734 13.384 1.155 -69.439 12.978
5 24 -3.418 -57.997 -1.416 -3.418 0 -1.416 -3.51 -57.69 -0.957 -3.183 -58.232 -1.768
5 24 -40 -60.957 2.31 -3.353 -61.443 1.985 -2.821 -60.957 2.31 -40 -61.768 1.768
5 24 5 -70.437 -21.25 6.875 -71.119 -22.379 4.986 -70.432 -21.02 3.8 -70 -21.25
5 24 -2.616 0 2.616 0 0 -0.003 -3.418 0 1.416 -1.416 0 3.418
2 24 -2.821 -60.957 2.31 -2.694 -60 2.5
2 24 1.155 -120 12.978 1.25 -120 12.5
2 24 2.821 -60.957 -2.31 3.183 -61.768 -1.768
2 24 -5 -70.473 -21.25 -3.7 -70 -21.25
2 24 -40 -58.232 -1.768 -40 -57.69 -0.957
5 24 -2.694 -60 -2.5 -2.618 -70 -2.618 -2.821 -60.957 -2.31 -2.618 0 -2.618
2 24 40 -62.5 0 40 -62.31 0.957
5 24 -3.418 -70 -1.416 -3.418 -62.003 -1.416 -3.51 -62.31 -0.957 -2.618 -70 -2.618
5 24 -40 -61.768 -1.768 -3.418 -62.003 -1.416 -3.183 -61.768 -1.768 -40 -62.31 -0.957
2 24 -13.75 -90 -22.578 -6.875 -90 -21.129
5 24 -20.625 -76.16 -26.122 -20.625 -76.16 -24.872 -27.5 -78.662 -29.985 -13.75 -73.658 -22.578
5 24 -3.183 -58.232 -1.768 -2.618 0 -2.618 -2.821 -59.043 -2.31 -3.418 -57.997 -1.416
2 24 40 -59.043 -2.31 40 -58.232 -1.768
2 24 -40 -62.5 0 -40 -62.31 -0.957
2 24 -1.416 -62.486 3.418 0 -62.691 3.7
2 24 3.467 -62.002 1.416 3.559 -62.31 0.957
2 24 5 -70.437 -21.25 5 -70 -21.25
5 24 3.7 -62.5 0 3.75 -70 0 3.51 -62.31 -0.957 1.25 -69.091 12.5
2 24 -3.51 -62.31 -0.957 -3.418 -62.003 -1.416
5 24 -3.75 -90 0 -3.75 -70 0 -1.25 -90 12.5 -4.986 -90 -21.02
2 24 -0.884 -90 11.616 -0.478 -90 11.345
2 24 3.8 -70 -21.25 5 -70.437 -21.25
5 24 -13.75 -73.658 -23.828 -6.875 -71.156 -21.129 -20.625 -76.16 -26.122 -6.875 -71.156 -22.379
2 24 6.875 -90 -22.379 13.75 -90 -23.828
2 24 -3.418 -57.997 1.416 -3.183 -58.232 1.768
5 24 -20.625 -90 -24.872 -20.625 -76.16 -24.872 -27.5 -90 -28.735 -13.75 -90 -22.578
2 24 -3.51 -57.69 -0.957 -3.418 -57.997 -1.416
2 24 40 -62.31 -0.957 40 -61.768 -1.768
5 24 -1.416 0 3.418 0 0 -0.003 -2.616 0 2.616 0 0 3.7
2 24 -1.418 0 -3.423 0 0 -3.705
5 24 -5 -70 -21.25 -4.986 -70.468 -21.02 -5 -70.473 -21.25 -3.75 -70 0
2 24 27.5 -90 -28.735 27.5 -78.626 -28.735
2 24 -40 -57.69 -0.957 -40 -57.5 0
2 24 -6.875 -71.156 -21.129 -4.986 -70.468 -21.02
5 24 -40 -60.957 -2.31 -2.821 -60.957 -2.31 -40 -61.768 -1.768 -40 -60 -2.5
5 24 -40 -58.232 1.768 -3.183 -58.232 1.768 -3.418 -57.997 1.416 -40 -59.043 2.31
5 24 -4.986 -70.468 -21.02 -3.75 -70 0 -5 -70 -21.25 -4.986 -90 -21.02
2 24 3.418 -62.003 -1.416 3.51 -62.31 -0.957
5 24 3.183 -61.768 -1.768 40 -61.768 -1.768 3.418 -62.003 -1.416 2.821 -60.957 -2.31
2 24 0.884 -120 13.384 1.155 -120 12.978
2 24 2.821 -59.043 2.31 3.183 -58.232 1.768
2 24 0 -90 -21.983 6.875 -90 -22.379
5 24 -3.418 0 1.416 -3.183 -58.232 1.768 -3.418 -57.997 1.416 -2.616 0 2.616
5 24 -1.155 -120 12.022 -1.155 -90 12.022 -0.884 -120 11.616 -1.25 -120 12.5
2 24 -40 -58.232 1.768 -40 -57.69 0.957
2 24 3.418 -57.997 -1.416 3.51 -57.69 -0.957
5 24 -20.625 -76.16 -26.122 -13.75 -73.658 -22.578 -6.875 -71.156 -21.129 -20.625 -76.16 -24.872
2 24 3.51 -57.69 -0.957 3.7 -57.5 0
2 24 0 -70 -21.983 3.8 -70 -22.202
2 24 6.875 -71.119 -21.129 13.75 -73.621 -22.578
5 24 1.155 -69.439 12.978 1.25 -90 12.5 1.25 -69.091 12.5 1.155 -120 12.978
2 24 -3.7 0 0 -3.418 0 1.416
5 24 -3.418 0 1.416 0 0 -0.003 -3.7 0 0 -2.616 0 2.616
2 24 1.155 -120 12.022 1.25 -120 12.5
2 24 4.986 -90 -21.02 4.986 -70.432 -21.02
2 24 -3.7 -57.5 0 -3.51 -57.69 -0.957
2 24 -0.478 -120 13.655 0 -120 13.75
2 24 1.25 -69.091 12.5 3.353 -61.443 1.985
5 24 -2.694 -60 2.5 -2.616 0 2.616 -2.616 -61.903 2.616 -2.821 -59.043 2.31
2 24 20.625 -90 -26.122 27.5 -90 -29.985
5 24 0 0 -0.003 2.618 0 -2.618 1.418 0 -3.423 3.418 0 -1.416
5 24 3.51 -57.69 -0.957 40 -57.69 -0.957 3.418 -57.997 -1.416 3.7 -57.5 0
5 24 0 0 -0.003 3.418 0 1.416 2.616 0 2.616 3.7 0 0
5 24 -3.183 -61.768 -1.768 -2.618 -70 -2.618 -2.821 -60.957 -2.31 -3.418 -62.003 -1.416
2 24 3.183 -58.232 -1.768 3.418 -57.997 -1.416
5 24 -40 -58.232 -1.768 -3.183 -58.232 -1.768 -3.418 -57.997 -1.416 -40 -59.043 -2.31
5 24 2.618 0 -2.618 2.694 -60 -2.5 2.618 -70 -2.618 2.821 -59.043 -2.31
2 24 -3.183 -61.768 -1.768 -2.821 -60.957 -2.31
2 24 -27.5 -78.662 -29.985 -27.5 -78.662 -28.735
5 24 -1.25 -90 12.5 -1.25 -69.091 12.5 -1.147 -69.447 12.99 -3.75 -90 0
5 24 -0.884 -120 13.383 -0.878 -69.737 13.388 -0.478 -120 13.655 -1.155 -120 12.978
5 24 -1.416 -62.486 3.418 -1.25 -69.091 12.5 0 -62.691 3.7 -2.616 -61.903 2.616
5 24 13.75 -90 -22.578 13.75 -73.621 -22.578 20.625 -90 -24.872 6.875 -90 -21.129
2 24 40 -61.768 -1.768 40 -60.957 -2.31
5 24 3.418 -57.997 -1.416 40 -58.232 -1.768 3.183 -58.232 -1.768 3.51 -57.69 -0.957
5 24 2.618 -70 -2.618 2.694 -60 -2.5 2.821 -60.957 -2.31 2.618 0 -2.618
5 24 -0.884 -120 11.616 -0.884 -90 11.616 -0.478 -120 11.345 -1.155 -120 12.022
5 24 -40 -60.957 2.31 -2.821 -60.957 2.31 -3.353 -61.443 1.985 -40 -60 2.5
5 24 2.618 -70 -2.618 2.618 0 -2.618 2.694 -60 -2.5 1.418 -70 -3.423
5 24 3.75 -90 0 3.75 -70 0 4.986 -90 -21.02 1.25 -90 12.5
5 24 2.821 -59.043 2.31 40 -59.043 2.31 2.694 -60 2.5 3.183 -58.232 1.768
2 24 -6.875 -90 -22.379 0 -90 -21.983
2 24 -20.625 -90 -26.122 -13.75 -90 -23.828
2 24 40 -60 2.5 40 -59.043 2.31
2 24 -1.155 -90 12.022 -0.884 -90 11.616
2 24 -13.75 -90 -23.828 -6.875 -90 -22.379
5 24 -3.396 -61.768 1.768 -1.25 -69.091 12.5 -3.559 -62.31 0.957 -3.353 -61.443 1.985
5 24 2.618 0 -2.618 2.821 -59.043 -2.31 2.694 -60 -2.5 3.418 0 -1.416
2 24 27.5 -90 -29.985 27.5 -78.626 -29.985
5 24 -3.353 -61.443 1.985 -2.616 -61.903 2.616 -3.04 -61.44 1.98 -1.25 -69.091 12.5
2 24 -3.7 -70 -22.196 0 -70 -21.983
5 24 0 0 -0.003 1.416 0 3.418 0 0 3.7 2.616 0 2.616
5 24 0 -62.691 3.7 0 0 3.7 1.416 -62.486 3.418 -1.416 -62.486 3.418
5 24 0 0 -0.003 3.7 0 0 3.418 0 -1.416 3.418 0 1.416
2 24 -1.418 -70 -3.423 0 -70 -3.705
2 24 3.559 -62.31 0.957 3.7 -62.5 0
5 24 -40 -60 2.5 -2.694 -60 2.5 -40 -60.957 2.31 -40 -59.043 2.31
2 24 0 0 -3.705 1.418 0 -3.423
5 24 3.418 -70 -1.416 3.418 -62.003 -1.416 3.51 -62.31 -0.957 2.618 -70 -2.618
2 24 3.8 -70 -22.202 6.875 -71.119 -22.379
5 24 -2.821 -60.957 -2.31 -2.618 -70 -2.618 -2.694 -60 -2.5 -3.183 -61.768 -1.768
2 24 40 -62.31 0.957 40 -61.768 1.768
2 24 0.884 -90 11.616 1.155 -90 12.022
5 24 3.7 -57.5 0 40 -57.5 0 3.51 -57.69 0.957 3.51 -57.69 -0.957
2 24 -27.5 -90 -29.985 -20.625 -90 -26.122
2 24 -1.155 -120 12.022 -0.884 -120 11.616
5 24 2.618 -70 -2.618 2.821 -60.957 -2.31 3.183 -61.768 -1.768 2.694 -60 -2.5
5 24 -2.616 -61.903 2.616 -2.616 0 2.616 -2.694 -60 2.5 -1.416 -62.486 3.418
5 24 -3.353 -61.443 1.985 -2.821 -60.957 2.31 -3.04 -61.44 1.98 -40 -60.957 2.31
2 24 -3.7 -62.5 0 -3.559 -62.31 0.957
2 24 -2.618 -70 -2.618 -1.418 -70 -3.423
2 24 -40 -61.768 1.768 -40 -60.957 2.31
5 24 -3.559 -62.31 0.957 -1.25 -69.091 12.5 -3.396 -61.768 1.768 -3.7 -62.5 0
2 24 6.875 -90 -21.129 13.75 -90 -22.578
2 24 0 -62.691 3.7 1.416 -62.486 3.418
5 24 3.418 0 1.416 3.51 -57.69 0.957 3.418 -57.997 1.416 3.7 0 0
2 24 -3.559 -62.31 0.957 -3.396 -61.768 1.768
5 24 0 0 -0.003 0 0 -3.705 -1.418 0 -3.423 1.418 0 -3.423
2 24 13.75 -90 -22.578 20.625 -90 -24.872
5 24 3.7 -62.5 0 40 -62.5 0 40 -62.31 -0.957 3.559 -62.31 0.957
5 24 3.418 -57.997 1.416 40 -57.69 0.957 3.51 -57.69 0.957 3.183 -58.232 1.768
5 24 3.51 -57.69 -0.957 3.7 0 0 3.7 -57.5 0 3.418 -57.997 -1.416
5 24 -1.147 -69.447 12.99 1.155 -69.439 12.978 -0.878 -69.737 13.388 -1.25 -69.091 12.5
2 24 3.75 -90 0 4.986 -90 -21.02
5 24 3.75 -70 0 4.986 -70.432 -21.02 5 -70 -21.25 3.75 -90 0
5 24 -40 -59.043 2.31 -2.821 -59.043 2.31 -40 -60 2.5 -40 -58.232 1.768
5 24 1.25 -69.091 12.5 3.75 -70 0 1.25 -90 12.5 3.7 -62.5 0
5 24 3.7 -57.5 0 3.7 0 0 3.51 -57.69 -0.957 3.51 -57.69 0.957
5 24 -40 -62.31 0.957 -3.559 -62.31 0.957 -40 -62.5 0 -40 -61.768 1.768
2 24 -6.875 -90 -21.129 -4.986 -90 -21.02
2 24 -3.418 -57.997 -1.416 -3.183 -58.232 -1.768
2 24 -40 -61.768 -1.768 -40 -60.957 -2.31
5 24 2.616 -61.903 2.616 2.694 -60 2.5 2.616 0 2.616 2.821 -60.957 2.31
5 24 -0.878 -69.737 13.388 0.884 -69.734 13.384 -0.475 -69.931 13.655 -1.147 -69.447 12.99
2 24 3.51 -62.31 -0.957 3.7 -62.5 0
2 24 -0.878 -69.737 13.388 -0.475 -69.931 13.655
5 24 -6.875 -90 -21.129 -6.875 -71.156 -21.129 -4.986 -90 -21.02 -13.75 -90 -22.578
2 24 -2.616 -61.903 2.616 -1.416 -62.486 3.418
5 24 -40 -58.232 1.768 -3.418 -57.997 1.416 -3.183 -58.232 1.768 -40 -57.69 0.957
5 24 2.821 -60.957 2.31 40 -60.957 2.31 3.353 -61.443 1.985 2.694 -60 2.5
5 24 0 -120 11.25 0 -90 11.25 0.478 -120 11.345 -0.478 -120 11.345
5 24 3.8 -70 -22.202 3.8 -70 -21.25 6.875 -71.119 -22.379 0 -70 -21.983
5 24 -3.7 0 0 0 0 -0.003 -3.418 0 -1.416 -3.418 0 1.416
2 24 -20.625 -76.16 -24.872 -13.75 -73.658 -22.578
2 24 -1.25 -120 12.5 -1.155 -120 12.022
2 24 40 -58.232 -1.768 40 -57.69 -0.957
2 24 2.616 0 2.616 3.418 0 1.416
2 24 20.625 -90 -24.872 27.5 -90 -28.735
5 24 1.25 -69.091 12.5 2.616 -61.903 2.616 3.353 -61.443 1.985 1.416 -62.486 3.418
5 24 -1.418 -70 -3.423 -1.418 0 -3.423 0 -70 -3.705 -2.618 -70 -2.618
5 24 3.418 -57.997 -1.416 3.418 0 -1.416 3.183 -58.232 -1.768 3.51 -57.69 -0.957
2 24 -1.416 0 3.418 0 0 3.7
5 24 0.884 -120 11.616 0.884 -90 11.616 1.155 -120 12.022 0.478 -120 11.345
5 24 0 -120 13.75 0 -70 13.75 0.478 -120 13.655 -0.478 -120 13.655
5 24 -20.625 -76.16 -26.122 -6.875 -71.156 -21.129 -13.75 -73.658 -22.578 -13.75 -73.658 -23.828
2 24 -6.875 -71.156 -22.379 -3.7 -70 -22.196
5 24 -1.416 -62.486 3.418 -1.416 0 3.418 0 -62.691 3.7 -2.616 -61.903 2.616
2 24 -3.7 0 0 -3.418 0 -1.416
2 24 -40 -60 -2.5 -40 -59.043 -2.31
2 24 1.416 -62.486 3.418 2.616 -61.903 2.616
5 24 3.51 -62.31 -0.957 40 -62.31 -0.957 3.7 -62.5 0 3.418 -62.003 -1.416
5 24 -1.25 -120 12.5 -1.25 -90 12.5 -1.155 -120 12.978 -1.155 -120 12.022
2 24 0.478 -90 11.345 0.884 -90 11.616
5 24 1.25 -69.091 12.5 1.416 -62.486 3.418 2.616 -61.903 2.616 0 -62.691 3.7
2 24 -40 -62.31 0.957 -40 -61.768 1.768
2 24 -3.04 -61.44 1.98 -2.616 -61.903 2.616
2 24 0 -120 13.75 0.478 -120 13.655
5 24 -27.5 -80 -28.735 -20.625 -76.16 -24.872 -27.5 -90 -28.735 -27.5 -78.662 -28.735
5 24 2.694 -60 -2.5 40 -60 -2.5 2.821 -60.957 -2.31 2.821 -59.043 -2.31
2 24 3.353 -61.443 1.985 3.396 -61.768 1.768
5 24 -1.25 -90 12.5 -1.147 -69.447 12.99 -1.25 -69.091 12.5 -1.25 -120 12.5
5 24 -1.418 0 -3.423 0 0 -0.003 -2.618 0 -2.618 0 0 -3.705
5 24 -0.478 -120 13.655 -0.475 -69.931 13.655 -0.884 -120 13.383 0 -120 13.75
5 24 -3.418 -57.997 1.416 -3.418 0 1.416 -3.183 -58.232 1.768 -3.51 -57.69 0.957
2 24 1.416 0 3.418 2.616 0 2.616
5 24 6.875 -90 -21.129 6.875 -71.119 -21.129 4.986 -90 -21.02 13.75 -90 -22.578
5 24 3.559 -62.31 0.957 40 -62.31 0.957 3.7 -62.5 0 3.467 -62.002 1.416
5 24 1.155 -120 12.022 1.155 -90 12.022 1.25 -120 12.5 0.884 -120 11.616
2 24 40 -60.957 2.31 40 -60 2.5
2 24 -5 -70.473 -21.25 -5 -70 -21.25
5 24 1.418 -70 -3.423 1.418 0 -3.423 2.618 -70 -2.618 0 -70 -3.705
5 24 3.7 -62.5 0 40 -62.31 -0.957 40 -62.5 0 3.51 -62.31 -0.957
2 24 1.25 -90 12.5 3.75 -90 0
2 24 -27.5 -90 -29.985 -27.5 -90 -28.735
2 24 3.418 0 1.416 3.7 0 0
2 24 -13.75 -73.658 -22.578 -6.875 -71.156 -21.129
2 24 -2.821 -60.957 -2.31 -2.694 -60 -2.5
2 24 4.986 -90 -21.02 6.875 -90 -21.129
2 24 2.821 -59.043 -2.31 3.183 -58.232 -1.768
2 24 40 -60 -2.5 40 -59.043 -2.31
2 24 3.04 -61.44 1.98 3.353 -61.443 1.985
5 24 20.625 -90 -26.122 20.625 -76.124 -26.122 13.75 -90 -23.828 27.5 -90 -29.985
5 24 20.625 -90 -24.872 20.625 -76.124 -24.872 13.75 -90 -22.578 27.5 -90 -28.735
2 24 3.418 -70 -1.416 3.75 -70 0
2 24 -3.04 -61.44 1.98 -2.821 -60.957 2.31
2 24 20.625 -76.124 -26.122 27.5 -78.626 -29.985
2 24 -3.183 -58.232 -1.768 -2.821 -59.043 -2.31
2 24 -27.5 -90 -28.735 -27.5 -80 -28.735
5 24 0 -62.691 3.7 1.25 -69.091 12.5 -1.25 -69.091 12.5 1.416 -62.486 3.418
2 24 -2.821 -59.043 -2.31 -2.694 -60 -2.5
2 24 -3.353 -61.443 1.985 -1.25 -69.091 12.5
5 24 1.25 -69.091 12.5 3.559 -62.31 0.957 3.7 -62.5 0 3.467 -62.002 1.416
2 24 -20.625 -90 -24.872 -13.75 -90 -22.578
2 24 -3.183 -58.232 1.768 -2.821 -59.043 2.31
5 24 2.618 -70 -2.618 3.183 -61.768 -1.768 2.821 -60.957 -2.31 3.418 -70 -1.416
2 24 -3.75 -90 0 -1.25 -90 12.5
2 24 6.875 -71.119 -22.379 13.75 -73.621 -23.828
5 24 3.418 -62.003 -1.416 40 -62.31 -0.957 3.51 -62.31 -0.957 3.183 -61.768 -1.768
2 24 -40 -62.31 -0.957 -40 -61.768 -1.768
2 24 20.625 -76.124 -24.872 27.5 -78.626 -28.735
5 24 2.616 0 2.616 2.821 -59.043 2.31 2.694 -60 2.5 3.183 -58.232 1.768
2 24 2.694 -60 2.5 2.821 -59.043 2.31
2 24 0.478 -69.931 13.655 0.884 -69.734 13.384
2 24 -27.5 -90 -28.735 -20.625 -90 -24.872
2 24 40 -61.768 1.768 40 -60.957 2.31
2 24 -27.5 -90 -29.985 -27.5 -78.662 -29.985
2 24 0 0 3.7 1.416 0 3.418
5 24 -40 -62.31 -0.957 -3.51 -62.31 -0.957 -40 -62.5 0 -40 -61.768 -1.768
5 24 -13.75 -90 -22.578 -13.75 -73.658 -22.578 -20.625 -90 -24.872 -6.875 -90 -21.129
5 24 2.616 -61.903 2.616 3.353 -61.443 1.985 3.04 -61.44 1.98 1.25 -69.091 12.5
2 24 40 -58.232 1.768 40 -57.69 0.957
2 24 0.478 -120 11.345 0.884 -120 11.616
5 24 3.51 -57.69 0.957 40 -57.69 0.957 3.418 -57.997 1.416 3.7 -57.5 0
2 24 -1.155 -120 12.978 -0.884 -120 13.383
2 24 40 -57.69 -0.957 40 -57.5 0
5 24 0 -70 -3.705 0 0 -3.705 1.418 -70 -3.423 -1.418 -70 -3.423
5 24 2.821 -60.957 -2.31 40 -60.957 -2.31 3.183 -61.768 -1.768 2.694 -60 -2.5
2 24 27.5 -90 -29.985 27.5 -90 -28.735
5 24 -2.821 -59.043 -2.31 -2.618 0 -2.618 -2.694 -60 -2.5 -3.183 -58.232 -1.768
5 24 3.183 -58.232 -1.768 40 -58.232 -1.768 3.418 -57.997 -1.416 2.821 -59.043 -2.31
2 24 -0.884 -120 13.383 -0.478 -120 13.655
2 24 3.418 0 -1.416 3.7 0 0
2 24 13.75 -73.621 -23.828 20.625 -76.124 -26.122
2 24 1.418 0 -3.423 2.618 0 -2.618
2 24 -40 -59.043 2.31 -40 -58.232 1.768
2 24 -5 -70 -21.25 -3.75 -70 0
5 24 2.616 0 2.616 2.694 -60 2.5 2.616 -61.903 2.616 2.821 -59.043 2.31
2 24 0 -70 -3.705 1.418 -70 -3.423
5 24 -40 -60 -2.5 -2.694 -60 -2.5 -40 -60.957 -2.31 -40 -59.043 -2.31
5 24 -2.821 -60.957 2.31 -2.616 -61.903 2.616 -3.04 -61.44 1.98 -2.694 -60 2.5
2 24 3.8 -70 -21.25 5 -70 -21.25
5 24 1.416 -62.486 3.418 1.416 0 3.418 0 -62.691 3.7 2.616 -61.903 2.616
2 24 3.51 -57.69 0.957 3.7 -57.5 0
5 24 -13.75 -90 -23.828 -13.75 -73.658 -23.828 -6.875 -90 -22.379 -20.625 -90 -26.122
5 24 -3.418 0 -1.416 0 0 -0.003 -3.7 0 0 -2.618 0 -2.618
5 24 -40 -59.043 -2.31 -2.821 -59.043 -2.31 -40 -60 -2.5 -40 -58.232 -1.768
2 24 -40 -62.5 0 -40 -62.31 0.957
2 24 1.418 -70 -3.423 2.618 -70 -2.618
2 24 3.183 -58.232 1.768 3.418 -57.997 1.416
2 24 1.155 -69.439 12.978 1.25 -69.091 12.5
2 24 40 -62.5 0 40 -62.31 -0.957
5 24 -6.875 -71.156 -22.379 0 -70 -21.983 -6.875 -90 -22.379 -3.7 -70 -22.196
2 24 13.75 -73.621 -22.578 20.625 -76.124 -24.872
5 24 -6.875 -71.156 -22.379 -5 -70.473 -21.25 -13.75 -73.658 -23.828 -3.7 -70 -22.196
2 24 -40 -59.043 -2.31 -40 -58.232 -1.768
2 24 -13.75 -73.658 -23.828 -6.875 -71.156 -22.379
5 24 -3.75 -70 0 -1.25 -69.091 12.5 -3.75 -90 0 -3.7 -62.5 0
2 24 -3.418 0 1.416 -2.616 0 2.616
2 24 -3.7 -62.5 0 -3.51 -62.31 -0.957
2 24 -40 -60 2.5 -40 -59.043 2.31
5 24 -2.618 0 -2.618 0 0 -0.003 -1.418 0 -3.423 -3.418 0 -1.416
2 24 -1.25 -120 12.5 -1.155 -120 12.978
2 24 -40 -60.957 2.31 -40 -60 2.5
2 24 -40 -57.69 0.957 -40 -57.5 0
2 24 3.75 -70 0 5 -70 -21.25
2 24 -27.5 -78.662 -29.985 -20.625 -76.16 -26.122
2 24 2.694 -60 2.5 2.821 -60.957 2.31
2 24 -20.625 -76.16 -26.122 -13.75 -73.658 -23.828
5 24 0 -70 -21.983 6.875 -71.119 -22.379 0 -90 -21.983 3.8 -70 -22.202
