0 Asiento Escorpion   |E|V
0 Name: asiescor.dat
0 Author: betatron & jasolo
0 !LDRAW_ORG Unofficial_Part
0 BFC CERTIFY CCW
1 16 -20 0 -30 1 0 0 0 0.3333 0 0 0 1 s\pilar.dat
1 16 -20 0 -10 1 0 0 0 0.3333 0 0 0 1 s\pilar.dat
1 16 -10 0 -20 1 0 0 0 0.3333 0 0 0 1 s\pilar.dat
1 16 -30 0 -20 1 0 0 0 0.3333 0 0 0 1 s\pilar.dat
1 16 -20 -8 -20 1 0 0 0 1 0 0 0 1 s\crucetp.dat
1 16 -20 -8 -40 1 0 0 0 1 0 0 0 1 s\crucetp1.dat
1 16 -20 -8 0 -1 0 0 0 1 0 0 0 -1 s\crucetp1.dat
1 16 -40 -8 -20 0 0 1 0 1 0 -1 0 0 s\crucetp1.dat
1 16 0 -8 -20 0 0 -1 0 1 0 1 0 0 s\crucetp1.dat
4 16 -22.614 -32 -51.302 -22.614 -32 -48.698 -22.614 -37 -48.698 -22.614 -37 -51.302
4 16 -22.614 -32 -48.698 -23.505 -32 -46.25 -23.505 -37 -46.25 -22.614 -37 -48.698
4 16 -23.505 -32 -53.75 -22.614 -32 -51.302 -22.614 -37 -51.302 -23.505 -37 -53.75
4 16 -25.179 -37 -44.255 -23.505 -37 -46.25 -23.505 -32 -46.25 -25.179 -32 -44.255
4 16 -25.179 -32 -55.745 -23.505 -32 -53.75 -23.505 -37 -53.75 -25.179 -37 -55.745
4 16 -27.435 -37 -42.952 -25.179 -37 -44.255 -25.179 -32 -44.255 -27.435 -32 -42.952
4 16 -27.435 -32 -57.048 -25.179 -32 -55.745 -25.179 -37 -55.745 -27.435 -37 -57.048
4 16 -22.614 -37 -48.698 -23.505 -37 -46.25 -27.835 -37 -48.75 -27.538 -37 -49.566
4 16 -27.538 -37 -50.434 -27.538 -37 -49.566 -27.538 -32 -49.566 -27.538 -32 -50.434
4 16 -27.538 -37 -49.566 -27.538 -37 -50.434 -22.614 -37 -51.302 -22.614 -37 -48.698
4 16 -27.835 -37 -51.25 -27.538 -37 -50.434 -27.538 -32 -50.434 -27.835 -32 -51.25
4 16 -23.505 -37 -46.25 -25.179 -37 -44.255 -28.393 -37 -48.085 -27.835 -37 -48.75
4 16 -27.538 -37 -49.566 -27.835 -37 -48.75 -27.835 -32 -48.75 -27.538 -32 -49.566
4 16 -23.505 -37 -53.75 -22.614 -37 -51.302 -27.538 -37 -50.434 -27.835 -37 -51.25
4 16 -27.835 -32 -51.25 -28.393 -32 -51.915 -28.393 -37 -51.915 -27.835 -37 -51.25
4 16 -25.179 -37 -44.255 -27.435 -37 -42.952 -29.145 -37 -47.651 -28.393 -37 -48.085
4 16 -27.835 -37 -48.75 -28.393 -37 -48.085 -28.393 -32 -48.085 -27.835 -32 -48.75
4 16 -27.835 -37 -51.25 -28.393 -37 -51.915 -25.179 -37 -55.745 -23.505 -37 -53.75
4 16 -28.393 -32 -51.915 -29.145 -32 -52.349 -29.145 -37 -52.349 -28.393 -37 -51.915
4 16 -28.393 -37 -48.085 -29.145 -37 -47.651 -29.145 -32 -47.651 -28.393 -32 -48.085
4 16 -28.393 -37 -51.915 -29.145 -37 -52.349 -27.435 -37 -57.048 -25.179 -37 -55.745
4 16 -30 -37 -42.5 -27.435 -37 -42.952 -27.435 -32 -42.952 -30 -32 -42.5
4 16 -29.145 -32 -52.349 -30 -32 -52.5 -30 -37 -52.5 -29.145 -37 -52.349
4 16 -27.435 -37 -42.952 -30 -37 -42.5 -30 -37 -47.5 -29.145 -37 -47.651
4 16 -29.145 -37 -47.651 -30 -37 -47.5 -30 -32 -47.5 -29.145 -32 -47.651
4 16 -30 -37 -57.5 -27.435 -37 -57.048 -29.145 -37 -52.349 -30 -37 -52.5
4 16 -30 -32 -57.5 -27.435 -32 -57.048 -27.435 -37 -57.048 -30 -37 -57.5
4 16 -30 -32 -52.5 -30.855 -32 -52.349 -30.855 -37 -52.349 -30 -37 -52.5
4 16 -30 -37 -47.5 -30.855 -37 -47.651 -30.855 -32 -47.651 -30 -32 -47.5
4 16 -32.565 -37 -57.048 -30 -37 -57.5 -30 -37 -52.5 -30.855 -37 -52.349
4 16 -30.855 -32 -52.349 -31.607 -32 -51.915 -31.607 -37 -51.915 -30.855 -37 -52.349
4 16 -31.607 -32 -48.085 -30.855 -32 -47.651 -30.855 -37 -47.651 -31.607 -37 -48.085
4 16 -31.607 -32 -51.915 -32.165 -32 -51.25 -32.165 -37 -51.25 -31.607 -37 -51.915
4 16 -31.607 -37 -48.085 -32.165 -37 -48.75 -32.165 -32 -48.75 -31.607 -32 -48.085
4 16 -32.462 -37 -50.434 -32.165 -37 -51.25 -32.165 -32 -51.25 -32.462 -32 -50.434
4 16 -32.462 -32 -49.566 -32.165 -32 -48.75 -32.165 -37 -48.75 -32.462 -37 -49.566
4 16 -32.462 -32 -50.434 -32.462 -32 -49.566 -32.462 -37 -49.566 -32.462 -37 -50.434
4 16 -32.565 -37 -42.952 -30 -37 -42.5 -30 -32 -42.5 -32.565 -32 -42.952
4 16 -30.855 -37 -47.651 -30 -37 -47.5 -30 -37 -42.5 -32.565 -37 -42.952
4 16 -30 -37 -57.5 -32.565 -37 -57.048 -32.565 -32 -57.048 -30 -32 -57.5
4 16 -30.855 -37 -52.349 -31.607 -37 -51.915 -34.821 -37 -55.745 -32.565 -37 -57.048
4 16 -34.821 -37 -44.255 -32.565 -37 -42.952 -32.565 -32 -42.952 -34.821 -32 -44.255
4 16 -32.565 -37 -42.952 -34.821 -37 -44.255 -31.607 -37 -48.085 -30.855 -37 -47.651
4 16 -31.607 -37 -51.915 -32.165 -37 -51.25 -36.495 -37 -53.75 -34.821 -37 -55.745
4 16 -32.565 -37 -57.048 -34.821 -37 -55.745 -34.821 -32 -55.745 -32.565 -32 -57.048
4 16 -34.821 -32 -44.255 -36.495 -32 -46.25 -36.495 -37 -46.25 -34.821 -37 -44.255
4 16 -34.821 -37 -44.255 -36.495 -37 -46.25 -32.165 -37 -48.75 -31.607 -37 -48.085
4 16 -32.165 -37 -51.25 -32.462 -37 -50.434 -37.386 -37 -51.302 -36.495 -37 -53.75
4 16 -36.495 -32 -53.75 -34.821 -32 -55.745 -34.821 -37 -55.745 -36.495 -37 -53.75
4 16 -37.386 -37 -48.698 -36.495 -37 -46.25 -36.495 -32 -46.25 -37.386 -32 -48.698
4 16 -32.462 -37 -49.566 -32.165 -37 -48.75 -36.495 -37 -46.25 -37.386 -37 -48.698
4 16 -37.386 -32 -48.698 -37.386 -32 -51.302 -37.386 -37 -51.302 -37.386 -37 -48.698
4 16 -32.462 -37 -50.434 -32.462 -37 -49.566 -37.386 -37 -48.698 -37.386 -37 -51.302
4 16 -36.495 -37 -53.75 -37.386 -37 -51.302 -37.386 -32 -51.302 -36.495 -32 -53.75
3 16 -27.538 -32 -49.566 -27.835 -32 -48.75 -30 -32 -50
3 16 -32.462 -32 -50.434 -32.165 -32 -51.25 -30 -32 -50
3 16 -12.462 -32 -50.434 -12.165 -32 -51.25 -10 -32 -50
3 16 -7.538 -32 -49.566 -7.835 -32 -48.75 -10 -32 -50
4 16 -16.495 -37 -53.75 -17.386 -37 -51.302 -17.386 -32 -51.302 -16.495 -32 -53.75
4 16 -12.462 -37 -50.434 -12.462 -37 -49.566 -17.386 -37 -48.698 -17.386 -37 -51.302
4 16 -17.386 -32 -48.698 -17.386 -32 -51.302 -17.386 -37 -51.302 -17.386 -37 -48.698
4 16 -12.462 -37 -49.566 -12.165 -37 -48.75 -16.495 -37 -46.25 -17.386 -37 -48.698
4 16 -17.386 -37 -48.698 -16.495 -37 -46.25 -16.495 -32 -46.25 -17.386 -32 -48.698
4 16 -16.495 -32 -53.75 -14.821 -32 -55.745 -14.821 -37 -55.745 -16.495 -37 -53.75
4 16 -12.165 -37 -51.25 -12.462 -37 -50.434 -17.386 -37 -51.302 -16.495 -37 -53.75
4 16 -14.821 -37 -44.255 -16.495 -37 -46.25 -12.165 -37 -48.75 -11.607 -37 -48.085
4 16 -14.821 -32 -44.255 -16.495 -32 -46.25 -16.495 -37 -46.25 -14.821 -37 -44.255
4 16 -12.565 -37 -57.048 -14.821 -37 -55.745 -14.821 -32 -55.745 -12.565 -32 -57.048
4 16 -11.607 -37 -51.915 -12.165 -37 -51.25 -16.495 -37 -53.75 -14.821 -37 -55.745
4 16 -12.565 -37 -42.952 -14.821 -37 -44.255 -11.607 -37 -48.085 -10.855 -37 -47.651
4 16 -14.821 -37 -44.255 -12.565 -37 -42.952 -12.565 -32 -42.952 -14.821 -32 -44.255
4 16 -10.855 -37 -52.349 -11.607 -37 -51.915 -14.821 -37 -55.745 -12.565 -37 -57.048
4 16 -10 -37 -57.5 -12.565 -37 -57.048 -12.565 -32 -57.048 -10 -32 -57.5
4 16 -10.855 -37 -47.651 -10 -37 -47.5 -10 -37 -42.5 -12.565 -37 -42.952
4 16 -12.565 -37 -42.952 -10 -37 -42.5 -10 -32 -42.5 -12.565 -32 -42.952
4 16 -12.462 -32 -50.434 -12.462 -32 -49.566 -12.462 -37 -49.566 -12.462 -37 -50.434
4 16 -12.462 -32 -49.566 -12.165 -32 -48.75 -12.165 -37 -48.75 -12.462 -37 -49.566
4 16 -12.462 -37 -50.434 -12.165 -37 -51.25 -12.165 -32 -51.25 -12.462 -32 -50.434
4 16 -11.607 -37 -48.085 -12.165 -37 -48.75 -12.165 -32 -48.75 -11.607 -32 -48.085
4 16 -11.607 -32 -51.915 -12.165 -32 -51.25 -12.165 -37 -51.25 -11.607 -37 -51.915
4 16 -11.607 -32 -48.085 -10.855 -32 -47.651 -10.855 -37 -47.651 -11.607 -37 -48.085
4 16 -10.855 -32 -52.349 -11.607 -32 -51.915 -11.607 -37 -51.915 -10.855 -37 -52.349
4 16 -12.565 -37 -57.048 -10 -37 -57.5 -10 -37 -52.5 -10.855 -37 -52.349
4 16 -10 -37 -47.5 -10.855 -37 -47.651 -10.855 -32 -47.651 -10 -32 -47.5
4 16 -10 -32 -52.5 -10.855 -32 -52.349 -10.855 -37 -52.349 -10 -37 -52.5
4 16 -10 -32 -57.5 -7.435 -32 -57.048 -7.435 -37 -57.048 -10 -37 -57.5
4 16 -10 -37 -57.5 -7.435 -37 -57.048 -9.145 -37 -52.349 -10 -37 -52.5
4 16 -9.145 -37 -47.651 -10 -37 -47.5 -10 -32 -47.5 -9.145 -32 -47.651
4 16 -7.435 -37 -42.952 -10 -37 -42.5 -10 -37 -47.5 -9.145 -37 -47.651
4 16 -9.145 -32 -52.349 -10 -32 -52.5 -10 -37 -52.5 -9.145 -37 -52.349
4 16 -10 -37 -42.5 -7.435 -37 -42.952 -7.435 -32 -42.952 -10 -32 -42.5
4 16 -8.393 -37 -51.915 -9.145 -37 -52.349 -7.435 -37 -57.048 -5.179 -37 -55.745
4 16 -8.393 -37 -48.085 -9.145 -37 -47.651 -9.145 -32 -47.651 -8.393 -32 -48.085
4 16 -8.393 -32 -51.915 -9.145 -32 -52.349 -9.145 -37 -52.349 -8.393 -37 -51.915
4 16 -7.835 -37 -51.25 -8.393 -37 -51.915 -5.179 -37 -55.745 -3.505 -37 -53.75
4 16 -7.835 -37 -48.75 -8.393 -37 -48.085 -8.393 -32 -48.085 -7.835 -32 -48.75
4 16 -5.179 -37 -44.255 -7.435 -37 -42.952 -9.145 -37 -47.651 -8.393 -37 -48.085
4 16 -7.835 -32 -51.25 -8.393 -32 -51.915 -8.393 -37 -51.915 -7.835 -37 -51.25
4 16 -3.505 -37 -53.75 -2.614 -37 -51.302 -7.538 -37 -50.434 -7.835 -37 -51.25
4 16 -7.538 -37 -49.566 -7.835 -37 -48.75 -7.835 -32 -48.75 -7.538 -32 -49.566
4 16 -3.505 -37 -46.25 -5.179 -37 -44.255 -8.393 -37 -48.085 -7.835 -37 -48.75
4 16 -7.835 -37 -51.25 -7.538 -37 -50.434 -7.538 -32 -50.434 -7.835 -32 -51.25
4 16 -7.538 -37 -49.566 -7.538 -37 -50.434 -2.614 -37 -51.302 -2.614 -37 -48.698
4 16 -7.538 -37 -50.434 -7.538 -37 -49.566 -7.538 -32 -49.566 -7.538 -32 -50.434
4 16 -2.614 -37 -48.698 -3.505 -37 -46.25 -7.835 -37 -48.75 -7.538 -37 -49.566
4 16 -7.435 -32 -57.048 -5.179 -32 -55.745 -5.179 -37 -55.745 -7.435 -37 -57.048
4 16 -7.435 -37 -42.952 -5.179 -37 -44.255 -5.179 -32 -44.255 -7.435 -32 -42.952
4 16 -5.179 -32 -55.745 -3.505 -32 -53.75 -3.505 -37 -53.75 -5.179 -37 -55.745
4 16 -5.179 -37 -44.255 -3.505 -37 -46.25 -3.505 -32 -46.25 -5.179 -32 -44.255
4 16 -3.505 -32 -53.75 -2.614 -32 -51.302 -2.614 -37 -51.302 -3.505 -37 -53.75
4 16 -2.614 -32 -48.698 -3.505 -32 -46.25 -3.505 -37 -46.25 -2.614 -37 -48.698
4 16 -2.614 -32 -51.302 -2.614 -32 -48.698 -2.614 -37 -48.698 -2.614 -37 -51.302
4 16 -32.165 -32 -48.75 -32.462 -32 -49.566 -32.462 -32 -50.434 -30 -32 -50
4 16 -30.855 -32 -52.349 -30 -32 -50 -32.165 -32 -51.25 -31.607 -32 -51.915
4 16 -30.855 -32 -47.651 -31.607 -32 -48.085 -32.165 -32 -48.75 -30 -32 -50
4 16 -29.145 -32 -52.349 -30 -32 -50 -30.855 -32 -52.349 -30 -32 -52.5
4 16 -29.145 -32 -47.651 -30 -32 -47.5 -30.855 -32 -47.651 -30 -32 -50
4 16 -27.835 -32 -51.25 -30 -32 -50 -29.145 -32 -52.349 -28.393 -32 -51.915
4 16 -27.835 -32 -48.75 -28.393 -32 -48.085 -29.145 -32 -47.651 -30 -32 -50
4 16 -27.538 -32 -49.566 -30 -32 -50 -27.835 -32 -51.25 -27.538 -32 -50.434
4 16 -7.835 -32 -51.25 -7.538 -32 -50.434 -7.538 -32 -49.566 -10 -32 -50
4 16 -9.145 -32 -47.651 -10 -32 -50 -7.835 -32 -48.75 -8.393 -32 -48.085
4 16 -9.145 -32 -52.349 -8.393 -32 -51.915 -7.835 -32 -51.25 -10 -32 -50
4 16 -10.855 -32 -47.651 -10 -32 -50 -9.145 -32 -47.651 -10 -32 -47.5
4 16 -10.855 -32 -52.349 -10 -32 -52.5 -9.145 -32 -52.349 -10 -32 -50
4 16 -12.165 -32 -48.75 -10 -32 -50 -10.855 -32 -47.651 -11.607 -32 -48.085
4 16 -12.165 -32 -51.25 -11.607 -32 -51.915 -10.855 -32 -52.349 -10 -32 -50
4 16 -12.462 -32 -50.434 -10 -32 -50 -12.165 -32 -48.75 -12.462 -32 -49.566
3 16 -40 -32 -40 -40 0 -60 -40 -32 -60
4 16 -40 0 -60 -40 -32 -40 -40 -32 0 -40 0 0
4 16 -37.5 -32 -40 -37.5 -32 -2.5 -40 -32 0 -40 -32 -40
3 16 -40 0 -60 -37.5 0 -40 -37.5 0 -57.5
4 16 -37.5 -29.5 -40 -37.5 -32 -40 -2.5 -32 -40 -2.5 -29.5 -40
4 16 -37.5 -29.5 -2.5 -37.5 -32 -2.5 -37.5 -32 -40 -37.5 -29.5 -40
4 16 -40 -32 0 -37.5 -32 -2.5 -2.5 -32 -2.5 0 -32 0
4 16 -40 0 0 -40 -32 0 0 -32 0 0 0 0
4 16 -37.5 -29.5 -40 -37.5 -29.5 -57.5 -37.5 -2.5 -57.5 -37.5 -8 -40
4 16 -37.5 -2.5 -57.5 -37.5 -29.5 -57.5 -2.5 -29.5 -57.5 -2.5 -2.5 -57.5
4 16 -37.5 -29.5 -57.5 -37.5 -29.5 -40 -2.5 -29.5 -40 -2.5 -29.5 -57.5
4 16 -37.5 -8 -2.5 -37.5 -29.5 -2.5 -37.5 -29.5 -40 -37.5 -8 -40
4 16 -37.5 -32 -2.5 -37.5 -29.5 -2.5 -2.5 -29.5 -2.5 -2.5 -32 -2.5
4 16 -2.5 -2.5 -57.5 -2.5 0 -57.5 -37.5 0 -57.5 -37.5 -2.5 -57.5
4 16 -37.5 -2.5 -57.5 -37.5 0 -57.5 -37.5 0 -40 -37.5 -8 -40
4 16 -37.5 -8 -2.5 -37.5 -8 -40 -2.5 -8 -40 -2.5 -8 -2.5
4 16 -37.5 -29.5 -2.5 -37.5 -8 -2.5 -2.5 -8 -2.5 -2.5 -29.5 -2.5
4 16 0 0 -60 0 -32 -60 -40 -32 -60 -40 0 -60
4 16 -37.5 0 -57.5 -2.5 0 -57.5 0 0 -60 -40 0 -60
4 16 -37.5 -8 -40 -37.5 0 -40 -2.5 0 -40 -2.5 -8 -40
4 16 -2.5 0 -2.5 -37.5 0 -2.5 -40 0 0 0 0 0
4 16 -2.5 -29.5 -40 -2.5 -32 -40 -2.5 -32 -2.5 -2.5 -29.5 -2.5
4 16 -2.5 -32 -2.5 -2.5 -32 -40 0 -32 -40 0 -32 0
4 16 -2.5 -8 -40 -2.5 -2.5 -57.5 -2.5 -29.5 -57.5 -2.5 -29.5 -40
4 16 -2.5 -29.5 -2.5 -2.5 -8 -2.5 -2.5 -8 -40 -2.5 -29.5 -40
4 16 -2.5 0 -57.5 -2.5 -2.5 -57.5 -2.5 -8 -40 -2.5 0 -40
3 16 -2.5 0 -40 0 0 -60 -2.5 0 -57.5
3 16 0 -32 -60 0 0 -60 0 -32 -40
4 16 0 -32 -40 0 0 -60 0 0 0 0 -32 0
3 16 -5.179 -32 -55.745 0 -32 -60 -3.505 -32 -53.75
3 16 -3.505 -32 -53.75 0 -32 -60 -2.614 -32 -51.302
4 16 -2.614 -32 -51.302 0 -32 -60 0 -32 -40 -2.614 -32 -48.698
3 16 -3.505 -32 -46.25 -2.614 -32 -48.698 0 -32 -40
3 16 -5.179 -32 -44.255 -3.505 -32 -46.25 0 -32 -40
3 16 -5.179 -32 -44.255 0 -32 -40 -2.5 -32 -40
3 16 -7.435 -32 -42.952 -5.179 -32 -44.255 -2.5 -32 -40
3 16 -10 -32 -42.5 -7.435 -32 -42.952 -2.5 -32 -40
4 16 -37.386 -32 -48.698 -40 -32 -40 -40 -32 -60 -37.386 -32 -51.302
3 16 -36.495 -32 -46.25 -40 -32 -40 -37.386 -32 -48.698
3 16 -34.821 -32 -44.255 -40 -32 -40 -36.495 -32 -46.25
3 16 -34.821 -32 -44.255 -37.5 -32 -40 -40 -32 -40
3 16 -32.565 -32 -42.952 -37.5 -32 -40 -34.821 -32 -44.255
3 16 -30 -32 -42.5 -37.5 -32 -40 -32.565 -32 -42.952
4 16 -30 -32 -42.5 -10 -32 -42.5 -2.5 -32 -40 -37.5 -32 -40
4 16 -27.435 -32 -42.952 -12.565 -32 -42.952 -10 -32 -42.5 -30 -32 -42.5
4 16 -25.179 -32 -44.255 -14.821 -32 -44.255 -12.565 -32 -42.952 -27.435 -32 -42.952
4 16 -23.505 -32 -46.25 -16.495 -32 -46.25 -14.821 -32 -44.255 -25.179 -32 -44.255
4 16 -22.614 -32 -48.698 -17.386 -32 -48.698 -16.495 -32 -46.25 -23.505 -32 -46.25
4 16 -22.614 -32 -48.698 -22.614 -32 -51.302 -17.386 -32 -51.302 -17.386 -32 -48.698
4 16 -22.614 -32 -51.302 -23.505 -32 -53.75 -16.495 -32 -53.75 -17.386 -32 -51.302
4 16 -23.505 -32 -53.75 -25.179 -32 -55.745 -14.821 -32 -55.745 -16.495 -32 -53.75
4 16 -25.179 -32 -55.745 -27.435 -32 -57.048 -12.565 -32 -57.048 -14.821 -32 -55.745
4 16 -27.435 -32 -57.048 -30 -32 -57.5 -10 -32 -57.5 -12.565 -32 -57.048
3 16 -36.495 -32 -53.75 -37.386 -32 -51.302 -40 -32 -60
3 16 -34.821 -32 -55.745 -36.495 -32 -53.75 -40 -32 -60
3 16 -32.565 -32 -57.048 -34.821 -32 -55.745 -40 -32 -60
3 16 -30 -32 -57.5 -32.565 -32 -57.048 -40 -32 -60
3 16 -7.435 -32 -57.048 0 -32 -60 -5.179 -32 -55.745
3 16 -10 -32 -57.5 0 -32 -60 -7.435 -32 -57.048
4 16 -40 -32 -60 0 -32 -60 -10 -32 -57.5 -30 -32 -57.5
3 16 -37.5 0 -37.5 -40 0 -60 -40 0 0
3 16 -37.5 0 -2.5 -37.5 0 -37.5 -40 0 0
3 16 -37.5 0 -37.5 -37.5 0 -40 -40 0 -60
4 16 -2.5 0 -37.5 -2.5 0 -40 -37.5 0 -40 -37.5 0 -37.5
3 16 -2.5 0 -37.5 0 0 0 0 0 -60
3 16 -2.5 0 -40 -2.5 0 -37.5 0 0 -60
3 16 -2.5 0 -37.5 -2.5 0 -2.5 0 0 0
4 16 -37.5 0 -2.5 -2.5 0 -2.5 -2.5 -5.5 -2.5 -37.5 -5.5 -2.5
4 16 -37.5 0 -37.5 -37.5 0 -2.5 -37.5 -5.5 -2.5 -37.5 -5.5 -37.5
4 16 -2.5 0 -2.5 -2.5 0 -37.5 -2.5 -5.5 -37.5 -2.5 -5.5 -2.5
4 16 -2.5 0 -37.5 -37.5 0 -37.5 -37.5 -5.5 -37.5 -2.5 -5.5 -37.5
4 16 -37.5 -5.5 -2.5 -2.5 -5.5 -2.5 -2.5 -5.5 -37.5 -37.5 -5.5 -37.5
2 24 -27.835 -32 -51.25 -27.538 -32 -50.434
5 24 -7.538 -37 -50.434 -7.538 -32 -50.434 -7.835 -37 -51.25 -7.538 -37 -49.566
2 24 -14.821 -37 -44.255 -12.565 -37 -42.952
2 24 -37.5 -32 -2.5 -2.5 -32 -2.5
2 24 -34.821 -32 -44.255 -32.565 -32 -42.952
2 24 -37.5 -5.5 -37.5 -37.5 -5.5 -2.5
2 24 -2.5 -2.5 -57.5 -2.5 0 -57.5
5 24 -30 -37 -47.5 -30 -32 -47.5 -29.145 -37 -47.651 -30.855 -37 -47.651
5 24 -12.565 -37 -42.952 -12.565 -32 -42.952 -14.821 -37 -44.255 -10 -37 -42.5
2 24 -37.5 -32 -40 -37.5 -29.5 -40
2 24 -40 -32 0 0 -32 0
5 24 -37.386 -37 -51.302 -37.386 -32 -51.302 -37.386 -37 -48.698 -36.495 -37 -53.75
2 24 -30.855 -32 -52.349 -30 -32 -52.5
2 24 -12.565 -37 -57.048 -10 -37 -57.5
2 24 -37.5 -8 -40 -37.5 0 -40
5 24 -32.462 -37 -50.434 -32.462 -32 -50.434 -32.165 -37 -51.25 -32.462 -37 -49.566
2 24 -37.5 -5.5 -37.5 -37.5 0 -37.5
2 24 -7.835 -32 -51.25 -7.538 -32 -50.434
2 24 -28.393 -37 -51.915 -27.835 -37 -51.25
2 24 -30 -32 -52.5 -29.145 -32 -52.349
2 24 -12.565 -37 -42.952 -10 -37 -42.5
2 24 -28.393 -37 -48.085 -27.835 -37 -48.75
5 24 -30.855 -37 -52.349 -30.855 -32 -52.349 -30 -37 -52.5 -31.607 -37 -51.915
5 24 -7.435 -37 -42.952 -7.435 -32 -42.952 -10 -37 -42.5 -5.179 -37 -44.255
2 24 -27.435 -32 -57.048 -25.179 -32 -55.745
2 24 -30 -37 -42.5 -27.435 -37 -42.952
2 24 -27.435 -37 -57.048 -25.179 -37 -55.745
2 24 -5.179 -37 -55.745 -3.505 -37 -53.75
2 24 -29.145 -32 -52.349 -28.393 -32 -51.915
2 24 -10 -37 -52.5 -9.145 -37 -52.349
2 24 -14.821 -37 -55.745 -12.565 -37 -57.048
2 24 -12.165 -37 -48.75 -11.607 -37 -48.085
5 24 -34.821 -37 -44.255 -34.821 -32 -44.255 -32.565 -37 -42.952 -36.495 -37 -46.25
5 24 -22.614 -37 -48.698 -22.614 -32 -48.698 -22.614 -37 -51.302 -23.505 -37 -46.25
2 24 -10 -32 -42.5 -7.435 -32 -42.952
5 24 -10 -37 -57.5 -10 -32 -57.5 -12.565 -37 -57.048 -7.435 -37 -57.048
2 24 0 0 -60 0 0 0
2 24 -31.607 -32 -51.915 -30.855 -32 -52.349
5 24 -28.393 -37 -51.915 -28.393 -32 -51.915 -27.835 -37 -51.25 -29.145 -37 -52.349
5 24 -10 -37 -52.5 -10 -32 -52.5 -10.855 -37 -52.349 -9.145 -37 -52.349
2 24 -31.607 -32 -48.085 -30.855 -32 -47.651
2 24 -40 0 -60 0 0 -60
2 24 -7.538 -32 -50.434 -7.538 -32 -49.566
2 24 -37.5 -29.5 -57.5 -2.5 -29.5 -57.5
5 24 -2.614 -37 -48.698 -2.614 -32 -48.698 -3.505 -37 -46.25 -2.614 -37 -51.302
2 24 -14.821 -32 -44.255 -12.565 -32 -42.952
5 24 -3.505 -37 -46.25 -3.505 -32 -46.25 -5.179 -37 -44.255 -2.614 -37 -48.698
5 24 -11.607 -37 -51.915 -11.607 -32 -51.915 -12.165 -37 -51.25 -10.855 -37 -52.349
2 24 -2.5 -8 -40 -2.5 -8 -2.5
2 24 -37.386 -32 -48.698 -36.495 -32 -46.25
5 24 -30 -37 -52.5 -30 -32 -52.5 -29.145 -37 -52.349 -30.855 -37 -52.349
2 24 -2.5 -29.5 -57.5 -2.5 -2.5 -57.5
2 24 -32.462 -32 -50.434 -32.165 -32 -51.25
5 24 -27.835 -37 -48.75 -27.835 -32 -48.75 -27.538 -37 -49.566 -28.393 -37 -48.085
2 24 -32.565 -32 -57.048 -30 -32 -57.5
2 24 -9.145 -32 -52.349 -8.393 -32 -51.915
5 24 -36.495 -37 -46.25 -36.495 -32 -46.25 -34.821 -37 -44.255 -37.386 -37 -48.698
5 24 -17.386 -37 -48.698 -17.386 -32 -48.698 -17.386 -37 -51.302 -16.495 -37 -46.25
2 24 -10.855 -37 -47.651 -10 -37 -47.5
5 24 -17.386 -37 -51.302 -17.386 -32 -51.302 -16.495 -37 -53.75 -17.386 -37 -48.698
2 24 -7.835 -37 -51.25 -7.538 -37 -50.434
2 24 -2.5 -32 -40 -2.5 -29.5 -40
5 24 -16.495 -37 -46.25 -16.495 -32 -46.25 -17.386 -37 -48.698 -14.821 -37 -44.255
2 24 -37.5 -29.5 -57.5 -37.5 -29.5 -40
5 24 -5.179 -37 -55.745 -5.179 -32 -55.745 -7.435 -37 -57.048 -3.505 -37 -53.75
5 24 -9.145 -37 -47.651 -9.145 -32 -47.651 -10 -37 -47.5 -8.393 -37 -48.085
2 24 0 -32 -60 0 -32 -40
2 24 -3.505 -32 -46.25 -2.614 -32 -48.698
2 24 -12.165 -32 -51.25 -11.607 -32 -51.915
2 24 -37.5 -32 -40 -37.5 -32 -2.5
2 24 -23.505 -37 -53.75 -22.614 -37 -51.302
2 24 -2.5 -29.5 -57.5 -2.5 -29.5 -40
2 24 -17.386 -32 -51.302 -17.386 -32 -48.698
5 24 -5.179 -37 -44.255 -5.179 -32 -44.255 -7.435 -37 -42.952 -3.505 -37 -46.25
2 24 -37.5 0 -37.5 -37.5 0 -2.5
5 24 -3.505 -37 -53.75 -3.505 -32 -53.75 -5.179 -37 -55.745 -2.614 -37 -51.302
2 24 -28.393 -32 -51.915 -27.835 -32 -51.25
2 24 -5.179 -32 -44.255 -3.505 -32 -46.25
2 24 -37.5 -29.5 -57.5 -37.5 -2.5 -57.5
5 24 -27.538 -37 -49.566 -27.538 -32 -49.566 -27.538 -37 -50.434 -27.835 -37 -48.75
2 24 0 -32 -60 0 0 -60
5 24 -25.179 -37 -44.255 -25.179 -32 -44.255 -23.505 -37 -46.25 -27.435 -37 -42.952
2 24 -32.165 -32 -48.75 -31.607 -32 -48.085
5 24 -27.835 -37 -51.25 -27.835 -32 -51.25 -27.538 -37 -50.434 -28.393 -37 -51.915
2 24 -37.5 -32 -40 -2.5 -32 -40
2 24 -30.855 -32 -47.651 -30 -32 -47.5
5 24 -12.165 -37 -51.25 -12.165 -32 -51.25 -12.462 -37 -50.434 -11.607 -37 -51.915
5 24 -7.835 -37 -51.25 -7.835 -32 -51.25 -8.393 -37 -51.915 -7.538 -37 -50.434
5 24 -22.614 -37 -51.302 -22.614 -32 -51.302 -22.614 -37 -48.698 -23.505 -37 -53.75
2 24 -37.386 -32 -51.302 -37.386 -32 -48.698
2 24 -30 -32 -42.5 -27.435 -32 -42.952
2 24 -34.821 -37 -55.745 -32.565 -37 -57.048
2 24 -37.5 -5.5 -2.5 -2.5 -5.5 -2.5
5 24 -10 -37 -47.5 -10 -32 -47.5 -10.855 -37 -47.651 -9.145 -37 -47.651
2 24 -27.538 -32 -50.434 -27.538 -32 -49.566
2 24 -12.462 -37 -50.434 -12.462 -37 -49.566
2 24 -37.5 -29.5 -40 -2.5 -29.5 -40
2 24 -37.5 0 -57.5 -2.5 0 -57.5
2 24 -2.5 0 -57.5 -2.5 0 -40
5 24 -14.821 -37 -44.255 -14.821 -32 -44.255 -16.495 -37 -46.25 -12.565 -37 -42.952
2 24 -5.179 -32 -55.745 -3.505 -32 -53.75
2 24 -36.495 -37 -53.75 -34.821 -37 -55.745
5 24 -23.505 -37 -46.25 -23.505 -32 -46.25 -22.614 -37 -48.698 -25.179 -37 -44.255
5 24 -30 -37 -57.5 -30 -32 -57.5 -27.435 -37 -57.048 -32.565 -37 -57.048
2 24 -7.435 -32 -42.952 -5.179 -32 -44.255
2 24 -7.435 -32 -57.048 -5.179 -32 -55.745
5 24 -12.565 -37 -57.048 -12.565 -32 -57.048 -14.821 -37 -55.745 -10 -37 -57.5
5 24 -32.165 -37 -48.75 -32.165 -32 -48.75 -31.607 -37 -48.085 -32.462 -37 -49.566
2 24 -37.5 0 -40 -2.5 0 -40
2 24 -30 -37 -52.5 -29.145 -37 -52.349
2 24 -30 -32 -47.5 -29.145 -32 -47.651
5 24 -10.855 -37 -47.651 -10.855 -32 -47.651 -11.607 -37 -48.085 -10 -37 -47.5
5 24 -7.835 -37 -48.75 -7.835 -32 -48.75 -8.393 -37 -48.085 -7.538 -37 -49.566
2 24 -37.5 -32 -2.5 -37.5 -29.5 -2.5
2 24 -12.462 -32 -49.566 -12.165 -32 -48.75
2 24 -7.835 -37 -48.75 -7.538 -37 -49.566
2 24 -40 -32 -60 0 -32 -60
2 24 -10.855 -32 -47.651 -10 -32 -47.5
2 24 -31.607 -37 -51.915 -30.855 -37 -52.349
5 24 -29.145 -37 -52.349 -29.145 -32 -52.349 -28.393 -37 -51.915 -30 -37 -52.5
2 24 -29.145 -37 -47.651 -28.393 -37 -48.085
2 24 -10 -32 -52.5 -9.145 -32 -52.349
2 24 -37.5 -8 -2.5 -2.5 -8 -2.5
2 24 -8.393 -32 -51.915 -7.835 -32 -51.25
5 24 -11.607 -37 -48.085 -11.607 -32 -48.085 -12.165 -37 -48.75 -10.855 -37 -47.651
2 24 -34.821 -37 -44.255 -32.565 -37 -42.952
2 24 -22.614 -32 -51.302 -22.614 -32 -48.698
2 24 -36.495 -37 -46.25 -34.821 -37 -44.255
2 24 -9.145 -37 -52.349 -8.393 -37 -51.915
2 24 -32.165 -37 -48.75 -31.607 -37 -48.085
5 24 -28.393 -37 -48.085 -28.393 -32 -48.085 -27.835 -37 -48.75 -29.145 -37 -47.651
2 24 -2.5 -29.5 -2.5 -2.5 -8 -2.5
2 24 -7.435 -37 -42.952 -5.179 -37 -44.255
2 24 -25.179 -37 -55.745 -23.505 -37 -53.75
2 24 -3.505 -37 -46.25 -2.614 -37 -48.698
2 24 -7.538 -37 -50.434 -7.538 -37 -49.566
5 24 -16.495 -37 -53.75 -16.495 -32 -53.75 -17.386 -37 -51.302 -14.821 -37 -55.745
2 24 -27.835 -37 -48.75 -27.538 -37 -49.566
2 24 -10 -32 -57.5 -7.435 -32 -57.048
2 24 -32.462 -37 -50.434 -32.165 -37 -51.25
2 24 -32.565 -37 -57.048 -30 -37 -57.5
2 24 -16.495 -37 -53.75 -14.821 -37 -55.745
2 24 -29.145 -32 -47.651 -28.393 -32 -48.085
5 24 -7.538 -37 -49.566 -7.538 -32 -49.566 -7.835 -37 -48.75 -7.538 -37 -50.434
2 24 -16.495 -32 -53.75 -14.821 -32 -55.745
2 24 -37.5 -2.5 -57.5 -37.5 0 -57.5
2 24 -2.5 0 -37.5 -2.5 0 -2.5
5 24 -25.179 -37 -55.745 -25.179 -32 -55.745 -23.505 -37 -53.75 -27.435 -37 -57.048
5 24 -8.393 -37 -48.085 -8.393 -32 -48.085 -9.145 -37 -47.651 -7.835 -37 -48.75
2 24 -17.386 -37 -51.302 -17.386 -37 -48.698
2 24 -10 -37 -57.5 -7.435 -37 -57.048
2 24 -7.435 -37 -57.048 -5.179 -37 -55.745
2 24 -40 -32 -40 -40 -32 0
2 24 -10 -37 -42.5 -7.435 -37 -42.952
5 24 -32.462 -37 -49.566 -32.462 -32 -49.566 -32.165 -37 -48.75 -32.462 -37 -50.434
2 24 -30 -37 -57.5 -27.435 -37 -57.048
2 24 -40 0 0 0 0 0
2 24 -2.5 -5.5 -2.5 -2.5 0 -2.5
2 24 -14.821 -32 -55.745 -12.565 -32 -57.048
2 24 -30.855 -37 -52.349 -30 -37 -52.5
5 24 -27.538 -37 -50.434 -27.538 -32 -50.434 -27.538 -37 -49.566 -27.835 -37 -51.25
5 24 -14.821 -37 -55.745 -14.821 -32 -55.745 -16.495 -37 -53.75 -12.565 -37 -57.048
2 24 -10 -32 -47.5 -9.145 -32 -47.651
2 24 -30.855 -37 -47.651 -30 -37 -47.5
2 24 -32.165 -37 -51.25 -31.607 -37 -51.915
2 24 -31.607 -37 -48.085 -30.855 -37 -47.651
2 24 -37.386 -37 -48.698 -36.495 -37 -46.25
5 24 -27.435 -37 -57.048 -27.435 -32 -57.048 -25.179 -37 -55.745 -30 -37 -57.5
2 24 -9.145 -32 -47.651 -8.393 -32 -48.085
5 24 -31.607 -37 -51.915 -31.607 -32 -51.915 -30.855 -37 -52.349 -32.165 -37 -51.25
2 24 -32.462 -32 -49.566 -32.165 -32 -48.75
5 24 -12.462 -37 -49.566 -12.462 -32 -49.566 -12.462 -37 -50.434 -12.165 -37 -48.75
2 24 -17.386 -37 -48.698 -16.495 -37 -46.25
2 24 -32.462 -32 -50.434 -32.462 -32 -49.566
2 24 -12.462 -32 -50.434 -12.165 -32 -51.25
2 24 -37.5 -5.5 -37.5 -2.5 -5.5 -37.5
2 24 -25.179 -37 -44.255 -23.505 -37 -46.25
2 24 -8.393 -37 -51.915 -7.835 -37 -51.25
2 24 -16.495 -32 -46.25 -14.821 -32 -44.255
2 24 -40 -32 0 -40 0 0
2 24 -32.462 -37 -49.566 -32.165 -37 -48.75
2 24 -10 -37 -47.5 -9.145 -37 -47.651
2 24 -12.462 -37 -50.434 -12.165 -37 -51.25
2 24 -30 -37 -47.5 -29.145 -37 -47.651
5 24 -10 -37 -42.5 -10 -32 -42.5 -12.565 -37 -42.952 -7.435 -37 -42.952
2 24 -11.607 -32 -48.085 -10.855 -32 -47.651
2 24 -27.435 -37 -42.952 -25.179 -37 -44.255
2 24 -30 -32 -57.5 -27.435 -32 -57.048
2 24 -40 -32 -60 -40 -32 -40
2 24 -22.614 -37 -51.302 -22.614 -37 -48.698
2 24 -17.386 -32 -48.698 -16.495 -32 -46.25
2 24 -12.462 -32 -50.434 -12.462 -32 -49.566
2 24 -32.565 -37 -42.952 -30 -37 -42.5
2 24 -3.505 -32 -53.75 -2.614 -32 -51.302
2 24 -37.386 -32 -51.302 -36.495 -32 -53.75
2 24 -12.462 -37 -49.566 -12.165 -37 -48.75
2 24 -2.614 -32 -51.302 -2.614 -32 -48.698
5 24 -7.435 -37 -57.048 -7.435 -32 -57.048 -10 -37 -57.5 -5.179 -37 -55.745
2 24 -40 -32 -60 -40 0 -60
5 24 -8.393 -37 -51.915 -8.393 -32 -51.915 -9.145 -37 -52.349 -7.835 -37 -51.25
2 24 -37.5 -8 -40 -2.5 -8 -40
2 24 -8.393 -32 -48.085 -7.835 -32 -48.75
2 24 -37.5 0 -57.5 -37.5 0 -40
5 24 -34.821 -37 -55.745 -34.821 -32 -55.745 -32.565 -37 -57.048 -36.495 -37 -53.75
2 24 -23.505 -32 -46.25 -22.614 -32 -48.698
2 24 -16.495 -37 -46.25 -14.821 -37 -44.255
2 24 -37.5 -5.5 -2.5 -37.5 0 -2.5
2 24 -23.505 -32 -53.75 -22.614 -32 -51.302
5 24 -32.565 -37 -57.048 -32.565 -32 -57.048 -30 -37 -57.5 -34.821 -37 -55.745
2 24 -2.5 -32 -40 -2.5 -32 -2.5
2 24 -32.165 -32 -51.25 -31.607 -32 -51.915
2 24 -37.5 0 -37.5 -2.5 0 -37.5
5 24 -9.145 -37 -52.349 -9.145 -32 -52.349 -10 -37 -52.5 -8.393 -37 -51.915
2 24 -11.607 -37 -48.085 -10.855 -37 -47.651
2 24 -37.386 -37 -51.302 -36.495 -37 -53.75
2 24 -2.5 -32 -2.5 -2.5 -29.5 -2.5
2 24 0 -32 0 0 0 0
2 24 -27.538 -37 -50.434 -27.538 -37 -49.566
2 24 -37.5 -29.5 -2.5 -37.5 -8 -2.5
5 24 -37.386 -37 -48.698 -37.386 -32 -48.698 -36.495 -37 -46.25 -37.386 -37 -51.302
2 24 -2.5 -5.5 -37.5 -2.5 0 -37.5
2 24 -7.835 -32 -48.75 -7.538 -32 -49.566
2 24 -36.495 -32 -53.75 -34.821 -32 -55.745
2 24 -40 0 -60 -40 0 0
2 24 -5.179 -37 -44.255 -3.505 -37 -46.25
2 24 -2.5 -5.5 -37.5 -2.5 -5.5 -2.5
5 24 -30.855 -37 -47.651 -30.855 -32 -47.651 -30 -37 -47.5 -31.607 -37 -48.085
5 24 -12.165 -37 -48.75 -12.165 -32 -48.75 -12.462 -37 -49.566 -11.607 -37 -48.085
5 24 -12.462 -37 -50.434 -12.462 -32 -50.434 -12.462 -37 -49.566 -12.165 -37 -51.25
2 24 -23.505 -37 -46.25 -22.614 -37 -48.698
2 24 -2.5 -8 -40 -2.5 0 -40
5 24 -32.565 -37 -42.952 -32.565 -32 -42.952 -30 -37 -42.5 -34.821 -37 -44.255
2 24 -11.607 -37 -51.915 -10.855 -37 -52.349
2 24 -12.565 -32 -42.952 -10 -32 -42.5
2 24 -10.855 -37 -52.349 -10 -37 -52.5
2 24 -27.435 -32 -42.952 -25.179 -32 -44.255
2 24 -17.386 -32 -51.302 -16.495 -32 -53.75
2 24 -17.386 -37 -51.302 -16.495 -37 -53.75
5 24 -36.495 -37 -53.75 -36.495 -32 -53.75 -34.821 -37 -55.745 -37.386 -37 -51.302
5 24 -30 -37 -42.5 -30 -32 -42.5 -27.435 -37 -42.952 -32.565 -37 -42.952
2 24 -11.607 -32 -51.915 -10.855 -32 -52.349
2 24 -12.165 -37 -51.25 -11.607 -37 -51.915
2 24 -3.505 -37 -53.75 -2.614 -37 -51.302
2 24 -25.179 -32 -55.745 -23.505 -32 -53.75
2 24 -32.462 -37 -50.434 -32.462 -37 -49.566
2 24 -36.495 -32 -46.25 -34.821 -32 -44.255
2 24 -10.855 -32 -52.349 -10 -32 -52.5
5 24 -31.607 -37 -48.085 -31.607 -32 -48.085 -30.855 -37 -47.651 -32.165 -37 -48.75
2 24 -32.565 -32 -42.952 -30 -32 -42.5
2 24 -34.821 -32 -55.745 -32.565 -32 -57.048
5 24 -10.855 -37 -52.349 -10.855 -32 -52.349 -11.607 -37 -51.915 -10 -37 -52.5
2 24 -2.614 -37 -51.302 -2.614 -37 -48.698
2 24 -12.165 -32 -48.75 -11.607 -32 -48.085
2 24 -25.179 -32 -44.255 -23.505 -32 -46.25
5 24 -2.614 -37 -51.302 -2.614 -32 -51.302 -3.505 -37 -53.75 -2.614 -37 -48.698
2 24 -9.145 -37 -47.651 -8.393 -37 -48.085
2 24 -27.835 -32 -48.75 -27.538 -32 -49.566
2 24 0 -32 -40 0 -32 0
5 24 -27.435 -37 -42.952 -27.435 -32 -42.952 -25.179 -37 -44.255 -30 -37 -42.5
5 24 -29.145 -37 -47.651 -29.145 -32 -47.651 -28.393 -37 -48.085 -30 -37 -47.5
2 24 -27.835 -37 -51.25 -27.538 -37 -50.434
2 24 -28.393 -32 -48.085 -27.835 -32 -48.75
2 24 -37.5 -8 -40 -37.5 -8 -2.5
2 24 -12.565 -32 -57.048 -10 -32 -57.5
5 24 -32.165 -37 -51.25 -32.165 -32 -51.25 -31.607 -37 -51.915 -32.462 -37 -50.434
2 24 -37.386 -37 -51.302 -37.386 -37 -48.698
2 24 -37.5 0 -2.5 -2.5 0 -2.5
5 24 -23.505 -37 -53.75 -23.505 -32 -53.75 -22.614 -37 -51.302 -25.179 -37 -55.745
2 24 -8.393 -37 -48.085 -7.835 -37 -48.75
2 24 -29.145 -37 -52.349 -28.393 -37 -51.915
0
