0 Barandilla Ibertren    |D:D
0 Name: barandil.dat
0 Author: Jasolo
0 !LDRAW_ORG Unofficial_Part
0 BFC CERTIFY CCW
1 16 0 0 0 1 0 0 0 1 0 0 0 1 bald2.dat
4 16 19.375 -24.75 10.902 19.375 -24.75 9.652 20.625 -24.75 9.652 20.625 -24.75 10.902
4 16 19.375 -24.75 38.127 20.625 -24.75 38.127 20 -8 38.127 19.375 -8 38.127
3 16 20.625 -4 7.015 20 -4 7.015 20 -8 7.015
3 16 20.625 -24.75 7.015 20.625 -4 7.015 20 -8 7.015
4 16 19.375 -24.75 14.793 19.375 -8 14.793 19.375 -8 13.543 19.375 -24.75 13.543
4 16 19.375 -24.75 7.015 19.375 -24.75 5.765 20.625 -24.75 5.765 20.625 -24.75 7.015
4 16 20.625 -24.75 9.652 19.375 -24.75 9.652 19.375 -8 9.652 20 -8 9.652
3 16 20.625 -4 3.125 20 -4 3.125 20 -8 3.125
3 16 20.625 -24.75 3.125 20.625 -4 3.125 20 -8 3.125
4 16 20.625 -4 25.21 20 -4 25.21 20 -4 26.46 20.625 -4 26.46
4 16 19.375 -24.75 7.015 19.375 -8 7.015 19.375 -8 5.765 19.375 -24.75 5.765
3 16 20.625 -24.75 10.902 20.625 -4 10.902 20 -8 10.902
3 16 20.625 -4 10.902 20 -4 10.902 20 -8 10.902
4 16 19.375 -24.75 7.015 20.625 -24.75 7.015 20 -8 7.015 19.375 -8 7.015
4 16 19.375 -24.75 14.793 19.375 -24.75 13.543 20.625 -24.75 13.543 20.625 -24.75 14.793
4 16 19.375 -24.75 22.57 19.375 -8 22.57 19.375 -8 21.32 19.375 -24.75 21.32
3 16 20.625 -24.75 14.793 20.625 -4 14.793 20 -8 14.793
3 16 20.625 -4 14.793 20 -4 14.793 20 -8 14.793
4 16 20.625 -24.75 1.875 19.375 -24.75 1.875 19.375 -8 1.875 20 -8 1.875
4 16 19.375 -24.75 18.683 19.375 -24.75 17.432 20.625 -24.75 17.432 20.625 -24.75 18.683
4 16 19.375 -24.75 10.902 19.375 -8 10.902 19.375 -8 9.652 19.375 -24.75 9.652
3 16 20.625 -24.75 18.683 20.625 -4 18.683 20 -8 18.683
3 16 20.625 -4 18.683 20 -4 18.683 20 -8 18.683
4 16 19.375 -24.75 14.793 20.625 -24.75 14.793 20 -8 14.793 19.375 -8 14.793
4 16 19.375 -24.75 22.57 19.375 -24.75 21.32 20.625 -24.75 21.32 20.625 -24.75 22.57
4 16 20.625 -4 36.877 20 -4 36.877 20 -4 38.127 20.625 -4 38.127
3 16 20.625 -24.75 22.57 20.625 -4 22.57 20 -8 22.57
3 16 20.625 -4 22.57 20 -4 22.57 20 -8 22.57
4 16 19.375 -24.75 18.683 20.625 -24.75 18.683 20 -8 18.683 19.375 -8 18.683
4 16 19.375 -24.75 26.46 19.375 -24.75 25.21 20.625 -24.75 25.21 20.625 -24.75 26.46
4 16 20.625 -4 29.097 20 -4 29.097 20 -4 30.347 20.625 -4 30.347
3 16 20.625 -24.75 26.46 20.625 -4 26.46 20 -8 26.46
3 16 20.625 -4 26.46 20 -4 26.46 20 -8 26.46
4 16 19.375 -24.75 22.57 20.625 -24.75 22.57 20 -8 22.57 19.375 -8 22.57
4 16 19.375 -24.75 30.347 19.375 -24.75 29.097 20.625 -24.75 29.097 20.625 -24.75 30.347
4 16 19.375 -8 3.125 20 -8 3.125 20 -8 1.875 19.375 -8 1.875
3 16 20.625 -24.75 30.347 20.625 -4 30.347 20 -8 30.347
3 16 20.625 -4 30.347 20 -4 30.347 20 -8 30.347
4 16 20.625 -24.75 17.432 19.375 -24.75 17.432 19.375 -8 17.432 20 -8 17.432
4 16 19.375 -24.75 34.238 19.375 -24.75 32.988 20.625 -24.75 32.988 20.625 -24.75 34.238
4 16 19.375 -8 7.015 20 -8 7.015 20 -8 5.765 19.375 -8 5.765
3 16 20.625 -24.75 34.238 20.625 -4 34.238 20 -8 34.238
3 16 20.625 -4 34.238 20 -4 34.238 20 -8 34.238
4 16 20.625 -24.75 5.765 19.375 -24.75 5.765 19.375 -8 5.765 20 -8 5.765
4 16 19.375 -24.75 38.127 19.375 -24.75 36.877 20.625 -24.75 36.877 20.625 -24.75 38.127
4 16 19.375 -8 10.902 20 -8 10.902 20 -8 9.652 19.375 -8 9.652
3 16 20.625 -24.75 38.127 20.625 -4 38.127 20 -8 38.127
3 16 20.625 -4 38.127 20 -4 38.127 20 -8 38.127
4 16 20.625 -24.75 36.877 19.375 -24.75 36.877 19.375 -8 36.877 20 -8 36.877
4 16 19.375 -24.75 26.46 19.375 -8 26.46 19.375 -8 25.21 19.375 -24.75 25.21
4 16 19.375 -8 14.793 20 -8 14.793 20 -8 13.543 19.375 -8 13.543
4 16 20.625 -24.75 21.32 19.375 -24.75 21.32 19.375 -8 21.32 20 -8 21.32
3 16 20 -8 17.432 20 -4 17.432 20.625 -4 17.432
3 16 20.625 -4 17.432 20.625 -24.75 17.432 20 -8 17.432
4 16 20.625 -4 13.543 20 -4 13.543 20 -4 14.793 20.625 -4 14.793
4 16 20.625 -4 1.875 20 -4 1.875 20 -4 3.125 20.625 -4 3.125
4 16 20.625 -4 21.32 20 -4 21.32 20 -4 22.57 20.625 -4 22.57
4 16 19.375 -24.75 26.46 20.625 -24.75 26.46 20 -8 26.46 19.375 -8 26.46
3 16 20 -8 5.765 20 -4 5.765 20.625 -4 5.765
3 16 20.625 -4 5.765 20.625 -24.75 5.765 20 -8 5.765
4 16 19.375 -8 29.097 19.375 -8 30.347 20 -8 30.347 20 -8 29.097
4 16 19.375 -8 22.57 20 -8 22.57 20 -8 21.32 19.375 -8 21.32
4 16 19.375 -24.75 38.127 19.375 -8 38.127 19.375 -8 36.877 19.375 -24.75 36.877
4 16 20.625 -24.75 25.21 19.375 -24.75 25.21 19.375 -8 25.21 20 -8 25.21
3 16 20 -8 36.877 20 -4 36.877 20.625 -4 36.877
3 16 20.625 -4 36.877 20.625 -24.75 36.877 20 -8 36.877
4 16 19.375 -24.75 18.683 19.375 -8 18.683 19.375 -8 17.432 19.375 -24.75 17.432
4 16 19.375 -24.75 30.347 20.625 -24.75 30.347 20 -8 30.347 19.375 -8 30.347
3 16 20 -8 32.988 20 -4 32.988 20.625 -4 32.988
3 16 20.625 -4 32.988 20.625 -24.75 32.988 20 -8 32.988
4 16 20.625 -24.75 29.097 19.375 -24.75 29.097 19.375 -8 29.097 20 -8 29.097
3 16 20 -8 25.21 20 -4 25.21 20.625 -4 25.21
3 16 20.625 -4 25.21 20.625 -24.75 25.21 20 -8 25.21
4 16 20.625 -4 5.765 20 -4 5.765 20 -4 7.015 20.625 -4 7.015
4 16 19.375 -24.75 30.347 19.375 -8 30.347 19.375 -8 29.097 19.375 -24.75 29.097
4 16 19.375 -24.75 34.238 19.375 -8 34.238 19.375 -8 32.988 19.375 -24.75 32.988
4 16 20.625 -4 17.432 20 -4 17.432 20 -4 18.683 20.625 -4 18.683
4 16 20.625 -24.75 32.988 19.375 -24.75 32.988 19.375 -8 32.988 20 -8 32.988
3 16 20 -8 9.652 20 -4 9.652 20.625 -4 9.652
3 16 20.625 -4 9.652 20.625 -24.75 9.652 20 -8 9.652
4 16 19.375 -24.75 3.125 20.625 -24.75 3.125 20 -8 3.125 19.375 -8 3.125
4 16 20.625 -4 9.652 20 -4 9.652 20 -4 10.902 20.625 -4 10.902
4 16 19.375 -8 25.21 19.375 -8 26.46 20 -8 26.46 20 -8 25.21
4 16 19.375 -8 36.877 19.375 -8 38.127 20 -8 38.127 20 -8 36.877
4 16 19.375 -8 34.238 20 -8 34.238 20 -8 32.988 19.375 -8 32.988
4 16 20.625 -4 32.988 20 -4 32.988 20 -4 34.238 20.625 -4 34.238
4 16 19.375 -24.75 3.125 19.375 -8 3.125 19.375 -8 1.875 19.375 -24.75 1.875
4 16 20.625 -24.75 36.877 20.625 -4 36.877 20.625 -4 38.127 20.625 -24.75 38.127
4 16 20.625 -24.75 32.988 20.625 -4 32.988 20.625 -4 34.238 20.625 -24.75 34.238
4 16 20.625 -24.75 29.097 20.625 -4 29.097 20.625 -4 30.347 20.625 -24.75 30.347
4 16 20.625 -24.75 25.21 20.625 -4 25.21 20.625 -4 26.46 20.625 -24.75 26.46
4 16 20.625 -24.75 21.32 20.625 -4 21.32 20.625 -4 22.57 20.625 -24.75 22.57
4 16 20.625 -24.75 17.432 20.625 -4 17.432 20.625 -4 18.683 20.625 -24.75 18.683
4 16 20.625 -24.75 13.543 20.625 -4 13.543 20.625 -4 14.793 20.625 -24.75 14.793
4 16 20.625 -24.75 13.543 19.375 -24.75 13.543 19.375 -8 13.543 20 -8 13.543
3 16 20 -4 1.875 20.625 -4 1.875 20 -8 1.875
3 16 20.625 -4 1.875 20.625 -24.75 1.875 20 -8 1.875
3 16 20 -8 29.097 20 -4 29.097 20.625 -4 29.097
3 16 20.625 -4 29.097 20.625 -24.75 29.097 20 -8 29.097
4 16 20.625 -24.75 9.652 20.625 -4 9.652 20.625 -4 10.902 20.625 -24.75 10.902
4 16 20.625 -24.75 5.765 20.625 -4 5.765 20.625 -4 7.015 20.625 -24.75 7.015
4 16 19.375 -24.75 10.902 20.625 -24.75 10.902 20 -8 10.902 19.375 -8 10.902
3 16 20 -8 13.543 20 -4 13.543 20.625 -4 13.543
3 16 20.625 -4 13.543 20.625 -24.75 13.543 20 -8 13.543
4 16 19.375 -24.75 34.238 20.625 -24.75 34.238 20 -8 34.238 19.375 -8 34.238
3 16 20 -8 21.32 20 -4 21.32 20.625 -4 21.32
3 16 20.625 -4 21.32 20.625 -24.75 21.32 20 -8 21.32
4 16 20.625 -24.75 1.875 20.625 -4 1.875 20.625 -4 3.125 20.625 -24.75 3.125
4 16 19.375 -8 18.683 20 -8 18.683 20 -8 17.432 19.375 -8 17.432
4 16 19.375 -24.75 3.125 19.375 -24.75 1.875 20.625 -24.75 1.875 20.625 -24.75 3.125
4 16 18.125 -11.875 0 19.375 -11.875 0 19.375 -13.125 0 18.125 -13.125 0
4 16 18.125 -11.875 40 18.125 -13.125 40 19.375 -13.125 40 19.375 -11.875 40
4 16 19.375 -11.875 0 19.375 -11.875 40 19.375 -13.125 40 19.375 -13.125 0
4 16 18.125 -11.875 40 18.125 -11.875 0 18.125 -13.125 0 18.125 -13.125 40
4 16 19.375 -13.125 0 19.375 -13.125 40 18.125 -13.125 40 18.125 -13.125 0
4 16 18.125 -11.875 0 18.125 -11.875 40 19.375 -11.875 40 19.375 -11.875 0
4 16 19.375 -22.125 0 18.125 -22.125 0 18.125 -20.875 0 19.375 -20.875 0
4 16 18.125 -20.875 40 18.125 -22.125 40 19.375 -22.125 40 19.375 -20.875 40
4 16 19.375 -20.875 0 19.375 -20.875 40 19.375 -22.125 40 19.375 -22.125 0
4 16 18.125 -22.125 0 18.125 -22.125 40 18.125 -20.875 40 18.125 -20.875 0
4 16 18.125 -22.125 40 18.125 -22.125 0 19.375 -22.125 0 19.375 -22.125 40
4 16 18.125 -20.875 0 18.125 -20.875 40 19.375 -20.875 40 19.375 -20.875 0
2 24 20.625 -24.75 36.877 20.625 -24.75 38.127
2 24 19.375 -24.75 22.57 20.625 -24.75 22.57
2 24 19.375 -8 1.875 20 -8 1.875
2 24 19.375 -24.75 21.32 19.375 -24.75 22.57
2 24 19.375 -24.75 17.432 19.375 -8 17.432
2 24 19.375 -24.75 7.015 19.375 -8 7.015
2 24 20 -8 25.21 20 -4 25.21
2 24 20 -8 22.57 20 -4 22.57
2 24 20.625 -24.75 30.347 20.625 -4 30.347
2 24 20 -4 25.21 20.625 -4 25.21
2 24 19.375 -24.75 38.127 20.625 -24.75 38.127
2 24 19.375 -8 36.877 19.375 -8 38.127
2 24 19.375 -24.75 5.765 19.375 -24.75 7.015
2 24 20.625 -24.75 29.097 20.625 -24.75 30.347
2 24 20.625 -24.75 32.988 20.625 -24.75 34.238
2 24 20 -4 17.432 20 -4 18.683
2 24 20 -4 7.015 20.625 -4 7.015
2 24 20.625 -24.75 32.988 20.625 -4 32.988
2 24 19.375 -8 18.683 20 -8 18.683
2 24 19.375 -8 25.21 20 -8 25.21
2 24 20 -8 36.877 20 -8 38.127
2 24 20.625 -4 29.097 20.625 -4 30.347
2 24 19.375 -8 13.543 20 -8 13.543
2 24 19.375 -8 32.988 20 -8 32.988
2 24 19.375 -8 38.127 20 -8 38.127
2 24 20.625 -24.75 5.765 20.625 -4 5.765
2 24 19.375 -8 29.097 20 -8 29.097
2 24 19.375 -8 9.652 19.375 -8 10.902
2 24 20 -8 13.543 20 -4 13.543
2 24 19.375 -24.75 21.32 19.375 -8 21.32
2 24 19.375 -8 26.46 20 -8 26.46
2 24 19.375 -24.75 38.127 19.375 -8 38.127
2 24 20.625 -24.75 7.015 20.625 -4 7.015
2 24 20 -4 32.988 20.625 -4 32.988
2 24 19.375 -8 21.32 20 -8 21.32
2 24 20 -8 26.46 20 -4 26.46
2 24 18.125 -11.875 0 19.375 -11.875 0
2 24 20 -8 29.097 20 -8 30.347
2 24 20.625 -24.75 26.46 20.625 -4 26.46
2 24 19.375 -24.75 13.543 20.625 -24.75 13.543
2 24 18.125 -20.875 0 18.125 -20.875 40
2 24 19.375 -8 30.347 20 -8 30.347
2 24 19.375 -24.75 1.875 19.375 -8 1.875
2 24 20 -4 38.127 20.625 -4 38.127
2 24 19.375 -24.75 32.988 20.625 -24.75 32.988
2 24 20 -8 1.875 20 -8 3.125
2 24 20 -8 18.683 20 -4 18.683
2 24 20 -4 32.988 20 -4 34.238
2 24 19.375 -20.875 0 19.375 -20.875 40
2 24 19.375 -8 36.877 20 -8 36.877
2 24 19.375 -8 13.543 19.375 -8 14.793
2 24 20.625 -4 21.32 20.625 -4 22.57
2 24 19.375 -8 17.432 20 -8 17.432
2 24 19.375 -24.75 5.765 19.375 -8 5.765
2 24 20.625 -24.75 1.875 20.625 -4 1.875
2 24 19.375 -24.75 36.877 20.625 -24.75 36.877
2 24 20.625 -4 25.21 20.625 -4 26.46
2 24 19.375 -22.125 0 19.375 -22.125 40
2 24 20 -4 10.902 20.625 -4 10.902
2 24 20 -8 5.765 20 -4 5.765
2 24 20.625 -24.75 34.238 20.625 -4 34.238
2 24 20 -4 18.683 20.625 -4 18.683
2 24 19.375 -22.125 0 19.375 -20.875 0
2 24 20.625 -24.75 25.21 20.625 -24.75 26.46
2 24 19.375 -8 29.097 19.375 -8 30.347
2 24 20.625 -4 32.988 20.625 -4 34.238
2 24 19.375 -24.75 1.875 20.625 -24.75 1.875
2 24 20 -4 13.543 20 -4 14.793
2 24 20 -4 21.32 20.625 -4 21.32
2 24 19.375 -24.75 18.683 20.625 -24.75 18.683
2 24 19.375 -24.75 26.46 20.625 -24.75 26.46
2 24 18.125 -13.125 40 18.125 -11.875 40
2 24 18.125 -20.875 40 19.375 -20.875 40
2 24 19.375 -8 32.988 19.375 -8 34.238
2 24 20.625 -4 9.652 20.625 -4 10.902
2 24 19.375 -24.75 34.238 19.375 -8 34.238
2 24 20.625 -24.75 21.32 20.625 -24.75 22.57
2 24 19.375 -24.75 3.125 19.375 -8 3.125
2 24 19.375 -24.75 13.543 19.375 -8 13.543
2 24 18.125 -13.125 0 18.125 -11.875 0
2 24 18.125 -22.125 0 18.125 -20.875 0
2 24 18.125 -20.875 0 19.375 -20.875 0
2 24 18.125 -11.875 0 18.125 -11.875 40
2 24 20.625 -24.75 5.765 20.625 -24.75 7.015
2 24 20.625 -24.75 36.877 20.625 -4 36.877
2 24 20.625 -24.75 13.543 20.625 -4 13.543
2 24 19.375 -24.75 32.988 19.375 -8 32.988
2 24 19.375 -24.75 3.125 20.625 -24.75 3.125
2 24 19.375 -13.125 40 19.375 -11.875 40
2 24 20.625 -24.75 18.683 20.625 -4 18.683
2 24 19.375 -24.75 29.097 20.625 -24.75 29.097
2 24 20 -8 5.765 20 -8 7.015
2 24 20 -8 13.543 20 -8 14.793
2 24 18.125 -22.125 40 19.375 -22.125 40
2 24 20.625 -24.75 17.432 20.625 -24.75 18.683
2 24 19.375 -24.75 30.347 20.625 -24.75 30.347
2 24 20 -4 21.32 20 -4 22.57
2 24 19.375 -24.75 9.652 19.375 -24.75 10.902
2 24 19.375 -24.75 21.32 20.625 -24.75 21.32
2 24 19.375 -24.75 22.57 19.375 -8 22.57
2 24 18.125 -22.125 0 18.125 -22.125 40
2 24 19.375 -8 5.765 20 -8 5.765
2 24 19.375 -24.75 14.793 20.625 -24.75 14.793
2 24 19.375 -8 7.015 20 -8 7.015
2 24 20 -4 5.765 20.625 -4 5.765
2 24 20 -8 36.877 20 -4 36.877
2 24 19.375 -24.75 17.432 20.625 -24.75 17.432
2 24 20.625 -4 17.432 20.625 -4 18.683
2 24 20 -8 38.127 20 -4 38.127
2 24 20.625 -24.75 17.432 20.625 -4 17.432
2 24 19.375 -24.75 10.902 20.625 -24.75 10.902
2 24 20.625 -24.75 13.543 20.625 -24.75 14.793
2 24 19.375 -8 21.32 19.375 -8 22.57
2 24 19.375 -8 17.432 19.375 -8 18.683
2 24 19.375 -24.75 34.238 20.625 -24.75 34.238
2 24 20 -4 14.793 20.625 -4 14.793
2 24 20 -4 9.652 20 -4 10.902
2 24 20 -8 21.32 20 -8 22.57
2 24 20 -4 34.238 20.625 -4 34.238
2 24 20 -4 29.097 20 -4 30.347
2 24 20 -8 17.432 20 -4 17.432
2 24 20 -8 34.238 20 -4 34.238
2 24 19.375 -8 5.765 19.375 -8 7.015
2 24 19.375 -24.75 1.875 19.375 -24.75 3.125
2 24 18.125 -22.125 0 19.375 -22.125 0
2 24 20.625 -24.75 21.32 20.625 -4 21.32
2 24 19.375 -24.75 25.21 19.375 -24.75 26.46
2 24 20 -8 30.347 20 -4 30.347
2 24 20.625 -4 36.877 20.625 -4 38.127
2 24 19.375 -24.75 13.543 19.375 -24.75 14.793
2 24 20 -8 3.125 20 -4 3.125
2 24 19.375 -24.75 32.988 19.375 -24.75 34.238
2 24 20 -8 21.32 20 -4 21.32
2 24 20 -4 5.765 20 -4 7.015
2 24 20 -8 32.988 20 -8 34.238
2 24 20.625 -24.75 9.652 20.625 -4 9.652
2 24 20 -8 9.652 20 -4 9.652
2 24 20.625 -24.75 10.902 20.625 -4 10.902
2 24 20 -8 29.097 20 -4 29.097
2 24 19.375 -8 3.125 20 -8 3.125
2 24 19.375 -24.75 9.652 20.625 -24.75 9.652
2 24 18.125 -13.125 0 18.125 -13.125 40
2 24 20 -8 25.21 20 -8 26.46
2 24 20 -4 26.46 20.625 -4 26.46
2 24 19.375 -24.75 25.21 20.625 -24.75 25.21
2 24 19.375 -24.75 5.765 20.625 -24.75 5.765
2 24 20.625 -24.75 14.793 20.625 -4 14.793
2 24 19.375 -22.125 40 19.375 -20.875 40
2 24 20 -4 30.347 20.625 -4 30.347
2 24 19.375 -24.75 29.097 19.375 -24.75 30.347
2 24 19.375 -8 1.875 19.375 -8 3.125
2 24 19.375 -24.75 9.652 19.375 -8 9.652
2 24 18.125 -13.125 40 19.375 -13.125 40
2 24 19.375 -24.75 29.097 19.375 -8 29.097
2 24 19.375 -24.75 30.347 19.375 -8 30.347
2 24 20.625 -4 13.543 20.625 -4 14.793
2 24 19.375 -8 34.238 20 -8 34.238
2 24 20 -4 1.875 20.625 -4 1.875
2 24 20 -4 29.097 20.625 -4 29.097
2 24 20 -4 13.543 20.625 -4 13.543
2 24 20 -4 3.125 20.625 -4 3.125
2 24 19.375 -8 22.57 20 -8 22.57
2 24 20 -4 22.57 20.625 -4 22.57
2 24 19.375 -24.75 36.877 19.375 -24.75 38.127
2 24 18.125 -13.125 0 19.375 -13.125 0
2 24 19.375 -24.75 36.877 19.375 -8 36.877
2 24 19.375 -8 25.21 19.375 -8 26.46
2 24 19.375 -24.75 26.46 19.375 -8 26.46
2 24 20 -4 25.21 20 -4 26.46
2 24 18.125 -11.875 40 19.375 -11.875 40
2 24 20 -4 36.877 20.625 -4 36.877
2 24 20 -4 9.652 20.625 -4 9.652
2 24 20 -8 1.875 20 -4 1.875
2 24 20 -4 1.875 20 -4 3.125
2 24 20.625 -4 1.875 20.625 -4 3.125
2 24 19.375 -24.75 14.793 19.375 -8 14.793
2 24 20 -8 14.793 20 -4 14.793
2 24 20.625 -24.75 25.21 20.625 -4 25.21
2 24 20 -8 7.015 20 -4 7.015
2 24 20.625 -24.75 9.652 20.625 -24.75 10.902
2 24 19.375 -8 9.652 20 -8 9.652
2 24 20.625 -24.75 29.097 20.625 -4 29.097
2 24 20 -8 32.988 20 -4 32.988
2 24 20 -8 10.902 20 -4 10.902
2 24 19.375 -24.75 17.432 19.375 -24.75 18.683
2 24 19.375 -24.75 25.21 19.375 -8 25.21
2 24 19.375 -8 10.902 20 -8 10.902
2 24 20.625 -24.75 38.127 20.625 -4 38.127
2 24 19.375 -24.75 10.902 19.375 -8 10.902
2 24 19.375 -11.875 0 19.375 -11.875 40
2 24 20.625 -24.75 1.875 20.625 -24.75 3.125
2 24 19.375 -13.125 0 19.375 -13.125 40
2 24 20 -4 36.877 20 -4 38.127
2 24 18.125 -22.125 40 18.125 -20.875 40
2 24 20.625 -24.75 3.125 20.625 -4 3.125
2 24 19.375 -13.125 0 19.375 -11.875 0
2 24 20.625 -4 5.765 20.625 -4 7.015
2 24 20.625 -24.75 22.57 20.625 -4 22.57
2 24 19.375 -24.75 18.683 19.375 -8 18.683
2 24 19.375 -8 14.793 20 -8 14.793
2 24 20 -8 9.652 20 -8 10.902
2 24 20 -4 17.432 20.625 -4 17.432
2 24 19.375 -24.75 7.015 20.625 -24.75 7.015
2 24 20 -8 17.432 20 -8 18.683
