0 Cabina Nueva Puerta    |R:R
0 Name: cabnuept.dat
0 Author: betatron & jasolo
0 ROTATION CENTER 52.576 -24 7.5 0 "bisagra"
0 ROTATION CONFIG 1 0
0 BFC CERTIFY CCW
3 16 57.5 -32 67.5 60 -32 80 57.5 -32 68.75
3 16 57.5 0 68.75 60 0 80 57.5 0 67.5
3 16 60 -32 80 57.5 -32 80 57.5 -32 68.75
3 16 50.114 -24 7.934 48.246 -24 10 50.114 -24 7.066
3 16 50.114 -24 7.066 48.246 -24 5 50.411 -24 6.25
3 16 52 -24 40 57.5 -32 40 53.25 -24 40
3 16 53.25 -24 67.5 57.5 -32 67.5 52 -24 67.5
4 16 59.5 -19.75 77.5 59.5 -12.25 77.5 60 -12.25 77.5 60 -19.75 77.5
3 16 48.246 -24 10 48.246 -24 5 50.114 -24 7.066
3 16 48.246 -8 5 48.246 -8 10 50.114 -8 7.066
3 16 48.246 -8 5 50.114 -8 7.066 50.411 -8 6.25
3 16 52 -8 67.5 57.5 0 67.5 53.25 -8 67.5
3 16 52 -8 40 53.25 -8 40 57.5 0 40
4 16 60 -32 20 57.5 -24 21.307 57.5 -8 21.307 60 0 20
3 16 60 -32 20 57.5 -32 38.75 57.5 -32 21.307
3 16 57.5 0 38.75 60 0 20 57.5 0 21.307
3 16 57.5 0 40 60 0 20 57.5 0 38.75
3 16 57.5 -32 38.75 60 -32 20 57.5 -32 40
3 16 60 0 20 57.5 -8 21.307 57.5 0 21.307
3 16 57.5 -8 21.307 57.839 -8 23.804 57.5 0 21.307
3 16 57.5 0 21.307 57.839 -8 23.804 57.5 0 38.75
3 16 60 -32 20 57.5 -32 21.307 57.5 -24 21.307
3 16 57.839 -24 23.804 57.5 -24 21.307 57.5 -32 21.307
3 16 57.5 -32 21.307 57.5 -32 38.75 57.839 -24 23.804
4 16 60 -12.25 77.5 60 0 80 60 -32 80 60 -19.75 77.5
4 16 60 -19.75 67.5 60 -19.75 77.5 60 -32 80 60 -32 20
4 16 57.5 -8 6.632 55.038 -8 7.066 55.038 -8 7.934 57.5 -8 8.368
4 16 42.332 -24 21.719 43.826 -24 19.647 46.549 -24 20.997 45.52 -24 23.3
4 16 52.576 -8 24.602 52.576 -8 22.109 49.503 -8 21.828 48.979 -8 24.273
4 16 56.173 -8 24.273 55.649 -8 21.828 52.576 -8 22.109 52.576 -8 24.602
3 16 48.246 -8 10 50.114 -8 7.934 50.114 -8 7.066
4 16 55.79 -24 11.33 54.183 -24 9.415 54.741 -24 8.75 56.906 -24 10
4 16 54.286 -8 2.802 53.431 -8 5.151 54.183 -8 5.585 55.79 -8 3.67
4 16 50.969 -8 9.415 49.362 -8 11.33 50.866 -8 12.198 51.721 -8 9.849
4 16 53.431 -8 9.849 54.286 -8 12.198 55.79 -8 11.33 54.183 -8 9.415
4 16 52.576 -24 2.5 52.576 -24 5 51.721 -24 5.151 50.866 -24 2.802
4 16 48.979 -24 24.273 49.503 -24 21.828 52.576 -24 22.109 52.576 -24 24.602
4 16 54.286 -8 12.198 53.431 -8 9.849 52.576 -8 10 52.576 -8 12.5
4 16 48.246 -8 10 43.088 -8 19.085 43.088 -24 19.085 48.246 -24 10
4 16 51.721 -8 9.849 50.866 -8 12.198 52.576 -8 12.5 52.576 -8 10
4 16 49.362 -8 3.67 50.969 -8 5.585 51.721 -8 5.151 50.866 -8 2.802
4 16 52.576 -8 5 52.576 -8 2.5 50.866 -8 2.802 51.721 -8 5.151
4 16 52.576 -24 24.602 52.576 -24 22.109 55.649 -24 21.828 56.173 -24 24.273
4 16 57.5 -8 8.368 55.038 -8 7.934 54.741 -8 8.75 56.906 -8 10
4 16 55.79 -8 3.67 54.183 -8 5.585 54.741 -8 6.25 56.906 -8 5
4 16 54.183 -8 9.415 55.79 -8 11.33 56.906 -8 10 54.741 -8 8.75
4 16 60 -19.75 67.5 60 -32 20 60 0 20 60 -12.25 67.5
4 16 59.5 -12.25 77.5 59.5 -12.25 67.5 60 -12.25 67.5 60 -12.25 77.5
4 16 55.038 -24 7.066 57.5 -24 6.632 57.5 -24 8.368 55.038 -24 7.934
4 16 54.183 -24 5.585 55.79 -24 3.67 56.906 -24 5 54.741 -24 6.25
4 16 55.79 -8 3.67 55.79 -24 3.67 54.286 -24 2.802 54.286 -8 2.802
4 16 52 -8 68.75 52 -8 67.5 52 -24 67.5 52 -24 68.75
4 16 50.866 -24 2.802 50.866 -8 2.802 52.576 -8 2.5 52.576 -24 2.5
4 16 59.5 -17.25 77.25 59.5 -17.25 67.75 60 -17.25 67.75 60 -17.25 77.25
4 16 53.431 -17 9.849 53.431 -24 9.849 52.576 -24 10 52.576 -17 10
4 16 43.826 -8 19.647 43.826 -24 19.647 43.088 -24 19.085 43.088 -8 19.085
4 16 50.969 -15 5.585 50.969 -8 5.585 50.411 -8 6.25 50.411 -15 6.25
4 16 52.576 -8 12.5 52.576 -24 12.5 54.286 -24 12.198 54.286 -8 12.198
4 16 54.286 -8 12.198 54.286 -24 12.198 55.79 -24 11.33 55.79 -8 11.33
4 16 53.431 -17 5.151 53.431 -24 5.151 54.183 -24 5.585 54.183 -17 5.585
4 16 49.362 -8 3.67 49.362 -24 3.67 48.246 -24 5 48.246 -8 5
4 16 55.79 -8 11.33 55.79 -24 11.33 56.906 -24 10 56.906 -8 10
4 16 60 -14.75 67.75 60 -17.25 67.75 59.5 -17.25 67.75 59.5 -14.75 67.75
4 16 56.173 -24 24.273 56.173 -8 24.273 52.576 -8 24.602 52.576 -24 24.602
3 16 50.114 -24 7.934 50.411 -24 8.75 48.246 -24 10
3 16 48.246 -8 10 50.411 -8 8.75 50.114 -8 7.934
4 16 57.839 -24 23.804 57.5 -32 38.75 57.5 0 38.75 57.839 -8 23.804
4 16 51.721 -15 5.151 51.721 -8 5.151 50.969 -8 5.585 50.969 -15 5.585
4 16 45.52 -24 23.3 45.52 -8 23.3 42.332 -8 21.719 42.332 -24 21.719
4 16 52.576 -24 2.5 52.576 -8 2.5 54.286 -8 2.802 54.286 -24 2.802
3 16 43.088 -8 19.085 40.804 -8 20.554 41.667 -8 21.213
4 16 57.839 -24 23.804 56.173 -24 24.273 55.649 -24 21.828 57.5 -24 21.307
4 16 43.826 -8 19.647 43.088 -8 19.085 41.667 -8 21.213 42.332 -8 21.719
4 16 55.649 -8 21.828 57.5 -8 21.307 57.5 -24 21.307 55.649 -24 21.828
4 16 45.52 -24 23.3 46.549 -24 20.997 49.503 -24 21.828 48.979 -24 24.273
4 16 50.866 -8 2.802 50.866 -24 2.802 49.362 -24 3.67 49.362 -8 3.67
4 16 54.741 -15 6.25 54.741 -8 6.25 54.183 -8 5.585 54.183 -15 5.585
4 16 57.5 0 67.5 52 -8 67.5 52 -8 68.75 57.5 0 68.75
4 16 52.576 -17 10 52.576 -24 10 51.721 -24 9.849 51.721 -17 9.849
4 16 57.5 0 67.5 57.5 -32 67.5 53.25 -24 67.5 53.25 -8 67.5
4 16 46.549 -8 20.997 45.52 -8 23.3 48.979 -8 24.273 49.503 -8 21.828
4 16 52 -24 68.75 57.5 -32 68.75 57.5 0 68.75 52 -8 68.75
4 16 59.5 -17.25 67.75 59.5 -17.25 77.25 59.5 -19.75 77.5 59.5 -19.75 67.5
4 16 43.826 -8 19.647 42.332 -8 21.719 45.52 -8 23.3 46.549 -8 20.997
4 16 50.411 -17 8.75 50.411 -24 8.75 50.114 -24 7.934 50.114 -17 7.934
4 16 55.79 -24 3.67 55.79 -8 3.67 56.906 -8 5 56.906 -24 5
4 16 55.038 -15 7.934 55.038 -8 7.934 55.038 -8 7.066 55.038 -15 7.066
4 16 50.411 -8 6.25 50.969 -8 5.585 49.362 -8 3.67 48.246 -8 5
4 16 52.576 -24 24.602 52.576 -8 24.602 48.979 -8 24.273 48.979 -24 24.273
4 16 59.5 -14.75 77.25 59.5 -14.75 67.75 59.5 -12.25 67.5 59.5 -12.25 77.5
4 16 50.411 -24 6.25 48.246 -24 5 49.362 -24 3.67 50.969 -24 5.585
4 16 50.411 -15 8.75 50.411 -8 8.75 50.969 -8 9.415 50.969 -15 9.415
4 16 55.038 -17 7.934 55.038 -24 7.934 54.741 -24 8.75 54.741 -17 8.75
4 16 56.906 -8 5 54.741 -8 6.25 55.038 -8 7.066 57.5 -8 6.632
3 16 40.804 -24 20.554 43.088 -24 19.085 41.667 -24 21.213
4 16 50.969 -24 5.585 49.362 -24 3.67 50.866 -24 2.802 51.721 -24 5.151
4 16 60 -17.25 77.25 60 -14.75 77.25 59.5 -14.75 77.25 59.5 -17.25 77.25
4 16 57.5 -8 6.632 57.5 -24 6.632 56.906 -24 5 56.906 -8 5
4 16 59.5 -14.75 67.75 59.5 -14.75 77.25 60 -14.75 77.25 60 -14.75 67.75
4 16 41.667 -8 21.213 40.804 -8 20.554 40.804 -24 20.554 41.667 -24 21.213
4 16 48.246 -8 10 48.246 -8 5 40.429 -8 18.706 43.088 -8 19.085
4 16 60 -32 80 60 0 80 57.5 0 80 57.5 -32 80
4 16 54.286 -24 2.802 53.431 -24 5.151 52.576 -24 5 52.576 -24 2.5
4 16 49.503 -24 21.828 49.503 -8 21.828 52.576 -8 22.109 52.576 -24 22.109
4 16 52 -24 67.5 52 -24 40 53.25 -24 40 53.25 -24 67.5
4 16 53.431 -15 5.151 53.431 -8 5.151 52.576 -8 5 52.576 -15 5
4 16 54.741 -17 8.75 54.741 -24 8.75 54.183 -24 9.415 54.183 -17 9.415
4 16 52.576 -24 12.5 52.576 -24 10 53.431 -24 9.849 54.286 -24 12.198
4 16 53.431 -15 9.849 53.431 -8 9.849 54.183 -8 9.415 54.183 -15 9.415
4 16 43.826 -24 19.647 42.332 -24 21.719 41.667 -24 21.213 43.088 -24 19.085
4 16 50.114 -15 7.066 50.114 -8 7.066 50.114 -8 7.934 50.114 -15 7.934
4 16 54.286 -24 12.198 53.431 -24 9.849 54.183 -24 9.415 55.79 -24 11.33
4 16 60 -14.75 67.75 60 -14.75 77.25 60 -17.25 77.25 60 -17.25 67.75
4 16 50.866 -8 12.198 50.866 -24 12.198 52.576 -24 12.5 52.576 -8 12.5
4 16 43.826 -24 19.647 43.826 -8 19.647 46.549 -8 20.997 46.549 -24 20.997
4 16 52 -24 40 52 -24 67.5 52 -8 67.5 52 -8 40
4 16 53.431 -24 5.151 54.286 -24 2.802 55.79 -24 3.67 54.183 -24 5.585
4 16 52.576 -8 2.5 52.576 -8 5 53.431 -8 5.151 54.286 -8 2.802
4 16 56.906 -8 10 56.906 -24 10 57.5 -24 8.368 57.5 -8 8.368
4 16 57.5 -8 8.368 57.5 -24 8.368 57.5 -24 6.632 57.5 -8 6.632
4 16 57.5 -32 40 57.5 -32 67.5 57.5 0 67.5 57.5 0 40
4 16 59.5 -14.75 77.25 59.5 -12.25 77.5 59.5 -19.75 77.5 59.5 -17.25 77.25
4 16 53.25 -8 67.5 53.25 -8 40 52 -8 40 52 -8 67.5
4 16 59.5 -12.25 67.5 59.5 -14.75 67.75 59.5 -17.25 67.75 59.5 -19.75 67.5
4 16 49.362 -24 11.33 50.969 -24 9.415 51.721 -24 9.849 50.866 -24 12.198
4 16 41.667 -8 21.213 41.667 -24 21.213 42.332 -24 21.719 42.332 -8 21.719
4 16 50.411 -8 8.75 48.246 -8 10 49.362 -8 11.33 50.969 -8 9.415
4 16 57.5 0 40 57.5 0 38.75 52 -8 38.75 52 -8 40
4 16 43.088 -24 19.085 40.429 -24 18.706 48.246 -24 5 48.246 -24 10
4 16 53.25 -24 40 53.25 -8 40 53.25 -8 67.5 53.25 -24 67.5
4 16 56.906 -24 10 54.741 -24 8.75 55.038 -24 7.934 57.5 -24 8.368
4 16 52 -24 38.75 57.5 -32 38.75 57.5 -32 40 52 -24 40
4 16 50.866 -24 12.198 51.721 -24 9.849 52.576 -24 10 52.576 -24 12.5
4 16 50.866 -24 12.198 50.866 -8 12.198 49.362 -8 11.33 49.362 -24 11.33
4 16 57.839 -8 23.804 56.173 -8 24.273 56.173 -24 24.273 57.839 -24 23.804
4 16 49.503 -8 21.828 49.503 -24 21.828 46.549 -24 20.997 46.549 -8 20.997
4 16 52 -24 67.5 57.5 -32 67.5 57.5 -32 68.75 52 -24 68.75
4 16 57.839 -8 23.804 57.5 -8 21.307 55.649 -8 21.828 56.173 -8 24.273
4 16 52.576 -15 5 52.576 -8 5 51.721 -8 5.151 51.721 -15 5.151
4 16 57.5 -24 6.632 55.038 -24 7.066 54.741 -24 6.25 56.906 -24 5
4 16 52 -8 38.75 57.5 0 38.75 57.5 -32 38.75 52 -24 38.75
4 16 50.969 -24 9.415 49.362 -24 11.33 48.246 -24 10 50.411 -24 8.75
4 16 51.721 -17 9.849 51.721 -24 9.849 50.969 -24 9.415 50.969 -17 9.415
4 16 50.411 -15 6.25 50.411 -8 6.25 50.114 -8 7.066 50.114 -15 7.066
4 16 57.5 0 68.75 57.5 -32 68.75 57.5 -32 80 57.5 0 80
4 16 57.5 -32 40 57.5 0 40 53.25 -8 40 53.25 -24 40
4 16 60 0 20 57.5 0 40 57.5 0 67.5 60 0 80
3 16 60 0 80 57.5 0 68.75 57.5 0 80
4 16 52.576 -24 22.109 52.576 -8 22.109 55.649 -8 21.828 55.649 -24 21.828
4 16 52 -8 40 52 -8 38.75 52 -24 38.75 52 -24 40
4 16 60 -12.25 67.5 60 0 20 60 0 80 60 -12.25 77.5
4 16 59.5 -12.25 67.5 59.5 -19.75 67.5 60 -19.75 67.5 60 -12.25 67.5
4 16 60 -19.75 77.5 60 -19.75 67.5 59.5 -19.75 67.5 59.5 -19.75 77.5
4 16 54.741 -17 6.25 54.741 -24 6.25 55.038 -24 7.066 55.038 -17 7.066
4 16 49.362 -24 11.33 49.362 -8 11.33 48.246 -8 10 48.246 -24 10
4 16 48.979 -24 24.273 48.979 -8 24.273 45.52 -8 23.3 45.52 -24 23.3
4 16 54.741 -8 6.25 54.741 -15 6.25 55.038 -15 7.066 55.038 -8 7.066
3 16 50.114 -15 7.934 50.411 -15 8.75 52.576 -15 7.5
4 16 50.411 -24 6.25 50.411 -17 6.25 50.114 -17 7.066 50.114 -24 7.066
3 16 53.431 -17 9.849 52.576 -17 10 52.576 -17 7.5
4 16 51.721 -8 9.849 51.721 -15 9.849 50.969 -15 9.415 50.969 -8 9.415
3 16 50.114 -17 7.934 50.114 -17 7.066 52.576 -17 7.5
4 16 52.576 -24 5 52.576 -17 5 51.721 -17 5.151 51.721 -24 5.151
3 16 55.038 -15 7.934 55.038 -15 7.066 52.576 -15 7.5
4 16 50.114 -24 7.066 50.114 -17 7.066 50.114 -17 7.934 50.114 -24 7.934
3 16 52.576 -15 10 53.431 -15 9.849 52.576 -15 7.5
4 16 53.431 -24 9.849 53.431 -17 9.849 54.183 -17 9.415 54.183 -24 9.415
3 16 52.576 -15 5 51.721 -15 5.151 52.576 -15 7.5
4 16 54.741 -8 8.75 54.741 -15 8.75 54.183 -15 9.415 54.183 -8 9.415
3 16 55.038 -17 7.066 55.038 -17 7.934 52.576 -17 7.5
4 16 53.431 -24 5.151 53.431 -17 5.151 52.576 -17 5 52.576 -24 5
3 16 50.969 -15 5.585 50.411 -15 6.25 52.576 -15 7.5
4 16 55.038 -8 7.934 55.038 -15 7.934 54.741 -15 8.75 54.741 -8 8.75
3 16 51.721 -17 5.151 52.576 -17 5 52.576 -17 7.5
4 16 50.411 -24 8.75 50.411 -17 8.75 50.969 -17 9.415 50.969 -24 9.415
3 16 50.411 -15 8.75 50.969 -15 9.415 52.576 -15 7.5
4 16 55.038 -24 7.934 55.038 -17 7.934 55.038 -17 7.066 55.038 -24 7.066
3 16 50.411 -17 6.25 50.969 -17 5.585 52.576 -17 7.5
4 16 50.411 -8 8.75 50.411 -15 8.75 50.114 -15 7.934 50.114 -8 7.934
3 16 51.721 -17 9.849 50.969 -17 9.415 52.576 -17 7.5
4 16 52.576 -8 10 52.576 -15 10 51.721 -15 9.849 51.721 -8 9.849
3 16 50.969 -17 9.415 50.411 -17 8.75 52.576 -17 7.5
4 16 54.741 -24 6.25 54.741 -17 6.25 54.183 -17 5.585 54.183 -24 5.585
3 16 53.431 -17 5.151 54.183 -17 5.585 52.576 -17 7.5
4 16 51.721 -24 5.151 51.721 -17 5.151 50.969 -17 5.585 50.969 -24 5.585
3 16 50.969 -15 9.415 51.721 -15 9.849 52.576 -15 7.5
4 16 53.431 -8 5.151 53.431 -15 5.151 54.183 -15 5.585 54.183 -8 5.585
3 16 55.038 -17 7.934 54.741 -17 8.75 52.576 -17 7.5
4 16 50.969 -24 5.585 50.969 -17 5.585 50.411 -17 6.25 50.411 -24 6.25
3 16 54.183 -15 5.585 53.431 -15 5.151 52.576 -15 7.5
4 16 53.431 -8 9.849 53.431 -15 9.849 52.576 -15 10 52.576 -8 10
3 16 50.411 -15 6.25 50.114 -15 7.066 52.576 -15 7.5
3 16 50.114 -15 7.066 50.114 -15 7.934 52.576 -15 7.5
3 16 50.411 -17 8.75 50.114 -17 7.934 52.576 -17 7.5
3 16 54.183 -17 9.415 53.431 -17 9.849 52.576 -17 7.5
3 16 51.721 -15 9.849 52.576 -15 10 52.576 -15 7.5
3 16 53.431 -15 9.849 54.183 -15 9.415 52.576 -15 7.5
3 16 52.576 -17 10 51.721 -17 9.849 52.576 -17 7.5
3 16 54.183 -15 9.415 54.741 -15 8.75 52.576 -15 7.5
3 16 54.183 -17 5.585 54.741 -17 6.25 52.576 -17 7.5
3 16 54.741 -17 8.75 54.183 -17 9.415 52.576 -17 7.5
3 16 55.038 -15 7.066 54.741 -15 6.25 52.576 -15 7.5
3 16 54.741 -15 6.25 54.183 -15 5.585 52.576 -15 7.5
3 16 52.576 -17 5 53.431 -17 5.151 52.576 -17 7.5
3 16 54.741 -17 6.25 55.038 -17 7.066 52.576 -17 7.5
3 16 50.969 -17 5.585 51.721 -17 5.151 52.576 -17 7.5
3 16 53.431 -15 5.151 52.576 -15 5 52.576 -15 7.5
3 16 50.114 -17 7.066 50.411 -17 6.25 52.576 -17 7.5
3 16 51.721 -15 5.151 50.969 -15 5.585 52.576 -15 7.5
3 16 54.741 -15 8.75 55.038 -15 7.934 52.576 -15 7.5
3 16 40.804 -24 20.554 40.47 -24 20.18 43.088 -24 19.085
3 16 40.47 -24 20.18 40.282 -24 19.698 43.088 -24 19.085
3 16 40.282 -24 19.698 40.267 -24 19.18 43.088 -24 19.085
3 16 40.267 -24 19.18 40.429 -24 18.706 43.088 -24 19.085
3 16 40.429 -8 18.706 40.267 -8 19.18 43.088 -8 19.085
3 16 40.267 -8 19.18 40.282 -8 19.698 43.088 -8 19.085
3 16 40.282 -8 19.698 40.47 -8 20.18 43.088 -8 19.085
3 16 40.47 -8 20.18 40.804 -8 20.554 43.088 -8 19.085
4 16 40.804 -24 20.554 40.804 -8 20.554 40.47 -8 20.18 40.47 -24 20.18
4 16 40.47 -24 20.18 40.47 -8 20.18 40.282 -8 19.698 40.282 -24 19.698
4 16 40.267 -8 19.18 40.267 -24 19.18 40.282 -24 19.698 40.282 -8 19.698
4 16 40.267 -24 19.18 40.267 -8 19.18 40.429 -8 18.706 40.429 -24 18.706
4 16 40.429 -8 18.706 48.246 -8 5 48.246 -24 5 40.429 -24 18.706
4 16 60 -32 80 57.5 -32 67.5 57.5 -32 40 60 -32 20
2 24 57.5 0 21.307 57.5 0 38.75
2 24 40.429 -8 18.706 48.246 -8 5
2 24 50.969 -17 9.415 51.721 -17 9.849
2 24 52 -24 68.75 52 -8 68.75
2 24 50.866 -24 12.198 52.576 -24 12.5
2 24 57.5 0 21.307 60 0 20
2 24 55.79 -8 11.33 56.906 -8 10
2 24 40.47 -8 20.18 40.804 -8 20.554
2 24 50.114 -17 7.066 50.114 -17 7.934
5 24 50.969 -24 5.585 50.969 -17 5.585 51.721 -24 5.151 50.411 -24 6.25
2 24 51.721 -17 5.151 52.576 -17 5
5 24 52.576 -24 22.109 52.576 -8 22.109 49.503 -24 21.828 55.649 -24 21.828
2 24 56.906 -24 10 57.5 -24 8.368
2 24 50.411 -15 8.75 50.969 -15 9.415
2 24 53.431 -24 9.849 54.183 -24 9.415
2 24 53.25 -24 67.5 53.25 -8 67.5
2 24 52 -24 38.75 52 -24 40
2 24 50.969 -15 9.415 51.721 -15 9.849
5 24 48.979 -24 24.273 48.979 -8 24.273 52.576 -24 24.602 45.52 -24 23.3
2 24 54.741 -8 8.75 55.038 -8 7.934
2 24 55.649 -24 21.828 57.5 -24 21.307
2 24 60 -19.75 67.5 60 -12.25 67.5
5 24 54.183 -24 5.585 54.183 -17 5.585 53.431 -24 5.151 54.741 -24 6.25
5 24 55.038 -24 7.066 55.038 -17 7.066 54.741 -24 6.25 55.038 -24 7.934
2 24 57.5 -32 80 60 -32 80
5 24 50.866 -24 12.198 50.866 -8 12.198 52.576 -24 12.5 49.362 -24 11.33
5 24 43.826 -24 19.647 43.826 -8 19.647 43.088 -24 19.085 46.549 -24 20.997
2 24 53.431 -24 5.151 54.183 -24 5.585
2 24 40.282 -8 19.698 40.47 -8 20.18
2 24 55.79 -24 3.67 56.906 -24 5
5 24 52.576 -24 2.5 52.576 -8 2.5 50.866 -24 2.802 54.286 -24 2.802
5 24 52.576 -24 24.602 52.576 -8 24.602 56.173 -24 24.273 48.979 -24 24.273
2 24 41.667 -8 21.213 42.332 -8 21.719
2 24 52.576 -8 22.109 55.649 -8 21.828
2 24 54.741 -17 8.75 55.038 -17 7.934
2 24 42.332 -24 21.719 45.52 -24 23.3
2 24 60 -12.25 67.5 60 -12.25 77.5
2 24 53.431 -8 9.849 54.183 -8 9.415
2 24 52.576 -24 24.602 56.173 -24 24.273
2 24 60 0 20 60 0 80
5 24 57.5 0 38.75 57.839 -8 23.804 57.5 0 21.307 57.5 -32 38.75
2 24 40.267 -24 19.18 40.429 -24 18.706
2 24 52 -8 40 52 -8 67.5
2 24 50.969 -15 5.585 51.721 -15 5.151
2 24 43.088 -8 19.085 48.246 -8 10
2 24 59.5 -19.75 67.5 59.5 -12.25 67.5
5 24 54.183 -15 9.415 54.183 -8 9.415 53.431 -15 9.849 54.741 -15 8.75
2 24 56.906 -8 5 57.5 -8 6.632
2 24 57.5 -32 80 57.5 0 80
2 24 50.411 -8 8.75 50.969 -8 9.415
2 24 50.114 -24 7.066 50.411 -24 6.25
2 24 48.246 -24 10 49.362 -24 11.33
5 24 54.183 -15 5.585 54.183 -8 5.585 54.741 -15 6.25 53.431 -15 5.151
2 24 54.286 -24 2.802 55.79 -24 3.67
2 24 60 -17.25 67.75 60 -17.25 77.25
2 24 56.906 -8 10 57.5 -8 8.368
5 24 56.173 -24 24.273 56.173 -8 24.273 52.576 -24 24.602 57.839 -24 23.804
2 24 43.088 -24 19.085 43.826 -24 19.647
2 24 54.183 -24 5.585 54.741 -24 6.25
2 24 54.286 -8 2.802 55.79 -8 3.67
2 24 59.5 -19.75 67.5 60 -19.75 67.5
2 24 52 -8 38.75 57.5 0 38.75
2 24 54.183 -15 9.415 54.741 -15 8.75
2 24 57.5 -32 40 57.5 -32 67.5
5 24 53.431 -24 9.849 53.431 -17 9.849 52.576 -24 10 54.183 -24 9.415
2 24 52.576 -24 2.5 54.286 -24 2.802
2 24 60 -17.25 77.25 60 -14.75 77.25
2 24 52.576 -15 5 53.431 -15 5.151
5 24 48.246 -24 5 48.246 -8 5 49.362 -24 3.67 40.429 -24 18.706
2 24 57.5 0 67.5 57.5 0 68.75
2 24 48.246 -24 5 49.362 -24 3.67
2 24 50.969 -24 5.585 51.721 -24 5.151
5 24 40.429 -24 18.706 40.429 -8 18.706 40.267 -24 19.18 48.246 -24 5
2 24 57.5 -8 21.307 57.5 0 21.307
2 24 53.431 -15 5.151 54.183 -15 5.585
2 24 57.5 -32 38.75 57.5 0 38.75
2 24 54.741 -15 6.25 55.038 -15 7.066
2 24 51.721 -24 5.151 52.576 -24 5
2 24 55.038 -15 7.066 55.038 -15 7.934
2 24 60 -19.75 67.5 60 -19.75 77.5
2 24 57.5 -32 38.75 57.5 -32 40
2 24 52.576 -8 24.602 56.173 -8 24.273
2 24 50.866 -24 2.802 52.576 -24 2.5
2 24 52.576 -24 22.109 55.649 -24 21.828
5 24 50.411 -15 8.75 50.411 -8 8.75 50.969 -15 9.415 50.114 -15 7.934
2 24 50.114 -24 7.934 50.411 -24 8.75
5 24 54.286 -24 2.802 54.286 -8 2.802 55.79 -24 3.67 52.576 -24 2.5
2 24 48.246 -24 10 48.246 -8 10
2 24 52.576 -15 10 53.431 -15 9.849
2 24 49.503 -8 21.828 52.576 -8 22.109
5 24 53.431 -24 5.151 53.431 -17 5.151 54.183 -24 5.585 52.576 -24 5
2 24 43.088 -24 19.085 43.088 -8 19.085
2 24 40.804 -24 20.554 41.667 -24 21.213
2 24 52.576 -8 12.5 54.286 -8 12.198
2 24 43.826 -8 19.647 46.549 -8 20.997
2 24 57.5 0 40 57.5 0 67.5
5 24 42.332 -24 21.719 42.332 -8 21.719 45.52 -24 23.3 41.667 -24 21.213
2 24 54.741 -8 6.25 55.038 -8 7.066
2 24 59.5 -17.25 67.75 59.5 -14.75 67.75
2 24 54.286 -8 12.198 55.79 -8 11.33
2 24 56.173 -8 24.273 57.839 -8 23.804
2 24 54.183 -24 9.415 54.741 -24 8.75
2 24 49.503 -24 21.828 52.576 -24 22.109
2 24 53.431 -8 5.151 54.183 -8 5.585
2 24 49.362 -8 3.67 50.866 -8 2.802
5 24 57.5 0 21.307 57.839 -8 23.804 57.5 -8 21.307 57.5 0 38.75
2 24 52 -8 67.5 53.25 -8 67.5
2 24 50.411 -17 6.25 50.969 -17 5.585
2 24 50.114 -8 7.066 50.411 -8 6.25
2 24 50.969 -8 5.585 51.721 -8 5.151
2 24 49.362 -24 3.67 50.866 -24 2.802
2 24 50.969 -17 5.585 51.721 -17 5.151
5 24 57.5 -24 21.307 60 -32 20 57.5 -8 21.307 57.5 -32 21.307
2 24 60 -19.75 77.5 60 -12.25 77.5
2 24 50.114 -8 7.934 50.411 -8 8.75
2 24 49.362 -24 11.33 50.866 -24 12.198
2 24 52 -8 68.75 57.5 0 68.75
5 24 40.282 -24 19.698 40.282 -8 19.698 40.47 -24 20.18 40.267 -24 19.18
5 24 41.667 -24 21.213 41.667 -8 21.213 40.804 -24 20.554 42.332 -24 21.719
2 24 57.5 -32 67.5 57.5 -32 68.75
2 24 50.114 -17 7.066 50.411 -17 6.25
5 24 52.576 -15 10 52.576 -8 10 51.721 -15 9.849 53.431 -15 9.849
5 24 52.576 -24 5 52.576 -17 5 51.721 -24 5.151 53.431 -24 5.151
2 24 54.741 -24 6.25 55.038 -24 7.066
2 24 52 -8 40 57.5 0 40
5 24 40.804 -24 20.554 40.804 -8 20.554 41.667 -24 21.213 40.47 -24 20.18
5 24 50.114 -15 7.934 50.114 -8 7.934 50.114 -15 7.066 50.411 -15 8.75
2 24 59.5 -14.75 67.75 60 -14.75 67.75
2 24 52.576 -24 12.5 54.286 -24 12.198
2 24 40.267 -24 19.18 40.282 -24 19.698
5 24 54.741 -24 8.75 54.741 -17 8.75 55.038 -24 7.934 54.183 -24 9.415
5 24 45.52 -24 23.3 45.52 -8 23.3 42.332 -24 21.719 48.979 -24 24.273
2 24 43.826 -24 19.647 46.549 -24 20.997
2 24 50.114 -15 7.066 50.411 -15 6.25
2 24 53.25 -24 40 53.25 -24 67.5
5 24 56.906 -24 5 56.906 -8 5 55.79 -24 3.67 57.5 -24 6.632
2 24 50.411 -8 6.25 50.969 -8 5.585
2 24 57.5 -24 21.307 57.839 -24 23.804
2 24 53.431 -17 9.849 54.183 -17 9.415
5 24 57.5 -32 21.307 57.839 -24 23.804 57.5 -24 21.307 57.5 -32 38.75
2 24 51.721 -15 9.849 52.576 -15 10
2 24 60 -32 80 60 0 80
2 24 45.52 -24 23.3 48.979 -24 24.273
2 24 57.5 -32 21.307 57.5 -24 21.307
2 24 54.183 -17 9.415 54.741 -17 8.75
5 24 51.721 -24 5.151 51.721 -17 5.151 52.576 -24 5 50.969 -24 5.585
2 24 52 -24 40 57.5 -32 40
2 24 52 -8 67.5 57.5 0 67.5
2 24 52.576 -8 2.5 54.286 -8 2.802
2 24 53.431 -15 9.849 54.183 -15 9.415
5 24 52.576 -24 10 52.576 -17 10 53.431 -24 9.849 51.721 -24 9.849
2 24 59.5 -12.25 67.5 60 -12.25 67.5
2 24 57.5 0 68.75 57.5 0 80
2 24 40.267 -8 19.18 40.429 -8 18.706
2 24 57.5 -8 21.307 57.839 -8 23.804
2 24 54.183 -8 9.415 54.741 -8 8.75
2 24 43.088 -24 19.085 48.246 -24 10
2 24 54.741 -15 8.75 55.038 -15 7.934
2 24 59.5 -12.25 67.5 59.5 -12.25 77.5
5 24 56.906 -24 10 56.906 -8 10 55.79 -24 11.33 57.5 -24 8.368
2 24 50.411 -24 8.75 50.969 -24 9.415
5 24 49.362 -24 3.67 49.362 -8 3.67 48.246 -24 5 50.866 -24 2.802
5 24 40.267 -24 19.18 40.267 -8 19.18 40.282 -24 19.698 40.429 -24 18.706
5 24 50.411 -24 6.25 50.411 -17 6.25 50.114 -24 7.066 50.969 -24 5.585
5 24 50.969 -24 9.415 50.969 -17 9.415 51.721 -24 9.849 50.411 -24 8.75
2 24 52 -24 38.75 52 -8 38.75
5 24 54.183 -24 9.415 54.183 -17 9.415 54.741 -24 8.75 53.431 -24 9.849
5 24 46.549 -24 20.997 46.549 -8 20.997 43.826 -24 19.647 49.503 -24 21.828
2 24 52 -24 40 52 -24 67.5
2 24 48.979 -24 24.273 52.576 -24 24.602
2 24 52 -24 67.5 53.25 -24 67.5
2 24 54.183 -15 5.585 54.741 -15 6.25
2 24 51.721 -15 5.151 52.576 -15 5
5 24 57.5 -24 21.307 57.5 -8 21.307 60 -32 20 55.649 -24 21.828
2 24 51.721 -17 9.849 52.576 -17 10
5 24 55.649 -24 21.828 55.649 -8 21.828 57.5 -24 21.307 52.576 -24 22.109
2 24 59.5 -19.75 77.5 59.5 -12.25 77.5
2 24 52.576 -24 5 53.431 -24 5.151
2 24 54.741 -17 6.25 55.038 -17 7.066
2 24 59.5 -12.25 77.5 60 -12.25 77.5
5 24 54.741 -15 6.25 54.741 -8 6.25 54.183 -15 5.585 55.038 -15 7.066
2 24 56.173 -24 24.273 57.839 -24 23.804
2 24 57.5 -32 68.75 57.5 0 68.75
5 24 50.866 -24 2.802 50.866 -8 2.802 52.576 -24 2.5 49.362 -24 3.67
5 24 57.5 -24 6.632 57.5 -8 6.632 56.906 -24 5 57.5 -24 8.368
2 24 42.332 -8 21.719 45.52 -8 23.3
2 24 59.5 -17.25 67.75 60 -17.25 67.75
5 24 50.969 -15 9.415 50.969 -8 9.415 50.411 -15 8.75 51.721 -15 9.849
2 24 54.286 -24 12.198 55.79 -24 11.33
5 24 55.79 -24 11.33 55.79 -8 11.33 54.286 -24 12.198 56.906 -24 10
5 24 51.721 -15 5.151 51.721 -8 5.151 50.969 -15 5.585 52.576 -15 5
2 24 52.576 -24 10 53.431 -24 9.849
2 24 59.5 -14.75 67.75 59.5 -14.75 77.25
2 24 54.183 -17 5.585 54.741 -17 6.25
2 24 51.721 -8 9.849 52.576 -8 10
2 24 59.5 -17.25 77.25 59.5 -14.75 77.25
2 24 50.969 -8 9.415 51.721 -8 9.849
5 24 51.721 -15 9.849 51.721 -8 9.849 50.969 -15 9.415 52.576 -15 10
5 24 54.741 -24 6.25 54.741 -17 6.25 55.038 -24 7.066 54.183 -24 5.585
5 24 53.431 -15 5.151 53.431 -8 5.151 52.576 -15 5 54.183 -15 5.585
2 24 60 -32 20 60 -32 80
2 24 52 -24 67.5 52 -24 68.75
5 24 50.411 -24 8.75 50.411 -17 8.75 50.114 -24 7.934 50.969 -24 9.415
2 24 52.576 -8 10 53.431 -8 9.849
2 24 50.866 -8 2.802 52.576 -8 2.5
5 24 55.79 -24 3.67 55.79 -8 3.67 54.286 -24 2.802 56.906 -24 5
2 24 40.47 -24 20.18 40.804 -24 20.554
2 24 45.52 -8 23.3 48.979 -8 24.273
5 24 49.362 -24 11.33 49.362 -8 11.33 50.866 -24 12.198 48.246 -24 10
5 24 50.114 -15 7.066 50.114 -8 7.066 50.114 -15 7.934 50.411 -15 6.25
2 24 41.667 -24 21.213 42.332 -24 21.719
2 24 50.114 -15 7.066 50.114 -15 7.934
2 24 55.038 -24 7.066 55.038 -24 7.934
2 24 46.549 -8 20.997 49.503 -8 21.828
5 24 55.038 -24 7.934 55.038 -17 7.934 54.741 -24 8.75 55.038 -24 7.066
2 24 52.576 -17 5 53.431 -17 5.151
2 24 60 -14.75 67.75 60 -14.75 77.25
2 24 53.25 -8 40 53.25 -8 67.5
5 24 50.114 -24 7.066 50.114 -17 7.066 50.411 -24 6.25 50.114 -24 7.934
2 24 53.431 -17 5.151 54.183 -17 5.585
2 24 40.267 -8 19.18 40.282 -8 19.698
2 24 50.114 -8 7.066 50.114 -8 7.934
2 24 50.114 -24 7.066 50.114 -24 7.934
2 24 59.5 -19.75 77.5 60 -19.75 77.5
2 24 51.721 -8 5.151 52.576 -8 5
2 24 50.411 -17 8.75 50.969 -17 9.415
2 24 48.246 -8 10 49.362 -8 11.33
2 24 52 -24 38.75 57.5 -32 38.75
2 24 57.5 -32 67.5 57.5 0 67.5
2 24 52 -24 40 53.25 -24 40
2 24 57.5 0 38.75 57.5 0 40
2 24 40.804 -8 20.554 41.667 -8 21.213
2 24 55.79 -24 11.33 56.906 -24 10
2 24 55.79 -8 3.67 56.906 -8 5
2 24 59.5 -17.25 67.75 59.5 -17.25 77.25
2 24 52 -8 40 53.25 -8 40
5 24 57.5 -8 21.307 60 0 20 57.5 -24 21.307 57.5 0 21.307
5 24 55.038 -15 7.066 55.038 -8 7.066 55.038 -15 7.934 54.741 -15 6.25
5 24 57.5 -32 38.75 57.839 -24 23.804 57.5 -32 21.307 57.5 0 38.75
5 24 52.576 -24 12.5 52.576 -8 12.5 54.286 -24 12.198 50.866 -24 12.198
2 24 46.549 -24 20.997 49.503 -24 21.828
5 24 54.286 -24 12.198 54.286 -8 12.198 52.576 -24 12.5 55.79 -24 11.33
2 24 59.5 -19.75 67.5 59.5 -19.75 77.5
2 24 52 -8 38.75 52 -8 40
2 24 50.411 -15 6.25 50.969 -15 5.585
2 24 57.5 -32 21.307 60 -32 20
2 24 57.839 -24 23.804 57.839 -8 23.804
2 24 57.5 -32 68.75 57.5 -32 80
5 24 57.5 -24 8.368 57.5 -8 8.368 56.906 -24 10 57.5 -24 6.632
2 24 54.183 -8 5.585 54.741 -8 6.25
2 24 55.038 -17 7.066 55.038 -17 7.934
2 24 50.866 -8 12.198 52.576 -8 12.5
2 24 50.969 -24 9.415 51.721 -24 9.849
2 24 57.5 -32 21.307 57.5 -32 38.75
2 24 43.088 -8 19.085 43.826 -8 19.647
5 24 53.431 -15 9.849 53.431 -8 9.849 54.183 -15 9.415 52.576 -15 10
5 24 51.721 -24 9.849 51.721 -17 9.849 52.576 -24 10 50.969 -24 9.415
2 24 57.5 -24 6.632 57.5 -24 8.368
5 24 50.114 -24 7.934 50.114 -17 7.934 50.411 -24 8.75 50.114 -24 7.066
5 24 54.741 -15 8.75 54.741 -8 8.75 54.183 -15 9.415 55.038 -15 7.934
2 24 55.038 -8 7.066 55.038 -8 7.934
2 24 48.246 -8 5 49.362 -8 3.67
2 24 40.429 -24 18.706 48.246 -24 5
2 24 52.576 -8 5 53.431 -8 5.151
2 24 50.114 -15 7.934 50.411 -15 8.75
2 24 52 -8 67.5 52 -8 68.75
2 24 48.979 -8 24.273 52.576 -8 24.602
2 24 51.721 -24 9.849 52.576 -24 10
2 24 52.576 -17 10 53.431 -17 9.849
2 24 56.906 -24 5 57.5 -24 6.632
2 24 50.114 -17 7.934 50.411 -17 8.75
2 24 60 -17.25 67.75 60 -14.75 67.75
2 24 57.5 0 80 60 0 80
2 24 49.362 -8 11.33 50.866 -8 12.198
5 24 40.47 -24 20.18 40.47 -8 20.18 40.804 -24 20.554 40.282 -24 19.698
2 24 54.741 -24 8.75 55.038 -24 7.934
5 24 50.969 -15 5.585 50.969 -8 5.585 50.411 -15 6.25 51.721 -15 5.151
2 24 59.5 -14.75 77.25 60 -14.75 77.25
2 24 57.5 -32 40 57.5 0 40
2 24 57.5 -8 6.632 57.5 -8 8.368
2 24 52 -24 67.5 57.5 -32 67.5
5 24 55.038 -15 7.934 55.038 -8 7.934 55.038 -15 7.066 54.741 -15 8.75
2 24 53.25 -24 40 53.25 -8 40
5 24 52.576 -15 5 52.576 -8 5 53.431 -15 5.151 51.721 -15 5.151
2 24 52 -24 68.75 57.5 -32 68.75
2 24 55.649 -8 21.828 57.5 -8 21.307
2 24 40.282 -24 19.698 40.47 -24 20.18
5 24 49.503 -24 21.828 49.503 -8 21.828 52.576 -24 22.109 46.549 -24 20.997
5 24 50.411 -15 6.25 50.411 -8 6.25 50.969 -15 5.585 50.114 -15 7.066
2 24 50.411 -24 6.25 50.969 -24 5.585
2 24 59.5 -17.25 77.25 60 -17.25 77.25
2 24 60 -32 20 60 0 20
