0 Etiqueta guardabarros grua
0 Name: etgrua.dat
0 Author: cpcbegin
4 16 -0.799999 -12.0143 0 -20.4 -12.0143 0 -40 12.0143 0 -20.4 11.9857 0
4 16 20.4 -12.0143 0 0.400002 -12.0143 0 20 11.7857 0 40 11.7857 0
2 24 -20.4 11.9857 0 -0.799999 -12.0143 0
2 24 20 11.7857 0 40 11.7857 0
2 24 -40 12.0143 0 -20.4 -12.0143 0
2 24 -40 12.0143 0 -20.4 11.9857 0
2 24 -20.4 -12.0143 0 -0.799999 -12.0143 0
2 24 0.400002 -12.0143 0 20 11.7857 0
2 24 20.4 -12.0143 0 40 11.7857 0
2 24 0.400002 -12.0143 0 20.4 -12.0143 0
