0 Garfio    |R:R
0 Name: garfio.dat
0 Author: betatron & jasolo
0 BFC CERTIFY CCW 
4 16 -3.25 27.886 -4 -2.31 27.457 -4 -2.5 26.5 -4 -3.848 27.266 -4
3 16 -1.768 28.268 4 -0.957 28.81 4 -3.25 27.886 4
4 16 -1.531 22.805 -4 0 22.5 -4 0 22.5 4 -1.531 22.805 4
4 16 1.768 24.732 -6.5 2.31 25.543 -6.5 2.31 25.543 -4 1.768 24.732 -4
4 16 3.25 27.886 -4 1.768 28.268 -4 0.957 28.81 -4 3.25 54.943 -3.761
4 16 0 24 -4 0.957 24.19 -4 1.531 22.805 -4 0 22.5 -4
4 16 -3.75 87.412 -3.25 -3.75 87.412 3.25 -2.822 87.75 3.25 -2.822 87.75 -3.25
4 16 -1.768 24.732 6.5 -1.768 24.732 4 -0.957 24.19 4 -0.957 24.19 6.5
4 16 8.125 57.674 -3.25 8.125 57.674 3.25 4.925 56.509 3.25 4.925 56.509 -3.25
4 16 0.957 24.19 6.5 0 24 6.5 0 24 4 0.957 24.19 4
4 16 -3.683 86.904 -3.75 -8.125 85.288 -3.75 -8.125 85.82 -3.25 -3.75 87.412 -3.25
4 16 -0.957 28.81 -4 0 29 -4 0 29 -6.5 -0.957 28.81 -6.5
3 16 3.848 27.266 4 2.5 26.5 4 4 26.5 4
4 16 -2.889 80.872 3.75 -3.683 86.904 3.75 -8.125 85.288 3.75 -7.283 79.266 3.75
4 16 16.25 71.747 3.25 15.27 77.305 3.25 14.793 77.131 3.75 15.742 71.747 3.75
4 16 2.31 27.457 -4 3.25 27.886 -4 3.848 27.266 -4 2.5 26.5 -4
3 16 1.768 28.268 -4 3.25 27.886 -4 2.31 27.457 -4
4 16 8.222 68.754 -3.25 6.703 66.123 -3.25 6.703 66.123 3.25 8.222 68.754 3.25
4 16 2.31 27.457 -4 2.5 26.5 -4 2.5 26.5 -6.5 2.31 27.457 -6.5
4 16 4.629 79.764 3.75 7.092 77.698 3.75 12.059 81.866 3.75 7.871 85.38 3.75
4 16 0.645 62.237 3.25 2.694 63.557 3.25 2.694 63.557 -3.25 0.645 62.237 -3.25
4 16 -2.5 26.5 -4 -2.31 27.457 -4 -2.31 27.457 -6.5 -2.5 26.5 -6.5
4 16 -3.696 24.969 4 -3.696 24.969 -4 -2.828 23.672 -4 -2.828 23.672 4
4 16 2.31 25.543 -6.5 2.5 26.5 -6.5 2.5 26.5 -4 2.31 25.543 -4
4 16 1.768 24.732 4 1.768 24.732 6.5 0.957 24.19 6.5 0.957 24.19 4
4 16 0.191 80.864 3.75 2.643 87.283 3.75 -2.822 87.25 3.75 -2.822 80.864 3.75
4 16 15.742 71.747 3.75 14.793 77.131 3.75 8.699 74.913 3.75 9.258 71.747 3.75
4 16 -12.448 82.192 3.082 -12.059 82.518 3.25 -12.059 82.518 -3.25 -12.448 82.192 -3.082
4 16 -2.5 26.5 -6.5 -2.31 25.543 -6.5 -2.31 25.543 -4 -2.5 26.5 -4
4 16 0 29 -4 0.957 28.81 -4 0.957 28.81 -6.5 0 29 -6.5
4 16 2.5 26.5 4 2.5 26.5 6.5 2.31 25.543 6.5 2.31 25.543 4
4 16 -8.506 78.765 -3.452 -8.125 78.434 -2.926 -12.448 74.806 -1.461 -12.826 75.141 -1.993
4 16 3.75 27.757 -3.5 3.75 27.757 3.5 4 26.5 4 4 26.5 -4
4 16 2.31 25.543 -4 2.5 26.5 -4 4 26.5 -4 3.696 24.969 -4
4 16 0 22.5 4 0 22.5 -4 1.531 22.805 -4 1.531 22.805 4
4 16 8.222 74.74 -3.25 8.222 74.74 3.25 6.703 77.371 3.25 6.703 77.371 -3.25
4 16 1.768 28.268 -6.5 1.768 28.268 -4 2.31 27.457 -4 2.31 27.457 -6.5
4 16 0.957 24.19 4 0 24 4 0 22.5 4 1.531 22.805 4
4 16 2.828 23.672 -4 1.531 22.805 -4 0.957 24.19 -4 1.768 24.732 -4
4 16 -12.826 75.141 -1.993 -12.448 74.806 -1.461 -15.27 69.919 0 -15.548 70.437 -0.542
4 16 2.31 27.457 6.5 2.31 27.457 4 1.768 28.268 4 1.768 28.268 6.5
4 16 0.957 28.81 -4 1.768 28.268 -4 1.768 28.268 -6.5 0.957 28.81 -6.5
4 16 -2.889 80.872 3.75 -7.283 79.266 3.75 -6.967 78.855 3.25 -2.822 80.364 3.25
4 16 2.694 63.557 3.25 0.645 62.237 3.25 0.945 61.835 3.75 2.845 63.08 3.75
4 16 6.703 66.123 -3.25 7.092 65.796 -3.75 4.629 63.729 -3.75 4.375 64.169 -3.25
4 16 3.696 24.969 -4 4 26.5 -4 4 26.5 4 3.696 24.969 4
4 16 -2.875 58.643 3.25 -3.75 56.5 3.26 -3.255 56.39 3.76 -2.438 58.391 3.751
4 16 3.696 24.969 -4 2.828 23.672 -4 1.768 24.732 -4 2.31 25.543 -4
4 16 8.125 57.674 -3.25 12.448 61.302 -3.25 12.448 61.302 3.25 8.125 57.674 3.25
4 16 0.957 24.19 4 1.531 22.805 4 2.828 23.672 4 1.768 24.732 4
4 16 -4 26.5 -4 -3.696 24.969 -4 -3.696 24.969 4 -4 26.5 4
4 16 -8.125 78.434 -2.926 -6.967 78.855 -3.25 -6.967 78.855 3.25 -8.125 78.434 2.926
4 16 15.27 77.305 3.25 12.448 82.192 3.25 12.059 81.866 3.75 14.793 77.131 3.75
4 16 4.375 79.325 -3.25 4.375 79.325 3.25 1.519 80.364 3.25 1.519 80.364 -3.25
4 16 0 24 4 0 24 6.5 -0.957 24.19 6.5 -0.957 24.19 4
4 16 0 29 -6.5 2.5 26.5 -6.5 0 24 -6.5 -2.5 26.5 -6.5
4 16 -2.438 58.391 3.751 -3.255 56.39 3.76 3.25 54.943 3.761 3.315 55.082 3.76
4 16 8.699 68.58 3.75 7.092 65.796 3.75 12.059 61.628 3.75 14.793 66.363 3.75
4 16 -2.875 58.643 -3.25 -2.875 58.643 3.25 0.645 62.237 3.25 0.645 62.237 -3.25
4 16 12.448 82.192 -3.25 12.059 81.866 -3.75 7.871 85.38 -3.75 8.125 85.82 -3.25
3 16 -2.31 27.457 4 -1.768 28.268 4 -3.25 27.886 4
4 16 -12.448 82.192 3.082 -12.448 82.192 -3.082 -15.27 77.305 -1.577 -15.27 77.305 1.578
3 16 -15.27 69.919 0 -15.548 70.437 0.542 -16.057 70.643 0
4 16 -2.875 58.643 -3.25 0.645 62.237 -3.25 0.945 61.835 -3.75 -2.438 58.391 -3.751
4 16 7.092 77.698 3.75 4.629 79.764 3.75 4.375 79.325 3.25 6.703 77.371 3.25
4 16 -4 26.5 -4 -4 26.5 4 -3.75 27.757 3.5 -3.75 27.757 -3.5
4 16 2.5 26.5 4 3.848 27.266 4 3.25 27.886 4 2.31 27.457 4
4 16 4.61 56.931 3.75 4.774 56.986 3.75 2.845 63.08 3.75 0.945 61.835 3.75
4 16 -1.768 28.268 -6.5 -1.768 28.268 -4 -0.957 28.81 -4 -0.957 28.81 -6.5
4 16 0 24 4 -0.957 24.19 4 -1.531 22.805 4 0 22.5 4
4 16 -0.957 24.19 -4 0 24 -4 0 22.5 -4 -1.531 22.805 -4
4 16 -2.31 25.543 4 -3.696 24.969 4 -2.828 23.672 4 -1.768 24.732 4
4 16 -4 26.5 4 -3.696 24.969 4 -2.31 25.543 4 -2.5 26.5 4
4 16 -15.27 77.305 -1.577 -12.448 82.192 -3.082 -12.067 81.861 -3.584 -14.888 76.966 -2.076
4 16 16.25 71.747 -3.25 15.742 71.747 -3.75 14.793 77.131 -3.75 15.27 77.305 -3.25
4 16 -2.822 87.75 -3.25 -2.822 87.25 -3.75 -3.683 86.904 -3.75 -3.75 87.412 -3.25
4 16 -2.438 58.391 3.751 3.315 55.082 3.76 4.61 56.931 3.75 0.945 61.835 3.75
4 16 -2.5 26.5 -4 -2.31 25.543 -4 -3.696 24.969 -4 -4 26.5 -4
4 16 8.125 85.82 3.25 7.871 85.38 3.75 12.059 81.866 3.75 12.448 82.192 3.25
4 16 4.61 56.931 -3.75 4.925 56.509 -3.25 3.75 54.832 -3.261 3.315 55.082 -3.76
4 16 -15.87 71.038 0.624 -15.548 70.437 0.542 -12.826 75.141 1.993 -14.888 76.966 2.077
4 16 -1.768 28.268 -4 -1.768 28.268 -6.5 -2.31 27.457 -6.5 -2.31 27.457 -4
4 16 0 29 4 0 29 6.5 0.957 28.81 6.5 0.957 28.81 4
4 16 -1.768 28.268 4 -1.768 28.268 6.5 -0.957 28.81 6.5 -0.957 28.81 4
3 16 -3.848 27.266 -4 -3.75 27.757 -3.5 -3.25 27.886 -4
4 16 12.448 82.192 3.25 12.448 82.192 -3.25 8.125 85.82 -3.25 8.125 85.82 3.25
3 16 -3.848 27.266 4 -3.25 27.886 4 -3.75 27.757 3.5
3 16 3.848 27.266 -4 3.25 27.886 -4 3.75 27.757 -3.5
3 16 -15.27 69.919 0 -12.448 74.806 -1.461 -12.448 74.806 1.461
4 16 2.5 26.5 4 2.31 27.457 4 2.31 27.457 6.5 2.5 26.5 6.5
3 16 3.848 27.266 4 3.75 27.757 3.5 3.25 27.886 4
4 16 2.643 87.283 -3.75 2.822 87.75 -3.25 8.125 85.82 -3.25 7.871 85.38 -3.75
4 16 8.699 68.58 3.75 9.258 71.747 3.75 8.75 71.747 3.25 8.222 68.754 3.25
4 16 2.643 87.283 -3.75 7.871 85.38 -3.75 4.629 79.764 -3.75 1.67 80.841 -3.75
4 16 2.828 23.672 -4 2.828 23.672 4 1.531 22.805 4 1.531 22.805 -4
3 16 -3.25 27.886 -4 -0.957 28.81 -4 -1.768 28.268 -4
4 16 -2.31 27.457 6.5 -2.31 27.457 4 -2.5 26.5 4 -2.5 26.5 6.5
3 16 -3.25 27.886 -4 -1.768 28.268 -4 -2.31 27.457 -4
4 16 1.67 80.841 3.75 4.629 79.764 3.75 7.871 85.38 3.75 2.643 87.283 3.75
4 16 -1.768 24.732 -4 -2.31 25.543 -4 -2.31 25.543 -6.5 -1.768 24.732 -6.5
4 16 7.871 58.114 -3.75 12.059 61.628 -3.75 12.448 61.302 -3.25 8.125 57.674 -3.25
4 16 2.845 63.08 -3.75 4.629 63.729 -3.75 7.871 58.114 -3.75 4.774 56.986 -3.75
4 16 -3.75 56.5 -3.26 -3.75 56.5 3.26 -2.875 58.643 3.25 -2.875 58.643 -3.25
4 16 -3.255 56.39 3.76 -0.957 28.81 4 0 29 4 3.25 54.943 3.761
3 16 1.67 80.841 -3.75 0.191 80.864 -3.75 2.643 87.283 -3.75
4 16 -2.822 87.75 -3.25 -2.822 87.75 3.25 2.822 87.75 3.25 2.822 87.75 -3.25
4 16 9.258 71.747 3.75 8.699 68.58 3.75 14.793 66.363 3.75 15.742 71.747 3.75
4 16 -2.889 80.872 -3.75 -7.283 79.266 -3.75 -8.125 85.288 -3.75 -3.683 86.904 -3.75
4 16 0 24 -4 -0.957 24.19 -4 -0.957 24.19 -6.5 0 24 -6.5
4 16 14.793 66.363 -3.75 8.699 68.58 -3.75 9.258 71.747 -3.75 15.742 71.747 -3.75
4 16 2.694 63.557 3.25 4.375 64.169 3.25 4.375 64.169 -3.25 2.694 63.557 -3.25
4 16 -2.828 23.672 4 -1.531 22.805 4 -0.957 24.19 4 -1.768 24.732 4
4 16 -7.283 79.266 3.75 -8.125 78.96 3.553 -8.125 78.434 2.926 -6.967 78.855 3.25
4 16 8.75 71.747 -3.25 8.75 71.747 3.25 8.222 74.74 3.25 8.222 74.74 -3.25
4 16 2.31 25.543 4 2.31 25.543 6.5 1.768 24.732 6.5 1.768 24.732 4
4 16 -3.75 27.757 3.5 -3.25 27.886 4 -3.255 56.39 3.76 -3.75 56.5 3.26
4 16 -1.768 28.268 -6.5 0 29 -6.5 -2.5 26.5 -6.5 -2.31 27.457 -6.5
4 16 2.5 26.5 6.5 0 24 6.5 1.768 24.732 6.5 2.31 25.543 6.5
4 16 12.059 61.628 -3.75 14.793 66.363 -3.75 15.27 66.189 -3.25 12.448 61.302 -3.25
4 16 3.75 27.757 -3.5 3.75 54.832 -3.261 3.75 54.832 3.261 3.75 27.757 3.5
4 16 6.703 77.371 -3.25 4.375 79.325 -3.25 4.629 79.764 -3.75 7.092 77.698 -3.75
4 16 14.793 77.131 -3.75 12.059 81.866 -3.75 12.448 82.192 -3.25 15.27 77.305 -3.25
4 16 -14.888 76.966 2.077 -12.826 75.141 1.993 -8.506 78.765 3.452 -12.067 81.861 3.584
3 16 -0.957 24.19 -6.5 -1.768 24.732 -6.5 0 24 -6.5
4 16 -2.875 58.643 -3.25 -2.438 58.391 -3.751 -3.255 56.39 -3.76 -3.75 56.5 -3.26
4 16 -1.768 24.732 6.5 0 24 6.5 -2.5 26.5 6.5 -2.31 25.543 6.5
4 16 3.25 54.943 3.761 3.25 27.886 4 3.75 27.757 3.5 3.75 54.832 3.261
4 16 -12.448 82.192 3.082 -15.27 77.305 1.578 -14.888 76.966 2.077 -12.067 81.861 3.584
4 16 0 24 6.5 2.5 26.5 6.5 0 29 6.5 -2.5 26.5 6.5
4 16 1.519 80.364 -3.25 1.519 80.364 3.25 -2.822 80.364 3.25 -2.822 80.364 -3.25
3 16 0.957 28.81 -6.5 1.768 28.268 -6.5 0 29 -6.5
4 16 -3.255 56.39 -3.76 -3.25 27.886 -4 -3.75 27.757 -3.5 -3.75 56.5 -3.26
4 16 -3.683 86.904 -3.75 -2.822 87.25 -3.75 -2.822 80.864 -3.75 -2.889 80.872 -3.75
4 16 2.845 63.08 -3.75 4.774 56.986 -3.75 4.61 56.931 -3.75 0.945 61.835 -3.75
4 16 -1.768 28.268 6.5 -1.768 28.268 4 -2.31 27.457 4 -2.31 27.457 6.5
4 16 4.629 79.764 -3.75 4.375 79.325 -3.25 1.519 80.364 -3.25 1.67 80.841 -3.75
4 16 -12.826 75.141 -1.993 -15.548 70.437 -0.542 -15.87 71.038 -0.624 -14.888 76.966 -2.076
3 16 3.25 54.943 3.761 3.75 54.832 3.261 3.315 55.082 3.76
3 16 3.25 54.943 -3.761 3.315 55.082 -3.76 3.75 54.832 -3.261
4 16 4.774 56.986 3.75 7.871 58.114 3.75 4.629 63.729 3.75 2.845 63.08 3.75
4 16 0.191 80.864 -3.75 1.519 80.364 -3.25 -2.822 80.364 -3.25 -2.822 80.864 -3.75
4 16 8.699 68.58 -3.75 8.222 68.754 -3.25 8.75 71.747 -3.25 9.258 71.747 -3.75
4 16 2.822 87.75 3.25 -2.822 87.75 3.25 -2.822 87.25 3.75 2.643 87.283 3.75
4 16 4.925 56.509 3.25 3.75 54.832 3.261 3.75 54.832 -3.261 4.925 56.509 -3.25
3 16 4.61 56.931 -3.75 4.774 56.986 -3.75 4.925 56.509 -3.25
3 16 4.61 56.931 3.75 4.925 56.509 3.25 4.774 56.986 3.75
4 16 4.629 63.729 3.75 4.375 64.169 3.25 2.694 63.557 3.25 2.845 63.08 3.75
4 16 2.694 63.557 -3.25 4.375 64.169 -3.25 4.629 63.729 -3.75 2.845 63.08 -3.75
3 16 -3.255 56.39 3.76 -3.25 27.886 4 -0.957 28.81 4
3 16 0 29 4 0.957 28.81 4 3.25 54.943 3.761
4 16 7.871 58.114 -3.75 8.125 57.674 -3.25 4.925 56.509 -3.25 4.774 56.986 -3.75
3 16 -3.75 27.757 -3.5 -3.848 27.266 -4 -4 26.5 -4
4 16 0.957 24.19 -6.5 0.957 24.19 -4 0 24 -4 0 24 -6.5
4 16 -2.822 80.864 3.75 -2.822 87.25 3.75 -3.683 86.904 3.75 -2.889 80.872 3.75
4 16 9.258 71.747 -3.75 8.699 74.913 -3.75 14.793 77.131 -3.75 15.742 71.747 -3.75
4 16 0 29 -4 -0.957 28.81 -4 -3.255 56.39 -3.76 3.25 54.943 -3.761
4 16 -11.577 82.272 3.75 -12.067 81.861 3.584 -8.506 78.765 3.452 -8.125 78.96 3.553
4 16 8.699 74.913 -3.75 8.222 74.74 -3.25 6.703 77.371 -3.25 7.092 77.698 -3.75
4 16 8.699 68.58 -3.75 7.092 65.796 -3.75 6.703 66.123 -3.25 8.222 68.754 -3.25
4 16 -12.059 82.518 -3.25 -12.059 82.518 3.25 -8.125 85.82 3.25 -8.125 85.82 -3.25
4 16 7.092 77.698 -3.75 12.059 81.866 -3.75 14.793 77.131 -3.75 8.699 74.913 -3.75
4 16 3.315 55.082 -3.76 3.25 54.943 -3.761 -3.255 56.39 -3.76 -2.438 58.391 -3.751
4 16 7.092 77.698 -3.75 4.629 79.764 -3.75 7.871 85.38 -3.75 12.059 81.866 -3.75
4 16 -2.31 25.543 4 -2.31 25.543 6.5 -2.5 26.5 6.5 -2.5 26.5 4
4 16 -2.828 23.672 4 -2.828 23.672 -4 -1.531 22.805 -4 -1.531 22.805 4
4 16 3.315 55.082 3.76 3.75 54.832 3.261 4.925 56.509 3.25 4.61 56.931 3.75
4 16 2.694 63.557 -3.25 2.845 63.08 -3.75 0.945 61.835 -3.75 0.645 62.237 -3.25
4 16 -12.067 81.861 -3.584 -8.506 78.765 -3.452 -12.826 75.141 -1.993 -14.888 76.966 -2.076
4 16 -0.957 28.81 4 -0.957 28.81 6.5 0 29 6.5 0 29 4
4 16 -7.283 79.266 -3.75 -8.125 78.96 -3.553 -11.577 82.272 -3.75 -8.125 85.288 -3.75
4 16 8.699 74.913 3.75 7.092 77.698 3.75 6.703 77.371 3.25 8.222 74.74 3.25
4 16 15.27 77.305 -3.25 15.27 77.305 3.25 16.25 71.747 3.25 16.25 71.747 -3.25
4 16 15.27 77.305 -3.25 12.448 82.192 -3.25 12.448 82.192 3.25 15.27 77.305 3.25
4 16 -12.826 75.141 1.993 -12.448 74.806 1.461 -8.125 78.434 2.926 -8.506 78.765 3.452
4 16 1.67 80.841 3.75 1.519 80.364 3.25 4.375 79.325 3.25 4.629 79.764 3.75
4 16 3.696 24.969 -4 3.696 24.969 4 2.828 23.672 4 2.828 23.672 -4
4 16 14.793 66.363 -3.75 12.059 61.628 -3.75 7.092 65.796 -3.75 8.699 68.58 -3.75
4 16 2.31 25.543 4 1.768 24.732 4 2.828 23.672 4 3.696 24.969 4
4 16 8.125 57.674 3.25 7.871 58.114 3.75 4.774 56.986 3.75 4.925 56.509 3.25
4 16 2.822 87.75 -3.25 2.822 87.75 3.25 8.125 85.82 3.25 8.125 85.82 -3.25
4 16 6.703 66.123 3.25 7.092 65.796 3.75 8.699 68.58 3.75 8.222 68.754 3.25
4 16 -11.577 82.272 -3.75 -8.125 78.96 -3.553 -8.506 78.765 -3.452 -12.067 81.861 -3.584
4 16 4.629 63.729 -3.75 7.092 65.796 -3.75 12.059 61.628 -3.75 7.871 58.114 -3.75
3 16 3.25 27.886 4 1.768 28.268 4 2.31 27.457 4
4 16 8.75 71.747 -3.25 8.222 74.74 -3.25 8.699 74.913 -3.75 9.258 71.747 -3.75
4 16 -3.75 27.757 3.5 -3.75 56.5 3.26 -3.75 56.5 -3.26 -3.75 27.757 -3.5
4 16 1.768 28.268 6.5 1.768 28.268 4 0.957 28.81 4 0.957 28.81 6.5
4 16 9.258 71.747 3.75 8.699 74.913 3.75 8.222 74.74 3.25 8.75 71.747 3.25
4 16 12.448 61.302 3.25 12.448 61.302 -3.25 15.27 66.189 -3.25 15.27 66.189 3.25
3 16 3.848 27.266 4 4 26.5 4 3.75 27.757 3.5
4 16 -16.057 70.643 0 -16.25 71.747 -0.213 -15.87 71.038 -0.624 -15.548 70.437 -0.542
4 16 15.27 66.189 -3.25 16.25 71.747 -3.25 16.25 71.747 3.25 15.27 66.189 3.25
3 16 1.67 80.841 3.75 2.643 87.283 3.75 0.191 80.864 3.75
4 16 -2.889 80.872 -3.75 -2.822 80.364 -3.25 -6.967 78.855 -3.25 -7.283 79.266 -3.75
3 16 4 26.5 -4 3.848 27.266 -4 3.75 27.757 -3.5
4 16 15.27 66.189 3.25 16.25 71.747 3.25 15.742 71.747 3.75 14.793 66.363 3.75
4 16 -12.059 82.518 3.25 -12.448 82.192 3.082 -12.067 81.861 3.584 -11.577 82.272 3.75
4 16 2.31 27.457 -6.5 2.5 26.5 -6.5 0 29 -6.5 1.768 28.268 -6.5
3 16 -15.87 71.038 0.624 -16.057 70.643 0 -15.548 70.437 0.542
4 16 1.519 80.364 3.25 0.191 80.864 3.75 -2.822 80.864 3.75 -2.822 80.364 3.25
4 16 3.25 27.886 4 3.25 54.943 3.761 0.957 28.81 4 1.768 28.268 4
4 16 0.191 80.864 -3.75 -2.822 80.864 -3.75 -2.822 87.25 -3.75 2.643 87.283 -3.75
4 16 3.25 54.943 -3.761 3.75 54.832 -3.261 3.75 27.757 -3.5 3.25 27.886 -4
4 16 -8.125 85.82 3.25 -3.75 87.412 3.25 -3.75 87.412 -3.25 -8.125 85.82 -3.25
4 16 6.703 77.371 3.25 4.375 79.325 3.25 4.375 79.325 -3.25 6.703 77.371 -3.25
4 16 -3.696 24.969 -4 -2.31 25.543 -4 -1.768 24.732 -4 -2.828 23.672 -4
4 16 -16.25 71.747 -0.213 -16.057 70.643 0 -15.87 71.038 0.624 -16.25 71.747 0.213
4 16 -12.826 75.141 1.993 -15.548 70.437 0.542 -15.27 69.919 0 -12.448 74.806 1.461
4 16 4.61 56.931 -3.75 3.315 55.082 -3.76 -2.438 58.391 -3.751 0.945 61.835 -3.75
4 16 -16.25 71.747 -0.213 -15.27 77.305 -1.577 -14.888 76.966 -2.076 -15.87 71.038 -0.624
4 16 -8.125 85.82 3.25 -12.059 82.518 3.25 -11.577 82.272 3.75 -8.125 85.288 3.75
4 16 0.957 24.19 -6.5 1.768 24.732 -6.5 1.768 24.732 -4 0.957 24.19 -4
4 16 -8.125 85.82 3.25 -8.125 85.288 3.75 -3.683 86.904 3.75 -3.75 87.412 3.25
3 16 0.957 24.19 6.5 1.768 24.732 6.5 0 24 6.5
4 16 16.25 71.747 -3.25 15.27 66.189 -3.25 14.793 66.363 -3.75 15.742 71.747 -3.75
3 16 -2.5 26.5 4 -3.848 27.266 4 -4 26.5 4
4 16 -3.25 27.886 4 -3.848 27.266 4 -2.5 26.5 4 -2.31 27.457 4
3 16 -0.957 28.81 -6.5 0 29 -6.5 -1.768 28.268 -6.5
3 16 -0.957 28.81 6.5 -1.768 28.268 6.5 0 29 6.5
4 16 -2.31 27.457 6.5 -2.5 26.5 6.5 0 29 6.5 -1.768 28.268 6.5
3 16 -8.506 78.765 -3.452 -8.125 78.96 -3.553 -8.125 78.434 -2.926
3 16 -8.506 78.765 3.452 -8.125 78.434 2.926 -8.125 78.96 3.553
4 16 -12.448 74.806 -1.461 -8.125 78.434 -2.926 -8.125 78.434 2.926 -12.448 74.806 1.461
4 16 -7.283 79.266 -3.75 -6.967 78.855 -3.25 -8.125 78.434 -2.926 -8.125 78.96 -3.553
4 16 -1.768 24.732 4 -1.768 24.732 6.5 -2.31 25.543 6.5 -2.31 25.543 4
3 16 3.25 54.943 -3.761 0.957 28.81 -4 0 29 -4
4 16 4.375 64.169 -3.25 4.375 64.169 3.25 6.703 66.123 3.25 6.703 66.123 -3.25
4 16 4.375 64.169 3.25 4.629 63.729 3.75 7.092 65.796 3.75 6.703 66.123 3.25
3 16 0.957 24.19 -6.5 0 24 -6.5 1.768 24.732 -6.5
4 16 1.768 28.268 6.5 0 29 6.5 2.5 26.5 6.5 2.31 27.457 6.5
4 16 2.822 87.75 3.25 2.643 87.283 3.75 7.871 85.38 3.75 8.125 85.82 3.25
3 16 0.957 28.81 6.5 0 29 6.5 1.768 28.268 6.5
4 16 -2.31 25.543 -6.5 -2.5 26.5 -6.5 0 24 -6.5 -1.768 24.732 -6.5
4 16 12.059 61.628 3.75 7.871 58.114 3.75 8.125 57.674 3.25 12.448 61.302 3.25
3 16 -3.848 27.266 -4 -2.5 26.5 -4 -4 26.5 -4
4 16 8.222 68.754 3.25 8.75 71.747 3.25 8.75 71.747 -3.25 8.222 68.754 -3.25
3 16 1.67 80.841 3.75 0.191 80.864 3.75 1.519 80.364 3.25
3 16 1.67 80.841 -3.75 1.519 80.364 -3.25 0.191 80.864 -3.75
3 16 -2.822 80.364 -3.25 -2.889 80.872 -3.75 -2.822 80.864 -3.75
3 16 -2.822 80.364 3.25 -2.822 80.864 3.75 -2.889 80.872 3.75
4 16 12.059 81.866 3.75 7.092 77.698 3.75 8.699 74.913 3.75 14.793 77.131 3.75
4 16 -1.531 22.805 -4 -2.828 23.672 -4 -1.768 24.732 -4 -0.957 24.19 -4
4 16 2.31 25.543 4 3.696 24.969 4 4 26.5 4 2.5 26.5 4
4 16 14.793 66.363 3.75 12.059 61.628 3.75 12.448 61.302 3.25 15.27 66.189 3.25
4 16 7.092 65.796 3.75 4.629 63.729 3.75 7.871 58.114 3.75 12.059 61.628 3.75
4 16 -15.27 77.305 1.578 -16.25 71.747 0.213 -15.87 71.038 0.624 -14.888 76.966 2.077
4 16 -12.059 82.518 -3.25 -11.577 82.272 -3.75 -12.067 81.861 -3.584 -12.448 82.192 -3.082
4 16 2.31 25.543 -6.5 1.768 24.732 -6.5 0 24 -6.5 2.5 26.5 -6.5
3 16 -0.957 24.19 6.5 0 24 6.5 -1.768 24.732 6.5
4 16 -7.283 79.266 3.75 -8.125 85.288 3.75 -11.577 82.272 3.75 -8.125 78.96 3.553
4 16 -8.125 85.82 -3.25 -8.125 85.288 -3.75 -11.577 82.272 -3.75 -12.059 82.518 -3.25
3 16 -0.957 28.81 -4 -3.25 27.886 -4 -3.255 56.39 -3.76
4 16 -16.25 71.747 -0.213 -16.25 71.747 0.213 -15.27 77.305 1.578 -15.27 77.305 -1.577
4 16 -2.822 87.75 3.25 -3.75 87.412 3.25 -3.683 86.904 3.75 -2.822 87.25 3.75
3 16 3.848 27.266 -4 4 26.5 -4 2.5 26.5 -4
4 16 -0.957 24.19 -4 -1.768 24.732 -4 -1.768 24.732 -6.5 -0.957 24.19 -6.5
4 16 0.645 62.237 3.25 -2.875 58.643 3.25 -2.438 58.391 3.751 0.945 61.835 3.75
4 16 2.822 87.75 -3.25 2.643 87.283 -3.75 -2.822 87.25 -3.75 -2.822 87.75 -3.25
3 16 -3.848 27.266 4 -3.75 27.757 3.5 -4 26.5 4
4 16 -6.967 78.855 3.25 -6.967 78.855 -3.25 -2.822 80.364 -3.25 -2.822 80.364 3.25
3 16 -15.548 70.437 -0.542 -15.27 69.919 0 -16.057 70.643 0
2 24 6.703 66.123 -3.25 8.222 68.754 -3.25
2 24 0.191 80.864 -3.75 1.67 80.841 -3.75
2 24 -1.768 24.732 -6.5 -0.957 24.19 -6.5
2 24 3.75 54.832 -3.261 4.925 56.509 -3.25
5 24 -2.875 58.643 -3.25 -2.438 58.391 -3.751 0.645 62.237 -3.25 -3.75 56.5 -3.26
2 24 4.925 56.509 -3.25 8.125 57.674 -3.25
2 24 -3.75 56.5 -3.26 -2.875 58.643 -3.25
5 24 3.75 27.757 -3.5 3.75 27.757 3.5 4 26.5 -4 3.75 54.832 -3.261
5 24 4.375 64.169 -3.25 4.375 64.169 3.25 2.694 63.557 -3.25 6.703 66.123 -3.25
2 24 3.75 27.757 -3.5 3.75 54.832 -3.261
2 24 1.519 80.364 3.25 4.375 79.325 3.25
2 24 2.31 27.457 -4 2.5 26.5 -4
2 24 -2.5 26.5 -6.5 -2.31 25.543 -6.5
2 24 3.696 24.969 -4 4 26.5 -4
2 24 12.059 61.628 -3.75 14.793 66.363 -3.75
2 24 12.448 61.302 -3.25 15.27 66.189 -3.25
2 24 0.957 28.81 6.5 1.768 28.268 6.5
2 24 -8.125 85.288 3.75 -3.683 86.904 3.75
2 24 7.092 77.698 3.75 8.699 74.913 3.75
5 24 0.645 62.237 3.25 0.945 61.835 3.75 2.694 63.557 3.25 -2.875 58.643 3.25
2 24 8.699 68.58 3.75 9.258 71.747 3.75
5 24 0.645 62.237 -3.25 0.945 61.835 -3.75 -2.875 58.643 -3.25 2.694 63.557 -3.25
2 24 2.31 27.457 4 2.5 26.5 4
2 24 2.828 23.672 -4 3.696 24.969 -4
5 24 7.871 58.114 -3.75 8.125 57.674 -3.25 12.059 61.628 -3.75 4.774 56.986 -3.75
5 24 4.375 64.169 -3.25 4.629 63.729 -3.75 6.703 66.123 -3.25 2.694 63.557 -3.25
5 24 2.822 87.75 -3.25 2.822 87.75 3.25 -2.822 87.75 -3.25 8.125 85.82 -3.25
5 24 12.059 81.866 -3.75 12.448 82.192 -3.25 7.871 85.38 -3.75 14.793 77.131 -3.75
2 24 4.375 79.325 -3.25 6.703 77.371 -3.25
2 24 7.092 77.698 -3.75 8.699 74.913 -3.75
5 24 1.768 24.732 4 1.768 24.732 6.5 0.957 24.19 4 2.31 25.543 4
2 24 -12.059 82.518 -3.25 -8.125 85.82 -3.25
2 24 -2.31 27.457 4 -1.768 28.268 4
2 24 7.092 65.796 -3.75 8.699 68.58 -3.75
2 24 1.768 28.268 -6.5 2.31 27.457 -6.5
2 24 -3.255 56.39 -3.76 -3.25 27.886 -4
2 24 1.67 80.841 -3.75 4.629 79.764 -3.75
2 24 2.643 87.283 3.75 7.871 85.38 3.75
2 24 -14.888 76.966 2.077 -12.067 81.861 3.584
2 24 -16.25 71.747 -0.213 -15.27 77.305 -1.577
5 24 -0.957 24.19 4 -0.957 24.19 6.5 -1.768 24.732 4 0 24 4
5 24 15.742 71.747 3.75 16.25 71.747 3.25 14.793 77.131 3.75 14.793 66.363 3.75
5 24 -12.059 82.518 -3.25 -12.059 82.518 3.25 -12.448 82.192 -3.082 -8.125 85.82 -3.25
5 24 0 22.5 -4 0 22.5 4 -1.531 22.805 -4 1.531 22.805 -4
5 24 3.25 54.943 3.761 3.75 54.832 3.261 3.25 27.886 4 3.315 55.082 3.76
2 24 -2.822 87.75 -3.25 2.822 87.75 -3.25
5 24 0.945 61.835 -3.75 4.61 56.931 -3.75 2.845 63.08 -3.75 -2.438 58.391 -3.751
2 24 -2.822 80.364 3.25 1.519 80.364 3.25
5 24 14.793 77.131 -3.75 15.27 77.305 -3.25 15.742 71.747 -3.75 12.059 81.866 -3.75
5 24 -0.957 28.81 -6.5 -0.957 28.81 -4 0 29 -6.5 -1.768 28.268 -6.5
2 24 12.059 61.628 3.75 14.793 66.363 3.75
5 24 1.531 22.805 -4 1.531 22.805 4 0 22.5 -4 2.828 23.672 -4
5 24 -16.057 70.643 0 -15.548 70.437 -0.542 -16.25 71.747 -0.213 -15.27 69.919 0
2 24 4.629 79.764 3.75 7.092 77.698 3.75
5 24 4.774 56.986 -3.75 4.925 56.509 -3.25 4.61 56.931 -3.75 7.871 58.114 -3.75
5 24 -6.967 78.855 -3.25 -6.967 78.855 3.25 -8.125 78.434 -2.926 -2.822 80.364 -3.25
2 24 -2.822 87.75 3.25 2.822 87.75 3.25
2 24 7.871 85.38 -3.75 12.059 81.866 -3.75
2 24 -0.957 28.81 6.5 0 29 6.5
2 24 7.871 85.38 3.75 12.059 81.866 3.75
5 24 6.703 66.123 -3.25 7.092 65.796 -3.75 4.375 64.169 -3.25 8.222 68.754 -3.25
2 24 12.448 61.302 3.25 15.27 66.189 3.25
5 24 3.315 55.082 3.76 3.75 54.832 3.261 3.25 54.943 3.761 4.61 56.931 3.75
2 24 0 24 4 0.957 24.19 4
5 24 15.27 77.305 -3.25 15.27 77.305 3.25 16.25 71.747 -3.25 12.448 82.192 -3.25
2 24 -2.822 80.864 3.75 0.191 80.864 3.75
2 24 1.768 28.268 -4 2.31 27.457 -4
2 24 -2.5 26.5 4 -2.31 27.457 4
5 24 8.125 57.674 -3.25 8.125 57.674 3.25 4.925 56.509 -3.25 12.448 61.302 -3.25
5 24 -3.75 27.757 -3.5 -3.75 27.757 3.5 -4 26.5 -4 -3.75 56.5 -3.26
2 24 -2.31 27.457 -4 -1.768 28.268 -4
2 24 -2.31 25.543 -6.5 -1.768 24.732 -6.5
5 24 12.448 82.192 -3.25 12.448 82.192 3.25 8.125 85.82 -3.25 15.27 77.305 -3.25
5 24 -2.822 87.25 -3.75 -2.822 87.75 -3.25 -3.683 86.904 -3.75 2.643 87.283 -3.75
2 24 0 29 4 0.957 28.81 4
2 24 3.25 27.886 -4 3.75 27.757 -3.5
5 24 -8.506 78.765 -3.452 -8.125 78.434 -2.926 -12.826 75.141 -1.993 -8.125 78.96 -3.553
5 24 2.643 87.283 -3.75 2.822 87.75 -3.25 7.871 85.38 -3.75 -2.822 87.25 -3.75
2 24 2.31 25.543 -4 2.5 26.5 -4
2 24 -2.5 26.5 6.5 -2.31 27.457 6.5
2 24 -0.957 24.19 4 0 24 4
2 24 -0.957 28.81 4 0 29 4
5 24 -3.75 87.412 -3.25 -3.683 86.904 -3.75 -8.125 85.82 -3.25 -2.822 87.75 -3.25
2 24 -15.27 77.305 1.578 -12.448 82.192 3.082
2 24 3.848 27.266 -4 4 26.5 -4
2 24 0.957 28.81 -6.5 1.768 28.268 -6.5
5 24 16.25 71.747 -3.25 16.25 71.747 3.25 15.27 77.305 -3.25 15.27 66.189 -3.25
2 24 -2.822 80.864 -3.75 0.191 80.864 -3.75
2 24 -12.067 81.861 -3.584 -11.577 82.272 -3.75
5 24 -12.067 81.861 -3.584 -8.506 78.765 -3.452 -14.888 76.966 -2.076 -11.577 82.272 -3.75
2 24 7.871 58.114 -3.75 12.059 61.628 -3.75
5 24 8.222 68.754 -3.25 8.699 68.58 -3.75 8.75 71.747 -3.25 6.703 66.123 -3.25
2 24 -12.448 74.806 1.461 -8.125 78.434 2.926
2 24 8.699 74.913 3.75 9.258 71.747 3.75
2 24 8.699 68.58 -3.75 9.258 71.747 -3.75
5 24 2.828 23.672 -4 2.828 23.672 4 1.531 22.805 -4 3.696 24.969 -4
5 24 7.871 58.114 3.75 8.125 57.674 3.25 4.774 56.986 3.75 12.059 61.628 3.75
2 24 0 24 -4 0.957 24.19 -4
5 24 0 29 -4 3.25 54.943 -3.761 -0.957 28.81 -4 0.957 28.81 -4
5 24 -2.31 27.457 -6.5 -2.31 27.457 -4 -2.5 26.5 -6.5 -1.768 28.268 -6.5
5 24 8.222 74.74 3.25 8.699 74.913 3.75 6.703 77.371 3.25 8.75 71.747 3.25
5 24 -2.31 25.543 4 -2.31 25.543 6.5 -2.5 26.5 4 -1.768 24.732 4
2 24 -12.448 82.192 -3.082 -12.059 82.518 -3.25
5 24 -2.875 58.643 3.25 -2.438 58.391 3.751 -3.75 56.5 3.26 0.645 62.237 3.25
2 24 -8.506 78.765 -3.452 -8.125 78.96 -3.553
2 24 -16.057 70.643 0 -15.27 69.919 0
5 24 -12.448 74.806 -1.461 -12.448 74.806 1.461 -15.27 69.919 0 -8.125 78.434 -2.926
2 24 -7.283 79.266 -3.75 -2.889 80.872 -3.75
5 24 -2.889 80.872 3.75 -2.822 80.364 3.25 -7.283 79.266 3.75 -2.822 80.864 3.75
2 24 0.957 24.19 -6.5 1.768 24.732 -6.5
5 24 12.059 81.866 3.75 12.448 82.192 3.25 14.793 77.131 3.75 7.871 85.38 3.75
2 24 1.768 24.732 4 2.31 25.543 4
2 24 15.27 77.305 -3.25 16.25 71.747 -3.25
5 24 -2.438 58.391 -3.751 3.315 55.082 -3.76 -3.255 56.39 -3.76 0.945 61.835 -3.75
2 24 -11.577 82.272 -3.75 -8.125 85.288 -3.75
2 24 8.222 68.754 -3.25 8.75 71.747 -3.25
2 24 1.768 28.268 6.5 2.31 27.457 6.5
2 24 -2.889 80.872 -3.75 -2.822 80.864 -3.75
2 24 0.945 61.835 3.75 2.845 63.08 3.75
2 24 -12.826 75.141 1.993 -8.506 78.765 3.452
5 24 -3.75 87.412 3.25 -3.683 86.904 3.75 -8.125 85.82 3.25 -2.822 87.75 3.25
2 24 -0.957 24.19 6.5 0 24 6.5
5 24 12.059 61.628 -3.75 12.448 61.302 -3.25 7.871 58.114 -3.75 14.793 66.363 -3.75
5 24 -2.889 80.872 -3.75 -2.822 80.364 -3.25 -7.283 79.266 -3.75 -2.822 80.864 -3.75
5 24 8.125 85.82 -3.25 8.125 85.82 3.25 12.448 82.192 -3.25 2.822 87.75 -3.25
5 24 -3.75 87.412 -3.25 -3.75 87.412 3.25 -2.822 87.75 -3.25 -8.125 85.82 -3.25
5 24 1.768 28.268 4 3.25 27.886 4 2.31 27.457 4 0.957 28.81 4
5 24 -3.75 56.5 -3.26 -3.255 56.39 -3.76 -2.875 58.643 -3.25 -3.75 27.757 -3.5
2 24 4.925 56.509 3.25 8.125 57.674 3.25
5 24 4.375 79.325 -3.25 4.629 79.764 -3.75 6.703 77.371 -3.25 1.519 80.364 -3.25
2 24 -8.125 85.82 3.25 -3.75 87.412 3.25
2 24 -3.255 56.39 3.76 -3.25 27.886 4
5 24 0.191 80.864 -3.75 1.519 80.364 -3.25 -2.822 80.864 -3.75 1.67 80.841 -3.75
2 24 -3.255 56.39 -3.76 -2.438 58.391 -3.751
5 24 -7.283 79.266 -3.75 -6.967 78.855 -3.25 -2.889 80.872 -3.75 -8.125 78.96 -3.553
2 24 1.519 80.364 -3.25 4.375 79.325 -3.25
5 24 -3.25 27.886 4 -0.957 28.81 4 -1.768 28.268 4 -3.255 56.39 3.76
2 24 -1.768 28.268 -4 -0.957 28.81 -4
5 24 12.448 61.302 -3.25 12.448 61.302 3.25 8.125 57.674 -3.25 15.27 66.189 -3.25
2 24 -2.822 87.25 -3.75 2.643 87.283 -3.75
2 24 3.75 54.832 -3.261 3.75 54.832 3.261
2 24 -14.888 76.966 -2.076 -12.067 81.861 -3.584
5 24 8.75 71.747 3.25 9.258 71.747 3.75 8.222 68.754 3.25 8.222 74.74 3.25
5 24 -1.768 28.268 -6.5 -1.768 28.268 -4 -0.957 28.81 -6.5 -2.31 27.457 -6.5
2 24 -3.683 86.904 -3.75 -2.822 87.25 -3.75
2 24 2.31 25.543 4 2.5 26.5 4
2 24 -2.828 23.672 -4 -1.531 22.805 -4
2 24 -12.059 82.518 3.25 -8.125 85.82 3.25
2 24 8.125 85.82 3.25 12.448 82.192 3.25
2 24 -2.875 58.643 -3.25 0.645 62.237 -3.25
5 24 4.375 79.325 3.25 4.629 79.764 3.75 6.703 77.371 3.25 1.519 80.364 3.25
2 24 3.696 24.969 4 4 26.5 4
5 24 -3.255 56.39 -3.76 -0.957 28.81 -4 3.25 54.943 -3.761 -3.25 27.886 -4
2 24 8.222 74.74 3.25 8.75 71.747 3.25
5 24 14.793 77.131 3.75 15.27 77.305 3.25 15.742 71.747 3.75 12.059 81.866 3.75
2 24 3.25 27.886 4 3.25 54.943 3.761
5 24 1.519 80.364 -3.25 1.519 80.364 3.25 4.375 79.325 -3.25 -2.822 80.364 -3.25
5 24 0.957 28.81 4 0.957 28.81 6.5 0 29 4 1.768 28.268 4
2 24 -6.967 78.855 3.25 -2.822 80.364 3.25
2 24 -15.548 70.437 0.542 -12.826 75.141 1.993
2 24 -12.067 81.861 3.584 -11.577 82.272 3.75
2 24 4.61 56.931 -3.75 4.774 56.986 -3.75
5 24 8.222 74.74 -3.25 8.222 74.74 3.25 6.703 77.371 -3.25 8.75 71.747 -3.25
5 24 8.222 74.74 -3.25 8.699 74.913 -3.75 6.703 77.371 -3.25 8.75 71.747 -3.25
5 24 -2.31 27.457 4 -2.31 27.457 6.5 -2.5 26.5 4 -1.768 28.268 4
2 24 1.768 24.732 6.5 2.31 25.543 6.5
5 24 -8.125 85.288 3.75 -8.125 85.82 3.25 -11.577 82.272 3.75 -3.683 86.904 3.75
5 24 0.957 28.81 -4 3.25 54.943 -3.761 1.768 28.268 -4 0 29 -4
5 24 0.645 62.237 -3.25 0.645 62.237 3.25 2.694 63.557 -3.25 -2.875 58.643 -3.25
2 24 2.828 23.672 4 3.696 24.969 4
5 24 0.191 80.864 3.75 1.519 80.364 3.25 -2.822 80.864 3.75 1.67 80.841 3.75
2 24 -2.31 27.457 -6.5 -1.768 28.268 -6.5
2 24 -2.438 58.391 -3.751 0.945 61.835 -3.75
2 24 8.222 74.74 -3.25 8.75 71.747 -3.25
2 24 -3.75 27.757 -3.5 -3.75 56.5 -3.26
2 24 12.448 82.192 3.25 15.27 77.305 3.25
5 24 -12.826 75.141 -1.993 -12.448 74.806 -1.461 -8.506 78.765 -3.452 -15.548 70.437 -0.542
5 24 0.957 24.19 4 0.957 24.19 6.5 0 24 4 1.768 24.732 4
5 24 -4 26.5 -4 -4 26.5 4 -3.696 24.969 -4 -3.75 27.757 -3.5
5 24 8.75 71.747 -3.25 8.75 71.747 3.25 8.222 74.74 -3.25 8.222 68.754 -3.25
2 24 7.871 58.114 3.75 12.059 61.628 3.75
2 24 2.845 63.08 3.75 4.629 63.729 3.75
5 24 0.957 28.81 -6.5 0.957 28.81 -4 0 29 -6.5 1.768 28.268 -6.5
2 24 3.25 27.886 -4 3.848 27.266 -4
5 24 -2.822 80.364 3.25 -2.822 80.864 3.75 1.519 80.364 3.25 -2.889 80.872 3.75
2 24 -2.31 27.457 6.5 -1.768 28.268 6.5
2 24 3.75 27.757 -3.5 3.848 27.266 -4
2 24 4.629 79.764 -3.75 7.092 77.698 -3.75
5 24 -15.27 77.305 -1.577 -15.27 77.305 1.578 -12.448 82.192 -3.082 -16.25 71.747 -0.213
5 24 -8.506 78.765 3.452 -8.125 78.434 2.926 -12.826 75.141 1.993 -8.125 78.96 3.553
5 24 -3.255 56.39 3.76 -0.957 28.81 4 3.25 54.943 3.761 -3.25 27.886 4
2 24 0 24 6.5 0.957 24.19 6.5
2 24 -8.125 78.434 2.926 -6.967 78.855 3.25
5 24 0 24 -6.5 0 24 -4 -0.957 24.19 -6.5 0.957 24.19 -6.5
2 24 -3.848 27.266 -4 -3.75 27.757 -3.5
2 24 -2.31 25.543 6.5 -1.768 24.732 6.5
5 24 -8.125 85.288 -3.75 -7.283 79.266 -3.75 -3.683 86.904 -3.75 -11.577 82.272 -3.75
2 24 3.25 27.886 4 3.848 27.266 4
5 24 2.31 27.457 4 2.31 27.457 6.5 1.768 28.268 4 2.5 26.5 4
2 24 4.375 64.169 -3.25 6.703 66.123 -3.25
5 24 -2.438 58.391 3.751 3.315 55.082 3.76 -3.255 56.39 3.76 0.945 61.835 3.75
2 24 0.645 62.237 -3.25 2.694 63.557 -3.25
2 24 -1.531 22.805 -4 0 22.5 -4
5 24 4 26.5 -4 4 26.5 4 3.75 27.757 -3.5 3.696 24.969 -4
2 24 4.629 63.729 3.75 7.092 65.796 3.75
2 24 -2.828 23.672 4 -1.531 22.805 4
2 24 -2.438 58.391 3.751 0.945 61.835 3.75
2 24 -3.75 27.757 3.5 -3.75 56.5 3.26
2 24 -8.125 78.96 -3.553 -7.283 79.266 -3.75
5 24 12.059 61.628 3.75 12.448 61.302 3.25 7.871 58.114 3.75 14.793 66.363 3.75
2 24 2.845 63.08 -3.75 4.629 63.729 -3.75
2 24 0 29 6.5 0.957 28.81 6.5
5 24 0 29 4 3.25 54.943 3.761 -0.957 28.81 4 0.957 28.81 4
2 24 -3.255 56.39 3.76 -2.438 58.391 3.751
2 24 14.793 66.363 -3.75 15.742 71.747 -3.75
5 24 -8.125 85.82 -3.25 -8.125 85.82 3.25 -12.059 82.518 -3.25 -3.75 87.412 -3.25
2 24 -1.768 28.268 -6.5 -0.957 28.81 -6.5
5 24 -16.25 71.747 0.213 -15.87 71.038 0.624 -16.25 71.747 -0.213 -15.27 77.305 1.578
2 24 -4 26.5 -4 -3.848 27.266 -4
2 24 3.75 27.757 3.5 3.848 27.266 4
2 24 8.699 74.913 -3.75 9.258 71.747 -3.75
2 24 -15.87 71.038 -0.624 -15.548 70.437 -0.542
5 24 1.519 80.364 -3.25 1.67 80.841 -3.75 4.375 79.325 -3.25 0.191 80.864 -3.75
2 24 -8.125 78.434 -2.926 -6.967 78.855 -3.25
2 24 -1.768 24.732 4 -0.957 24.19 4
2 24 0.957 24.19 -4 1.768 24.732 -4
5 24 -15.27 77.305 -1.577 -14.888 76.966 -2.076 -12.448 82.192 -3.082 -16.25 71.747 -0.213
5 24 3.25 54.943 -3.761 3.75 54.832 -3.261 3.315 55.082 -3.76 3.25 27.886 -4
2 24 12.059 81.866 -3.75 14.793 77.131 -3.75
2 24 2.31 27.457 -6.5 2.5 26.5 -6.5
2 24 2.694 63.557 3.25 4.375 64.169 3.25
2 24 -3.75 87.412 -3.25 -2.822 87.75 -3.25
5 24 2.694 63.557 -3.25 2.845 63.08 -3.75 4.375 64.169 -3.25 0.645 62.237 -3.25
5 24 -11.577 82.272 3.75 -8.125 78.96 3.553 -12.067 81.861 3.584 -8.125 85.288 3.75
5 24 2.694 63.557 3.25 2.845 63.08 3.75 0.645 62.237 3.25 4.375 64.169 3.25
5 24 0.957 28.81 4 3.25 54.943 3.761 0 29 4 1.768 28.268 4
5 24 3.315 55.082 -3.76 3.75 54.832 -3.261 4.61 56.931 -3.75 3.25 54.943 -3.761
5 24 -12.059 82.518 3.25 -11.577 82.272 3.75 -12.448 82.192 3.082 -8.125 85.82 3.25
5 24 6.703 77.371 3.25 7.092 77.698 3.75 4.375 79.325 3.25 8.222 74.74 3.25
2 24 -0.957 28.81 -6.5 0 29 -6.5
2 24 -2.5 26.5 6.5 -2.31 25.543 6.5
5 24 2.31 25.543 -6.5 2.31 25.543 -4 1.768 24.732 -6.5 2.5 26.5 -6.5
2 24 3.75 27.757 3.5 3.75 54.832 3.261
2 24 -2.5 26.5 -4 -2.31 25.543 -4
2 24 -3.848 27.266 4 -3.75 27.757 3.5
5 24 4.774 56.986 3.75 4.925 56.509 3.25 4.61 56.931 3.75 7.871 58.114 3.75
5 24 -16.25 71.747 -0.213 -15.87 71.038 -0.624 -16.057 70.643 0 -15.27 77.305 -1.577
2 24 -4 26.5 4 -3.848 27.266 4
2 24 -8.125 78.96 3.553 -7.283 79.266 3.75
2 24 -0.957 24.19 -6.5 0 24 -6.5
2 24 -2.5 26.5 -4 -2.31 27.457 -4
2 24 -15.87 71.038 0.624 -14.888 76.966 2.077
5 24 -3.25 27.886 -4 -0.957 28.81 -4 -1.768 28.268 -4 -3.255 56.39 -3.76
2 24 1.768 28.268 4 2.31 27.457 4
2 24 3.848 27.266 4 4 26.5 4
2 24 4.925 56.509 -3.25 4.925 56.509 3.25
2 24 -2.5 26.5 -6.5 -2.31 27.457 -6.5
5 24 -3.75 56.5 -3.26 -3.75 56.5 3.26 -2.875 58.643 -3.25 -3.75 27.757 -3.5
2 24 14.793 66.363 3.75 15.742 71.747 3.75
5 24 -2.5 26.5 4 -2.5 26.5 6.5 -2.31 27.457 4 -2.31 25.543 4
2 24 -3.683 86.904 3.75 -2.822 87.25 3.75
5 24 4.61 56.931 -3.75 4.925 56.509 -3.25 3.315 55.082 -3.76 4.774 56.986 -3.75
2 24 4.774 56.986 3.75 7.871 58.114 3.75
2 24 -15.548 70.437 -0.542 -12.826 75.141 -1.993
2 24 12.448 82.192 -3.25 15.27 77.305 -3.25
2 24 -2.822 80.364 -3.25 1.519 80.364 -3.25
5 24 0.945 61.835 3.75 4.61 56.931 3.75 2.845 63.08 3.75 -2.438 58.391 3.751
2 24 3.25 54.943 -3.761 3.315 55.082 -3.76
5 24 6.703 77.371 -3.25 6.703 77.371 3.25 8.222 74.74 -3.25 4.375 79.325 -3.25
5 24 -2.822 87.75 -3.25 -2.822 87.75 3.25 -3.75 87.412 -3.25 2.822 87.75 -3.25
5 24 -1.768 24.732 4 -1.768 24.732 6.5 -0.957 24.19 4 -2.31 25.543 4
5 24 -11.577 82.272 -3.75 -8.125 78.96 -3.553 -8.125 85.288 -3.75 -12.067 81.861 -3.584
2 24 -2.889 80.872 3.75 -2.822 80.864 3.75
2 24 0 29 -4 0.957 28.81 -4
5 24 0 29 -6.5 0 29 -4 -0.957 28.81 -6.5 0.957 28.81 -6.5
5 24 -3.696 24.969 -4 -3.696 24.969 4 -2.828 23.672 -4 -4 26.5 -4
2 24 4.629 63.729 -3.75 7.092 65.796 -3.75
5 24 6.703 77.371 -3.25 7.092 77.698 -3.75 4.375 79.325 -3.25 8.222 74.74 -3.25
2 24 -1.768 28.268 6.5 -0.957 28.81 6.5
5 24 -1.531 22.805 -4 -1.531 22.805 4 0 22.5 -4 -2.828 23.672 -4
2 24 0.957 24.19 6.5 1.768 24.732 6.5
5 24 -14.888 76.966 -2.076 -12.826 75.141 -1.993 -15.87 71.038 -0.624 -12.067 81.861 -3.584
2 24 0.957 24.19 4 1.768 24.732 4
2 24 15.27 77.305 3.25 16.25 71.747 3.25
2 24 2.643 87.283 -3.75 7.871 85.38 -3.75
2 24 -12.448 82.192 3.082 -12.059 82.518 3.25
5 24 -2.822 80.364 -3.25 -2.822 80.364 3.25 1.519 80.364 -3.25 -6.967 78.855 -3.25
2 24 8.125 85.82 -3.25 12.448 82.192 -3.25
2 24 -3.696 24.969 -4 -2.828 23.672 -4
2 24 0 22.5 4 1.531 22.805 4
2 24 -8.125 85.82 -3.25 -3.75 87.412 -3.25
2 24 14.793 77.131 -3.75 15.742 71.747 -3.75
2 24 15.27 66.189 3.25 16.25 71.747 3.25
2 24 2.822 87.75 -3.25 8.125 85.82 -3.25
2 24 -3.696 24.969 4 -2.828 23.672 4
5 24 -3.255 56.39 3.76 3.25 54.943 3.761 -2.438 58.391 3.751 -0.957 28.81 4
2 24 1.768 24.732 -4 2.31 25.543 -4
2 24 -11.577 82.272 3.75 -8.125 85.288 3.75
5 24 4.375 64.169 3.25 4.629 63.729 3.75 2.694 63.557 3.25 6.703 66.123 3.25
5 24 2.5 26.5 4 2.5 26.5 6.5 2.31 25.543 4 2.31 27.457 4
2 24 -15.87 71.038 -0.624 -14.888 76.966 -2.076
5 24 -2.822 80.364 -3.25 -2.822 80.864 -3.75 1.519 80.364 -3.25 -2.889 80.872 -3.75
2 24 1.768 24.732 -6.5 2.31 25.543 -6.5
2 24 -3.848 27.266 4 -3.25 27.886 4
2 24 -2.31 25.543 -4 -1.768 24.732 -4
5 24 -8.125 85.288 -3.75 -8.125 85.82 -3.25 -3.683 86.904 -3.75 -11.577 82.272 -3.75
5 24 -3.75 56.5 3.26 -3.255 56.39 3.76 -2.875 58.643 3.25 -3.75 27.757 3.5
2 24 6.703 77.371 3.25 8.222 74.74 3.25
5 24 -12.448 82.192 -3.082 -12.067 81.861 -3.584 -15.27 77.305 -1.577 -12.059 82.518 -3.25
2 24 8.125 57.674 -3.25 12.448 61.302 -3.25
2 24 -15.27 77.305 -1.577 -12.448 82.192 -3.082
5 24 -8.125 85.288 3.75 -7.283 79.266 3.75 -3.683 86.904 3.75 -11.577 82.272 3.75
2 24 3.315 55.082 3.76 4.61 56.931 3.75
5 24 3.696 24.969 -4 3.696 24.969 4 4 26.5 -4 2.828 23.672 -4
5 24 8.75 71.747 -3.25 9.258 71.747 -3.75 8.222 68.754 -3.25 8.222 74.74 -3.25
2 24 3.25 54.943 3.761 3.315 55.082 3.76
2 24 -2.5 26.5 4 -2.31 25.543 4
5 24 4.61 56.931 3.75 4.925 56.509 3.25 4.774 56.986 3.75 3.315 55.082 3.76
2 24 -15.27 69.919 0 -12.448 74.806 -1.461
5 24 -4 26.5 4 -3.75 27.757 3.5 -4 26.5 -4 -3.848 27.266 4
5 24 2.31 27.457 -6.5 2.31 27.457 -4 2.5 26.5 -6.5 1.768 28.268 -6.5
5 24 -16.057 70.643 0 -15.548 70.437 0.542 -15.27 69.919 0 -15.87 71.038 0.624
2 24 -4 26.5 -4 -3.696 24.969 -4
5 24 -2.822 87.25 3.75 -2.822 87.75 3.25 2.643 87.283 3.75 -3.683 86.904 3.75
2 24 2.31 27.457 6.5 2.5 26.5 6.5
5 24 -4 26.5 -4 -3.75 27.757 -3.5 -4 26.5 4 -3.848 27.266 -4
2 24 -16.25 71.747 0.213 -15.27 77.305 1.578
5 24 -0.957 24.19 -6.5 -0.957 24.19 -4 0 24 -6.5 -1.768 24.732 -6.5
2 24 -2.822 87.25 3.75 2.643 87.283 3.75
5 24 -12.448 82.192 3.082 -12.067 81.861 3.584 -15.27 77.305 1.578 -12.059 82.518 3.25
2 24 3.25 27.886 -4 3.25 54.943 -3.761
5 24 -7.283 79.266 3.75 -6.967 78.855 3.25 -2.889 80.872 3.75 -8.125 78.96 3.553
2 24 -1.768 28.268 4 -0.957 28.81 4
2 24 6.703 77.371 -3.25 8.222 74.74 -3.25
2 24 -0.957 24.19 -4 0 24 -4
5 24 14.793 66.363 -3.75 15.27 66.189 -3.25 12.059 61.628 -3.75 15.742 71.747 -3.75
5 24 0 24 4 0 24 6.5 0.957 24.19 4 -0.957 24.19 4
2 24 6.703 66.123 3.25 8.222 68.754 3.25
2 24 -15.548 70.437 -0.542 -15.27 69.919 0
5 24 15.27 66.189 -3.25 15.27 66.189 3.25 12.448 61.302 -3.25 16.25 71.747 -3.25
5 24 6.703 66.123 3.25 7.092 65.796 3.75 8.222 68.754 3.25 4.375 64.169 3.25
5 24 -3.255 56.39 -3.76 3.25 54.943 -3.761 -0.957 28.81 -4 -2.438 58.391 -3.751
5 24 3.75 27.757 3.5 4 26.5 4 3.75 27.757 -3.5 3.848 27.266 4
5 24 3.75 27.757 -3.5 4 26.5 -4 3.75 27.757 3.5 3.848 27.266 -4
2 24 3.25 27.886 4 3.75 27.757 3.5
5 24 -8.125 78.434 2.926 -8.125 78.96 3.553 -6.967 78.855 3.25 -8.506 78.765 3.452
2 24 -8.125 85.288 -3.75 -3.683 86.904 -3.75
2 24 -12.826 75.141 -1.993 -8.506 78.765 -3.452
2 24 -4 26.5 4 -3.696 24.969 4
2 24 2.31 25.543 6.5 2.5 26.5 6.5
5 24 6.703 66.123 -3.25 6.703 66.123 3.25 8.222 68.754 -3.25 4.375 64.169 -3.25
2 24 -2.31 25.543 4 -1.768 24.732 4
2 24 1.531 22.805 -4 2.828 23.672 -4
5 24 -2.875 58.643 -3.25 -2.875 58.643 3.25 0.645 62.237 -3.25 -3.75 56.5 -3.26
2 24 0.645 62.237 3.25 2.694 63.557 3.25
5 24 2.31 25.543 4 2.31 25.543 6.5 2.5 26.5 4 1.768 24.732 4
2 24 2.822 87.75 3.25 8.125 85.82 3.25
2 24 2.694 63.557 -3.25 4.375 64.169 -3.25
5 24 15.742 71.747 -3.75 16.25 71.747 -3.25 14.793 77.131 -3.75 14.793 66.363 -3.75
5 24 1.768 28.268 -6.5 1.768 28.268 -4 2.31 27.457 -6.5 0.957 28.81 -6.5
5 24 1.768 28.268 4 1.768 28.268 6.5 2.31 27.457 4 0.957 28.81 4
5 24 -8.125 78.434 -2.926 -8.125 78.96 -3.553 -8.506 78.765 -3.452 -6.967 78.855 -3.25
2 24 14.793 77.131 3.75 15.742 71.747 3.75
2 24 8.125 57.674 3.25 12.448 61.302 3.25
5 24 8.222 68.754 3.25 8.699 68.58 3.75 8.75 71.747 3.25 6.703 66.123 3.25
5 24 -15.27 77.305 1.578 -14.888 76.966 2.077 -12.448 82.192 3.082 -16.25 71.747 0.213
2 24 -3.75 56.5 3.26 -2.875 58.643 3.25
2 24 -15.548 70.437 0.542 -15.27 69.919 0
5 24 4.375 79.325 -3.25 4.375 79.325 3.25 1.519 80.364 -3.25 6.703 77.371 -3.25
2 24 0.957 28.81 -4 1.768 28.268 -4
5 24 -1.768 28.268 4 -1.768 28.268 6.5 -0.957 28.81 4 -2.31 27.457 4
2 24 3.75 54.832 3.261 4.925 56.509 3.25
2 24 0 24 -6.5 0.957 24.19 -6.5
5 24 14.793 66.363 3.75 15.27 66.189 3.25 15.742 71.747 3.75 12.059 61.628 3.75
2 24 -1.768 24.732 -4 -0.957 24.19 -4
2 24 -7.283 79.266 3.75 -2.889 80.872 3.75
5 24 -12.067 81.861 3.584 -8.506 78.765 3.452 -14.888 76.966 2.077 -11.577 82.272 3.75
2 24 -6.967 78.855 -3.25 -2.822 80.364 -3.25
5 24 2.694 63.557 -3.25 2.694 63.557 3.25 0.645 62.237 -3.25 4.375 64.169 -3.25
5 24 -2.828 23.672 -4 -2.828 23.672 4 -3.696 24.969 -4 -1.531 22.805 -4
5 24 -12.448 82.192 -3.082 -12.448 82.192 3.082 -12.059 82.518 -3.25 -15.27 77.305 -1.577
5 24 -14.888 76.966 2.077 -12.826 75.141 1.993 -15.87 71.038 0.624 -12.067 81.861 3.584
2 24 -12.448 74.806 -1.461 -8.125 78.434 -2.926
2 24 0.957 28.81 4 1.768 28.268 4
2 24 0 22.5 -4 1.531 22.805 -4
2 24 -16.25 71.747 -0.213 -16.057 70.643 0
5 24 -8.125 78.434 -2.926 -8.125 78.434 2.926 -6.967 78.855 -3.25 -12.448 74.806 -1.461
2 24 -3.75 87.412 3.25 -2.822 87.75 3.25
2 24 2.31 25.543 -6.5 2.5 26.5 -6.5
2 24 -8.506 78.765 3.452 -8.125 78.96 3.553
5 24 8.222 68.754 -3.25 8.222 68.754 3.25 6.703 66.123 -3.25 8.75 71.747 -3.25
5 24 1.768 24.732 -6.5 1.768 24.732 -4 2.31 25.543 -6.5 0.957 24.19 -6.5
5 24 7.871 85.38 -3.75 8.125 85.82 -3.25 12.059 81.866 -3.75 2.643 87.283 -3.75
5 24 -16.057 70.643 0 -15.87 71.038 0.624 -15.548 70.437 0.542 -16.25 71.747 -0.213
2 24 4.61 56.931 3.75 4.774 56.986 3.75
2 24 -3.75 27.757 -3.5 -3.25 27.886 -4
2 24 0 29 -6.5 0.957 28.81 -6.5
2 24 0.945 61.835 -3.75 2.845 63.08 -3.75
2 24 1.67 80.841 3.75 4.629 79.764 3.75
5 24 0.957 24.19 -6.5 0.957 24.19 -4 0 24 -6.5 1.768 24.732 -6.5
5 24 -16.25 71.747 -0.213 -16.25 71.747 0.213 -16.057 70.643 0 -15.27 77.305 -1.577
2 24 4.774 56.986 -3.75 7.871 58.114 -3.75
2 24 4.375 64.169 3.25 6.703 66.123 3.25
2 24 -3.848 27.266 -4 -3.25 27.886 -4
5 24 7.871 85.38 3.75 8.125 85.82 3.25 12.059 81.866 3.75 2.643 87.283 3.75
2 24 15.27 66.189 -3.25 16.25 71.747 -3.25
5 24 -12.059 82.518 -3.25 -11.577 82.272 -3.75 -12.448 82.192 -3.082 -8.125 85.82 -3.25
2 24 8.222 68.754 3.25 8.75 71.747 3.25
5 24 1.768 28.268 -4 3.25 27.886 -4 0.957 28.81 -4 2.31 27.457 -4
2 24 -1.531 22.805 4 0 22.5 4
2 24 7.092 65.796 3.75 8.699 68.58 3.75
2 24 -15.27 69.919 0 -12.448 74.806 1.461
2 24 -0.957 28.81 -4 0 29 -4
5 24 -2.31 25.543 -6.5 -2.31 25.543 -4 -2.5 26.5 -6.5 -1.768 24.732 -6.5
5 24 1.519 80.364 3.25 1.67 80.841 3.75 4.375 79.325 3.25 0.191 80.864 3.75
2 24 -15.87 71.038 0.624 -15.548 70.437 0.542
5 24 -1.768 24.732 -6.5 -1.768 24.732 -4 -2.31 25.543 -6.5 -0.957 24.19 -6.5
5 24 2.643 87.283 3.75 2.822 87.75 3.25 -2.822 87.25 3.75 7.871 85.38 3.75
2 24 12.059 81.866 3.75 14.793 77.131 3.75
5 24 -12.826 75.141 1.993 -12.448 74.806 1.461 -8.506 78.765 3.452 -15.548 70.437 0.542
5 24 0 29 4 0 29 6.5 0.957 28.81 4 -0.957 28.81 4
2 24 -2.875 58.643 3.25 0.645 62.237 3.25
2 24 -3.75 27.757 3.5 -3.25 27.886 4
2 24 0.191 80.864 3.75 1.67 80.841 3.75
5 24 -2.5 26.5 -6.5 -2.5 26.5 -4 -2.31 27.457 -6.5 -2.31 25.543 -6.5
5 24 2.5 26.5 -6.5 2.5 26.5 -4 2.31 27.457 -6.5 2.31 25.543 -6.5
2 24 1.531 22.805 4 2.828 23.672 4
2 24 3.315 55.082 -3.76 4.61 56.931 -3.75
2 24 -1.768 24.732 6.5 -0.957 24.19 6.5
5 24 -0.957 28.81 4 -0.957 28.81 6.5 -1.768 28.268 4 0 29 4
2 24 4.375 79.325 3.25 6.703 77.371 3.25
