0 Guardabarros      |R:R|V:V
0 Name: guardabr.dat
0 Author: betatron & jasolo
0 !LDRAW_ORG Unofficial_Part
0 BFC CERTIFY CCW 
4 16 2.5 -5 19.25 7.64913 -5 19.25 7.64913 -5.5 19.25 2.5 -5.5 19.25
4 16 2.5 -5.5 20.75 7.64913 -5.5 20.75 7.64913 -5 20.75 2.5 -5 20.75
4 16 17.5 -5 20.75 12.3509 -5 20.75 12.3509 -5.5 20.75 17.5 -5.5 20.75
4 16 17.5 -5.5 19.25 12.3509 -5.5 19.25 12.3509 -5 19.25 17.5 -5 19.25
3 16 11.435 -5.5 33.465 12.652 -5.5 32.652 10 -5.5 30
3 16 10 -5.5 30 10 -5.5 33.75 11.435 -5.5 33.465
3 16 10 -5.5 30 8.565 -5.5 33.465 10 -5.5 33.75
3 16 10 -5.5 30 7.348 -5.5 32.652 8.565 -5.5 33.465
3 16 10 -5.5 30 6.536 -5.5 31.435 7.348 -5.5 32.652
3 16 10 -5.5 30 6.25 -5.5 30 6.536 -5.5 31.435
3 16 10 -5.5 30 6.536 -5.5 28.565 6.25 -5.5 30
3 16 10 -5.5 30 7.348 -5.5 27.348 6.536 -5.5 28.565
3 16 10 -5.5 30 8.565 -5.5 26.535 7.348 -5.5 27.348
3 16 10 -5.5 30 10 -5.5 26.25 8.565 -5.5 26.535
3 16 10 -5.5 30 11.435 -5.5 26.535 10 -5.5 26.25
3 16 10 -5.5 30 12.652 -5.5 27.348 11.435 -5.5 26.535
3 16 10 -5.5 30 13.465 -5.5 28.565 12.652 -5.5 27.348
3 16 10 -5.5 30 13.75 -5.5 30 13.465 -5.5 28.565
3 16 10 -5.5 30 13.465 -5.5 31.435 13.75 -5.5 30
3 16 10 -5.5 30 12.652 -5.5 32.652 13.465 -5.5 31.435
4 16 3.65 -5.5 30 4.134 -5.5 32.43 4.133 -8 32.43 3.65 -8 30
4 16 4.134 -5.5 32.43 5.51 -5.5 34.49 5.51 -8 34.49 4.133 -8 32.43
4 16 5.51 -5.5 34.49 7.57 -5.5 35.867 7.57 -8 35.867 5.51 -8 34.49
4 16 7.57 -5.5 35.867 10 -5.5 36.35 10 -8 36.35 7.57 -8 35.867
4 16 10 -5.5 36.35 12.43 -5.5 35.867 12.43 -8 35.867 10 -8 36.35
4 16 12.43 -5.5 35.867 14.49 -5.5 34.49 14.49 -8 34.49 12.43 -8 35.867
4 16 14.49 -5.5 34.49 15.867 -5.5 32.43 15.867 -8 32.43 14.49 -8 34.49
4 16 16.35 -8 30 15.867 -8 32.43 15.867 -5.5 32.43 16.35 -5.5 30
4 16 15.867 -8 27.57 16.35 -8 30 16.35 -5.5 30 15.867 -5.5 27.57
4 16 15.867 -5.5 27.57 14.49 -5.5 25.51 14.49 -8 25.51 15.867 -8 27.57
4 16 14.49 -5.5 25.51 12.43 -5.5 24.133 12.43 -8 24.133 14.49 -8 25.51
4 16 12.43 -5.5 24.133 10 -5.5 23.65 10 -8 23.65 12.43 -8 24.133
4 16 10 -5.5 23.65 7.57 -5.5 24.133 7.57 -8 24.133 10 -8 23.65
4 16 7.57 -5.5 24.133 5.51 -5.5 25.51 5.51 -8 25.51 7.57 -8 24.133
4 16 5.51 -5.5 25.51 4.134 -5.5 27.57 4.133 -8 27.57 5.51 -8 25.51
4 16 4.134 -5.5 27.57 3.65 -5.5 30 3.65 -8 30 4.133 -8 27.57
4 16 13.75 -5.5 30 13.465 -5.5 31.435 13.465 -8 31.435 13.75 -8 30
4 16 13.465 -5.5 31.435 12.652 -5.5 32.652 12.652 -8 32.652 13.465 -8 31.435
4 16 12.652 -5.5 32.652 11.435 -5.5 33.465 11.435 -8 33.465 12.652 -8 32.652
4 16 11.435 -5.5 33.465 10 -5.5 33.75 10 -8 33.75 11.435 -8 33.465
4 16 10 -5.5 33.75 8.565 -5.5 33.465 8.565 -8 33.465 10 -8 33.75
4 16 8.565 -5.5 33.465 7.348 -5.5 32.652 7.348 -8 32.652 8.565 -8 33.465
4 16 7.348 -5.5 32.652 6.536 -5.5 31.435 6.535 -8 31.435 7.348 -8 32.652
4 16 6.25 -8 30 6.535 -8 31.435 6.536 -5.5 31.435 6.25 -5.5 30
4 16 6.535 -8 28.565 6.25 -8 30 6.25 -5.5 30 6.536 -5.5 28.565
4 16 6.536 -5.5 28.565 7.348 -5.5 27.348 7.348 -8 27.348 6.535 -8 28.565
4 16 7.348 -5.5 27.348 8.565 -5.5 26.535 8.565 -8 26.535 7.348 -8 27.348
4 16 8.565 -5.5 26.535 10 -5.5 26.25 10 -8 26.25 8.565 -8 26.535
4 16 10 -5.5 26.25 11.435 -5.5 26.535 11.435 -8 26.535 10 -8 26.25
4 16 11.435 -5.5 26.535 12.652 -5.5 27.348 12.652 -8 27.348 11.435 -8 26.535
4 16 12.652 -5.5 27.348 13.465 -5.5 28.565 13.465 -8 28.565 12.652 -8 27.348
4 16 13.465 -5.5 28.565 13.75 -5.5 30 13.75 -8 30 13.465 -8 28.565
4 16 7.348 -8 27.348 5.51 -8 25.51 4.133 -8 27.57 6.535 -8 28.565
4 16 6.535 -8 28.565 4.133 -8 27.57 3.65 -8 30 6.25 -8 30
4 16 6.25 -8 30 3.65 -8 30 4.133 -8 32.43 6.535 -8 31.435
4 16 6.535 -8 31.435 4.133 -8 32.43 5.51 -8 34.49 7.348 -8 32.652
4 16 7.348 -8 32.652 5.51 -8 34.49 7.57 -8 35.867 8.565 -8 33.465
4 16 8.565 -8 33.465 7.57 -8 35.867 10 -8 36.35 10 -8 33.75
4 16 10 -8 33.75 10 -8 36.35 12.43 -8 35.867 11.435 -8 33.465
4 16 11.435 -8 33.465 12.43 -8 35.867 14.49 -8 34.49 12.652 -8 32.652
4 16 12.652 -8 32.652 14.49 -8 34.49 15.867 -8 32.43 13.465 -8 31.435
4 16 13.465 -8 31.435 15.867 -8 32.43 16.35 -8 30 13.75 -8 30
4 16 13.75 -8 30 16.35 -8 30 15.867 -8 27.57 13.465 -8 28.565
4 16 13.465 -8 28.565 15.867 -8 27.57 14.49 -8 25.51 12.652 -8 27.348
4 16 12.652 -8 27.348 14.49 -8 25.51 12.43 -8 24.133 11.435 -8 26.535
4 16 11.435 -8 26.535 12.43 -8 24.133 10 -8 23.65 10 -8 26.25
4 16 10 -8 26.25 10 -8 23.65 7.57 -8 24.133 8.565 -8 26.535
4 16 8.565 -8 26.535 7.57 -8 24.133 5.51 -8 25.51 7.348 -8 27.348
3 16 11.435 -5.5 13.465 12.652 -5.5 12.652 10 -5.5 10
3 16 10 -5.5 10 10 -5.5 13.75 11.435 -5.5 13.465
3 16 10 -5.5 10 8.565 -5.5 13.465 10 -5.5 13.75
3 16 10 -5.5 10 7.348 -5.5 12.652 8.565 -5.5 13.465
3 16 10 -5.5 10 6.536 -5.5 11.435 7.348 -5.5 12.652
3 16 10 -5.5 10 6.25 -5.5 10 6.536 -5.5 11.435
3 16 10 -5.5 10 6.536 -5.5 8.565 6.25 -5.5 10
3 16 10 -5.5 10 7.348 -5.5 7.348 6.536 -5.5 8.565
3 16 10 -5.5 10 8.565 -5.5 6.535 7.348 -5.5 7.348
3 16 10 -5.5 10 10 -5.5 6.25 8.565 -5.5 6.535
3 16 10 -5.5 10 11.435 -5.5 6.535 10 -5.5 6.25
3 16 10 -5.5 10 12.652 -5.5 7.348 11.435 -5.5 6.535
3 16 10 -5.5 10 13.465 -5.5 8.565 12.652 -5.5 7.348
3 16 10 -5.5 10 13.75 -5.5 10 13.465 -5.5 8.565
3 16 10 -5.5 10 13.465 -5.5 11.435 13.75 -5.5 10
3 16 10 -5.5 10 12.652 -5.5 12.652 13.465 -5.5 11.435
4 16 3.65 -5.5 10 4.134 -5.5 12.43 4.133 -8 12.43 3.65 -8 10
4 16 4.134 -5.5 12.43 5.51 -5.5 14.49 5.51 -8 14.49 4.133 -8 12.43
4 16 5.51 -5.5 14.49 7.57 -5.5 15.867 7.57 -8 15.867 5.51 -8 14.49
4 16 7.57 -5.5 15.867 10 -5.5 16.35 10 -8 16.35 7.57 -8 15.867
4 16 10 -5.5 16.35 12.43 -5.5 15.867 12.43 -8 15.867 10 -8 16.35
4 16 12.43 -5.5 15.867 14.49 -5.5 14.49 14.49 -8 14.49 12.43 -8 15.867
4 16 14.49 -5.5 14.49 15.867 -5.5 12.43 15.867 -8 12.43 14.49 -8 14.49
4 16 16.35 -8 10 15.867 -8 12.43 15.867 -5.5 12.43 16.35 -5.5 10
4 16 15.867 -8 7.57 16.35 -8 10 16.35 -5.5 10 15.867 -5.5 7.57
4 16 15.867 -5.5 7.57 14.49 -5.5 5.51 14.49 -8 5.51 15.867 -8 7.57
4 16 14.49 -5.5 5.51 12.43 -5.5 4.133 12.43 -8 4.133 14.49 -8 5.51
4 16 12.43 -5.5 4.133 10 -5.5 3.65 10 -8 3.65 12.43 -8 4.133
4 16 10 -5.5 3.65 7.57 -5.5 4.133 7.57 -8 4.133 10 -8 3.65
4 16 7.57 -5.5 4.133 5.51 -5.5 5.51 5.51 -8 5.51 7.57 -8 4.133
4 16 5.51 -5.5 5.51 4.134 -5.5 7.57 4.133 -8 7.57 5.51 -8 5.51
4 16 4.134 -5.5 7.57 3.65 -5.5 10 3.65 -8 10 4.133 -8 7.57
4 16 13.75 -5.5 10 13.465 -5.5 11.435 13.465 -8 11.435 13.75 -8 10
4 16 13.465 -5.5 11.435 12.652 -5.5 12.652 12.652 -8 12.652 13.465 -8 11.435
4 16 12.652 -5.5 12.652 11.435 -5.5 13.465 11.435 -8 13.465 12.652 -8 12.652
4 16 11.435 -5.5 13.465 10 -5.5 13.75 10 -8 13.75 11.435 -8 13.465
4 16 10 -5.5 13.75 8.565 -5.5 13.465 8.565 -8 13.465 10 -8 13.75
4 16 8.565 -5.5 13.465 7.348 -5.5 12.652 7.348 -8 12.652 8.565 -8 13.465
4 16 7.348 -5.5 12.652 6.536 -5.5 11.435 6.535 -8 11.435 7.348 -8 12.652
4 16 6.25 -8 10 6.535 -8 11.435 6.536 -5.5 11.435 6.25 -5.5 10
4 16 6.535 -8 8.565 6.25 -8 10 6.25 -5.5 10 6.536 -5.5 8.565
4 16 6.536 -5.5 8.565 7.348 -5.5 7.348 7.348 -8 7.348 6.535 -8 8.565
4 16 7.348 -5.5 7.348 8.565 -5.5 6.535 8.565 -8 6.535 7.348 -8 7.348
4 16 8.565 -5.5 6.535 10 -5.5 6.25 10 -8 6.25 8.565 -8 6.535
4 16 10 -5.5 6.25 11.435 -5.5 6.535 11.435 -8 6.535 10 -8 6.25
4 16 11.435 -5.5 6.535 12.652 -5.5 7.348 12.652 -8 7.348 11.435 -8 6.535
4 16 12.652 -5.5 7.348 13.465 -5.5 8.565 13.465 -8 8.565 12.652 -8 7.348
4 16 13.465 -5.5 8.565 13.75 -5.5 10 13.75 -8 10 13.465 -8 8.565
4 16 7.348 -8 7.348 5.51 -8 5.51 4.133 -8 7.57 6.535 -8 8.565
4 16 6.535 -8 8.565 4.133 -8 7.57 3.65 -8 10 6.25 -8 10
4 16 6.25 -8 10 3.65 -8 10 4.133 -8 12.43 6.535 -8 11.435
4 16 6.535 -8 11.435 4.133 -8 12.43 5.51 -8 14.49 7.348 -8 12.652
4 16 7.348 -8 12.652 5.51 -8 14.49 7.57 -8 15.867 8.565 -8 13.465
4 16 8.565 -8 13.465 7.57 -8 15.867 10 -8 16.35 10 -8 13.75
4 16 10 -8 13.75 10 -8 16.35 12.43 -8 15.867 11.435 -8 13.465
4 16 11.435 -8 13.465 12.43 -8 15.867 14.49 -8 14.49 12.652 -8 12.652
4 16 12.652 -8 12.652 14.49 -8 14.49 15.867 -8 12.43 13.465 -8 11.435
4 16 13.465 -8 11.435 15.867 -8 12.43 16.35 -8 10 13.75 -8 10
4 16 13.75 -8 10 16.35 -8 10 15.867 -8 7.57 13.465 -8 8.565
4 16 13.465 -8 8.565 15.867 -8 7.57 14.49 -8 5.51 12.652 -8 7.348
4 16 12.652 -8 7.348 14.49 -8 5.51 12.43 -8 4.133 11.435 -8 6.535
4 16 11.435 -8 6.535 12.43 -8 4.133 10 -8 3.65 10 -8 6.25
4 16 10 -8 6.25 10 -8 3.65 7.57 -8 4.133 8.565 -8 6.535
4 16 8.565 -8 6.535 7.57 -8 4.133 5.51 -8 5.51 7.348 -8 7.348
3 16 10 5.96046e-07 20 10 5.96046e-07 22.5 10.9567 0 22.3097
3 16 10 5.96046e-07 20 10.9567 0 22.3097 11.7677 0 21.7677
3 16 10 5.96046e-07 20 11.7677 0 21.7677 12.3097 0 20.9568
3 16 10 5.96046e-07 20 12.3097 0 20.9568 12.5 0 20
3 16 10 5.96046e-07 20 12.5 0 20 12.3097 0 19.0433
3 16 10 5.96046e-07 20 12.3097 0 19.0433 11.7677 0 18.2323
3 16 10 5.96046e-07 20 11.7677 0 18.2323 10.9567 0 17.6903
3 16 10 5.96046e-07 20 10.9567 0 17.6903 10 5.96046e-07 17.5
3 16 10 5.96046e-07 20 10 5.96046e-07 17.5 9.04325 5.96046e-07 17.6902
3 16 10 5.96046e-07 20 9.04325 5.96046e-07 17.6902 8.23225 5.96046e-07 18.2323
3 16 10 5.96046e-07 20 8.23225 5.96046e-07 18.2323 7.69025 5.96046e-07 19.0432
3 16 10 5.96046e-07 20 7.69025 5.96046e-07 19.0432 7.5 5.96046e-07 20
3 16 10 5.96046e-07 20 7.5 5.96046e-07 20 7.69025 5.96046e-07 20.9568
3 16 10 5.96046e-07 20 7.69025 5.96046e-07 20.9568 8.23225 5.96046e-07 21.7677
3 16 10 5.96046e-07 20 8.23225 5.96046e-07 21.7677 9.04325 5.96046e-07 22.3097
3 16 10 5.96046e-07 20 9.04325 5.96046e-07 22.3097 10 5.96046e-07 22.5
4 16 -22.246 -7.866 0.928804 -21.25 -8 0.865805 -21.25 -8 39.1411 -22.246 -7.866 39.0781
4 16 -21.25 -7.76959 39.9909 -22.246 -7.63268 39.9342 -22.246 -7.71434 39.7598 -21.25 -7.84542 39.829
3 16 -2.5 -5.5 0.500002 -22.5 -5.5 0.5 -2.5 -5.5 2.5
3 16 -22.5 -5.5 39.5 -2.5 -5.5 39.5 -2.5 -5.5 37.5
3 16 -24.866 -4.54784 0.707541 -25 -4.25 1.756 -25 16 -15.119
3 16 -25 -4.25 38.244 -24.866 -5.09441 38.4898 -24.866 -4.9796 38.7351
4 16 -24.866 -5.246 2.1988 -24.488 -6.142 1.7688 -24.488 -6.142 38.2381 -24.866 -5.246 37.8081
4 16 -24.488 16 -17.581 -24.488 -5.45184 0.295538 -24.866 -4.54784 0.707541 -24.866 16 -16.415
4 16 -23.901 -6.901 1.3998 -23.142 -7.488 1.1128 -23.142 -7.488 38.8941 -23.901 -6.901 38.6071
3 16 -22.246 16 59.825 -21.25 16 60 -22.5 16 57.5
3 16 -22.246 16 -19.826 -22.5 16 -17.5 -21.25 16 -20
4 16 20 1.19209e-06 0 17.5 -1.19209e-06 2.5 17.5 1.19209e-06 37.5 20 1.19209e-06 40
4 16 -1.19209e-06 -5.5 2.5 0 -5.5 37.5 -1.19209e-06 1.63918e-06 37.5 -1.19209e-06 1.09278e-07 2.5
4 16 -1.19209e-06 1.63918e-06 37.5 2.5 1.49012e-06 37.5 2.5 0 2.5 -1.19209e-06 1.09278e-07 2.5
4 16 -2.38419e-06 1.74846e-06 0 2.5 0 2.5 17.5 -1.19209e-06 2.5 20 1.19209e-06 0
4 16 15.3 -8 4.7 16.93 -8 7.13 16.93 -13 7.13 15.3 -13 4.7
4 16 11.77 -8 31.77 12.31 -8 30.96 12.31 -13 30.96 11.77 -13 31.77
4 16 12.5 -8 30 12.31 -8 29.04 12.31 -13 29.04 12.5 -13 30
4 16 10.96 -8 27.69 10 -8 27.5 10 -13 27.5 10.96 -13 27.69
4 16 10.9567 0 22.3097 10 5.96046e-07 22.5 10 -5.5 22.5 10.9567 -5.5 22.3097
4 16 8.23 -13 28.23 7.69 -13 29.04 3.07 -13 27.13 4.7 -13 24.7
4 16 10 -13 12.5 10.96 -13 12.31 12.87 -13 16.929 10 -13 17.5
4 16 7.5 -13 30 7.69 -13 30.96 3.071 -13 32.87 2.5 -13 30
4 16 8.23 -13 11.77 9.04 -13 12.31 7.13 -13 16.929 4.7 -13 15.3
4 16 12.31 -13 29.04 11.77 -13 28.23 15.3 -13 24.7 16.93 -13 27.13
4 16 7.69 -13 9.04 7.5 -13 10 2.5 -13 10 3.07 -13 7.13
4 16 7.69 -13 29.04 7.5 -13 30 2.5 -13 30 3.07 -13 27.13
4 16 8.23 -13 8.23 7.69 -13 9.04 3.07 -13 7.13 4.7 -13 4.7
4 16 9.04 -13 7.69 8.23 -13 8.23 4.7 -13 4.7 7.13 -13 3.07
4 16 10 -13 7.5 9.04 -13 7.69 7.13 -13 3.07 10 -13 2.5
4 16 9.04 -13 32.31 10 -13 32.5 10 -13 37.5 7.13 -13 36.929
4 16 11.77 -13 11.77 12.31 -13 10.96 16.93 -13 12.87 15.3 -13 15.3
4 16 11.77 -13 28.23 10.96 -13 27.69 12.87 -13 23.07 15.3 -13 24.7
4 16 12.31 -13 30.96 12.5 -13 30 17.5 -13 30 16.93 -13 32.87
4 16 10 -13 32.5 10.96 -13 32.31 12.87 -13 36.929 10 -13 37.5
4 16 7.69 -13 30.96 8.23 -13 31.77 4.7 -13 35.3 3.071 -13 32.87
4 16 8.23225 5.96046e-07 21.7677 7.69025 5.96046e-07 20.9568 7.69025 -5.5 20.9568 8.23225 -5.5 21.7677
4 16 9.04325 5.96046e-07 22.3097 8.23225 5.96046e-07 21.7677 8.23225 -5.5 21.7677 9.04325 -5.5 22.3097
4 16 17.5 -8 10 16.93 -8 12.87 16.93 -13 12.87 17.5 -13 10
4 16 7.69 -8 30.96 8.23 -8 31.77 8.23 -13 31.77 7.69 -13 30.96
3 16 -2.38419e-06 1.74846e-06 0 -2.5 2.98023e-07 2.5 -1.19209e-06 1.09278e-07 2.5
4 16 10 -8 7.5 9.04 -8 7.69 9.04 -13 7.69 10 -13 7.5
4 16 7.13 -8 3.07 10 -8 2.5 10 -13 2.5 7.13 -13 3.07
4 16 11.77 -8 8.23 10.96 -8 7.69 10.96 -13 7.69 11.77 -13 8.23
4 16 12.87 -8 23.07 15.3 -8 24.7 15.3 -13 24.7 12.87 -13 23.07
4 16 10 5.96046e-07 22.5 9.04325 5.96046e-07 22.3097 9.04325 -5.5 22.3097 10 -5.5 22.5
4 16 17.5 1.19209e-06 37.5 17.5 -5.5 37.5 2.5 -5.5 37.5 2.5 1.49012e-06 37.5
4 16 -23.142 -7.488 1.1128 -22.246 -7.866 0.928804 -22.246 -7.866 39.0781 -23.142 -7.488 38.8941
4 16 -2.5 -5.5 37.5 0 -5.5 37.5 -1.19209e-06 -5.5 2.5 -2.5 -5.5 2.5
4 16 10 -8 2.5 12.87 -8 3.07 12.87 -13 3.07 10 -13 2.5
4 16 8.23 -8 8.23 7.69 -8 9.04 7.69 -13 9.04 8.23 -13 8.23
4 16 16.93 -8 12.87 15.3 -8 15.3 15.3 -13 15.3 16.93 -13 12.87
4 16 10.96 -8 32.31 11.77 -8 31.77 11.77 -13 31.77 10.96 -13 32.31
4 16 11.7677 0 18.2323 12.3097 0 19.0433 12.3097 -5.5 19.0433 11.7677 -5.5 18.2323
4 16 7.5 -8 30 7.69 -8 30.96 7.69 -13 30.96 7.5 -13 30
4 16 15.3 -8 24.7 16.93 -8 27.13 16.93 -13 27.13 15.3 -13 24.7
4 16 10 -8 32.5 10.96 -8 32.31 10.96 -13 32.31 10 -13 32.5
4 16 16.93 -8 27.13 17.5 -8 30 17.5 -13 30 16.93 -13 27.13
4 16 12.31 -8 9.04 11.77 -8 8.23 11.77 -13 8.23 12.31 -13 9.04
3 16 -24.866 -4.86772 1.07478 -25 -4.25 1.756 -24.866 -4.70862 0.868496
4 16 3.071 -8 32.87 2.5 -8 30 2.5 -13 30 3.071 -13 32.87
4 16 10 5.96046e-07 17.5 10.9567 0 17.6903 10.9567 -5.5 17.6903 10 -5.5 17.5
4 16 12.87 -8 16.929 10 -8 17.5 10 -13 17.5 12.87 -13 16.929
4 16 -22.5 16 55.119 -22.5 -4.25 38.244 -25 -4.25 38.244 -25 16 55.119
4 16 10 -8 27.5 9.04 -8 27.69 9.04 -13 27.69 10 -13 27.5
4 16 2.5 -8 30 3.07 -8 27.13 3.07 -13 27.13 2.5 -13 30
4 16 -2.5 2.98023e-07 2.5 -2.5 -5.5 2.5 -1.19209e-06 -5.5 2.5 -1.19209e-06 1.09278e-07 2.5
4 16 9.04 -8 27.69 8.23 -8 28.23 8.23 -13 28.23 9.04 -13 27.69
4 16 3.07 -8 27.13 4.7 -8 24.7 4.7 -13 24.7 3.07 -13 27.13
4 16 9.04 -8 32.31 10 -8 32.5 10 -13 32.5 9.04 -13 32.31
4 16 12.5 -8 10 12.31 -8 9.04 12.31 -13 9.04 12.5 -13 10
4 16 4.7 -8 35.3 3.071 -8 32.87 3.071 -13 32.87 4.7 -13 35.3
4 16 7.69 -13 10.96 8.23 -13 11.77 4.7 -13 15.3 3.071 -13 12.87
4 16 9.04 -13 12.31 10 -13 12.5 10 -13 17.5 7.13 -13 16.929
4 16 10.96 -13 12.31 11.77 -13 11.77 15.3 -13 15.3 12.87 -13 16.929
4 16 12.31 -13 9.04 11.77 -13 8.23 15.3 -13 4.7 16.93 -13 7.13
4 16 10 -13 27.5 9.04 -13 27.69 7.13 -13 23.07 10 -13 22.5
4 16 10.96 -13 27.69 10 -13 27.5 10 -13 22.5 12.87 -13 23.07
4 16 11.77 -13 31.77 12.31 -13 30.96 16.93 -13 32.87 15.3 -13 35.3
4 16 9.04 -13 27.69 8.23 -13 28.23 4.7 -13 24.7 7.13 -13 23.07
4 16 12.5 -13 10 12.31 -13 9.04 16.93 -13 7.13 17.5 -13 10
4 16 12.5 -13 30 12.31 -13 29.04 16.93 -13 27.13 17.5 -13 30
4 16 -21.25 16 -20 -22.5 16 -17.5 -4.76837e-06 16 -17.5 0 16 -20
4 16 11.77 -13 8.23 10.96 -13 7.69 12.87 -13 3.07 15.3 -13 4.7
4 16 10.96 -13 7.69 10 -13 7.5 10 -13 2.5 12.87 -13 3.07
4 16 7.5 -13 10 7.69 -13 10.96 3.071 -13 12.87 2.5 -13 10
4 16 10.96 -13 32.31 11.77 -13 31.77 15.3 -13 35.3 12.87 -13 36.929
4 16 12.31 -13 10.96 12.5 -13 10 17.5 -13 10 16.93 -13 12.87
4 16 16.93 -8 7.13 17.5 -8 10 17.5 -13 10 16.93 -13 7.13
4 16 10.9567 0 17.6903 11.7677 0 18.2323 11.7677 -5.5 18.2323 10.9567 -5.5 17.6903
4 16 20 -8 40 20 -8 0 20 1.19209e-06 0 20 1.19209e-06 40
4 16 -2.5 1.78814e-06 37.5 -2.5 2.08616e-06 44.137 0 1.92929e-06 44.137 -1.19209e-06 1.74846e-06 40
4 16 15.3 -8 15.3 12.87 -8 16.929 12.87 -13 16.929 15.3 -13 15.3
4 16 10 -8 17.5 12.87 -8 16.929 12.87 -8 23.07 10 -8 22.5
4 16 10 -8 12.5 10.96 -8 12.31 10.96 -13 12.31 10 -13 12.5
4 16 10.96 -8 7.69 10 -8 7.5 10 -13 7.5 10.96 -13 7.69
4 16 7.69 -8 29.04 7.5 -8 30 7.5 -13 30 7.69 -13 29.04
4 16 7.13 -8 16.929 4.7 -8 15.3 4.7 -13 15.3 7.13 -13 16.929
4 16 7.69 -8 10.96 8.23 -8 11.77 8.23 -13 11.77 7.69 -13 10.96
4 16 7.13 -8 36.93 4.7 -8 35.3 4.7 -13 35.3 7.13 -13 36.929
4 16 9.04 -8 12.31 10 -8 12.5 10 -13 12.5 9.04 -13 12.31
4 16 8.23225 5.96046e-07 18.2323 9.04325 5.96046e-07 17.6902 9.04325 -5.5 17.6903 8.23225 -5.5 18.2323
4 16 8.23 -8 11.77 9.04 -8 12.31 9.04 -13 12.31 8.23 -13 11.77
4 16 4.7 -8 15.3 3.071 -8 12.87 3.071 -13 12.87 4.7 -13 15.3
4 16 -2.5 1.78814e-06 37.5 -1.19209e-06 1.63918e-06 37.5 0 -5.5 37.5 -2.5 -5.5 37.5
4 16 7.5 -8 10 7.69 -8 10.96 7.69 -13 10.96 7.5 -13 10
4 16 11.77 -8 11.77 12.31 -8 10.96 12.31 -13 10.96 11.77 -13 11.77
4 16 -22.246 16 -19.826 -21.25 16 -20 -21.25 -7.33484 -0.554462 -22.246 -7.20085 -0.491467
4 16 3.07 -8 7.13 4.7 -8 4.7 4.7 -13 4.7 3.07 -13 7.13
4 16 9.04 -8 7.69 8.23 -8 8.23 8.23 -13 8.23 9.04 -13 7.69
4 16 3.071 -8 12.87 2.5 -8 10 2.5 -13 10 3.071 -13 12.87
4 16 2.5 -8 10 3.07 -8 7.13 3.07 -13 7.13 2.5 -13 10
4 16 7.69 -8 9.04 7.5 -8 10 7.5 -13 10 7.69 -13 9.04
4 16 12.87 -8 36.929 10 -8 37.5 10 -13 37.5 12.87 -13 36.929
4 16 11.77 -8 28.23 10.96 -8 27.69 10.96 -13 27.69 11.77 -13 28.23
4 16 7.69025 5.96046e-07 19.0432 8.23225 5.96046e-07 18.2323 8.23225 -5.5 18.2323 7.69025 -5.5 19.0432
4 16 8.23 -8 28.23 7.69 -8 29.04 7.69 -13 29.04 8.23 -13 28.23
4 16 15.3 -8 35.3 12.87 -8 36.929 12.87 -13 36.929 15.3 -13 35.3
4 16 8.23 -8 31.77 9.04 -8 32.31 9.04 -13 32.31 8.23 -13 31.77
4 16 10.96 -8 12.31 11.77 -8 11.77 11.77 -13 11.77 10.96 -13 12.31
4 16 4.7 -8 24.7 7.13 -8 23.07 7.13 -13 23.07 4.7 -13 24.7
4 16 12.3097 0 20.9568 11.7677 0 21.7677 11.7677 -5.5 21.7677 12.3097 -5.5 20.9568
4 16 8.23 -13 31.77 9.04 -13 32.31 7.13 -13 36.929 4.7 -13 35.3
4 16 12.31 -8 10.96 12.5 -8 10 12.5 -13 10 12.31 -13 10.96
4 16 10 -8 37.5 7.13 -8 36.93 7.13 -13 36.929 10 -13 37.5
4 16 -25 -4.25 1.756 -22.5 -4.25 1.756 -22.5 16 -15.119 -25 16 -15.119
4 16 16.93 -8 32.87 15.3 -8 35.3 15.3 -13 35.3 16.93 -13 32.87
4 16 -22.5 -4.25 1.756 -25 -4.25 1.756 -25 -4.25 38.244 -22.5 -4.25 38.244
4 16 4.7 -8 4.7 7.13 -8 3.07 7.13 -13 3.07 4.7 -13 4.7
3 16 10 -8 2.5 7.13 -8 3.07 -1.19209e-06 -8 0.000240326
4 16 12.87 -8 3.07 15.3 -8 4.7 15.3 -13 4.7 12.87 -13 3.07
4 16 12.31 -8 29.04 11.77 -8 28.23 11.77 -13 28.23 12.31 -13 29.04
4 16 9.04325 5.96046e-07 17.6902 10 5.96046e-07 17.5 10 -5.5 17.5 9.04325 -5.5 17.6903
4 16 10 -8 22.5 12.87 -8 23.07 12.87 -13 23.07 10 -13 22.5
4 16 2.5 0 2.5 2.5 -5.5 2.5 17.5 -5.5 2.5 17.5 -1.19209e-06 2.5
4 16 11.7677 0 21.7677 10.9567 0 22.3097 10.9567 -5.5 22.3097 11.7677 -5.5 21.7677
4 16 17.5 -8 30 16.93 -8 32.87 16.93 -13 32.87 17.5 -13 30
3 16 0 -7.97929 39.3608 0 -8 39.9998 0 -7.92271 39.6151
4 16 -24.866 -5.09441 38.4898 -24.488 -5.99028 38.9198 -24.488 -5.88373 39.1472 -24.866 -4.9796 38.7351
3 16 3.07 -8 7.13 -21.25 -8 0.865805 4.7 -8 4.7
4 16 -23.901 -6.74919 39.2887 -23.142 -7.33607 39.5757 -23.142 -7.24895 39.7613 -23.901 -6.65282 39.4942
4 16 -24.488 16 57.581 -24.866 16 56.416 -24.866 -4.55321 39.288 -24.488 -5.45721 39.7
4 16 20 1.19209e-06 40 17.5 1.19209e-06 37.5 2.5 1.49012e-06 37.5 -1.19209e-06 1.74846e-06 40
4 16 -23.142 16 -19.333 -22.246 16 -19.826 -22.246 -7.20085 -0.491467 -23.142 -6.81685 -0.318468
3 16 0 16 -20 -4.76837e-06 16 -17.5 -2.38419e-06 -7.33484 -0.554462
4 16 -24.488 -5.99028 38.9198 -23.901 -6.74919 39.2887 -23.901 -6.65282 39.4942 -24.488 -5.88373 39.1472
4 16 -23.901 16 -18.569 -23.901 -6.22084 -0.0514641 -24.488 -5.45184 0.295538 -24.488 16 -17.581
3 16 0 -7.92271 39.6151 0 -8 39.9998 0 -7.84542 39.829
4 16 -22.246 -7.63268 39.9342 -23.142 -7.24895 39.7613 -23.142 -7.33607 39.5757 -22.246 -7.71434 39.7598
3 16 -25 16 -15.119 -24.866 16 -16.415 -24.866 -4.54784 0.707541
4 16 -23.901 -6.74627 0.70504 -23.901 -6.65575 0.511997 -23.142 -7.25187 0.24494 -23.142 -7.33315 0.418098
4 16 0 16 -20 -2.38419e-06 -7.33484 -0.554462 -21.25 -7.33484 -0.554462 -21.25 16 -20
3 16 -22.5 -5.5 39.5 -22.5 -5.5 0.5 -22.5 -4.25 1.756
3 16 -22.5 -5.5 39.5 -22.5 -4.25 1.756 -22.5 -4.25 38.244
3 16 -2.5 2.98023e-07 2.5 -2.5 0 -4.137 -2.5 -5.5 0.500002
4 16 -23.901 16 58.569 -24.488 16 57.581 -24.488 -5.45721 39.7 -23.901 -6.22621 40.047
4 16 10 -8 17.5 7.13 -8 16.929 7.13 -13 16.929 10 -13 17.5
3 16 -24.866 -4.86699 38.9277 -25 -4.25 38.244 -24.866 -4.9796 38.7351
4 16 -22.5 16 57.5 -22.5 -5.5 39.5 -22.5 -4.25 38.244 -22.5 16 55.119
4 16 -24.866 -5.0915 1.50393 -24.866 -4.98251 1.2711 -24.488 -5.88665 0.859043 -24.488 -5.98737 1.07399
3 16 -1.19209e-06 1.74846e-06 40 0 -7.76959 40 20 -8 40
3 16 -24.866 -4.71092 39.1301 -25 -4.25 38.244 -24.866 -4.86699 38.9277
4 16 -24.488 -5.98737 1.07399 -24.488 -5.88665 0.859043 -23.901 -6.65575 0.511997 -23.901 -6.74627 0.70504
3 16 -25 -4.25 1.756 -24.866 -5.246 2.1988 -24.866 -5.246 37.8081
4 16 -22.5 16 -15.119 -22.5 16 -17.5 -24.866 16 -16.415 -25 16 -15.119
3 16 -23.901 16 58.569 -22.5 16 57.5 -24.866 16 56.416
3 16 -23.901 16 58.569 -24.866 16 56.416 -24.488 16 57.581
3 16 -24.866 -4.55321 39.288 -25 -4.25 38.244 -24.866 -4.71092 39.1301
4 16 -23.142 16 59.333 -23.142 -6.82221 40.314 -22.246 -7.20621 40.487 -22.246 16 59.825
4 16 7.13 -8 23.07 10 -8 22.5 10 -13 22.5 7.13 -13 23.07
4 16 -22.5 16 -17.5 -22.5 16 -15.119 -22.5 -4.25 1.756 -22.5 -5.5 0.5
3 16 -24.866 16 -16.415 -22.5 16 -17.5 -23.901 16 -18.569
3 16 -24.866 16 -16.415 -23.901 16 -18.569 -24.488 16 -17.581
3 16 -22.246 16 -19.826 -23.142 16 -19.333 -23.901 16 -18.569
3 16 -22.246 16 -19.826 -23.901 16 -18.569 -22.5 16 -17.5
3 16 -23.901 16 58.569 -23.142 16 59.333 -22.246 16 59.825
3 16 -23.901 16 58.569 -22.246 16 59.825 -22.5 16 57.5
4 16 -24.866 16 56.416 -22.5 16 57.5 -22.5 16 55.119 -25 16 55.119
4 16 -23.142 16 59.333 -23.901 16 58.569 -23.901 -6.22621 40.047 -23.142 -6.82221 40.314
4 16 -22.246 -7.63559 0.0720692 -22.246 -7.71142 0.233971 -23.142 -7.33315 0.418098 -23.142 -7.25187 0.24494
4 16 -22.5 -5.5 39.5 -2.5 -5.5 37.5 -2.5 -5.5 2.5 -22.5 -5.5 0.5
3 16 -2.5 -5.5 0.500002 -2.5 0 -4.137 -22.5 16 -17.5
3 16 -2.5 -5.5 0.500002 -22.5 16 -17.5 -22.5 -5.5 0.5
3 16 -2.5 -5.5 39.5 -22.5 -5.5 39.5 -22.5 16 57.5
3 16 -2.5 -5.5 39.5 -22.5 16 57.5 -2.5 2.08616e-06 44.137
3 16 -2.38419e-06 1.92929e-06 -4.137 -4.76837e-06 16 -17.5 -22.5 16 -17.5
3 16 -2.38419e-06 1.92929e-06 -4.137 -22.5 16 -17.5 -2.5 0 -4.137
3 16 0 1.92929e-06 44.137 -2.5 2.08616e-06 44.137 -22.5 16 57.5
3 16 0 1.92929e-06 44.137 -22.5 16 57.5 0 16 57.5
4 16 -21.25 16 60 0 16 60 0 16 57.5 -22.5 16 57.5
3 16 -1.19209e-06 -8 0.000240326 -1.19209e-06 -7.84542 0.170971 -2.38419e-06 -7.76959 0
3 16 20 -8 0 10 -8 2.5 -1.19209e-06 -8 0.000240326
4 16 -23.142 16 -19.333 -23.142 -6.81685 -0.318468 -23.901 -6.22084 -0.0514641 -23.901 16 -18.569
3 16 20 -8 40 0 -7.76959 40 0 -8 39.9998
4 16 -21.25 -7.92271 39.6151 0 -7.92271 39.6151 0 -7.84542 39.829 -21.25 -7.84542 39.829
4 16 -24.488 -6.142 1.7688 -23.901 -6.901 1.3998 -23.901 -6.901 38.6071 -24.488 -6.142 38.2381
3 16 4.7 -8 35.3 -21.25 -8 39.1411 3.071 -8 32.87
4 16 12.31 -8 30.96 12.5 -8 30 12.5 -13 30 12.31 -13 30.96
3 16 20 -8 0 -2.38419e-06 1.74846e-06 0 20 1.19209e-06 0
3 16 2.5 1.49012e-06 37.5 -1.19209e-06 1.63918e-06 37.5 -1.19209e-06 1.74846e-06 40
3 16 -2.5 -5.5 2.5 -2.5 2.98023e-07 2.5 -2.5 -5.5 0.500002
3 16 -2.5 1.78814e-06 37.5 -2.5 -5.5 39.5 -2.5 2.08616e-06 44.137
3 16 -2.5 -5.5 37.5 -2.5 -5.5 39.5 -2.5 1.78814e-06 37.5
3 16 -2.5 1.78814e-06 37.5 -1.19209e-06 1.74846e-06 40 -1.19209e-06 1.63918e-06 37.5
4 16 -2.38419e-06 1.92929e-06 -4.137 -2.5 0 -4.137 -2.5 2.98023e-07 2.5 -2.38419e-06 1.74846e-06 0
3 16 -2.38419e-06 1.74846e-06 0 -1.19209e-06 1.09278e-07 2.5 2.5 0 2.5
4 16 12.87 -8 23.07 12.87 -8 16.929 15.3 -8 15.3 15.3 -8 24.7
4 16 16.93 -8 12.87 16.93 -8 27.13 15.3 -8 24.7 15.3 -8 15.3
4 16 16.93 -8 27.13 16.93 -8 12.87 17.5 -8 10 17.5 -8 30
4 16 20 -8 0 20 -8 40 17.5 -8 30 17.5 -8 10
3 16 17.5 -8 10 16.93 -8 7.13 20 -8 0
3 16 16.93 -8 7.13 15.3 -8 4.7 20 -8 0
3 16 15.3 -8 4.7 12.87 -8 3.07 20 -8 0
3 16 10 -8 2.5 20 -8 0 12.87 -8 3.07
3 16 7.13 -8 3.07 4.7 -8 4.7 -21.25 -8 0.865805
3 16 -2.38419e-06 -7.76959 0 -2.38419e-06 -7.65476 -0.187244 -2.38419e-06 1.74846e-06 0
3 16 2.5 -8 30 3.071 -8 32.87 -21.25 -8 39.1411
3 16 2.5 -8 10 -21.25 -8 0.865805 3.07 -8 7.13
4 16 7.13 -8 23.07 7.13 -8 16.929 10 -8 17.5 10 -8 22.5
4 16 4.7 -8 24.7 4.7 -8 15.3 7.13 -8 16.929 7.13 -8 23.07
4 16 4.7 -8 24.7 3.07 -8 27.13 3.071 -8 12.87 4.7 -8 15.3
4 16 2.5 -8 30 2.5 -8 10 3.071 -8 12.87 3.07 -8 27.13
4 16 -21.25 -7.84542 39.829 0 -7.84542 39.829 0 -7.76959 40 -21.25 -7.76959 39.9909
4 16 -21.25 -7.76959 39.9909 0 -7.76959 40 0 -7.65476 40.1872 -21.25 -7.65476 40.1872
4 16 -21.25 -7.49563 40.3935 0 -7.49563 40.3935 0 -7.33484 40.5545 -21.25 -7.33484 40.5545
3 16 4.7 -8 35.3 7.13 -8 36.93 -21.25 -8 39.1411
3 16 0 -8 39.9998 10 -8 37.5 20 -8 40
4 16 -22.246 16 59.825 -22.246 -7.20621 40.487 -21.25 -7.33484 40.5545 -21.25 16 60
3 16 10 -8 37.5 12.87 -8 36.929 20 -8 40
3 16 12.87 -8 36.929 15.3 -8 35.3 20 -8 40
3 16 15.3 -8 35.3 16.93 -8 32.87 20 -8 40
3 16 17.5 -8 30 20 -8 40 16.93 -8 32.87
3 16 11.77 -8 31.77 10.96 -8 32.31 10 -8 30
3 16 7.69 -8 30.96 7.5 -8 30 10 -8 30
3 16 10.96 -8 27.69 11.77 -8 28.23 10 -8 30
3 16 10 -8 32.5 9.04 -8 32.31 10 -8 30
3 16 12.5 -8 30 12.31 -8 30.96 10 -8 30
3 16 9.04 -8 32.31 8.23 -8 31.77 10 -8 30
3 16 12.31 -8 29.04 12.5 -8 30 10 -8 30
3 16 8.23 -8 28.23 9.04 -8 27.69 10 -8 30
3 16 8.23 -8 31.77 7.69 -8 30.96 10 -8 30
3 16 12.31 -8 30.96 11.77 -8 31.77 10 -8 30
3 16 7.69 -8 29.04 8.23 -8 28.23 10 -8 30
3 16 10.96 -8 32.31 10 -8 32.5 10 -8 30
3 16 9.04 -8 27.69 10 -8 27.5 10 -8 30
3 16 10 -8 27.5 10.96 -8 27.69 10 -8 30
3 16 7.5 -8 30 7.69 -8 29.04 10 -8 30
3 16 11.77 -8 28.23 12.31 -8 29.04 10 -8 30
3 16 7.69 -8 10.96 7.5 -8 10 10 -8 10
3 16 11.77 -8 11.77 10.96 -8 12.31 10 -8 10
3 16 10.96 -8 7.69 11.77 -8 8.23 10 -8 10
3 16 8.23 -8 8.23 9.04 -8 7.69 10 -8 10
3 16 12.31 -8 9.04 12.5 -8 10 10 -8 10
3 16 12.5 -8 10 12.31 -8 10.96 10 -8 10
3 16 10 -8 12.5 9.04 -8 12.31 10 -8 10
3 16 7.5 -8 10 7.69 -8 9.04 10 -8 10
3 16 9.04 -8 12.31 8.23 -8 11.77 10 -8 10
3 16 9.04 -8 7.69 10 -8 7.5 10 -8 10
3 16 10 -8 7.5 10.96 -8 7.69 10 -8 10
3 16 12.31 -8 10.96 11.77 -8 11.77 10 -8 10
3 16 10.96 -8 12.31 10 -8 12.5 10 -8 10
3 16 8.23 -8 11.77 7.69 -8 10.96 10 -8 10
3 16 7.69 -8 9.04 8.23 -8 8.23 10 -8 10
3 16 11.77 -8 8.23 12.31 -8 9.04 10 -8 10
4 16 -23.901 -6.22621 40.047 -24.488 -5.45721 39.7 -24.488 -5.61493 39.5421 -23.901 -6.38395 39.8891
4 16 -23.901 -6.38395 39.8891 -24.488 -5.61493 39.5421 -24.488 -5.77105 39.3398 -23.901 -6.5401 39.6868
4 16 -23.901 -6.5401 39.6868 -24.488 -5.77105 39.3398 -24.488 -5.88373 39.1472 -23.901 -6.65282 39.4942
4 16 -21.25 -7.33484 40.5545 -22.246 -7.20621 40.487 -22.246 -7.36392 40.3291 -21.25 -7.49563 40.3935
4 16 -21.25 -7.49563 40.3935 -22.246 -7.36392 40.3291 -22.246 -7.52002 40.1268 -21.25 -7.65476 40.1872
4 16 -21.25 -7.65476 40.1872 -22.246 -7.52002 40.1268 -22.246 -7.63268 39.9342 -21.25 -7.76959 39.9909
4 16 -22.246 -7.71434 39.7598 -23.142 -7.33607 39.5757 -23.142 -7.41203 39.3659 -22.246 -7.79017 39.55
4 16 -22.246 -7.79017 39.55 -23.142 -7.41203 39.3659 -23.142 -7.46764 39.1164 -22.246 -7.84568 39.3004
4 16 -22.246 -7.84568 39.3004 -23.142 -7.46764 39.1164 -23.142 -7.488 38.8941 -22.246 -7.866 39.0781
4 16 -21.25 -7.65476 40.1872 0 -7.65476 40.1872 0 -7.49563 40.3935 -21.25 -7.49563 40.3935
4 16 -21.25 -7.97929 39.3608 0 -7.97929 39.3608 0 -7.92271 39.6151 -21.25 -7.92271 39.6151
4 16 -21.25 -8 39.1411 0 -8 39.1342 0 -7.97929 39.3608 -21.25 -7.97929 39.3608
4 16 -23.142 -7.33607 39.5757 -23.901 -6.74919 39.2887 -23.901 -6.82509 39.0789 -23.142 -7.41203 39.3659
4 16 -23.142 -7.41203 39.3659 -23.901 -6.82509 39.0789 -23.901 -6.88066 38.8294 -23.142 -7.46764 39.1164
4 16 -23.142 -7.46764 39.1164 -23.901 -6.88066 38.8294 -23.901 -6.901 38.6071 -23.142 -7.488 38.8941
3 16 0 -7.65476 40.1872 -1.19209e-06 1.74846e-06 40 0 -7.49563 40.3935
3 16 0 -7.49563 40.3935 -1.19209e-06 1.74846e-06 40 0 -7.33484 40.5545
3 16 -1.19209e-06 1.74846e-06 40 0 1.92929e-06 44.137 0 -7.33484 40.5545
4 16 -24.866 -5.246 37.8081 -24.488 -6.142 38.2381 -24.488 -6.12167 38.4604 -24.866 -5.22569 38.0304
4 16 -24.866 -5.22569 38.0304 -24.488 -6.12167 38.4604 -24.488 -6.06614 38.7099 -24.866 -5.1702 38.28
4 16 -24.866 -5.1702 38.28 -24.488 -6.06614 38.7099 -24.488 -5.99028 38.9198 -24.866 -5.09441 38.4898
4 16 -23.142 -6.82221 40.314 -23.901 -6.22621 40.047 -23.901 -6.38395 39.8891 -23.142 -6.97996 40.1561
4 16 -23.142 -6.97996 40.1561 -23.901 -6.38395 39.8891 -23.901 -6.5401 39.6868 -23.142 -7.13616 39.9538
4 16 -23.142 -7.13616 39.9538 -23.901 -6.5401 39.6868 -23.901 -6.65282 39.4942 -23.142 -7.24895 39.7613
4 16 -21.25 -7.84542 39.829 -22.246 -7.71434 39.7598 -22.246 -7.79017 39.55 -21.25 -7.92271 39.6151
4 16 -21.25 -7.92271 39.6151 -22.246 -7.79017 39.55 -22.246 -7.84568 39.3004 -21.25 -7.97929 39.3608
4 16 -21.25 -7.97929 39.3608 -22.246 -7.84568 39.3004 -22.246 -7.866 39.0781 -21.25 -8 39.1411
4 16 -23.901 -6.74919 39.2887 -24.488 -5.99028 38.9198 -24.488 -6.06614 38.7099 -23.901 -6.82509 39.0789
4 16 -23.901 -6.82509 39.0789 -24.488 -6.06614 38.7099 -24.488 -6.12167 38.4604 -23.901 -6.88066 38.8294
4 16 -23.901 -6.88066 38.8294 -24.488 -6.12167 38.4604 -24.488 -6.142 38.2381 -23.901 -6.901 38.6071
4 16 -24.866 -4.9796 38.7351 -24.488 -5.88373 39.1472 -24.488 -5.77105 39.3398 -24.866 -4.86699 38.9277
4 16 -24.866 -4.86699 38.9277 -24.488 -5.77105 39.3398 -24.488 -5.61493 39.5421 -24.866 -4.71092 39.1301
4 16 -24.866 -4.71092 39.1301 -24.488 -5.61493 39.5421 -24.488 -5.45721 39.7 -24.866 -4.55321 39.288
4 16 -22.246 -7.20621 40.487 -23.142 -6.82221 40.314 -23.142 -6.97996 40.1561 -22.246 -7.36392 40.3291
4 16 -22.246 -7.36392 40.3291 -23.142 -6.97996 40.1561 -23.142 -7.13616 39.9538 -22.246 -7.52002 40.1268
4 16 -22.246 -7.52002 40.1268 -23.142 -7.13616 39.9538 -23.142 -7.24895 39.7613 -22.246 -7.63268 39.9342
3 16 -25 -4.25 38.244 -25 -4.25 1.756 -24.866 -5.246 37.8081
3 16 -24.866 -4.98251 1.2711 -25 -4.25 1.756 -24.866 -4.86772 1.07478
3 16 -24.866 -4.55321 39.288 -24.866 16 56.416 -25 16 55.119
3 16 -25 16 55.119 -25 -4.25 38.244 -24.866 -4.55321 39.288
3 16 0 16 57.5 0 -7.33484 40.5545 0 1.92929e-06 44.137
3 16 0 -7.76959 40 -1.19209e-06 1.74846e-06 40 0 -7.65476 40.1872
3 16 20 -8 40 20 1.19209e-06 40 -1.19209e-06 1.74846e-06 40
4 16 0 16 60 -21.25 16 60 -21.25 -7.33484 40.5545 0 -7.33484 40.5545
3 16 0 -8 39.9998 0 -7.76959 40 0 -7.84542 39.829
4 16 -22.246 -7.63559 0.0720692 -23.142 -7.25187 0.24494 -23.142 -7.1369 0.0486927 -22.246 -7.52076 -0.124245
4 16 -22.246 -7.52076 -0.124245 -23.142 -7.1369 0.0486927 -23.142 -6.97767 -0.15753 -22.246 -7.36164 -0.330513
4 16 -22.246 -7.36164 -0.330513 -23.142 -6.97767 -0.15753 -23.142 -6.81685 -0.318468 -22.246 -7.20085 -0.491467
4 16 -21.25 -8 0.865805 -22.246 -7.866 0.928804 -22.246 -7.84529 0.702187 -21.25 -7.97929 0.639187
4 16 -21.25 -7.97929 0.639187 -22.246 -7.84529 0.702187 -22.246 -7.78871 0.447861 -21.25 -7.92271 0.384859
4 16 -21.25 -7.92271 0.384859 -22.246 -7.78871 0.447861 -22.246 -7.71142 0.233971 -21.25 -7.84542 0.170971
3 16 -4.76837e-06 16 -17.5 -2.38419e-06 1.92929e-06 -4.137 -2.38419e-06 -7.33484 -0.554462
3 16 -2.38419e-06 1.74846e-06 0 -2.38419e-06 -7.33484 -0.554462 -2.38419e-06 1.92929e-06 -4.137
4 16 -23.901 -6.901 1.3998 -24.488 -6.142 1.7688 -24.488 -6.12128 1.54219 -23.901 -6.88027 1.17319
4 16 -23.901 -6.88027 1.17319 -24.488 -6.12128 1.54219 -24.488 -6.06468 1.28787 -23.901 -6.82364 0.918896
4 16 -23.901 -6.82364 0.918896 -24.488 -6.06468 1.28787 -24.488 -5.98737 1.07399 -23.901 -6.74627 0.70504
4 16 -23.142 -7.488 1.1128 -23.901 -6.901 1.3998 -23.901 -6.88027 1.17319 -23.142 -7.46725 0.886204
4 16 -23.142 -7.46725 0.886204 -23.901 -6.88027 1.17319 -23.901 -6.82364 0.918896 -23.142 -7.41057 0.631924
4 16 -23.142 -7.41057 0.631924 -23.901 -6.82364 0.918896 -23.901 -6.74627 0.70504 -23.142 -7.33315 0.418098
4 16 -21.25 -7.76959 0.00906944 -22.246 -7.63559 0.0720692 -22.246 -7.52076 -0.124245 -21.25 -7.65476 -0.187244
4 16 -21.25 -7.65476 -0.187244 -22.246 -7.52076 -0.124245 -22.246 -7.36164 -0.330513 -21.25 -7.49563 -0.393509
4 16 -21.25 -7.49563 -0.393509 -22.246 -7.36164 -0.330513 -22.246 -7.20085 -0.491467 -21.25 -7.33484 -0.554462
4 16 -24.866 -4.54784 0.707541 -24.488 -5.45184 0.295538 -24.488 -5.61264 0.456486 -24.866 -4.70862 0.868496
4 16 -24.866 -4.70862 0.868496 -24.488 -5.61264 0.456486 -24.488 -5.77179 0.662743 -24.866 -4.86772 1.07478
4 16 -24.866 -4.86772 1.07478 -24.488 -5.77179 0.662743 -24.488 -5.88665 0.859043 -24.866 -4.98251 1.2711
4 16 -24.866 -5.0915 1.50393 -24.488 -5.98737 1.07399 -24.488 -6.06468 1.28787 -24.866 -5.16875 1.71784
4 16 -24.866 -5.16875 1.71784 -24.488 -6.06468 1.28787 -24.488 -6.12128 1.54219 -24.866 -5.2253 1.97218
4 16 -24.866 -5.2253 1.97218 -24.488 -6.12128 1.54219 -24.488 -6.142 1.7688 -24.866 -5.246 2.1988
4 16 -22.246 -7.866 0.928804 -23.142 -7.488 1.1128 -23.142 -7.46725 0.886204 -22.246 -7.84529 0.702187
4 16 -22.246 -7.84529 0.702187 -23.142 -7.46725 0.886204 -23.142 -7.41057 0.631924 -22.246 -7.78871 0.447861
4 16 -22.246 -7.78871 0.447861 -23.142 -7.41057 0.631924 -23.142 -7.33315 0.418098 -22.246 -7.71142 0.233971
3 16 -2.38419e-06 -7.49563 -0.393509 -2.38419e-06 -7.33484 -0.554462 -2.38419e-06 1.74846e-06 0
3 16 -2.38419e-06 -7.65476 -0.187244 -2.38419e-06 -7.49563 -0.393509 -2.38419e-06 1.74846e-06 0
4 16 -21.25 -8 0.865805 -21.25 -7.97929 0.639187 -1.19209e-06 -7.97929 0.639187 -1.19209e-06 -8 0.865803
4 16 -23.901 -6.65575 0.511997 -24.488 -5.88665 0.859043 -24.488 -5.77179 0.662743 -23.901 -6.54084 0.315722
4 16 -23.901 -6.54084 0.315722 -24.488 -5.77179 0.662743 -24.488 -5.61264 0.456486 -23.901 -6.38165 0.10948
4 16 -23.901 -6.38165 0.10948 -24.488 -5.61264 0.456486 -24.488 -5.45184 0.295538 -23.901 -6.22084 -0.0514641
4 16 -23.142 -7.25187 0.24494 -23.901 -6.65575 0.511997 -23.901 -6.54084 0.315722 -23.142 -7.1369 0.0486927
4 16 -23.142 -7.1369 0.0486927 -23.901 -6.54084 0.315722 -23.901 -6.38165 0.10948 -23.142 -6.97767 -0.15753
4 16 -23.142 -6.97767 -0.15753 -23.901 -6.38165 0.10948 -23.901 -6.22084 -0.0514641 -23.142 -6.81685 -0.318468
4 16 -21.25 -7.76959 0.00906944 -21.25 -7.84542 0.170971 -22.246 -7.71142 0.233971 -22.246 -7.63559 0.0720692
3 16 -24.866 -5.0915 1.50393 -25 -4.25 1.756 -24.866 -4.98251 1.2711
3 16 -24.866 -5.16875 1.71784 -25 -4.25 1.756 -24.866 -5.0915 1.50393
4 16 -21.25 -7.97929 0.639187 -21.25 -7.92271 0.384859 -1.19209e-06 -7.92271 0.384857 -1.19209e-06 -7.97929 0.639187
4 16 -21.25 -7.65476 -0.187244 -21.25 -7.49563 -0.393509 -2.38419e-06 -7.49563 -0.393509 -2.38419e-06 -7.65476 -0.187244
4 16 -21.25 -7.49563 -0.393509 -21.25 -7.33484 -0.554462 -2.38419e-06 -7.33484 -0.554462 -2.38419e-06 -7.49563 -0.393509
4 16 -21.25 -7.76959 0.00906944 -21.25 -7.65476 -0.187244 -2.38419e-06 -7.65476 -0.187244 -2.38419e-06 -7.76959 0
4 16 -21.25 -7.84542 0.170971 -21.25 -7.76959 0.00906944 -2.38419e-06 -7.76959 0 -1.19209e-06 -7.84542 0.170971
4 16 -21.25 -7.92271 0.384859 -21.25 -7.84542 0.170971 -1.19209e-06 -7.84542 0.170971 -1.19209e-06 -7.92271 0.384857
4 16 2.5 -8 10 2.5 -8 30 -21.25 -8 39.1411 -21.25 -8 0.865805
3 16 0 16 60 0 -7.33484 40.5545 0 16 57.5
3 16 10 -8 37.5 0 -8 39.9998 7.13 -8 36.93
3 16 20 -8 0 -1.19209e-06 -8 0.000240326 -2.38419e-06 -7.76959 0
3 16 -2.38419e-06 1.74846e-06 0 20 -8 0 -2.38419e-06 -7.76959 0
3 16 -1.19209e-06 -7.92271 0.384857 -1.19209e-06 -7.84542 0.170971 -1.19209e-06 -8 0.000240326
3 16 -1.19209e-06 -7.97929 0.639187 -1.19209e-06 -7.92271 0.384857 -1.19209e-06 -8 0.000240326
3 16 -1.19209e-06 -8 0.865803 -1.19209e-06 -7.97929 0.639187 -1.19209e-06 -8 0.000240326
3 16 -1.19209e-06 -8 0.000240326 7.13 -8 3.07 -1.19209e-06 -8 0.865803
3 16 -1.19209e-06 -8 0.865803 7.13 -8 3.07 -21.25 -8 0.865805
3 16 0 -8 39.1342 0 -8 39.9998 0 -7.97929 39.3608
3 16 0 -8 39.9998 0 -8 39.1342 7.13 -8 36.93
3 16 0 -8 39.1342 -21.25 -8 39.1411 7.13 -8 36.93
3 16 -24.866 -5.2253 1.97218 -25 -4.25 1.756 -24.866 -5.16875 1.71784
3 16 -24.866 -5.246 2.1988 -25 -4.25 1.756 -24.866 -5.2253 1.97218
3 16 -25 -4.25 1.756 -24.866 -4.54784 0.707541 -24.866 -4.70862 0.868496
3 16 -24.866 -5.09441 38.4898 -25 -4.25 38.244 -24.866 -5.1702 38.28
3 16 -24.866 -5.1702 38.28 -25 -4.25 38.244 -24.866 -5.22569 38.0304
3 16 -25 -4.25 38.244 -24.866 -5.246 37.8081 -24.866 -5.22569 38.0304
4 16 17.5 -5 19.25 17.5 -5 20.75 17.5 1.19209e-06 37.5 17.5 -1.19209e-06 2.5
4 16 17.5 -5.5 20.75 17.5 -5.5 37.5 17.5 1.19209e-06 37.5 17.5 -5 20.75
4 16 17.5 -5.5 19.25 17.5 -5 19.25 17.5 -1.19209e-06 2.5 17.5 -5.5 2.5
4 16 2.5 -5 20.75 2.5 -5 19.25 2.5 0 2.5 2.5 1.49012e-06 37.5
4 16 2.5 -5.5 19.25 2.5 -5.5 2.5 2.5 0 2.5 2.5 -5 19.25
4 16 2.5 -5.5 20.75 2.5 -5 20.75 2.5 1.49012e-06 37.5 2.5 -5.5 37.5
3 16 10 -5.5 36.35 2.5 -5.5 37.5 17.5 -5.5 37.5
3 16 12.43 -5.5 35.867 10 -5.5 36.35 17.5 -5.5 37.5
3 16 14.49 -5.5 34.49 12.43 -5.5 35.867 17.5 -5.5 37.5
3 16 15.867 -5.5 32.43 14.49 -5.5 34.49 17.5 -5.5 37.5
3 16 16.35 -5.5 30 15.867 -5.5 32.43 17.5 -5.5 37.5
3 16 17.5 -5.5 20.75 16.35 -5.5 30 17.5 -5.5 37.5
3 16 17.5 -5.5 20.75 15.867 -5.5 27.57 16.35 -5.5 30
3 16 17.5 -5.5 20.75 14.49 -5.5 25.51 15.867 -5.5 27.57
3 16 17.5 -5.5 20.75 12.43 -5.5 24.133 14.49 -5.5 25.51
3 16 7.5 -5 20 2.5 -5 19.25 2.5 -5 20.75
3 16 7.64913 -5 20.75 7.5 -5 20 2.5 -5 20.75
3 16 7.5 -5 20 7.64913 -5 19.25 2.5 -5 19.25
3 16 12.5 -5 20 17.5 -5 20.75 17.5 -5 19.25
3 16 12.3509 -5 19.25 12.5 -5 20 17.5 -5 19.25
3 16 12.5 -5 20 12.3509 -5 20.75 17.5 -5 20.75
3 16 12.5 0 20 12.5 -5 20 12.3097 0 19.0433
3 16 7.5 -5 20 7.5 5.96046e-07 20 7.69025 5.96046e-07 19.0432
3 16 7.5 5.96046e-07 20 7.5 -5 20 7.69025 5.96046e-07 20.9568
3 16 12.5 -5 20 12.5 0 20 12.3097 0 20.9568
3 16 12.3509 -5.5 19.25 12.3097 -5.5 19.0433 12.3509 -5 19.25
3 16 12.3509 -5 19.25 12.3097 -5.5 19.0433 12.3097 0 19.0433
3 16 12.3509 -5 19.25 12.3097 0 19.0433 12.5 -5 20
3 16 12.3509 -5 20.75 12.5 -5 20 12.3097 0 20.9568
3 16 12.3509 -5 20.75 12.3097 0 20.9568 12.3097 -5.5 20.9568
3 16 12.3509 -5.5 20.75 12.3509 -5 20.75 12.3097 -5.5 20.9568
3 16 7.64913 -5 20.75 7.69025 5.96046e-07 20.9568 7.5 -5 20
3 16 7.64913 -5 20.75 7.69025 -5.5 20.9568 7.69025 5.96046e-07 20.9568
3 16 7.64913 -5.5 20.75 7.69025 -5.5 20.9568 7.64913 -5 20.75
3 16 7.64913 -5 19.25 7.5 -5 20 7.69025 5.96046e-07 19.0432
3 16 7.64913 -5 19.25 7.69025 5.96046e-07 19.0432 7.69025 -5.5 19.0432
3 16 7.64913 -5.5 19.25 7.64913 -5 19.25 7.69025 -5.5 19.0432
3 16 17.5 -5.5 20.75 12.3509 -5.5 20.75 12.3097 -5.5 20.9568
3 16 17.5 -5.5 20.75 12.3097 -5.5 20.9568 11.7677 -5.5 21.7677
3 16 17.5 -5.5 20.75 11.7677 -5.5 21.7677 12.43 -5.5 24.133
3 16 12.43 -5.5 24.133 11.7677 -5.5 21.7677 10.9567 -5.5 22.3097
4 16 10 -5.5 23.65 12.43 -5.5 24.133 10.9567 -5.5 22.3097 10 -5.5 22.5
4 16 10 -5.5 23.65 10 -5.5 22.5 9.04325 -5.5 22.3097 7.57 -5.5 24.133
3 16 7.57 -5.5 24.133 9.04325 -5.5 22.3097 8.23225 -5.5 21.7677
3 16 2.5 -5.5 20.75 7.69025 -5.5 20.9568 7.64913 -5.5 20.75
3 16 2.5 -5.5 20.75 8.23225 -5.5 21.7677 7.69025 -5.5 20.9568
3 16 2.5 -5.5 20.75 7.57 -5.5 24.133 8.23225 -5.5 21.7677
3 16 2.5 -5.5 20.75 5.51 -5.5 25.51 7.57 -5.5 24.133
3 16 2.5 -5.5 20.75 4.134 -5.5 27.57 5.51 -5.5 25.51
3 16 2.5 -5.5 20.75 3.65 -5.5 30 4.134 -5.5 27.57
3 16 2.5 -5.5 20.75 2.5 -5.5 37.5 3.65 -5.5 30
3 16 3.65 -5.5 30 2.5 -5.5 37.5 4.134 -5.5 32.43
3 16 4.134 -5.5 32.43 2.5 -5.5 37.5 5.51 -5.5 34.49
3 16 5.51 -5.5 34.49 2.5 -5.5 37.5 7.57 -5.5 35.867
3 16 7.57 -5.5 35.867 2.5 -5.5 37.5 10 -5.5 36.35
3 16 17.5 -5.5 19.25 12.3097 -5.5 19.0433 12.3509 -5.5 19.25
3 16 17.5 -5.5 19.25 11.7677 -5.5 18.2323 12.3097 -5.5 19.0433
3 16 10 -5.5 3.65 17.5 -5.5 2.5 2.5 -5.5 2.5
3 16 10 -5.5 3.65 12.43 -5.5 4.133 17.5 -5.5 2.5
3 16 12.43 -5.5 4.133 14.49 -5.5 5.51 17.5 -5.5 2.5
3 16 14.49 -5.5 5.51 15.867 -5.5 7.57 17.5 -5.5 2.5
3 16 15.867 -5.5 7.57 16.35 -5.5 10 17.5 -5.5 2.5
3 16 17.5 -5.5 19.25 17.5 -5.5 2.5 16.35 -5.5 10
3 16 17.5 -5.5 19.25 16.35 -5.5 10 15.867 -5.5 12.43
3 16 17.5 -5.5 19.25 15.867 -5.5 12.43 14.49 -5.5 14.49
3 16 17.5 -5.5 19.25 14.49 -5.5 14.49 12.43 -5.5 15.867
3 16 17.5 -5.5 19.25 12.43 -5.5 15.867 11.7677 -5.5 18.2323
3 16 12.43 -5.5 15.867 10.9567 -5.5 17.6903 11.7677 -5.5 18.2323
4 16 12.43 -5.5 15.867 10 -5.5 16.35 10 -5.5 17.5 10.9567 -5.5 17.6903
4 16 7.57 -5.5 15.867 9.04325 -5.5 17.6903 10 -5.5 17.5 10 -5.5 16.35
3 16 7.57 -5.5 15.867 8.23225 -5.5 18.2323 9.04325 -5.5 17.6903
3 16 2.5 -5.5 19.25 7.64913 -5.5 19.25 7.69025 -5.5 19.0432
3 16 2.5 -5.5 19.25 7.69025 -5.5 19.0432 8.23225 -5.5 18.2323
3 16 2.5 -5.5 19.25 8.23225 -5.5 18.2323 7.57 -5.5 15.867
3 16 2.5 -5.5 19.25 7.57 -5.5 15.867 5.51 -5.5 14.49
3 16 2.5 -5.5 19.25 5.51 -5.5 14.49 4.134 -5.5 12.43
3 16 2.5 -5.5 19.25 4.134 -5.5 12.43 3.65 -5.5 10
3 16 2.5 -5.5 19.25 3.65 -5.5 10 2.5 -5.5 2.5
3 16 4.134 -5.5 7.57 2.5 -5.5 2.5 3.65 -5.5 10
3 16 5.51 -5.5 5.51 2.5 -5.5 2.5 4.134 -5.5 7.57
3 16 7.57 -5.5 4.133 2.5 -5.5 2.5 5.51 -5.5 5.51
3 16 10 -5.5 3.65 2.5 -5.5 2.5 7.57 -5.5 4.133
2 24 -1.19209e-06 -5.5 2.5 0 -5.5 37.5
2 24 7.13 -13 36.929 10 -13 37.5
5 24 -24.488 -6.12167 38.4604 -24.488 -6.06614 38.7099 -24.866 -5.22569 38.0304 -23.901 -6.88066 38.8294
2 24 7.5 -8 30 7.69 -8 30.96
5 24 12.5 -13 10 12.5 -8 10 12.31 -13 9.04 12.31 -13 10.96
2 24 14.49 -5.5 34.49 15.867 -5.5 32.43
2 24 9.04 -13 12.31 10 -13 12.5
2 24 7.13 -8 23.07 10 -8 22.5
5 24 -24.866 -5.246 37.8081 -24.488 -6.142 38.2381 -24.866 -5.246 2.1988 -24.866 -5.22569 38.0304
5 24 -21.25 -7.76959 0.00906944 -21.25 -7.65476 -0.187244 -22.246 -7.63559 0.0720692 -2.38419e-06 -7.76959 0
2 24 2.5 -8 30 3.071 -8 32.87
2 24 14.49 -5.5 25.51 15.867 -5.5 27.57
2 24 6.535 -8 8.565 7.348 -8 7.348
2 24 12.31 -13 29.04 12.5 -13 30
5 24 -24.866 -4.86772 1.07478 -24.488 -5.77179 0.662743 -24.866 -4.70862 0.868496 -24.866 -4.98251 1.2711
5 24 10.96 -13 12.31 10.96 -8 12.31 10 -13 12.5 11.77 -13 11.77
2 24 7.69025 -5.5 19.0432 8.23225 -5.5 18.2323
5 24 0 -7.33484 40.5545 0 1.92929e-06 44.137 -1.19209e-06 1.74846e-06 40 0 16 57.5
2 24 15.3 -8 4.7 16.93 -8 7.13
5 24 -23.142 -6.97996 40.1561 -22.246 -7.36392 40.3291 -23.142 -6.82221 40.314 -23.142 -7.13616 39.9538
5 24 8.23 -13 11.77 8.23 -8 11.77 7.69 -13 10.96 9.04 -13 12.31
5 24 12.3097 0 20.9568 12.3509 -5 20.75 12.5 -5 20 12.3097 -5.5 20.9568
5 24 10 5.96046e-07 20 12.3097 0 19.0433 12.5 0 20 11.7677 0 18.2323
5 24 12.3097 0 19.0433 12.3509 -5 19.25 12.3097 -5.5 19.0433 12.5 -5 20
5 24 10 -13 2.5 10 -8 2.5 7.13 -13 3.07 12.87 -13 3.07
5 24 -24.488 -5.45721 39.7 -24.488 16 57.581 -24.866 -4.55321 39.288 -23.901 -6.22621 40.047
2 24 10.9567 -5.5 17.6903 11.7677 -5.5 18.2323
2 24 -25 16 55.119 -22.5 16 55.119
2 24 11.435 -8 33.465 12.652 -8 32.652
2 24 10.9567 -5.5 22.3097 11.7677 -5.5 21.7677
2 24 6.25 -8 10 6.535 -8 8.565
2 24 4.133 -8 32.43 5.51 -8 34.49
2 24 17.5 -1.19209e-06 2.5 17.5 1.19209e-06 37.5
5 24 -24.866 -4.70862 0.868496 -24.866 -4.54784 0.707541 -24.488 -5.61264 0.456486 -25 -4.25 1.756
5 24 9.04 -13 32.31 9.04 -8 32.31 10 -13 32.5 8.23 -13 31.77
2 24 12.87 -13 23.07 15.3 -13 24.7
2 24 -2.5 -5.5 37.5 -2.5 1.78814e-06 37.5
5 24 -23.142 -7.488 38.8941 -23.142 -7.46764 39.1164 -22.246 -7.866 39.0781 -23.901 -6.901 38.6071
2 24 10 -8 32.5 10.96 -8 32.31
5 24 -23.142 -6.81685 -0.318468 -23.142 16 -19.333 -22.246 -7.20085 -0.491467 -23.901 -6.22084 -0.0514641
2 24 -2.5 -5.5 37.5 0 -5.5 37.5
2 24 -2.5 -5.5 0.500002 -2.5 -5.5 2.5
5 24 4.7 -13 15.3 4.7 -8 15.3 7.13 -13 16.929 3.071 -13 12.87
5 24 -22.246 -7.866 39.0781 -22.246 -7.84568 39.3004 -23.142 -7.488 38.8941 -21.25 -8 39.1411
2 24 2.5 -8 10 3.07 -8 7.13
2 24 15.867 -8 7.57 16.35 -8 10
2 24 -23.901 16 -18.569 -23.142 16 -19.333
2 24 10 -13 17.5 12.87 -13 16.929
5 24 -22.246 -7.79017 39.55 -22.246 -7.71434 39.7598 -23.142 -7.41203 39.3659 -21.25 -7.92271 39.6151
5 24 -21.25 -7.84542 39.829 0 -7.84542 39.829 -21.25 -7.92271 39.6151 -21.25 -7.76959 39.9909
5 24 11.435 -8 6.535 11.435 -5.5 6.535 10 -8 6.25 12.652 -8 7.348
2 24 -2.5 -5.5 0.500002 -2.5 0 -4.137
5 24 10.96 -13 32.31 10.96 -8 32.31 11.77 -13 31.77 10 -13 32.5
5 24 -24.488 -5.88373 39.1472 -24.488 -5.77105 39.3398 -23.901 -6.65282 39.4942 -24.866 -4.9796 38.7351
2 24 10 -5.5 36.35 12.43 -5.5 35.867
2 24 6.535 -8 28.565 7.348 -8 27.348
2 24 10 -8 37.5 12.87 -8 36.929
2 24 2.5 -5.5 2.5 2.5 0 2.5
2 24 12.652 -8 7.348 13.465 -8 8.565
5 24 -24.488 -5.88373 39.1472 -23.901 -6.65282 39.4942 -24.488 -5.99028 38.9198 -24.488 -5.77105 39.3398
5 24 7.64913 -5 20.75 7.69025 5.96046e-07 20.9568 7.5 -5 20 7.69025 -5.5 20.9568
5 24 -23.901 -6.82364 0.918896 -23.142 -7.41057 0.631924 -23.901 -6.88027 1.17319 -23.901 -6.74627 0.70504
2 24 12.87 -13 16.929 15.3 -13 15.3
2 24 4.134 -5.5 7.57 5.51 -5.5 5.51
2 24 6.25 -5.5 30 6.536 -5.5 31.435
2 24 5.51 -5.5 14.49 7.57 -5.5 15.867
5 24 7.64913 -5 20.75 7.69025 -5.5 20.9568 7.69025 5.96046e-07 20.9568 7.64913 -5.5 20.75
2 24 8.565 -8 6.535 10 -8 6.25
5 24 -24.866 -4.86699 38.9277 -24.866 -4.71092 39.1301 -25 -4.25 38.244 -24.488 -5.77105 39.3398
5 24 -24.488 -5.88665 0.859043 -24.488 -5.77179 0.662743 -24.866 -4.98251 1.2711 -23.901 -6.65575 0.511997
5 24 -1.19209e-06 1.63918e-06 37.5 2.5 1.49012e-06 37.5 -1.19209e-06 1.09278e-07 2.5 -1.19209e-06 1.74846e-06 40
2 24 8.23225 -5.5 18.2323 9.04325 -5.5 17.6903
5 24 17.5 1.19209e-06 37.5 20 1.19209e-06 40 17.5 -1.19209e-06 2.5 2.5 1.49012e-06 37.5
2 24 5.51 -5.5 5.51 7.57 -5.5 4.133
5 24 10 5.96046e-07 20 10.9567 0 17.6903 11.7677 0 18.2323 10 5.96046e-07 17.5
5 24 6.25 -8 10 6.25 -5.5 10 6.535 -8 11.435 6.535 -8 8.565
5 24 2.5 -13 10 2.5 -8 10 3.071 -13 12.87 3.07 -13 7.13
2 24 0 -7.97929 39.3608 0 -7.92271 39.6151
2 24 12.31 -13 30.96 12.5 -13 30
5 24 -23.142 -7.488 1.1128 -23.142 -7.46725 0.886204 -23.901 -6.901 1.3998 -22.246 -7.866 0.928804
5 24 -24.488 -6.142 1.7688 -24.488 -6.142 38.2381 -24.866 -5.246 2.1988 -23.901 -6.901 1.3998
2 24 12.652 -5.5 7.348 13.465 -5.5 8.565
5 24 -22.5 16 -17.5 -2.5 -5.5 0.500002 -2.5 0 -4.137 -22.5 -5.5 0.5
5 24 9.04 -13 27.69 9.04 -8 27.69 10 -13 27.5 8.23 -13 28.23
2 24 -2.5 2.08616e-06 44.137 0 1.92929e-06 44.137
5 24 -24.488 -5.61493 39.5421 -23.901 -6.38395 39.8891 -24.488 -5.45721 39.7 -24.488 -5.77105 39.3398
5 24 -23.142 -7.33607 39.5757 -22.246 -7.71434 39.7598 -23.142 -7.24895 39.7613 -23.142 -7.41203 39.3659
5 24 8.23 -13 28.23 8.23 -8 28.23 9.04 -13 27.69 7.69 -13 29.04
2 24 -2.5 -5.5 2.5 -1.19209e-06 -5.5 2.5
5 24 -23.901 -6.88066 38.8294 -23.142 -7.46764 39.1164 -23.901 -6.82509 39.0789 -23.901 -6.901 38.6071
2 24 9.04 -8 12.31 10 -8 12.5
5 24 -24.866 -5.0915 1.50393 -24.866 -4.98251 1.2711 -24.488 -5.98737 1.07399 -25 -4.25 1.756
2 24 7.69 -13 29.04 8.23 -13 28.23
5 24 8.23 -13 8.23 8.23 -8 8.23 7.69 -13 9.04 9.04 -13 7.69
2 24 -25 -4.25 38.244 -25 16 55.119
2 24 2.5 -5.5 20.75 7.64913 -5.5 20.75
2 24 10 -5.5 26.25 11.435 -5.5 26.535
2 24 -2.5 0 -4.137 -2.38419e-06 1.92929e-06 -4.137
5 24 -1.19209e-06 1.74846e-06 40 2.5 1.49012e-06 37.5 20 1.19209e-06 40 -1.19209e-06 1.63918e-06 37.5
2 24 -4.76837e-06 16 -17.5 -2.38419e-06 1.92929e-06 -4.137
2 24 -25 -4.25 1.756 -22.5 -4.25 1.756
5 24 -25 -4.25 1.756 -24.866 -5.246 2.1988 -24.866 -5.246 37.8081 -24.866 -5.2253 1.97218
2 24 7.348 -8 7.348 8.565 -8 6.535
2 24 11.435 -5.5 33.465 12.652 -5.5 32.652
2 24 2.5 -13 10 3.07 -13 7.13
5 24 7.5 -13 10 7.5 -8 10 7.69 -13 10.96 7.69 -13 9.04
2 24 10 -8 12.5 10.96 -8 12.31
2 24 8.23225 -5.5 21.7677 9.04325 -5.5 22.3097
5 24 7.69025 -5.5 19.0432 7.69025 5.96046e-07 19.0432 8.23225 -5.5 18.2323 7.64913 -5 19.25
5 24 -22.246 -7.36392 40.3291 -21.25 -7.49563 40.3935 -22.246 -7.20621 40.487 -22.246 -7.52002 40.1268
5 24 7.5 -5 20 7.69025 5.96046e-07 19.0432 7.5 5.96046e-07 20 7.64913 -5 19.25
5 24 -22.246 -7.52076 -0.124245 -22.246 -7.36164 -0.330513 -23.142 -7.1369 0.0486927 -21.25 -7.65476 -0.187244
5 24 15.3 -13 15.3 15.3 -8 15.3 16.93 -13 12.87 12.87 -13 16.929
2 24 12.652 -8 12.652 13.465 -8 11.435
5 24 -23.142 -7.13616 39.9538 -22.246 -7.52002 40.1268 -23.142 -6.97996 40.1561 -23.142 -7.24895 39.7613
5 24 -24.866 -5.246 2.1988 -24.866 -5.246 37.8081 -24.488 -6.142 1.7688 -25 -4.25 1.756
5 24 12.31 -13 9.04 12.31 -8 9.04 11.77 -13 8.23 12.5 -13 10
5 24 -23.142 -7.13616 39.9538 -23.142 -6.97996 40.1561 -23.901 -6.5401 39.6868 -22.246 -7.52002 40.1268
2 24 -1.19209e-06 -8 0.000240326 -1.19209e-06 -8 0.865803
5 24 10 -8 26.25 10 -5.5 26.25 8.565 -8 26.535 11.435 -8 26.535
2 24 17.5 -5.5 20.75 17.5 -5.5 37.5
2 24 -22.5 16 57.5 0 16 57.5
2 24 7.64913 -5.5 20.75 7.64913 -5 20.75
5 24 -23.142 -7.1369 0.0486927 -23.142 -6.97767 -0.15753 -22.246 -7.52076 -0.124245 -23.901 -6.54084 0.315722
5 24 -24.866 -4.98251 1.2711 -24.866 -4.86772 1.07478 -25 -4.25 1.756 -24.488 -5.88665 0.859043
5 24 11.435 -8 13.465 11.435 -5.5 13.465 12.652 -8 12.652 10 -8 13.75
5 24 -22.246 -7.20085 -0.491467 -22.246 16 -19.826 -21.25 -7.33484 -0.554462 -23.142 -6.81685 -0.318468
2 24 5.51 -5.5 34.49 7.57 -5.5 35.867
2 24 12.87 -8 16.929 15.3 -8 15.3
5 24 15.3 -13 35.3 15.3 -8 35.3 12.87 -13 36.929 16.93 -13 32.87
2 24 7.69025 -5.5 20.9568 8.23225 -5.5 21.7677
2 24 15.867 -5.5 27.57 16.35 -5.5 30
5 24 7.57 -8 15.867 7.57 -5.5 15.867 5.51 -8 14.49 10 -8 16.35
5 24 -23.142 -7.33315 0.418098 -22.246 -7.71142 0.233971 -23.142 -7.25187 0.24494 -23.142 -7.41057 0.631924
2 24 2.5 -5.5 19.25 2.5 -5 19.25
5 24 13.465 -8 31.435 13.465 -5.5 31.435 13.75 -8 30 12.652 -8 32.652
5 24 12.3097 -5.5 20.9568 12.3509 -5 20.75 12.3097 0 20.9568 12.3509 -5.5 20.75
5 24 -23.142 -7.33607 39.5757 -23.142 -7.24895 39.7613 -23.901 -6.74919 39.2887 -22.246 -7.71434 39.7598
2 24 -2.5 1.78814e-06 37.5 -1.19209e-06 1.63918e-06 37.5
2 24 -2.38419e-06 -7.76959 0 -2.38419e-06 1.74846e-06 0
2 24 13.465 -8 11.435 13.75 -8 10
5 24 -24.866 -5.246 2.1988 -24.488 -6.142 1.7688 -24.866 -5.246 37.8081 -24.866 -5.2253 1.97218
2 24 14.49 -8 5.51 15.867 -8 7.57
5 24 14.49 -8 5.51 14.49 -5.5 5.51 15.867 -8 7.57 12.43 -8 4.133
5 24 9.04 -13 12.31 9.04 -8 12.31 10 -13 12.5 8.23 -13 11.77
2 24 0 -8 39.1342 0 -7.97929 39.3608
5 24 9.04325 -5.5 22.3097 9.04325 5.96046e-07 22.3097 8.23225 -5.5 21.7677 10 -5.5 22.5
5 24 12.43 -8 4.133 12.43 -5.5 4.133 14.49 -8 5.51 10 -8 3.65
2 24 -2.38419e-06 1.74846e-06 0 20 1.19209e-06 0
2 24 15.867 -8 32.43 16.35 -8 30
2 24 0 -7.84542 39.829 0 -7.76959 40
2 24 8.565 -5.5 33.465 10 -5.5 33.75
5 24 -25 -4.25 38.244 -24.866 -4.9796 38.7351 -24.866 -5.09441 38.4898 -24.866 -4.86699 38.9277
2 24 2.5 -5.5 2.5 17.5 -5.5 2.5
5 24 -21.25 -7.33484 -0.554462 -21.25 16 -20 -22.246 -7.20085 -0.491467 -2.38419e-06 -7.33484 -0.554462
5 24 -21.25 -7.65476 -0.187244 -21.25 -7.49563 -0.393509 -22.246 -7.52076 -0.124245 -2.38419e-06 -7.65476 -0.187244
2 24 7.5 -13 10 7.69 -13 9.04
5 24 12.3097 -5.5 19.0433 12.3097 0 19.0433 11.7677 -5.5 18.2323 12.3509 -5 19.25
5 24 7.57 -8 4.133 7.57 -5.5 4.133 10 -8 3.65 5.51 -8 5.51
2 24 12.87 -13 3.07 15.3 -13 4.7
5 24 -21.25 -7.49563 -0.393509 -21.25 -7.33484 -0.554462 -22.246 -7.36164 -0.330513 -2.38419e-06 -7.49563 -0.393509
5 24 -24.488 -5.45721 39.7 -23.901 -6.22621 40.047 -24.488 16 57.581 -24.488 -5.61493 39.5421
5 24 -23.142 -7.41203 39.3659 -23.142 -7.33607 39.5757 -22.246 -7.79017 39.55 -23.901 -6.82509 39.0789
2 24 -23.901 16 58.569 -23.142 16 59.333
2 24 7.57 -5.5 4.133 10 -5.5 3.65
5 24 -24.488 -5.99028 38.9198 -23.901 -6.74919 39.2887 -24.488 -5.88373 39.1472 -24.488 -6.06614 38.7099
5 24 -24.866 -5.2253 1.97218 -24.488 -6.12128 1.54219 -24.866 -5.16875 1.71784 -24.866 -5.246 2.1988
5 24 -24.866 -4.9796 38.7351 -24.488 -5.88373 39.1472 -24.866 -5.09441 38.4898 -24.866 -4.86699 38.9277
5 24 -23.901 -6.22084 -0.0514641 -23.142 -6.81685 -0.318468 -23.901 16 -18.569 -23.901 -6.38165 0.10948
2 24 0 -7.65476 40.1872 0 -7.49563 40.3935
5 24 -22.246 -7.20621 40.487 -21.25 -7.33484 40.5545 -22.246 16 59.825 -22.246 -7.36392 40.3291
2 24 -2.38419e-06 -7.76959 0 -1.19209e-06 -7.84542 0.170971
5 24 4.133 -8 12.43 4.134 -5.5 12.43 3.65 -8 10 5.51 -8 14.49
5 24 6.25 -8 30 6.25 -5.5 30 6.535 -8 31.435 6.535 -8 28.565
5 24 -22.246 -7.866 0.928804 -21.25 -8 0.865805 -22.246 -7.866 39.0781 -22.246 -7.84529 0.702187
5 24 -23.901 -6.901 38.6071 -23.901 -6.88066 38.8294 -23.142 -7.488 38.8941 -24.488 -6.142 38.2381
2 24 12.652 -5.5 27.348 13.465 -5.5 28.565
5 24 -24.488 -6.06614 38.7099 -24.488 -5.99028 38.9198 -24.866 -5.1702 38.28 -23.901 -6.82509 39.0789
5 24 6.535 -8 28.565 6.536 -5.5 28.565 6.25 -8 30 7.348 -8 27.348
2 24 -25 16 -15.119 -24.866 16 -16.415
2 24 -2.5 1.78814e-06 37.5 -2.5 2.08616e-06 44.137
2 24 10 -5.5 17.5 10.9567 -5.5 17.6903
2 24 0 -8 39.9998 0 -7.76959 40
2 24 9.04325 -5.5 22.3097 10 -5.5 22.5
2 24 8.23 -8 8.23 9.04 -8 7.69
2 24 3.071 -13 32.87 4.7 -13 35.3
5 24 -23.901 -6.901 1.3998 -23.901 -6.88027 1.17319 -24.488 -6.142 1.7688 -23.142 -7.488 1.1128
5 24 -22.5 16 57.5 0 1.92929e-06 44.137 -2.5 2.08616e-06 44.137 0 16 57.5
5 24 11.435 -8 33.465 11.435 -5.5 33.465 12.652 -8 32.652 10 -8 33.75
2 24 11.435 -8 6.535 12.652 -8 7.348
5 24 7.69 -13 29.04 7.69 -8 29.04 7.5 -13 30 8.23 -13 28.23
2 24 13.465 -8 28.565 13.75 -8 30
5 24 -23.901 -6.901 38.6071 -23.142 -7.488 38.8941 -23.901 -6.901 1.3998 -23.901 -6.88066 38.8294
5 24 7.5 -5 20 7.5 5.96046e-07 20 7.69025 5.96046e-07 19.0432 7.69025 5.96046e-07 20.9568
2 24 10 -13 12.5 10.96 -13 12.31
5 24 15.3 -13 24.7 15.3 -8 24.7 12.87 -13 23.07 16.93 -13 27.13
5 24 10 5.96046e-07 20 10 5.96046e-07 22.5 10.9567 0 22.3097 9.04325 5.96046e-07 22.3097
2 24 7.69 -13 9.04 8.23 -13 8.23
2 24 16.93 -8 27.13 17.5 -8 30
2 24 2.5 -5.5 19.25 7.64913 -5.5 19.25
2 24 2.5 1.49012e-06 37.5 17.5 1.19209e-06 37.5
2 24 7.13 -13 16.929 10 -13 17.5
2 24 12.3509 -5 19.25 17.5 -5 19.25
2 24 15.3 -8 35.3 16.93 -8 32.87
2 24 -2.5 -5.5 37.5 -2.5 -5.5 39.5
5 24 -1.19209e-06 1.09278e-07 2.5 2.5 0 2.5 -1.19209e-06 1.63918e-06 37.5 -2.38419e-06 1.74846e-06 0
2 24 4.7 -13 4.7 7.13 -13 3.07
2 24 10 -8 2.5 12.87 -8 3.07
2 24 10.96 -8 7.69 11.77 -8 8.23
2 24 7.69 -13 10.96 8.23 -13 11.77
5 24 7.13 -13 23.07 7.13 -8 23.07 4.7 -13 24.7 10 -13 22.5
5 24 -21.25 -7.97929 0.639187 -1.19209e-06 -7.97929 0.639187 -21.25 -8 0.865805 -21.25 -7.92271 0.384859
2 24 4.7 -13 24.7 7.13 -13 23.07
2 24 7.69 -8 29.04 8.23 -8 28.23
5 24 -21.25 -7.84542 39.829 -21.25 -7.76959 39.9909 -22.246 -7.71434 39.7598 0 -7.84542 39.829
2 24 16.93 -13 27.13 17.5 -13 30
2 24 17.5 -5.5 19.25 17.5 -5 19.25
2 24 4.7 -8 15.3 7.13 -8 16.929
5 24 -21.25 -7.65476 40.1872 -21.25 -7.49563 40.3935 -22.246 -7.52002 40.1268 0 -7.65476 40.1872
5 24 -24.488 -5.61493 39.5421 -24.488 -5.45721 39.7 -23.901 -6.38395 39.8891 -24.866 -4.71092 39.1301
2 24 6.25 -8 30 6.535 -8 31.435
5 24 10.9567 -5.5 22.3097 10.9567 0 22.3097 10 -5.5 22.5 11.7677 -5.5 21.7677
2 24 0 1.92929e-06 44.137 0 16 57.5
2 24 -1.19209e-06 -8 0.000240326 20 -8 0
2 24 12.3509 -5.5 19.25 12.3509 -5 19.25
5 24 12.5 -5 20 12.5 0 20 12.3097 0 19.0433 12.3097 0 20.9568
5 24 5.51 -8 5.51 5.51 -5.5 5.51 7.57 -8 4.133 4.133 -8 7.57
2 24 -22.5 -4.25 38.244 -22.5 16 55.119
2 24 -1.19209e-06 -7.97929 0.639187 -1.19209e-06 -7.92271 0.384857
5 24 -2.5 2.98023e-07 2.5 -2.38419e-06 1.74846e-06 0 -1.19209e-06 1.09278e-07 2.5 -2.5 0 -4.137
5 24 -24.488 -5.99028 38.9198 -24.488 -5.88373 39.1472 -24.866 -5.09441 38.4898 -23.901 -6.74919 39.2887
2 24 3.65 -8 10 4.133 -8 12.43
5 24 17.5 -13 10 17.5 -8 10 16.93 -13 12.87 16.93 -13 7.13
2 24 2.5 -5.5 20.75 2.5 -5.5 37.5
5 24 -23.142 -6.97996 40.1561 -23.142 -6.82221 40.314 -23.901 -6.38395 39.8891 -22.246 -7.36392 40.3291
5 24 7.69 -13 9.04 7.69 -8 9.04 8.23 -13 8.23 7.5 -13 10
5 24 12.31 -13 10.96 12.31 -8 10.96 11.77 -13 11.77 12.5 -13 10
2 24 11.77 -13 11.77 12.31 -13 10.96
5 24 -2.38419e-06 1.74846e-06 0 2.5 0 2.5 20 1.19209e-06 0 -1.19209e-06 1.09278e-07 2.5
2 24 10 -8 27.5 10.96 -8 27.69
5 24 -22.246 -7.52002 40.1268 -21.25 -7.65476 40.1872 -22.246 -7.36392 40.3291 -22.246 -7.63268 39.9342
5 24 -24.866 -5.1702 38.28 -24.488 -6.06614 38.7099 -24.866 -5.22569 38.0304 -24.866 -5.09441 38.4898
2 24 20 -8 0 20 -8 40
2 24 11.435 -5.5 26.535 12.652 -5.5 27.348
2 24 0 -8 39.1342 0 -8 39.9998
5 24 7.348 -8 32.652 7.348 -5.5 32.652 8.565 -8 33.465 6.535 -8 31.435
2 24 16.93 -8 12.87 17.5 -8 10
2 24 5.51 -8 5.51 7.57 -8 4.133
5 24 3.071 -13 12.87 3.071 -8 12.87 4.7 -13 15.3 2.5 -13 10
5 24 10 -13 27.5 10 -8 27.5 10.96 -13 27.69 9.04 -13 27.69
2 24 8.565 -8 26.535 10 -8 26.25
5 24 -22.246 -7.71142 0.233971 -21.25 -7.84542 0.170971 -22.246 -7.78871 0.447861 -22.246 -7.63559 0.0720692
2 24 10.96 -13 12.31 11.77 -13 11.77
5 24 10.9567 -5.5 17.6903 10.9567 0 17.6903 10 -5.5 17.5 11.7677 -5.5 18.2323
5 24 16.93 -13 7.13 16.93 -8 7.13 15.3 -13 4.7 17.5 -13 10
2 24 15.867 -8 27.57 16.35 -8 30
5 24 -23.901 -6.901 1.3998 -23.142 -7.488 1.1128 -23.901 -6.901 38.6071 -23.901 -6.88027 1.17319
2 24 -1.19209e-06 1.74846e-06 40 0 1.92929e-06 44.137
2 24 10 -5.5 23.65 12.43 -5.5 24.133
5 24 -25 -4.25 38.244 -24.866 -5.246 37.8081 -25 -4.25 1.756 -24.866 -5.22569 38.0304
2 24 -1.19209e-06 -7.92271 0.384857 -1.19209e-06 -7.84542 0.170971
2 24 14.49 -5.5 14.49 15.867 -5.5 12.43
2 24 15.3 -13 35.3 16.93 -13 32.87
2 24 0 -8 39.9998 20 -8 40
2 24 12.3097 0 20.9568 12.5 0 20
2 24 -25 16 -15.119 -22.5 16 -15.119
2 24 10 -8 23.65 12.43 -8 24.133
5 24 -21.25 -7.33484 -0.554462 -2.38419e-06 -7.33484 -0.554462 -21.25 16 -20 -21.25 -7.49563 -0.393509
2 24 7.5 5.96046e-07 20 7.69025 5.96046e-07 19.0432
5 24 -23.142 -7.33315 0.418098 -23.142 -7.25187 0.24494 -23.901 -6.74627 0.70504 -22.246 -7.71142 0.233971
2 24 3.65 -5.5 30 4.134 -5.5 27.57
2 24 4.133 -8 12.43 5.51 -8 14.49
5 24 12.5 -13 30 12.5 -8 30 12.31 -13 29.04 12.31 -13 30.96
2 24 15.3 -8 15.3 16.93 -8 12.87
5 24 8.23225 -5.5 21.7677 8.23225 5.96046e-07 21.7677 7.69025 -5.5 20.9568 9.04325 -5.5 22.3097
5 24 -24.488 -6.12128 1.54219 -23.901 -6.88027 1.17319 -24.488 -6.142 1.7688 -24.488 -6.06468 1.28787
2 24 7.5 -8 30 7.69 -8 29.04
5 24 12.87 -13 23.07 12.87 -8 23.07 15.3 -13 24.7 10 -13 22.5
2 24 6.536 -5.5 11.435 7.348 -5.5 12.652
5 24 -25 -4.25 1.756 -24.866 -4.98251 1.2711 -24.866 -4.86772 1.07478 -24.866 -5.0915 1.50393
2 24 17.5 -5.5 2.5 17.5 -5.5 19.25
5 24 -24.866 -5.09441 38.4898 -24.488 -5.99028 38.9198 -24.866 -4.9796 38.7351 -24.866 -5.1702 38.28
2 24 -1.19209e-06 -8 0.865803 -1.19209e-06 -7.97929 0.639187
2 24 7.5 -13 30 7.69 -13 30.96
5 24 -25 16 -15.119 -24.866 -4.54784 0.707541 -25 -4.25 1.756 -24.866 16 -16.415
5 24 -21.25 -8 39.1411 0 -8 39.1342 -21.25 -7.97929 39.3608 7.13 -8 36.93
2 24 -1.19209e-06 1.74846e-06 40 0 -7.76959 40
5 24 -23.901 -6.22621 40.047 -23.901 16 58.569 -24.488 -5.45721 39.7 -23.142 -6.82221 40.314
5 24 4.133 -8 32.43 4.134 -5.5 32.43 3.65 -8 30 5.51 -8 34.49
5 24 -24.488 -6.12128 1.54219 -24.488 -6.06468 1.28787 -23.901 -6.88027 1.17319 -24.866 -5.2253 1.97218
2 24 -2.38419e-06 -7.33484 -0.554462 0 16 -20
2 24 10.96 -8 12.31 11.77 -8 11.77
2 24 -25 -4.25 1.756 -25 -4.25 38.244
5 24 -24.866 -4.9796 38.7351 -24.866 -4.86699 38.9277 -25 -4.25 38.244 -24.488 -5.88373 39.1472
2 24 13.465 -5.5 31.435 13.75 -5.5 30
2 24 12.87 -8 36.929 15.3 -8 35.3
2 24 14.49 -8 25.51 15.867 -8 27.57
5 24 12.31 -13 29.04 12.31 -8 29.04 12.5 -13 30 11.77 -13 28.23
5 24 -22.5 16 57.5 -2.5 2.08616e-06 44.137 -2.5 -5.5 39.5 0 1.92929e-06 44.137
2 24 2.5 -5.5 2.5 2.5 -5.5 19.25
5 24 11.77 -13 8.23 11.77 -8 8.23 10.96 -13 7.69 12.31 -13 9.04
2 24 12.3509 -5.5 19.25 17.5 -5.5 19.25
2 24 6.535 -8 11.435 7.348 -8 12.652
5 24 11.77 -13 28.23 11.77 -8 28.23 10.96 -13 27.69 12.31 -13 29.04
2 24 4.7 -13 35.3 7.13 -13 36.929
5 24 -24.866 -5.09441 38.4898 -24.866 -4.9796 38.7351 -25 -4.25 38.244 -24.488 -5.99028 38.9198
2 24 8.565 -8 33.465 10 -8 33.75
2 24 7.348 -5.5 12.652 8.565 -5.5 13.465
5 24 7.348 -8 12.652 7.348 -5.5 12.652 8.565 -8 13.465 6.535 -8 11.435
2 24 7.57 -5.5 24.133 10 -5.5 23.65
2 24 4.7 -8 4.7 7.13 -8 3.07
2 24 8.565 -5.5 13.465 10 -5.5 13.75
2 24 3.071 -8 32.87 4.7 -8 35.3
5 24 -25 -4.25 38.244 -24.866 -5.09441 38.4898 -24.866 -4.9796 38.7351 -24.866 -5.1702 38.28
2 24 3.65 -8 30 4.133 -8 32.43
2 24 11.435 -5.5 6.535 12.652 -5.5 7.348
5 24 -23.142 -7.25187 0.24494 -22.246 -7.63559 0.0720692 -23.142 -7.33315 0.418098 -23.142 -7.1369 0.0486927
2 24 10.96 -13 27.69 11.77 -13 28.23
2 24 10 -8 33.75 11.435 -8 33.465
2 24 2.5 -5 20.75 7.64913 -5 20.75
5 24 7.5 -5 20 7.69025 5.96046e-07 20.9568 7.5 5.96046e-07 20 7.64913 -5 20.75
5 24 -21.25 -7.49563 40.3935 -21.25 -7.33484 40.5545 0 -7.49563 40.3935 -22.246 -7.36392 40.3291
2 24 12.3509 -5 20.75 12.5 -5 20
5 24 12.43 -8 24.133 12.43 -5.5 24.133 14.49 -8 25.51 10 -8 23.65
5 24 -22.246 -7.71142 0.233971 -22.246 -7.63559 0.0720692 -23.142 -7.33315 0.418098 -21.25 -7.84542 0.170971
2 24 4.134 -5.5 27.57 5.51 -5.5 25.51
5 24 -23.901 -6.22084 -0.0514641 -23.901 16 -18.569 -24.488 -5.45184 0.295538 -23.142 -6.81685 -0.318468
2 24 -22.5 16 -17.5 -22.5 16 -15.119
2 24 6.25 -5.5 10 6.536 -5.5 8.565
5 24 -22.246 -7.84529 0.702187 -22.246 -7.78871 0.447861 -21.25 -7.97929 0.639187 -23.142 -7.46725 0.886204
2 24 -25 -4.25 38.244 -22.5 -4.25 38.244
5 24 10 -8 3.65 10 -5.5 3.65 12.43 -8 4.133 7.57 -8 4.133
2 24 4.7 -13 15.3 7.13 -13 16.929
2 24 7.348 -8 12.652 8.565 -8 13.465
2 24 12.3097 -5.5 20.9568 12.3509 -5.5 20.75
5 24 12.3097 -5.5 19.0433 12.3509 -5 19.25 12.3509 -5.5 19.25 12.3097 0 19.0433
2 24 7.69025 5.96046e-07 20.9568 8.23225 5.96046e-07 21.7677
2 24 -22.5 -4.25 1.756 -22.5 -4.25 38.244
2 24 -22.5 -5.5 0.5 -22.5 16 -17.5
5 24 12.43 -8 15.867 12.43 -5.5 15.867 10 -8 16.35 14.49 -8 14.49
2 24 15.3 -13 15.3 16.93 -13 12.87
2 24 12.3509 -5.5 20.75 17.5 -5.5 20.75
2 24 -22.246 16 59.825 -21.25 16 60
2 24 7.13 -8 16.929 10 -8 17.5
2 24 11.7677 -5.5 18.2323 12.3097 -5.5 19.0433
5 24 12.87 -13 16.929 12.87 -8 16.929 10 -13 17.5 15.3 -13 15.3
2 24 15.867 -5.5 7.57 16.35 -5.5 10
5 24 -22.246 -7.79017 39.55 -21.25 -7.92271 39.6151 -22.246 -7.71434 39.7598 -22.246 -7.84568 39.3004
2 24 12.652 -8 32.652 13.465 -8 31.435
5 24 -22.246 -7.78871 0.447861 -22.246 -7.71142 0.233971 -21.25 -7.92271 0.384859 -23.142 -7.41057 0.631924
2 24 -2.38419e-06 -7.76959 0 -2.38419e-06 -7.65476 -0.187244
5 24 -24.866 -5.2253 1.97218 -24.866 -5.16875 1.71784 -24.488 -6.12128 1.54219 -25 -4.25 1.756
2 24 3.071 -13 12.87 4.7 -13 15.3
5 24 8.565 -8 6.535 8.565 -5.5 6.535 7.348 -8 7.348 10 -8 6.25
5 24 16.93 -13 27.13 16.93 -8 27.13 15.3 -13 24.7 17.5 -13 30
2 24 8.23 -8 31.77 9.04 -8 32.31
2 24 8.23 -13 11.77 9.04 -13 12.31
2 24 10 -8 36.35 12.43 -8 35.867
2 24 7.348 -5.5 27.348 8.565 -5.5 26.535
5 24 -2.38419e-06 -7.33484 -0.554462 -2.38419e-06 1.92929e-06 -4.137 -4.76837e-06 16 -17.5 -2.38419e-06 1.74846e-06 0
5 24 -1.19209e-06 1.74846e-06 40 0 -7.33484 40.5545 0 -7.49563 40.3935 0 1.92929e-06 44.137
5 24 10 5.96046e-07 20 11.7677 0 18.2323 12.3097 0 19.0433 10.9567 0 17.6903
2 24 4.7 -8 24.7 7.13 -8 23.07
5 24 12.43 -8 35.867 12.43 -5.5 35.867 10 -8 36.35 14.49 -8 34.49
5 24 -24.488 -5.88665 0.859043 -23.901 -6.65575 0.511997 -24.488 -5.98737 1.07399 -24.488 -5.77179 0.662743
2 24 6.536 -5.5 31.435 7.348 -5.5 32.652
5 24 -1.19209e-06 1.74846e-06 40 0 -7.65476 40.1872 0 -7.49563 40.3935 0 -7.76959 40
2 24 12.43 -8 24.133 14.49 -8 25.51
5 24 11.435 -8 26.535 11.435 -5.5 26.535 10 -8 26.25 12.652 -8 27.348
5 24 -23.142 -7.488 38.8941 -22.246 -7.866 39.0781 -23.142 -7.488 1.1128 -23.142 -7.46764 39.1164
5 24 -22.246 -7.52002 40.1268 -22.246 -7.36392 40.3291 -21.25 -7.65476 40.1872 -23.142 -7.13616 39.9538
2 24 11.435 -8 26.535 12.652 -8 27.348
2 24 10 -13 27.5 10.96 -13 27.69
2 24 10 5.96046e-07 22.5 10.9567 0 22.3097
2 24 7.13 -13 3.07 10 -13 2.5
5 24 -23.901 -6.82509 39.0789 -23.142 -7.41203 39.3659 -23.901 -6.74919 39.2887 -23.901 -6.88066 38.8294
5 24 -23.901 -6.88027 1.17319 -23.142 -7.46725 0.886204 -23.901 -6.901 1.3998 -23.901 -6.82364 0.918896
5 24 -24.488 -6.06468 1.28787 -24.488 -5.98737 1.07399 -23.901 -6.82364 0.918896 -24.866 -5.16875 1.71784
2 24 6.536 -5.5 8.565 7.348 -5.5 7.348
2 24 10 -8 3.65 12.43 -8 4.133
5 24 -24.866 -4.98251 1.2711 -24.488 -5.88665 0.859043 -24.866 -5.0915 1.50393 -24.866 -4.86772 1.07478
2 24 7.5 5.96046e-07 20 7.69025 5.96046e-07 20.9568
5 24 -24.866 -5.1702 38.28 -24.866 -5.09441 38.4898 -24.488 -6.06614 38.7099 -25 -4.25 38.244
5 24 -22.246 -7.866 39.0781 -21.25 -8 39.1411 -22.246 -7.866 0.928804 -22.246 -7.84568 39.3004
5 24 -23.901 -6.88027 1.17319 -23.901 -6.82364 0.918896 -24.488 -6.12128 1.54219 -23.142 -7.46725 0.886204
5 24 7.64913 -5 19.25 7.69025 5.96046e-07 19.0432 7.5 -5 20 7.69025 -5.5 19.0432
2 24 7.64913 -5.5 20.75 7.69025 -5.5 20.9568
2 24 15.3 -8 24.7 16.93 -8 27.13
2 24 8.23 -13 28.23 9.04 -13 27.69
2 24 2.5 0 2.5 2.5 1.49012e-06 37.5
5 24 10.96 -13 7.69 10.96 -8 7.69 11.77 -13 8.23 10 -13 7.5
2 24 12.43 -8 4.133 14.49 -8 5.51
5 24 -25 16 55.119 -24.866 -4.55321 39.288 -24.866 16 56.416 -25 -4.25 38.244
5 24 7.69 -13 10.96 7.69 -8 10.96 8.23 -13 11.77 7.5 -13 10
5 24 6.535 -8 8.565 6.536 -5.5 8.565 6.25 -8 10 7.348 -8 7.348
5 24 13.465 -8 11.435 13.465 -5.5 11.435 13.75 -8 10 12.652 -8 12.652
5 24 -24.488 -5.77179 0.662743 -24.488 -5.61264 0.456486 -24.866 -4.86772 1.07478 -23.901 -6.54084 0.315722
2 24 -1.19209e-06 -5.5 2.5 -1.19209e-06 1.09278e-07 2.5
5 24 -21.25 -8 39.1411 -21.25 -7.97929 39.3608 0 -8 39.1342 -22.246 -7.866 39.0781
2 24 10 -5.5 3.65 12.43 -5.5 4.133
5 24 10 -8 33.75 10 -5.5 33.75 11.435 -8 33.465 8.565 -8 33.465
2 24 5.51 -8 25.51 7.57 -8 24.133
5 24 14.49 -8 25.51 14.49 -5.5 25.51 15.867 -8 27.57 12.43 -8 24.133
2 24 9.04325 -5.5 17.6903 10 -5.5 17.5
5 24 -23.901 -6.901 1.3998 -23.901 -6.901 38.6071 -23.142 -7.488 1.1128 -24.488 -6.142 1.7688
5 24 -24.866 -5.16875 1.71784 -24.866 -5.0915 1.50393 -24.488 -6.06468 1.28787 -25 -4.25 1.756
5 24 9.04 -13 7.69 9.04 -8 7.69 10 -13 7.5 8.23 -13 8.23
2 24 12.31 -8 10.96 12.5 -8 10
2 24 12.43 -5.5 24.133 14.49 -5.5 25.51
2 24 11.7677 0 21.7677 12.3097 0 20.9568
2 24 9.04 -8 32.31 10 -8 32.5
2 24 2.5 -5 19.25 2.5 -5 20.75
5 24 12.87 -13 3.07 12.87 -8 3.07 10 -13 2.5 15.3 -13 4.7
2 24 9.04325 5.96046e-07 17.6902 10 5.96046e-07 17.5
2 24 7.348 -8 32.652 8.565 -8 33.465
2 24 9.04325 5.96046e-07 22.3097 10 5.96046e-07 22.5
5 24 -25 -4.25 1.756 -24.866 -4.54784 0.707541 -25 16 -15.119 -24.866 -4.70862 0.868496
2 24 9.04 -13 7.69 10 -13 7.5
2 24 3.65 -8 30 4.133 -8 27.57
5 24 -23.142 -7.488 1.1128 -23.142 -7.488 38.8941 -23.901 -6.901 1.3998 -22.246 -7.866 0.928804
2 24 10.96 -8 27.69 11.77 -8 28.23
2 24 10 -8 16.35 12.43 -8 15.867
2 24 12.3509 -5 20.75 17.5 -5 20.75
5 24 -23.901 -6.82509 39.0789 -23.901 -6.74919 39.2887 -23.142 -7.41203 39.3659 -24.488 -6.06614 38.7099
2 24 4.133 -8 27.57 5.51 -8 25.51
5 24 -24.488 -6.06614 38.7099 -23.901 -6.82509 39.0789 -24.488 -5.99028 38.9198 -24.488 -6.12167 38.4604
2 24 12.43 -5.5 35.867 14.49 -5.5 34.49
2 24 16.93 -13 32.87 17.5 -13 30
5 24 -23.901 -6.38395 39.8891 -23.901 -6.22621 40.047 -24.488 -5.61493 39.5421 -23.142 -6.97996 40.1561
2 24 -22.5 16 55.119 -22.5 16 57.5
2 24 6.25 -5.5 10 6.536 -5.5 11.435
2 24 8.23 -13 31.77 9.04 -13 32.31
2 24 7.69 -8 30.96 8.23 -8 31.77
5 24 15.867 -8 27.57 15.867 -5.5 27.57 16.35 -8 30 14.49 -8 25.51
2 24 12.31 -8 30.96 12.5 -8 30
2 24 4.7 -8 35.3 7.13 -8 36.93
5 24 -25 -4.25 38.244 -24.866 -5.1702 38.28 -24.866 -5.09441 38.4898 -24.866 -5.22569 38.0304
5 24 9.04325 -5.5 17.6903 9.04325 5.96046e-07 17.6902 8.23225 -5.5 18.2323 10 -5.5 17.5
2 24 17.5 -5.5 20.75 17.5 -5 20.75
5 24 -24.488 -6.142 1.7688 -23.901 -6.901 1.3998 -24.488 -6.142 38.2381 -24.488 -6.12128 1.54219
5 24 7.57 -8 35.867 7.57 -5.5 35.867 5.51 -8 34.49 10 -8 36.35
2 24 12.3097 -5.5 19.0433 12.3509 -5.5 19.25
5 24 -24.866 -4.55321 39.288 -24.866 16 56.416 -24.488 -5.45721 39.7 -25 16 55.119
5 24 -23.142 -6.97767 -0.15753 -22.246 -7.36164 -0.330513 -23.142 -7.1369 0.0486927 -23.142 -6.81685 -0.318468
2 24 20 -8 40 20 1.19209e-06 40
5 24 -22.246 -7.52076 -0.124245 -21.25 -7.65476 -0.187244 -22.246 -7.63559 0.0720692 -22.246 -7.36164 -0.330513
5 24 -23.142 -7.24895 39.7613 -23.142 -7.13616 39.9538 -23.901 -6.65282 39.4942 -22.246 -7.63268 39.9342
2 24 15.867 -5.5 32.43 16.35 -5.5 30
2 24 -2.5 -5.5 2.5 -2.5 2.98023e-07 2.5
5 24 10 -5.5 22.5 10 5.96046e-07 22.5 10.9567 -5.5 22.3097 9.04325 -5.5 22.3097
2 24 0 -7.92271 39.6151 0 -7.84542 39.829
2 24 17.5 -5.5 2.5 17.5 -1.19209e-06 2.5
2 24 10.9567 0 22.3097 11.7677 0 21.7677
5 24 -23.142 -6.82221 40.314 -23.142 16 59.333 -22.246 -7.20621 40.487 -23.901 -6.22621 40.047
5 24 -25 -4.25 1.756 -24.866 -5.2253 1.97218 -24.866 -5.16875 1.71784 -24.866 -5.246 2.1988
2 24 16.93 -13 7.13 17.5 -13 10
5 24 10 -13 32.5 10 -8 32.5 10.96 -13 32.31 9.04 -13 32.31
2 24 -22.5 16 -17.5 -4.76837e-06 16 -17.5
5 24 13.75 -8 10 13.75 -5.5 10 13.465 -8 11.435 13.465 -8 8.565
5 24 -23.901 -6.54084 0.315722 -23.901 -6.38165 0.10948 -24.488 -5.77179 0.662743 -23.142 -7.1369 0.0486927
5 24 -23.142 -7.41057 0.631924 -22.246 -7.78871 0.447861 -23.142 -7.46725 0.886204 -23.142 -7.33315 0.418098
5 24 -2.38419e-06 1.74846e-06 0 -1.19209e-06 1.09278e-07 2.5 -2.5 2.98023e-07 2.5 2.5 0 2.5
5 24 -23.142 -7.41203 39.3659 -22.246 -7.79017 39.55 -23.142 -7.33607 39.5757 -23.142 -7.46764 39.1164
5 24 -23.901 -6.65282 39.4942 -23.142 -7.24895 39.7613 -23.901 -6.74919 39.2887 -23.901 -6.5401 39.6868
5 24 15.3 -13 4.7 15.3 -8 4.7 16.93 -13 7.13 12.87 -13 3.07
2 24 4.134 -5.5 12.43 5.51 -5.5 14.49
5 24 -2.5 1.78814e-06 37.5 -1.19209e-06 1.74846e-06 40 -2.5 2.08616e-06 44.137 -1.19209e-06 1.63918e-06 37.5
2 24 10 -5.5 13.75 11.435 -5.5 13.465
5 24 -25 -4.25 1.756 -24.866 -4.86772 1.07478 -24.866 -4.70862 0.868496 -24.866 -4.98251 1.2711
5 24 -21.25 -7.92271 0.384859 -1.19209e-06 -7.92271 0.384857 -21.25 -7.97929 0.639187 -21.25 -7.84542 0.170971
2 24 2.5 -5 19.25 7.64913 -5 19.25
2 24 10.9567 0 17.6903 11.7677 0 18.2323
5 24 -22.246 -7.84568 39.3004 -21.25 -7.97929 39.3608 -22.246 -7.79017 39.55 -22.246 -7.866 39.0781
2 24 7.5 -13 10 7.69 -13 10.96
2 24 10 -8 13.75 11.435 -8 13.465
5 24 -22.246 -7.71434 39.7598 -21.25 -7.84542 39.829 -22.246 -7.63268 39.9342 -22.246 -7.79017 39.55
2 24 14.49 -8 14.49 15.867 -8 12.43
5 24 7.348 -8 27.348 7.348 -5.5 27.348 6.535 -8 28.565 8.565 -8 26.535
5 24 16.93 -13 32.87 16.93 -8 32.87 15.3 -13 35.3 17.5 -13 30
2 24 -25 16 55.119 -24.866 16 56.416
2 24 8.565 -8 13.465 10 -8 13.75
2 24 11.77 -8 31.77 12.31 -8 30.96
5 24 -25 -4.25 1.756 -24.866 -5.246 37.8081 -24.866 -5.246 2.1988 -25 -4.25 38.244
2 24 7.13 -8 3.07 10 -8 2.5
5 24 8.23 -13 31.77 8.23 -8 31.77 7.69 -13 30.96 9.04 -13 32.31
2 24 3.65 -5.5 10 4.134 -5.5 7.57
5 24 -22.246 -7.78871 0.447861 -21.25 -7.92271 0.384859 -22.246 -7.84529 0.702187 -22.246 -7.71142 0.233971
5 24 -23.142 -7.46725 0.886204 -22.246 -7.84529 0.702187 -23.142 -7.488 1.1128 -23.142 -7.41057 0.631924
2 24 7.5 -5 20 7.64913 -5 20.75
2 24 7.69025 5.96046e-07 19.0432 8.23225 5.96046e-07 18.2323
5 24 -23.901 -6.74627 0.70504 -23.142 -7.33315 0.418098 -23.901 -6.65575 0.511997 -23.901 -6.82364 0.918896
5 24 -22.246 -7.63559 0.0720692 -22.246 -7.52076 -0.124245 -23.142 -7.25187 0.24494 -21.25 -7.76959 0.00906944
5 24 8.565 -8 13.465 8.565 -5.5 13.465 10 -8 13.75 7.348 -8 12.652
5 24 -22.246 -7.63268 39.9342 -22.246 -7.52002 40.1268 -21.25 -7.76959 39.9909 -23.142 -7.24895 39.7613
2 24 -1.19209e-06 1.74846e-06 40 20 1.19209e-06 40
2 24 11.77 -13 8.23 12.31 -13 9.04
5 24 10 5.96046e-07 20 10.9567 0 22.3097 10 5.96046e-07 22.5 11.7677 0 21.7677
5 24 -23.901 -6.88066 38.8294 -23.901 -6.82509 39.0789 -23.142 -7.46764 39.1164 -24.488 -6.12167 38.4604
5 24 4.133 -8 27.57 4.134 -5.5 27.57 5.51 -8 25.51 3.65 -8 30
5 24 10 -13 22.5 10 -8 22.5 12.87 -13 23.07 7.13 -13 23.07
5 24 10.96 -13 27.69 10.96 -8 27.69 10 -13 27.5 11.77 -13 28.23
5 24 -23.142 -7.24895 39.7613 -22.246 -7.63268 39.9342 -23.142 -7.33607 39.5757 -23.142 -7.13616 39.9538
2 24 7.5 -8 10 7.69 -8 10.96
5 24 -21.25 -7.84542 0.170971 -21.25 -7.76959 0.00906944 -22.246 -7.71142 0.233971 -1.19209e-06 -7.84542 0.170971
2 24 3.07 -13 7.13 4.7 -13 4.7
5 24 4.7 -13 35.3 4.7 -8 35.3 3.071 -13 32.87 7.13 -13 36.929
5 24 -25 -4.25 1.756 -24.866 -5.0915 1.50393 -24.866 -4.98251 1.2711 -24.866 -5.16875 1.71784
5 24 -21.25 -7.84542 0.170971 -1.19209e-06 -7.84542 0.170971 -21.25 -7.76959 0.00906944 -21.25 -7.92271 0.384859
5 24 -24.866 -4.71092 39.1301 -24.488 -5.61493 39.5421 -24.866 -4.86699 38.9277 -24.866 -4.55321 39.288
5 24 8.23225 -5.5 18.2323 8.23225 5.96046e-07 18.2323 9.04325 -5.5 17.6903 7.69025 -5.5 19.0432
2 24 7.5 -13 30 7.69 -13 29.04
2 24 15.867 -8 12.43 16.35 -8 10
2 24 10 -13 7.5 10.96 -13 7.69
2 24 7.57 -8 35.867 10 -8 36.35
2 24 7.69 -13 30.96 8.23 -13 31.77
5 24 13.75 -8 30 13.75 -5.5 30 13.465 -8 31.435 13.465 -8 28.565
5 24 -24.866 -5.246 2.1988 -24.866 -5.2253 1.97218 -24.488 -6.142 1.7688 -25 -4.25 1.756
5 24 -23.901 -6.38165 0.10948 -23.901 -6.22084 -0.0514641 -24.488 -5.61264 0.456486 -23.142 -6.97767 -0.15753
2 24 10 -5.5 22.5 10.9567 -5.5 22.3097
2 24 8.565 -5.5 6.535 10 -5.5 6.25
2 24 12.43 -5.5 4.133 14.49 -5.5 5.51
5 24 -25 -4.25 1.756 -24.866 -4.70862 0.868496 -24.866 -4.86772 1.07478 -24.866 -4.54784 0.707541
5 24 -24.488 -6.06468 1.28787 -23.901 -6.82364 0.918896 -24.488 -6.12128 1.54219 -24.488 -5.98737 1.07399
2 24 6.25 -8 30 6.535 -8 28.565
5 24 -24.866 -5.22569 38.0304 -24.866 -5.1702 38.28 -24.488 -6.12167 38.4604 -25 -4.25 38.244
2 24 11.7677 0 18.2323 12.3097 0 19.0433
5 24 0 -7.76959 40 20 -8 40 -1.19209e-06 1.74846e-06 40 0 -8 39.9998
5 24 5.51 -8 34.49 5.51 -5.5 34.49 4.133 -8 32.43 7.57 -8 35.867
5 24 -23.901 -6.65282 39.4942 -23.901 -6.5401 39.6868 -24.488 -5.88373 39.1472 -23.142 -7.24895 39.7613
5 24 -23.901 -6.38395 39.8891 -23.142 -6.97996 40.1561 -23.901 -6.22621 40.047 -23.901 -6.5401 39.6868
5 24 8.565 -8 33.465 8.565 -5.5 33.465 10 -8 33.75 7.348 -8 32.652
5 24 10 -8 16.35 10 -5.5 16.35 7.57 -8 15.867 12.43 -8 15.867
5 24 -22.5 16 -17.5 -2.38419e-06 1.92929e-06 -4.137 -4.76837e-06 16 -17.5 -2.5 0 -4.137
2 24 12.652 -5.5 32.652 13.465 -5.5 31.435
5 24 -24.866 -4.54784 0.707541 -24.488 -5.45184 0.295538 -24.866 16 -16.415 -24.866 -4.70862 0.868496
2 24 14.49 -5.5 5.51 15.867 -5.5 7.57
2 24 -24.866 16 -16.415 -24.488 16 -17.581
5 24 4.7 -13 24.7 4.7 -8 24.7 3.07 -13 27.13 7.13 -13 23.07
2 24 11.77 -8 8.23 12.31 -8 9.04
5 24 12.3097 0 19.0433 12.5 -5 20 12.5 0 20 12.3509 -5 19.25
5 24 -23.142 -7.41057 0.631924 -23.142 -7.33315 0.418098 -23.901 -6.82364 0.918896 -22.246 -7.78871 0.447861
2 24 -22.5 -4.25 1.756 -22.5 16 -15.119
2 24 -2.38419e-06 -7.49563 -0.393509 -2.38419e-06 -7.33484 -0.554462
5 24 -2.38419e-06 -7.76959 0 20 -8 0 -1.19209e-06 -8 0.000240326 -2.38419e-06 1.74846e-06 0
5 24 13.465 -8 8.565 13.465 -5.5 8.565 12.652 -8 7.348 13.75 -8 10
2 24 7.57 -8 15.867 10 -8 16.35
5 24 15.867 -8 32.43 15.867 -5.5 32.43 14.49 -8 34.49 16.35 -8 30
2 24 13.465 -5.5 8.565 13.75 -5.5 10
2 24 7.348 -8 27.348 8.565 -8 26.535
5 24 -25 -4.25 38.244 -24.866 -4.55321 39.288 -24.866 -4.71092 39.1301 -25 16 55.119
5 24 2.5 -13 30 2.5 -8 30 3.071 -13 32.87 3.07 -13 27.13
5 24 -21.25 -7.92271 39.6151 0 -7.92271 39.6151 -21.25 -7.84542 39.829 -21.25 -7.97929 39.3608
2 24 12.3509 -5.5 20.75 12.3509 -5 20.75
2 24 15.3 -13 24.7 16.93 -13 27.13
5 24 3.07 -13 27.13 3.07 -8 27.13 2.5 -13 30 4.7 -13 24.7
5 24 10 -5.5 17.5 10 5.96046e-07 17.5 10.9567 -5.5 17.6903 9.04325 -5.5 17.6903
2 24 10 -8 26.25 11.435 -8 26.535
5 24 -23.142 -7.46764 39.1164 -22.246 -7.84568 39.3004 -23.142 -7.41203 39.3659 -23.142 -7.488 38.8941
2 24 7.348 -5.5 7.348 8.565 -5.5 6.535
5 24 -21.25 -7.33484 40.5545 -21.25 16 60 -22.246 -7.20621 40.487 0 -7.33484 40.5545
5 24 8.565 -8 26.535 8.565 -5.5 26.535 7.348 -8 27.348 10 -8 26.25
2 24 8.565 -5.5 26.535 10 -5.5 26.25
5 24 -22.246 -7.36392 40.3291 -22.246 -7.20621 40.487 -21.25 -7.49563 40.3935 -23.142 -6.97996 40.1561
2 24 7.64913 -5.5 19.25 7.69025 -5.5 19.0432
2 24 16.93 -8 7.13 17.5 -8 10
5 24 -23.142 -7.488 1.1128 -22.246 -7.866 0.928804 -23.142 -7.488 38.8941 -23.142 -7.46725 0.886204
5 24 -21.25 -7.76959 39.9909 0 -7.76959 40 -21.25 -7.84542 39.829 -21.25 -7.65476 40.1872
5 24 15.867 -8 7.57 15.867 -5.5 7.57 16.35 -8 10 14.49 -8 5.51
5 24 -21.25 -7.76959 39.9909 -21.25 -7.65476 40.1872 0 -7.76959 40 -22.246 -7.63268 39.9342
2 24 7.69 -8 10.96 8.23 -8 11.77
2 24 -25 -4.25 1.756 -25 16 -15.119
5 24 -21.25 -7.97929 0.639187 -21.25 -7.92271 0.384859 -22.246 -7.84529 0.702187 -1.19209e-06 -7.97929 0.639187
5 24 5.51 -8 14.49 5.51 -5.5 14.49 4.133 -8 12.43 7.57 -8 15.867
2 24 7.57 -5.5 35.867 10 -5.5 36.35
2 24 6.535 -8 31.435 7.348 -8 32.652
2 24 2.5 -8 30 3.07 -8 27.13
5 24 -23.142 -6.82221 40.314 -22.246 -7.20621 40.487 -23.142 16 59.333 -23.142 -6.97996 40.1561
2 24 4.134 -5.5 32.43 5.51 -5.5 34.49
5 24 -25 -4.25 38.244 -24.866 -4.86699 38.9277 -24.866 -4.9796 38.7351 -24.866 -4.71092 39.1301
2 24 0 16 57.5 0 16 60
5 24 -24.866 -4.70862 0.868496 -24.488 -5.61264 0.456486 -24.866 -4.54784 0.707541 -24.866 -4.86772 1.07478
2 24 10 -8 17.5 12.87 -8 16.929
5 24 -24.488 -6.142 38.2381 -23.901 -6.901 38.6071 -24.488 -6.142 1.7688 -24.488 -6.12167 38.4604
5 24 10 5.96046e-07 17.5 10 5.96046e-07 20 10.9567 0 17.6903 9.04325 5.96046e-07 17.6902
5 24 -22.5 16 -17.5 -2.5 0 -4.137 -2.5 -5.5 0.500002 -2.38419e-06 1.92929e-06 -4.137
2 24 0 -7.49563 40.3935 0 -7.33484 40.5545
5 24 -21.25 -7.49563 -0.393509 -2.38419e-06 -7.49563 -0.393509 -21.25 -7.65476 -0.187244 -21.25 -7.33484 -0.554462
2 24 9.04 -8 7.69 10 -8 7.5
2 24 12.87 -8 3.07 15.3 -8 4.7
5 24 -21.25 -7.97929 39.3608 -21.25 -7.92271 39.6151 0 -7.97929 39.3608 -22.246 -7.84568 39.3004
2 24 11.435 -5.5 13.465 12.652 -5.5 12.652
2 24 7.348 -5.5 32.652 8.565 -5.5 33.465
5 24 7.57 -8 24.133 7.57 -5.5 24.133 10 -8 23.65 5.51 -8 25.51
5 24 -1.19209e-06 1.74846e-06 40 0 -7.49563 40.3935 0 -7.65476 40.1872 0 -7.33484 40.5545
2 24 7.64913 -5.5 19.25 7.64913 -5 19.25
2 24 2.5 -8 10 3.071 -8 12.87
5 24 -23.901 -6.65575 0.511997 -23.142 -7.25187 0.24494 -23.901 -6.74627 0.70504 -23.901 -6.54084 0.315722
2 24 16.93 -8 32.87 17.5 -8 30
5 24 -21.25 -7.33484 40.5545 0 -7.33484 40.5545 -21.25 -7.49563 40.3935 -21.25 16 60
5 24 -24.488 -5.45184 0.295538 -24.488 16 -17.581 -24.866 -4.54784 0.707541 -23.901 -6.22084 -0.0514641
2 24 12.652 -8 27.348 13.465 -8 28.565
5 24 6.535 -8 11.435 6.536 -5.5 11.435 7.348 -8 12.652 6.25 -8 10
5 24 -21.25 -8 0.865805 -21.25 -8 39.1411 -22.246 -7.866 0.928804 2.5 -8 10
5 24 11.7677 -5.5 18.2323 11.7677 0 18.2323 12.3097 -5.5 19.0433 10.9567 -5.5 17.6903
2 24 6.25 -5.5 30 6.536 -5.5 28.565
2 24 12.43 -8 35.867 14.49 -8 34.49
2 24 13.465 -5.5 28.565 13.75 -5.5 30
2 24 -1.19209e-06 1.63918e-06 37.5 0 -5.5 37.5
2 24 11.77 -13 31.77 12.31 -13 30.96
2 24 7.5 -8 10 7.69 -8 9.04
2 24 -24.488 16 57.581 -23.901 16 58.569
2 24 -4.76837e-06 16 -17.5 0 16 -20
5 24 10 -13 17.5 10 -8 17.5 12.87 -13 16.929 7.13 -13 16.929
5 24 -21.25 -7.65476 -0.187244 -2.38419e-06 -7.65476 -0.187244 -21.25 -7.49563 -0.393509 -21.25 -7.76959 0.00906944
2 24 10.96 -13 32.31 11.77 -13 31.77
5 24 4.7 -13 4.7 4.7 -8 4.7 3.07 -13 7.13 7.13 -13 3.07
5 24 15.867 -8 12.43 15.867 -5.5 12.43 14.49 -8 14.49 16.35 -8 10
2 24 10 -5.5 33.75 11.435 -5.5 33.465
5 24 -24.488 -5.77105 39.3398 -23.901 -6.5401 39.6868 -24.488 -5.61493 39.5421 -24.488 -5.88373 39.1472
2 24 10 -5.5 16.35 12.43 -5.5 15.867
5 24 -24.488 -5.45184 0.295538 -23.901 -6.22084 -0.0514641 -24.488 16 -17.581 -24.488 -5.61264 0.456486
2 24 9.04 -13 27.69 10 -13 27.5
5 24 -22.246 -7.84568 39.3004 -22.246 -7.79017 39.55 -23.142 -7.46764 39.1164 -21.25 -7.97929 39.3608
5 24 -24.488 -5.98737 1.07399 -24.488 -5.88665 0.859043 -24.866 -5.0915 1.50393 -23.901 -6.74627 0.70504
2 24 5.51 -8 34.49 7.57 -8 35.867
2 24 12.3097 0 19.0433 12.5 0 20
2 24 8.23225 5.96046e-07 21.7677 9.04325 5.96046e-07 22.3097
5 24 3.65 -8 10 3.65 -5.5 10 4.133 -8 12.43 4.133 -8 7.57
5 24 -23.142 -7.1369 0.0486927 -22.246 -7.52076 -0.124245 -23.142 -7.25187 0.24494 -23.142 -6.97767 -0.15753
2 24 -22.5 -5.5 0.5 -2.5 -5.5 0.500002
2 24 5.51 -5.5 25.51 7.57 -5.5 24.133
2 24 10.96 -8 32.31 11.77 -8 31.77
2 24 7.13 -13 23.07 10 -13 22.5
2 24 3.65 -5.5 10 4.134 -5.5 12.43
2 24 5.51 -8 14.49 7.57 -8 15.867
5 24 -22.246 -7.63559 0.0720692 -21.25 -7.76959 0.00906944 -22.246 -7.52076 -0.124245 -22.246 -7.71142 0.233971
2 24 -2.5 2.98023e-07 2.5 -1.19209e-06 1.09278e-07 2.5
5 24 10 -8 23.65 10 -5.5 23.65 12.43 -8 24.133 7.57 -8 24.133
2 24 11.77 -8 28.23 12.31 -8 29.04
5 24 -23.901 -6.74919 39.2887 -23.901 -6.65282 39.4942 -23.142 -7.33607 39.5757 -24.488 -5.99028 38.9198
2 24 10 -13 37.5 12.87 -13 36.929
5 24 -23.901 -6.82364 0.918896 -23.901 -6.74627 0.70504 -24.488 -6.06468 1.28787 -23.142 -7.41057 0.631924
2 24 4.133 -8 7.57 5.51 -8 5.51
5 24 -24.488 -5.77179 0.662743 -23.901 -6.54084 0.315722 -24.488 -5.88665 0.859043 -24.488 -5.61264 0.456486
5 24 12.652 -8 27.348 12.652 -5.5 27.348 11.435 -8 26.535 13.465 -8 28.565
2 24 -22.5 -5.5 39.5 -22.5 16 57.5
2 24 10 -13 2.5 12.87 -13 3.07
2 24 13.465 -5.5 11.435 13.75 -5.5 10
2 24 -23.142 16 -19.333 -22.246 16 -19.826
5 24 -24.488 -5.98737 1.07399 -23.901 -6.74627 0.70504 -24.488 -5.88665 0.859043 -24.488 -6.06468 1.28787
5 24 -21.25 -7.92271 39.6151 -21.25 -7.84542 39.829 0 -7.92271 39.6151 -22.246 -7.79017 39.55
2 24 -22.246 16 -19.826 -21.25 16 -20
2 24 10.96 -13 7.69 11.77 -13 8.23
5 24 -21.25 -7.49563 40.3935 0 -7.49563 40.3935 -21.25 -7.33484 40.5545 -21.25 -7.65476 40.1872
5 24 -22.5 16 57.5 -2.5 -5.5 39.5 -22.5 -5.5 39.5 -2.5 2.08616e-06 44.137
2 24 12.652 -5.5 12.652 13.465 -5.5 11.435
2 24 10 -8 7.5 10.96 -8 7.69
5 24 12.652 -8 12.652 12.652 -5.5 12.652 13.465 -8 11.435 11.435 -8 13.465
2 24 12.31 -13 9.04 12.5 -13 10
5 24 -24.866 -4.86699 38.9277 -24.488 -5.77105 39.3398 -24.866 -4.9796 38.7351 -24.866 -4.71092 39.1301
5 24 -22.246 -7.84529 0.702187 -21.25 -7.97929 0.639187 -22.246 -7.866 0.928804 -22.246 -7.78871 0.447861
2 24 13.465 -8 8.565 13.75 -8 10
2 24 -23.142 16 59.333 -22.246 16 59.825
5 24 6.535 -8 31.435 6.536 -5.5 31.435 7.348 -8 32.652 6.25 -8 30
5 24 -24.866 -5.16875 1.71784 -24.488 -6.06468 1.28787 -24.866 -5.0915 1.50393 -24.866 -5.2253 1.97218
5 24 -24.866 -4.71092 39.1301 -24.866 -4.55321 39.288 -25 -4.25 38.244 -24.488 -5.61493 39.5421
2 24 -2.5 -5.5 39.5 -2.5 2.08616e-06 44.137
5 24 -21.25 -8 0.865805 -21.25 -7.97929 0.639187 -22.246 -7.866 0.928804 -1.19209e-06 -8 0.865803
5 24 12.31 -13 30.96 12.31 -8 30.96 11.77 -13 31.77 12.5 -13 30
2 24 0 -7.76959 40 0 -7.65476 40.1872
2 24 0 -7.33484 40.5545 0 16 60
2 24 17.5 -5.5 37.5 17.5 1.19209e-06 37.5
2 24 12.43 -5.5 15.867 14.49 -5.5 14.49
5 24 -23.901 -6.54084 0.315722 -23.142 -7.1369 0.0486927 -23.901 -6.65575 0.511997 -23.901 -6.38165 0.10948
5 24 -24.866 -5.0915 1.50393 -24.488 -5.98737 1.07399 -24.866 -4.98251 1.2711 -24.866 -5.16875 1.71784
5 24 11.7677 -5.5 21.7677 11.7677 0 21.7677 12.3097 -5.5 20.9568 10.9567 -5.5 22.3097
5 24 -24.866 -4.86772 1.07478 -24.866 -4.70862 0.868496 -25 -4.25 1.756 -24.488 -5.77179 0.662743
5 24 10 -13 7.5 10 -8 7.5 9.04 -13 7.69 10.96 -13 7.69
2 24 3.07 -8 27.13 4.7 -8 24.7
2 24 2.5 -13 30 3.07 -13 27.13
5 24 -22.246 -7.63268 39.9342 -21.25 -7.76959 39.9909 -22.246 -7.71434 39.7598 -22.246 -7.52002 40.1268
5 24 -22.246 -7.36164 -0.330513 -22.246 -7.20085 -0.491467 -23.142 -6.97767 -0.15753 -21.25 -7.49563 -0.393509
2 24 -24.866 16 56.416 -24.488 16 57.581
2 24 7.69 -8 9.04 8.23 -8 8.23
5 24 -21.25 -7.92271 0.384859 -21.25 -7.84542 0.170971 -22.246 -7.78871 0.447861 -1.19209e-06 -7.92271 0.384857
5 24 -25 -4.25 38.244 -24.866 -5.22569 38.0304 -24.866 -5.1702 38.28 -24.866 -5.246 37.8081
2 24 -2.38419e-06 -7.65476 -0.187244 -2.38419e-06 -7.49563 -0.393509
5 24 -23.142 -7.46725 0.886204 -23.142 -7.41057 0.631924 -23.901 -6.88027 1.17319 -22.246 -7.84529 0.702187
5 24 11.77 -13 11.77 11.77 -8 11.77 12.31 -13 10.96 10.96 -13 12.31
5 24 10 5.96046e-07 20 12.3097 0 20.9568 11.7677 0 21.7677 12.5 0 20
5 24 -21.25 -7.97929 39.3608 0 -7.97929 39.3608 -21.25 -7.92271 39.6151 -21.25 -8 39.1411
5 24 16.35 -8 10 16.35 -5.5 10 15.867 -8 12.43 15.867 -8 7.57
2 24 3.65 -5.5 30 4.134 -5.5 32.43
5 24 -24.488 -6.142 1.7688 -24.488 -6.12128 1.54219 -23.901 -6.901 1.3998 -24.866 -5.246 2.1988
5 24 7.69 -13 30.96 7.69 -8 30.96 8.23 -13 31.77 7.5 -13 30
5 24 -21.25 -8 0.865805 -1.19209e-06 -8 0.865803 -21.25 -7.97929 0.639187 7.13 -8 3.07
2 24 3.65 -8 10 4.133 -8 7.57
2 24 6.536 -5.5 28.565 7.348 -5.5 27.348
2 24 -2.38419e-06 -7.76959 0 -1.19209e-06 -8 0.000240326
5 24 -22.246 -7.866 0.928804 -22.246 -7.866 39.0781 -21.25 -8 0.865805 -23.142 -7.488 1.1128
5 24 16.93 -13 12.87 16.93 -8 12.87 17.5 -13 10 15.3 -13 15.3
5 24 7.69025 -5.5 20.9568 7.69025 5.96046e-07 20.9568 8.23225 -5.5 21.7677 7.64913 -5 20.75
2 24 15.3 -13 4.7 16.93 -13 7.13
5 24 12.3097 -5.5 20.9568 12.3097 0 20.9568 11.7677 -5.5 21.7677 12.3509 -5 20.75
5 24 -4.76837e-06 16 -17.5 -2.38419e-06 -7.33484 -0.554462 0 16 -20 -2.38419e-06 1.92929e-06 -4.137
2 24 -1.19209e-06 1.09278e-07 2.5 -1.19209e-06 1.63918e-06 37.5
2 24 -21.25 16 60 0 16 60
5 24 11.77 -13 31.77 11.77 -8 31.77 12.31 -13 30.96 10.96 -13 32.31
2 24 -24.488 16 -17.581 -23.901 16 -18.569
5 24 -23.901 -6.65575 0.511997 -23.901 -6.54084 0.315722 -24.488 -5.88665 0.859043 -23.142 -7.25187 0.24494
2 24 11.435 -8 13.465 12.652 -8 12.652
2 24 12.31 -8 9.04 12.5 -8 10
2 24 11.7677 -5.5 21.7677 12.3097 -5.5 20.9568
2 24 12.87 -13 36.929 15.3 -13 35.3
2 24 12.87 -8 23.07 15.3 -8 24.7
2 24 10 -5.5 6.25 11.435 -5.5 6.535
5 24 -24.488 -5.61264 0.456486 -23.901 -6.38165 0.10948 -24.488 -5.77179 0.662743 -24.488 -5.45184 0.295538
5 24 -1.19209e-06 1.63918e-06 37.5 -1.19209e-06 1.74846e-06 40 2.5 1.49012e-06 37.5 -2.5 1.78814e-06 37.5
2 24 9.04 -13 32.31 10 -13 32.5
2 24 2.5 -13 10 3.071 -13 12.87
5 24 -23.901 -6.5401 39.6868 -23.901 -6.38395 39.8891 -24.488 -5.77105 39.3398 -23.142 -7.13616 39.9538
5 24 7.348 -8 7.348 7.348 -5.5 7.348 6.535 -8 8.565 8.565 -8 6.535
5 24 10 -8 13.75 10 -5.5 13.75 11.435 -8 13.465 8.565 -8 13.465
5 24 -23.901 -6.22621 40.047 -23.142 -6.82221 40.314 -23.901 16 58.569 -23.901 -6.38395 39.8891
2 24 17.5 -5 19.25 17.5 -5 20.75
5 24 7.13 -13 16.929 7.13 -8 16.929 4.7 -13 15.3 10 -13 17.5
2 24 8.23 -13 8.23 9.04 -13 7.69
2 24 2.5 -13 30 3.071 -13 32.87
2 24 8.23225 5.96046e-07 18.2323 9.04325 5.96046e-07 17.6902
5 24 16.35 -8 30 16.35 -5.5 30 15.867 -8 32.43 15.867 -8 27.57
2 24 2.5 0 2.5 17.5 -1.19209e-06 2.5
5 24 -23.142 -7.25187 0.24494 -23.142 -7.1369 0.0486927 -22.246 -7.63559 0.0720692 -23.901 -6.65575 0.511997
5 24 12.87 -13 36.929 12.87 -8 36.929 10 -13 37.5 15.3 -13 35.3
5 24 -22.246 -7.20085 -0.491467 -21.25 -7.33484 -0.554462 -22.246 16 -19.826 -22.246 -7.36164 -0.330513
5 24 7.13 -13 3.07 7.13 -8 3.07 10 -13 2.5 4.7 -13 4.7
5 24 10 -8 36.35 10 -5.5 36.35 7.57 -8 35.867 12.43 -8 35.867
2 24 12.3509 -5 19.25 12.5 -5 20
5 24 -23.142 -6.81685 -0.318468 -22.246 -7.20085 -0.491467 -23.142 16 -19.333 -23.142 -6.97767 -0.15753
2 24 3.07 -8 7.13 4.7 -8 4.7
5 24 -22.246 -7.20621 40.487 -22.246 16 59.825 -23.142 -6.82221 40.314 -21.25 -7.33484 40.5545
5 24 10 5.96046e-07 20 11.7677 0 21.7677 10.9567 0 22.3097 12.3097 0 20.9568
5 24 -23.142 -6.97767 -0.15753 -23.142 -6.81685 -0.318468 -22.246 -7.36164 -0.330513 -23.901 -6.38165 0.10948
5 24 13.465 -8 28.565 13.465 -5.5 28.565 12.652 -8 27.348 13.75 -8 30
5 24 7.64913 -5 19.25 7.69025 -5.5 19.0432 7.69025 5.96046e-07 19.0432 7.64913 -5.5 19.25
2 24 3.071 -8 12.87 4.7 -8 15.3
2 24 8.23 -8 28.23 9.04 -8 27.69
2 24 20 -8 0 20 1.19209e-06 0
2 24 6.25 -8 10 6.535 -8 11.435
5 24 3.071 -13 32.87 3.071 -8 32.87 2.5 -13 30 4.7 -13 35.3
2 24 -22.5 -5.5 0.5 -22.5 -5.5 39.5
5 24 -22.246 -7.71434 39.7598 -22.246 -7.63268 39.9342 -21.25 -7.84542 39.829 -23.142 -7.33607 39.5757
5 24 14.49 -8 14.49 14.49 -5.5 14.49 12.43 -8 15.867 15.867 -8 12.43
2 24 7.57 -5.5 15.867 10 -5.5 16.35
5 24 -24.488 -6.142 38.2381 -24.488 -6.12167 38.4604 -24.866 -5.246 37.8081 -23.901 -6.901 38.6071
2 24 3.07 -13 27.13 4.7 -13 24.7
5 24 3.07 -13 7.13 3.07 -8 7.13 4.7 -13 4.7 2.5 -13 10
2 24 10 -8 6.25 11.435 -8 6.535
5 24 12.652 -8 32.652 12.652 -5.5 32.652 13.465 -8 31.435 11.435 -8 33.465
5 24 10 5.96046e-07 20 12.5 0 20 12.3097 0 20.9568 12.3097 0 19.0433
2 24 10 -8 22.5 12.87 -8 23.07
2 24 12.31 -13 10.96 12.5 -13 10
5 24 -25 -4.25 1.756 -24.866 -5.16875 1.71784 -24.866 -5.0915 1.50393 -24.866 -5.2253 1.97218
2 24 14.49 -8 34.49 15.867 -8 32.43
5 24 -23.901 -6.74919 39.2887 -23.142 -7.33607 39.5757 -23.901 -6.65282 39.4942 -23.901 -6.82509 39.0789
5 24 12.652 -8 7.348 12.652 -5.5 7.348 11.435 -8 6.535 13.465 -8 8.565
2 24 10 -13 22.5 12.87 -13 23.07
5 24 -23.901 -6.5401 39.6868 -23.142 -7.13616 39.9538 -23.901 -6.38395 39.8891 -23.901 -6.65282 39.4942
2 24 -2.5 0 -4.137 -2.5 2.98023e-07 2.5
5 24 10 -13 37.5 10 -8 37.5 12.87 -13 36.929 7.13 -13 36.929
5 24 7.13 -13 36.929 7.13 -8 36.93 4.7 -13 35.3 10 -13 37.5
5 24 -24.488 -5.77105 39.3398 -24.488 -5.61493 39.5421 -23.901 -6.5401 39.6868 -24.866 -4.86699 38.9277
5 24 -23.142 -7.46764 39.1164 -23.142 -7.41203 39.3659 -22.246 -7.84568 39.3004 -23.901 -6.88066 38.8294
2 24 10 5.96046e-07 17.5 10.9567 0 17.6903
2 24 -21.25 16 -20 0 16 -20
2 24 2.5 -5.5 37.5 17.5 -5.5 37.5
2 24 11.77 -8 11.77 12.31 -8 10.96
2 24 10 -13 32.5 10.96 -13 32.31
2 24 -2.38419e-06 1.74846e-06 0 -2.38419e-06 1.92929e-06 -4.137
5 24 -24.866 -5.22569 38.0304 -24.488 -6.12167 38.4604 -24.866 -5.246 37.8081 -24.866 -5.1702 38.28
2 24 7.57 -8 24.133 10 -8 23.65
5 24 7.5 -13 30 7.5 -8 30 7.69 -13 30.96 7.69 -13 29.04
5 24 10 -13 12.5 10 -8 12.5 10.96 -13 12.31 9.04 -13 12.31
5 24 -23.901 -6.38165 0.10948 -23.142 -6.97767 -0.15753 -23.901 -6.54084 0.315722 -23.901 -6.22084 -0.0514641
2 24 2.5 -5.5 37.5 2.5 1.49012e-06 37.5
5 24 14.49 -8 34.49 14.49 -5.5 34.49 12.43 -8 35.867 15.867 -8 32.43
5 24 17.5 -13 30 17.5 -8 30 16.93 -13 27.13 16.93 -13 32.87
5 24 3.65 -8 30 3.65 -5.5 30 4.133 -8 32.43 4.133 -8 27.57
5 24 -1.19209e-06 -8 0.000240326 -1.19209e-06 -7.84542 0.170971 -2.38419e-06 -7.76959 0 -1.19209e-06 -7.92271 0.384857
5 24 -22.246 -7.866 0.928804 -22.246 -7.84529 0.702187 -21.25 -8 0.865805 -23.142 -7.488 1.1128
5 24 -24.488 -6.12167 38.4604 -23.901 -6.88066 38.8294 -24.488 -6.06614 38.7099 -24.488 -6.142 38.2381
5 24 12.3097 0 20.9568 12.5 -5 20 12.5 0 20 12.3509 -5 20.75
5 24 -24.866 -4.54784 0.707541 -24.866 16 -16.415 -24.488 -5.45184 0.295538 -25 16 -15.119
5 24 4.133 -8 7.57 4.134 -5.5 7.57 5.51 -8 5.51 3.65 -8 10
5 24 5.51 -8 25.51 5.51 -5.5 25.51 7.57 -8 24.133 4.133 -8 27.57
2 24 15.867 -5.5 12.43 16.35 -5.5 10
2 24 8.23 -8 11.77 9.04 -8 12.31
5 24 -21.25 -7.76959 0.00906944 -2.38419e-06 -7.76959 0 -21.25 -7.65476 -0.187244 -21.25 -7.84542 0.170971
5 24 -24.488 -5.61264 0.456486 -24.488 -5.45184 0.295538 -24.866 -4.70862 0.868496 -23.901 -6.38165 0.10948
2 24 -22.5 -5.5 39.5 -2.5 -5.5 39.5
5 24 -23.901 -6.74627 0.70504 -23.901 -6.65575 0.511997 -23.142 -7.33315 0.418098 -24.488 -5.98737 1.07399
5 24 -25 -4.25 38.244 -24.866 -4.71092 39.1301 -24.866 -4.86699 38.9277 -24.866 -4.55321 39.288
2 24 11.77 -13 28.23 12.31 -13 29.04
2 24 7.13 -8 36.93 10 -8 37.5
2 24 20 1.19209e-06 0 20 1.19209e-06 40
5 24 -24.866 -4.55321 39.288 -24.488 -5.45721 39.7 -24.866 16 56.416 -24.866 -4.71092 39.1301
2 24 9.04 -8 27.69 10 -8 27.5
2 24 12.31 -8 29.04 12.5 -8 30
2 24 16.93 -13 12.87 17.5 -13 10
5 24 -24.866 -5.246 37.8081 -24.866 -5.22569 38.0304 -24.488 -6.142 38.2381 -25 -4.25 38.244
5 24 10 -8 6.25 10 -5.5 6.25 8.565 -8 6.535 11.435 -8 6.535
2 24 7.57 -8 4.133 10 -8 3.65
5 24 -22.246 -7.36164 -0.330513 -21.25 -7.49563 -0.393509 -22.246 -7.52076 -0.124245 -22.246 -7.20085 -0.491467
2 24 2.5 -5.5 20.75 2.5 -5 20.75
5 24 17.5 -1.19209e-06 2.5 20 1.19209e-06 0 17.5 1.19209e-06 37.5 2.5 0 2.5
2 24 13.465 -8 31.435 13.75 -8 30
2 24 12.43 -8 15.867 14.49 -8 14.49
5 24 -21.25 -7.65476 40.1872 0 -7.65476 40.1872 -21.25 -7.76959 39.9909 -21.25 -7.49563 40.3935
2 24 7.5 -5 20 7.64913 -5 19.25
