0 Etiqueta 3 Haito Bus
0 Name: haitbus3.dat
0 Author: cpcbegin
4 0 117.237 20.852 0 111.711 20.852 0 111.711 20.459 0 117.237 20.459 0
4 0 100.658 20.852 0 96.316 20.852 0 96.316 20.459 0 100.658 20.459 0
4 0 117.237 20.459 0 111.316 20.459 0 111.316 20.066 0 117.237 20.066 0
4 0 101.053 20.459 0 95.921 20.459 0 95.921 20.066 0 101.053 20.066 0
4 0 117.237 20.066 0 110.921 20.066 0 110.921 19.672 0 117.237 19.672 0
4 0 117.237 19.672 0 110.526 19.672 0 110.526 19.279 0 117.237 19.279 0
4 0 101.447 20.066 0 95.526 20.066 0 95.526 19.279 0 101.447 19.279 0
4 0 113.289 19.279 0 110.526 19.279 0 110.526 18.885 0 113.289 18.885 0
4 0 97.5 19.279 0 95.526 19.279 0 95.526 18.885 0 97.5 18.885 0
4 0 97.105 18.885 0 95.526 18.885 0 95.526 18.492 0 97.105 18.492 0
4 0 112.895 18.885 0 110.526 18.885 0 110.526 18.098 0 112.895 18.098 0
4 0 101.842 19.279 0 99.474 19.279 0 99.474 18.098 0 101.842 18.098 0
4 0 117.237 19.279 0 115.263 19.279 0 115.263 17.705 0 117.237 17.705 0
4 0 113.289 18.098 0 110.921 18.098 0 110.921 17.705 0 113.289 17.705 0
4 0 101.842 18.098 0 98.29 18.098 0 98.29 17.705 0 101.842 17.705 0
4 0 117.237 17.705 0 110.921 17.705 0 110.921 17.311 0 117.237 17.311 0
4 0 101.447 17.705 0 97.105 17.705 0 97.105 17.311 0 101.447 17.311 0
4 0 117.237 17.311 0 111.316 17.311 0 111.316 16.918 0 117.237 16.918 0
4 0 101.447 17.311 0 95.921 17.311 0 95.921 16.918 0 101.447 16.918 0
4 0 117.237 16.918 0 110.921 16.918 0 110.921 16.525 0 117.237 16.525 0
4 0 101.053 16.918 0 95.526 16.918 0 95.526 16.525 0 101.053 16.525 0
4 0 117.237 16.525 0 110.526 16.525 0 110.526 16.131 0 117.237 16.131 0
4 0 100.263 16.525 0 95.132 16.525 0 95.132 16.131 0 100.263 16.131 0
4 0 112.895 16.131 0 110.526 16.131 0 110.526 15.738 0 112.895 15.738 0
4 0 99.079 16.131 0 95.132 16.131 0 95.132 15.738 0 99.079 15.738 0
4 0 97.5 15.738 0 95.132 15.738 0 95.132 15.344 0 97.5 15.344 0
4 0 109.737 20.852 0 107.763 20.852 0 107.763 14.951 0 109.737 14.951 0
4 0 104.605 20.852 0 102.632 20.852 0 102.632 14.951 0 104.605 14.951 0
4 0 101.842 15.344 0 100.263 15.344 0 100.263 14.951 0 101.842 14.951 0
4 0 112.5 15.738 0 110.132 15.738 0 110.132 14.557 0 112.5 14.557 0
4 0 101.842 14.951 0 99.868 14.951 0 99.868 14.557 0 101.842 14.557 0
4 0 97.105 15.344 0 95.132 15.344 0 95.132 14.557 0 97.105 14.557 0
4 0 117.237 16.131 0 115.263 16.131 0 115.263 14.164 0 117.237 14.164 0
4 0 112.895 14.557 0 110.526 14.557 0 110.526 14.164 0 112.895 14.164 0
4 0 109.737 14.951 0 107.368 14.951 0 107.368 14.164 0 109.737 14.164 0
4 0 105 14.951 0 102.632 14.951 0 102.632 14.164 0 105 14.164 0
4 0 101.842 14.557 0 99.474 14.557 0 99.474 14.164 0 101.842 14.164 0
4 0 97.5 14.557 0 95.132 14.557 0 95.132 14.164 0 97.5 14.164 0
4 0 117.237 14.164 0 110.526 14.164 0 110.526 13.77 0 117.237 13.77 0
4 0 109.342 14.164 0 106.579 14.164 0 106.579 13.77 0 109.342 13.77 0
4 0 105.789 14.164 0 103.026 14.164 0 103.026 13.77 0 105.789 13.77 0
4 0 101.842 14.164 0 95.132 14.164 0 95.132 13.77 0 101.842 13.77 0
4 0 117.237 13.77 0 110.921 13.77 0 110.921 13.377 0 117.237 13.377 0
4 0 109.342 13.77 0 103.026 13.77 0 103.026 13.377 0 109.342 13.377 0
4 0 101.447 13.77 0 95.526 13.77 0 95.526 13.377 0 101.447 13.377 0
4 0 117.237 13.377 0 111.316 13.377 0 111.316 12.984 0 117.237 12.984 0
4 0 108.947 13.377 0 103.421 13.377 0 103.421 12.984 0 108.947 12.984 0
4 0 101.053 13.377 0 95.921 13.377 0 95.921 12.984 0 101.053 12.984 0
4 0 117.237 12.984 0 111.711 12.984 0 111.711 12.59 0 117.237 12.59 0
4 0 108.553 12.984 0 103.816 12.984 0 103.816 12.59 0 108.553 12.59 0
4 0 100.658 12.984 0 96.316 12.984 0 96.316 12.59 0 100.658 12.59 0
4 0 107.763 12.59 0 104.605 12.59 0 104.605 12.197 0 107.763 12.197 0
4 0 99.474 12.59 0 97.5 12.59 0 97.5 12.197 0 99.474 12.197 0
4 16 120 11.016 0 37.895 11.016 0 37.895 10.623 0 120 10.623 0
4 16 120 10.623 0 37.105 10.623 0 37.105 10.229 0 120 10.229 0
4 16 120 10.229 0 36.711 10.229 0 36.711 9.836 0 120 9.836 0
4 16 120 9.836 0 35.921 9.836 0 35.921 9.443 0 120 9.443 0
4 16 120 9.443 0 35.526 9.443 0 35.526 9.049 0 120 9.049 0
4 16 120 9.049 0 35.132 9.049 0 35.132 8.656 0 120 8.656 0
4 16 120 8.656 0 34.342 8.656 0 34.342 8.262 0 120 8.262 0
4 16 120 8.262 0 33.947 8.262 0 33.947 7.869 0 120 7.869 0
4 16 120 7.869 0 33.553 7.869 0 33.553 7.475 0 120 7.475 0
4 16 120 7.475 0 32.763 7.475 0 32.763 7.082 0 120 7.082 0
4 16 93.158 7.082 0 32.368 7.082 0 32.368 6.689 0 93.158 6.689 0
4 16 92.763 6.689 0 31.579 6.689 0 31.579 6.295 0 92.763 6.295 0
4 16 91.974 6.295 0 31.184 6.295 0 31.184 5.902 0 91.974 5.902 0
4 16 91.184 5.902 0 30.789 5.902 0 30.789 5.508 0 91.184 5.508 0
4 16 90.79 5.508 0 30 5.508 0 30 5.115 0 90.79 5.115 0
4 16 90.395 5.115 0 29.605 5.115 0 29.605 4.721 0 90.395 4.721 0
4 16 89.605 4.721 0 29.21 4.721 0 29.21 4.328 0 89.605 4.328 0
4 16 89.21 4.328 0 28.421 4.328 0 28.421 3.934 0 89.21 3.934 0
4 16 88.816 3.934 0 28.026 3.934 0 28.026 3.541 0 88.816 3.541 0
4 16 88.421 3.541 0 27.632 3.541 0 27.632 3.148 0 88.421 3.148 0
4 16 87.632 3.148 0 26.842 3.148 0 26.842 2.754 0 87.632 2.754 0
4 16 87.237 2.754 0 26.447 2.754 0 26.447 2.361 0 87.237 2.361 0
4 16 86.447 2.361 0 25.658 2.361 0 25.658 1.967 0 86.447 1.967 0
4 16 86.053 1.967 0 25.263 1.967 0 25.263 1.574 0 86.053 1.574 0
4 16 85.658 1.574 0 24.868 1.574 0 24.868 1.18 0 85.658 1.18 0
4 16 84.868 1.18 0 24.474 1.18 0 24.474 0.787 0 84.868 0.787 0
4 16 84.474 0.787 0 24.079 0.787 0 24.079 0.393 0 84.474 0.393 0
4 16 84.079 0.393 0 23.684 0.393 0 23.684 0 0 84.079 0 0
0 
