0 Etiqueta hovercraft
0 Name: hovcraft.dat
0 Author: cpcbegin
4 15 129.778 -20.2 0 127.289 -20.2 0 127.289 -20 0 129.778 -20 0
4 15 71.111 -20.2 0 68.622 -20.2 0 68.622 -20 0 71.111 -20 0
4 15 130.667 -20 0 126.4 -20 0 126.4 -19.8 0 130.667 -19.8 0
4 15 72.178 -20 0 67.556 -20 0 67.556 -19.8 0 72.178 -19.8 0
4 15 131.378 -19.8 0 125.689 -19.8 0 125.689 -19.6 0 131.378 -19.6 0
4 15 120.356 -19.8 0 116.8 -19.8 0 116.8 -19.6 0 120.356 -19.6 0
4 15 109.333 -19.8 0 105.778 -19.8 0 105.778 -19.6 0 109.333 -19.6 0
4 15 91.022 -19.8 0 84.089 -19.8 0 84.089 -19.6 0 91.022 -19.6 0
4 15 72.711 -19.8 0 67.022 -19.8 0 67.022 -19.6 0 72.711 -19.6 0
4 15 62.4 -19.8 0 55.467 -19.8 0 55.467 -19.6 0 62.4 -19.6 0
4 15 44.444 -19.8 0 40.178 -19.8 0 40.178 -19.6 0 44.444 -19.6 0
4 15 131.733 -19.6 0 125.333 -19.6 0 125.333 -19.4 0 131.733 -19.4 0
4 15 91.022 -19.6 0 83.022 -19.6 0 83.022 -19.4 0 91.022 -19.4 0
4 15 73.244 -19.6 0 66.489 -19.6 0 66.489 -19.4 0 73.244 -19.4 0
4 15 62.4 -19.6 0 54.4 -19.6 0 54.4 -19.4 0 62.4 -19.4 0
4 15 132.267 -19.4 0 124.8 -19.4 0 124.8 -19.2 0 132.267 -19.2 0
4 15 91.022 -19.4 0 82.489 -19.4 0 82.489 -19.2 0 91.022 -19.2 0
4 15 73.6 -19.4 0 65.956 -19.4 0 65.956 -19.2 0 73.6 -19.2 0
4 15 62.4 -19.4 0 53.867 -19.4 0 53.867 -19.2 0 62.4 -19.2 0
4 15 132.444 -19.2 0 124.622 -19.2 0 124.622 -19 0 132.444 -19 0
4 15 120.178 -19.6 0 116.622 -19.6 0 116.622 -19 0 120.178 -19 0
4 15 109.511 -19.6 0 105.956 -19.6 0 105.956 -19 0 109.511 -19 0
4 15 91.022 -19.2 0 81.956 -19.2 0 81.956 -19 0 91.022 -19 0
4 15 73.956 -19.2 0 65.6 -19.2 0 65.6 -19 0 73.956 -19 0
4 15 62.4 -19.2 0 53.333 -19.2 0 53.333 -19 0 62.4 -19 0
4 15 44.622 -19.6 0 40 -19.6 0 40 -19 0 44.622 -19 0
4 15 132.8 -19 0 124.267 -19 0 124.267 -18.8 0 132.8 -18.8 0
4 15 91.022 -19 0 81.6 -19 0 81.6 -18.8 0 91.022 -18.8 0
4 15 74.311 -19 0 65.6 -19 0 65.6 -18.8 0 74.311 -18.8 0
4 15 62.4 -19 0 52.978 -19 0 52.978 -18.8 0 62.4 -18.8 0
4 15 132.978 -18.8 0 124.089 -18.8 0 124.089 -18.6 0 132.978 -18.6 0
4 15 120 -19 0 116.444 -19 0 116.444 -18.6 0 120 -18.6 0
4 15 109.689 -19 0 106.133 -19 0 106.133 -18.6 0 109.689 -18.6 0
4 15 91.022 -18.8 0 81.422 -18.8 0 81.422 -18.6 0 91.022 -18.6 0
4 15 74.489 -18.8 0 65.6 -18.8 0 65.6 -18.6 0 74.489 -18.6 0
4 15 62.4 -18.8 0 52.8 -18.8 0 52.8 -18.6 0 62.4 -18.6 0
4 15 133.333 -18.6 0 123.733 -18.6 0 123.733 -18.4 0 133.333 -18.4 0
4 15 120 -18.6 0 116.267 -18.6 0 116.267 -18.4 0 120 -18.4 0
4 15 109.867 -18.6 0 106.133 -18.6 0 106.133 -18.4 0 109.867 -18.4 0
4 15 91.022 -18.6 0 81.244 -18.6 0 81.244 -18.4 0 91.022 -18.4 0
4 15 74.844 -18.6 0 65.6 -18.6 0 65.6 -18.4 0 74.844 -18.4 0
4 15 62.4 -18.6 0 52.622 -18.6 0 52.622 -18.4 0 62.4 -18.4 0
4 15 44.8 -19 0 39.822 -19 0 39.822 -18.4 0 44.8 -18.4 0
4 15 133.511 -18.4 0 123.556 -18.4 0 123.556 -18.2 0 133.511 -18.2 0
4 15 91.022 -18.4 0 81.067 -18.4 0 81.067 -18.2 0 91.022 -18.2 0
4 15 75.022 -18.4 0 65.6 -18.4 0 65.6 -18.2 0 75.022 -18.2 0
4 15 62.4 -18.4 0 52.444 -18.4 0 52.444 -18.2 0 62.4 -18.2 0
4 15 133.689 -18.2 0 123.378 -18.2 0 123.378 -18 0 133.689 -18 0
4 15 119.822 -18.4 0 116.267 -18.4 0 116.267 -18 0 119.822 -18 0
4 15 109.867 -18.4 0 106.311 -18.4 0 106.311 -18 0 109.867 -18 0
4 15 91.022 -18.2 0 80.889 -18.2 0 80.889 -18 0 91.022 -18 0
4 15 75.2 -18.2 0 65.6 -18.2 0 65.6 -18 0 75.2 -18 0
4 15 62.4 -18.2 0 52.267 -18.2 0 52.267 -18 0 62.4 -18 0
4 15 44.978 -18.4 0 39.644 -18.4 0 39.644 -18 0 44.978 -18 0
4 15 133.867 -18 0 123.2 -18 0 123.2 -17.8 0 133.867 -17.8 0
4 15 75.378 -18 0 65.6 -18 0 65.6 -17.8 0 75.378 -17.8 0
4 15 134.044 -17.8 0 123.022 -17.8 0 123.022 -17.6 0 134.044 -17.6 0
4 15 91.022 -18 0 80.711 -18 0 80.711 -17.6 0 91.022 -17.6 0
4 15 75.556 -17.8 0 65.6 -17.8 0 65.6 -17.6 0 75.556 -17.6 0
4 15 62.4 -18 0 52.089 -18 0 52.089 -17.6 0 62.4 -17.6 0
4 15 134.222 -17.6 0 122.844 -17.6 0 122.844 -17.4 0 134.222 -17.4 0
4 15 119.644 -18 0 116.089 -18 0 116.089 -17.4 0 119.644 -17.4 0
4 15 110.044 -18 0 106.489 -18 0 106.489 -17.4 0 110.044 -17.4 0
4 15 75.733 -17.6 0 65.6 -17.6 0 65.6 -17.4 0 75.733 -17.4 0
4 15 45.156 -18 0 39.467 -18 0 39.467 -17.4 0 45.156 -17.4 0
4 15 134.222 -17.4 0 129.422 -17.4 0 129.422 -17.2 0 134.222 -17.2 0
4 15 127.644 -17.4 0 122.844 -17.4 0 122.844 -17.2 0 127.644 -17.2 0
4 15 91.022 -17.6 0 80.533 -17.6 0 80.533 -17.2 0 91.022 -17.2 0
4 15 75.911 -17.4 0 70.578 -17.4 0 70.578 -17.2 0 75.911 -17.2 0
4 15 68.444 -17.4 0 65.6 -17.4 0 65.6 -17.2 0 68.444 -17.2 0
4 15 62.4 -17.6 0 51.911 -17.6 0 51.911 -17.2 0 62.4 -17.2 0
4 15 134.4 -17.2 0 129.956 -17.2 0 129.956 -17 0 134.4 -17 0
4 15 127.289 -17.2 0 122.667 -17.2 0 122.667 -17 0 127.289 -17 0
4 15 91.022 -17.2 0 80.356 -17.2 0 80.356 -17 0 91.022 -17 0
4 15 75.911 -17.2 0 71.111 -17.2 0 71.111 -17 0 75.911 -17 0
4 15 67.556 -17.2 0 65.6 -17.2 0 65.6 -17 0 67.556 -17 0
4 15 62.4 -17.2 0 51.733 -17.2 0 51.733 -17 0 62.4 -17 0
4 15 134.578 -17 0 130.133 -17 0 130.133 -16.8 0 134.578 -16.8 0
4 15 126.933 -17 0 122.489 -17 0 122.489 -16.8 0 126.933 -16.8 0
4 15 119.467 -17.4 0 115.911 -17.4 0 115.911 -16.8 0 119.467 -16.8 0
4 15 110.222 -17.4 0 106.667 -17.4 0 106.667 -16.8 0 110.222 -16.8 0
4 15 104 -19.8 0 94.4 -19.8 0 94.4 -16.8 0 104 -16.8 0
4 15 84.978 -17 0 80.356 -17 0 80.356 -16.8 0 84.978 -16.8 0
4 15 76.089 -17 0 71.467 -17 0 71.467 -16.8 0 76.089 -16.8 0
4 15 67.022 -17 0 65.6 -17 0 65.6 -16.8 0 67.022 -16.8 0
4 15 56.356 -17 0 51.733 -17 0 51.733 -16.8 0 56.356 -16.8 0
4 15 45.333 -17.4 0 39.289 -17.4 0 39.289 -16.8 0 45.333 -16.8 0
4 15 33.244 -19.8 0 23.644 -19.8 0 23.644 -16.8 0 33.244 -16.8 0
4 15 22.044 -19.8 0 9.244 -19.8 0 9.244 -16.8 0 22.044 -16.8 0
4 15 134.578 -16.8 0 130.489 -16.8 0 130.489 -16.6 0 134.578 -16.6 0
4 15 126.578 -16.8 0 122.489 -16.8 0 122.489 -16.6 0 126.578 -16.6 0
4 15 84.444 -16.8 0 80.356 -16.8 0 80.356 -16.6 0 84.444 -16.6 0
4 15 76.267 -16.8 0 71.822 -16.8 0 71.822 -16.6 0 76.267 -16.6 0
4 15 66.667 -16.8 0 65.6 -16.8 0 65.6 -16.6 0 66.667 -16.6 0
4 15 55.822 -16.8 0 51.733 -16.8 0 51.733 -16.6 0 55.822 -16.6 0
4 15 134.756 -16.6 0 130.667 -16.6 0 130.667 -16.4 0 134.756 -16.4 0
4 15 126.4 -16.6 0 122.311 -16.6 0 122.311 -16.4 0 126.4 -16.4 0
4 15 119.289 -16.8 0 115.733 -16.8 0 115.733 -16.4 0 119.289 -16.4 0
4 15 110.4 -16.8 0 106.844 -16.8 0 106.844 -16.4 0 110.4 -16.4 0
4 15 84.267 -16.6 0 80.178 -16.6 0 80.178 -16.4 0 84.267 -16.4 0
4 15 76.267 -16.6 0 72 -16.6 0 72 -16.4 0 76.267 -16.4 0
4 15 66.311 -16.6 0 65.6 -16.6 0 65.6 -16.4 0 66.311 -16.4 0
4 15 55.644 -16.6 0 51.556 -16.6 0 51.556 -16.4 0 55.644 -16.4 0
4 15 134.756 -16.4 0 130.844 -16.4 0 130.844 -16.2 0 134.756 -16.2 0
4 15 126.222 -16.4 0 122.311 -16.4 0 122.311 -16.2 0 126.222 -16.2 0
4 15 84.089 -16.4 0 80.178 -16.4 0 80.178 -16.2 0 84.089 -16.2 0
4 15 76.444 -16.4 0 72.178 -16.4 0 72.178 -16.2 0 76.444 -16.2 0
4 15 65.956 -16.4 0 65.6 -16.4 0 65.6 -16.2 0 65.956 -16.2 0
4 15 55.467 -16.4 0 51.556 -16.4 0 51.556 -16.2 0 55.467 -16.2 0
4 15 45.511 -16.8 0 39.111 -16.8 0 39.111 -16.2 0 45.511 -16.2 0
4 15 76.622 -16.2 0 72.356 -16.2 0 72.356 -16 0 76.622 -16 0
4 15 65.778 -16.2 0 65.6 -16.2 0 65.6 -16 0 65.778 -16 0
4 15 45.689 -16.2 0 38.933 -16.2 0 38.933 -16 0 45.689 -16 0
4 15 134.933 -16.2 0 131.022 -16.2 0 131.022 -15.8 0 134.933 -15.8 0
4 15 126.044 -16.2 0 122.133 -16.2 0 122.133 -15.8 0 126.044 -15.8 0
4 15 119.111 -16.4 0 115.556 -16.4 0 115.556 -15.8 0 119.111 -15.8 0
4 15 110.578 -16.4 0 107.022 -16.4 0 107.022 -15.8 0 110.578 -15.8 0
4 15 83.911 -16.2 0 80.178 -16.2 0 80.178 -15.8 0 83.911 -15.8 0
4 15 76.622 -16 0 72.533 -16 0 72.533 -15.8 0 76.622 -15.8 0
4 15 55.289 -16.2 0 51.556 -16.2 0 51.556 -15.8 0 55.289 -15.8 0
4 15 45.689 -16 0 42.311 -16 0 42.311 -15.8 0 45.689 -15.8 0
4 15 42.133 -16 0 38.933 -16 0 38.933 -15.8 0 42.133 -15.8 0
4 15 135.111 -15.8 0 131.2 -15.8 0 131.2 -15.6 0 135.111 -15.6 0
4 15 125.867 -15.8 0 121.956 -15.8 0 121.956 -15.6 0 125.867 -15.6 0
4 15 76.622 -15.8 0 72.711 -15.8 0 72.711 -15.6 0 76.622 -15.6 0
4 15 45.867 -15.8 0 42.489 -15.8 0 42.489 -15.4 0 45.867 -15.4 0
4 15 42.133 -15.8 0 38.756 -15.8 0 38.756 -15.4 0 42.133 -15.4 0
4 15 135.111 -15.6 0 131.378 -15.6 0 131.378 -15.2 0 135.111 -15.2 0
4 15 125.689 -15.6 0 121.956 -15.6 0 121.956 -15.2 0 125.689 -15.2 0
4 15 118.933 -15.8 0 115.378 -15.8 0 115.378 -15.2 0 118.933 -15.2 0
4 15 110.756 -15.8 0 107.2 -15.8 0 107.2 -15.2 0 110.756 -15.2 0
4 15 76.8 -15.6 0 72.889 -15.6 0 72.889 -15.2 0 76.8 -15.2 0
4 15 45.867 -15.4 0 42.667 -15.4 0 42.667 -15.2 0 45.867 -15.2 0
4 15 41.956 -15.4 0 38.756 -15.4 0 38.756 -15.2 0 41.956 -15.2 0
4 15 135.289 -15.2 0 131.378 -15.2 0 131.378 -15 0 135.289 -15 0
4 15 125.689 -15.2 0 121.778 -15.2 0 121.778 -15 0 125.689 -15 0
4 15 118.756 -15.2 0 115.2 -15.2 0 115.2 -14.8 0 118.756 -14.8 0
4 15 110.933 -15.2 0 107.378 -15.2 0 107.378 -14.8 0 110.933 -14.8 0
4 15 76.978 -15.2 0 73.067 -15.2 0 73.067 -14.8 0 76.978 -14.8 0
4 15 46.044 -15.2 0 42.667 -15.2 0 42.667 -14.8 0 46.044 -14.8 0
4 15 41.956 -15.2 0 38.578 -15.2 0 38.578 -14.8 0 41.956 -14.8 0
4 15 135.289 -15 0 131.556 -15 0 131.556 -14.6 0 135.289 -14.6 0
4 15 125.511 -15 0 121.778 -15 0 121.778 -14.6 0 125.511 -14.6 0
4 15 118.578 -14.8 0 115.2 -14.8 0 115.2 -14.6 0 118.578 -14.6 0
4 15 110.933 -14.8 0 107.556 -14.8 0 107.556 -14.6 0 110.933 -14.6 0
4 15 83.733 -15.8 0 80.178 -15.8 0 80.178 -14.6 0 83.733 -14.6 0
4 15 55.111 -15.8 0 51.556 -15.8 0 51.556 -14.6 0 55.111 -14.6 0
4 15 46.044 -14.8 0 42.844 -14.8 0 42.844 -14.6 0 46.044 -14.6 0
4 15 41.778 -14.8 0 38.578 -14.8 0 38.578 -14.6 0 41.778 -14.6 0
4 15 135.467 -14.6 0 131.556 -14.6 0 131.556 -14.4 0 135.467 -14.4 0
4 15 125.511 -14.6 0 121.6 -14.6 0 121.6 -14.4 0 125.511 -14.4 0
4 15 76.978 -14.8 0 73.244 -14.8 0 73.244 -14.4 0 76.978 -14.4 0
4 15 118.578 -14.6 0 115.022 -14.6 0 115.022 -14.2 0 118.578 -14.2 0
4 15 111.111 -14.6 0 107.556 -14.6 0 107.556 -14.2 0 111.111 -14.2 0
4 15 83.733 -14.6 0 80.356 -14.6 0 80.356 -14.2 0 83.733 -14.2 0
4 15 77.156 -14.4 0 73.244 -14.4 0 73.244 -14.2 0 77.156 -14.2 0
4 15 55.111 -14.6 0 51.733 -14.6 0 51.733 -14.2 0 55.111 -14.2 0
4 15 46.222 -14.6 0 42.844 -14.6 0 42.844 -14.2 0 46.222 -14.2 0
4 15 41.778 -14.6 0 38.4 -14.6 0 38.4 -14.2 0 41.778 -14.2 0
4 15 118.4 -14.2 0 115.022 -14.2 0 115.022 -14 0 118.4 -14 0
4 15 111.111 -14.2 0 107.733 -14.2 0 107.733 -14 0 111.111 -14 0
4 15 150.756 -19.8 0 147.2 -19.8 0 147.2 -13.8 0 150.756 -13.8 0
4 15 141.867 -19.8 0 138.311 -19.8 0 138.311 -13.8 0 141.867 -13.8 0
4 15 104 -16.8 0 100.444 -16.8 0 100.444 -13.8 0 104 -13.8 0
4 15 83.911 -14.2 0 80.356 -14.2 0 80.356 -13.8 0 83.911 -13.8 0
4 15 55.289 -14.2 0 51.733 -14.2 0 51.733 -13.8 0 55.289 -13.8 0
4 15 33.244 -16.8 0 29.689 -16.8 0 29.689 -13.8 0 33.244 -13.8 0
4 15 135.467 -14.4 0 131.733 -14.4 0 131.733 -13.6 0 135.467 -13.6 0
4 15 125.333 -14.4 0 121.6 -14.4 0 121.6 -13.6 0 125.333 -13.6 0
4 15 118.4 -14 0 114.844 -14 0 114.844 -13.6 0 118.4 -13.6 0
4 15 111.289 -14 0 107.733 -14 0 107.733 -13.6 0 111.289 -13.6 0
4 15 84.089 -13.8 0 80.533 -13.8 0 80.533 -13.6 0 84.089 -13.6 0
4 15 55.467 -13.8 0 51.911 -13.8 0 51.911 -13.6 0 55.467 -13.6 0
4 15 46.4 -14.2 0 43.022 -14.2 0 43.022 -13.6 0 46.4 -13.6 0
4 15 41.6 -14.2 0 38.222 -14.2 0 38.222 -13.6 0 41.6 -13.6 0
4 15 135.467 -13.6 0 131.911 -13.6 0 131.911 -13.4 0 135.467 -13.4 0
4 15 125.156 -13.6 0 121.6 -13.6 0 121.6 -13.4 0 125.156 -13.4 0
4 15 84.267 -13.6 0 80.533 -13.6 0 80.533 -13.4 0 84.267 -13.4 0
4 15 77.156 -14.2 0 73.422 -14.2 0 73.422 -13.4 0 77.156 -13.4 0
4 15 55.644 -13.6 0 51.911 -13.6 0 51.911 -13.4 0 55.644 -13.4 0
4 15 84.444 -13.4 0 80.711 -13.4 0 80.711 -13.2 0 84.444 -13.2 0
4 15 55.822 -13.4 0 52.089 -13.4 0 52.089 -13.2 0 55.822 -13.2 0
4 15 118.222 -13.6 0 114.667 -13.6 0 114.667 -13 0 118.222 -13 0
4 15 111.467 -13.6 0 107.911 -13.6 0 107.911 -13 0 111.467 -13 0
4 15 91.022 -17 0 87.467 -17 0 87.467 -13 0 91.022 -13 0
4 15 84.978 -13.2 0 80.889 -13.2 0 80.889 -13 0 84.978 -13 0
4 15 62.4 -17 0 58.844 -17 0 58.844 -13 0 62.4 -13 0
4 15 56.356 -13.2 0 52.267 -13.2 0 52.267 -13 0 56.356 -13 0
4 15 46.578 -13.6 0 43.2 -13.6 0 43.2 -13 0 46.578 -13 0
4 15 41.422 -13.6 0 38.044 -13.6 0 38.044 -13 0 41.422 -13 0
4 15 91.022 -13 0 80.889 -13 0 80.889 -12.8 0 91.022 -12.8 0
4 15 62.4 -13 0 52.267 -13 0 52.267 -12.8 0 62.4 -12.8 0
4 15 118.044 -13 0 114.489 -13 0 114.489 -12.6 0 118.044 -12.6 0
4 15 111.644 -13 0 108.089 -13 0 108.089 -12.6 0 111.644 -12.6 0
4 15 91.022 -12.8 0 81.067 -12.8 0 81.067 -12.6 0 91.022 -12.6 0
4 15 62.4 -12.8 0 52.444 -12.8 0 52.444 -12.6 0 62.4 -12.6 0
4 15 46.756 -13 0 43.378 -13 0 43.378 -12.6 0 46.756 -12.6 0
4 15 41.244 -13 0 37.867 -13 0 37.867 -12.6 0 41.244 -12.6 0
4 15 117.867 -12.6 0 114.489 -12.6 0 114.489 -12.4 0 117.867 -12.4 0
4 15 111.644 -12.6 0 108.267 -12.6 0 108.267 -12.4 0 111.644 -12.4 0
4 15 91.022 -12.6 0 81.244 -12.6 0 81.244 -12.4 0 91.022 -12.4 0
4 15 62.4 -12.6 0 52.622 -12.6 0 52.622 -12.4 0 62.4 -12.4 0
4 15 46.933 -12.6 0 43.378 -12.6 0 43.378 -12.4 0 46.933 -12.4 0
4 15 41.244 -12.6 0 37.689 -12.6 0 37.689 -12.4 0 41.244 -12.4 0
4 15 91.022 -12.4 0 81.6 -12.4 0 81.6 -12.2 0 91.022 -12.2 0
4 15 62.4 -12.4 0 52.978 -12.4 0 52.978 -12.2 0 62.4 -12.2 0
4 15 117.867 -12.4 0 114.311 -12.4 0 114.311 -12 0 117.867 -12 0
4 15 111.822 -12.4 0 108.267 -12.4 0 108.267 -12 0 111.822 -12 0
4 15 91.022 -12.2 0 81.778 -12.2 0 81.778 -12 0 91.022 -12 0
4 15 62.4 -12.2 0 53.156 -12.2 0 53.156 -12 0 62.4 -12 0
4 15 46.933 -12.4 0 43.556 -12.4 0 43.556 -12 0 46.933 -12 0
4 15 41.067 -12.4 0 37.689 -12.4 0 37.689 -12 0 41.067 -12 0
4 15 117.689 -12 0 114.311 -12 0 114.311 -11.8 0 117.689 -11.8 0
4 15 111.822 -12 0 108.444 -12 0 108.444 -11.8 0 111.822 -11.8 0
4 15 91.022 -12 0 82.133 -12 0 82.133 -11.8 0 91.022 -11.8 0
4 15 62.4 -12 0 53.511 -12 0 53.511 -11.8 0 62.4 -11.8 0
4 15 47.111 -12 0 43.556 -12 0 43.556 -11.8 0 47.111 -11.8 0
4 15 41.067 -12 0 37.511 -12 0 37.511 -11.8 0 41.067 -11.8 0
4 15 91.022 -11.8 0 82.667 -11.8 0 82.667 -11.6 0 91.022 -11.6 0
4 15 62.4 -11.8 0 54.044 -11.8 0 54.044 -11.6 0 62.4 -11.6 0
4 15 117.689 -11.8 0 114.133 -11.8 0 114.133 -11.4 0 117.689 -11.4 0
4 15 112 -11.8 0 108.444 -11.8 0 108.444 -11.4 0 112 -11.4 0
4 15 91.022 -11.6 0 82.489 -11.6 0 82.489 -11.4 0 91.022 -11.4 0
4 15 62.4 -11.6 0 53.867 -11.6 0 53.867 -11.4 0 62.4 -11.4 0
4 15 47.111 -11.8 0 43.733 -11.8 0 43.733 -11.4 0 47.111 -11.4 0
4 15 40.889 -11.8 0 37.511 -11.8 0 37.511 -11.4 0 40.889 -11.4 0
4 15 91.022 -11.4 0 82.133 -11.4 0 82.133 -11.2 0 91.022 -11.2 0
4 15 62.4 -11.4 0 53.511 -11.4 0 53.511 -11.2 0 62.4 -11.2 0
4 15 117.511 -11.4 0 113.956 -11.4 0 113.956 -11 0 117.511 -11 0
4 15 112.178 -11.4 0 108.622 -11.4 0 108.622 -11 0 112.178 -11 0
4 15 91.022 -11.2 0 81.956 -11.2 0 81.956 -11 0 91.022 -11 0
4 15 62.4 -11.2 0 53.333 -11.2 0 53.333 -11 0 62.4 -11 0
4 15 47.289 -11.4 0 43.911 -11.4 0 43.911 -11 0 47.289 -11 0
4 15 40.711 -11.4 0 37.333 -11.4 0 37.333 -11 0 40.711 -11 0
4 15 150.756 -13.8 0 138.311 -13.8 0 138.311 -10.8 0 150.756 -10.8 0
4 15 117.333 -11 0 113.956 -11 0 113.956 -10.8 0 117.333 -10.8 0
4 15 112.178 -11 0 108.8 -11 0 108.8 -10.8 0 112.178 -10.8 0
4 15 104 -13.8 0 94.756 -13.8 0 94.756 -10.8 0 104 -10.8 0
4 15 91.022 -11 0 81.778 -11 0 81.778 -10.8 0 91.022 -10.8 0
4 15 62.4 -11 0 53.156 -11 0 53.156 -10.8 0 62.4 -10.8 0
4 15 47.467 -11 0 43.911 -11 0 43.911 -10.8 0 47.467 -10.8 0
4 15 40.711 -11 0 37.156 -11 0 37.156 -10.8 0 40.711 -10.8 0
4 15 33.244 -13.8 0 24 -13.8 0 24 -10.8 0 33.244 -10.8 0
4 15 135.644 -13.4 0 131.911 -13.4 0 131.911 -10.6 0 135.644 -10.6 0
4 15 125.156 -13.4 0 121.422 -13.4 0 121.422 -10.6 0 125.156 -10.6 0
4 15 77.333 -13.4 0 73.6 -13.4 0 73.6 -10.6 0 77.333 -10.6 0
4 15 135.467 -10.6 0 131.911 -10.6 0 131.911 -10.4 0 135.467 -10.4 0
4 15 125.156 -10.6 0 121.6 -10.6 0 121.6 -10.4 0 125.156 -10.4 0
4 15 117.333 -10.8 0 113.778 -10.8 0 113.778 -10.4 0 117.333 -10.4 0
4 15 112.356 -10.8 0 108.8 -10.8 0 108.8 -10.4 0 112.356 -10.4 0
4 15 91.022 -10.8 0 81.422 -10.8 0 81.422 -10.4 0 91.022 -10.4 0
4 15 62.4 -10.8 0 52.8 -10.8 0 52.8 -10.4 0 62.4 -10.4 0
4 15 47.467 -10.8 0 44.089 -10.8 0 44.089 -10.4 0 47.467 -10.4 0
4 15 40.533 -10.8 0 37.156 -10.8 0 37.156 -10.4 0 40.533 -10.4 0
4 15 117.156 -10.4 0 113.778 -10.4 0 113.778 -10.2 0 117.156 -10.2 0
4 15 112.356 -10.4 0 108.978 -10.4 0 108.978 -10.2 0 112.356 -10.2 0
4 15 91.022 -10.4 0 81.244 -10.4 0 81.244 -10.2 0 91.022 -10.2 0
4 15 62.4 -10.4 0 52.622 -10.4 0 52.622 -10.2 0 62.4 -10.2 0
4 15 47.644 -10.4 0 44.089 -10.4 0 44.089 -10.2 0 47.644 -10.2 0
4 15 40.533 -10.4 0 36.978 -10.4 0 36.978 -10.2 0 40.533 -10.2 0
4 15 85.689 -10.2 0 81.067 -10.2 0 81.067 -10 0 85.689 -10 0
4 15 57.067 -10.2 0 52.444 -10.2 0 52.444 -10 0 57.067 -10 0
4 15 47.644 -10.2 0 44.267 -10.2 0 44.267 -10 0 47.644 -10 0
4 15 40.356 -10.2 0 36.978 -10.2 0 36.978 -10 0 40.356 -10 0
4 15 117.156 -10.2 0 113.6 -10.2 0 113.6 -9.8 0 117.156 -9.8 0
4 15 112.533 -10.2 0 108.978 -10.2 0 108.978 -9.8 0 112.533 -9.8 0
4 15 85.156 -10 0 80.889 -10 0 80.889 -9.8 0 85.156 -9.8 0
4 15 77.156 -10.6 0 73.422 -10.6 0 73.422 -9.8 0 77.156 -9.8 0
4 15 56.533 -10 0 52.267 -10 0 52.267 -9.8 0 56.533 -9.8 0
4 15 47.644 -10 0 36.978 -10 0 36.978 -9.8 0 47.644 -9.8 0
4 15 135.467 -10.4 0 131.733 -10.4 0 131.733 -9.6 0 135.467 -9.6 0
4 15 125.333 -10.4 0 121.6 -10.4 0 121.6 -9.6 0 125.333 -9.6 0
4 15 116.978 -9.8 0 113.6 -9.8 0 113.6 -9.6 0 116.978 -9.6 0
4 15 112.533 -9.8 0 109.156 -9.8 0 109.156 -9.6 0 112.533 -9.6 0
4 15 84.978 -9.8 0 80.889 -9.8 0 80.889 -9.6 0 84.978 -9.6 0
4 15 77.156 -9.8 0 73.244 -9.8 0 73.244 -9.6 0 77.156 -9.6 0
4 15 56.356 -9.8 0 52.267 -9.8 0 52.267 -9.6 0 56.356 -9.6 0
4 15 135.467 -9.6 0 131.556 -9.6 0 131.556 -9.4 0 135.467 -9.4 0
4 15 125.511 -9.6 0 121.6 -9.6 0 121.6 -9.4 0 125.511 -9.4 0
4 15 116.978 -9.6 0 113.422 -9.6 0 113.422 -9.4 0 116.978 -9.4 0
4 15 112.711 -9.6 0 109.156 -9.6 0 109.156 -9.4 0 112.711 -9.4 0
4 15 116.8 -9.4 0 113.422 -9.4 0 113.422 -9.2 0 116.8 -9.2 0
4 15 84.622 -9.6 0 80.711 -9.6 0 80.711 -9.2 0 84.622 -9.2 0
4 15 76.978 -9.6 0 73.244 -9.6 0 73.244 -9.2 0 76.978 -9.2 0
4 15 56 -9.6 0 52.089 -9.6 0 52.089 -9.2 0 56 -9.2 0
4 15 47.822 -9.8 0 36.8 -9.8 0 36.8 -9.2 0 47.822 -9.2 0
4 15 135.289 -9.4 0 131.556 -9.4 0 131.556 -9 0 135.289 -9 0
4 15 125.511 -9.4 0 121.778 -9.4 0 121.778 -9 0 125.511 -9 0
4 15 112.711 -9.4 0 109.333 -9.4 0 109.333 -9 0 112.711 -9 0
4 15 84.444 -9.2 0 80.533 -9.2 0 80.533 -9 0 84.444 -9 0
4 15 55.822 -9.2 0 51.911 -9.2 0 51.911 -9 0 55.822 -9 0
4 15 135.289 -9 0 131.378 -9 0 131.378 -8.8 0 135.289 -8.8 0
4 15 125.689 -9 0 121.778 -9 0 121.778 -8.8 0 125.689 -8.8 0
4 15 116.8 -9.2 0 113.244 -9.2 0 113.244 -8.8 0 116.8 -8.8 0
4 15 112.889 -9 0 109.333 -9 0 109.333 -8.8 0 112.889 -8.8 0
4 15 84.267 -9 0 80.533 -9 0 80.533 -8.8 0 84.267 -8.8 0
4 15 76.978 -9.2 0 73.067 -9.2 0 73.067 -8.8 0 76.978 -8.8 0
4 15 55.644 -9 0 51.911 -9 0 51.911 -8.8 0 55.644 -8.8 0
4 15 48 -9.2 0 36.622 -9.2 0 36.622 -8.8 0 48 -8.8 0
4 15 116.622 -8.8 0 113.244 -8.8 0 113.244 -8.6 0 116.622 -8.6 0
4 15 112.889 -8.8 0 109.511 -8.8 0 109.511 -8.6 0 112.889 -8.6 0
4 15 135.111 -8.8 0 131.378 -8.8 0 131.378 -8.4 0 135.111 -8.4 0
4 15 125.689 -8.8 0 121.956 -8.8 0 121.956 -8.4 0 125.689 -8.4 0
4 15 84.089 -8.8 0 80.356 -8.8 0 80.356 -8.4 0 84.089 -8.4 0
4 15 76.8 -8.8 0 72.889 -8.8 0 72.889 -8.4 0 76.8 -8.4 0
4 15 55.467 -8.8 0 51.733 -8.8 0 51.733 -8.4 0 55.467 -8.4 0
4 15 135.111 -8.4 0 131.2 -8.4 0 131.2 -8.2 0 135.111 -8.2 0
4 15 125.867 -8.4 0 121.956 -8.4 0 121.956 -8.2 0 125.867 -8.2 0
4 15 116.622 -8.6 0 109.511 -8.6 0 109.511 -8.2 0 116.622 -8.2 0
4 15 76.622 -8.4 0 72.711 -8.4 0 72.711 -8.2 0 76.622 -8.2 0
4 15 48.178 -8.8 0 36.444 -8.8 0 36.444 -8.2 0 48.178 -8.2 0
4 15 83.911 -8.4 0 80.178 -8.4 0 80.178 -8 0 83.911 -8 0
4 15 76.622 -8.2 0 72.533 -8.2 0 72.533 -8 0 76.622 -8 0
4 15 55.289 -8.4 0 51.556 -8.4 0 51.556 -8 0 55.289 -8 0
4 15 134.933 -8.2 0 131.022 -8.2 0 131.022 -7.8 0 134.933 -7.8 0
4 15 126.044 -8.2 0 122.133 -8.2 0 122.133 -7.8 0 126.044 -7.8 0
4 15 116.444 -8.2 0 109.689 -8.2 0 109.689 -7.8 0 116.444 -7.8 0
4 15 76.622 -8 0 72.356 -8 0 72.356 -7.8 0 76.622 -7.8 0
4 15 65.778 -8 0 65.6 -8 0 65.6 -7.8 0 65.778 -7.8 0
4 15 134.756 -7.8 0 130.844 -7.8 0 130.844 -7.6 0 134.756 -7.6 0
4 15 126.222 -7.8 0 122.311 -7.8 0 122.311 -7.6 0 126.222 -7.6 0
4 15 83.733 -8 0 80 -8 0 80 -7.6 0 83.733 -7.6 0
4 15 76.444 -7.8 0 72.178 -7.8 0 72.178 -7.6 0 76.444 -7.6 0
4 15 65.956 -7.8 0 65.6 -7.8 0 65.6 -7.6 0 65.956 -7.6 0
4 15 55.111 -8 0 51.378 -8 0 51.378 -7.6 0 55.111 -7.6 0
4 15 48.356 -8.2 0 36.267 -8.2 0 36.267 -7.6 0 48.356 -7.6 0
4 15 134.756 -7.6 0 130.667 -7.6 0 130.667 -7.4 0 134.756 -7.4 0
4 15 126.4 -7.6 0 122.311 -7.6 0 122.311 -7.4 0 126.4 -7.4 0
4 15 76.267 -7.6 0 72 -7.6 0 72 -7.4 0 76.267 -7.4 0
4 15 66.311 -7.6 0 65.6 -7.6 0 65.6 -7.4 0 66.311 -7.4 0
4 15 134.578 -7.4 0 130.489 -7.4 0 130.489 -7.2 0 134.578 -7.2 0
4 15 126.578 -7.4 0 122.489 -7.4 0 122.489 -7.2 0 126.578 -7.2 0
4 15 116.267 -7.8 0 109.867 -7.8 0 109.867 -7.2 0 116.267 -7.2 0
4 15 104 -10.8 0 100.444 -10.8 0 100.444 -7.2 0 104 -7.2 0
4 15 83.556 -7.6 0 79.822 -7.6 0 79.822 -7.2 0 83.556 -7.2 0
4 15 76.267 -7.4 0 71.822 -7.4 0 71.822 -7.2 0 76.267 -7.2 0
4 15 66.667 -7.4 0 65.6 -7.4 0 65.6 -7.2 0 66.667 -7.2 0
4 15 54.933 -7.6 0 51.2 -7.6 0 51.2 -7.2 0 54.933 -7.2 0
4 15 48.533 -7.6 0 36.089 -7.6 0 36.089 -7.2 0 48.533 -7.2 0
4 15 134.578 -7.2 0 130.133 -7.2 0 130.133 -7 0 134.578 -7 0
4 15 126.933 -7.2 0 122.489 -7.2 0 122.489 -7 0 126.933 -7 0
4 15 76.089 -7.2 0 71.467 -7.2 0 71.467 -7 0 76.089 -7 0
4 15 67.022 -7.2 0 65.6 -7.2 0 65.6 -7 0 67.022 -7 0
4 15 134.4 -7 0 129.956 -7 0 129.956 -6.8 0 134.4 -6.8 0
4 15 127.111 -7 0 122.667 -7 0 122.667 -6.8 0 127.111 -6.8 0
4 15 83.378 -7.2 0 79.644 -7.2 0 79.644 -6.8 0 83.378 -6.8 0
4 15 75.911 -7 0 71.111 -7 0 71.111 -6.8 0 75.911 -6.8 0
4 15 67.556 -7 0 65.6 -7 0 65.6 -6.8 0 67.556 -6.8 0
4 15 54.756 -7.2 0 51.022 -7.2 0 51.022 -6.8 0 54.756 -6.8 0
4 15 48.711 -7.2 0 45.156 -7.2 0 45.156 -6.8 0 48.711 -6.8 0
4 15 39.467 -7.2 0 35.911 -7.2 0 35.911 -6.8 0 39.467 -6.8 0
4 15 134.222 -6.8 0 129.422 -6.8 0 129.422 -6.6 0 134.222 -6.6 0
4 15 127.644 -6.8 0 122.844 -6.8 0 122.844 -6.6 0 127.644 -6.6 0
4 15 116.089 -7.2 0 110.044 -7.2 0 110.044 -6.6 0 116.089 -6.6 0
4 15 75.911 -6.8 0 70.578 -6.8 0 70.578 -6.6 0 75.911 -6.6 0
4 15 68.444 -6.8 0 65.6 -6.8 0 65.6 -6.6 0 68.444 -6.6 0
4 15 48.711 -6.8 0 45.333 -6.8 0 45.333 -6.6 0 48.711 -6.6 0
4 15 39.289 -6.8 0 35.911 -6.8 0 35.911 -6.6 0 39.289 -6.6 0
4 15 134.222 -6.6 0 122.844 -6.6 0 122.844 -6.4 0 134.222 -6.4 0
4 15 83.2 -6.8 0 79.467 -6.8 0 79.467 -6.4 0 83.2 -6.4 0
4 15 75.733 -6.6 0 65.6 -6.6 0 65.6 -6.4 0 75.733 -6.4 0
4 15 54.578 -6.8 0 50.844 -6.8 0 50.844 -6.4 0 54.578 -6.4 0
4 15 134.044 -6.4 0 123.022 -6.4 0 123.022 -6.2 0 134.044 -6.2 0
4 15 75.556 -6.4 0 65.6 -6.4 0 65.6 -6.2 0 75.556 -6.2 0
4 15 48.889 -6.6 0 45.333 -6.6 0 45.333 -6.2 0 48.889 -6.2 0
4 15 39.289 -6.6 0 35.733 -6.6 0 35.733 -6.2 0 39.289 -6.2 0
4 15 133.867 -6.2 0 123.2 -6.2 0 123.2 -6 0 133.867 -6 0
4 15 115.911 -6.6 0 110.222 -6.6 0 110.222 -6 0 115.911 -6 0
4 15 83.022 -6.4 0 79.289 -6.4 0 79.289 -6 0 83.022 -6 0
4 15 75.378 -6.2 0 65.6 -6.2 0 65.6 -6 0 75.378 -6 0
4 15 54.4 -6.4 0 50.667 -6.4 0 50.667 -6 0 54.4 -6 0
4 15 48.889 -6.2 0 45.511 -6.2 0 45.511 -6 0 48.889 -6 0
4 15 39.111 -6.2 0 35.733 -6.2 0 35.733 -6 0 39.111 -6 0
4 15 133.689 -6 0 123.378 -6 0 123.378 -5.8 0 133.689 -5.8 0
4 15 75.2 -6 0 65.6 -6 0 65.6 -5.8 0 75.2 -5.8 0
4 15 133.511 -5.8 0 123.556 -5.8 0 123.556 -5.6 0 133.511 -5.6 0
4 15 115.733 -6 0 110.4 -6 0 110.4 -5.6 0 115.733 -5.6 0
4 15 82.844 -6 0 79.111 -6 0 79.111 -5.6 0 82.844 -5.6 0
4 15 75.022 -5.8 0 65.6 -5.8 0 65.6 -5.6 0 75.022 -5.6 0
4 15 54.222 -6 0 50.489 -6 0 50.489 -5.6 0 54.222 -5.6 0
4 15 49.067 -6 0 45.511 -6 0 45.511 -5.6 0 49.067 -5.6 0
4 15 39.111 -6 0 35.556 -6 0 35.556 -5.6 0 39.111 -5.6 0
4 15 133.333 -5.6 0 123.733 -5.6 0 123.733 -5.4 0 133.333 -5.4 0
4 15 82.844 -5.6 0 78.933 -5.6 0 78.933 -5.4 0 82.844 -5.4 0
4 15 74.844 -5.6 0 65.6 -5.6 0 65.6 -5.4 0 74.844 -5.4 0
4 15 54.222 -5.6 0 50.311 -5.6 0 50.311 -5.4 0 54.222 -5.4 0
4 15 132.978 -5.4 0 124.089 -5.4 0 124.089 -5.2 0 132.978 -5.2 0
4 15 82.667 -5.4 0 78.933 -5.4 0 78.933 -5.2 0 82.667 -5.2 0
4 15 74.489 -5.4 0 65.6 -5.4 0 65.6 -5.2 0 74.489 -5.2 0
4 15 54.044 -5.4 0 50.311 -5.4 0 50.311 -5.2 0 54.044 -5.2 0
4 15 132.8 -5.2 0 124.267 -5.2 0 124.267 -5 0 132.8 -5 0
4 15 115.556 -5.6 0 110.578 -5.6 0 110.578 -5 0 115.556 -5 0
4 15 82.667 -5.2 0 78.756 -5.2 0 78.756 -5 0 82.667 -5 0
4 15 74.311 -5.2 0 65.6 -5.2 0 65.6 -5 0 74.311 -5 0
4 15 54.044 -5.2 0 50.133 -5.2 0 50.133 -5 0 54.044 -5 0
4 15 49.244 -5.6 0 45.689 -5.6 0 45.689 -5 0 49.244 -5 0
4 15 38.933 -5.6 0 35.378 -5.6 0 35.378 -5 0 38.933 -5 0
4 15 132.444 -5 0 124.622 -5 0 124.622 -4.8 0 132.444 -4.8 0
4 15 82.489 -5 0 78.756 -5 0 78.756 -4.8 0 82.489 -4.8 0
4 15 73.956 -5 0 65.6 -5 0 65.6 -4.8 0 73.956 -4.8 0
4 15 53.867 -5 0 50.133 -5 0 50.133 -4.8 0 53.867 -4.8 0
4 15 132.267 -4.8 0 124.8 -4.8 0 124.8 -4.6 0 132.267 -4.6 0
4 15 82.489 -4.8 0 78.578 -4.8 0 78.578 -4.6 0 82.489 -4.6 0
4 15 73.6 -4.8 0 65.956 -4.8 0 65.956 -4.6 0 73.6 -4.6 0
4 15 53.867 -4.8 0 49.956 -4.8 0 49.956 -4.6 0 53.867 -4.6 0
4 15 131.733 -4.6 0 125.333 -4.6 0 125.333 -4.4 0 131.733 -4.4 0
4 15 115.378 -5 0 110.756 -5 0 110.756 -4.4 0 115.378 -4.4 0
4 15 82.311 -4.6 0 78.578 -4.6 0 78.578 -4.4 0 82.311 -4.4 0
4 15 73.244 -4.6 0 66.489 -4.6 0 66.489 -4.4 0 73.244 -4.4 0
4 15 53.689 -4.6 0 49.956 -4.6 0 49.956 -4.4 0 53.689 -4.4 0
4 15 49.422 -5 0 45.867 -5 0 45.867 -4.4 0 49.422 -4.4 0
4 15 38.756 -5 0 35.2 -5 0 35.2 -4.4 0 38.756 -4.4 0
4 15 150.756 -10.8 0 147.2 -10.8 0 147.2 -4.2 0 150.756 -4.2 0
4 15 141.867 -10.8 0 138.311 -10.8 0 138.311 -4.2 0 141.867 -4.2 0
4 15 131.378 -4.4 0 125.689 -4.4 0 125.689 -4.2 0 131.378 -4.2 0
4 15 115.2 -4.4 0 110.933 -4.4 0 110.933 -4.2 0 115.2 -4.2 0
4 15 104 -7.2 0 94.222 -7.2 0 94.222 -4.2 0 104 -4.2 0
4 15 91.022 -10.2 0 87.467 -10.2 0 87.467 -4.2 0 91.022 -4.2 0
4 15 82.311 -4.4 0 78.4 -4.4 0 78.4 -4.2 0 82.311 -4.2 0
4 15 72.711 -4.4 0 67.022 -4.4 0 67.022 -4.2 0 72.711 -4.2 0
4 15 62.4 -10.2 0 58.844 -10.2 0 58.844 -4.2 0 62.4 -4.2 0
4 15 53.689 -4.4 0 49.778 -4.4 0 49.778 -4.2 0 53.689 -4.2 0
4 15 49.6 -4.4 0 46.044 -4.4 0 46.044 -4.2 0 49.6 -4.2 0
4 15 38.578 -4.4 0 35.022 -4.4 0 35.022 -4.2 0 38.578 -4.2 0
4 15 33.244 -10.8 0 29.689 -10.8 0 29.689 -4.2 0 33.244 -4.2 0
4 15 17.422 -16.8 0 13.867 -16.8 0 13.867 -4.2 0 17.422 -4.2 0
4 15 130.667 -4.2 0 126.222 -4.2 0 126.222 -4 0 130.667 -4 0
4 15 72.178 -4.2 0 67.556 -4.2 0 67.556 -4 0 72.178 -4 0
4 15 129.778 -4 0 127.289 -4 0 127.289 -3.8 0 129.778 -3.8 0
4 15 71.111 -4 0 68.622 -4 0 68.622 -3.8 0 71.111 -3.8 0
