0 Lancha   |M:M|V:V
0 Name: lancha.dat
0 Author: betatron & jasolo
0 BFC CERTIFY CCW
4 16 0 -2.5 7.5 -1.941 -2.5 7.244 -2.588 -2.5 9.659 0 -2.5 10
3 16 -1.528 -5 -25.851 -3.895 -5 -22.652 -3.645 -13.198 -29.362
4 16 0 -25 20 0 -7.5 20 -8.75 -12.398 20 -6.25 -25 20
3 16 -15 -15 0 -15 -5 0 -14.884 -5 -2.218
3 16 -6.185 -14.717 -7.751 -5.15 -17.59 -8.546 -4.911 -17.59 -10.482
4 16 -5 -5 -8.66 -2.588 -5 -9.659 -2.588 -17.564 -9.659 -5 -17.589 -8.66
4 16 -7.244 -2.5 -1.941 -7.5 -2.5 0 -7.5 -12.82 0 -7.244 -13.011 -1.941
3 16 -7.489 -5 -16.587 -9.22 -5 -18.39 -9.531 -5 -12.309
3 16 -14.563 -5 9.531 -11.177 -5 17.5 -12.499 -5 0
4 16 0 -22.5 17.5 0 -22.5 10 -2.588 -22.5 9.659 -4.268 -22.5 17.5
4 16 -7.558 -15.245 -22.46 -11.041 -14.415 -10.022 -11.041 -15.663 -9.939 -7.558 -16.492 -22.377
3 16 -5.303 -5 -5.303 -6.495 -5 -3.75 -6.495 -13.322 -3.75
4 16 -7.244 -2.5 1.941 -7.5 -2.5 0 -10 -2.5 0 -9.659 -2.5 2.588
4 16 -7.5 -7.5 37.417 -7.5 -12.5 37.5 -10.452 -12.414 20 -10.452 -7.5 20
4 16 -15 -5 0 -15 -15 0 -14.563 -14.375 10 -14.563 -5 9.531
3 16 -2.445 -16.077 -34.952 -1.535 -16.172 -36.369 0 -16.253 -37.582
3 16 -5.786 -19.552 8.057 -5 -5 8.66 -7.071 -13.112 7.071
4 16 -13.304 -5 -9.252 -14.012 -15.534 -8.547 -14.547 -15.342 -5.473 -14.547 -5 -4.533
3 16 -0.319 -16.248 -37.513 -0.146 -16.252 -37.567 0 -16.253 -37.582
3 16 -5.303 -17.59 -5.303 -5.595 -17.591 -4.923 0 -17.553 1.165
4 16 -8.66 -5 -5 -8.66 -11.62 -5 -9.659 -11.455 -2.588 -9.659 -5 -2.588
3 16 -7.558 -15.245 -22.46 -3.421 -15.953 -33.085 0 -15.083 -20
3 16 -1.112 -16.206 -36.888 -0.713 -16.232 -37.269 0 -16.253 -37.582
4 16 -11.464 -16.15 -18.403 -14.012 -15.534 -8.547 -13.304 -5 -9.252 -9.22 -5 -18.39
4 16 -11.177 -10.02 17.5 -12.474 -11.275 -0.159 -12.499 -5 0 -11.177 -5 17.5
3 16 -9.22 -5 -18.39 -13.304 -5 -9.252 -9.531 -5 -12.309
3 16 0 -17.5 -40 -0.081 -17.5 -39.997 -0.302 -17.498 -39.963
3 16 -7.071 -13.112 7.071 -7.485 -10.813 6.531 -6.818 -10.02 17.5
4 16 -5.786 -19.552 8.057 -7.071 -13.112 7.071 -6.818 -10.02 17.5 -4.268 -22.5 17.5
4 16 -6.757 -16.925 -30.792 -3.67 -5 -27.1 -2.23 -5 -28.722 -4.272 -17.224 -35.59
3 16 -3.645 -13.198 -29.362 -8.66 -12.492 -17.543 -5.837 -12.367 -16.802
4 0 -8.507 -20 2.5 0 -20 0 0 -25 5.448 -7.126 -25 7.5
4 16 -11.419 -11.817 -8.125 -8.66 -12.492 -17.543 -9.531 -5 -12.309 -11.145 -5 -8.006
3 16 -12.474 -11.275 -0.159 -11.177 -10.02 17.5 -8.66 -10.926 5
3 16 -3.75 -21.325 6.495 -1.941 -22.516 7.244 0 -22.5 6.602
3 16 -5.303 -5 5.303 -5.303 -19.772 5.303 -6.495 -17.988 3.75
3 16 -5.303 -19.772 5.303 -3.75 -21.325 6.495 0 -17.553 1.165
4 16 0 -5 -30 0 -17.5 -40 -0.302 -17.498 -39.963 -0.3 -5 -29.97
4 16 0 -20 0 -8.507 -20 2.5 -6.343 -20 -11.248 0 -20 -13.75
3 16 0 -12.516 -19.061 0 -13.508 -33.972 -1.528 -13.406 -32.397
3 16 -7.027 -11.744 -7.105 -6.185 -14.717 -7.751 -5.837 -12.367 -16.802
3 16 -1.941 -17.56 -7.244 -3.75 -17.581 -6.495 0 -17.553 1.165
4 16 -2.588 -2.5 -9.659 -2.588 -5 -9.659 -2.592 -5 -6.975 -2.592 -2.5 -6.975
3 16 -8.507 -20 2.5 -7.5 -14.907 -17.5 -6.343 -20 -11.248
4 16 0 -5 17.5 -11.177 -5 17.5 -10 -5 40 0 -5 40
3 16 -2.23 -5 -28.722 -2.23 -17.41 -38.52 -3.081 -17.339 -37.43
3 16 -1.941 -2.5 -7.244 -2.592 -2.5 -6.975 -2.592 -5 -6.975
3 16 0 -17.537 -7.5 -1.941 -17.56 -7.244 0 -17.553 1.165
3 16 -10 -11.277 0 -9.659 -5 2.588 -10 -2.5 0
3 16 -11.177 -10.02 17.5 -6.818 -10.02 17.5 -7.485 -10.813 6.531
3 16 -7.5 -14.907 -17.5 -8.507 -20 2.5 -10 -13.766 0
3 16 -0.561 -17.492 -39.879 -0.302 -17.498 -39.963 0 -17.5 -37.498
3 16 -4.911 -17.59 -10.482 -5 -17.589 -8.66 -2.588 -17.564 -9.659
3 16 -7.071 -11.742 -7.071 -7.027 -11.744 -7.105 -11.419 -11.817 -8.125
4 16 -1.112 -17.454 -36.805 -1.535 -17.419 -36.286 -3.081 -17.339 -37.43 -2.23 -17.41 -38.52
4 16 -0.542 -5 -26.918 0 -5 -27.381 -1.297 -5 -29.504 -2.23 -5 -28.722
3 16 -1.045 -17.476 -39.615 -0.799 -17.485 -39.766 -0.146 -17.499 -37.484
4 16 -14.563 -14.375 10 -12.063 -14.462 8.076 -7.5 -12.5 37.5 -10 -12.5 40
3 16 -0.8 -5 -29.8 -1.297 -5 -29.504 0 -5 -27.381
3 16 -12.499 -5 0 -12.474 -11.275 -0.159 -12.395 -5 -1.968
4 16 -1.528 -5 -25.851 -0.542 -5 -26.918 -2.23 -5 -28.722 -3.67 -5 -27.1
3 16 -5.837 -12.367 -16.802 -6.185 -14.717 -7.751 -4.911 -17.59 -10.482
3 16 -6.818 -10.02 17.5 -11.177 -10.02 17.5 -11.177 -5 17.5
3 16 -5 -5 -8.66 -5 -17.589 -8.66 -6.185 -14.717 -7.751
3 16 -12.474 -11.275 -0.159 -9.659 -11.102 2.588 -10 -11.277 0
3 16 -8.507 -20 2.5 -7.126 -25 7.5 -8.75 -12.398 20
3 16 -9.659 -5 2.588 -9.659 -2.5 2.588 -10 -2.5 0
3 16 -7.5 -14.907 -17.5 -10 -13.766 0 -11.041 -14.415 -10.022
4 16 -5.51 -5 -24.56 -3.895 -5 -22.652 -1.528 -5 -25.851 -3.67 -5 -27.1
3 16 -9.659 -11.455 -2.588 -10 -11.277 0 -9.659 -5 -2.588
3 16 -6.495 -17.988 3.75 -7.244 -14.364 1.941 -6.495 -5 3.75
3 16 -2.588 -22.5 9.659 -5 -22.5 8.66 -4.268 -22.5 17.5
4 16 -7.126 -25 7.5 0 -25 5.448 0 -25 20 -6.25 -25 20
3 16 -7.485 -10.813 6.531 -7.071 -13.112 7.071 -7.071 -5 7.071
3 16 -2.588 -2.5 -9.659 -2.592 -2.5 -6.975 -1.941 -2.5 -7.244
3 16 -10 -11.277 0 -10 -2.5 0 -9.659 -5 -2.588
3 16 -11.041 -14.415 -10.022 -7.558 -15.245 -22.46 -7.5 -14.907 -17.5
3 16 -6.975 -5 -2.592 -6.975 -2.5 -2.592 -7.244 -2.5 -1.941
4 16 -0.713 -16.232 -37.269 -1.112 -16.206 -36.888 -1.112 -17.454 -36.805 -0.713 -17.479 -37.186
4 16 -5 -5 8.66 -3.75 -5 6.495 -5.303 -5 5.303 -7.071 -5 7.071
3 16 -7.5 -14.907 -17.5 -7.558 -15.245 -22.46 0 -15.083 -20
4 16 -11.041 -14.415 -10.022 -12.4 -13.887 -2.098 -12.4 -15.134 -2.015 -11.041 -15.663 -9.939
3 16 -8.66 -12.492 -17.543 -7.489 -5 -16.587 -9.531 -5 -12.309
3 16 -6.818 -10.02 17.5 -11.177 -5 17.5 0 -5 17.5
3 16 -12.5 -13.753 -0.083 -12.4 -13.887 -2.098 -10 -13.766 0
4 16 -0.542 -13.477 -33.498 0 -5 -27.381 -0.542 -5 -26.918 -1.528 -13.406 -32.397
3 16 -7.485 -10.813 6.531 -8.66 -10.926 5 -11.177 -10.02 17.5
4 16 -6.975 -5 -2.592 -6.495 -5 -3.75 -8.66 -5 -5 -9.659 -5 -2.588
3 16 -6.757 -16.925 -30.792 -4.272 -17.224 -35.59 -3.421 -17.2 -33.002
4 16 -1.528 -5 -25.851 -3.645 -13.198 -29.362 -2.084 -13.35 -31.68 -0.542 -5 -26.918
3 16 -6.975 -5 2.592 -6.495 -5 3.75 -7.244 -14.364 1.941
3 16 -0.081 -17.5 -39.997 0 -17.5 -40 0 -17.5 -37.498
3 16 -1.528 -13.406 -32.397 -2.084 -13.35 -31.68 0 -12.516 -19.061
3 16 -15 -15 0 -14.547 -15.342 -5.473 -12.4 -15.134 -2.015
4 16 -11.979 -11.625 -5.213 -12.079 -5 -4.128 -12.395 -5 -1.968 -12.474 -11.275 -0.159
3 16 -2.084 -13.35 -31.68 -3.645 -13.198 -29.362 0 -12.516 -19.061
3 16 0 -5 -7.5 0 -2.5 -7.5 -1.941 -2.5 -7.244
4 16 -7.071 -5 -7.071 -5.303 -5 -5.303 -3.75 -5 -6.495 -5 -5 -8.66
4 16 -5.51 -5 -24.56 -6.757 -16.925 -30.792 -11.464 -16.15 -18.403 -9.22 -5 -18.39
4 16 -0.3 -5 -29.97 -0.302 -17.498 -39.963 -0.799 -17.485 -39.766 -0.8 -5 -29.8
4 16 -6.611 -17.594 3.332 -5.595 -17.591 -4.923 -7.136 -13.322 -2.204 -7.428 -13.322 0.55
3 16 0 -17.537 -7.5 0 -5 -7.5 -1.941 -17.56 -7.244
4 16 -3.75 -21.325 6.495 -3.75 -5 6.495 -2.592 -5 6.975 -1.941 -22.516 7.244
4 16 -1.688 -17.443 -39.088 -0.524 -17.488 -37.322 -0.713 -17.479 -37.186 -2.23 -17.41 -38.52
4 16 -2.592 -5 -6.975 -3.75 -5 -6.495 -3.75 -17.581 -6.495 -1.941 -17.56 -7.244
3 16 -12.474 -11.275 -0.159 -10 -11.277 0 -9.659 -11.455 -2.588
4 16 -12.063 -14.462 8.076 -12.5 -15 0 -12.5 -13.753 -0.083 -12.063 -13.214 7.993
3 16 -9.531 -5 -12.309 -13.304 -5 -9.252 -11.145 -5 -8.006
4 16 -14.563 -5 9.531 -14.563 -14.375 10 -10 -12.5 40 -10 -5 40
4 16 -3.081 -17.339 -37.43 -1.535 -17.419 -36.286 -2.445 -17.325 -34.869 -4.272 -17.224 -35.59
3 16 -7.5 -12.5 37.5 -12.063 -14.462 8.076 -10.452 -12.414 20
4 16 -2.23 -17.41 -38.52 -2.23 -5 -28.722 -1.297 -5 -29.504 -1.688 -17.443 -39.088
3 16 -7.136 -13.322 -2.204 -6.944 -13.322 -4.009 -6.495 -13.322 -3.75
3 16 -5.595 -17.591 -4.923 -6.495 -13.322 -3.75 -6.944 -13.322 -4.009
4 16 -12.395 -5 -1.968 -12.079 -5 -4.128 -14.547 -5 -4.533 -14.884 -5 -2.218
3 16 -7.244 -2.5 1.941 -6.975 -2.5 2.592 -6.975 -5 2.592
3 16 -12.5 -15 0 -15 -15 0 -12.4 -15.134 -2.015
3 16 0 -7.5 20 -10.452 -7.5 20 -8.75 -12.398 20
3 16 -10 -13.766 0 -8.507 -20 2.5 -8.75 -12.398 20
4 16 -2.588 -5 -9.659 -5 -5 -8.66 -3.75 -5 -6.495 -2.592 -5 -6.975
3 16 -7.126 -25 7.5 -6.25 -25 20 -8.75 -12.398 20
3 16 -5.303 -5 5.303 -6.495 -17.988 3.75 -6.495 -5 3.75
3 16 -12.063 -14.462 8.076 -12.063 -13.214 7.993 -10.452 -12.414 20
4 16 -14.547 -15.342 -5.473 -15 -15 0 -14.884 -5 -2.218 -14.547 -5 -4.533
3 16 0 -12.5 37.5 0 -12.5 40 -7.5 -12.5 37.5
3 16 -11.464 -16.15 -18.403 -6.757 -16.925 -30.792 -7.558 -16.492 -22.377
4 16 -2.588 -5 -9.659 0 -5 -10 0 -17.5 -10 -2.588 -17.564 -9.659
3 16 -5.303 -17.59 -5.303 -5.303 -5 -5.303 -6.495 -13.322 -3.75
3 16 -7.244 -2.5 -1.941 -7.244 -13.011 -1.941 -6.975 -5 -2.592
3 16 -1.297 -5 -29.504 -1.297 -17.464 -39.43 -1.688 -17.443 -39.088
3 16 0 -22.5 6.602 0 -17.553 1.165 -3.75 -21.325 6.495
4 16 -7.5 -7.5 37.417 -10.452 -7.5 20 0 -7.5 20 0 -7.5 37.417
3 16 -0.302 -17.498 -39.963 -0.561 -17.492 -39.879 -0.799 -17.485 -39.766
3 16 -14.012 -15.534 -8.547 -11.464 -16.15 -18.403 -11.041 -15.663 -9.939
3 16 -2.445 -17.325 -34.869 -3.421 -17.2 -33.002 -4.272 -17.224 -35.59
3 16 -2.592 -5 6.975 -2.592 -2.5 6.975 -1.941 -2.5 7.244
3 16 -14.563 -5 9.531 -10 -5 40 -11.177 -5 17.5
3 16 0 -12.5 40 -10 -12.5 40 -7.5 -12.5 37.5
4 16 -11.419 -11.817 -8.125 -7.027 -11.744 -7.105 -5.837 -12.367 -16.802 -8.66 -12.492 -17.543
4 16 -3.895 -5 -22.652 -7.489 -5 -16.587 -8.66 -12.492 -17.543 -3.645 -13.198 -29.362
3 16 -7.136 -13.322 -2.204 -7.244 -13.011 -1.941 -7.5 -12.82 0
4 16 -7.071 -5 -7.071 -7.071 -11.742 -7.071 -8.66 -11.62 -5 -8.66 -5 -5
3 16 -12.4 -13.887 -2.098 -11.041 -14.415 -10.022 -10 -13.766 0
3 16 -4.272 -17.224 -35.59 -2.23 -5 -28.722 -3.081 -17.339 -37.43
3 16 -0.3 -5 -29.97 -0.8 -5 -29.8 0 -5 -27.381
4 16 -2.592 -5 6.975 -3.75 -5 6.495 -5 -5 8.66 -2.588 -5 9.659
4 16 -14.563 -14.375 10 -15 -15 0 -12.5 -15 0 -12.063 -14.462 8.076
4 16 -6.975 -2.5 -2.592 -6.975 -5 -2.592 -9.659 -5 -2.588 -9.659 -2.5 -2.588
4 16 -2.588 -5 -9.659 -2.588 -2.5 -9.659 0 -2.5 -10 0 -5 -10
3 16 0 -17.5 -10 0 -17.527 -12.683 -2.588 -17.564 -9.659
3 16 -4.911 -17.59 -10.482 -5.15 -17.59 -8.546 -5 -17.589 -8.66
4 0 0 -20 -13.75 -6.343 -20 -11.248 -7.5 -14.907 -17.5 0 -15.083 -20
4 16 -6.495 -13.322 -3.75 -6.495 -5 -3.75 -6.975 -5 -2.592 -7.244 -13.011 -1.941
3 16 -5 -22.5 8.66 -5 -5 8.66 -5.786 -19.552 8.057
3 16 -2.084 -13.35 -31.68 -1.528 -13.406 -32.397 -0.542 -5 -26.918
3 16 -6.185 -14.717 -7.751 -7.027 -11.744 -7.105 -5 -5 -8.66
3 16 -0.524 -16.241 -37.405 -0.319 -16.248 -37.513 0 -16.253 -37.582
4 16 -3.75 -5 6.495 -3.75 -21.325 6.495 -5.303 -19.772 5.303 -5.303 -5 5.303
3 16 -1.941 -17.56 -7.244 0 -5 -7.5 -1.941 -2.5 -7.244
3 16 0 -17.553 1.165 -6.611 -17.594 3.332 -6.495 -17.988 3.75
4 16 0 -2.5 -10 -2.588 -2.5 -9.659 -1.941 -2.5 -7.244 0 -2.5 -7.5
3 16 -5.837 -12.367 -16.802 0 -12.516 -19.061 -3.645 -13.198 -29.362
4 16 -2.445 -17.325 -34.869 -1.535 -17.419 -36.286 -1.535 -16.172 -36.369 -2.445 -16.077 -34.952
3 16 -12.474 -11.275 -0.159 -8.66 -10.926 5 -9.659 -11.102 2.588
4 16 0 -2.5 10 -2.588 -2.5 9.659 -2.588 -5 9.659 0 -5 10
3 16 -11.979 -11.625 -5.213 -9.659 -11.455 -2.588 -8.66 -11.62 -5
3 16 -10.452 -7.5 20 -10.452 -12.414 20 -8.75 -12.398 20
3 16 -0.713 -16.232 -37.269 -0.524 -16.241 -37.405 0 -16.253 -37.582
4 16 -14.547 -5 -4.533 -12.079 -5 -4.128 -11.145 -5 -8.006 -13.304 -5 -9.252
3 16 -0.302 -17.498 -39.963 -0.081 -17.5 -39.997 0 -17.5 -37.498
3 16 -7.558 -16.492 -22.377 -11.041 -15.663 -9.939 -11.464 -16.15 -18.403
3 16 0 -17.527 -12.683 -4.911 -17.59 -10.482 -2.588 -17.564 -9.659
4 16 -2.588 -5 9.659 -2.588 -22.5 9.659 0 -22.5 10 0 -5 10
3 16 -1.045 -17.476 -39.615 -1.297 -17.464 -39.43 -0.799 -17.485 -39.766
4 16 -8.66 -11.62 -5 -7.071 -11.742 -7.071 -11.419 -11.817 -8.125 -11.979 -11.625 -5.213
3 16 -6.495 -17.988 3.75 -6.611 -17.594 3.332 -7.244 -14.364 1.941
3 16 -0.542 -13.477 -33.498 0 -13.508 -33.972 0 -5 -27.381
4 16 -7.071 -5 -7.071 -5 -5 -8.66 -7.027 -11.744 -7.105 -7.071 -11.742 -7.071
3 16 -1.941 -2.5 7.244 -1.941 -22.516 7.244 -2.592 -5 6.975
3 16 -8.75 -12.398 20 -10.452 -12.414 20 -12.063 -13.214 7.993
3 16 -1.535 -16.172 -36.369 -1.112 -16.206 -36.888 0 -16.253 -37.582
3 16 0 -16.253 -37.582 0 -15.083 -20 -3.421 -15.953 -33.085
4 16 -1.112 -17.454 -36.805 -1.112 -16.206 -36.888 -1.535 -16.172 -36.369 -1.535 -17.419 -36.286
3 16 -5 -5 8.66 -7.071 -5 7.071 -7.071 -13.112 7.071
3 16 -9.659 -11.102 2.588 -9.659 -5 2.588 -10 -11.277 0
3 16 -15 -5 0 -14.563 -5 9.531 -12.499 -5 0
4 16 -8.66 -5 5 -8.66 -10.926 5 -7.485 -10.813 6.531 -7.071 -5 7.071
3 16 -5 -22.5 8.66 -5.149 -22.5 8.565 -4.268 -22.5 17.5
3 16 -5.595 -17.591 -4.923 -5.303 -17.59 -5.303 -6.495 -13.322 -3.75
3 16 -11.979 -11.625 -5.213 -12.474 -11.275 -0.159 -9.659 -11.455 -2.588
4 16 -0.319 -17.495 -37.429 -0.319 -16.248 -37.513 -0.524 -16.241 -37.405 -0.524 -17.488 -37.322
3 16 -7.5 -12.82 0 -7.428 -13.322 0.55 -7.136 -13.322 -2.204
4 16 -2.592 -2.5 6.975 -2.592 -5 6.975 -2.588 -5 9.659 -2.588 -2.5 9.659
3 16 -7.244 -13.011 -1.941 -7.136 -13.322 -2.204 -6.495 -13.322 -3.75
4 16 -0.524 -17.488 -37.322 -1.688 -17.443 -39.088 -1.297 -17.464 -39.43 -0.319 -17.495 -37.429
3 16 -3.421 -15.953 -33.085 -2.445 -16.077 -34.952 0 -16.253 -37.582
3 16 -10 -2.5 0 -9.659 -2.5 -2.588 -9.659 -5 -2.588
4 16 -7.071 -5 7.071 -5.303 -5 5.303 -6.495 -5 3.75 -8.66 -5 5
3 16 -2.23 -17.41 -38.52 -0.713 -17.479 -37.186 -1.112 -17.454 -36.805
4 16 -12.5 -13.753 -0.083 -12.5 -15 0 -12.4 -15.134 -2.015 -12.4 -13.887 -2.098
4 16 -0.146 -17.499 -37.484 -0.319 -17.495 -37.429 -1.297 -17.464 -39.43 -1.045 -17.476 -39.615
3 16 -5.595 -17.591 -4.923 -6.944 -13.322 -4.009 -7.136 -13.322 -2.204
3 16 -5.303 -19.772 5.303 0 -17.553 1.165 -6.495 -17.988 3.75
3 16 -10 -13.766 0 -12.063 -13.214 7.993 -12.5 -13.753 -0.083
3 16 0 -13.508 -33.972 -0.542 -13.477 -33.498 -1.528 -13.406 -32.397
3 16 -14.547 -15.342 -5.473 -11.041 -15.663 -9.939 -12.4 -15.134 -2.015
4 16 -8.66 -5 -5 -6.495 -5 -3.75 -5.303 -5 -5.303 -7.071 -5 -7.071
3 16 -7.244 -2.5 1.941 -7.244 -14.364 1.941 -7.428 -13.322 0.55
3 16 -6.611 -17.594 3.332 -7.428 -13.322 0.55 -7.244 -14.364 1.941
3 16 -10 -13.766 0 -8.75 -12.398 20 -12.063 -13.214 7.993
4 16 -9.659 -5 2.588 -9.659 -11.102 2.588 -8.66 -10.926 5 -8.66 -5 5
4 16 -3.421 -15.953 -33.085 -7.558 -15.245 -22.46 -7.558 -16.492 -22.377 -3.421 -17.2 -33.002
4 16 -0.524 -17.488 -37.322 -0.524 -16.241 -37.405 -0.713 -16.232 -37.269 -0.713 -17.479 -37.186
4 16 -5.303 -5 -5.303 -5.303 -17.59 -5.303 -3.75 -17.581 -6.495 -3.75 -5 -6.495
4 16 -9.22 -5 -18.39 -7.489 -5 -16.587 -3.895 -5 -22.652 -5.51 -5 -24.56
4 16 0 -17.5 -37.498 -0.146 -17.499 -37.484 -0.799 -17.485 -39.766 -0.561 -17.492 -39.879
3 16 -3.75 -17.581 -6.495 -5.303 -17.59 -5.303 0 -17.553 1.165
3 16 -9.659 -2.5 2.588 -6.975 -2.5 2.592 -7.244 -2.5 1.941
4 16 0 -12.5 40 0 -5 40 -10 -5 40 -10 -12.5 40
3 16 -1.941 -22.516 7.244 0 -22.5 7.5 0 -22.5 6.602
3 16 -14.547 -15.342 -5.473 -14.012 -15.534 -8.547 -11.041 -15.663 -9.939
3 16 -1.941 -2.5 7.244 -2.592 -2.5 6.975 -2.588 -2.5 9.659
4 16 -7.5 -2.5 0 -7.244 -2.5 -1.941 -9.659 -2.5 -2.588 -10 -2.5 0
4 16 -8.66 -5 5 -6.495 -5 3.75 -6.975 -5 2.592 -9.659 -5 2.588
4 16 -12.499 -5 0 -12.395 -5 -1.968 -14.884 -5 -2.218 -15 -5 0
4 16 -7.5 -7.5 37.417 0 -7.5 37.417 0 -12.5 37.5 -7.5 -12.5 37.5
4 16 0 -16.253 -37.582 -0.146 -16.252 -37.567 -0.146 -17.499 -37.484 0 -17.5 -37.498
4 16 -2.445 -16.077 -34.952 -3.421 -15.953 -33.085 -3.421 -17.2 -33.002 -2.445 -17.325 -34.869
3 16 -5.595 -17.591 -4.923 -6.611 -17.594 3.332 0 -17.553 1.165
3 16 -6.975 -2.5 -2.592 -9.659 -2.5 -2.588 -7.244 -2.5 -1.941
3 16 -1.941 -17.56 -7.244 -1.941 -2.5 -7.244 -2.592 -5 -6.975
3 16 -6.757 -16.925 -30.792 -5.51 -5 -24.56 -3.67 -5 -27.1
4 16 0 -22.5 17.5 -4.268 -22.5 17.5 -6.818 -10.02 17.5 0 -5 17.5
3 16 0 -5 -27.381 0 -5 -30 -0.3 -5 -29.97
3 16 -7.558 -16.492 -22.377 -6.757 -16.925 -30.792 -3.421 -17.2 -33.002
3 16 -7.244 -14.364 1.941 -7.244 -2.5 1.941 -6.975 -5 2.592
3 16 -5 -17.589 -8.66 -5.15 -17.59 -8.546 -6.185 -14.717 -7.751
4 16 0 -17.527 -12.683 0 -12.516 -19.061 -5.837 -12.367 -16.802 -4.911 -17.59 -10.482
4 16 -0.146 -16.252 -37.567 -0.319 -16.248 -37.513 -0.319 -17.495 -37.429 -0.146 -17.499 -37.484
4 16 -0.8 -5 -29.8 -0.799 -17.485 -39.766 -1.297 -17.464 -39.43 -1.297 -5 -29.504
3 16 -7.5 -12.82 0 -7.5 -2.5 0 -7.244 -2.5 1.941
3 16 -4.268 -22.5 17.5 -5.149 -22.5 8.565 -5.786 -19.552 8.057
3 16 -7.428 -13.322 0.55 -7.5 -12.82 0 -7.244 -2.5 1.941
4 16 -11.979 -11.625 -5.213 -11.419 -11.817 -8.125 -11.145 -5 -8.006 -12.079 -5 -4.128
3 16 -5.786 -19.552 8.057 -5.149 -22.5 8.565 -5 -22.5 8.66
3 16 -1.941 -2.5 7.244 0 -2.5 7.5 0 -5 7.5
4 16 -2.588 -22.5 9.659 -2.588 -5 9.659 -5 -5 8.66 -5 -22.5 8.66
3 16 0 -22.5 7.5 -1.941 -22.516 7.244 0 -5 7.5
3 16 -1.941 -22.516 7.244 -1.941 -2.5 7.244 0 -5 7.5
4 16 -9.659 -2.5 2.588 -9.659 -5 2.588 -6.975 -5 2.592 -6.975 -2.5 2.592
4 16 0 -2.5 7.5 0 -2.5 10 2.588 -2.5 9.659 1.941 -2.5 7.244
3 16 1.528 -5 -25.851 3.645 -13.198 -29.362 3.895 -5 -22.652
4 16 0 -25 20 6.25 -25 20 8.75 -12.398 20 0 -7.5 20
3 16 15 -15 0 14.884 -5 -2.218 15 -5 0
3 16 6.185 -14.717 -7.751 4.911 -17.59 -10.482 5.15 -17.59 -8.546
4 16 2.588 -17.564 -9.659 2.588 -5 -9.659 5 -5 -8.66 5 -17.589 -8.66
4 16 7.244 -2.5 -1.941 7.244 -13.011 -1.941 7.5 -12.82 0 7.5 -2.5 0
3 16 7.489 -5 -16.587 9.531 -5 -12.309 9.22 -5 -18.39
3 16 14.563 -5 9.531 12.499 -5 0 11.177 -5 17.5
4 16 0 -22.5 17.5 4.268 -22.5 17.5 2.588 -22.5 9.659 0 -22.5 10
4 16 7.558 -15.245 -22.46 7.558 -16.492 -22.377 11.041 -15.663 -9.939 11.041 -14.415 -10.022
3 16 5.303 -5 -5.303 6.495 -13.322 -3.75 6.495 -5 -3.75
4 16 7.244 -2.5 1.941 9.659 -2.5 2.588 10 -2.5 0 7.5 -2.5 0
4 16 7.5 -7.5 37.417 10.452 -7.5 20 10.452 -12.414 20 7.5 -12.5 37.5
4 16 15 -5 0 14.563 -5 9.531 14.563 -14.375 10 15 -15 0
3 16 2.445 -16.077 -34.952 0 -16.253 -37.582 1.535 -16.172 -36.369
3 16 5.786 -19.552 8.057 7.071 -13.112 7.071 5 -5 8.66
4 16 13.304 -5 -9.252 14.547 -5 -4.533 14.547 -15.342 -5.473 14.012 -15.534 -8.547
3 16 0.319 -16.248 -37.513 0 -16.253 -37.582 0.146 -16.252 -37.567
3 16 5.303 -17.59 -5.303 0 -17.553 1.165 5.595 -17.591 -4.923
4 16 8.66 -5 -5 9.659 -5 -2.588 9.659 -11.455 -2.588 8.66 -11.62 -5
3 16 7.558 -15.245 -22.46 0 -15.083 -20 3.421 -15.953 -33.085
3 16 1.112 -16.206 -36.888 0 -16.253 -37.582 0.713 -16.232 -37.269
4 16 11.464 -16.15 -18.403 9.22 -5 -18.39 13.304 -5 -9.252 14.012 -15.534 -8.547
4 16 11.177 -10.02 17.5 11.177 -5 17.5 12.499 -5 0 12.474 -11.275 -0.159
3 16 9.22 -5 -18.39 9.531 -5 -12.309 13.304 -5 -9.252
3 16 0 -17.5 -40 0.302 -17.498 -39.963 0.081 -17.5 -39.997
3 16 7.071 -13.112 7.071 6.818 -10.02 17.5 7.485 -10.813 6.531
4 16 5.786 -19.552 8.057 4.268 -22.5 17.5 6.818 -10.02 17.5 7.071 -13.112 7.071
4 16 6.757 -16.925 -30.792 4.272 -17.224 -35.59 2.23 -5 -28.722 3.67 -5 -27.1
3 16 3.645 -13.198 -29.362 5.837 -12.367 -16.802 8.66 -12.492 -17.543
4 0 8.507 -20 2.5 7.126 -25 7.5 0 -25 5.448 0 -20 0
4 16 11.419 -11.817 -8.125 11.145 -5 -8.006 9.531 -5 -12.309 8.66 -12.492 -17.543
3 16 12.474 -11.275 -0.159 8.66 -10.926 5 11.177 -10.02 17.5
3 16 3.75 -21.325 6.495 0 -22.5 6.602 1.941 -22.516 7.244
3 16 5.303 -5 5.303 6.495 -17.988 3.75 5.303 -19.772 5.303
3 16 5.303 -19.772 5.303 0 -17.553 1.165 3.75 -21.325 6.495
4 16 0 -5 -30 0.3 -5 -29.97 0.302 -17.498 -39.963 0 -17.5 -40
4 16 0 -20 0 0 -20 -13.75 6.343 -20 -11.248 8.507 -20 2.5
3 16 0 -12.516 -19.061 1.528 -13.406 -32.397 0 -13.508 -33.972
3 16 7.027 -11.744 -7.105 5.837 -12.367 -16.802 6.185 -14.717 -7.751
3 16 1.941 -17.56 -7.244 0 -17.553 1.165 3.75 -17.581 -6.495
4 16 2.588 -2.5 -9.659 2.592 -2.5 -6.975 2.592 -5 -6.975 2.588 -5 -9.659
3 16 8.507 -20 2.5 6.343 -20 -11.248 7.5 -14.907 -17.5
4 16 0 -5 17.5 0 -5 40 10 -5 40 11.177 -5 17.5
3 16 2.23 -5 -28.722 3.081 -17.339 -37.43 2.23 -17.41 -38.52
3 16 1.941 -2.5 -7.244 2.592 -5 -6.975 2.592 -2.5 -6.975
3 16 0 -17.537 -7.5 0 -17.553 1.165 1.941 -17.56 -7.244
3 16 10 -11.277 0 10 -2.5 0 9.659 -5 2.588
3 16 11.177 -10.02 17.5 7.485 -10.813 6.531 6.818 -10.02 17.5
3 16 7.5 -14.907 -17.5 10 -13.766 0 8.507 -20 2.5
3 16 0.561 -17.492 -39.879 0 -17.5 -37.498 0.302 -17.498 -39.963
3 16 4.911 -17.59 -10.482 2.588 -17.564 -9.659 5 -17.589 -8.66
3 16 7.071 -11.742 -7.071 11.419 -11.817 -8.125 7.027 -11.744 -7.105
4 16 1.112 -17.454 -36.805 2.23 -17.41 -38.52 3.081 -17.339 -37.43 1.535 -17.419 -36.286
4 16 0.542 -5 -26.918 2.23 -5 -28.722 1.297 -5 -29.504 0 -5 -27.381
3 16 1.045 -17.476 -39.615 0.146 -17.499 -37.484 0.799 -17.485 -39.766
4 16 14.563 -14.375 10 10 -12.5 40 7.5 -12.5 37.5 12.063 -14.462 8.076
3 16 0.8 -5 -29.8 0 -5 -27.381 1.297 -5 -29.504
3 16 12.499 -5 0 12.395 -5 -1.968 12.474 -11.275 -0.159
4 16 1.528 -5 -25.851 3.67 -5 -27.1 2.23 -5 -28.722 0.542 -5 -26.918
3 16 5.837 -12.367 -16.802 4.911 -17.59 -10.482 6.185 -14.717 -7.751
3 16 6.818 -10.02 17.5 11.177 -5 17.5 11.177 -10.02 17.5
3 16 5 -5 -8.66 6.185 -14.717 -7.751 5 -17.589 -8.66
3 16 12.474 -11.275 -0.159 10 -11.277 0 9.659 -11.102 2.588
3 16 8.507 -20 2.5 8.75 -12.398 20 7.126 -25 7.5
3 16 9.659 -5 2.588 10 -2.5 0 9.659 -2.5 2.588
3 16 7.5 -14.907 -17.5 11.041 -14.415 -10.022 10 -13.766 0
4 16 5.51 -5 -24.56 3.67 -5 -27.1 1.528 -5 -25.851 3.895 -5 -22.652
3 16 9.659 -11.455 -2.588 9.659 -5 -2.588 10 -11.277 0
3 16 6.495 -17.988 3.75 6.495 -5 3.75 7.244 -14.364 1.941
3 16 2.588 -22.5 9.659 4.268 -22.5 17.5 5 -22.5 8.66
4 16 7.126 -25 7.5 6.25 -25 20 0 -25 20 0 -25 5.448
3 16 7.485 -10.813 6.531 7.071 -5 7.071 7.071 -13.112 7.071
3 16 2.588 -2.5 -9.659 1.941 -2.5 -7.244 2.592 -2.5 -6.975
3 16 10 -11.277 0 9.659 -5 -2.588 10 -2.5 0
3 16 11.041 -14.415 -10.022 7.5 -14.907 -17.5 7.558 -15.245 -22.46
3 16 6.975 -5 -2.592 7.244 -2.5 -1.941 6.975 -2.5 -2.592
4 16 0.713 -16.232 -37.269 0.713 -17.479 -37.186 1.112 -17.454 -36.805 1.112 -16.206 -36.888
4 16 5 -5 8.66 7.071 -5 7.071 5.303 -5 5.303 3.75 -5 6.495
3 16 7.5 -14.907 -17.5 0 -15.083 -20 7.558 -15.245 -22.46
4 16 11.041 -14.415 -10.022 11.041 -15.663 -9.939 12.4 -15.134 -2.015 12.4 -13.887 -2.098
3 16 8.66 -12.492 -17.543 9.531 -5 -12.309 7.489 -5 -16.587
3 16 6.818 -10.02 17.5 0 -5 17.5 11.177 -5 17.5
3 16 12.5 -13.753 -0.083 10 -13.766 0 12.4 -13.887 -2.098
4 16 0.542 -13.477 -33.498 1.528 -13.406 -32.397 0.542 -5 -26.918 0 -5 -27.381
3 16 7.485 -10.813 6.531 11.177 -10.02 17.5 8.66 -10.926 5
4 16 6.975 -5 -2.592 9.659 -5 -2.588 8.66 -5 -5 6.495 -5 -3.75
3 16 6.757 -16.925 -30.792 3.421 -17.2 -33.002 4.272 -17.224 -35.59
4 16 1.528 -5 -25.851 0.542 -5 -26.918 2.084 -13.35 -31.68 3.645 -13.198 -29.362
3 16 6.975 -5 2.592 7.244 -14.364 1.941 6.495 -5 3.75
3 16 0.081 -17.5 -39.997 0 -17.5 -37.498 0 -17.5 -40
3 16 1.528 -13.406 -32.397 0 -12.516 -19.061 2.084 -13.35 -31.68
3 16 15 -15 0 12.4 -15.134 -2.015 14.547 -15.342 -5.473
4 16 11.979 -11.625 -5.213 12.474 -11.275 -0.159 12.395 -5 -1.968 12.079 -5 -4.128
3 16 2.084 -13.35 -31.68 0 -12.516 -19.061 3.645 -13.198 -29.362
3 16 0 -5 -7.5 1.941 -2.5 -7.244 0 -2.5 -7.5
4 16 7.071 -5 -7.071 5 -5 -8.66 3.75 -5 -6.495 5.303 -5 -5.303
4 16 5.51 -5 -24.56 9.22 -5 -18.39 11.464 -16.15 -18.403 6.757 -16.925 -30.792
4 16 0.3 -5 -29.97 0.8 -5 -29.8 0.799 -17.485 -39.766 0.302 -17.498 -39.963
4 16 6.611 -17.594 3.332 7.428 -13.322 0.55 7.136 -13.322 -2.204 5.595 -17.591 -4.923
3 16 0 -17.537 -7.5 1.941 -17.56 -7.244 0 -5 -7.5
4 16 3.75 -21.325 6.495 1.941 -22.516 7.244 2.592 -5 6.975 3.75 -5 6.495
4 16 1.688 -17.443 -39.088 2.23 -17.41 -38.52 0.713 -17.479 -37.186 0.524 -17.488 -37.322
4 16 2.592 -5 -6.975 1.941 -17.56 -7.244 3.75 -17.581 -6.495 3.75 -5 -6.495
3 16 12.474 -11.275 -0.159 9.659 -11.455 -2.588 10 -11.277 0
4 16 12.063 -14.462 8.076 12.063 -13.214 7.993 12.5 -13.753 -0.083 12.5 -15 0
3 16 9.531 -5 -12.309 11.145 -5 -8.006 13.304 -5 -9.252
4 16 14.563 -5 9.531 10 -5 40 10 -12.5 40 14.563 -14.375 10
4 16 3.081 -17.339 -37.43 4.272 -17.224 -35.59 2.445 -17.325 -34.869 1.535 -17.419 -36.286
3 16 7.5 -12.5 37.5 10.452 -12.414 20 12.063 -14.462 8.076
4 16 2.23 -17.41 -38.52 1.688 -17.443 -39.088 1.297 -5 -29.504 2.23 -5 -28.722
3 16 7.136 -13.322 -2.204 6.495 -13.322 -3.75 6.944 -13.322 -4.009
3 16 5.595 -17.591 -4.923 6.944 -13.322 -4.009 6.495 -13.322 -3.75
4 16 12.395 -5 -1.968 14.884 -5 -2.218 14.547 -5 -4.533 12.079 -5 -4.128
3 16 7.244 -2.5 1.941 6.975 -5 2.592 6.975 -2.5 2.592
3 16 12.4 -15.134 -2.015 15 -15 0 12.5 -15 0
3 16 0 -7.5 20 8.75 -12.398 20 10.452 -7.5 20
3 16 10 -13.766 0 8.75 -12.398 20 8.507 -20 2.5
4 16 3.75 -5 -6.495 5 -5 -8.66 2.588 -5 -9.659 2.592 -5 -6.975
3 16 7.126 -25 7.5 8.75 -12.398 20 6.25 -25 20
3 16 5.303 -5 5.303 6.495 -5 3.75 6.495 -17.988 3.75
3 16 12.063 -14.462 8.076 10.452 -12.414 20 12.063 -13.214 7.993
4 16 14.884 -5 -2.218 15 -15 0 14.547 -15.342 -5.473 14.547 -5 -4.533
3 16 0 -12.5 37.5 7.5 -12.5 37.5 0 -12.5 40
3 16 11.464 -16.15 -18.403 7.558 -16.492 -22.377 6.757 -16.925 -30.792
4 16 0 -17.5 -10 0 -5 -10 2.588 -5 -9.659 2.588 -17.564 -9.659
3 16 5.303 -17.59 -5.303 6.495 -13.322 -3.75 5.303 -5 -5.303
3 16 7.244 -2.5 -1.941 6.975 -5 -2.592 7.244 -13.011 -1.941
3 16 1.297 -5 -29.504 1.688 -17.443 -39.088 1.297 -17.464 -39.43
3 16 0 -22.5 6.602 3.75 -21.325 6.495 0 -17.553 1.165
4 16 7.5 -7.5 37.417 0 -7.5 37.417 0 -7.5 20 10.452 -7.5 20
3 16 0.302 -17.498 -39.963 0.799 -17.485 -39.766 0.561 -17.492 -39.879
3 16 14.012 -15.534 -8.547 11.041 -15.663 -9.939 11.464 -16.15 -18.403
3 16 2.445 -17.325 -34.869 4.272 -17.224 -35.59 3.421 -17.2 -33.002
3 16 2.592 -5 6.975 1.941 -2.5 7.244 2.592 -2.5 6.975
3 16 14.563 -5 9.531 11.177 -5 17.5 10 -5 40
3 16 0 -12.5 40 7.5 -12.5 37.5 10 -12.5 40
4 16 11.419 -11.817 -8.125 8.66 -12.492 -17.543 5.837 -12.367 -16.802 7.027 -11.744 -7.105
4 16 3.895 -5 -22.652 3.645 -13.198 -29.362 8.66 -12.492 -17.543 7.489 -5 -16.587
3 16 7.136 -13.322 -2.204 7.5 -12.82 0 7.244 -13.011 -1.941
4 16 7.071 -5 -7.071 8.66 -5 -5 8.66 -11.62 -5 7.071 -11.742 -7.071
3 16 12.4 -13.887 -2.098 10 -13.766 0 11.041 -14.415 -10.022
3 16 4.272 -17.224 -35.59 3.081 -17.339 -37.43 2.23 -5 -28.722
3 16 0.3 -5 -29.97 0 -5 -27.381 0.8 -5 -29.8
4 16 2.592 -5 6.975 2.588 -5 9.659 5 -5 8.66 3.75 -5 6.495
4 16 12.5 -15 0 15 -15 0 14.563 -14.375 10 12.063 -14.462 8.076
4 16 6.975 -2.5 -2.592 9.659 -2.5 -2.588 9.659 -5 -2.588 6.975 -5 -2.592
4 16 2.588 -5 -9.659 0 -5 -10 0 -2.5 -10 2.588 -2.5 -9.659
3 16 0 -17.5 -10 2.588 -17.564 -9.659 0 -17.527 -12.683
3 16 4.911 -17.59 -10.482 5 -17.589 -8.66 5.15 -17.59 -8.546
4 0 0 -20 -13.75 0 -15.083 -20 7.5 -14.907 -17.5 6.343 -20 -11.248
4 16 6.495 -13.322 -3.75 7.244 -13.011 -1.941 6.975 -5 -2.592 6.495 -5 -3.75
3 16 5 -22.5 8.66 5.786 -19.552 8.057 5 -5 8.66
3 16 2.084 -13.35 -31.68 0.542 -5 -26.918 1.528 -13.406 -32.397
3 16 6.185 -14.717 -7.751 5 -5 -8.66 7.027 -11.744 -7.105
3 16 0.524 -16.241 -37.405 0 -16.253 -37.582 0.319 -16.248 -37.513
4 16 3.75 -5 6.495 5.303 -5 5.303 5.303 -19.772 5.303 3.75 -21.325 6.495
3 16 1.941 -17.56 -7.244 1.941 -2.5 -7.244 0 -5 -7.5
3 16 0 -17.553 1.165 6.495 -17.988 3.75 6.611 -17.594 3.332
4 16 0 -2.5 -10 0 -2.5 -7.5 1.941 -2.5 -7.244 2.588 -2.5 -9.659
3 16 5.837 -12.367 -16.802 3.645 -13.198 -29.362 0 -12.516 -19.061
4 16 2.445 -17.325 -34.869 2.445 -16.077 -34.952 1.535 -16.172 -36.369 1.535 -17.419 -36.286
3 16 12.474 -11.275 -0.159 9.659 -11.102 2.588 8.66 -10.926 5
4 16 0 -2.5 10 0 -5 10 2.588 -5 9.659 2.588 -2.5 9.659
3 16 11.979 -11.625 -5.213 8.66 -11.62 -5 9.659 -11.455 -2.588
3 16 10.452 -7.5 20 8.75 -12.398 20 10.452 -12.414 20
3 16 0.713 -16.232 -37.269 0 -16.253 -37.582 0.524 -16.241 -37.405
4 16 14.547 -5 -4.533 13.304 -5 -9.252 11.145 -5 -8.006 12.079 -5 -4.128
3 16 0.302 -17.498 -39.963 0 -17.5 -37.498 0.081 -17.5 -39.997
3 16 7.558 -16.492 -22.377 11.464 -16.15 -18.403 11.041 -15.663 -9.939
3 16 0 -17.527 -12.683 2.588 -17.564 -9.659 4.911 -17.59 -10.482
4 16 2.588 -5 9.659 0 -5 10 0 -22.5 10 2.588 -22.5 9.659
3 16 1.045 -17.476 -39.615 0.799 -17.485 -39.766 1.297 -17.464 -39.43
4 16 8.66 -11.62 -5 11.979 -11.625 -5.213 11.419 -11.817 -8.125 7.071 -11.742 -7.071
3 16 6.495 -17.988 3.75 7.244 -14.364 1.941 6.611 -17.594 3.332
3 16 0.542 -13.477 -33.498 0 -5 -27.381 0 -13.508 -33.972
4 16 7.071 -5 -7.071 7.071 -11.742 -7.071 7.027 -11.744 -7.105 5 -5 -8.66
3 16 1.941 -2.5 7.244 2.592 -5 6.975 1.941 -22.516 7.244
3 16 8.75 -12.398 20 12.063 -13.214 7.993 10.452 -12.414 20
3 16 1.535 -16.172 -36.369 0 -16.253 -37.582 1.112 -16.206 -36.888
3 16 0 -16.253 -37.582 3.421 -15.953 -33.085 0 -15.083 -20
4 16 1.112 -17.454 -36.805 1.535 -17.419 -36.286 1.535 -16.172 -36.369 1.112 -16.206 -36.888
3 16 5 -5 8.66 7.071 -13.112 7.071 7.071 -5 7.071
3 16 9.659 -11.102 2.588 10 -11.277 0 9.659 -5 2.588
3 16 15 -5 0 12.499 -5 0 14.563 -5 9.531
4 16 8.66 -5 5 7.071 -5 7.071 7.485 -10.813 6.531 8.66 -10.926 5
3 16 5 -22.5 8.66 4.268 -22.5 17.5 5.149 -22.5 8.565
3 16 5.595 -17.591 -4.923 6.495 -13.322 -3.75 5.303 -17.59 -5.303
3 16 11.979 -11.625 -5.213 9.659 -11.455 -2.588 12.474 -11.275 -0.159
4 16 0.319 -17.495 -37.429 0.524 -17.488 -37.322 0.524 -16.241 -37.405 0.319 -16.248 -37.513
3 16 7.5 -12.82 0 7.136 -13.322 -2.204 7.428 -13.322 0.55
4 16 2.592 -2.5 6.975 2.588 -2.5 9.659 2.588 -5 9.659 2.592 -5 6.975
3 16 7.244 -13.011 -1.941 6.495 -13.322 -3.75 7.136 -13.322 -2.204
4 16 0.524 -17.488 -37.322 0.319 -17.495 -37.429 1.297 -17.464 -39.43 1.688 -17.443 -39.088
3 16 3.421 -15.953 -33.085 0 -16.253 -37.582 2.445 -16.077 -34.952
3 16 10 -2.5 0 9.659 -5 -2.588 9.659 -2.5 -2.588
4 16 7.071 -5 7.071 8.66 -5 5 6.495 -5 3.75 5.303 -5 5.303
3 16 2.23 -17.41 -38.52 1.112 -17.454 -36.805 0.713 -17.479 -37.186
4 16 12.5 -13.753 -0.083 12.4 -13.887 -2.098 12.4 -15.134 -2.015 12.5 -15 0
4 16 0.146 -17.499 -37.484 1.045 -17.476 -39.615 1.297 -17.464 -39.43 0.319 -17.495 -37.429
3 16 5.595 -17.591 -4.923 7.136 -13.322 -2.204 6.944 -13.322 -4.009
3 16 5.303 -19.772 5.303 6.495 -17.988 3.75 0 -17.553 1.165
3 16 10 -13.766 0 12.5 -13.753 -0.083 12.063 -13.214 7.993
3 16 0 -13.508 -33.972 1.528 -13.406 -32.397 0.542 -13.477 -33.498
3 16 14.547 -15.342 -5.473 12.4 -15.134 -2.015 11.041 -15.663 -9.939
4 16 8.66 -5 -5 7.071 -5 -7.071 5.303 -5 -5.303 6.495 -5 -3.75
3 16 7.244 -2.5 1.941 7.428 -13.322 0.55 7.244 -14.364 1.941
3 16 6.611 -17.594 3.332 7.244 -14.364 1.941 7.428 -13.322 0.55
3 16 10 -13.766 0 12.063 -13.214 7.993 8.75 -12.398 20
4 16 9.659 -5 2.588 8.66 -5 5 8.66 -10.926 5 9.659 -11.102 2.588
4 16 3.421 -15.953 -33.085 3.421 -17.2 -33.002 7.558 -16.492 -22.377 7.558 -15.245 -22.46
4 16 0.524 -17.488 -37.322 0.713 -17.479 -37.186 0.713 -16.232 -37.269 0.524 -16.241 -37.405
4 16 5.303 -5 -5.303 3.75 -5 -6.495 3.75 -17.581 -6.495 5.303 -17.59 -5.303
4 16 9.22 -5 -18.39 5.51 -5 -24.56 3.895 -5 -22.652 7.489 -5 -16.587
4 16 0 -17.5 -37.498 0.561 -17.492 -39.879 0.799 -17.485 -39.766 0.146 -17.499 -37.484
3 16 3.75 -17.581 -6.495 0 -17.553 1.165 5.303 -17.59 -5.303
3 16 9.659 -2.5 2.588 7.244 -2.5 1.941 6.975 -2.5 2.592
4 16 0 -12.5 40 10 -12.5 40 10 -5 40 0 -5 40
3 16 1.941 -22.516 7.244 0 -22.5 6.602 0 -22.5 7.5
3 16 14.547 -15.342 -5.473 11.041 -15.663 -9.939 14.012 -15.534 -8.547
3 16 1.941 -2.5 7.244 2.588 -2.5 9.659 2.592 -2.5 6.975
4 16 7.5 -2.5 0 10 -2.5 0 9.659 -2.5 -2.588 7.244 -2.5 -1.941
4 16 8.66 -5 5 9.659 -5 2.588 6.975 -5 2.592 6.495 -5 3.75
4 16 12.499 -5 0 15 -5 0 14.884 -5 -2.218 12.395 -5 -1.968
4 16 7.5 -7.5 37.417 7.5 -12.5 37.5 0 -12.5 37.5 0 -7.5 37.417
4 16 0 -16.253 -37.582 0 -17.5 -37.498 0.146 -17.499 -37.484 0.146 -16.252 -37.567
4 16 2.445 -16.077 -34.952 2.445 -17.325 -34.869 3.421 -17.2 -33.002 3.421 -15.953 -33.085
3 16 5.595 -17.591 -4.923 0 -17.553 1.165 6.611 -17.594 3.332
3 16 6.975 -2.5 -2.592 7.244 -2.5 -1.941 9.659 -2.5 -2.588
3 16 1.941 -17.56 -7.244 2.592 -5 -6.975 1.941 -2.5 -7.244
3 16 6.757 -16.925 -30.792 3.67 -5 -27.1 5.51 -5 -24.56
4 16 0 -22.5 17.5 0 -5 17.5 6.818 -10.02 17.5 4.268 -22.5 17.5
3 16 0 -5 -27.381 0.3 -5 -29.97 0 -5 -30
3 16 7.558 -16.492 -22.377 3.421 -17.2 -33.002 6.757 -16.925 -30.792
3 16 7.244 -14.364 1.941 6.975 -5 2.592 7.244 -2.5 1.941
3 16 5 -17.589 -8.66 6.185 -14.717 -7.751 5.15 -17.59 -8.546
4 16 0 -17.527 -12.683 4.911 -17.59 -10.482 5.837 -12.367 -16.802 0 -12.516 -19.061
4 16 0.146 -16.252 -37.567 0.146 -17.499 -37.484 0.319 -17.495 -37.429 0.319 -16.248 -37.513
4 16 0.8 -5 -29.8 1.297 -5 -29.504 1.297 -17.464 -39.43 0.799 -17.485 -39.766
3 16 7.5 -12.82 0 7.244 -2.5 1.941 7.5 -2.5 0
3 16 4.268 -22.5 17.5 5.786 -19.552 8.057 5.149 -22.5 8.565
3 16 7.428 -13.322 0.55 7.244 -2.5 1.941 7.5 -12.82 0
4 16 11.979 -11.625 -5.213 12.079 -5 -4.128 11.145 -5 -8.006 11.419 -11.817 -8.125
3 16 5.786 -19.552 8.057 5 -22.5 8.66 5.149 -22.5 8.565
3 16 1.941 -2.5 7.244 0 -5 7.5 0 -2.5 7.5
4 16 2.588 -22.5 9.659 5 -22.5 8.66 5 -5 8.66 2.588 -5 9.659
3 16 0 -22.5 7.5 0 -5 7.5 1.941 -22.516 7.244
3 16 1.941 -22.516 7.244 0 -5 7.5 1.941 -2.5 7.244
4 16 9.659 -2.5 2.588 6.975 -2.5 2.592 6.975 -5 2.592 9.659 -5 2.588
5 24 9.659 -5 2.588 10 -11.277 0 10 -2.5 0 9.659 -11.102 2.588
5 24 0 -17.553 1.165 6.495 -17.988 3.75 6.611 -17.594 3.332 5.303 -19.772 5.303
5 24 7.5 -12.5 37.5 10.452 -12.414 20 7.5 -7.5 37.417 12.063 -14.462 8.076
5 24 -0.8 -5 -29.8 -0.799 -17.485 -39.766 -0.3 -5 -29.97 -1.297 -5 -29.504
5 24 0.713 -17.479 -37.186 0.713 -16.232 -37.269 1.112 -17.454 -36.805 0.524 -17.488 -37.322
2 24 8.66 -5 5 9.659 -5 2.588
5 24 -7.428 -13.322 0.55 -7.244 -2.5 1.941 -7.244 -14.364 1.941 -7.5 -12.82 0
2 24 2.588 -5 -9.659 2.592 -5 -6.975
2 24 1.941 -2.5 7.244 2.592 -2.5 6.975
5 24 -12.5 -13.753 -0.083 -10 -13.766 0 -12.4 -13.887 -2.098 -12.063 -13.214 7.993
2 24 -6.611 -17.594 3.332 -5.595 -17.591 -4.923
2 24 3.75 -5 -6.495 5.303 -5 -5.303
2 24 11.177 -10.02 17.5 11.177 -5 17.5
5 24 0.319 -17.495 -37.429 0.319 -16.248 -37.513 0.524 -17.488 -37.322 0.146 -17.499 -37.484
2 24 0 -17.527 -12.683 4.911 -17.59 -10.482
2 24 11.464 -16.15 -18.403 14.012 -15.534 -8.547
5 24 14.884 -5 -2.218 15 -15 0 15 -5 0 14.547 -5 -4.533
2 24 0 -5 -27.381 0.542 -5 -26.918
2 24 13.304 -5 -9.252 14.547 -5 -4.533
2 24 6.495 -5 3.75 6.975 -5 2.592
5 24 8.507 -20 2.5 10 -13.766 0 7.5 -14.907 -17.5 8.75 -12.398 20
2 24 5.786 -19.552 8.057 7.071 -13.112 7.071
5 24 -5 -22.5 8.66 -5 -5 8.66 -5.786 -19.552 8.057 -2.588 -22.5 9.659
2 24 -6.495 -17.988 3.75 -5.303 -19.772 5.303
5 24 2.23 -5 -28.722 4.272 -17.224 -35.59 3.67 -5 -27.1 3.081 -17.339 -37.43
5 24 -11.419 -11.817 -8.125 -7.071 -11.742 -7.071 -7.027 -11.744 -7.105 -11.979 -11.625 -5.213
5 24 8.66 -11.62 -5 11.979 -11.625 -5.213 9.659 -11.455 -2.588 7.071 -11.742 -7.071
5 24 2.23 -17.41 -38.52 2.23 -5 -28.722 3.081 -17.339 -37.43 1.688 -17.443 -39.088
2 24 2.588 -17.564 -9.659 5 -17.589 -8.66
5 24 -11.979 -11.625 -5.213 -8.66 -11.62 -5 -9.659 -11.455 -2.588 -11.419 -11.817 -8.125
5 24 -7.071 -11.742 -7.071 -7.071 -5 -7.071 -8.66 -11.62 -5 -7.027 -11.744 -7.105
2 24 0 -22.5 17.5 4.268 -22.5 17.5
2 24 5.15 -17.59 -8.546 6.185 -14.717 -7.751
2 24 -10.452 -7.5 20 0 -7.5 20
2 24 5.51 -5 -24.56 9.22 -5 -18.39
5 24 -1.941 -2.5 7.244 0 -5 7.5 0 -2.5 7.5 -1.941 -22.516 7.244
5 24 -4.272 -17.224 -35.59 -2.23 -5 -28.722 -6.757 -16.925 -30.792 -3.081 -17.339 -37.43
2 24 0.542 -5 -26.918 1.528 -5 -25.851
2 24 12.4 -15.134 -2.015 12.5 -15 0
2 24 9.659 -5 -2.588 9.659 -2.5 -2.588
2 24 14.563 -14.375 10 15 -15 0
5 24 0.524 -17.488 -37.322 0.524 -16.241 -37.405 0.319 -17.495 -37.429 0.713 -17.479 -37.186
2 24 -5.303 -17.59 -5.303 -3.75 -17.581 -6.495
5 24 -3.645 -13.198 -29.362 -1.528 -5 -25.851 -3.895 -5 -22.652 -2.084 -13.35 -31.68
5 24 7.136 -13.322 -2.204 7.244 -13.011 -1.941 7.5 -12.82 0 6.495 -13.322 -3.75
5 24 -1.941 -17.56 -7.244 -1.941 -2.5 -7.244 0 -5 -7.5 -2.592 -5 -6.975
5 24 -7.5 -12.82 0 -7.244 -13.011 -1.941 -7.5 -2.5 0 -7.136 -13.322 -2.204
5 24 -2.445 -17.325 -34.869 -2.445 -16.077 -34.952 -1.535 -17.419 -36.286 -3.421 -17.2 -33.002
2 24 -7.5 -12.5 37.5 -7.5 -7.5 37.417
5 24 0 -5 7.5 1.941 -22.516 7.244 0 -22.5 7.5 1.941 -2.5 7.244
5 24 1.297 -17.464 -39.43 1.297 -5 -29.504 1.688 -17.443 -39.088 0.799 -17.485 -39.766
2 24 5.149 -22.5 8.565 5.786 -19.552 8.057
2 24 -7.5 -14.907 -17.5 0 -15.083 -20
2 24 1.297 -5 -29.504 2.23 -5 -28.722
2 24 -7.485 -10.813 6.531 -7.071 -13.112 7.071
2 24 -3.75 -5 6.495 -2.592 -5 6.975
2 24 2.588 -5 -9.659 2.588 -2.5 -9.659
5 24 7.489 -5 -16.587 8.66 -12.492 -17.543 9.531 -5 -12.309 3.895 -5 -22.652
5 24 0 -17.5 -40 0 -5 -30 -0.302 -17.498 -39.963 0.302 -17.498 -39.963
2 24 -2.588 -2.5 9.659 0 -2.5 10
2 24 -0.713 -17.479 -37.186 -0.524 -17.488 -37.322
2 24 -6.611 -17.594 3.332 -6.495 -17.988 3.75
2 24 -10 -11.277 0 -9.659 -11.102 2.588
5 24 0 -22.5 7.5 0 -5 7.5 -1.941 -22.516 7.244 1.941 -22.516 7.244
2 24 -2.592 -2.5 -6.975 -1.941 -2.5 -7.244
5 24 1.112 -17.454 -36.805 2.23 -17.41 -38.52 1.535 -17.419 -36.286 0.713 -17.479 -37.186
2 24 -15 -5 0 -14.563 -5 9.531
5 24 11.041 -15.663 -9.939 11.041 -14.415 -10.022 7.558 -16.492 -22.377 12.4 -15.134 -2.015
5 24 7.136 -13.322 -2.204 7.5 -12.82 0 7.244 -13.011 -1.941 7.428 -13.322 0.55
5 24 2.23 -5 -28.722 3.081 -17.339 -37.43 2.23 -17.41 -38.52 4.272 -17.224 -35.59
5 24 -2.084 -13.35 -31.68 -0.542 -5 -26.918 -3.645 -13.198 -29.362 -1.528 -13.406 -32.397
2 24 -10.452 -12.414 20 -8.75 -12.398 20
2 24 -7.5 -2.5 0 -7.244 -2.5 1.941
5 24 7.5 -14.907 -17.5 11.041 -14.415 -10.022 10 -13.766 0 7.558 -15.245 -22.46
5 24 0 -17.527 -12.683 0 -17.5 -10 -2.588 -17.564 -9.659 2.588 -17.564 -9.659
2 24 -2.445 -16.077 -34.952 -1.535 -16.172 -36.369
2 24 -7.489 -5 -16.587 -3.895 -5 -22.652
5 24 -7.244 -14.364 1.941 -6.495 -17.988 3.75 -6.495 -5 3.75 -6.611 -17.594 3.332
2 24 -6.611 -17.594 3.332 0 -17.553 1.165
5 24 1.941 -17.56 -7.244 2.592 -5 -6.975 3.75 -17.581 -6.495 1.941 -2.5 -7.244
2 24 0 -22.5 7.5 1.941 -22.516 7.244
5 24 -5.786 -19.552 8.057 -5 -5 8.66 -7.071 -13.112 7.071 -5 -22.5 8.66
5 24 -1.941 -22.516 7.244 -1.941 -2.5 7.244 -2.592 -5 6.975 0 -5 7.5
2 24 -3.75 -21.325 6.495 -1.941 -22.516 7.244
2 24 11.177 -10.02 17.5 12.474 -11.275 -0.159
2 24 -6.495 -5 3.75 -5.303 -5 5.303
5 24 5.303 -17.59 -5.303 5.303 -5 -5.303 6.495 -13.322 -3.75 3.75 -17.581 -6.495
5 24 -1.112 -16.206 -36.888 0 -16.253 -37.582 -0.713 -16.232 -37.269 -1.535 -16.172 -36.369
5 24 10 -11.277 0 12.474 -11.275 -0.159 9.659 -11.102 2.588 9.659 -11.455 -2.588
2 24 0 -5 40 10 -5 40
2 24 -11.177 -5 17.5 0 -5 17.5
2 24 -3.421 -17.2 -33.002 -2.445 -17.325 -34.869
5 24 -5.786 -19.552 8.057 -5 -22.5 8.66 -5 -5 8.66 -5.149 -22.5 8.565
5 24 7.071 -5 7.071 7.485 -10.813 6.531 7.071 -13.112 7.071 8.66 -5 5
5 24 -15 -15 0 -15 -5 0 -14.884 -5 -2.218 -14.563 -14.375 10
2 24 -9.659 -11.102 2.588 -8.66 -10.926 5
5 24 8.66 -10.926 5 12.474 -11.275 -0.159 11.177 -10.02 17.5 9.659 -11.102 2.588
2 24 -12.499 -5 0 -11.177 -5 17.5
5 24 -2.084 -13.35 -31.68 0 -12.516 -19.061 -1.528 -13.406 -32.397 -3.645 -13.198 -29.362
5 24 9.659 -5 2.588 10 -2.5 0 10 -11.277 0 9.659 -2.5 2.588
5 24 0 -17.5 -37.498 0.081 -17.5 -39.997 0 -17.5 -40 0.302 -17.498 -39.963
5 24 -5.303 -19.772 5.303 0 -17.553 1.165 -3.75 -21.325 6.495 -6.495 -17.988 3.75
5 24 -5 -17.589 -8.66 -5 -5 -8.66 -2.588 -17.564 -9.659 -6.185 -14.717 -7.751
2 24 -5.837 -12.367 -16.802 -4.911 -17.59 -10.482
5 24 1.535 -17.419 -36.286 1.535 -16.172 -36.369 2.445 -17.325 -34.869 1.112 -17.454 -36.805
5 24 -8.507 -20 2.5 -7.5 -14.907 -17.5 -6.343 -20 -11.248 -10 -13.766 0
5 24 -10 -13.766 0 -8.507 -20 2.5 -7.5 -14.907 -17.5 -8.75 -12.398 20
5 24 12.4 -15.134 -2.015 15 -15 0 14.547 -15.342 -5.473 12.5 -15 0
5 24 3.645 -13.198 -29.362 5.837 -12.367 -16.802 8.66 -12.492 -17.543 0 -12.516 -19.061
2 24 0 -5 17.5 11.177 -5 17.5
5 24 -14.547 -15.342 -5.473 -14.547 -5 -4.533 -14.012 -15.534 -8.547 -15 -15 0
5 24 7.5 -14.907 -17.5 8.507 -20 2.5 6.343 -20 -11.248 10 -13.766 0
5 24 -7.244 -13.011 -1.941 -7.136 -13.322 -2.204 -7.5 -12.82 0 -6.495 -13.322 -3.75
2 24 -2.592 -5 6.975 -2.592 -2.5 6.975
2 24 0 -12.5 40 10 -12.5 40
5 24 0 -17.553 1.165 0 -17.537 -7.5 -1.941 -17.56 -7.244 1.941 -17.56 -7.244
5 24 0.319 -17.495 -37.429 1.297 -17.464 -39.43 0.524 -17.488 -37.322 0.146 -17.499 -37.484
2 24 -10.452 -12.414 20 -10.452 -7.5 20
5 24 -12.4 -15.134 -2.015 -12.4 -13.887 -2.098 -11.041 -15.663 -9.939 -12.5 -15 0
5 24 -7.244 -14.364 1.941 -6.495 -5 3.75 -6.495 -17.988 3.75 -6.975 -5 2.592
5 24 -7.428 -13.322 0.55 -7.136 -13.322 -2.204 -6.611 -17.594 3.332 -7.5 -12.82 0
2 24 -4.272 -17.224 -35.59 -3.081 -17.339 -37.43
5 24 10.452 -12.414 20 12.063 -14.462 8.076 7.5 -12.5 37.5 12.063 -13.214 7.993
5 24 -11.177 -10.02 17.5 -8.66 -10.926 5 -12.474 -11.275 -0.159 -7.485 -10.813 6.531
2 24 10 -5 40 14.563 -5 9.531
5 24 -3.75 -17.581 -6.495 0 -17.553 1.165 -1.941 -17.56 -7.244 -5.303 -17.59 -5.303
2 24 -7.5 -12.5 37.5 0 -12.5 37.5
2 24 -1.941 -2.5 -7.244 0 -2.5 -7.5
5 24 -0.302 -17.498 -39.963 0 -17.5 -37.498 -0.561 -17.492 -39.879 -0.081 -17.5 -39.997
5 24 -0.524 -17.488 -37.322 -0.524 -16.241 -37.405 -0.319 -17.495 -37.429 -0.713 -17.479 -37.186
5 24 1.941 -2.5 -7.244 2.592 -5 -6.975 2.592 -2.5 -6.975 1.941 -17.56 -7.244
2 24 -1.535 -16.172 -36.369 -1.112 -16.206 -36.888
2 24 6.495 -17.988 3.75 6.611 -17.594 3.332
5 24 10 -13.766 0 11.041 -14.415 -10.022 7.5 -14.907 -17.5 12.4 -13.887 -2.098
2 24 -8.507 -20 2.5 -7.126 -25 7.5
5 24 -3.75 -21.325 6.495 -3.75 -5 6.495 -1.941 -22.516 7.244 -5.303 -19.772 5.303
2 24 -2.23 -5 -28.722 -1.297 -5 -29.504
2 24 -5.303 -19.772 5.303 -3.75 -21.325 6.495
2 24 -8.66 -10.926 5 -7.485 -10.813 6.531
5 24 0 -5 -7.5 0 -2.5 -7.5 -1.941 -2.5 -7.244 1.941 -2.5 -7.244
5 24 -7.071 -13.112 7.071 -7.071 -5 7.071 -7.485 -10.813 6.531 -5 -5 8.66
2 24 -1.045 -17.476 -39.615 -0.799 -17.485 -39.766
2 24 -15 -15 0 -14.547 -15.342 -5.473
5 24 12.063 -14.462 8.076 12.063 -13.214 7.993 12.5 -15 0 10.452 -12.414 20
2 24 -10 -2.5 0 -9.659 -2.5 -2.588
5 24 0 -22.5 7.5 0 -22.5 6.602 -1.941 -22.516 7.244 1.941 -22.516 7.244
2 24 -2.588 -5 -9.659 -2.588 -2.5 -9.659
5 24 5.837 -12.367 -16.802 8.66 -12.492 -17.543 3.645 -13.198 -29.362 7.027 -11.744 -7.105
2 24 3.75 -17.581 -6.495 5.303 -17.59 -5.303
2 24 12.079 -5 -4.128 12.395 -5 -1.968
2 24 -0.799 -17.485 -39.766 -0.561 -17.492 -39.879
5 24 0 -17.553 1.165 5.595 -17.591 -4.923 5.303 -17.59 -5.303 6.611 -17.594 3.332
5 24 -11.464 -16.15 -18.403 -9.22 -5 -18.39 -14.012 -15.534 -8.547 -6.757 -16.925 -30.792
2 24 -7.136 -13.322 -2.204 -6.495 -13.322 -3.75
5 24 9.659 -11.455 -2.588 12.474 -11.275 -0.159 10 -11.277 0 11.979 -11.625 -5.213
5 24 -1.535 -16.172 -36.369 0 -16.253 -37.582 -2.445 -16.077 -34.952 -1.112 -16.206 -36.888
2 24 1.941 -22.516 7.244 3.75 -21.325 6.495
2 24 7.071 -11.742 -7.071 8.66 -11.62 -5
2 24 -4.911 -17.59 -10.482 0 -17.527 -12.683
2 24 -5.303 -5 5.303 -3.75 -5 6.495
2 24 -3.421 -15.953 -33.085 -2.445 -16.077 -34.952
2 24 0 -2.5 -10 2.588 -2.5 -9.659
5 24 -12.5 -15 0 -12.5 -13.753 -0.083 -12.063 -14.462 8.076 -12.4 -15.134 -2.015
5 24 7.558 -16.492 -22.377 7.558 -15.245 -22.46 11.041 -15.663 -9.939 3.421 -17.2 -33.002
2 24 11.041 -14.415 -10.022 12.4 -13.887 -2.098
5 24 -0.319 -17.495 -37.429 -0.319 -16.248 -37.513 -0.524 -17.488 -37.322 -0.146 -17.499 -37.484
2 24 3.421 -15.953 -33.085 7.558 -15.245 -22.46
2 24 7.489 -5 -16.587 9.531 -5 -12.309
2 24 12.395 -5 -1.968 12.499 -5 0
5 24 -2.23 -17.41 -38.52 -1.112 -17.454 -36.805 -3.081 -17.339 -37.43 -0.713 -17.479 -37.186
5 24 -0.524 -16.241 -37.405 0 -16.253 -37.582 -0.319 -16.248 -37.513 -0.713 -16.232 -37.269
5 24 -7.558 -16.492 -22.377 -7.558 -15.245 -22.46 -11.041 -15.663 -9.939 -3.421 -17.2 -33.002
2 24 -10 -5 40 0 -5 40
5 24 -7.428 -13.322 0.55 -6.611 -17.594 3.332 -7.136 -13.322 -2.204 -7.244 -14.364 1.941
5 24 -8.66 -10.926 5 -8.66 -5 5 -7.485 -10.813 6.531 -9.659 -11.102 2.588
2 24 2.592 -5 6.975 3.75 -5 6.495
2 24 0 -17.537 -7.5 1.941 -17.56 -7.244
2 24 0.302 -17.498 -39.963 0.799 -17.485 -39.766
2 24 -1.941 -17.56 -7.244 0 -17.537 -7.5
2 24 0.713 -16.232 -37.269 1.112 -16.206 -36.888
5 24 5.837 -12.367 -16.802 6.185 -14.717 -7.751 7.027 -11.744 -7.105 4.911 -17.59 -10.482
2 24 9.659 -2.5 2.588 10 -2.5 0
2 24 -12.474 -11.275 -0.159 -11.979 -11.625 -5.213
5 24 -12.063 -13.214 7.993 -8.75 -12.398 20 -10.452 -12.414 20 -10 -13.766 0
5 24 5 -5 8.66 7.071 -13.112 7.071 5.786 -19.552 8.057 7.071 -5 7.071
2 24 -1.297 -17.464 -39.43 -0.799 -17.485 -39.766
5 24 0 -16.253 -37.582 0 -15.083 -20 -3.421 -15.953 -33.085 3.421 -15.953 -33.085
2 24 -3.645 -13.198 -29.362 -2.084 -13.35 -31.68
2 24 -2.445 -17.325 -34.869 -1.535 -17.419 -36.286
5 24 0 -15.083 -20 7.558 -15.245 -22.46 3.421 -15.953 -33.085 7.5 -14.907 -17.5
2 24 -8.66 -12.492 -17.543 -3.645 -13.198 -29.362
2 24 -5.595 -17.591 -4.923 -5.303 -17.59 -5.303
2 24 6.343 -20 -11.248 7.5 -14.907 -17.5
2 24 -14.547 -5 -4.533 -13.304 -5 -9.252
5 24 -8.66 -12.492 -17.543 -5.837 -12.367 -16.802 -3.645 -13.198 -29.362 -11.419 -11.817 -8.125
2 24 2.23 -5 -28.722 3.67 -5 -27.1
5 24 -7.244 -2.5 1.941 -6.975 -5 2.592 -6.975 -2.5 2.592 -7.244 -14.364 1.941
5 24 -2.592 -5 6.975 -1.941 -22.516 7.244 -3.75 -5 6.495 -1.941 -2.5 7.244
5 24 2.445 -17.325 -34.869 4.272 -17.224 -35.59 1.535 -17.419 -36.286 3.421 -17.2 -33.002
2 24 -15 -5 0 -14.884 -5 -2.218
2 24 1.112 -16.206 -36.888 1.535 -16.172 -36.369
5 24 0 -13.508 -33.972 0 -12.516 -19.061 -1.528 -13.406 -32.397 1.528 -13.406 -32.397
5 24 0 -17.5 -37.498 0.561 -17.492 -39.879 0.302 -17.498 -39.963 0.146 -17.499 -37.484
2 24 -5.15 -17.59 -8.546 -5 -17.589 -8.66
2 24 -0.302 -17.498 -39.963 0 -17.5 -40
2 24 5.595 -17.591 -4.923 6.944 -13.322 -4.009
2 24 1.941 -2.5 -7.244 2.592 -2.5 -6.975
5 24 12.4 -15.134 -2.015 12.4 -13.887 -2.098 11.041 -15.663 -9.939 12.5 -15 0
5 24 -9.659 -11.455 -2.588 -9.659 -5 -2.588 -8.66 -11.62 -5 -10 -11.277 0
2 24 -5.303 -5 -5.303 -3.75 -5 -6.495
5 24 5 -5 8.66 5.786 -19.552 8.057 7.071 -13.112 7.071 5 -22.5 8.66
5 24 0 -5 7.5 1.941 -2.5 7.244 0 -2.5 7.5 1.941 -22.516 7.244
2 24 -0.713 -16.232 -37.269 -0.524 -16.241 -37.405
2 24 2.588 -5 9.659 5 -5 8.66
2 24 1.528 -5 -25.851 3.895 -5 -22.652
2 24 7.5 -12.5 37.5 12.063 -14.462 8.076
2 24 -10 -13.766 0 -8.75 -12.398 20
2 24 0 -17.553 1.165 6.611 -17.594 3.332
2 24 12.4 -13.887 -2.098 12.5 -13.753 -0.083
5 24 0 -5 7.5 0 -2.5 7.5 -1.941 -2.5 7.244 1.941 -2.5 7.244
5 24 12.4 -15.134 -2.015 14.547 -15.342 -5.473 15 -15 0 11.041 -15.663 -9.939
2 24 14.547 -5 -4.533 14.884 -5 -2.218
2 24 -6.975 -5 2.592 -6.495 -5 3.75
5 24 -0.561 -17.492 -39.879 0 -17.5 -37.498 -0.302 -17.498 -39.963 -0.799 -17.485 -39.766
2 24 -0.319 -17.495 -37.429 -0.146 -17.499 -37.484
2 24 -12.063 -13.214 7.993 -10.452 -12.414 20
5 24 13.304 -5 -9.252 14.012 -15.534 -8.547 14.547 -5 -4.533 9.22 -5 -18.39
5 24 -14.547 -15.342 -5.473 -11.041 -15.663 -9.939 -12.4 -15.134 -2.015 -14.012 -15.534 -8.547
2 24 9.22 -5 -18.39 13.304 -5 -9.252
5 24 1.941 -22.516 7.244 1.941 -2.5 7.244 2.592 -5 6.975 0 -5 7.5
2 24 2.588 -5 9.659 2.592 -5 6.975
5 24 -11.041 -14.415 -10.022 -10 -13.766 0 -7.5 -14.907 -17.5 -12.4 -13.887 -2.098
2 24 7.071 -5 7.071 8.66 -5 5
5 24 -12.474 -11.275 -0.159 -10 -11.277 0 -9.659 -11.102 2.588 -9.659 -11.455 -2.588
2 24 5 -22.5 8.66 5.149 -22.5 8.565
5 24 0 -16.253 -37.582 2.445 -16.077 -34.952 1.535 -16.172 -36.369 3.421 -15.953 -33.085
5 24 8.66 -11.62 -5 8.66 -5 -5 9.659 -11.455 -2.588 7.071 -11.742 -7.071
5 24 -1.688 -17.443 -39.088 -1.297 -5 -29.504 -2.23 -17.41 -38.52 -1.297 -17.464 -39.43
5 24 0 -22.5 6.602 0 -17.553 1.165 -3.75 -21.325 6.495 3.75 -21.325 6.495
5 24 0 -17.5 -37.498 0 -16.253 -37.582 -0.146 -17.499 -37.484 0.146 -17.499 -37.484
5 24 0 -17.5 -37.498 0.302 -17.498 -39.963 0.561 -17.492 -39.879 0.081 -17.5 -39.997
5 24 0 -16.253 -37.582 1.535 -16.172 -36.369 2.445 -16.077 -34.952 1.112 -16.206 -36.888
5 24 0 -17.5 -10 0 -5 -10 -2.588 -17.564 -9.659 2.588 -17.564 -9.659
2 24 -2.588 -22.5 9.659 0 -22.5 10
5 24 0 -22.5 10 0 -5 10 -2.588 -22.5 9.659 2.588 -22.5 9.659
5 24 6.818 -10.02 17.5 7.071 -13.112 7.071 7.485 -10.813 6.531 4.268 -22.5 17.5
5 24 -7.027 -11.744 -7.105 -5 -5 -8.66 -6.185 -14.717 -7.751 -7.071 -11.742 -7.071
5 24 -11.177 -10.02 17.5 -7.485 -10.813 6.531 -6.818 -10.02 17.5 -8.66 -10.926 5
2 24 -0.3 -5 -29.97 0 -5 -30
5 24 -8.75 -12.398 20 -7.126 -25 7.5 -8.507 -20 2.5 -6.25 -25 20
5 24 -3.75 -21.325 6.495 0 -17.553 1.165 -5.303 -19.772 5.303 0 -22.5 6.602
2 24 -2.592 -2.5 6.975 -2.588 -2.5 9.659
2 24 5.303 -5 5.303 6.495 -5 3.75
2 24 2.084 -13.35 -31.68 3.645 -13.198 -29.362
5 24 14.563 -14.375 10 14.563 -5 9.531 15 -15 0 10 -12.5 40
5 24 -4.272 -17.224 -35.59 -3.421 -17.2 -33.002 -6.757 -16.925 -30.792 -2.445 -17.325 -34.869
2 24 -1.528 -13.406 -32.397 -0.542 -13.477 -33.498
2 24 8.66 -11.62 -5 9.659 -11.455 -2.588
2 24 -3.75 -17.581 -6.495 -1.941 -17.56 -7.244
5 24 -7.5 -12.82 0 -7.244 -2.5 1.941 -7.5 -2.5 0 -7.428 -13.322 0.55
2 24 5.837 -12.367 -16.802 7.027 -11.744 -7.105
5 24 0 -25 5.448 0 -20 0 -7.126 -25 7.5 7.126 -25 7.5
5 24 -3.081 -17.339 -37.43 -1.535 -17.419 -36.286 -2.23 -17.41 -38.52 -4.272 -17.224 -35.59
5 24 -10 -11.277 0 -10 -2.5 0 -9.659 -5 2.588 -9.659 -5 -2.588
5 24 10 -13.766 0 12.063 -13.214 7.993 12.5 -13.753 -0.083 8.75 -12.398 20
2 24 -11.041 -15.663 -9.939 -7.558 -16.492 -22.377
2 24 0 -5 -30 0.3 -5 -29.97
2 24 0.146 -16.252 -37.567 0.319 -16.248 -37.513
2 24 -0.302 -17.498 -39.963 -0.081 -17.5 -39.997
2 24 2.588 -5 -9.659 5 -5 -8.66
5 24 -12.063 -14.462 8.076 -10.452 -12.414 20 -7.5 -12.5 37.5 -12.063 -13.214 7.993
5 24 -12.499 -5 0 -12.474 -11.275 -0.159 -11.177 -5 17.5 -12.395 -5 -1.968
2 24 -3.081 -17.339 -37.43 -2.23 -17.41 -38.52
2 24 1.941 -17.56 -7.244 3.75 -17.581 -6.495
2 24 0 -12.516 -19.061 5.837 -12.367 -16.802
5 24 7.5 -14.907 -17.5 7.558 -15.245 -22.46 11.041 -14.415 -10.022 0 -15.083 -20
2 24 4.268 -22.5 17.5 6.818 -10.02 17.5
2 24 -9.531 -5 -12.309 -7.489 -5 -16.587
5 24 2.445 -17.325 -34.869 2.445 -16.077 -34.952 1.535 -17.419 -36.286 3.421 -17.2 -33.002
2 24 -4.268 -22.5 17.5 0 -22.5 17.5
5 24 0 -5 10 2.588 -5 9.659 0 -2.5 10 0 -22.5 10
2 24 -0.8 -5 -29.8 -0.3 -5 -29.97
2 24 -7.136 -13.322 -2.204 -6.944 -13.322 -4.009
2 24 1.688 -17.443 -39.088 2.23 -17.41 -38.52
5 24 -7.244 -14.364 1.941 -6.611 -17.594 3.332 -6.495 -17.988 3.75 -7.428 -13.322 0.55
2 24 5.595 -17.591 -4.923 6.495 -13.322 -3.75
2 24 -6.185 -14.717 -7.751 -5.15 -17.59 -8.546
5 24 -10 -2.5 0 -9.659 -5 -2.588 -10 -11.277 0 -9.659 -2.5 -2.588
5 24 7.485 -10.813 6.531 11.177 -10.02 17.5 6.818 -10.02 17.5 8.66 -10.926 5
5 24 7.5 -12.82 0 7.5 -2.5 0 7.244 -13.011 -1.941 7.244 -2.5 1.941
5 24 -5.837 -12.367 -16.802 -3.645 -13.198 -29.362 -8.66 -12.492 -17.543 0 -12.516 -19.061
2 24 -7.5 -14.907 -17.5 -6.343 -20 -11.248
2 24 11.041 -15.663 -9.939 12.4 -15.134 -2.015
5 24 8.507 -20 2.5 8.75 -12.398 20 7.126 -25 7.5 10 -13.766 0
2 24 -1.941 -22.516 7.244 0 -22.5 7.5
5 24 -1.535 -17.419 -36.286 -1.535 -16.172 -36.369 -2.445 -17.325 -34.869 -1.112 -17.454 -36.805
5 24 6.975 -5 2.592 7.244 -2.5 1.941 6.975 -2.5 2.592 7.244 -14.364 1.941
2 24 -9.659 -5 -2.588 -6.975 -5 -2.592
2 24 -12.5 -15 0 -12.063 -14.462 8.076
2 24 3.421 -17.2 -33.002 7.558 -16.492 -22.377
2 24 6.25 -25 20 7.126 -25 7.5
2 24 7.558 -16.492 -22.377 11.041 -15.663 -9.939
2 24 -6.25 -25 20 0 -25 20
2 24 -0.319 -16.248 -37.513 -0.146 -16.252 -37.567
2 24 -5.786 -19.552 8.057 -5.149 -22.5 8.565
2 24 -0.524 -16.241 -37.405 -0.319 -16.248 -37.513
2 24 -15 -15 0 -14.563 -14.375 10
5 24 0 -12.516 -19.061 3.645 -13.198 -29.362 2.084 -13.35 -31.68 5.837 -12.367 -16.802
2 24 6.975 -5 2.592 6.975 -2.5 2.592
5 24 -5.786 -19.552 8.057 -4.268 -22.5 17.5 -7.071 -13.112 7.071 -5.149 -22.5 8.565
2 24 -10 -13.766 0 -7.5 -14.907 -17.5
2 24 -0.799 -17.485 -39.766 -0.302 -17.498 -39.963
2 24 10 -12.5 40 14.563 -14.375 10
2 24 0.561 -17.492 -39.879 0.799 -17.485 -39.766
2 24 0 -2.5 -7.5 1.941 -2.5 -7.244
2 24 0.8 -5 -29.8 1.297 -5 -29.504
2 24 -9.22 -5 -18.39 -5.51 -5 -24.56
5 24 -1.297 -17.464 -39.43 -0.319 -17.495 -37.429 -1.688 -17.443 -39.088 -1.045 -17.476 -39.615
5 24 -1.688 -17.443 -39.088 -0.524 -17.488 -37.322 -2.23 -17.41 -38.52 -1.297 -17.464 -39.43
2 24 7.485 -10.813 6.531 8.66 -10.926 5
2 24 -6.975 -5 -2.592 -6.975 -2.5 -2.592
5 24 -7.071 -13.112 7.071 -6.818 -10.02 17.5 -7.485 -10.813 6.531 -5.786 -19.552 8.057
5 24 -7.244 -14.364 1.941 -6.975 -5 2.592 -6.495 -5 3.75 -7.244 -2.5 1.941
5 24 -10.452 -12.414 20 -7.5 -12.5 37.5 -10.452 -7.5 20 -12.063 -14.462 8.076
5 24 5.51 -5 -24.56 6.757 -16.925 -30.792 9.22 -5 -18.39 3.67 -5 -27.1
5 24 -6.757 -16.925 -30.792 -3.421 -17.2 -33.002 -4.272 -17.224 -35.59 -7.558 -16.492 -22.377
5 24 1.941 -22.516 7.244 2.592 -5 6.975 3.75 -21.325 6.495 1.941 -2.5 7.244
2 24 -11.464 -16.15 -18.403 -6.757 -16.925 -30.792
2 24 11.177 -5 17.5 12.499 -5 0
5 24 -12.474 -11.275 -0.159 -9.659 -11.102 2.588 -10 -11.277 0 -8.66 -10.926 5
5 24 0 -16.253 -37.582 0.524 -16.241 -37.405 0.319 -16.248 -37.513 0.713 -16.232 -37.269
2 24 6.975 -5 -2.592 9.659 -5 -2.588
5 24 -2.23 -17.41 -38.52 -0.713 -17.479 -37.186 -1.688 -17.443 -39.088 -1.112 -17.454 -36.805
2 24 7.244 -2.5 1.941 7.5 -2.5 0
5 24 -6.185 -14.717 -7.751 -5.837 -12.367 -16.802 -7.027 -11.744 -7.105 -4.911 -17.59 -10.482
5 24 -1.528 -13.406 -32.397 0 -12.516 -19.061 0 -13.508 -33.972 -2.084 -13.35 -31.68
2 24 0 -25 5.448 7.126 -25 7.5
5 24 0 -17.553 1.165 5.303 -19.772 5.303 3.75 -21.325 6.495 6.495 -17.988 3.75
2 24 2.592 -5 -6.975 2.592 -2.5 -6.975
5 24 -7.136 -13.322 -2.204 -5.595 -17.591 -4.923 -7.428 -13.322 0.55 -6.944 -13.322 -4.009
2 24 5 -17.589 -8.66 5.15 -17.59 -8.546
5 24 -7.485 -10.813 6.531 -7.071 -5 7.071 -7.071 -13.112 7.071 -8.66 -10.926 5
5 24 1.528 -5 -25.851 3.645 -13.198 -29.362 3.895 -5 -22.652 0.542 -5 -26.918
5 24 -11.041 -14.415 -10.022 -7.5 -14.907 -17.5 -10 -13.766 0 -7.558 -15.245 -22.46
5 24 -4.272 -17.224 -35.59 -2.445 -17.325 -34.869 -3.081 -17.339 -37.43 -3.421 -17.2 -33.002
2 24 -7.558 -15.245 -22.46 -3.421 -15.953 -33.085
2 24 -6.944 -13.322 -4.009 -5.595 -17.591 -4.923
5 24 0 -22.5 6.602 3.75 -21.325 6.495 1.941 -22.516 7.244 0 -17.553 1.165
2 24 5 -5 -8.66 7.071 -5 -7.071
5 24 11.979 -11.625 -5.213 12.079 -5 -4.128 12.474 -11.275 -0.159 11.419 -11.817 -8.125
2 24 -7.244 -2.5 -1.941 -6.975 -2.5 -2.592
5 24 3.645 -13.198 -29.362 3.895 -5 -22.652 1.528 -5 -25.851 8.66 -12.492 -17.543
2 24 -12.079 -5 -4.128 -11.145 -5 -8.006
5 24 -15 -15 0 -12.5 -15 0 -12.4 -15.134 -2.015 -14.563 -14.375 10
2 24 3.645 -13.198 -29.362 8.66 -12.492 -17.543
2 24 -2.592 -5 -6.975 -2.588 -5 -9.659
2 24 6.975 -2.5 -2.592 7.244 -2.5 -1.941
5 24 6.495 -17.988 3.75 6.495 -5 3.75 7.244 -14.364 1.941 5.303 -5 5.303
2 24 -8.507 -20 2.5 0 -20 0
5 24 -7.558 -16.492 -22.377 -6.757 -16.925 -30.792 -11.464 -16.15 -18.403 -3.421 -17.2 -33.002
5 24 0 -17.527 -12.683 0 -12.516 -19.061 -4.911 -17.59 -10.482 4.911 -17.59 -10.482
5 24 0.542 -5 -26.918 2.084 -13.35 -31.68 1.528 -5 -25.851 1.528 -13.406 -32.397
2 24 0 -25 20 6.25 -25 20
5 24 0 -16.253 -37.582 0.713 -16.232 -37.269 1.112 -16.206 -36.888 0.524 -16.241 -37.405
2 24 -11.145 -5 -8.006 -9.531 -5 -12.309
5 24 -5.303 -17.59 -5.303 -5.303 -5 -5.303 -6.495 -13.322 -3.75 -3.75 -17.581 -6.495
5 24 -11.979 -11.625 -5.213 -9.659 -11.455 -2.588 -8.66 -11.62 -5 -12.474 -11.275 -0.159
5 24 10 -13.766 0 12.5 -13.753 -0.083 12.4 -13.887 -2.098 12.063 -13.214 7.993
2 24 -0.524 -17.488 -37.322 -0.319 -17.495 -37.429
2 24 -2.592 -5 6.975 -2.588 -5 9.659
2 24 -0.146 -16.252 -37.567 0 -16.253 -37.582
5 24 0 -17.553 1.165 3.75 -17.581 -6.495 1.941 -17.56 -7.244 5.303 -17.59 -5.303
5 24 -3.421 -15.953 -33.085 0 -15.083 -20 -7.558 -15.245 -22.46 0 -16.253 -37.582
5 24 7.244 -14.364 1.941 7.244 -2.5 1.941 7.428 -13.322 0.55 6.975 -5 2.592
2 24 -1.297 -5 -29.504 -0.8 -5 -29.8
2 24 0.081 -17.5 -39.997 0.302 -17.498 -39.963
2 24 -14.563 -5 9.531 -10 -5 40
2 24 0.302 -17.498 -39.963 0.561 -17.492 -39.879
5 24 -15 -15 0 -14.884 -5 -2.218 -15 -5 0 -14.547 -15.342 -5.473
2 24 -12.5 -13.753 -0.083 -12.4 -13.887 -2.098
5 24 -7.244 -13.011 -1.941 -7.244 -2.5 -1.941 -7.5 -12.82 0 -6.975 -5 -2.592
2 24 0 -13.508 -33.972 0.542 -13.477 -33.498
2 24 5.303 -19.772 5.303 6.495 -17.988 3.75
5 24 0.146 -17.499 -37.484 1.045 -17.476 -39.615 0.799 -17.485 -39.766 0.319 -17.495 -37.429
2 24 -7.071 -5 -7.071 -5 -5 -8.66
2 24 2.588 -2.5 9.659 2.592 -2.5 6.975
2 24 9.531 -5 -12.309 11.145 -5 -8.006
2 24 7.5 -7.5 37.417 10.452 -7.5 20
2 24 -10 -12.5 40 0 -12.5 40
2 24 5 -5 8.66 7.071 -5 7.071
5 24 11.145 -5 -8.006 11.419 -11.817 -8.125 9.531 -5 -12.309 12.079 -5 -4.128
2 24 4.911 -17.59 -10.482 5.837 -12.367 -16.802
2 24 -5 -17.589 -8.66 -2.588 -17.564 -9.659
5 24 5.303 -5 5.303 6.495 -17.988 3.75 5.303 -19.772 5.303 6.495 -5 3.75
5 24 7.244 -2.5 1.941 7.5 -12.82 0 7.5 -2.5 0 7.428 -13.322 0.55
5 24 7.027 -11.744 -7.105 11.419 -11.817 -8.125 7.071 -11.742 -7.071 5.837 -12.367 -16.802
5 24 5.303 -19.772 5.303 5.303 -5 5.303 6.495 -17.988 3.75 3.75 -21.325 6.495
5 24 4.911 -17.59 -10.482 5 -17.589 -8.66 2.588 -17.564 -9.659 5.15 -17.59 -8.546
5 24 1.941 -17.56 -7.244 1.941 -2.5 -7.244 0 -5 -7.5 2.592 -5 -6.975
5 24 -0.542 -13.477 -33.498 0 -5 -27.381 -1.528 -13.406 -32.397 0 -13.508 -33.972
2 24 0 -7.5 20 10.452 -7.5 20
5 24 5 -22.5 8.66 5.786 -19.552 8.057 5 -5 8.66 5.149 -22.5 8.565
5 24 0 -17.537 -7.5 0 -5 -7.5 -1.941 -17.56 -7.244 1.941 -17.56 -7.244
5 24 -7.428 -13.322 0.55 -7.244 -14.364 1.941 -7.244 -2.5 1.941 -6.611 -17.594 3.332
5 24 -4.911 -17.59 -10.482 -2.588 -17.564 -9.659 -5 -17.589 -8.66 0 -17.527 -12.683
5 24 5 -5 -8.66 6.185 -14.717 -7.751 5 -17.589 -8.66 7.027 -11.744 -7.105
2 24 7.558 -15.245 -22.46 11.041 -14.415 -10.022
2 24 8.66 -10.926 5 9.659 -11.102 2.588
2 24 10.452 -12.414 20 12.063 -13.214 7.993
5 24 -14.012 -15.534 -8.547 -11.041 -15.663 -9.939 -11.464 -16.15 -18.403 -14.547 -15.342 -5.473
2 24 1.297 -17.464 -39.43 1.688 -17.443 -39.088
2 24 8.75 -12.398 20 10 -13.766 0
5 24 -6.185 -14.717 -7.751 -4.911 -17.59 -10.482 -5.15 -17.59 -8.546 -5.837 -12.367 -16.802
2 24 6.757 -16.925 -30.792 11.464 -16.15 -18.403
2 24 8.66 -12.492 -17.543 11.419 -11.817 -8.125
2 24 -3.75 -5 -6.495 -2.592 -5 -6.975
5 24 -1.941 -17.56 -7.244 0 -17.553 1.165 -3.75 -17.581 -6.495 0 -17.537 -7.5
5 24 8.66 -10.926 5 11.177 -10.02 17.5 12.474 -11.275 -0.159 7.485 -10.813 6.531
5 24 -9.531 -5 -12.309 -8.66 -12.492 -17.543 -11.145 -5 -8.006 -7.489 -5 -16.587
5 24 7.428 -13.322 0.55 7.5 -12.82 0 7.136 -13.322 -2.204 7.244 -2.5 1.941
2 24 -6.944 -13.322 -4.009 -6.495 -13.322 -3.75
2 24 0 -17.5 -37.498 0.146 -17.499 -37.484
5 24 0.713 -17.479 -37.186 2.23 -17.41 -38.52 0.524 -17.488 -37.322 1.112 -17.454 -36.805
2 24 7.244 -2.5 -1.941 7.5 -2.5 0
5 24 1.112 -17.454 -36.805 1.112 -16.206 -36.888 0.713 -17.479 -37.186 1.535 -17.419 -36.286
2 24 -6.495 -13.322 -3.75 -5.595 -17.591 -4.923
2 24 2.445 -16.077 -34.952 3.421 -15.953 -33.085
2 24 -11.419 -11.817 -8.125 -8.66 -12.492 -17.543
2 24 -7.126 -25 7.5 0 -25 5.448
2 24 7.126 -25 7.5 8.507 -20 2.5
2 24 6.975 -5 2.592 9.659 -5 2.588
5 24 -7.244 -13.011 -1.941 -6.495 -13.322 -3.75 -6.975 -5 -2.592 -7.136 -13.322 -2.204
2 24 -10 -2.5 0 -9.659 -2.5 2.588
2 24 -7.071 -13.112 7.071 -5.786 -19.552 8.057
2 24 9.659 -2.5 -2.588 10 -2.5 0
5 24 -3.75 -17.581 -6.495 -3.75 -5 -6.495 -1.941 -17.56 -7.244 -5.303 -17.59 -5.303
2 24 0.542 -13.477 -33.498 1.528 -13.406 -32.397
2 24 7.071 -5 -7.071 8.66 -5 -5
5 24 -9.659 -11.102 2.588 -9.659 -5 2.588 -10 -11.277 0 -8.66 -10.926 5
2 24 -11.177 -10.02 17.5 -6.818 -10.02 17.5
2 24 -9.659 -11.455 -2.588 -8.66 -11.62 -5
5 24 8.66 -10.926 5 8.66 -5 5 7.485 -10.813 6.531 9.659 -11.102 2.588
2 24 8.75 -12.398 20 10.452 -12.414 20
2 24 2.445 -17.325 -34.869 3.421 -17.2 -33.002
2 24 5.595 -17.591 -4.923 6.611 -17.594 3.332
5 24 0.3 -5 -29.97 0.302 -17.498 -39.963 0 -5 -30 0.8 -5 -29.8
5 24 -1.528 -13.406 -32.397 0 -13.508 -33.972 0 -12.516 -19.061 -0.542 -13.477 -33.498
5 24 -14.547 -15.342 -5.473 -12.4 -15.134 -2.015 -15 -15 0 -11.041 -15.663 -9.939
2 24 3.67 -5 -27.1 5.51 -5 -24.56
5 24 -7.071 -13.112 7.071 -5 -5 8.66 -5.786 -19.552 8.057 -7.071 -5 7.071
2 24 -7.071 -11.742 -7.071 -7.027 -11.744 -7.105
5 24 5 -22.5 8.66 5 -5 8.66 5.786 -19.552 8.057 2.588 -22.5 9.659
5 24 7.244 -13.011 -1.941 7.5 -12.82 0 7.244 -2.5 -1.941 7.136 -13.322 -2.204
5 24 15 -15 0 15 -5 0 14.884 -5 -2.218 14.563 -14.375 10
2 24 6.343 -20 -11.248 8.507 -20 2.5
2 24 -2.588 -5 9.659 -2.588 -2.5 9.659
5 24 -6.495 -13.322 -3.75 -5.303 -5 -5.303 -6.495 -5 -3.75 -5.303 -17.59 -5.303
2 24 14.012 -15.534 -8.547 14.547 -15.342 -5.473
5 24 -7.5 -12.82 0 -7.5 -2.5 0 -7.244 -13.011 -1.941 -7.244 -2.5 1.941
2 24 2.588 -22.5 9.659 5 -22.5 8.66
5 24 0 -20 -13.75 0 -15.083 -20 -6.343 -20 -11.248 6.343 -20 -11.248
5 24 3.421 -17.2 -33.002 3.421 -15.953 -33.085 7.558 -16.492 -22.377 2.445 -17.325 -34.869
2 24 8.66 -5 -5 9.659 -5 -2.588
5 24 -0.319 -16.248 -37.513 0 -16.253 -37.582 -0.146 -16.252 -37.567 -0.524 -16.241 -37.405
5 24 -5.303 -17.59 -5.303 0 -17.553 1.165 -5.595 -17.591 -4.923 -3.75 -17.581 -6.495
2 24 -5.837 -12.367 -16.802 0 -12.516 -19.061
5 24 -3.895 -5 -22.652 -3.645 -13.198 -29.362 -1.528 -5 -25.851 -7.489 -5 -16.587
5 24 -0.302 -17.498 -39.963 -0.3 -5 -29.97 0 -17.5 -40 -0.799 -17.485 -39.766
2 24 12.063 -13.214 7.993 12.5 -13.753 -0.083
5 24 6.975 -5 2.592 7.244 -14.364 1.941 6.495 -5 3.75 7.244 -2.5 1.941
2 24 -5 -5 8.66 -2.588 -5 9.659
2 24 -1.297 -17.464 -39.43 -1.045 -17.476 -39.615
5 24 6.757 -16.925 -30.792 7.558 -16.492 -22.377 11.464 -16.15 -18.403 3.421 -17.2 -33.002
2 24 4.272 -17.224 -35.59 6.757 -16.925 -30.792
2 24 -5 -22.5 8.66 -2.588 -22.5 9.659
5 24 0.146 -17.499 -37.484 0.146 -16.252 -37.567 0 -17.5 -37.498 0.319 -17.495 -37.429
5 24 7.126 -25 7.5 8.75 -12.398 20 8.507 -20 2.5 6.25 -25 20
2 24 -12.063 -14.462 8.076 -7.5 -12.5 37.5
2 24 0 -2.5 10 2.588 -2.5 9.659
2 24 0 -17.5 -40 0.302 -17.498 -39.963
5 24 0.524 -17.488 -37.322 1.688 -17.443 -39.088 0.713 -17.479 -37.186 0.319 -17.495 -37.429
5 24 5.303 -17.59 -5.303 6.495 -13.322 -3.75 5.303 -5 -5.303 5.595 -17.591 -4.923
2 24 -12.474 -11.275 -0.159 -11.177 -10.02 17.5
5 24 10 -11.277 0 10 -2.5 0 9.659 -5 2.588 9.659 -5 -2.588
5 24 -14.012 -15.534 -8.547 -13.304 -5 -9.252 -14.547 -15.342 -5.473 -11.464 -16.15 -18.403
5 24 -5 -17.589 -8.66 -4.911 -17.59 -10.482 -2.588 -17.564 -9.659 -5.15 -17.59 -8.546
2 24 -6.975 -5 2.592 -6.975 -2.5 2.592
5 24 7.071 -11.742 -7.071 11.419 -11.817 -8.125 7.027 -11.744 -7.105 8.66 -11.62 -5
2 24 6.25 -25 20 8.75 -12.398 20
2 24 1.528 -13.406 -32.397 2.084 -13.35 -31.68
5 24 -6.185 -14.717 -7.751 -5 -17.589 -8.66 -5 -5 -8.66 -5.15 -17.59 -8.546
5 24 0 -13.508 -33.972 1.528 -13.406 -32.397 0 -12.516 -19.061 0.542 -13.477 -33.498
5 24 -6.495 -13.322 -3.75 -6.495 -5 -3.75 -5.303 -5 -5.303 -7.244 -13.011 -1.941
5 24 -11.419 -11.817 -8.125 -11.145 -5 -8.006 -8.66 -12.492 -17.543 -11.979 -11.625 -5.213
5 24 1.535 -17.419 -36.286 3.081 -17.339 -37.43 1.112 -17.454 -36.805 2.445 -17.325 -34.869
5 24 6.611 -17.594 3.332 7.244 -14.364 1.941 6.495 -17.988 3.75 7.428 -13.322 0.55
5 24 5 -5 -8.66 7.027 -11.744 -7.105 6.185 -14.717 -7.751 7.071 -5 -7.071
2 24 -2.592 -2.5 6.975 -1.941 -2.5 7.244
5 24 6.611 -17.594 3.332 7.428 -13.322 0.55 5.595 -17.591 -4.923 7.244 -14.364 1.941
5 24 -2.588 -5 9.659 0 -5 10 -2.588 -2.5 9.659 -2.588 -22.5 9.659
2 24 9.659 -5 2.588 9.659 -2.5 2.588
2 24 0.713 -17.479 -37.186 1.112 -17.454 -36.805
5 24 0 -17.527 -12.683 2.588 -17.564 -9.659 0 -17.5 -10 4.911 -17.59 -10.482
5 24 -6.185 -14.717 -7.751 -5 -5 -8.66 -5 -17.589 -8.66 -7.027 -11.744 -7.105
2 24 3.895 -5 -22.652 7.489 -5 -16.587
5 24 -2.445 -16.077 -34.952 0 -16.253 -37.582 -1.535 -16.172 -36.369 -3.421 -15.953 -33.085
5 24 0 -17.553 1.165 1.941 -17.56 -7.244 3.75 -17.581 -6.495 0 -17.537 -7.5
2 24 -9.659 -5 -2.588 -8.66 -5 -5
5 24 -12.063 -14.462 8.076 -12.063 -13.214 7.993 -12.5 -15 0 -10.452 -12.414 20
2 24 -5.51 -5 -24.56 -3.67 -5 -27.1
5 24 0.146 -17.499 -37.484 0.799 -17.485 -39.766 1.045 -17.476 -39.615 0 -17.5 -37.498
2 24 -6.818 -10.02 17.5 -4.268 -22.5 17.5
5 24 1.297 -5 -29.504 1.688 -17.443 -39.088 2.23 -5 -28.722 1.297 -17.464 -39.43
2 24 -9.659 -5 2.588 -9.659 -2.5 2.588
2 24 -0.561 -17.492 -39.879 -0.302 -17.498 -39.963
2 24 -10.452 -7.5 20 -7.5 -7.5 37.417
5 24 5.595 -17.591 -4.923 7.136 -13.322 -2.204 6.611 -17.594 3.332 6.944 -13.322 -4.009
2 24 -1.941 -22.516 7.244 0 -22.5 6.602
5 24 11.041 -15.663 -9.939 14.547 -15.342 -5.473 12.4 -15.134 -2.015 14.012 -15.534 -8.547
5 24 11.041 -15.663 -9.939 14.012 -15.534 -8.547 11.464 -16.15 -18.403 14.547 -15.342 -5.473
5 24 -1.112 -17.454 -36.805 -1.112 -16.206 -36.888 -0.713 -17.479 -37.186 -1.535 -17.419 -36.286
2 24 2.592 -5 6.975 2.592 -2.5 6.975
5 24 -1.941 -22.516 7.244 0 -5 7.5 0 -22.5 7.5 -1.941 -2.5 7.244
2 24 -5.149 -22.5 8.565 -4.268 -22.5 17.5
2 24 -7.071 -5 7.071 -5 -5 8.66
2 24 6.975 -2.5 2.592 9.659 -2.5 2.588
5 24 9.659 -11.455 -2.588 11.979 -11.625 -5.213 8.66 -11.62 -5 12.474 -11.275 -0.159
5 24 5 -17.589 -8.66 5 -5 -8.66 2.588 -17.564 -9.659 6.185 -14.717 -7.751
2 24 2.592 -5 -6.975 3.75 -5 -6.495
5 24 0.542 -5 -26.918 1.528 -13.406 -32.397 0 -5 -27.381 2.084 -13.35 -31.68
5 24 3.75 -17.581 -6.495 3.75 -5 -6.495 1.941 -17.56 -7.244 5.303 -17.59 -5.303
2 24 3.081 -17.339 -37.43 4.272 -17.224 -35.59
5 24 6.495 -13.322 -3.75 7.244 -13.011 -1.941 6.495 -5 -3.75 7.136 -13.322 -2.204
2 24 2.588 -5 9.659 2.588 -2.5 9.659
2 24 6.975 -2.5 -2.592 9.659 -2.5 -2.588
2 24 6.818 -10.02 17.5 11.177 -10.02 17.5
5 24 2.588 -17.564 -9.659 2.588 -5 -9.659 5 -17.589 -8.66 0 -17.5 -10
2 24 4.268 -22.5 17.5 5.149 -22.5 8.565
5 24 2.588 -17.564 -9.659 4.911 -17.59 -10.482 5 -17.589 -8.66 0 -17.527 -12.683
5 24 -14.563 -14.375 10 -14.563 -5 9.531 -15 -15 0 -10 -12.5 40
5 24 -7.5 -12.82 0 -7.136 -13.322 -2.204 -7.244 -13.011 -1.941 -7.428 -13.322 0.55
2 24 -1.528 -5 -25.851 -0.542 -5 -26.918
5 24 12.395 -5 -1.968 12.474 -11.275 -0.159 12.499 -5 0 12.079 -5 -4.128
5 24 7.136 -13.322 -2.204 7.428 -13.322 0.55 5.595 -17.591 -4.923 7.5 -12.82 0
5 24 7.244 -14.364 1.941 7.428 -13.322 0.55 7.244 -2.5 1.941 6.611 -17.594 3.332
5 24 -5.303 -19.772 5.303 -5.303 -5 5.303 -6.495 -17.988 3.75 -3.75 -21.325 6.495
2 24 6.495 -13.322 -3.75 7.136 -13.322 -2.204
5 24 -11.464 -16.15 -18.403 -7.558 -16.492 -22.377 -6.757 -16.925 -30.792 -11.041 -15.663 -9.939
2 24 -6.343 -20 -11.248 0 -20 -13.75
2 24 1.535 -16.172 -36.369 2.445 -16.077 -34.952
5 24 6.495 -13.322 -3.75 6.495 -5 -3.75 5.303 -5 -5.303 7.244 -13.011 -1.941
2 24 14.547 -15.342 -5.473 15 -15 0
2 24 -9.659 -2.5 2.588 -6.975 -2.5 2.592
5 24 10 -13.766 0 12.4 -13.887 -2.098 12.5 -13.753 -0.083 11.041 -14.415 -10.022
2 24 7.5 -14.907 -17.5 10 -13.766 0
2 24 1.535 -17.419 -36.286 2.445 -17.325 -34.869
2 24 5.303 -17.59 -5.303 5.595 -17.591 -4.923
2 24 -12.499 -5 0 -12.395 -5 -1.968
2 24 -7.558 -16.492 -22.377 -3.421 -17.2 -33.002
5 24 -3.75 -21.325 6.495 0 -22.5 6.602 -1.941 -22.516 7.244 0 -17.553 1.165
5 24 -11.464 -16.15 -18.403 -11.041 -15.663 -9.939 -14.012 -15.534 -8.547 -7.558 -16.492 -22.377
5 24 9.22 -5 -18.39 11.464 -16.15 -18.403 13.304 -5 -9.252 5.51 -5 -24.56
2 24 -12.5 -13.753 -0.083 -12.063 -13.214 7.993
2 24 0 -17.5 -10 2.588 -17.564 -9.659
2 24 2.588 -2.5 -9.659 2.592 -2.5 -6.975
5 24 6.495 -17.988 3.75 7.244 -14.364 1.941 6.495 -5 3.75 6.611 -17.594 3.332
2 24 -3.67 -5 -27.1 -2.23 -5 -28.722
2 24 -6.975 -5 -2.592 -6.495 -5 -3.75
2 24 4.911 -17.59 -10.482 5.15 -17.59 -8.546
2 24 0 -15.083 -20 7.5 -14.907 -17.5
5 24 0 -17.553 1.165 5.303 -17.59 -5.303 5.595 -17.591 -4.923 3.75 -17.581 -6.495
2 24 -9.659 -5 -2.588 -9.659 -2.5 -2.588
5 24 -7.558 -15.245 -22.46 -7.5 -14.907 -17.5 -11.041 -14.415 -10.022 0 -15.083 -20
5 24 -0.713 -17.479 -37.186 -0.713 -16.232 -37.269 -1.112 -17.454 -36.805 -0.524 -17.488 -37.322
2 24 7.027 -11.744 -7.105 7.071 -11.742 -7.071
5 24 12.5 -15 0 15 -15 0 12.4 -15.134 -2.015 12.063 -14.462 8.076
5 24 0 -12.516 -19.061 2.084 -13.35 -31.68 1.528 -13.406 -32.397 3.645 -13.198 -29.362
2 24 0 -17.5 -40 0.081 -17.5 -39.997
2 24 6.495 -13.322 -3.75 6.944 -13.322 -4.009
2 24 3.75 -21.325 6.495 5.303 -19.772 5.303
5 24 7.5 -12.5 37.5 10 -12.5 40 12.063 -14.462 8.076 0 -12.5 40
5 24 -1.045 -17.476 -39.615 -0.146 -17.499 -37.484 -0.799 -17.485 -39.766 -1.297 -17.464 -39.43
5 24 0 -5 -10 0 -2.5 -10 -2.588 -5 -9.659 2.588 -5 -9.659
5 24 -2.592 -5 -6.975 -1.941 -17.56 -7.244 -3.75 -5 -6.495 -1.941 -2.5 -7.244
2 24 6.185 -14.717 -7.751 7.027 -11.744 -7.105
5 24 9.659 -11.455 -2.588 9.659 -5 -2.588 8.66 -11.62 -5 10 -11.277 0
5 24 7.071 -11.742 -7.071 7.071 -5 -7.071 8.66 -11.62 -5 7.027 -11.744 -7.105
2 24 7.5 -12.5 37.5 7.5 -7.5 37.417
2 24 11.979 -11.625 -5.213 12.474 -11.275 -0.159
5 24 -1.297 -17.464 -39.43 -1.297 -5 -29.504 -1.688 -17.443 -39.088 -0.799 -17.485 -39.766
2 24 -12.5 -15 0 -12.4 -15.134 -2.015
2 24 0 -12.5 37.5 7.5 -12.5 37.5
5 24 14.547 -15.342 -5.473 14.547 -5 -4.533 14.012 -15.534 -8.547 15 -15 0
5 24 -3.081 -17.339 -37.43 -2.23 -5 -28.722 -2.23 -17.41 -38.52 -4.272 -17.224 -35.59
2 24 -7.244 -2.5 1.941 -6.975 -2.5 2.592
5 24 -3.421 -17.2 -33.002 -3.421 -15.953 -33.085 -7.558 -16.492 -22.377 -2.445 -17.325 -34.869
2 24 -13.304 -5 -9.252 -9.22 -5 -18.39
2 24 0.319 -16.248 -37.513 0.524 -16.241 -37.405
5 24 0 -5 10 0 -2.5 10 -2.588 -5 9.659 2.588 -5 9.659
2 24 12.063 -14.462 8.076 12.5 -15 0
2 24 11.145 -5 -8.006 12.079 -5 -4.128
2 24 7.071 -13.112 7.071 7.485 -10.813 6.531
2 24 6.975 -5 -2.592 6.975 -2.5 -2.592
2 24 -1.112 -16.206 -36.888 -0.713 -16.232 -37.269
2 24 -8.66 -5 5 -7.071 -5 7.071
2 24 -7.5 -2.5 0 -7.244 -2.5 -1.941
2 24 -12.4 -13.887 -2.098 -11.041 -14.415 -10.022
2 24 -3.895 -5 -22.652 -1.528 -5 -25.851
2 24 -7.027 -11.744 -7.105 -5.837 -12.367 -16.802
5 24 -11.419 -11.817 -8.125 -7.027 -11.744 -7.105 -7.071 -11.742 -7.071 -8.66 -12.492 -17.543
2 24 11.419 -11.817 -8.125 11.979 -11.625 -5.213
5 24 -12.474 -11.275 -0.159 -9.659 -11.455 -2.588 -10 -11.277 0 -11.979 -11.625 -5.213
5 24 -2.592 -5 -6.975 -1.941 -2.5 -7.244 -2.592 -2.5 -6.975 -1.941 -17.56 -7.244
2 24 0.319 -17.495 -37.429 0.524 -17.488 -37.322
2 24 14.884 -5 -2.218 15 -5 0
5 24 -11.041 -15.663 -9.939 -11.041 -14.415 -10.022 -7.558 -16.492 -22.377 -12.4 -15.134 -2.015
5 24 8.75 -12.398 20 12.063 -13.214 7.993 10.452 -12.414 20 10 -13.766 0
5 24 -6.757 -16.925 -30.792 -3.67 -5 -27.1 -4.272 -17.224 -35.59 -5.51 -5 -24.56
5 24 3.421 -17.2 -33.002 6.757 -16.925 -30.792 4.272 -17.224 -35.59 7.558 -16.492 -22.377
5 24 0 -15.083 -20 3.421 -15.953 -33.085 7.558 -15.245 -22.46 0 -16.253 -37.582
5 24 9.659 -11.102 2.588 12.474 -11.275 -0.159 10 -11.277 0 8.66 -10.926 5
5 24 -0.799 -17.485 -39.766 -0.146 -17.499 -37.484 -1.045 -17.476 -39.615 -0.561 -17.492 -39.879
5 24 7.244 -2.5 1.941 7.428 -13.322 0.55 7.244 -14.364 1.941 7.5 -12.82 0
5 24 11.041 -15.663 -9.939 11.464 -16.15 -18.403 14.012 -15.534 -8.547 7.558 -16.492 -22.377
5 24 -8.66 -11.62 -5 -8.66 -5 -5 -9.659 -11.455 -2.588 -7.071 -11.742 -7.071
5 24 -2.23 -17.41 -38.52 -2.23 -5 -28.722 -3.081 -17.339 -37.43 -1.688 -17.443 -39.088
2 24 0 -16.253 -37.582 0.146 -16.252 -37.567
2 24 6.818 -10.02 17.5 7.485 -10.813 6.531
2 24 0.146 -17.499 -37.484 0.319 -17.495 -37.429
2 24 -9.659 -2.5 -2.588 -6.975 -2.5 -2.592
2 24 -10 -11.277 0 -9.659 -11.455 -2.588
2 24 0 -2.5 7.5 1.941 -2.5 7.244
2 24 2.23 -17.41 -38.52 3.081 -17.339 -37.43
5 24 -1.528 -13.406 -32.397 -0.542 -5 -26.918 -0.542 -13.477 -33.498 -2.084 -13.35 -31.68
2 24 -7.5 -7.5 37.417 0 -7.5 37.417
2 24 -2.23 -17.41 -38.52 -1.688 -17.443 -39.088
5 24 12.063 -14.462 8.076 14.563 -14.375 10 7.5 -12.5 37.5 12.5 -15 0
5 24 -7.5 -12.82 0 -7.428 -13.322 0.55 -7.136 -13.322 -2.204 -7.244 -2.5 1.941
5 24 7.071 -13.112 7.071 7.071 -5 7.071 7.485 -10.813 6.531 5 -5 8.66
5 24 4.911 -17.59 -10.482 6.185 -14.717 -7.751 5.15 -17.59 -8.546 5.837 -12.367 -16.802
5 24 -6.495 -17.988 3.75 0 -17.553 1.165 -6.611 -17.594 3.332 -5.303 -19.772 5.303
2 24 -1.535 -17.419 -36.286 -1.112 -17.454 -36.805
2 24 -5.149 -22.5 8.565 -5 -22.5 8.66
2 24 0 -13.508 -33.972 0 -5 -27.381
2 24 0 -22.5 10 2.588 -22.5 9.659
2 24 -0.542 -13.477 -33.498 0 -13.508 -33.972
2 24 0 -20 -13.75 6.343 -20 -11.248
2 24 -5.15 -17.59 -8.546 -4.911 -17.59 -10.482
5 24 -15 -15 0 -12.4 -15.134 -2.015 -14.547 -15.342 -5.473 -12.5 -15 0
2 24 6.495 -5 -3.75 6.975 -5 -2.592
2 24 1.045 -17.476 -39.615 1.297 -17.464 -39.43
5 24 -10 -12.5 40 -7.5 -12.5 37.5 -14.563 -14.375 10 0 -12.5 40
2 24 6.975 -2.5 2.592 7.244 -2.5 1.941
2 24 -11.979 -11.625 -5.213 -11.419 -11.817 -8.125
2 24 9.659 -11.102 2.588 10 -11.277 0
2 24 -12.395 -5 -1.968 -12.079 -5 -4.128
2 24 0 -7.5 37.417 7.5 -7.5 37.417
2 24 -1.688 -17.443 -39.088 -1.297 -17.464 -39.43
5 24 -12.079 -5 -4.128 -11.979 -11.625 -5.213 -12.395 -5 -1.968 -11.145 -5 -8.006
2 24 14.563 -5 9.531 15 -5 0
2 24 10 -12.5 40 10 -5 40
2 24 -14.884 -5 -2.218 -14.547 -5 -4.533
2 24 -11.041 -14.415 -10.022 -7.558 -15.245 -22.46
2 24 10.452 -12.414 20 10.452 -7.5 20
2 24 0.799 -17.485 -39.766 1.297 -17.464 -39.43
2 24 0.799 -17.485 -39.766 1.045 -17.476 -39.615
5 24 -12.4 -13.887 -2.098 -10 -13.766 0 -12.5 -13.753 -0.083 -11.041 -14.415 -10.022
5 24 -5.595 -17.591 -4.923 0 -17.553 1.165 -5.303 -17.59 -5.303 -6.611 -17.594 3.332
5 24 7.244 -13.011 -1.941 7.244 -2.5 -1.941 7.5 -12.82 0 6.975 -5 -2.592
2 24 5.303 -5 -5.303 6.495 -5 -3.75
5 24 -14.563 -14.375 10 -12.063 -14.462 8.076 -10 -12.5 40 -15 -15 0
5 24 -12.474 -11.275 -0.159 -8.66 -10.926 5 -11.177 -10.02 17.5 -9.659 -11.102 2.588
2 24 -14.563 -14.375 10 -10 -12.5 40
5 24 2.588 -22.5 9.659 2.588 -5 9.659 0 -22.5 10 5 -22.5 8.66
2 24 -10 -12.5 40 -10 -5 40
5 24 3.67 -5 -27.1 6.757 -16.925 -30.792 2.23 -5 -28.722 5.51 -5 -24.56
5 24 -8.66 -12.492 -17.543 -7.489 -5 -16.587 -9.531 -5 -12.309 -3.645 -13.198 -29.362
2 24 -9.659 -5 2.588 -8.66 -5 5
5 24 -2.588 -17.564 -9.659 -2.588 -5 -9.659 -5 -17.589 -8.66 0 -17.5 -10
2 24 0.524 -16.241 -37.405 0.713 -16.232 -37.269
2 24 0.524 -17.488 -37.322 0.713 -17.479 -37.186
5 24 -3.645 -13.198 -29.362 0 -12.516 -19.061 -2.084 -13.35 -31.68 -5.837 -12.367 -16.802
5 24 0 -17.553 1.165 3.75 -21.325 6.495 5.303 -19.772 5.303 0 -22.5 6.602
5 24 -7.244 -13.011 -1.941 -6.975 -5 -2.592 -7.244 -2.5 -1.941 -6.495 -13.322 -3.75
2 24 -2.588 -2.5 -9.659 0 -2.5 -10
2 24 0 -22.5 6.602 1.941 -22.516 7.244
5 24 3.75 -21.325 6.495 3.75 -5 6.495 1.941 -22.516 7.244 5.303 -19.772 5.303
5 24 -0.713 -16.232 -37.269 0 -16.253 -37.582 -1.112 -16.206 -36.888 -0.524 -16.241 -37.405
5 24 -8.75 -12.398 20 -8.507 -20 2.5 -7.126 -25 7.5 -10 -13.766 0
5 24 6.975 -5 -2.592 7.244 -13.011 -1.941 7.244 -2.5 -1.941 6.495 -5 -3.75
2 24 -12.4 -15.134 -2.015 -11.041 -15.663 -9.939
2 24 -9.659 -5 2.588 -6.975 -5 2.592
5 24 6.495 -5 3.75 7.244 -14.364 1.941 6.495 -17.988 3.75 6.975 -5 2.592
5 24 -12.474 -11.275 -0.159 -12.395 -5 -1.968 -12.499 -5 0 -11.979 -11.625 -5.213
2 24 -1.112 -17.454 -36.805 -0.713 -17.479 -37.186
2 24 -7.485 -10.813 6.531 -6.818 -10.02 17.5
2 24 -7.126 -25 7.5 -6.25 -25 20
2 24 -2.592 -2.5 -6.975 -2.588 -2.5 -9.659
2 24 -8.66 -5 -5 -7.071 -5 -7.071
5 24 -7.244 -14.364 1.941 -7.244 -2.5 1.941 -7.428 -13.322 0.55 -6.975 -5 2.592
5 24 3.421 -17.2 -33.002 4.272 -17.224 -35.59 6.757 -16.925 -30.792 2.445 -17.325 -34.869
2 24 -0.542 -5 -26.918 0 -5 -27.381
2 24 0.3 -5 -29.97 0.8 -5 -29.8
2 24 -14.547 -15.342 -5.473 -14.012 -15.534 -8.547
5 24 -2.588 -22.5 9.659 -2.588 -5 9.659 0 -22.5 10 -5 -22.5 8.66
2 24 -2.592 -5 -6.975 -2.592 -2.5 -6.975
2 24 -2.084 -13.35 -31.68 -1.528 -13.406 -32.397
2 24 0 -20 0 8.507 -20 2.5
5 24 -7.558 -15.245 -22.46 0 -15.083 -20 -3.421 -15.953 -33.085 -7.5 -14.907 -17.5
2 24 -1.941 -2.5 7.244 0 -2.5 7.5
2 24 -6.757 -16.925 -30.792 -4.272 -17.224 -35.59
5 24 4.268 -22.5 17.5 5.786 -19.552 8.057 6.818 -10.02 17.5 5.149 -22.5 8.565
5 24 12.474 -11.275 -0.159 12.499 -5 0 11.177 -10.02 17.5 12.395 -5 -1.968
2 24 -14.012 -15.534 -8.547 -11.464 -16.15 -18.403
5 24 -10 -11.277 0 -9.659 -5 -2.588 -9.659 -11.455 -2.588 -10 -2.5 0
5 24 5 -17.589 -8.66 6.185 -14.717 -7.751 5 -5 -8.66 5.15 -17.59 -8.546
5 24 -6.495 -17.988 3.75 -6.495 -5 3.75 -7.244 -14.364 1.941 -5.303 -5 5.303
5 24 -0.146 -17.499 -37.484 -0.146 -16.252 -37.567 0 -17.5 -37.498 -0.319 -17.495 -37.429
2 24 -0.146 -17.499 -37.484 0 -17.5 -37.498
5 24 -3.421 -15.953 -33.085 0 -16.253 -37.582 0 -15.083 -20 -2.445 -16.077 -34.952
5 24 -12.063 -13.214 7.993 -10 -13.766 0 -12.5 -13.753 -0.083 -8.75 -12.398 20
2 24 6.944 -13.322 -4.009 7.136 -13.322 -2.204
2 24 1.112 -17.454 -36.805 1.535 -17.419 -36.286
5 24 8.66 -12.492 -17.543 9.531 -5 -12.309 11.419 -11.817 -8.125 7.489 -5 -16.587
5 24 -6.757 -16.925 -30.792 -5.51 -5 -24.56 -11.464 -16.15 -18.403 -3.67 -5 -27.1
5 24 5.303 -5 -5.303 6.495 -13.322 -3.75 6.495 -5 -3.75 5.303 -17.59 -5.303
5 24 0 -12.516 -19.061 1.528 -13.406 -32.397 0 -13.508 -33.972 2.084 -13.35 -31.68
5 24 0 -16.253 -37.582 0.319 -16.248 -37.513 0.146 -16.252 -37.567 0.524 -16.241 -37.405
5 24 -6.495 -13.322 -3.75 -5.303 -17.59 -5.303 -5.303 -5 -5.303 -5.595 -17.591 -4.923
5 24 -2.588 -17.564 -9.659 0 -17.527 -12.683 0 -17.5 -10 -4.911 -17.59 -10.482
2 24 -8.75 -12.398 20 -6.25 -25 20
2 24 -0.081 -17.5 -39.997 0 -17.5 -40
2 24 -5 -5 -8.66 -2.588 -5 -9.659
5 24 9.659 -11.102 2.588 9.659 -5 2.588 10 -11.277 0 8.66 -10.926 5
5 24 0 -5 -27.381 0.542 -13.477 -33.498 0.542 -5 -26.918 0 -13.508 -33.972
5 24 0 -16.253 -37.582 1.112 -16.206 -36.888 0.713 -16.232 -37.269 1.535 -16.172 -36.369
5 24 0.799 -17.485 -39.766 0.8 -5 -29.8 0.302 -17.498 -39.963 1.297 -17.464 -39.43
5 24 7.558 -16.492 -22.377 11.464 -16.15 -18.403 6.757 -16.925 -30.792 11.041 -15.663 -9.939
2 24 -8.66 -11.62 -5 -7.071 -11.742 -7.071
2 24 -11.177 -10.02 17.5 -11.177 -5 17.5
5 24 -0.081 -17.5 -39.997 0 -17.5 -37.498 0 -17.5 -40 -0.302 -17.498 -39.963
5 24 0 -16.253 -37.582 3.421 -15.953 -33.085 0 -15.083 -20 2.445 -16.077 -34.952
2 24 -6.495 -5 -3.75 -5.303 -5 -5.303
2 24 -7.027 -11.744 -7.105 -6.185 -14.717 -7.751
2 24 -8.507 -20 2.5 -6.343 -20 -11.248
2 24 -2.588 -17.564 -9.659 0 -17.5 -10
2 24 3.75 -5 6.495 5.303 -5 5.303
5 24 -6.495 -17.988 3.75 -5.303 -5 5.303 -5.303 -19.772 5.303 -6.495 -5 3.75
5 24 12.5 -15 0 12.5 -13.753 -0.083 12.063 -14.462 8.076 12.4 -15.134 -2.015
2 24 9.659 -11.455 -2.588 10 -11.277 0
0
