0 Etiqueta Ibiza Chimenea
0 Name: p_ibizch.dat
0 Author: svlopez
0 ROTATION CENTER 0 0 0 1 "Custom" 
0 ROTATION CONFIG 0 0
4 15 8.14 2.64 0 9.57 2.64 0 9.57 2.75 0 8.14 2.75 0
4 15 7.37 2.75 0 10.45 2.75 0 10.45 2.86 0 7.37 2.86 0
4 15 6.93 2.86 0 10.89 2.86 0 10.89 2.97 0 6.93 2.97 0
4 15 6.71 2.97 0 11.22 2.97 0 11.22 3.08 0 6.71 3.08 0
4 15 6.49 3.08 0 11.44 3.08 0 11.44 3.19 0 6.49 3.19 0
4 15 6.27 3.19 0 11.77 3.19 0 11.77 3.3 0 6.27 3.3 0
4 15 6.05 3.3 0 11.99 3.3 0 11.99 3.41 0 6.05 3.41 0
4 15 5.83 3.41 0 12.1 3.41 0 12.1 3.52 0 5.83 3.52 0
4 15 5.61 3.52 0 12.21 3.52 0 12.21 3.63 0 5.61 3.63 0
4 15 5.5 3.63 0 12.43 3.63 0 12.43 3.74 0 5.5 3.74 0
4 15 5.39 3.74 0 12.54 3.74 0 12.54 3.85 0 5.39 3.85 0
4 15 5.28 3.85 0 12.65 3.85 0 12.65 3.96 0 5.28 3.96 0
4 15 5.17 3.96 0 12.76 3.96 0 12.76 4.07 0 5.17 4.07 0
4 15 5.06 4.07 0 12.87 4.07 0 12.87 4.18 0 5.06 4.18 0
4 15 5.06 4.18 0 12.98 4.18 0 12.98 4.29 0 5.06 4.29 0
4 15 4.95 4.29 0 12.98 4.29 0 12.98 4.4 0 4.95 4.4 0
4 15 4.95 4.4 0 13.09 4.4 0 13.09 4.51 0 4.95 4.51 0
4 15 4.84 4.51 0 13.09 4.51 0 13.09 4.73 0 4.84 4.73 0
4 15 4.84 4.73 0 13.2 4.73 0 13.2 4.84 0 4.84 4.84 0
4 15 4.73 4.84 0 13.2 4.84 0 13.2 5.06 0 4.73 5.06 0
4 15 4.84 5.06 0 13.2 5.06 0 13.2 5.17 0 4.84 5.17 0
4 15 4.84 5.17 0 13.31 5.17 0 13.31 5.28 0 4.84 5.28 0
4 15 4.95 5.28 0 13.31 5.28 0 13.31 5.5 0 4.95 5.5 0
4 15 5.06 5.5 0 13.31 5.5 0 13.31 5.61 0 5.06 5.61 0
4 15 5.17 5.61 0 13.31 5.61 0 13.31 5.72 0 5.17 5.72 0
4 15 5.28 5.72 0 13.31 5.72 0 13.31 5.83 0 5.28 5.83 0
4 15 5.39 5.83 0 13.31 5.83 0 13.31 5.94 0 5.39 5.94 0
4 15 5.5 5.94 0 13.2 5.94 0 13.2 6.05 0 5.5 6.05 0
4 15 5.72 6.05 0 13.2 6.05 0 13.2 6.16 0 5.72 6.16 0
4 15 5.83 6.16 0 13.2 6.16 0 13.2 6.27 0 5.83 6.27 0
4 15 5.94 6.27 0 13.09 6.27 0 13.09 6.38 0 5.94 6.38 0
4 15 6.05 6.38 0 13.09 6.38 0 13.09 6.49 0 6.05 6.49 0
4 15 6.16 6.49 0 12.98 6.49 0 12.98 6.6 0 6.16 6.6 0
4 15 6.27 6.6 0 12.98 6.6 0 12.98 6.71 0 6.27 6.71 0
4 15 6.38 6.71 0 12.87 6.71 0 12.87 6.82 0 6.38 6.82 0
4 15 6.6 6.82 0 12.87 6.82 0 12.87 6.93 0 6.6 6.93 0
4 15 6.82 6.93 0 12.76 6.93 0 12.76 7.04 0 6.82 7.04 0
4 15 6.93 7.04 0 12.76 7.04 0 12.76 7.15 0 6.93 7.15 0
4 15 7.04 7.15 0 12.65 7.15 0 12.65 7.26 0 7.04 7.26 0
4 15 7.15 7.26 0 12.54 7.26 0 12.54 7.37 0 7.15 7.37 0
4 15 4.51 7.37 0 5.39 7.37 0 5.39 7.48 0 4.51 7.48 0
4 15 7.26 7.37 0 12.43 7.37 0 12.43 7.48 0 7.26 7.48 0
4 15 3.96 7.48 0 5.72 7.48 0 5.72 7.59 0 3.96 7.59 0
4 15 7.37 7.48 0 12.32 7.48 0 12.32 7.59 0 7.37 7.59 0
4 15 3.74 7.59 0 5.94 7.59 0 5.94 7.7 0 3.74 7.7 0
4 15 7.48 7.59 0 12.21 7.59 0 12.21 7.7 0 7.48 7.7 0
4 15 3.63 7.7 0 6.27 7.7 0 6.27 7.81 0 3.63 7.81 0
4 15 7.59 7.7 0 12.1 7.7 0 12.1 7.81 0 7.59 7.81 0
4 15 3.41 7.81 0 6.49 7.81 0 6.49 7.92 0 3.41 7.92 0
4 15 7.59 7.81 0 11.99 7.81 0 11.99 7.92 0 7.59 7.92 0
4 15 3.3 7.92 0 6.71 7.92 0 6.71 8.03 0 3.3 8.03 0
4 15 7.59 7.92 0 9.02 7.92 0 9.02 8.03 0 7.59 8.03 0
4 15 9.13 7.92 0 11.88 7.92 0 11.88 8.03 0 9.13 8.03 0
4 15 3.19 8.03 0 6.82 8.03 0 6.82 8.14 0 3.19 8.14 0
4 15 7.59 8.03 0 8.58 8.03 0 8.58 8.14 0 7.59 8.14 0
4 15 9.68 8.03 0 11.66 8.03 0 11.66 8.14 0 9.68 8.14 0
4 15 13.97 8.03 0 14.52 8.03 0 14.52 8.14 0 13.97 8.14 0
4 15 3.08 8.14 0 6.93 8.14 0 6.93 8.25 0 3.08 8.25 0
4 15 7.59 8.14 0 8.36 8.14 0 8.36 8.25 0 7.59 8.25 0
4 15 9.9 8.14 0 11.44 8.14 0 11.44 8.25 0 9.9 8.25 0
4 15 13.53 8.14 0 14.74 8.14 0 14.74 8.25 0 13.53 8.25 0
4 15 2.97 8.25 0 7.15 8.25 0 7.15 8.36 0 2.97 8.36 0
4 15 7.59 8.25 0 8.25 8.25 0 8.25 8.36 0 7.59 8.36 0
4 15 10.01 8.25 0 11.22 8.25 0 11.22 8.36 0 10.01 8.36 0
4 15 13.31 8.25 0 14.96 8.25 0 14.96 8.36 0 13.31 8.36 0
4 15 2.86 8.36 0 7.37 8.36 0 7.37 8.47 0 2.86 8.47 0
4 15 7.59 8.36 0 8.14 8.36 0 8.14 8.47 0 7.59 8.47 0
4 15 10.12 8.36 0 11.11 8.36 0 11.11 8.47 0 10.12 8.47 0
4 15 13.2 8.36 0 15.07 8.36 0 15.07 8.47 0 13.2 8.47 0
4 15 2.75 8.47 0 8.03 8.47 0 8.03 8.58 0 2.75 8.58 0
4 15 10.23 8.47 0 11 8.47 0 11 8.58 0 10.23 8.58 0
4 15 12.98 8.47 0 15.18 8.47 0 15.18 8.58 0 12.98 8.58 0
4 15 2.75 8.58 0 7.92 8.58 0 7.92 8.69 0 2.75 8.69 0
4 15 10.34 8.58 0 10.89 8.58 0 10.89 8.69 0 10.34 8.69 0
4 15 12.76 8.58 0 15.29 8.58 0 15.29 8.69 0 12.76 8.69 0
4 15 2.64 8.69 0 7.92 8.69 0 7.92 8.8 0 2.64 8.8 0
4 15 10.34 8.69 0 10.78 8.69 0 10.78 8.8 0 10.34 8.8 0
4 15 12.54 8.69 0 15.29 8.69 0 15.29 8.8 0 12.54 8.8 0
4 15 12.43 8.8 0 15.4 8.8 0 15.4 8.91 0 12.43 8.91 0
4 15 10.45 8.8 0 10.78 8.8 0 10.78 9.02 0 10.45 9.02 0
4 15 12.1 8.91 0 15.51 8.91 0 15.51 9.02 0 12.1 9.02 0
4 15 2.53 8.8 0 7.81 8.8 0 7.81 9.13 0 2.53 9.13 0
4 15 10.45 9.02 0 10.89 9.02 0 10.89 9.13 0 10.45 9.13 0
4 15 11.77 9.02 0 15.51 9.02 0 15.51 9.13 0 11.77 9.13 0
4 15 2.42 9.13 0 7.81 9.13 0 7.81 9.24 0 2.42 9.24 0
4 15 10.45 9.13 0 11.22 9.13 0 11.22 9.24 0 10.45 9.24 0
4 15 11.44 9.13 0 15.62 9.13 0 15.62 9.24 0 11.44 9.24 0
4 15 2.42 9.24 0 7.7 9.24 0 7.7 9.35 0 2.42 9.35 0
4 15 2.42 9.35 0 7.81 9.35 0 7.81 9.57 0 2.42 9.57 0
4 15 10.45 9.24 0 15.62 9.24 0 15.62 9.68 0 10.45 9.68 0
4 15 2.31 9.57 0 7.81 9.57 0 7.81 9.79 0 2.31 9.79 0
4 15 10.45 9.68 0 15.73 9.68 0 15.73 9.79 0 10.45 9.79 0
4 15 2.31 9.79 0 7.92 9.79 0 7.92 9.9 0 2.31 9.9 0
4 15 2.2 9.9 0 7.92 9.9 0 7.92 10.01 0 2.2 10.01 0
4 15 10.34 9.79 0 15.73 9.79 0 15.73 10.01 0 10.34 10.01 0
4 15 2.2 10.01 0 8.03 10.01 0 8.03 10.12 0 2.2 10.12 0
4 15 10.23 10.01 0 15.73 10.01 0 15.73 10.12 0 10.23 10.12 0
4 15 2.2 10.12 0 8.14 10.12 0 8.14 10.23 0 2.2 10.23 0
4 15 10.12 10.12 0 15.62 10.12 0 15.62 10.23 0 10.12 10.23 0
4 15 2.2 10.23 0 8.25 10.23 0 8.25 10.34 0 2.2 10.34 0
4 15 10.01 10.23 0 15.62 10.23 0 15.62 10.34 0 10.01 10.34 0
4 15 2.2 10.34 0 8.36 10.34 0 8.36 10.45 0 2.2 10.45 0
4 15 9.9 10.34 0 15.62 10.34 0 15.62 10.45 0 9.9 10.45 0
4 15 2.31 10.45 0 8.58 10.45 0 8.58 10.56 0 2.31 10.56 0
4 15 9.68 10.45 0 15.62 10.45 0 15.62 10.56 0 9.68 10.56 0
4 15 2.31 10.56 0 15.62 10.56 0 15.62 10.78 0 2.31 10.78 0
4 15 2.31 10.78 0 15.51 10.78 0 15.51 11 0 2.31 11 0
4 15 2.31 11 0 8.58 11 0 8.58 11.11 0 2.31 11.11 0
4 15 8.69 11 0 15.51 11 0 15.51 11.11 0 8.69 11.11 0
4 15 2.42 11.11 0 8.36 11.11 0 8.36 11.22 0 2.42 11.22 0
4 15 8.69 11.11 0 15.4 11.11 0 15.4 11.22 0 8.69 11.22 0
4 15 2.42 11.22 0 8.25 11.22 0 8.25 11.33 0 2.42 11.33 0
4 15 8.8 11.22 0 15.4 11.22 0 15.4 11.44 0 8.8 11.44 0
4 15 2.42 11.33 0 8.14 11.33 0 8.14 11.55 0 2.42 11.55 0
4 15 8.8 11.44 0 15.29 11.44 0 15.29 11.55 0 8.8 11.55 0
4 15 2.53 11.55 0 8.03 11.55 0 8.03 11.77 0 2.53 11.77 0
4 15 8.69 11.55 0 15.29 11.55 0 15.29 11.77 0 8.69 11.77 0
4 15 2.64 11.77 0 7.92 11.77 0 7.92 11.99 0 2.64 11.99 0
4 15 8.69 11.77 0 15.18 11.77 0 15.18 11.99 0 8.69 11.99 0
4 15 2.75 11.99 0 7.81 11.99 0 7.81 12.21 0 2.75 12.21 0
4 15 8.69 11.99 0 15.07 11.99 0 15.07 12.21 0 8.69 12.21 0
4 15 2.86 12.21 0 7.81 12.21 0 7.81 12.43 0 2.86 12.43 0
4 15 8.69 12.21 0 14.96 12.21 0 14.96 12.43 0 8.69 12.43 0
4 15 2.97 12.43 0 7.81 12.43 0 7.81 12.54 0 2.97 12.54 0
4 15 2.97 12.54 0 7.7 12.54 0 7.7 12.65 0 2.97 12.65 0
4 15 8.8 12.43 0 14.85 12.43 0 14.85 12.65 0 8.8 12.65 0
4 15 3.08 12.65 0 7.7 12.65 0 7.7 12.76 0 3.08 12.76 0
4 15 8.8 12.65 0 14.74 12.65 0 14.74 12.87 0 8.8 12.87 0
4 15 3.19 12.76 0 7.7 12.76 0 7.7 12.98 0 3.19 12.98 0
4 15 3.3 12.98 0 7.7 12.98 0 7.7 13.09 0 3.3 13.09 0
4 15 8.8 12.87 0 14.63 12.87 0 14.63 13.09 0 8.8 13.09 0
4 15 8.8 13.09 0 14.52 13.09 0 14.52 13.2 0 8.8 13.2 0
4 15 3.41 13.09 0 7.59 13.09 0 7.59 13.31 0 3.41 13.31 0
4 15 8.91 13.2 0 14.41 13.2 0 14.41 13.31 0 8.91 13.31 0
4 15 3.52 13.31 0 7.59 13.31 0 7.59 13.42 0 3.52 13.42 0
4 15 8.91 13.31 0 14.3 13.31 0 14.3 13.42 0 8.91 13.42 0
4 15 3.63 13.42 0 7.59 13.42 0 7.59 13.53 0 3.63 13.53 0
4 15 8.91 13.42 0 14.19 13.42 0 14.19 13.53 0 8.91 13.53 0
4 15 3.74 13.53 0 7.59 13.53 0 7.59 13.64 0 3.74 13.64 0
4 15 9.02 13.53 0 14.08 13.53 0 14.08 13.64 0 9.02 13.64 0
4 15 3.85 13.64 0 7.59 13.64 0 7.59 13.75 0 3.85 13.75 0
4 15 9.02 13.64 0 13.97 13.64 0 13.97 13.75 0 9.02 13.75 0
4 15 3.96 13.75 0 7.59 13.75 0 7.59 13.86 0 3.96 13.86 0
4 15 9.13 13.75 0 13.86 13.75 0 13.86 13.86 0 9.13 13.86 0
4 15 4.07 13.86 0 7.59 13.86 0 7.59 13.97 0 4.07 13.97 0
4 15 9.13 13.86 0 13.75 13.86 0 13.75 13.97 0 9.13 13.97 0
4 15 4.18 13.97 0 7.59 13.97 0 7.59 14.08 0 4.18 14.08 0
4 15 9.24 13.97 0 13.64 13.97 0 13.64 14.08 0 9.24 14.08 0
4 15 4.29 14.08 0 7.59 14.08 0 7.59 14.19 0 4.29 14.19 0
4 15 9.24 14.08 0 13.53 14.08 0 13.53 14.19 0 9.24 14.19 0
4 15 4.4 14.19 0 7.59 14.19 0 7.59 14.3 0 4.4 14.3 0
4 15 9.35 14.19 0 13.42 14.19 0 13.42 14.3 0 9.35 14.3 0
4 15 4.51 14.3 0 7.48 14.3 0 7.48 14.41 0 4.51 14.41 0
4 15 9.46 14.3 0 13.2 14.3 0 13.2 14.41 0 9.46 14.41 0
4 15 4.62 14.41 0 7.48 14.41 0 7.48 14.52 0 4.62 14.52 0
4 15 9.57 14.41 0 12.98 14.41 0 12.98 14.52 0 9.57 14.52 0
4 15 4.84 14.52 0 7.48 14.52 0 7.48 14.63 0 4.84 14.63 0
4 15 9.68 14.52 0 12.76 14.52 0 12.76 14.63 0 9.68 14.63 0
4 15 4.95 14.63 0 7.37 14.63 0 7.37 14.74 0 4.95 14.74 0
4 15 9.79 14.63 0 12.54 14.63 0 12.54 14.74 0 9.79 14.74 0
4 15 5.17 14.74 0 7.37 14.74 0 7.37 14.85 0 5.17 14.85 0
4 15 10.01 14.74 0 12.32 14.74 0 12.32 14.85 0 10.01 14.85 0
4 15 5.39 14.85 0 7.15 14.85 0 7.15 14.96 0 5.39 14.96 0
4 15 10.23 14.85 0 12.1 14.85 0 12.1 14.96 0 10.23 14.96 0
4 15 5.61 14.96 0 7.04 14.96 0 7.04 15.07 0 5.61 15.07 0
4 15 10.56 14.96 0 11.88 14.96 0 11.88 15.07 0 10.56 15.07 0
4 15 5.83 15.07 0 6.93 15.07 0 6.93 15.18 0 5.83 15.18 0
4 15 11 15.07 0 11.55 15.07 0 11.55 15.18 0 11 15.18 0
4 15 6.05 15.18 0 6.49 15.18 0 6.49 15.29 0 6.05 15.29 0
4 15 8.8 18.15 0 9.02 18.15 0 9.02 18.26 0 8.8 18.26 0
4 15 8.69 18.26 0 9.13 18.26 0 9.13 18.37 0 8.69 18.37 0
4 15 8.58 18.37 0 9.24 18.37 0 9.24 18.48 0 8.58 18.48 0
4 15 8.47 18.48 0 9.35 18.48 0 9.35 18.59 0 8.47 18.59 0
4 15 2.31 18.59 0 2.53 18.59 0 2.53 18.7 0 2.31 18.7 0
4 15 8.36 18.59 0 9.46 18.59 0 9.46 18.7 0 8.36 18.7 0
4 15 15.29 18.59 0 15.51 18.59 0 15.51 18.7 0 15.29 18.7 0
4 15 2.31 18.7 0 2.64 18.7 0 2.64 18.81 0 2.31 18.81 0
4 15 8.25 18.7 0 9.57 18.7 0 9.57 18.81 0 8.25 18.81 0
4 15 15.18 18.7 0 15.51 18.7 0 15.51 18.81 0 15.18 18.81 0
4 15 2.31 18.81 0 2.75 18.81 0 2.75 18.92 0 2.31 18.92 0
4 15 8.14 18.81 0 9.68 18.81 0 9.68 18.92 0 8.14 18.92 0
4 15 15.07 18.81 0 15.51 18.81 0 15.51 18.92 0 15.07 18.92 0
4 15 2.31 18.92 0 2.97 18.92 0 2.97 19.03 0 2.31 19.03 0
4 15 7.92 18.92 0 9.9 18.92 0 9.9 19.03 0 7.92 19.03 0
4 15 14.85 18.92 0 15.51 18.92 0 15.51 19.03 0 14.85 19.03 0
4 15 2.31 19.03 0 3.19 19.03 0 3.19 19.14 0 2.31 19.14 0
4 15 7.7 19.03 0 10.12 19.03 0 10.12 19.14 0 7.7 19.14 0
4 15 14.63 19.03 0 15.51 19.03 0 15.51 19.14 0 14.63 19.14 0
4 15 2.31 19.14 0 3.41 19.14 0 3.41 19.25 0 2.31 19.25 0
4 15 7.48 19.14 0 10.34 19.14 0 10.34 19.25 0 7.48 19.25 0
4 15 14.41 19.14 0 15.51 19.14 0 15.51 19.25 0 14.41 19.25 0
4 15 2.31 19.25 0 3.63 19.25 0 3.63 19.36 0 2.31 19.36 0
4 15 7.26 19.25 0 10.56 19.25 0 10.56 19.36 0 7.26 19.36 0
4 15 14.19 19.25 0 15.51 19.25 0 15.51 19.36 0 14.19 19.36 0
4 15 2.31 19.36 0 3.85 19.36 0 3.85 19.47 0 2.31 19.47 0
4 15 7.04 19.36 0 10.78 19.36 0 10.78 19.47 0 7.04 19.47 0
4 15 13.97 19.36 0 15.51 19.36 0 15.51 19.47 0 13.97 19.47 0
4 15 2.31 19.47 0 4.07 19.47 0 4.07 19.58 0 2.31 19.58 0
4 15 6.71 19.47 0 11.11 19.47 0 11.11 19.58 0 6.71 19.58 0
4 15 13.75 19.47 0 15.51 19.47 0 15.51 19.58 0 13.75 19.58 0
4 15 2.31 19.58 0 4.4 19.58 0 4.4 19.69 0 2.31 19.69 0
4 15 6.38 19.58 0 11.44 19.58 0 11.44 19.69 0 6.38 19.69 0
4 15 13.42 19.58 0 15.51 19.58 0 15.51 19.69 0 13.42 19.69 0
4 15 2.31 19.69 0 4.95 19.69 0 4.95 19.8 0 2.31 19.8 0
4 15 6.05 19.69 0 11.77 19.69 0 11.77 19.8 0 6.05 19.8 0
4 15 12.87 19.69 0 15.51 19.69 0 15.51 19.8 0 12.87 19.8 0
4 15 2.31 19.8 0 5.39 19.8 0 5.39 19.91 0 2.31 19.91 0
4 15 5.72 19.8 0 12.1 19.8 0 12.1 19.91 0 5.72 19.91 0
4 15 12.43 19.8 0 15.51 19.8 0 15.51 19.91 0 12.43 19.91 0
4 15 2.31 19.91 0 15.51 19.91 0 15.51 20.57 0 2.31 20.57 0
4 15 2.42 20.57 0 15.4 20.57 0 15.4 20.68 0 2.42 20.68 0
4 15 2.42 20.68 0 8.8 20.68 0 8.8 20.79 0 2.42 20.79 0
4 15 9.02 20.68 0 15.4 20.68 0 15.4 20.79 0 9.02 20.79 0
4 15 2.53 20.79 0 8.69 20.79 0 8.69 20.9 0 2.53 20.9 0
4 15 9.13 20.79 0 15.29 20.79 0 15.29 20.9 0 9.13 20.9 0
4 15 2.53 20.9 0 8.58 20.9 0 8.58 21.01 0 2.53 21.01 0
4 15 9.24 20.9 0 15.29 20.9 0 15.29 21.01 0 9.24 21.01 0
4 15 2.64 21.01 0 8.47 21.01 0 8.47 21.12 0 2.64 21.12 0
4 15 9.35 21.01 0 15.18 21.01 0 15.18 21.12 0 9.35 21.12 0
4 15 2.64 21.12 0 8.36 21.12 0 8.36 21.23 0 2.64 21.23 0
4 15 9.46 21.12 0 15.18 21.12 0 15.18 21.23 0 9.46 21.23 0
4 15 2.75 21.23 0 8.25 21.23 0 8.25 21.34 0 2.75 21.34 0
4 15 9.57 21.23 0 15.07 21.23 0 15.07 21.34 0 9.57 21.34 0
4 15 2.86 21.34 0 8.14 21.34 0 8.14 21.45 0 2.86 21.45 0
4 15 9.68 21.34 0 14.96 21.34 0 14.96 21.45 0 9.68 21.45 0
4 15 2.97 21.45 0 8.03 21.45 0 8.03 21.56 0 2.97 21.56 0
4 15 9.79 21.45 0 14.85 21.45 0 14.85 21.56 0 9.79 21.56 0
4 15 3.08 21.56 0 7.92 21.56 0 7.92 21.67 0 3.08 21.67 0
4 15 9.9 21.56 0 14.74 21.56 0 14.74 21.67 0 9.9 21.67 0
4 15 3.19 21.67 0 7.81 21.67 0 7.81 21.78 0 3.19 21.78 0
4 15 10.01 21.67 0 14.63 21.67 0 14.63 21.78 0 10.01 21.78 0
4 15 3.41 21.78 0 7.59 21.78 0 7.59 21.89 0 3.41 21.89 0
4 15 10.23 21.78 0 14.41 21.78 0 14.41 21.89 0 10.23 21.89 0
4 15 3.63 21.89 0 7.37 21.89 0 7.37 22 0 3.63 22 0
4 15 10.45 21.89 0 14.19 21.89 0 14.19 22 0 10.45 22 0
4 15 3.85 22 0 7.15 22 0 7.15 22.11 0 3.85 22.11 0
4 15 10.67 22 0 13.97 22 0 13.97 22.11 0 10.67 22.11 0
4 15 4.07 22.11 0 6.93 22.11 0 6.93 22.22 0 4.07 22.22 0
4 15 10.89 22.11 0 13.75 22.11 0 13.75 22.22 0 10.89 22.22 0
4 15 4.4 22.22 0 6.71 22.22 0 6.71 22.33 0 4.4 22.33 0
4 15 11.11 22.22 0 13.42 22.22 0 13.42 22.33 0 11.11 22.33 0
4 15 5.17 22.33 0 6.16 22.33 0 6.16 22.44 0 5.17 22.44 0
4 15 11.66 22.33 0 12.65 22.33 0 12.65 22.44 0 11.66 22.44 0
0
