0 Etiqueta Refresco
0 Name: refresco.dat
0 Author: cpcbegin
4 15 17.11 -19.29 0 16.9 -19.29 0 16.9 -19.07 0 17.11 -19.07 0
4 15 16.47 -19.29 0 13.48 -19.29 0 13.48 -19.07 0 16.47 -19.07 0
4 15 39.36 -19.07 0 37.43 -19.07 0 37.43 -18.86 0 39.36 -18.86 0
4 15 28.02 -19.07 0 25.88 -19.07 0 25.88 -18.86 0 28.02 -18.86 0
4 15 17.54 -19.07 0 13.26 -19.07 0 13.26 -18.86 0 17.54 -18.86 0
4 15 51.76 -18.86 0 48.77 -18.86 0 48.77 -18.64 0 51.76 -18.64 0
4 15 48.56 -18.86 0 48.13 -18.86 0 48.13 -18.64 0 48.56 -18.64 0
4 15 40.43 -18.86 0 36.15 -18.86 0 36.15 -18.64 0 40.43 -18.64 0
4 15 28.45 -18.86 0 25.03 -18.86 0 25.03 -18.64 0 28.45 -18.64 0
4 15 18.18 -18.86 0 12.62 -18.86 0 12.62 -18.64 0 18.18 -18.64 0
4 15 76.15 -18.64 0 69.3 -18.64 0 69.3 -18.43 0 76.15 -18.43 0
4 15 64.6 -18.64 0 55.83 -18.64 0 55.83 -18.43 0 64.6 -18.43 0
4 15 52.19 -18.64 0 48.77 -18.64 0 48.77 -18.43 0 52.19 -18.43 0
4 15 48.56 -18.64 0 47.49 -18.64 0 47.49 -18.43 0 48.56 -18.43 0
4 15 40.86 -18.64 0 35.72 -18.64 0 35.72 -18.43 0 40.86 -18.43 0
4 15 28.88 -18.64 0 24.81 -18.64 0 24.81 -18.43 0 28.88 -18.43 0
4 15 24.6 -18.64 0 24.39 -18.64 0 24.39 -18.43 0 24.6 -18.43 0
4 15 18.4 -18.64 0 12.19 -18.64 0 12.19 -18.43 0 18.4 -18.43 0
4 15 103.1 -18.43 0 102.89 -18.43 0 102.89 -18.21 0 103.1 -18.21 0
4 15 96.47 -18.43 0 96.26 -18.43 0 96.26 -18.21 0 96.47 -18.21 0
4 15 96.04 -18.43 0 95.4 -18.43 0 95.4 -18.21 0 96.04 -18.21 0
4 15 94.55 -18.43 0 94.33 -18.43 0 94.33 -18.21 0 94.55 -18.21 0
4 15 92.62 -18.43 0 92.41 -18.43 0 92.41 -18.21 0 92.62 -18.21 0
4 15 92.19 -18.43 0 91.76 -18.43 0 91.76 -18.21 0 92.19 -18.21 0
4 15 91.34 -18.43 0 90.91 -18.43 0 90.91 -18.21 0 91.34 -18.21 0
4 15 89.63 -18.43 0 88.77 -18.43 0 88.77 -18.21 0 89.63 -18.21 0
4 15 86.2 -18.43 0 77.86 -18.43 0 77.86 -18.21 0 86.2 -18.21 0
4 15 76.15 -18.43 0 68.66 -18.43 0 68.66 -18.21 0 76.15 -18.21 0
4 15 52.83 -18.43 0 47.27 -18.43 0 47.27 -18.21 0 52.83 -18.21 0
4 15 41.07 -18.43 0 35.29 -18.43 0 35.29 -18.21 0 41.07 -18.21 0
4 15 29.3 -18.43 0 23.96 -18.43 0 23.96 -18.21 0 29.3 -18.21 0
4 15 18.82 -18.43 0 12.19 -18.43 0 12.19 -18.21 0 18.82 -18.21 0
4 15 108.88 -18.21 0 102.03 -18.21 0 102.03 -18 0 108.88 -18 0
4 15 97.33 -18.21 0 88.34 -18.21 0 88.34 -18 0 97.33 -18 0
4 15 76.15 -18.21 0 68.45 -18.21 0 68.45 -18 0 76.15 -18 0
4 15 53.26 -18.21 0 46.84 -18.21 0 46.84 -18 0 53.26 -18 0
4 15 41.71 -18.21 0 34.65 -18.21 0 34.65 -18 0 41.71 -18 0
4 15 29.73 -18.21 0 23.74 -18.21 0 23.74 -18 0 29.73 -18 0
4 15 19.04 -18.21 0 11.98 -18.21 0 11.98 -18 0 19.04 -18 0
4 15 108.88 -18 0 101.39 -18 0 101.39 -17.79 0 108.88 -17.79 0
4 15 76.15 -18 0 68.02 -18 0 68.02 -17.79 0 76.15 -17.79 0
4 15 64.81 -18.43 0 55.83 -18.43 0 55.83 -17.79 0 64.81 -17.79 0
4 15 53.48 -18 0 46.63 -18 0 46.63 -17.79 0 53.48 -17.79 0
4 15 41.93 -18 0 34.65 -18 0 34.65 -17.79 0 41.93 -17.79 0
4 15 29.95 -18 0 23.74 -18 0 23.74 -17.79 0 29.95 -17.79 0
4 15 19.25 -18 0 11.98 -18 0 11.98 -17.79 0 19.25 -17.79 0
4 15 11.76 -18 0 11.55 -18 0 11.55 -17.79 0 11.76 -17.79 0
4 15 108.88 -17.79 0 101.18 -17.79 0 101.18 -17.57 0 108.88 -17.57 0
4 15 97.54 -18 0 88.34 -18 0 88.34 -17.57 0 97.54 -17.57 0
4 15 76.15 -17.79 0 67.59 -17.79 0 67.59 -17.57 0 76.15 -17.57 0
4 15 53.69 -17.79 0 46.42 -17.79 0 46.42 -17.57 0 53.69 -17.57 0
4 15 42.14 -17.79 0 34.44 -17.79 0 34.44 -17.57 0 42.14 -17.57 0
4 15 30.16 -17.79 0 23.53 -17.79 0 23.53 -17.57 0 30.16 -17.57 0
4 15 19.47 -17.79 0 11.55 -17.79 0 11.55 -17.57 0 19.47 -17.57 0
4 15 108.88 -17.57 0 100.75 -17.57 0 100.75 -17.36 0 108.88 -17.36 0
4 15 76.15 -17.57 0 67.38 -17.57 0 67.38 -17.36 0 76.15 -17.36 0
4 15 53.9 -17.57 0 46.2 -17.57 0 46.2 -17.36 0 53.9 -17.36 0
4 15 42.35 -17.57 0 34.44 -17.57 0 34.44 -17.36 0 42.35 -17.36 0
4 15 30.37 -17.57 0 23.32 -17.57 0 23.32 -17.36 0 30.37 -17.36 0
4 15 19.47 -17.57 0 11.34 -17.57 0 11.34 -17.36 0 19.47 -17.36 0
4 15 108.88 -17.36 0 100.32 -17.36 0 100.32 -17.14 0 108.88 -17.14 0
4 15 97.33 -17.57 0 88.34 -17.57 0 88.34 -17.14 0 97.33 -17.14 0
4 15 64.81 -17.79 0 55.62 -17.79 0 55.62 -17.14 0 64.81 -17.14 0
4 15 54.12 -17.36 0 45.99 -17.36 0 45.99 -17.14 0 54.12 -17.14 0
4 15 42.57 -17.36 0 34.22 -17.36 0 34.22 -17.14 0 42.57 -17.14 0
4 15 30.8 -17.36 0 22.89 -17.36 0 22.89 -17.14 0 30.8 -17.14 0
4 15 19.68 -17.36 0 11.12 -17.36 0 11.12 -17.14 0 19.68 -17.14 0
4 15 108.88 -17.14 0 100.11 -17.14 0 100.11 -16.93 0 108.88 -16.93 0
4 15 97.54 -17.14 0 88.34 -17.14 0 88.34 -16.93 0 97.54 -16.93 0
4 15 76.15 -17.36 0 67.17 -17.36 0 67.17 -16.93 0 76.15 -16.93 0
4 15 42.78 -17.14 0 34.01 -17.14 0 34.01 -16.93 0 42.78 -16.93 0
4 15 31.02 -17.14 0 22.89 -17.14 0 22.89 -16.93 0 31.02 -16.93 0
4 15 19.68 -17.14 0 10.91 -17.14 0 10.91 -16.93 0 19.68 -16.93 0
4 15 97.33 -16.93 0 88.34 -16.93 0 88.34 -16.71 0 97.33 -16.71 0
4 15 54.33 -17.14 0 45.78 -17.14 0 45.78 -16.71 0 54.33 -16.71 0
4 15 42.99 -16.93 0 38.5 -16.93 0 38.5 -16.71 0 42.99 -16.71 0
4 15 37.86 -16.93 0 33.8 -16.93 0 33.8 -16.71 0 37.86 -16.71 0
4 15 31.02 -16.93 0 22.46 -16.93 0 22.46 -16.71 0 31.02 -16.71 0
4 15 19.89 -16.93 0 16.68 -16.93 0 16.68 -16.71 0 19.89 -16.71 0
4 15 14.33 -16.93 0 10.91 -16.93 0 10.91 -16.71 0 14.33 -16.71 0
4 15 108.88 -16.93 0 99.89 -16.93 0 99.89 -16.5 0 108.88 -16.5 0
4 15 86.42 -18.21 0 77.65 -18.21 0 77.65 -16.5 0 86.42 -16.5 0
4 15 76.15 -16.93 0 66.95 -16.93 0 66.95 -16.5 0 76.15 -16.5 0
4 15 64.81 -17.14 0 55.83 -17.14 0 55.83 -16.5 0 64.81 -16.5 0
4 15 54.33 -16.71 0 45.56 -16.71 0 45.56 -16.5 0 54.33 -16.5 0
4 15 42.99 -16.71 0 39.79 -16.71 0 39.79 -16.5 0 42.99 -16.5 0
4 15 37.22 -16.71 0 33.8 -16.71 0 33.8 -16.5 0 37.22 -16.5 0
4 15 31.02 -16.71 0 27.59 -16.71 0 27.59 -16.5 0 31.02 -16.5 0
4 15 26.31 -16.71 0 22.67 -16.71 0 22.67 -16.5 0 26.31 -16.5 0
4 15 19.89 -16.71 0 17.11 -16.71 0 17.11 -16.5 0 19.89 -16.5 0
4 15 14.12 -16.71 0 10.91 -16.71 0 10.91 -16.5 0 14.12 -16.5 0
4 15 97.54 -16.71 0 88.34 -16.71 0 88.34 -16.29 0 97.54 -16.29 0
4 15 86.42 -16.5 0 77.86 -16.5 0 77.86 -16.29 0 86.42 -16.29 0
4 15 76.15 -16.5 0 66.74 -16.5 0 66.74 -16.29 0 76.15 -16.29 0
4 15 64.81 -16.5 0 60.75 -16.5 0 60.75 -16.29 0 64.81 -16.29 0
4 15 60.11 -16.5 0 59.89 -16.5 0 59.89 -16.29 0 60.11 -16.29 0
4 15 59.47 -16.5 0 59.25 -16.5 0 59.25 -16.29 0 59.47 -16.29 0
4 15 59.04 -16.5 0 58.61 -16.5 0 58.61 -16.29 0 59.04 -16.29 0
4 15 57.33 -16.5 0 56.47 -16.5 0 56.47 -16.29 0 57.33 -16.29 0
4 15 56.04 -16.5 0 55.83 -16.5 0 55.83 -16.29 0 56.04 -16.29 0
4 15 54.55 -16.5 0 51.34 -16.5 0 51.34 -16.29 0 54.55 -16.29 0
4 15 48.98 -16.5 0 45.56 -16.5 0 45.56 -16.29 0 48.98 -16.29 0
4 15 43.42 -16.5 0 40 -16.5 0 40 -16.29 0 43.42 -16.29 0
4 15 37.01 -16.5 0 33.58 -16.5 0 33.58 -16.29 0 37.01 -16.29 0
4 15 31.44 -16.5 0 28.24 -16.5 0 28.24 -16.29 0 31.44 -16.29 0
4 15 25.67 -16.5 0 22.46 -16.5 0 22.46 -16.29 0 25.67 -16.29 0
4 15 20.11 -16.5 0 17.33 -16.5 0 17.33 -16.29 0 20.11 -16.29 0
4 15 108.88 -16.5 0 99.68 -16.5 0 99.68 -16.07 0 108.88 -16.07 0
4 15 97.33 -16.29 0 88.34 -16.29 0 88.34 -16.07 0 97.33 -16.07 0
4 15 86.42 -16.29 0 82.99 -16.29 0 82.99 -16.07 0 86.42 -16.07 0
4 15 76.15 -16.29 0 73.16 -16.29 0 73.16 -16.07 0 76.15 -16.07 0
4 15 72.94 -16.29 0 72.51 -16.29 0 72.51 -16.07 0 72.94 -16.07 0
4 15 70.8 -16.29 0 70.59 -16.29 0 70.59 -16.07 0 70.8 -16.07 0
4 15 70.16 -16.29 0 66.74 -16.29 0 66.74 -16.07 0 70.16 -16.07 0
4 15 54.55 -16.29 0 51.76 -16.29 0 51.76 -16.07 0 54.55 -16.07 0
4 15 43.42 -16.29 0 40.21 -16.29 0 40.21 -16.07 0 43.42 -16.07 0
4 15 36.58 -16.29 0 33.58 -16.29 0 33.58 -16.07 0 36.58 -16.07 0
4 15 31.44 -16.29 0 28.45 -16.29 0 28.45 -16.07 0 31.44 -16.07 0
4 15 25.24 -16.29 0 22.25 -16.29 0 22.25 -16.07 0 25.24 -16.07 0
4 15 20.11 -16.29 0 17.54 -16.29 0 17.54 -16.07 0 20.11 -16.07 0
4 15 13.69 -16.5 0 10.7 -16.5 0 10.7 -16.07 0 13.69 -16.07 0
4 15 108.88 -16.07 0 99.47 -16.07 0 99.47 -15.86 0 108.88 -15.86 0
4 15 76.15 -16.07 0 73.58 -16.07 0 73.58 -15.86 0 76.15 -15.86 0
4 15 69.95 -16.07 0 66.52 -16.07 0 66.52 -15.86 0 69.95 -15.86 0
4 15 64.81 -16.29 0 62.25 -16.29 0 62.25 -15.86 0 64.81 -15.86 0
4 15 54.55 -16.07 0 51.98 -16.07 0 51.98 -15.86 0 54.55 -15.86 0
4 15 48.34 -16.29 0 45.35 -16.29 0 45.35 -15.86 0 48.34 -15.86 0
4 15 43.64 -16.07 0 40.43 -16.07 0 40.43 -15.86 0 43.64 -15.86 0
4 15 36.36 -16.07 0 33.58 -16.07 0 33.58 -15.86 0 36.36 -15.86 0
4 15 31.66 -16.07 0 28.66 -16.07 0 28.66 -15.86 0 31.66 -15.86 0
4 15 25.03 -16.07 0 22.25 -16.07 0 22.25 -15.86 0 25.03 -15.86 0
4 15 20.32 -16.07 0 17.33 -16.07 0 17.33 -15.86 0 20.32 -15.86 0
4 15 13.26 -16.07 0 10.7 -16.07 0 10.7 -15.86 0 13.26 -15.86 0
4 15 108.88 -15.86 0 105.88 -15.86 0 105.88 -15.64 0 108.88 -15.64 0
4 15 105.67 -15.86 0 105.24 -15.86 0 105.24 -15.64 0 105.67 -15.64 0
4 15 103.53 -15.86 0 103.32 -15.86 0 103.32 -15.64 0 103.53 -15.64 0
4 15 102.89 -15.86 0 99.47 -15.86 0 99.47 -15.64 0 102.89 -15.64 0
4 15 97.33 -16.07 0 94.76 -16.07 0 94.76 -15.64 0 97.33 -15.64 0
4 15 43.64 -15.86 0 40.64 -15.86 0 40.64 -15.64 0 43.64 -15.64 0
4 15 36.15 -15.86 0 33.58 -15.86 0 33.58 -15.64 0 36.15 -15.64 0
4 15 31.66 -15.86 0 28.88 -15.86 0 28.88 -15.64 0 31.66 -15.64 0
4 15 24.81 -15.86 0 22.03 -15.86 0 22.03 -15.64 0 24.81 -15.64 0
4 15 20.11 -15.86 0 17.11 -15.86 0 17.11 -15.64 0 20.11 -15.64 0
4 15 13.26 -15.86 0 10.91 -15.86 0 10.91 -15.64 0 13.26 -15.64 0
4 15 108.88 -15.64 0 106.31 -15.64 0 106.31 -15.43 0 108.88 -15.43 0
4 15 102.67 -15.64 0 99.25 -15.64 0 99.25 -15.43 0 102.67 -15.43 0
4 15 69.52 -15.86 0 66.52 -15.86 0 66.52 -15.43 0 69.52 -15.43 0
4 15 64.81 -15.86 0 62.46 -15.86 0 62.46 -15.43 0 64.81 -15.43 0
4 15 47.91 -15.86 0 45.35 -15.86 0 45.35 -15.43 0 47.91 -15.43 0
4 15 43.85 -15.64 0 40.86 -15.64 0 40.86 -15.43 0 43.85 -15.43 0
4 15 36.15 -15.64 0 33.37 -15.64 0 33.37 -15.43 0 36.15 -15.43 0
4 15 31.87 -15.64 0 29.09 -15.64 0 29.09 -15.43 0 31.87 -15.43 0
4 15 24.6 -15.64 0 22.03 -15.64 0 22.03 -15.43 0 24.6 -15.43 0
4 15 20.11 -15.64 0 17.54 -15.64 0 17.54 -15.43 0 20.11 -15.43 0
4 15 69.3 -15.43 0 66.52 -15.43 0 66.52 -15.21 0 69.3 -15.21 0
4 15 64.81 -15.43 0 62.25 -15.43 0 62.25 -15.21 0 64.81 -15.21 0
4 15 47.7 -15.43 0 45.78 -15.43 0 45.78 -15.21 0 47.7 -15.21 0
4 15 43.85 -15.43 0 41.07 -15.43 0 41.07 -15.21 0 43.85 -15.21 0
4 15 35.94 -15.43 0 35.51 -15.43 0 35.51 -15.21 0 35.94 -15.21 0
4 15 35.29 -15.43 0 35.08 -15.43 0 35.08 -15.21 0 35.29 -15.21 0
4 15 34.87 -15.43 0 34.22 -15.43 0 34.22 -15.21 0 34.87 -15.21 0
4 15 33.58 -15.43 0 33.37 -15.43 0 33.37 -15.21 0 33.58 -15.21 0
4 15 24.6 -15.43 0 21.82 -15.43 0 21.82 -15.21 0 24.6 -15.21 0
4 15 20.11 -15.43 0 17.11 -15.43 0 17.11 -15.21 0 20.11 -15.21 0
4 15 102.25 -15.43 0 99.25 -15.43 0 99.25 -15 0 102.25 -15 0
4 15 76.15 -15.86 0 73.37 -15.86 0 73.37 -15 0 76.15 -15 0
4 15 54.76 -15.86 0 51.98 -15.86 0 51.98 -15 0 54.76 -15 0
4 15 20.11 -15.21 0 16.9 -15.21 0 16.9 -15 0 20.11 -15 0
4 15 16.68 -15.21 0 16.47 -15.21 0 16.47 -15 0 16.68 -15 0
4 15 102.03 -15 0 99.25 -15 0 99.25 -14.79 0 102.03 -14.79 0
4 15 69.09 -15.21 0 66.52 -15.21 0 66.52 -14.79 0 69.09 -14.79 0
4 15 64.81 -15.21 0 62.46 -15.21 0 62.46 -14.79 0 64.81 -14.79 0
4 15 54.76 -15 0 51.76 -15 0 51.76 -14.79 0 54.76 -14.79 0
4 15 31.87 -15.43 0 29.3 -15.43 0 29.3 -14.79 0 31.87 -14.79 0
4 15 19.89 -15 0 15.83 -15 0 15.83 -14.79 0 19.89 -14.79 0
4 15 108.88 -15.43 0 106.1 -15.43 0 106.1 -14.57 0 108.88 -14.57 0
4 15 97.33 -15.64 0 94.97 -15.64 0 94.97 -14.57 0 97.33 -14.57 0
4 15 76.15 -15 0 73.58 -15 0 73.58 -14.57 0 76.15 -14.57 0
4 15 69.3 -14.79 0 66.52 -14.79 0 66.52 -14.57 0 69.3 -14.57 0
4 15 64.81 -14.79 0 62.25 -14.79 0 62.25 -14.57 0 64.81 -14.57 0
4 15 54.55 -14.79 0 51.55 -14.79 0 51.55 -14.57 0 54.55 -14.57 0
4 15 32.09 -14.79 0 29.3 -14.79 0 29.3 -14.57 0 32.09 -14.57 0
4 15 24.39 -15.21 0 21.82 -15.21 0 21.82 -14.57 0 24.39 -14.57 0
4 15 19.89 -14.79 0 14.97 -14.79 0 14.97 -14.57 0 19.89 -14.57 0
4 15 101.82 -14.79 0 99.25 -14.79 0 99.25 -14.36 0 101.82 -14.36 0
4 15 69.3 -14.57 0 66.74 -14.57 0 66.74 -14.36 0 69.3 -14.36 0
4 15 64.81 -14.57 0 62.03 -14.57 0 62.03 -14.36 0 64.81 -14.36 0
4 15 54.55 -14.57 0 50.7 -14.57 0 50.7 -14.36 0 54.55 -14.36 0
4 15 50.48 -14.57 0 50.05 -14.57 0 50.05 -14.36 0 50.48 -14.36 0
4 15 43.85 -15.21 0 41.28 -15.21 0 41.28 -14.36 0 43.85 -14.36 0
4 15 31.87 -14.57 0 29.52 -14.57 0 29.52 -14.36 0 31.87 -14.36 0
4 15 19.89 -14.57 0 14.12 -14.57 0 14.12 -14.36 0 19.89 -14.36 0
4 15 108.88 -14.57 0 106.31 -14.57 0 106.31 -14.14 0 108.88 -14.14 0
4 15 102.03 -14.36 0 99.25 -14.36 0 99.25 -14.14 0 102.03 -14.14 0
4 15 97.33 -14.57 0 94.76 -14.57 0 94.76 -14.14 0 97.33 -14.14 0
4 15 86.42 -16.07 0 83.85 -16.07 0 83.85 -14.14 0 86.42 -14.14 0
4 15 69.52 -14.36 0 66.74 -14.36 0 66.74 -14.14 0 69.52 -14.14 0
4 15 64.81 -14.36 0 62.25 -14.36 0 62.25 -14.14 0 64.81 -14.14 0
4 15 58.18 -14.36 0 57.97 -14.36 0 57.97 -14.14 0 58.18 -14.14 0
4 15 54.55 -14.36 0 48.98 -14.36 0 48.98 -14.14 0 54.55 -14.14 0
4 15 44.06 -14.36 0 41.28 -14.36 0 41.28 -14.14 0 44.06 -14.14 0
4 15 19.68 -14.36 0 13.05 -14.36 0 13.05 -14.14 0 19.68 -14.14 0
4 15 102.03 -14.14 0 99.47 -14.14 0 99.47 -13.93 0 102.03 -13.93 0
4 15 97.54 -14.14 0 94.33 -14.14 0 94.33 -13.93 0 97.54 -13.93 0
4 15 86.42 -14.14 0 83.64 -14.14 0 83.64 -13.93 0 86.42 -13.93 0
4 15 83.42 -14.14 0 83.21 -14.14 0 83.21 -13.93 0 83.42 -13.93 0
4 15 81.93 -14.14 0 81.71 -14.14 0 81.71 -13.93 0 81.93 -13.93 0
4 15 81.28 -14.14 0 80.86 -14.14 0 80.86 -13.93 0 81.28 -13.93 0
4 15 80.64 -14.14 0 80.43 -14.14 0 80.43 -13.93 0 80.64 -13.93 0
4 15 69.73 -14.14 0 66.74 -14.14 0 66.74 -13.93 0 69.73 -13.93 0
4 15 54.33 -14.14 0 48.13 -14.14 0 48.13 -13.93 0 54.33 -13.93 0
4 15 32.09 -14.36 0 29.52 -14.36 0 29.52 -13.93 0 32.09 -13.93 0
4 15 19.68 -14.14 0 12.19 -14.14 0 12.19 -13.93 0 19.68 -13.93 0
4 15 102.25 -13.93 0 99.47 -13.93 0 99.47 -13.71 0 102.25 -13.71 0
4 15 97.54 -13.93 0 90.7 -13.93 0 90.7 -13.71 0 97.54 -13.71 0
4 15 90.27 -13.93 0 90.05 -13.93 0 90.05 -13.71 0 90.27 -13.71 0
4 15 76.15 -14.57 0 73.37 -14.57 0 73.37 -13.71 0 76.15 -13.71 0
4 15 70.37 -13.93 0 66.74 -13.93 0 66.74 -13.71 0 70.37 -13.71 0
4 15 54.33 -13.93 0 47.49 -13.93 0 47.49 -13.71 0 54.33 -13.71 0
4 15 31.87 -13.93 0 29.52 -13.93 0 29.52 -13.71 0 31.87 -13.71 0
4 15 19.47 -13.93 0 11.76 -13.93 0 11.76 -13.71 0 19.47 -13.71 0
4 15 102.46 -13.71 0 99.47 -13.71 0 99.47 -13.5 0 102.46 -13.5 0
4 15 97.54 -13.71 0 89.63 -13.71 0 89.63 -13.5 0 97.54 -13.5 0
4 15 54.12 -13.71 0 46.84 -13.71 0 46.84 -13.5 0 54.12 -13.5 0
4 15 108.88 -14.14 0 106.1 -14.14 0 106.1 -13.29 0 108.88 -13.29 0
4 15 103.1 -13.5 0 99.47 -13.5 0 99.47 -13.29 0 103.1 -13.29 0
4 15 76.15 -13.71 0 66.95 -13.71 0 66.95 -13.29 0 76.15 -13.29 0
4 15 53.9 -13.5 0 46.42 -13.5 0 46.42 -13.29 0 53.9 -13.29 0
4 15 19.04 -13.71 0 11.34 -13.71 0 11.34 -13.29 0 19.04 -13.29 0
4 15 53.69 -13.29 0 46.2 -13.29 0 46.2 -13.07 0 53.69 -13.07 0
4 15 18.61 -13.29 0 11.12 -13.29 0 11.12 -13.07 0 18.61 -13.07 0
4 15 108.88 -13.29 0 99.68 -13.29 0 99.68 -12.86 0 108.88 -12.86 0
4 15 76.15 -13.29 0 67.17 -13.29 0 67.17 -12.86 0 76.15 -12.86 0
4 15 53.48 -13.07 0 45.99 -13.07 0 45.99 -12.86 0 53.48 -12.86 0
4 15 18.4 -13.07 0 10.91 -13.07 0 10.91 -12.86 0 18.4 -12.86 0
4 15 76.15 -12.86 0 67.38 -12.86 0 67.38 -12.64 0 76.15 -12.64 0
4 15 53.26 -12.86 0 45.78 -12.86 0 45.78 -12.64 0 53.26 -12.64 0
4 15 17.75 -12.86 0 10.91 -12.86 0 10.91 -12.64 0 17.75 -12.64 0
4 15 108.88 -12.86 0 99.89 -12.86 0 99.89 -12.43 0 108.88 -12.43 0
4 15 97.33 -13.5 0 89.63 -13.5 0 89.63 -12.43 0 97.33 -12.43 0
4 15 76.15 -12.64 0 67.59 -12.64 0 67.59 -12.43 0 76.15 -12.43 0
4 15 52.41 -12.64 0 45.56 -12.64 0 45.56 -12.43 0 52.41 -12.43 0
4 15 44.06 -14.14 0 41.5 -14.14 0 41.5 -12.43 0 44.06 -12.43 0
4 15 17.33 -12.64 0 10.48 -12.64 0 10.48 -12.43 0 17.33 -12.43 0
4 15 108.88 -12.43 0 100.11 -12.43 0 100.11 -12.21 0 108.88 -12.21 0
4 15 97.54 -12.43 0 89.63 -12.43 0 89.63 -12.21 0 97.54 -12.21 0
4 15 76.15 -12.43 0 67.81 -12.43 0 67.81 -12.21 0 76.15 -12.21 0
4 15 52.19 -12.43 0 45.35 -12.43 0 45.35 -12.21 0 52.19 -12.21 0
4 15 15.83 -12.43 0 10.48 -12.43 0 10.48 -12.21 0 15.83 -12.21 0
4 15 108.88 -12.21 0 100.32 -12.21 0 100.32 -12 0 108.88 -12 0
4 15 97.33 -12.21 0 89.63 -12.21 0 89.63 -12 0 97.33 -12 0
4 15 76.15 -12.21 0 68.24 -12.21 0 68.24 -12 0 76.15 -12 0
4 15 64.81 -14.14 0 57.11 -14.14 0 57.11 -12 0 64.81 -12 0
4 15 51.55 -12.21 0 45.35 -12.21 0 45.35 -12 0 51.55 -12 0
4 15 32.09 -13.71 0 29.52 -13.71 0 29.52 -12 0 32.09 -12 0
4 15 24.17 -14.57 0 21.6 -14.57 0 21.6 -12 0 24.17 -12 0
4 15 14.97 -12.21 0 10.48 -12.21 0 10.48 -12 0 14.97 -12 0
4 15 108.88 -12 0 100.53 -12 0 100.53 -11.79 0 108.88 -11.79 0
4 15 97.11 -12 0 89.63 -12 0 89.63 -11.79 0 97.11 -11.79 0
4 15 86.42 -13.93 0 78.93 -13.93 0 78.93 -11.79 0 86.42 -11.79 0
4 15 64.81 -12 0 61.82 -12 0 61.82 -11.79 0 64.81 -11.79 0
4 15 61.6 -12 0 61.39 -12 0 61.39 -11.79 0 61.6 -11.79 0
4 15 60.96 -12 0 60.53 -12 0 60.53 -11.79 0 60.96 -11.79 0
4 15 60.32 -12 0 59.25 -12 0 59.25 -11.79 0 60.32 -11.79 0
4 15 59.04 -12 0 58.61 -12 0 58.61 -11.79 0 59.04 -11.79 0
4 15 58.4 -12 0 58.18 -12 0 58.18 -11.79 0 58.4 -11.79 0
4 15 50.27 -12 0 45.13 -12 0 45.13 -11.79 0 50.27 -11.79 0
4 15 44.06 -12.43 0 41.28 -12.43 0 41.28 -11.79 0 44.06 -11.79 0
4 15 24.39 -12 0 21.82 -12 0 21.82 -11.79 0 24.39 -11.79 0
4 15 14.12 -12 0 10.48 -12 0 10.48 -11.79 0 14.12 -11.79 0
4 15 108.88 -11.79 0 100.96 -11.79 0 100.96 -11.57 0 108.88 -11.57 0
4 15 97.33 -11.79 0 89.84 -11.79 0 89.84 -11.57 0 97.33 -11.57 0
4 15 86.42 -11.79 0 83.42 -11.79 0 83.42 -11.57 0 86.42 -11.57 0
4 15 76.15 -12 0 68.88 -12 0 68.88 -11.57 0 76.15 -11.57 0
4 15 64.81 -11.79 0 62.25 -11.79 0 62.25 -11.57 0 64.81 -11.57 0
4 15 49.2 -11.79 0 45.13 -11.79 0 45.13 -11.57 0 49.2 -11.57 0
4 15 43.85 -11.79 0 41.28 -11.79 0 41.28 -11.57 0 43.85 -11.57 0
4 15 24.39 -11.79 0 21.6 -11.79 0 21.6 -11.57 0 24.39 -11.57 0
4 15 13.48 -11.79 0 10.48 -11.79 0 10.48 -11.57 0 13.48 -11.57 0
4 15 76.15 -11.57 0 68.66 -11.57 0 68.66 -11.36 0 76.15 -11.36 0
4 15 64.81 -11.57 0 62.46 -11.57 0 62.46 -11.36 0 64.81 -11.36 0
4 15 48.34 -11.57 0 45.13 -11.57 0 45.13 -11.36 0 48.34 -11.36 0
4 15 43.85 -11.57 0 41.07 -11.57 0 41.07 -11.36 0 43.85 -11.36 0
4 15 31.87 -12 0 29.3 -12 0 29.3 -11.36 0 31.87 -11.36 0
4 15 24.39 -11.57 0 21.82 -11.57 0 21.82 -11.36 0 24.39 -11.36 0
4 15 19.25 -11.57 0 19.04 -11.57 0 19.04 -11.36 0 19.25 -11.36 0
4 15 108.88 -11.57 0 101.6 -11.57 0 101.6 -11.14 0 108.88 -11.14 0
4 15 97.33 -11.57 0 94.76 -11.57 0 94.76 -11.14 0 97.33 -11.14 0
4 15 86.42 -11.57 0 83.85 -11.57 0 83.85 -11.14 0 86.42 -11.14 0
4 15 73.37 -11.36 0 73.16 -11.36 0 73.16 -11.14 0 73.37 -11.14 0
4 15 71.87 -11.36 0 68.88 -11.36 0 68.88 -11.14 0 71.87 -11.14 0
4 15 64.81 -11.36 0 62.25 -11.36 0 62.25 -11.14 0 64.81 -11.14 0
4 15 47.91 -11.36 0 44.92 -11.36 0 44.92 -11.14 0 47.91 -11.14 0
4 15 43.85 -11.36 0 41.28 -11.36 0 41.28 -11.14 0 43.85 -11.14 0
4 15 31.87 -11.36 0 29.09 -11.36 0 29.09 -11.14 0 31.87 -11.14 0
4 15 24.6 -11.36 0 21.82 -11.36 0 21.82 -11.14 0 24.6 -11.14 0
4 15 20.53 -11.36 0 17.97 -11.36 0 17.97 -11.14 0 20.53 -11.14 0
4 15 108.88 -11.14 0 101.39 -11.14 0 101.39 -10.93 0 108.88 -10.93 0
4 15 97.33 -11.14 0 94.97 -11.14 0 94.97 -10.93 0 97.33 -10.93 0
4 15 76.15 -11.36 0 73.58 -11.36 0 73.58 -10.93 0 76.15 -10.93 0
4 15 71.66 -11.14 0 68.66 -11.14 0 68.66 -10.93 0 71.66 -10.93 0
4 15 47.7 -11.14 0 44.92 -11.14 0 44.92 -10.93 0 47.7 -10.93 0
4 15 43.85 -11.14 0 41.07 -11.14 0 41.07 -10.93 0 43.85 -10.93 0
4 15 35.94 -11.14 0 35.51 -11.14 0 35.51 -10.93 0 35.94 -10.93 0
4 15 35.29 -11.14 0 35.08 -11.14 0 35.08 -10.93 0 35.29 -10.93 0
4 15 34.65 -11.14 0 33.58 -11.14 0 33.58 -10.93 0 34.65 -10.93 0
4 15 31.87 -11.14 0 28.88 -11.14 0 28.88 -10.93 0 31.87 -10.93 0
4 15 24.81 -11.14 0 21.82 -11.14 0 21.82 -10.93 0 24.81 -10.93 0
4 15 20.53 -11.14 0 17.75 -11.14 0 17.75 -10.93 0 20.53 -10.93 0
4 15 13.05 -11.57 0 10.48 -11.57 0 10.48 -10.93 0 13.05 -10.93 0
4 15 106.1 -10.93 0 105.88 -10.93 0 105.88 -10.71 0 106.1 -10.71 0
4 15 104.6 -10.93 0 101.6 -10.93 0 101.6 -10.71 0 104.6 -10.71 0
4 15 97.54 -10.93 0 94.97 -10.93 0 94.97 -10.71 0 97.54 -10.71 0
4 15 76.15 -10.93 0 73.8 -10.93 0 73.8 -10.71 0 76.15 -10.71 0
4 15 71.44 -10.93 0 68.66 -10.93 0 68.66 -10.71 0 71.44 -10.71 0
4 15 55.19 -10.93 0 52.62 -10.93 0 52.62 -10.71 0 55.19 -10.71 0
4 15 43.64 -10.93 0 40.86 -10.93 0 40.86 -10.71 0 43.64 -10.71 0
4 15 36.15 -10.93 0 33.37 -10.93 0 33.37 -10.71 0 36.15 -10.71 0
4 15 24.81 -10.93 0 22.03 -10.93 0 22.03 -10.71 0 24.81 -10.71 0
4 15 20.11 -10.93 0 17.75 -10.93 0 17.75 -10.71 0 20.11 -10.71 0
4 15 13.05 -10.93 0 10.7 -10.93 0 10.7 -10.71 0 13.05 -10.71 0
4 15 108.88 -10.93 0 106.31 -10.93 0 106.31 -10.5 0 108.88 -10.5 0
4 15 104.39 -10.71 0 101.39 -10.71 0 101.39 -10.5 0 104.39 -10.5 0
4 15 71.44 -10.71 0 68.45 -10.71 0 68.45 -10.5 0 71.44 -10.5 0
4 15 64.81 -11.14 0 62.46 -11.14 0 62.46 -10.5 0 64.81 -10.5 0
4 15 47.49 -10.93 0 44.92 -10.93 0 44.92 -10.5 0 47.49 -10.5 0
4 15 43.64 -10.71 0 40.64 -10.71 0 40.64 -10.5 0 43.64 -10.5 0
4 15 31.66 -10.93 0 28.88 -10.93 0 28.88 -10.5 0 31.66 -10.5 0
4 15 25.03 -10.71 0 22.03 -10.71 0 22.03 -10.5 0 25.03 -10.5 0
4 15 20.32 -10.71 0 17.75 -10.71 0 17.75 -10.5 0 20.32 -10.5 0
4 15 13.05 -10.71 0 10.48 -10.71 0 10.48 -10.5 0 13.05 -10.5 0
4 15 108.88 -10.5 0 106.52 -10.5 0 106.52 -10.29 0 108.88 -10.29 0
4 15 104.17 -10.5 0 101.39 -10.5 0 101.39 -10.29 0 104.17 -10.29 0
4 15 97.33 -10.71 0 94.97 -10.71 0 94.97 -10.29 0 97.33 -10.29 0
4 15 71.23 -10.5 0 68.45 -10.5 0 68.45 -10.29 0 71.23 -10.29 0
4 15 64.6 -10.5 0 62.46 -10.5 0 62.46 -10.29 0 64.6 -10.29 0
4 15 55.19 -10.71 0 52.41 -10.71 0 52.41 -10.29 0 55.19 -10.29 0
4 15 47.7 -10.5 0 44.92 -10.5 0 44.92 -10.29 0 47.7 -10.29 0
4 15 43.64 -10.5 0 40.43 -10.5 0 40.43 -10.29 0 43.64 -10.29 0
4 15 36.36 -10.71 0 33.37 -10.71 0 33.37 -10.29 0 36.36 -10.29 0
4 15 31.44 -10.5 0 28.45 -10.5 0 28.45 -10.29 0 31.44 -10.29 0
4 15 25.24 -10.5 0 22.03 -10.5 0 22.03 -10.29 0 25.24 -10.29 0
4 15 20.32 -10.5 0 17.33 -10.5 0 17.33 -10.29 0 20.32 -10.29 0
4 15 13.26 -10.5 0 10.48 -10.5 0 10.48 -10.29 0 13.26 -10.29 0
4 15 104.17 -10.29 0 101.18 -10.29 0 101.18 -10.07 0 104.17 -10.07 0
4 15 97.33 -10.29 0 95.19 -10.29 0 95.19 -10.07 0 97.33 -10.07 0
4 15 71.02 -10.29 0 68.24 -10.29 0 68.24 -10.07 0 71.02 -10.07 0
4 15 55.19 -10.29 0 52.19 -10.29 0 52.19 -10.07 0 55.19 -10.07 0
4 15 47.7 -10.29 0 45.13 -10.29 0 45.13 -10.07 0 47.7 -10.07 0
4 15 36.58 -10.29 0 33.58 -10.29 0 33.58 -10.07 0 36.58 -10.07 0
4 15 31.44 -10.29 0 27.59 -10.29 0 27.59 -10.07 0 31.44 -10.07 0
4 15 25.45 -10.29 0 22.25 -10.29 0 22.25 -10.07 0 25.45 -10.07 0
4 15 20.32 -10.29 0 17.11 -10.29 0 17.11 -10.07 0 20.32 -10.07 0
4 15 16.9 -10.29 0 16.68 -10.29 0 16.68 -10.07 0 16.9 -10.07 0
4 15 13.69 -10.29 0 10.48 -10.29 0 10.48 -10.07 0 13.69 -10.07 0
4 15 103.96 -10.07 0 101.18 -10.07 0 101.18 -9.86 0 103.96 -9.86 0
4 15 97.33 -10.07 0 94.97 -10.07 0 94.97 -9.86 0 97.33 -9.86 0
4 15 71.02 -10.07 0 68.02 -10.07 0 68.02 -9.86 0 71.02 -9.86 0
4 15 64.81 -10.29 0 62.46 -10.29 0 62.46 -9.86 0 64.81 -9.86 0
4 15 54.97 -10.07 0 51.98 -10.07 0 51.98 -9.86 0 54.97 -9.86 0
4 15 51.76 -10.07 0 51.55 -10.07 0 51.55 -9.86 0 51.76 -9.86 0
4 15 47.91 -10.07 0 45.13 -10.07 0 45.13 -9.86 0 47.91 -9.86 0
4 15 43.21 -10.29 0 40 -10.29 0 40 -9.86 0 43.21 -9.86 0
4 15 39.79 -10.07 0 39.57 -10.07 0 39.57 -9.86 0 39.79 -9.86 0
4 15 37.01 -10.07 0 33.58 -10.07 0 33.58 -9.86 0 37.01 -9.86 0
4 15 31.23 -10.07 0 27.59 -10.07 0 27.59 -9.86 0 31.23 -9.86 0
4 15 25.88 -10.07 0 22.46 -10.07 0 22.46 -9.86 0 25.88 -9.86 0
4 15 20.11 -10.07 0 16.47 -10.07 0 16.47 -9.86 0 20.11 -9.86 0
4 15 14.76 -10.07 0 10.48 -10.07 0 10.48 -9.86 0 14.76 -9.86 0
4 15 103.74 -9.86 0 100.96 -9.86 0 100.96 -9.64 0 103.74 -9.64 0
4 15 97.33 -9.86 0 94.76 -9.86 0 94.76 -9.64 0 97.33 -9.64 0
4 15 70.8 -9.86 0 68.02 -9.86 0 68.02 -9.64 0 70.8 -9.64 0
4 15 54.76 -9.86 0 51.55 -9.86 0 51.55 -9.64 0 54.76 -9.64 0
4 15 48.13 -9.86 0 45.13 -9.86 0 45.13 -9.64 0 48.13 -9.64 0
4 15 42.99 -9.86 0 38.93 -9.86 0 38.93 -9.64 0 42.99 -9.64 0
4 15 38.72 -9.86 0 38.5 -9.86 0 38.5 -9.64 0 38.72 -9.64 0
4 15 37.43 -9.86 0 33.8 -9.86 0 33.8 -9.64 0 37.43 -9.64 0
4 15 31.02 -9.86 0 22.67 -9.86 0 22.67 -9.64 0 31.02 -9.64 0
4 15 103.74 -9.64 0 100.75 -9.64 0 100.75 -9.43 0 103.74 -9.43 0
4 15 97.33 -9.64 0 95.19 -9.64 0 95.19 -9.43 0 97.33 -9.43 0
4 15 70.8 -9.64 0 67.81 -9.64 0 67.81 -9.43 0 70.8 -9.43 0
4 15 64.81 -9.86 0 62.03 -9.86 0 62.03 -9.43 0 64.81 -9.43 0
4 15 61.82 -9.64 0 56.04 -9.64 0 56.04 -9.43 0 61.82 -9.43 0
4 15 54.76 -9.64 0 50.91 -9.64 0 50.91 -9.43 0 54.76 -9.43 0
4 15 50.27 -9.64 0 50.05 -9.64 0 50.05 -9.43 0 50.27 -9.43 0
4 15 49.84 -9.64 0 49.2 -9.64 0 49.2 -9.43 0 49.84 -9.43 0
4 15 48.98 -9.64 0 45.13 -9.64 0 45.13 -9.43 0 48.98 -9.43 0
4 15 42.99 -9.64 0 33.8 -9.64 0 33.8 -9.43 0 42.99 -9.43 0
4 15 31.02 -9.64 0 22.89 -9.64 0 22.89 -9.43 0 31.02 -9.43 0
4 15 19.89 -9.86 0 10.7 -9.86 0 10.7 -9.43 0 19.89 -9.43 0
4 15 103.53 -9.43 0 100.75 -9.43 0 100.75 -9.21 0 103.53 -9.21 0
4 15 97.33 -9.43 0 94.76 -9.43 0 94.76 -9.21 0 97.33 -9.21 0
4 15 91.98 -9.43 0 91.76 -9.43 0 91.76 -9.21 0 91.98 -9.21 0
4 15 91.12 -9.43 0 90.48 -9.43 0 90.48 -9.21 0 91.12 -9.21 0
4 15 54.55 -9.43 0 45.35 -9.43 0 45.35 -9.21 0 54.55 -9.21 0
4 15 42.78 -9.43 0 34.01 -9.43 0 34.01 -9.21 0 42.78 -9.21 0
4 15 30.8 -9.43 0 22.89 -9.43 0 22.89 -9.21 0 30.8 -9.21 0
4 15 19.89 -9.43 0 10.91 -9.43 0 10.91 -9.21 0 19.89 -9.21 0
4 15 103.53 -9.21 0 100.53 -9.21 0 100.53 -9 0 103.53 -9 0
4 15 97.33 -9.21 0 88.98 -9.21 0 88.98 -9 0 97.33 -9 0
4 15 88.77 -9.21 0 88.34 -9.21 0 88.34 -9 0 88.77 -9 0
4 15 70.59 -9.43 0 67.59 -9.43 0 67.59 -9 0 70.59 -9 0
4 15 54.33 -9.21 0 45.35 -9.21 0 45.35 -9 0 54.33 -9 0
4 15 42.57 -9.21 0 34.01 -9.21 0 34.01 -9 0 42.57 -9 0
4 15 30.59 -9.21 0 23.32 -9.21 0 23.32 -9 0 30.59 -9 0
4 15 19.47 -9.21 0 11.12 -9.21 0 11.12 -9 0 19.47 -9 0
4 15 97.54 -9 0 88.34 -9 0 88.34 -8.79 0 97.54 -8.79 0
4 15 70.37 -9 0 67.38 -9 0 67.38 -8.79 0 70.37 -8.79 0
4 15 64.81 -9.43 0 55.83 -9.43 0 55.83 -8.79 0 64.81 -8.79 0
4 15 54.12 -9 0 45.56 -9 0 45.56 -8.79 0 54.12 -8.79 0
4 15 42.35 -9 0 34.44 -9 0 34.44 -8.79 0 42.35 -8.79 0
4 15 30.16 -9 0 23.53 -9 0 23.53 -8.79 0 30.16 -8.79 0
4 15 19.25 -9 0 11.34 -9 0 11.34 -8.79 0 19.25 -8.79 0
4 15 103.32 -9 0 100.32 -9 0 100.32 -8.57 0 103.32 -8.57 0
4 15 70.37 -8.79 0 67.17 -8.79 0 67.17 -8.57 0 70.37 -8.57 0
4 15 65.03 -8.79 0 55.83 -8.79 0 55.83 -8.57 0 65.03 -8.57 0
4 15 53.9 -8.79 0 45.78 -8.79 0 45.78 -8.57 0 53.9 -8.57 0
4 15 42.14 -8.79 0 34.44 -8.79 0 34.44 -8.57 0 42.14 -8.57 0
4 15 30.16 -8.79 0 23.96 -8.79 0 23.96 -8.57 0 30.16 -8.57 0
4 15 19.04 -8.79 0 11.55 -8.79 0 11.55 -8.57 0 19.04 -8.57 0
4 15 103.1 -8.57 0 100.11 -8.57 0 100.11 -8.36 0 103.1 -8.36 0
4 15 76.15 -10.71 0 73.58 -10.71 0 73.58 -8.36 0 76.15 -8.36 0
4 15 70.16 -8.57 0 66.95 -8.57 0 66.95 -8.36 0 70.16 -8.36 0
4 15 53.69 -8.57 0 45.99 -8.57 0 45.99 -8.36 0 53.69 -8.36 0
4 15 41.71 -8.57 0 34.65 -8.57 0 34.65 -8.36 0 41.71 -8.36 0
4 15 29.95 -8.57 0 23.96 -8.57 0 23.96 -8.36 0 29.95 -8.36 0
4 15 18.61 -8.57 0 11.76 -8.57 0 11.76 -8.36 0 18.61 -8.36 0
4 15 103.1 -8.36 0 99.89 -8.36 0 99.89 -8.14 0 103.1 -8.14 0
4 15 76.15 -8.36 0 73.8 -8.36 0 73.8 -8.14 0 76.15 -8.14 0
4 15 53.48 -8.36 0 46.2 -8.36 0 46.2 -8.14 0 53.48 -8.14 0
4 15 41.5 -8.36 0 35.08 -8.36 0 35.08 -8.14 0 41.5 -8.14 0
4 15 29.3 -8.36 0 24.17 -8.36 0 24.17 -8.14 0 29.3 -8.14 0
4 15 18.4 -8.36 0 11.98 -8.36 0 11.98 -8.14 0 18.4 -8.14 0
4 15 108.88 -10.29 0 106.31 -10.29 0 106.31 -7.93 0 108.88 -7.93 0
4 15 102.89 -8.14 0 99.68 -8.14 0 99.68 -7.93 0 102.89 -7.93 0
4 15 97.33 -8.79 0 88.34 -8.79 0 88.34 -7.93 0 97.33 -7.93 0
4 15 69.95 -8.36 0 66.95 -8.36 0 66.95 -7.93 0 69.95 -7.93 0
4 15 53.26 -8.14 0 46.42 -8.14 0 46.42 -7.93 0 53.26 -7.93 0
4 15 41.28 -8.14 0 35.29 -8.14 0 35.29 -7.93 0 41.28 -7.93 0
4 15 29.3 -8.14 0 24.6 -8.14 0 24.6 -7.93 0 29.3 -7.93 0
4 15 17.75 -8.14 0 12.83 -8.14 0 12.83 -7.93 0 17.75 -7.93 0
4 15 12.62 -8.14 0 12.41 -8.14 0 12.41 -7.93 0 12.62 -7.93 0
4 15 108.88 -7.93 0 106.52 -7.93 0 106.52 -7.71 0 108.88 -7.71 0
4 15 97.54 -7.93 0 88.34 -7.93 0 88.34 -7.71 0 97.54 -7.71 0
4 15 76.15 -8.14 0 73.58 -8.14 0 73.58 -7.71 0 76.15 -7.71 0
4 15 69.95 -7.93 0 66.74 -7.93 0 66.74 -7.71 0 69.95 -7.71 0
4 15 52.62 -7.93 0 46.84 -7.93 0 46.84 -7.71 0 52.62 -7.71 0
4 15 40.86 -7.93 0 35.94 -7.93 0 35.94 -7.71 0 40.86 -7.71 0
4 15 28.66 -7.93 0 25.24 -7.93 0 25.24 -7.71 0 28.66 -7.71 0
4 15 17.33 -7.93 0 16.04 -7.93 0 16.04 -7.71 0 17.33 -7.71 0
4 15 15.83 -7.93 0 14.12 -7.93 0 14.12 -7.71 0 15.83 -7.71 0
4 15 13.9 -7.93 0 13.26 -7.93 0 13.26 -7.71 0 13.9 -7.71 0
4 15 102.67 -7.93 0 99.68 -7.93 0 99.68 -7.5 0 102.67 -7.5 0
4 15 75.94 -7.71 0 73.8 -7.71 0 73.8 -7.5 0 75.94 -7.5 0
4 15 69.52 -7.71 0 66.74 -7.71 0 66.74 -7.5 0 69.52 -7.5 0
4 15 64.81 -8.57 0 55.83 -8.57 0 55.83 -7.5 0 64.81 -7.5 0
4 15 52.19 -7.71 0 47.27 -7.71 0 47.27 -7.5 0 52.19 -7.5 0
4 15 40.21 -7.71 0 40 -7.71 0 40 -7.5 0 40.21 -7.5 0
4 15 39.36 -7.71 0 36.79 -7.71 0 36.79 -7.5 0 39.36 -7.5 0
4 15 36.15 -7.71 0 35.94 -7.71 0 35.94 -7.5 0 36.15 -7.5 0
4 15 28.02 -7.71 0 25.67 -7.71 0 25.67 -7.5 0 28.02 -7.5 0
4 15 15.83 -7.71 0 15.61 -7.71 0 15.61 -7.5 0 15.83 -7.5 0
4 15 15.19 -7.71 0 14.55 -7.71 0 14.55 -7.5 0 15.19 -7.5 0
4 15 108.88 -7.71 0 106.31 -7.71 0 106.31 -7.29 0 108.88 -7.29 0
4 15 102.67 -7.5 0 99.47 -7.5 0 99.47 -7.29 0 102.67 -7.29 0
4 15 97.33 -7.71 0 88.34 -7.71 0 88.34 -7.29 0 97.33 -7.29 0
4 15 86.2 -11.14 0 83.85 -11.14 0 83.85 -7.29 0 86.2 -7.29 0
4 15 69.3 -7.5 0 69.09 -7.5 0 69.09 -7.29 0 69.3 -7.29 0
4 15 68.88 -7.5 0 68.45 -7.5 0 68.45 -7.29 0 68.88 -7.29 0
4 15 68.24 -7.5 0 66.74 -7.5 0 66.74 -7.29 0 68.24 -7.29 0
4 15 64.6 -7.5 0 60.11 -7.5 0 60.11 -7.29 0 64.6 -7.29 0
4 15 59.89 -7.5 0 58.82 -7.5 0 58.82 -7.29 0 59.89 -7.29 0
4 15 58.61 -7.5 0 57.75 -7.5 0 57.75 -7.29 0 58.61 -7.29 0
4 15 57.33 -7.5 0 56.04 -7.5 0 56.04 -7.29 0 57.33 -7.29 0
4 15 51.55 -7.5 0 47.91 -7.5 0 47.91 -7.29 0 51.55 -7.29 0
4 15 38.5 -7.5 0 38.07 -7.5 0 38.07 -7.29 0 38.5 -7.29 0
4 15 37.86 -7.5 0 37.65 -7.5 0 37.65 -7.29 0 37.86 -7.29 0
4 15 108.66 -7.29 0 106.52 -7.29 0 106.52 -7.07 0 108.66 -7.07 0
4 15 102.25 -7.29 0 99.47 -7.29 0 99.47 -7.07 0 102.25 -7.07 0
4 15 97.11 -7.29 0 88.56 -7.29 0 88.56 -7.07 0 97.11 -7.07 0
4 15 86.2 -7.29 0 84.06 -7.29 0 84.06 -7.07 0 86.2 -7.07 0
4 15 76.15 -7.5 0 74.01 -7.5 0 74.01 -7.07 0 76.15 -7.07 0
4 15 50.7 -7.29 0 50.05 -7.29 0 50.05 -7.07 0 50.7 -7.07 0
4 15 102.03 -7.07 0 101.82 -7.07 0 101.82 -6.86 0 102.03 -6.86 0
4 15 101.6 -7.07 0 101.18 -7.07 0 101.18 -6.86 0 101.6 -6.86 0
4 15 100.96 -7.07 0 99.47 -7.07 0 99.47 -6.86 0 100.96 -6.86 0
4 15 96.68 -7.07 0 96.26 -7.07 0 96.26 -6.86 0 96.68 -6.86 0
4 15 96.04 -7.07 0 95.4 -7.07 0 95.4 -6.86 0 96.04 -6.86 0
4 15 95.19 -7.07 0 94.97 -7.07 0 94.97 -6.86 0 95.19 -6.86 0
4 15 92.41 -7.07 0 92.19 -7.07 0 92.19 -6.86 0 92.41 -6.86 0
4 15 91.55 -7.07 0 91.34 -7.07 0 91.34 -6.86 0 91.55 -6.86 0
4 15 90.05 -7.07 0 88.77 -7.07 0 88.77 -6.86 0 90.05 -6.86 0
4 15 84.49 -7.07 0 84.28 -7.07 0 84.28 -6.86 0 84.49 -6.86 0
4 15 108.88 -7.07 0 106.74 -7.07 0 106.74 -6.64 0 108.88 -6.64 0
0 
