0 Tenazas   |F:F
0 Name: tenazas.dat
0 Author: jasolo & plinman
0 BFC CERTIFY CCW
4 16 -21.326 -19.634 -0.051 -21.856 -19.133 0.478 -22.159 -18.75 -0.366 -21.753 -19.133 -0.772
4 16 -18.65 -18.384 1.892 -18.87 -18.177 2.112 -19.659 -18.75 2.134 -19.253 -19.133 1.728
4 16 -21.753 -19.133 -0.772 -22.159 -18.75 -0.366 -22.136 -18.177 -1.155 -21.917 -18.384 -1.374
4 16 -19.253 -19.133 1.728 -19.659 -18.75 2.134 -20.503 -19.133 1.831 -19.973 -19.634 1.302
4 16 -19.973 -19.634 1.302 -20.503 -19.133 1.831 -21.275 -19.268 1.25 -20.701 -19.81 0.676
4 16 -20.701 -19.81 0.676 -21.275 -19.268 1.25 -21.856 -19.133 0.478 -21.326 -19.634 -0.051
4 16 -19.659 -18.75 2.134 -19.93 -18.177 2.405 -20.857 -18.384 2.185 -20.503 -19.133 1.831
4 16 -20.503 -19.133 1.831 -20.857 -18.384 2.185 -21.658 -18.457 1.633 -21.275 -19.268 1.25
4 16 -21.275 -19.268 1.25 -21.658 -18.457 1.633 -22.21 -18.384 0.832 -21.856 -19.133 0.478
4 16 -21.856 -19.133 0.478 -22.21 -18.384 0.832 -22.43 -18.177 -0.095 -22.159 -18.75 -0.366
4 16 -18.87 -18.177 2.112 -19.017 -17.866 2.258 -19.93 -18.177 2.405 -19.659 -18.75 2.134
4 16 -22.159 -18.75 -0.366 -22.43 -18.177 -0.095 -22.283 -17.866 -1.008 -22.136 -18.177 -1.155
4 16 -19.017 -17.866 2.258 -19.068 -17.5 2.31 -20.025 -17.5 2.5 -19.93 -18.177 2.405
4 16 -19.93 -18.177 2.405 -20.025 -17.5 2.5 -20.981 -17.5 2.31 -20.857 -18.384 2.185
3 16 -18.257 -17.5 1.768 -18.87 -18.177 2.112 -18.65 -18.384 1.892
3 16 -21.917 -18.384 -1.374 -22.136 -18.177 -1.155 -21.792 -17.5 -1.768
3 16 -22.136 -18.177 -1.155 -22.283 -17.866 -1.008 -21.792 -17.5 -1.768
3 16 -18.257 -17.5 1.768 -19.017 -17.866 2.258 -18.87 -18.177 2.112
3 16 -18.257 -17.5 1.768 -19.068 -17.5 2.31 -19.017 -17.866 2.258
4 16 -17.715 0 -0.957 -17.715 -15.19 -0.957 -18.257 -15 -1.768 -18.257 0 -1.768
4 16 -8.4 -15.732 -14.124 -20.025 -15.732 -2.5 -19.068 -15.19 -2.31 -7.827 -15.19 -13.551
4 16 -8.784 -16.543 -14.508 -20.981 -16.543 -2.31 -20.025 -15.732 -2.5 -8.4 -15.732 -14.124
4 16 -21.658 -18.457 -1.633 -8.784 -18.457 -14.508 -8.4 -19.268 -14.124 -21.275 -19.268 -1.25
4 16 -21.275 -19.268 -1.25 -8.4 -19.268 -14.124 -7.827 -19.81 -13.551 -20.701 -19.81 -0.676
4 16 -20.701 -19.81 -0.676 -7.827 -19.81 -13.551 -7.15 -20 -12.874 -20.025 -20 0
4 16 -20.025 -20 0 -7.15 -20 -12.874 -6.474 -19.81 -12.198 -19.348 -19.81 0.676
4 16 -19.348 -19.81 0.676 -6.474 -19.81 -12.198 -5.9 -19.268 -11.624 -18.775 -19.268 1.25
4 16 -18.775 -19.268 1.25 -5.9 -19.268 -11.624 -5.517 -18.457 -11.241 -18.392 -18.457 1.633
4 16 -17.525 -15.732 0 -17.715 -16.543 0.957 -5.517 -16.543 -11.241 -5.9 -15.732 -11.624
4 16 -7.827 -15.19 -13.551 -19.068 -15.19 -2.31 -18.257 -15 -1.768 -7.15 -15 -12.874
4 16 -21.792 -17.5 1.768 -21.792 0 1.768 -22.334 0 0.957 -22.334 -17.5 0.957
4 16 -22.525 0 0 -22.525 -17.5 0 -22.334 -17.5 0.957 -22.334 0 0.957
4 16 -22.334 -17.5 -0.957 -22.525 -17.5 0 -22.525 0 0 -22.334 0 -0.957
4 16 -20.025 -15.732 -2.5 -20.981 -16.543 -2.31 -20.981 0 -2.31 -20.025 0 -2.5
4 16 -19.068 -15.19 -2.31 -20.025 -15.732 -2.5 -20.025 0 -2.5 -19.068 0 -2.31
4 16 -18.257 -15 -1.768 -19.068 -15.19 -2.31 -19.068 0 -2.31 -18.257 0 -1.768
4 16 -17.715 -15.19 -0.957 -17.525 -15.732 0 -5.9 -15.732 -11.624 -6.474 -15.19 -12.198
4 16 -17.525 0 0 -17.525 -15.732 0 -17.715 -15.19 -0.957 -17.715 0 -0.957
4 16 -17.715 0 0.957 -17.715 -16.543 0.957 -17.525 -15.732 0 -17.525 0 0
4 16 -18.257 -15 -1.768 -17.715 -15.19 -0.957 -6.474 -15.19 -12.198 -7.15 -15 -12.874
4 16 -18.775 -19.268 1.25 -19.253 -19.133 1.728 -19.973 -19.634 1.302 -19.348 -19.81 0.676
4 16 -19.348 -19.81 0.676 -19.973 -19.634 1.302 -20.701 -19.81 0.676 -20.025 -20 0
4 16 -20.025 -20 0 -20.701 -19.81 0.676 -21.326 -19.634 -0.051 -20.701 -19.81 -0.676
4 16 -20.701 -19.81 -0.676 -21.326 -19.634 -0.051 -21.753 -19.133 -0.772 -21.275 -19.268 -1.25
4 16 -18.392 -18.457 1.633 -18.65 -18.384 1.892 -19.253 -19.133 1.728 -18.775 -19.268 1.25
4 16 -21.917 -18.384 -1.374 -21.658 -18.457 -1.633 -21.275 -19.268 -1.25 -21.753 -19.133 -0.772
4 16 -21.658 -18.457 1.633 -21.792 -17.5 1.768 -22.334 -17.5 0.957 -22.21 -18.384 0.832
4 16 -22.525 -17.5 0 -22.43 -18.177 -0.095 -22.21 -18.384 0.832 -22.334 -17.5 0.957
4 16 -22.43 -18.177 -0.095 -22.525 -17.5 0 -22.334 -17.5 -0.957 -22.283 -17.866 -1.008
4 16 -20.857 -18.384 2.185 -20.981 -17.5 2.31 -21.792 -17.5 1.768 -21.658 -18.457 1.633
3 16 -21.792 -17.5 -1.768 -21.658 -18.457 -1.633 -21.917 -18.384 -1.374
3 16 -18.257 -17.5 1.768 -18.65 -18.384 1.892 -18.392 -18.457 1.633
3 16 -22.283 -17.866 -1.008 -22.334 -17.5 -0.957 -21.792 -17.5 -1.768
4 16 -8.918 -17.5 -14.642 -21.792 -17.5 -1.768 -20.981 -16.543 -2.31 -8.784 -16.543 -14.508
4 16 -21.792 -17.5 -1.768 -8.918 -17.5 -14.642 -8.784 -18.457 -14.508 -21.658 -18.457 -1.633
4 16 -18.392 -18.457 1.633 -5.517 -18.457 -11.241 -5.383 -17.5 -11.107 -18.257 -17.5 1.768
4 16 -17.715 -16.543 0.957 -18.257 -17.5 1.768 -5.383 -17.5 -11.107 -5.517 -16.543 -11.241
4 16 -22.334 -17.5 -0.957 -22.334 0 -0.957 -21.792 0 -1.768 -21.792 -17.5 -1.768
4 16 -20.981 -16.543 -2.31 -21.792 -17.5 -1.768 -21.792 0 -1.768 -20.981 0 -2.31
4 16 -18.257 0 1.768 -18.257 -17.5 1.768 -17.715 -16.543 0.957 -17.715 0 0.957
4 16 -18.257 -17.5 1.768 -18.257 0 1.768 -19.068 0 2.31 -19.068 -17.5 2.31
4 16 -19.068 0 2.31 -20.025 0 2.5 -20.025 -17.5 2.5 -19.068 -17.5 2.31
4 16 -21.792 0 1.768 -21.792 -17.5 1.768 -20.981 -17.5 2.31 -20.981 0 2.31
4 16 -20.025 -17.5 2.5 -20.025 0 2.5 -20.981 0 2.31 -20.981 -17.5 2.31
3 16 -20.981 0 2.31 -20.025 0 0 -21.792 0 1.768
3 16 -19.068 0 2.31 -20.025 0 0 -20.025 0 2.5
3 16 -22.334 0 0.957 -20.025 0 0 -22.525 0 0
3 16 -21.792 0 -1.768 -20.025 0 0 -20.981 0 -2.31
3 16 -20.025 0 2.5 -20.025 0 0 -20.981 0 2.31
3 16 -19.068 0 -2.31 -20.025 0 0 -18.257 0 -1.768
3 16 -22.525 0 0 -20.025 0 0 -22.334 0 -0.957
3 16 -21.792 0 1.768 -20.025 0 0 -22.334 0 0.957
3 16 -22.334 0 -0.957 -20.025 0 0 -21.792 0 -1.768
3 16 -20.025 0 -2.5 -20.025 0 0 -19.068 0 -2.31
3 16 -18.257 0 1.768 -20.025 0 0 -19.068 0 2.31
3 16 -20.981 0 -2.31 -20.025 0 0 -20.025 0 -2.5
3 16 -18.257 0 -1.768 -20.025 0 0 -17.715 0 -0.957
3 16 -17.715 0 -0.957 -20.025 0 0 -17.525 0 0
3 16 -17.715 0 0.957 -20.025 0 0 -18.257 0 1.768
3 16 -17.525 0 0 -20.025 0 0 -17.715 0 0.957
4 16 21.326 -19.634 -0.051 21.753 -19.133 -0.772 22.159 -18.75 -0.366 21.856 -19.133 0.478
4 16 18.65 -18.384 1.892 19.253 -19.133 1.728 19.659 -18.75 2.134 18.87 -18.177 2.112
4 16 21.753 -19.133 -0.772 21.917 -18.384 -1.374 22.136 -18.177 -1.155 22.159 -18.75 -0.366
4 16 19.253 -19.133 1.728 19.973 -19.634 1.302 20.503 -19.133 1.831 19.659 -18.75 2.134
4 16 19.973 -19.634 1.302 20.701 -19.81 0.676 21.275 -19.268 1.25 20.503 -19.133 1.831
4 16 20.701 -19.81 0.676 21.326 -19.634 -0.051 21.856 -19.133 0.478 21.275 -19.268 1.25
4 16 19.659 -18.75 2.134 20.503 -19.133 1.831 20.857 -18.384 2.185 19.93 -18.177 2.405
4 16 20.503 -19.133 1.831 21.275 -19.268 1.25 21.658 -18.457 1.633 20.857 -18.384 2.185
4 16 21.275 -19.268 1.25 21.856 -19.133 0.478 22.21 -18.384 0.832 21.658 -18.457 1.633
4 16 21.856 -19.133 0.478 22.159 -18.75 -0.366 22.43 -18.177 -0.095 22.21 -18.384 0.832
4 16 18.87 -18.177 2.112 19.659 -18.75 2.134 19.93 -18.177 2.405 19.017 -17.866 2.258
4 16 22.159 -18.75 -0.366 22.136 -18.177 -1.155 22.283 -17.866 -1.008 22.43 -18.177 -0.095
4 16 19.017 -17.866 2.258 19.93 -18.177 2.405 20.025 -17.5 2.5 19.068 -17.5 2.31
4 16 19.93 -18.177 2.405 20.857 -18.384 2.185 20.981 -17.5 2.31 20.025 -17.5 2.5
3 16 18.257 -17.5 1.768 18.65 -18.384 1.892 18.87 -18.177 2.112
3 16 21.917 -18.384 -1.374 21.792 -17.5 -1.768 22.136 -18.177 -1.155
3 16 22.136 -18.177 -1.155 21.792 -17.5 -1.768 22.283 -17.866 -1.008
3 16 18.257 -17.5 1.768 18.87 -18.177 2.112 19.017 -17.866 2.258
3 16 18.257 -17.5 1.768 19.017 -17.866 2.258 19.068 -17.5 2.31
4 16 17.715 0 -0.957 18.257 0 -1.768 18.257 -15 -1.768 17.715 -15.19 -0.957
4 16 8.4 -15.732 -14.124 7.827 -15.19 -13.551 19.068 -15.19 -2.31 20.025 -15.732 -2.5
4 16 8.784 -16.543 -14.508 8.4 -15.732 -14.124 20.025 -15.732 -2.5 20.981 -16.543 -2.31
4 16 21.658 -18.457 -1.633 21.275 -19.268 -1.25 8.4 -19.268 -14.124 8.784 -18.457 -14.508
4 16 21.275 -19.268 -1.25 20.701 -19.81 -0.676 7.827 -19.81 -13.551 8.4 -19.268 -14.124
4 16 20.701 -19.81 -0.676 20.025 -20 0 7.15 -20 -12.874 7.827 -19.81 -13.551
4 16 20.025 -20 0 19.348 -19.81 0.676 6.474 -19.81 -12.198 7.15 -20 -12.874
4 16 19.348 -19.81 0.676 18.775 -19.268 1.25 5.9 -19.268 -11.624 6.474 -19.81 -12.198
4 16 18.775 -19.268 1.25 18.392 -18.457 1.633 5.517 -18.457 -11.241 5.9 -19.268 -11.624
4 16 17.525 -15.732 0 5.9 -15.732 -11.624 5.517 -16.543 -11.241 17.715 -16.543 0.957
4 16 7.827 -15.19 -13.551 7.15 -15 -12.874 18.257 -15 -1.768 19.068 -15.19 -2.31
4 16 21.792 -17.5 1.768 22.334 -17.5 0.957 22.334 0 0.957 21.792 0 1.768
4 16 22.334 -17.5 0.957 22.525 -17.5 0 22.525 0 0 22.334 0 0.957
4 16 22.525 0 0 22.525 -17.5 0 22.334 -17.5 -0.957 22.334 0 -0.957
4 16 20.025 -15.732 -2.5 20.025 0 -2.5 20.981 0 -2.31 20.981 -16.543 -2.31
4 16 19.068 -15.19 -2.31 19.068 0 -2.31 20.025 0 -2.5 20.025 -15.732 -2.5
4 16 18.257 -15 -1.768 18.257 0 -1.768 19.068 0 -2.31 19.068 -15.19 -2.31
4 16 17.715 -15.19 -0.957 6.474 -15.19 -12.198 5.9 -15.732 -11.624 17.525 -15.732 0
4 16 17.525 0 0 17.715 0 -0.957 17.715 -15.19 -0.957 17.525 -15.732 0
4 16 17.715 0 0.957 17.525 0 0 17.525 -15.732 0 17.715 -16.543 0.957
4 16 18.257 -15 -1.768 7.15 -15 -12.874 6.474 -15.19 -12.198 17.715 -15.19 -0.957
4 16 18.775 -19.268 1.25 19.348 -19.81 0.676 19.973 -19.634 1.302 19.253 -19.133 1.728
4 16 19.348 -19.81 0.676 20.025 -20 0 20.701 -19.81 0.676 19.973 -19.634 1.302
4 16 20.025 -20 0 20.701 -19.81 -0.676 21.326 -19.634 -0.051 20.701 -19.81 0.676
4 16 20.701 -19.81 -0.676 21.275 -19.268 -1.25 21.753 -19.133 -0.772 21.326 -19.634 -0.051
4 16 18.392 -18.457 1.633 18.775 -19.268 1.25 19.253 -19.133 1.728 18.65 -18.384 1.892
4 16 21.275 -19.268 -1.25 21.658 -18.457 -1.633 21.917 -18.384 -1.374 21.753 -19.133 -0.772
4 16 21.658 -18.457 1.633 22.21 -18.384 0.832 22.334 -17.5 0.957 21.792 -17.5 1.768
4 16 22.21 -18.384 0.832 22.43 -18.177 -0.095 22.525 -17.5 0 22.334 -17.5 0.957
4 16 22.43 -18.177 -0.095 22.283 -17.866 -1.008 22.334 -17.5 -0.957 22.525 -17.5 0
4 16 20.857 -18.384 2.185 21.658 -18.457 1.633 21.792 -17.5 1.768 20.981 -17.5 2.31
3 16 21.658 -18.457 -1.633 21.792 -17.5 -1.768 21.917 -18.384 -1.374
3 16 18.257 -17.5 1.768 18.392 -18.457 1.633 18.65 -18.384 1.892
3 16 22.283 -17.866 -1.008 21.792 -17.5 -1.768 22.334 -17.5 -0.957
4 16 8.918 -17.5 -14.642 8.784 -16.543 -14.508 20.981 -16.543 -2.31 21.792 -17.5 -1.768
4 16 21.792 -17.5 -1.768 21.658 -18.457 -1.633 8.784 -18.457 -14.508 8.918 -17.5 -14.642
4 16 18.392 -18.457 1.633 18.257 -17.5 1.768 5.383 -17.5 -11.107 5.517 -18.457 -11.241
4 16 17.715 -16.543 0.957 5.517 -16.543 -11.241 5.383 -17.5 -11.107 18.257 -17.5 1.768
4 16 22.334 -17.5 -0.957 21.792 -17.5 -1.768 21.792 0 -1.768 22.334 0 -0.957
4 16 20.981 -16.543 -2.31 20.981 0 -2.31 21.792 0 -1.768 21.792 -17.5 -1.768
4 16 18.257 0 1.768 17.715 0 0.957 17.715 -16.543 0.957 18.257 -17.5 1.768
4 16 18.257 -17.5 1.768 19.068 -17.5 2.31 19.068 0 2.31 18.257 0 1.768
4 16 19.068 0 2.31 19.068 -17.5 2.31 20.025 -17.5 2.5 20.025 0 2.5
4 16 21.792 0 1.768 20.981 0 2.31 20.981 -17.5 2.31 21.792 -17.5 1.768
4 16 20.025 -17.5 2.5 20.981 -17.5 2.31 20.981 0 2.31 20.025 0 2.5
3 16 20.981 0 2.31 21.792 0 1.768 20.025 0 0
3 16 19.068 0 2.31 20.025 0 2.5 20.025 0 0
3 16 22.334 0 0.957 22.525 0 0 20.025 0 0
3 16 21.792 0 -1.768 20.981 0 -2.31 20.025 0 0
3 16 20.025 0 2.5 20.981 0 2.31 20.025 0 0
3 16 19.068 0 -2.31 18.257 0 -1.768 20.025 0 0
3 16 22.525 0 0 22.334 0 -0.957 20.025 0 0
3 16 21.792 0 1.768 22.334 0 0.957 20.025 0 0
3 16 22.334 0 -0.957 21.792 0 -1.768 20.025 0 0
3 16 20.025 0 -2.5 19.068 0 -2.31 20.025 0 0
3 16 18.257 0 1.768 19.068 0 2.31 20.025 0 0
3 16 20.981 0 -2.31 20.025 0 -2.5 20.025 0 0
3 16 18.257 0 -1.768 17.715 0 -0.957 20.025 0 0
3 16 17.715 0 -0.957 17.525 0 0 20.025 0 0
3 16 17.715 0 0.957 18.257 0 1.768 20.025 0 0
3 16 17.525 0 0 17.715 0 0.957 20.025 0 0
4 16 -6.25 -13.75 -55.725 -10.625 -13.75 -60.725 -10.625 -21.25 -60.725 -6.25 -21.25 -55.725
3 16 -5.25 -13.75 -60.225 -5.098 -13.75 -60.99 -10.625 -13.75 -60.725
3 16 -4.015 -13.75 -58.377 -6.25 -13.75 -55.725 -3.25 -13.75 -58.225
3 16 3.25 -13.75 -58.225 2.485 -13.75 -58.377 6.25 -13.75 -55.725
4 16 1.836 -13.75 -58.81 -1.836 -13.75 -58.81 -2.485 -13.75 -58.377 2.485 -13.75 -58.377
4 16 -6.25 -13.75 -55.725 6.25 -13.75 -55.725 2.485 -13.75 -58.377 -2.485 -13.75 -58.377
3 16 -4.664 -13.75 -58.81 -6.25 -13.75 -55.725 -4.015 -13.75 -58.377
3 16 6.25 -13.75 -55.725 4.664 -13.75 -58.81 4.015 -13.75 -58.377
4 16 1.836 -13.75 -58.81 1.402 -13.75 -59.459 -1.402 -13.75 -59.459 -1.836 -13.75 -58.81
3 16 6.25 -13.75 -55.725 5.098 -13.75 -59.459 4.664 -13.75 -58.81
3 16 -5.098 -13.75 -59.459 -6.25 -13.75 -55.725 -4.664 -13.75 -58.81
4 16 -3.25 -13.75 -62.225 -2.485 -13.75 -62.072 2.485 -13.75 -62.072 3.25 -13.75 -62.225
3 16 10.625 -13.75 -60.725 5.098 -13.75 -60.99 5.25 -13.75 -60.225
4 16 1.402 -13.75 -59.459 1.25 -13.75 -60.225 -1.25 -13.75 -60.225 -1.402 -13.75 -59.459
4 16 6.25 -13.75 -55.725 10.625 -13.75 -60.725 5.25 -13.75 -60.225 5.098 -13.75 -59.459
4 16 1.25 -13.75 -60.225 1.402 -13.75 -60.99 -1.402 -13.75 -60.99 -1.25 -13.75 -60.225
3 16 -5.098 -21.25 -60.99 -10.625 -21.25 -60.725 -4.664 -21.25 -61.639
3 16 0 -13.75 -68.225 -3.25 -13.75 -62.225 3.25 -13.75 -62.225
3 16 3.25 -13.75 -62.225 4.015 -13.75 -62.072 0 -13.75 -68.225
3 16 0 -13.75 -68.225 -4.015 -13.75 -62.072 -3.25 -13.75 -62.225
4 16 -2.485 -13.75 -62.072 -1.836 -13.75 -61.639 1.836 -13.75 -61.639 2.485 -13.75 -62.072
4 16 0 -13.75 -68.225 -10.625 -13.75 -60.725 -4.664 -13.75 -61.639 -4.015 -13.75 -62.072
4 16 4.664 -13.75 -61.639 10.625 -13.75 -60.725 0 -13.75 -68.225 4.015 -13.75 -62.072
4 16 10.625 -13.75 -60.725 6.25 -13.75 -55.725 6.25 -21.25 -55.725 10.625 -21.25 -60.725
4 16 -6.25 -13.75 -55.725 -6.25 -21.25 -55.725 6.25 -21.25 -55.725 6.25 -13.75 -55.725
4 16 5.25 -21.25 -60.225 10.625 -21.25 -60.725 6.25 -21.25 -55.725 5.098 -21.25 -59.459
4 16 0 -13.75 -68.225 0 -21.25 -68.225 -10.625 -21.25 -60.725 -10.625 -13.75 -60.725
4 16 0 -13.75 -68.225 10.625 -13.75 -60.725 10.625 -21.25 -60.725 0 -21.25 -68.225
4 16 -3.25 -13.75 -58.225 -2.485 -13.75 -58.377 -2.485 -15 -58.377 -3.25 -15 -58.225
4 16 -2.485 -13.75 -58.377 -1.836 -13.75 -58.81 -1.836 -15 -58.81 -2.485 -15 -58.377
4 16 -1.836 -13.75 -58.81 -1.402 -13.75 -59.459 -1.402 -15 -59.459 -1.836 -15 -58.81
4 16 -1.402 -13.75 -59.459 -1.25 -13.75 -60.225 -1.25 -15 -60.225 -1.402 -15 -59.459
4 16 1.836 -13.75 -61.639 1.402 -13.75 -60.99 1.402 -15 -60.99 1.836 -15 -61.639
4 16 -1.836 -13.75 -61.639 -1.402 -13.75 -60.99 1.402 -13.75 -60.99 1.836 -13.75 -61.639
4 16 -1.836 -13.75 -61.639 -2.485 -13.75 -62.072 -2.485 -15 -62.072 -1.836 -15 -61.639
4 16 -2.485 -13.75 -62.072 -3.25 -13.75 -62.225 -3.25 -15 -62.225 -2.485 -15 -62.072
4 16 -4.015 -13.75 -62.072 -4.015 -15 -62.072 -3.25 -15 -62.225 -3.25 -13.75 -62.225
4 16 -4.015 -13.75 -62.072 -4.664 -13.75 -61.639 -4.664 -15 -61.639 -4.015 -15 -62.072
4 16 1.402 -13.75 -60.99 1.25 -13.75 -60.225 1.25 -15 -60.225 1.402 -15 -60.99
4 16 -5.098 -13.75 -59.459 -5.098 -15 -59.459 -5.25 -15 -60.225 -5.25 -13.75 -60.225
4 16 -5.098 -13.75 -59.459 -4.664 -13.75 -58.81 -4.664 -15 -58.81 -5.098 -15 -59.459
4 16 -5.25 -15 -60.225 -5.098 -15 -60.99 -5.098 -13.75 -60.99 -5.25 -13.75 -60.225
4 16 -3.25 -13.75 -58.225 -3.25 -15 -58.225 -4.015 -15 -58.377 -4.015 -13.75 -58.377
4 16 -4.015 -13.75 -58.377 -4.015 -15 -58.377 -4.664 -15 -58.81 -4.664 -13.75 -58.81
4 16 3.25 -13.75 -58.225 4.015 -13.75 -58.377 4.015 -15 -58.377 3.25 -15 -58.225
4 16 4.015 -13.75 -58.377 4.664 -13.75 -58.81 4.664 -15 -58.81 4.015 -15 -58.377
4 16 5.098 -13.75 -59.459 5.098 -15 -59.459 4.664 -15 -58.81 4.664 -13.75 -58.81
4 16 5.098 -13.75 -59.459 5.25 -13.75 -60.225 5.25 -15 -60.225 5.098 -15 -59.459
4 16 -1.402 -13.75 -60.99 -1.402 -15 -60.99 -1.25 -15 -60.225 -1.25 -13.75 -60.225
3 16 -3.25 -13.75 -58.225 -6.25 -13.75 -55.725 -2.485 -13.75 -58.377
4 16 4.664 -13.75 -61.639 4.015 -13.75 -62.072 4.015 -15 -62.072 4.664 -15 -61.639
4 16 4.015 -13.75 -62.072 3.25 -13.75 -62.225 3.25 -15 -62.225 4.015 -15 -62.072
4 16 3.25 -13.75 -62.225 2.485 -13.75 -62.072 2.485 -15 -62.072 3.25 -15 -62.225
4 16 1.836 -13.75 -61.639 1.836 -15 -61.639 2.485 -15 -62.072 2.485 -13.75 -62.072
4 16 -4.664 -13.75 -61.639 -5.098 -13.75 -60.99 -5.098 -15 -60.99 -4.664 -15 -61.639
3 16 -10.625 -13.75 -60.725 -5.098 -13.75 -60.99 -4.664 -13.75 -61.639
4 16 5.25 -13.75 -60.225 5.098 -13.75 -60.99 5.098 -15 -60.99 5.25 -15 -60.225
4 16 1.25 -13.75 -60.225 1.402 -13.75 -59.459 1.402 -15 -59.459 1.25 -15 -60.225
4 16 1.402 -13.75 -59.459 1.836 -13.75 -58.81 1.836 -15 -58.81 1.402 -15 -59.459
4 16 3.25 -13.75 -58.225 3.25 -15 -58.225 2.485 -15 -58.377 2.485 -13.75 -58.377
4 16 2.485 -13.75 -58.377 2.485 -15 -58.377 1.836 -15 -58.81 1.836 -13.75 -58.81
3 16 6.25 -13.75 -55.725 4.015 -13.75 -58.377 3.25 -13.75 -58.225
3 16 5.098 -13.75 -60.99 10.625 -13.75 -60.725 4.664 -13.75 -61.639
4 16 4.664 -13.75 -61.639 4.664 -15 -61.639 5.098 -15 -60.99 5.098 -13.75 -60.99
4 16 -5.25 -13.75 -60.225 -10.625 -13.75 -60.725 -6.25 -13.75 -55.725 -5.098 -13.75 -59.459
4 16 -1.836 -13.75 -61.639 -1.836 -15 -61.639 -1.402 -15 -60.99 -1.402 -13.75 -60.99
3 16 -3.25 -15 -62.225 -4.015 -15 -62.072 -3.25 -15 -60.225
3 16 -1.402 -15 -59.459 -1.25 -15 -60.225 -3.25 -15 -60.225
3 16 -4.664 -15 -58.81 -4.015 -15 -58.377 -3.25 -15 -60.225
3 16 -1.402 -15 -60.99 -1.836 -15 -61.639 -3.25 -15 -60.225
3 16 -4.015 -15 -62.072 -4.664 -15 -61.639 -3.25 -15 -60.225
3 16 -2.485 -15 -58.377 -1.836 -15 -58.81 -3.25 -15 -60.225
3 16 -5.098 -15 -60.99 -5.25 -15 -60.225 -3.25 -15 -60.225
3 16 -1.836 -15 -58.81 -1.402 -15 -59.459 -3.25 -15 -60.225
3 16 -4.015 -15 -58.377 -3.25 -15 -58.225 -3.25 -15 -60.225
3 16 -5.25 -15 -60.225 -5.098 -15 -59.459 -3.25 -15 -60.225
3 16 -4.664 -15 -61.639 -5.098 -15 -60.99 -3.25 -15 -60.225
3 16 -1.25 -15 -60.225 -1.402 -15 -60.99 -3.25 -15 -60.225
3 16 -2.485 -15 -62.072 -3.25 -15 -62.225 -3.25 -15 -60.225
3 16 -5.098 -15 -59.459 -4.664 -15 -58.81 -3.25 -15 -60.225
3 16 -1.836 -15 -61.639 -2.485 -15 -62.072 -3.25 -15 -60.225
3 16 -3.25 -15 -58.225 -2.485 -15 -58.377 -3.25 -15 -60.225
3 16 5.25 -15 -60.225 5.098 -15 -60.99 3.25 -15 -60.225
3 16 3.25 -15 -58.225 4.015 -15 -58.377 3.25 -15 -60.225
3 16 3.25 -15 -62.225 2.485 -15 -62.072 3.25 -15 -60.225
3 16 1.402 -15 -60.99 1.25 -15 -60.225 3.25 -15 -60.225
3 16 1.25 -15 -60.225 1.402 -15 -59.459 3.25 -15 -60.225
3 16 4.015 -15 -62.072 3.25 -15 -62.225 3.25 -15 -60.225
3 16 5.098 -15 -60.99 4.664 -15 -61.639 3.25 -15 -60.225
3 16 1.836 -15 -61.639 1.402 -15 -60.99 3.25 -15 -60.225
3 16 1.402 -15 -59.459 1.836 -15 -58.81 3.25 -15 -60.225
3 16 2.485 -15 -58.377 3.25 -15 -58.225 3.25 -15 -60.225
3 16 4.664 -15 -61.639 4.015 -15 -62.072 3.25 -15 -60.225
3 16 2.485 -15 -62.072 1.836 -15 -61.639 3.25 -15 -60.225
3 16 4.015 -15 -58.377 4.664 -15 -58.81 3.25 -15 -60.225
3 16 1.836 -15 -58.81 2.485 -15 -58.377 3.25 -15 -60.225
3 16 5.098 -15 -59.459 5.25 -15 -60.225 3.25 -15 -60.225
3 16 4.664 -15 -58.81 5.098 -15 -59.459 3.25 -15 -60.225
3 16 17.5 -20 -71.601 12.5 -20 -76.65 12.5 -20 -79.15
4 16 9.539 -15 -61.492 9.539 -20 -61.492 17.5 -20 -71.601 17.5 -15 -71.601
4 16 1.4 -20 -67.236 1.4 -15 -67.236 12.5 -15 -76.65 12.5 -20 -76.65
4 16 1.4 -15 -67.236 9.539 -15 -61.492 17.5 -15 -71.601 12.5 -15 -76.65
4 16 9.539 -20 -61.492 1.4 -20 -67.236 12.5 -20 -76.65 17.5 -20 -71.601
4 16 12.5 -15 -79.15 12.5 -15 -91.65 10 -15 -91.65 10 -15 -79.15
4 16 17.5 -15 -71.601 17.5 -20 -71.601 12.5 -20 -91.65 12.5 -15 -91.65
4 16 12.5 -20 -76.65 12.5 -15 -76.65 12.5 -15 -79.15 12.5 -20 -79.15
3 16 12.5 -15 -76.65 17.5 -15 -71.601 12.5 -15 -79.15
4 16 10 -20 -79.15 10 -15 -79.15 10 -15 -91.65 10 -20 -91.65
4 16 12.5 -20 -91.65 12.5 -20 -79.15 10 -20 -79.15 10 -20 -91.65
4 16 12.5 -15 -91.65 12.5 -20 -91.65 10 -20 -91.65 10 -15 -91.65
4 16 12.5 -20 -79.15 12.5 -15 -79.15 10 -15 -79.15 10 -20 -79.15
3 16 12.5 -20 -91.65 17.5 -20 -71.601 12.5 -20 -79.15
3 16 17.5 -15 -71.601 12.5 -15 -91.65 12.5 -15 -79.15
3 16 -17.5 -15 -71.601 -12.5 -15 -76.65 -12.5 -15 -79.15
4 16 -9.539 -20 -61.492 -9.539 -15 -61.492 -17.5 -15 -71.601 -17.5 -20 -71.601
4 16 -1.4 -15 -67.236 -1.4 -20 -67.236 -12.5 -20 -76.65 -12.5 -15 -76.65
4 16 -1.4 -20 -67.236 -9.539 -20 -61.492 -17.5 -20 -71.601 -12.5 -20 -76.65
4 16 -9.539 -15 -61.492 -1.4 -15 -67.236 -12.5 -15 -76.65 -17.5 -15 -71.601
4 16 -12.5 -20 -79.15 -12.5 -20 -91.65 -10 -20 -91.65 -10 -20 -79.15
4 16 -17.5 -20 -71.601 -17.5 -15 -71.601 -12.5 -15 -91.65 -12.5 -20 -91.65
4 16 -12.5 -15 -76.65 -12.5 -20 -76.65 -12.5 -20 -79.15 -12.5 -15 -79.15
3 16 -12.5 -20 -76.65 -17.5 -20 -71.601 -12.5 -20 -79.15
4 16 -10 -15 -79.15 -10 -20 -79.15 -10 -20 -91.65 -10 -15 -91.65
4 16 -12.5 -15 -91.65 -12.5 -15 -79.15 -10 -15 -79.15 -10 -15 -91.65
4 16 -12.5 -20 -91.65 -12.5 -15 -91.65 -10 -15 -91.65 -10 -20 -91.65
4 16 -12.5 -15 -79.15 -12.5 -20 -79.15 -10 -20 -79.15 -10 -15 -79.15
3 16 -12.5 -15 -91.65 -17.5 -15 -71.601 -12.5 -15 -79.15
3 16 -17.5 -20 -71.601 -12.5 -20 -91.65 -12.5 -20 -79.15
4 16 6.25 -13.75 -30.725 6.25 -21.25 -30.725 -6.25 -21.25 -30.725 -6.25 -13.75 -30.725
4 16 6.25 -13.75 -30.725 6.25 -13.75 -19.475 6.25 -21.25 -19.475 6.25 -21.25 -30.725
4 16 6.25 -21.25 -30.725 6.25 -21.25 -19.475 -6.25 -21.25 -19.475 -6.25 -21.25 -30.725
4 16 -10 -21.25 -15.725 10 -21.25 -15.725 3.75 -21.25 -9.475 -3.75 -21.25 -9.475
4 16 10 -13.75 -15.725 -10 -13.75 -15.725 -3.75 -13.75 -9.475 3.75 -13.75 -9.475
4 16 -10 -13.75 -15.725 -10 -21.25 -15.725 -3.75 -21.25 -9.475 -3.75 -13.75 -9.475
4 16 10 -21.25 -15.725 10 -13.75 -15.725 3.75 -13.75 -9.475 3.75 -21.25 -9.475
4 16 3.75 -13.75 -9.475 -3.75 -13.75 -9.475 -3.75 -21.25 -9.475 3.75 -21.25 -9.475
4 16 -6.25 -21.25 -30.725 -6.25 -21.25 -19.475 -6.25 -13.75 -19.475 -6.25 -13.75 -30.725
4 16 6.25 -13.75 -19.475 6.25 -13.75 -30.725 -6.25 -13.75 -30.725 -6.25 -13.75 -19.475
4 16 -6.25 -13.75 -19.475 -6.25 -21.25 -19.475 -10 -21.25 -15.725 -10 -13.75 -15.725
4 16 -6.25 -21.25 -19.475 6.25 -21.25 -19.475 10 -21.25 -15.725 -10 -21.25 -15.725
4 16 6.25 -13.75 -19.475 -6.25 -13.75 -19.475 -10 -13.75 -15.725 10 -13.75 -15.725
4 16 6.25 -21.25 -19.475 6.25 -13.75 -19.475 10 -13.75 -15.725 10 -21.25 -15.725
4 16 2.5 -15 -55.725 2.5 -15 -30.725 3.457 -15.19 -30.725 3.457 -15.19 -55.725
4 16 3.457 -15.19 -55.725 3.457 -15.19 -30.725 4.268 -15.732 -30.725 4.268 -15.732 -55.725
4 16 4.268 -15.732 -55.725 4.268 -15.732 -30.725 4.81 -16.543 -30.725 4.81 -16.543 -55.725
4 16 4.81 -16.543 -55.725 4.81 -16.543 -30.725 5 -17.5 -30.725 5 -17.5 -55.725
4 16 5 -17.5 -55.725 5 -17.5 -30.725 4.81 -18.457 -30.725 4.81 -18.457 -55.725
4 16 4.81 -18.457 -55.725 4.81 -18.457 -30.725 4.268 -19.268 -30.725 4.268 -19.268 -55.725
4 16 4.268 -19.268 -55.725 4.268 -19.268 -30.725 3.457 -19.81 -30.725 3.457 -19.81 -55.725
4 16 3.457 -19.81 -55.725 3.457 -19.81 -30.725 2.5 -20 -30.725 2.5 -20 -55.725
4 16 2.5 -20 -55.725 2.5 -20 -30.725 1.543 -19.81 -30.725 1.543 -19.81 -55.725
4 16 1.543 -19.81 -55.725 1.543 -19.81 -30.725 0.732 -19.268 -30.725 0.732 -19.268 -55.725
4 16 0.732 -19.268 -55.725 0.732 -19.268 -30.725 0.19 -18.457 -30.725 0.19 -18.457 -55.725
4 16 -4.81 -18.457 -55.725 -4.81 -18.457 -30.725 -5 -17.5 -30.725 -5 -17.5 -55.725
4 16 -4.268 -19.268 -55.725 -4.268 -19.268 -30.725 -4.81 -18.457 -30.725 -4.81 -18.457 -55.725
4 16 0.19 -16.543 -55.725 0.19 -16.543 -30.725 0.732 -15.732 -30.725 0.732 -15.732 -55.725
4 16 -3.457 -19.81 -55.725 -3.457 -19.81 -30.725 -4.268 -19.268 -30.725 -4.268 -19.268 -55.725
4 16 1.543 -15.19 -55.725 1.543 -15.19 -30.725 2.5 -15 -30.725 2.5 -15 -55.725
4 16 0.732 -15.732 -55.725 0.732 -15.732 -30.725 1.543 -15.19 -30.725 1.543 -15.19 -55.725
4 16 -2.5 -20 -55.725 -2.5 -20 -30.725 -3.457 -19.81 -30.725 -3.457 -19.81 -55.725
4 16 -5 -17.5 -55.725 -5 -17.5 -30.725 -4.81 -16.543 -30.725 -4.81 -16.543 -55.725
4 16 -4.81 -16.543 -55.725 -4.81 -16.543 -30.725 -4.268 -15.732 -30.725 -4.268 -15.732 -55.725
4 16 -4.268 -15.732 -55.725 -4.268 -15.732 -30.725 -3.457 -15.19 -30.725 -3.457 -15.19 -55.725
4 16 -3.457 -15.19 -55.725 -3.457 -15.19 -30.725 -2.5 -15 -30.725 -2.5 -15 -55.725
4 16 -2.5 -15 -55.725 -2.5 -15 -30.725 -1.543 -15.19 -30.725 -1.543 -15.19 -55.725
4 16 -1.543 -15.19 -55.725 -1.543 -15.19 -30.725 -0.732 -15.732 -30.725 -0.732 -15.732 -55.725
4 16 -0.732 -15.732 -55.725 -0.732 -15.732 -30.725 -0.19 -16.543 -30.725 -0.19 -16.543 -55.725
4 16 -0.19 -18.457 -55.725 -0.19 -18.457 -30.725 -0.732 -19.268 -30.725 -0.732 -19.268 -55.725
4 16 -1.543 -19.81 -55.725 -1.543 -19.81 -30.725 -2.5 -20 -30.725 -2.5 -20 -55.725
4 16 -0.732 -19.268 -55.725 -0.732 -19.268 -30.725 -1.543 -19.81 -30.725 -1.543 -19.81 -55.725
4 16 0.19 -18.457 -55.725 0.19 -18.457 -30.725 -0.19 -18.457 -30.725 -0.19 -18.457 -55.725
4 16 0.19 -16.543 -55.725 -0.19 -16.543 -55.725 -0.19 -16.543 -30.725 0.19 -16.543 -30.725
3 16 -4.664 -20 -58.81 -5.098 -20 -59.459 -3.25 -20 -60.225
3 16 -5.098 -20 -59.459 -5.25 -20 -60.225 -3.25 -20 -60.225
3 16 -1.836 -20 -58.81 -2.485 -20 -58.377 -3.25 -20 -60.225
3 16 -4.015 -20 -58.377 -4.664 -20 -58.81 -3.25 -20 -60.225
3 16 -2.485 -20 -62.072 -1.836 -20 -61.639 -3.25 -20 -60.225
3 16 -4.664 -20 -61.639 -4.015 -20 -62.072 -3.25 -20 -60.225
3 16 -2.485 -20 -58.377 -3.25 -20 -58.225 -3.25 -20 -60.225
3 16 -1.402 -20 -59.459 -1.836 -20 -58.81 -3.25 -20 -60.225
3 16 -1.836 -20 -61.639 -1.402 -20 -60.99 -3.25 -20 -60.225
3 16 -5.098 -20 -60.99 -4.664 -20 -61.639 -3.25 -20 -60.225
3 16 -4.015 -20 -62.072 -3.25 -20 -62.225 -3.25 -20 -60.225
3 16 -1.25 -20 -60.225 -1.402 -20 -59.459 -3.25 -20 -60.225
3 16 -1.402 -20 -60.99 -1.25 -20 -60.225 -3.25 -20 -60.225
3 16 -3.25 -20 -62.225 -2.485 -20 -62.072 -3.25 -20 -60.225
3 16 -3.25 -20 -58.225 -4.015 -20 -58.377 -3.25 -20 -60.225
3 16 -5.25 -20 -60.225 -5.098 -20 -60.99 -3.25 -20 -60.225
3 16 3.25 -20 -58.225 2.485 -20 -58.377 3.25 -20 -60.225
3 16 1.836 -20 -61.639 2.485 -20 -62.072 3.25 -20 -60.225
3 16 5.098 -20 -59.459 4.664 -20 -58.81 3.25 -20 -60.225
3 16 2.485 -20 -62.072 3.25 -20 -62.225 3.25 -20 -60.225
3 16 1.25 -20 -60.225 1.402 -20 -60.99 3.25 -20 -60.225
3 16 4.664 -20 -61.639 5.098 -20 -60.99 3.25 -20 -60.225
3 16 5.25 -20 -60.225 5.098 -20 -59.459 3.25 -20 -60.225
3 16 4.015 -20 -58.377 3.25 -20 -58.225 3.25 -20 -60.225
3 16 1.836 -20 -58.81 1.402 -20 -59.459 3.25 -20 -60.225
3 16 5.098 -20 -60.99 5.25 -20 -60.225 3.25 -20 -60.225
3 16 2.485 -20 -58.377 1.836 -20 -58.81 3.25 -20 -60.225
3 16 4.015 -20 -62.072 4.664 -20 -61.639 3.25 -20 -60.225
3 16 1.402 -20 -60.99 1.836 -20 -61.639 3.25 -20 -60.225
3 16 4.664 -20 -58.81 4.015 -20 -58.377 3.25 -20 -60.225
3 16 1.402 -20 -59.459 1.25 -20 -60.225 3.25 -20 -60.225
3 16 3.25 -20 -62.225 4.015 -20 -62.072 3.25 -20 -60.225
4 16 1.836 -21.25 -61.639 1.836 -20 -61.639 1.402 -20 -60.99 1.402 -21.25 -60.99
4 16 -4.664 -21.25 -61.639 -4.664 -20 -61.639 -5.098 -20 -60.99 -5.098 -21.25 -60.99
4 16 -2.485 -21.25 -58.377 -2.485 -20 -58.377 -1.836 -20 -58.81 -1.836 -21.25 -58.81
4 16 -3.25 -21.25 -58.225 -3.25 -20 -58.225 -2.485 -20 -58.377 -2.485 -21.25 -58.377
4 16 -1.402 -21.25 -59.459 -1.836 -21.25 -58.81 -1.836 -20 -58.81 -1.402 -20 -59.459
4 16 -1.25 -21.25 -60.225 -1.402 -21.25 -59.459 -1.402 -20 -59.459 -1.25 -20 -60.225
4 16 -5.25 -21.25 -60.225 -5.098 -21.25 -60.99 -5.098 -20 -60.99 -5.25 -20 -60.225
4 16 4.664 -21.25 -61.639 5.098 -21.25 -60.99 5.098 -20 -60.99 4.664 -20 -61.639
4 16 -1.836 -21.25 -61.639 -1.836 -20 -61.639 -2.485 -20 -62.072 -2.485 -21.25 -62.072
4 16 -3.25 -21.25 -62.225 -2.485 -21.25 -62.072 -2.485 -20 -62.072 -3.25 -20 -62.225
4 16 -4.015 -21.25 -62.072 -3.25 -21.25 -62.225 -3.25 -20 -62.225 -4.015 -20 -62.072
4 16 -4.664 -21.25 -61.639 -4.015 -21.25 -62.072 -4.015 -20 -62.072 -4.664 -20 -61.639
4 16 1.402 -21.25 -60.99 1.402 -20 -60.99 1.25 -20 -60.225 1.25 -21.25 -60.225
4 16 -5.098 -21.25 -59.459 -5.25 -21.25 -60.225 -5.25 -20 -60.225 -5.098 -20 -59.459
4 16 -5.098 -21.25 -59.459 -5.098 -20 -59.459 -4.664 -20 -58.81 -4.664 -21.25 -58.81
4 16 -4.015 -21.25 -58.377 -4.664 -21.25 -58.81 -4.664 -20 -58.81 -4.015 -20 -58.377
4 16 -3.25 -21.25 -58.225 -4.015 -21.25 -58.377 -4.015 -20 -58.377 -3.25 -20 -58.225
4 16 4.015 -21.25 -58.377 4.015 -20 -58.377 4.664 -20 -58.81 4.664 -21.25 -58.81
4 16 3.25 -21.25 -58.225 3.25 -20 -58.225 4.015 -20 -58.377 4.015 -21.25 -58.377
4 16 5.25 -20 -60.225 5.098 -20 -60.99 5.098 -21.25 -60.99 5.25 -21.25 -60.225
4 16 5.098 -21.25 -59.459 4.664 -21.25 -58.81 4.664 -20 -58.81 5.098 -20 -59.459
4 16 5.098 -21.25 -59.459 5.098 -20 -59.459 5.25 -20 -60.225 5.25 -21.25 -60.225
4 16 -1.402 -21.25 -60.99 -1.25 -21.25 -60.225 -1.25 -20 -60.225 -1.402 -20 -60.99
4 16 4.015 -21.25 -62.072 4.664 -21.25 -61.639 4.664 -20 -61.639 4.015 -20 -62.072
4 16 4.015 -21.25 -62.072 4.015 -20 -62.072 3.25 -20 -62.225 3.25 -21.25 -62.225
4 16 2.485 -21.25 -62.072 3.25 -21.25 -62.225 3.25 -20 -62.225 2.485 -20 -62.072
4 16 1.836 -21.25 -61.639 2.485 -21.25 -62.072 2.485 -20 -62.072 1.836 -20 -61.639
4 16 1.836 -21.25 -61.639 1.402 -21.25 -60.99 -1.402 -21.25 -60.99 -1.836 -21.25 -61.639
4 16 -1.836 -21.25 -61.639 -1.402 -21.25 -60.99 -1.402 -20 -60.99 -1.836 -20 -61.639
4 16 1.402 -21.25 -59.459 1.25 -21.25 -60.225 1.25 -20 -60.225 1.402 -20 -59.459
4 16 1.836 -21.25 -58.81 1.402 -21.25 -59.459 1.402 -20 -59.459 1.836 -20 -58.81
4 16 2.485 -21.25 -58.377 1.836 -21.25 -58.81 1.836 -20 -58.81 2.485 -20 -58.377
4 16 3.25 -21.25 -58.225 2.485 -21.25 -58.377 2.485 -20 -58.377 3.25 -20 -58.225
4 16 2.485 -21.25 -62.072 1.836 -21.25 -61.639 -1.836 -21.25 -61.639 -2.485 -21.25 -62.072
4 16 -1.25 -21.25 -60.225 -1.402 -21.25 -60.99 1.402 -21.25 -60.99 1.25 -21.25 -60.225
4 16 -1.402 -21.25 -59.459 -1.25 -21.25 -60.225 1.25 -21.25 -60.225 1.402 -21.25 -59.459
4 16 3.25 -21.25 -62.225 2.485 -21.25 -62.072 -2.485 -21.25 -62.072 -3.25 -21.25 -62.225
4 16 -1.836 -21.25 -58.81 -1.402 -21.25 -59.459 1.402 -21.25 -59.459 1.836 -21.25 -58.81
4 16 -1.836 -21.25 -58.81 1.836 -21.25 -58.81 2.485 -21.25 -58.377 -2.485 -21.25 -58.377
3 16 -6.25 -21.25 -55.725 -4.015 -21.25 -58.377 -3.25 -21.25 -58.225
3 16 10.625 -21.25 -60.725 5.098 -21.25 -60.99 4.664 -21.25 -61.639
3 16 3.25 -21.25 -58.225 6.25 -21.25 -55.725 2.485 -21.25 -58.377
4 16 -4.664 -21.25 -61.639 -10.625 -21.25 -60.725 0 -21.25 -68.225 -4.015 -21.25 -62.072
4 16 0 -21.25 -68.225 10.625 -21.25 -60.725 4.664 -21.25 -61.639 4.015 -21.25 -62.072
3 16 0 -21.25 -68.225 4.015 -21.25 -62.072 3.25 -21.25 -62.225
3 16 -3.25 -21.25 -62.225 -4.015 -21.25 -62.072 0 -21.25 -68.225
3 16 0 -21.25 -68.225 3.25 -21.25 -62.225 -3.25 -21.25 -62.225
4 16 -6.25 -21.25 -55.725 -10.625 -21.25 -60.725 -5.25 -21.25 -60.225 -5.098 -21.25 -59.459
3 16 -10.625 -21.25 -60.725 -5.098 -21.25 -60.99 -5.25 -21.25 -60.225
3 16 5.098 -21.25 -59.459 6.25 -21.25 -55.725 4.664 -21.25 -58.81
3 16 -6.25 -21.25 -55.725 -5.098 -21.25 -59.459 -4.664 -21.25 -58.81
3 16 -6.25 -21.25 -55.725 -4.664 -21.25 -58.81 -4.015 -21.25 -58.377
3 16 4.664 -21.25 -58.81 6.25 -21.25 -55.725 4.015 -21.25 -58.377
4 16 6.25 -21.25 -55.725 -6.25 -21.25 -55.725 -2.485 -21.25 -58.377 2.485 -21.25 -58.377
3 16 -3.25 -21.25 -58.225 -2.485 -21.25 -58.377 -6.25 -21.25 -55.725
3 16 4.015 -21.25 -58.377 6.25 -21.25 -55.725 3.25 -21.25 -58.225
3 16 5.25 -21.25 -60.225 5.098 -21.25 -60.99 10.625 -21.25 -60.725
2 24 3.25 -15 -58.225 4.015 -15 -58.377
2 24 5.9 -19.268 -11.624 6.474 -19.81 -12.198
5 24 -22.159 -18.75 -0.366 -21.753 -19.133 -0.772 -21.856 -19.133 0.478 -22.136 -18.177 -1.155
2 24 -17.5 -15 -71.601 -12.5 -15 -91.65
5 24 -20.025 -20 0 -19.348 -19.81 0.676 -7.15 -20 -12.874 -20.701 -19.81 0.676
2 24 -1.402 -15 -60.99 -1.25 -15 -60.225
2 24 4.664 -13.75 -58.81 5.098 -13.75 -59.459
2 24 -4.664 -20 -61.639 -4.015 -20 -62.072
2 24 4.268 -19.268 -55.725 4.81 -18.457 -55.725
2 24 -4.268 -15.732 -30.725 -3.457 -15.19 -30.725
2 24 1.402 -13.75 -60.99 1.836 -13.75 -61.639
2 24 -7.827 -19.81 -13.551 -7.15 -20 -12.874
2 24 -18.257 0 -1.768 -17.715 0 -0.957
2 24 4.015 -20 -62.072 4.664 -20 -61.639
5 24 -2.485 -21.25 -58.377 -2.485 -20 -58.377 -1.836 -21.25 -58.81 -3.25 -21.25 -58.225
2 24 4.015 -21.25 -58.377 4.664 -21.25 -58.81
2 24 1.4 -20 -67.236 1.4 -15 -67.236
2 24 3.25 -15 -62.225 4.015 -15 -62.072
5 24 2.485 -21.25 -58.377 2.485 -20 -58.377 1.836 -21.25 -58.81 3.25 -21.25 -58.225
2 24 -10.625 -21.25 -60.725 -6.25 -21.25 -55.725
2 24 -4.015 -20 -62.072 -3.25 -20 -62.225
2 24 -20.981 0 2.31 -20.025 0 2.5
5 24 21.658 -18.457 -1.633 21.792 -17.5 -1.768 21.917 -18.384 -1.374 8.784 -18.457 -14.508
5 24 22.283 -17.866 -1.008 22.43 -18.177 -0.095 22.136 -18.177 -1.155 22.334 -17.5 -0.957
2 24 6.474 -15.19 -12.198 7.15 -15 -12.874
5 24 18.257 -17.5 1.768 18.257 0 1.768 17.715 -16.543 0.957 19.068 -17.5 2.31
5 24 -2.485 -21.25 -62.072 -2.485 -20 -62.072 -1.836 -21.25 -61.639 -3.25 -21.25 -62.225
5 24 20.025 -17.5 2.5 20.025 0 2.5 19.068 -17.5 2.31 20.981 -17.5 2.31
5 24 4.268 -19.268 -55.725 4.268 -19.268 -30.725 4.81 -18.457 -55.725 3.457 -19.81 -55.725
2 24 4.015 -13.75 -62.072 4.664 -13.75 -61.639
5 24 -18.257 -15 -1.768 -7.15 -15 -12.874 -19.068 -15.19 -2.31 -17.715 -15.19 -0.957
5 24 -22.334 -17.5 0.957 -22.21 -18.384 0.832 -21.792 -17.5 1.768 -22.525 -17.5 0
5 24 6.474 -19.81 -12.198 19.348 -19.81 0.676 7.15 -20 -12.874 5.9 -19.268 -11.624
2 24 3.75 -21.25 -9.475 10 -21.25 -15.725
2 24 17.525 0 0 17.715 0 0.957
5 24 -21.275 -19.268 1.25 -20.503 -19.133 1.831 -20.701 -19.81 0.676 -21.658 -18.457 1.633
5 24 -20.701 -19.81 0.676 -19.973 -19.634 1.302 -21.275 -19.268 1.25 -20.025 -20 0
2 24 20.025 0 2.5 20.981 0 2.31
5 24 0.732 -19.268 -55.725 0.732 -19.268 -30.725 1.543 -19.81 -55.725 0.19 -18.457 -55.725
5 24 -22.159 -18.75 -0.366 -21.856 -19.133 0.478 -21.753 -19.133 -0.772 -22.43 -18.177 -0.095
5 24 3.25 -15 -58.225 3.25 -13.75 -58.225 4.015 -15 -58.377 2.485 -15 -58.377
2 24 19.068 -15.19 -2.31 20.025 -15.732 -2.5
2 24 -5.25 -15 -60.225 -5.098 -15 -60.99
2 24 19.068 0 2.31 20.025 0 2.5
5 24 -22.136 -18.177 -1.155 -21.792 -17.5 -1.768 -21.917 -18.384 -1.374 -22.283 -17.866 -1.008
2 24 22.334 0 -0.957 22.525 0 0
5 24 -1.402 -21.25 -59.459 -1.402 -20 -59.459 -1.836 -21.25 -58.81 -1.25 -21.25 -60.225
2 24 3.25 -20 -58.225 4.015 -20 -58.377
5 24 8.918 -17.5 -14.642 21.792 -17.5 -1.768 8.784 -16.543 -14.508 8.784 -18.457 -14.508
2 24 4.015 -15 -58.377 4.664 -15 -58.81
2 24 1.402 -21.25 -59.459 1.836 -21.25 -58.81
5 24 20.025 -20 0 20.701 -19.81 -0.676 7.15 -20 -12.874 20.701 -19.81 0.676
5 24 19.017 -17.866 2.258 19.068 -17.5 2.31 19.93 -18.177 2.405 18.257 -17.5 1.768
2 24 -8.784 -18.457 -14.508 -8.4 -19.268 -14.124
5 24 5.383 -17.5 -11.107 18.257 -17.5 1.768 5.517 -18.457 -11.241 5.517 -16.543 -11.241
2 24 0 -21.25 -68.225 10.625 -21.25 -60.725
2 24 -4.664 -20 -58.81 -4.015 -20 -58.377
5 24 7.827 -19.81 -13.551 20.701 -19.81 -0.676 8.4 -19.268 -14.124 7.15 -20 -12.874
5 24 -4.664 -21.25 -58.81 -4.664 -20 -58.81 -5.098 -21.25 -59.459 -4.015 -21.25 -58.377
5 24 22.334 -17.5 -0.957 22.525 -17.5 0 22.334 0 -0.957 22.283 -17.866 -1.008
2 24 -12.5 -15 -91.65 -10 -15 -91.65
2 24 12.5 -15 -79.15 12.5 -15 -76.65
5 24 -1.25 -21.25 -60.225 -1.25 -20 -60.225 -1.402 -21.25 -59.459 -1.402 -21.25 -60.99
5 24 -0.732 -15.732 -55.725 -0.732 -15.732 -30.725 -1.543 -15.19 -55.725 -0.19 -16.543 -55.725
5 24 -22.334 -17.5 0.957 -21.792 -17.5 1.768 -22.334 0 0.957 -22.21 -18.384 0.832
5 24 -18.87 -18.177 2.112 -18.257 -17.5 1.768 -18.65 -18.384 1.892 -19.017 -17.866 2.258
5 24 -22.43 -18.177 -0.095 -22.283 -17.866 -1.008 -22.159 -18.75 -0.366 -22.525 -17.5 0
5 24 1.836 -21.25 -61.639 1.836 -20 -61.639 1.402 -21.25 -60.99 2.485 -21.25 -62.072
2 24 -17.715 -15.19 -0.957 -17.525 -15.732 0
2 24 -5.25 -13.75 -60.225 -5.098 -13.75 -59.459
2 24 6.25 -21.25 -30.725 6.25 -21.25 -19.475
2 24 -1.402 -15 -59.459 -1.25 -15 -60.225
5 24 21.792 -17.5 -1.768 22.136 -18.177 -1.155 21.917 -18.384 -1.374 22.283 -17.866 -1.008
2 24 9.539 -20 -61.492 9.539 -15 -61.492
2 24 6.25 -21.25 -30.725 6.25 -13.75 -30.725
5 24 4.015 -21.25 -62.072 4.015 -20 -62.072 4.664 -21.25 -61.639 3.25 -21.25 -62.225
5 24 19.348 -19.81 0.676 20.025 -20 0 6.474 -19.81 -12.198 19.973 -19.634 1.302
2 24 10 -15 -79.15 12.5 -15 -79.15
5 24 19.348 -19.81 0.676 19.973 -19.634 1.302 18.775 -19.268 1.25 20.025 -20 0
2 24 -2.485 -20 -58.377 -1.836 -20 -58.81
5 24 20.981 -17.5 2.31 21.792 -17.5 1.768 20.857 -18.384 2.185 20.981 0 2.31
2 24 4.015 -21.25 -62.072 4.664 -21.25 -61.639
2 24 0 -21.25 -68.225 0 -13.75 -68.225
2 24 -0.19 -16.543 -55.725 0.19 -16.543 -55.725
5 24 -21.658 -18.457 1.633 -20.857 -18.384 2.185 -21.275 -19.268 1.25 -21.792 -17.5 1.768
2 24 -0.19 -18.457 -55.725 0.19 -18.457 -55.725
2 24 1.543 -19.81 -55.725 2.5 -20 -55.725
2 24 8.4 -15.732 -14.124 8.784 -16.543 -14.508
2 24 -1.402 -20 -60.99 -1.25 -20 -60.225
2 24 -8.4 -19.268 -14.124 -7.827 -19.81 -13.551
2 24 1.836 -20 -61.639 2.485 -20 -62.072
5 24 -20.981 -16.543 -2.31 -8.784 -16.543 -14.508 -20.025 -15.732 -2.5 -21.792 -17.5 -1.768
2 24 -3.25 -13.75 -58.225 -2.485 -13.75 -58.377
2 24 4.015 -13.75 -58.377 4.664 -13.75 -58.81
5 24 20.503 -19.133 1.831 21.275 -19.268 1.25 19.973 -19.634 1.302 20.857 -18.384 2.185
5 24 -20.701 -19.81 -0.676 -20.025 -20 0 -7.827 -19.81 -13.551 -21.326 -19.634 -0.051
5 24 -18.775 -19.268 1.25 -5.9 -19.268 -11.624 -19.348 -19.81 0.676 -18.392 -18.457 1.633
2 24 17.525 0 0 17.715 0 -0.957
2 24 -3.25 -20 -58.225 -2.485 -20 -58.377
2 24 4.664 -15 -61.639 5.098 -15 -60.99
2 24 -3.25 -15 -58.225 -2.485 -15 -58.377
5 24 -22.21 -18.384 0.832 -21.856 -19.133 0.478 -21.658 -18.457 1.633 -22.43 -18.177 -0.095
2 24 -18.257 -15 -1.768 -17.715 -15.19 -0.957
2 24 1.836 -13.75 -58.81 2.485 -13.75 -58.377
2 24 -5.517 -18.457 -11.241 -5.383 -17.5 -11.107
5 24 1.836 -15 -61.639 1.836 -13.75 -61.639 1.402 -15 -60.99 2.485 -15 -62.072
2 24 1.402 -15 -60.99 1.836 -15 -61.639
5 24 -19.068 -15.19 -2.31 -19.068 0 -2.31 -20.025 -15.732 -2.5 -18.257 -15 -1.768
5 24 5.517 -18.457 -11.241 18.392 -18.457 1.633 5.9 -19.268 -11.624 5.383 -17.5 -11.107
2 24 -3.75 -13.75 -9.475 3.75 -13.75 -9.475
2 24 22.334 0 0.957 22.525 0 0
2 24 10 -20 -79.15 10 -15 -79.15
2 24 -4.81 -16.543 -55.725 -4.268 -15.732 -55.725
5 24 -22.334 -17.5 0.957 -22.334 0 0.957 -21.792 -17.5 1.768 -22.525 -17.5 0
2 24 -10.625 -13.75 -60.725 0 -13.75 -68.225
2 24 3.25 -13.75 -58.225 4.015 -13.75 -58.377
2 24 5.098 -20 -59.459 5.25 -20 -60.225
2 24 1.25 -13.75 -60.225 1.402 -13.75 -60.99
5 24 19.659 -18.75 2.134 19.93 -18.177 2.405 20.503 -19.133 1.831 18.87 -18.177 2.112
5 24 20.981 -16.543 -2.31 21.792 -17.5 -1.768 8.784 -16.543 -14.508 20.981 0 -2.31
5 24 -17.715 -15.19 -0.957 -17.715 0 -0.957 -18.257 -15 -1.768 -17.525 -15.732 0
2 24 -21.792 0 1.768 -20.981 0 2.31
5 24 -4.664 -15 -61.639 -4.664 -13.75 -61.639 -4.015 -15 -62.072 -5.098 -15 -60.99
5 24 -21.275 -19.268 1.25 -20.701 -19.81 0.676 -20.503 -19.133 1.831 -21.856 -19.133 0.478
5 24 4.81 -18.457 -55.725 4.81 -18.457 -30.725 5 -17.5 -55.725 4.268 -19.268 -55.725
5 24 21.792 -17.5 -1.768 22.283 -17.866 -1.008 22.136 -18.177 -1.155 22.334 -17.5 -0.957
2 24 -22.525 0 0 -22.334 0 0.957
2 24 -10 -21.25 -15.725 -6.25 -21.25 -19.475
5 24 -1.402 -15 -59.459 -1.402 -13.75 -59.459 -1.836 -15 -58.81 -1.25 -15 -60.225
2 24 -1.4 -20 -67.236 -1.4 -15 -67.236
2 24 20.981 0 2.31 21.792 0 1.768
2 24 -7.15 -15 -12.874 -6.474 -15.19 -12.198
2 24 10 -20 -91.65 12.5 -20 -91.65
2 24 20.981 0 -2.31 21.792 0 -1.768
5 24 21.753 -19.133 -0.772 21.917 -18.384 -1.374 22.159 -18.75 -0.366 21.275 -19.268 -1.25
5 24 -21.917 -18.384 -1.374 -21.792 -17.5 -1.768 -22.136 -18.177 -1.155 -21.658 -18.457 -1.633
5 24 -21.792 -17.5 1.768 -20.981 -17.5 2.31 -21.658 -18.457 1.633 -21.792 0 1.768
5 24 -21.753 -19.133 -0.772 -21.326 -19.634 -0.051 -22.159 -18.75 -0.366 -21.275 -19.268 -1.25
5 24 20.701 -19.81 0.676 21.275 -19.268 1.25 19.973 -19.634 1.302 21.326 -19.634 -0.051
5 24 -5.25 -21.25 -60.225 -5.25 -20 -60.225 -5.098 -21.25 -60.99 -5.098 -21.25 -59.459
2 24 -10.625 -21.25 -60.725 -10.625 -13.75 -60.725
2 24 -3.457 -15.19 -30.725 -2.5 -15 -30.725
5 24 19.253 -19.133 1.728 19.973 -19.634 1.302 19.659 -18.75 2.134 18.775 -19.268 1.25
2 24 5.383 -17.5 -11.107 5.517 -16.543 -11.241
2 24 4.268 -19.268 -30.725 4.81 -18.457 -30.725
2 24 5.098 -15 -60.99 5.25 -15 -60.225
5 24 21.658 -18.457 1.633 21.792 -17.5 1.768 22.21 -18.384 0.832 20.857 -18.384 2.185
5 24 -20.857 -18.384 2.185 -19.93 -18.177 2.405 -20.503 -19.133 1.831 -20.981 -17.5 2.31
2 24 1.4 -20 -67.236 12.5 -20 -76.65
5 24 -19.973 -19.634 1.302 -19.253 -19.133 1.728 -20.503 -19.133 1.831 -19.348 -19.81 0.676
2 24 1.4 -15 -67.236 9.539 -15 -61.492
5 24 -3.25 -15 -62.225 -3.25 -13.75 -62.225 -2.485 -15 -62.072 -4.015 -15 -62.072
2 24 5.098 -15 -59.459 5.25 -15 -60.225
2 24 -2.5 -15 -55.725 -1.543 -15.19 -55.725
5 24 1.543 -15.19 -55.725 1.543 -15.19 -30.725 2.5 -15 -55.725 0.732 -15.732 -55.725
2 24 -10 -20 -91.65 -10 -15 -91.65
2 24 1.836 -20 -58.81 2.485 -20 -58.377
2 24 -4.664 -15 -58.81 -4.015 -15 -58.377
2 24 1.25 -21.25 -60.225 1.402 -21.25 -60.99
5 24 -22.21 -18.384 0.832 -21.658 -18.457 1.633 -21.856 -19.133 0.478 -22.334 -17.5 0.957
2 24 -3.25 -15 -62.225 -2.485 -15 -62.072
5 24 -3.457 -15.19 -55.725 -3.457 -15.19 -30.725 -4.268 -15.732 -55.725 -2.5 -15 -55.725
5 24 -2.5 -20 -55.725 -2.5 -20 -30.725 -3.457 -19.81 -55.725 -1.543 -19.81 -55.725
5 24 18.257 -17.5 1.768 19.068 -17.5 2.31 19.017 -17.866 2.258 18.257 0 1.768
2 24 2.485 -20 -62.072 3.25 -20 -62.225
2 24 -0.732 -19.268 -55.725 -0.19 -18.457 -55.725
5 24 -1.836 -15 -61.639 -1.836 -13.75 -61.639 -2.485 -15 -62.072 -1.402 -15 -60.99
2 24 -12.5 -20 -79.15 -10 -20 -79.15
2 24 1.402 -15 -59.459 1.836 -15 -58.81
2 24 4.81 -16.543 -30.725 5 -17.5 -30.725
2 24 4.664 -13.75 -61.639 5.098 -13.75 -60.99
5 24 19.068 -17.5 2.31 20.025 -17.5 2.5 19.017 -17.866 2.258 19.068 0 2.31
5 24 -20.981 -17.5 2.31 -20.025 -17.5 2.5 -20.857 -18.384 2.185 -20.981 0 2.31
2 24 7.15 -15 -12.874 7.827 -15.19 -13.551
2 24 2.5 -15 -55.725 3.457 -15.19 -55.725
5 24 18.775 -19.268 1.25 19.348 -19.81 0.676 5.9 -19.268 -11.624 19.253 -19.133 1.728
2 24 12.5 -20 -79.15 12.5 -20 -76.65
2 24 -8.918 -17.5 -14.642 -8.784 -18.457 -14.508
2 24 -2.485 -15 -58.377 -1.836 -15 -58.81
2 24 -1.543 -19.81 -30.725 -0.732 -19.268 -30.725
5 24 19.068 -17.5 2.31 19.068 0 2.31 18.257 -17.5 1.768 20.025 -17.5 2.5
5 24 4.81 -16.543 -55.725 4.81 -16.543 -30.725 4.268 -15.732 -55.725 5 -17.5 -55.725
2 24 -6.25 -21.25 -55.725 6.25 -21.25 -55.725
5 24 -18.257 -15 -1.768 -18.257 0 -1.768 -17.715 -15.19 -0.957 -19.068 -15.19 -2.31
2 24 0.732 -19.268 -30.725 1.543 -19.81 -30.725
5 24 20.857 -18.384 2.185 20.981 -17.5 2.31 19.93 -18.177 2.405 21.658 -18.457 1.633
2 24 1.4 -20 -67.236 9.539 -20 -61.492
2 24 -1.836 -13.75 -61.639 -1.402 -13.75 -60.99
5 24 18.775 -19.268 1.25 19.253 -19.133 1.728 19.348 -19.81 0.676 18.392 -18.457 1.633
2 24 10 -21.25 -15.725 10 -13.75 -15.725
2 24 2.485 -20 -58.377 3.25 -20 -58.225
5 24 -22.43 -18.177 -0.095 -22.159 -18.75 -0.366 -22.21 -18.384 0.832 -22.283 -17.866 -1.008
5 24 -21.326 -19.634 -0.051 -20.701 -19.81 0.676 -21.856 -19.133 0.478 -20.701 -19.81 -0.676
5 24 -18.87 -18.177 2.112 -18.65 -18.384 1.892 -19.659 -18.75 2.134 -18.257 -17.5 1.768
2 24 -5.098 -13.75 -60.99 -4.664 -13.75 -61.639
5 24 19.017 -17.866 2.258 19.93 -18.177 2.405 18.87 -18.177 2.112 19.068 -17.5 2.31
2 24 6.25 -21.25 -55.725 6.25 -13.75 -55.725
5 24 2.485 -21.25 -62.072 2.485 -20 -62.072 3.25 -21.25 -62.225 1.836 -21.25 -61.639
2 24 -5.25 -20 -60.225 -5.098 -20 -59.459
2 24 6.25 -13.75 -19.475 10 -13.75 -15.725
5 24 -22.159 -18.75 -0.366 -22.136 -18.177 -1.155 -21.753 -19.133 -0.772 -22.43 -18.177 -0.095
5 24 5.098 -15 -59.459 5.098 -13.75 -59.459 4.664 -15 -58.81 5.25 -15 -60.225
2 24 2.485 -15 -62.072 3.25 -15 -62.225
5 24 -22.43 -18.177 -0.095 -22.21 -18.384 0.832 -22.159 -18.75 -0.366 -22.525 -17.5 0
2 24 -12.5 -20 -76.65 -12.5 -15 -76.65
5 24 21.792 -17.5 1.768 21.792 0 1.768 22.334 -17.5 0.957 20.981 -17.5 2.31
5 24 20.701 -19.81 -0.676 21.275 -19.268 -1.25 7.827 -19.81 -13.551 21.326 -19.634 -0.051
5 24 1.25 -21.25 -60.225 1.25 -20 -60.225 1.402 -21.25 -60.99 1.402 -21.25 -59.459
5 24 -18.257 -17.5 1.768 -5.383 -17.5 -11.107 -18.392 -18.457 1.633 -17.715 -16.543 0.957
5 24 -2.485 -15 -58.377 -2.485 -13.75 -58.377 -3.25 -15 -58.225 -1.836 -15 -58.81
5 24 19.659 -18.75 2.134 20.503 -19.133 1.831 19.253 -19.133 1.728 19.93 -18.177 2.405
5 24 -4.015 -21.25 -58.377 -4.015 -20 -58.377 -4.664 -21.25 -58.81 -3.25 -21.25 -58.225
2 24 -19.068 -15.19 -2.31 -18.257 -15 -1.768
2 24 -17.5 -20 -71.601 -9.539 -20 -61.492
5 24 2.5 -20 -55.725 2.5 -20 -30.725 3.457 -19.81 -55.725 1.543 -19.81 -55.725
5 24 -19.068 -17.5 2.31 -18.257 -17.5 1.768 -19.017 -17.866 2.258 -19.068 0 2.31
2 24 21.792 0 1.768 22.334 0 0.957
2 24 -4.015 -21.25 -58.377 -3.25 -21.25 -58.225
2 24 -4.81 -18.457 -30.725 -4.268 -19.268 -30.725
5 24 -21.275 -19.268 -1.25 -8.4 -19.268 -14.124 -21.658 -18.457 -1.633 -20.701 -19.81 -0.676
5 24 18.65 -18.384 1.892 18.87 -18.177 2.112 19.253 -19.133 1.728 18.257 -17.5 1.768
2 24 3.457 -15.19 -55.725 4.268 -15.732 -55.725
2 24 -1.836 -13.75 -58.81 -1.402 -13.75 -59.459
2 24 -12.5 -15 -79.15 -10 -15 -79.15
2 24 9.539 -20 -61.492 17.5 -20 -71.601
2 24 10 -15 -91.65 12.5 -15 -91.65
2 24 5.098 -13.75 -60.99 5.25 -13.75 -60.225
5 24 -19.253 -19.133 1.728 -18.65 -18.384 1.892 -19.659 -18.75 2.134 -18.775 -19.268 1.25
2 24 -2.485 -15 -62.072 -1.836 -15 -61.639
2 24 -1.402 -21.25 -60.99 -1.25 -21.25 -60.225
2 24 -7.15 -20 -12.874 -6.474 -19.81 -12.198
2 24 8.4 -19.268 -14.124 8.784 -18.457 -14.508
2 24 2.5 -20 -55.725 3.457 -19.81 -55.725
5 24 22.283 -17.866 -1.008 22.334 -17.5 -0.957 22.43 -18.177 -0.095 21.792 -17.5 -1.768
2 24 -5.517 -16.543 -11.241 -5.383 -17.5 -11.107
5 24 -21.753 -19.133 -0.772 -21.275 -19.268 -1.25 -21.326 -19.634 -0.051 -21.917 -18.384 -1.374
2 24 10 -20 -91.65 10 -20 -79.15
5 24 20.857 -18.384 2.185 21.658 -18.457 1.633 20.503 -19.133 1.831 20.981 -17.5 2.31
5 24 5.098 -21.25 -59.459 5.098 -20 -59.459 4.664 -21.25 -58.81 5.25 -21.25 -60.225
2 24 -6.25 -21.25 -30.725 -6.25 -21.25 -19.475
2 24 3.75 -13.75 -9.475 10 -13.75 -15.725
2 24 0.732 -19.268 -55.725 1.543 -19.81 -55.725
2 24 -2.5 -15 -30.725 -1.543 -15.19 -30.725
2 24 -3.25 -21.25 -58.225 -2.485 -21.25 -58.377
2 24 -21.792 0 -1.768 -20.981 0 -2.31
5 24 22.334 -17.5 0.957 22.525 -17.5 0 22.334 0 0.957 22.21 -18.384 0.832
5 24 -22.525 -17.5 0 -22.525 0 0 -22.334 -17.5 0.957 -22.334 -17.5 -0.957
2 24 -12.5 -20 -91.65 -10 -20 -91.65
2 24 20.025 -15.732 -2.5 20.981 -16.543 -2.31
5 24 -18.392 -18.457 1.633 -5.517 -18.457 -11.241 -18.775 -19.268 1.25 -18.257 -17.5 1.768
5 24 4.664 -21.25 -61.639 4.664 -20 -61.639 5.098 -21.25 -60.99 4.015 -21.25 -62.072
2 24 -19.068 0 -2.31 -18.257 0 -1.768
2 24 -5.098 -20 -60.99 -4.664 -20 -61.639
5 24 -17.525 -15.732 0 -17.525 0 0 -17.715 -15.19 -0.957 -17.715 -16.543 0.957
5 24 22.334 -17.5 0.957 22.334 0 0.957 21.792 -17.5 1.768 22.525 -17.5 0
5 24 1.402 -15 -59.459 1.402 -13.75 -59.459 1.25 -15 -60.225 1.836 -15 -58.81
2 24 12.5 -20 -91.65 12.5 -15 -91.65
2 24 -2.485 -21.25 -62.072 -1.836 -21.25 -61.639
5 24 -20.981 -17.5 2.31 -20.981 0 2.31 -21.792 -17.5 1.768 -20.025 -17.5 2.5
5 24 20.701 -19.81 0.676 21.326 -19.634 -0.051 21.275 -19.268 1.25 20.025 -20 0
2 24 -1.836 -20 -58.81 -1.402 -20 -59.459
2 24 -1.836 -21.25 -58.81 -1.402 -21.25 -59.459
2 24 18.257 -15 -1.768 19.068 -15.19 -2.31
5 24 19.93 -18.177 2.405 20.857 -18.384 2.185 19.659 -18.75 2.134 20.025 -17.5 2.5
5 24 1.402 -21.25 -59.459 1.402 -20 -59.459 1.25 -21.25 -60.225 1.836 -21.25 -58.81
5 24 21.792 -17.5 1.768 22.334 -17.5 0.957 21.792 0 1.768 21.658 -18.457 1.633
5 24 -22.334 -17.5 -0.957 -21.792 -17.5 -1.768 -22.283 -17.866 -1.008 -22.334 0 -0.957
5 24 5.098 -21.25 -60.99 5.098 -20 -60.99 4.664 -21.25 -61.639 5.25 -21.25 -60.225
2 24 0.19 -16.543 -55.725 0.19 -16.543 -30.725
5 24 21.856 -19.133 0.478 22.159 -18.75 -0.366 21.326 -19.634 -0.051 22.21 -18.384 0.832
5 24 3.457 -15.19 -55.725 3.457 -15.19 -30.725 2.5 -15 -55.725 4.268 -15.732 -55.725
5 24 5.25 -21.25 -60.225 5.25 -20 -60.225 5.098 -21.25 -60.99 5.098 -21.25 -59.459
5 24 -18.775 -19.268 1.25 -18.392 -18.457 1.633 -5.9 -19.268 -11.624 -19.253 -19.133 1.728
5 24 -18.257 -17.5 1.768 -18.257 0 1.768 -17.715 -16.543 0.957 -19.068 -17.5 2.31
5 24 -3.25 -21.25 -58.225 -3.25 -20 -58.225 -2.485 -21.25 -58.377 -4.015 -21.25 -58.377
5 24 -19.348 -19.81 0.676 -6.474 -19.81 -12.198 -20.025 -20 0 -18.775 -19.268 1.25
5 24 20.025 -20 0 20.701 -19.81 0.676 19.348 -19.81 0.676 20.701 -19.81 -0.676
5 24 8.784 -16.543 -14.508 20.981 -16.543 -2.31 8.4 -15.732 -14.124 8.918 -17.5 -14.642
2 24 -5.25 -13.75 -60.225 -5.098 -13.75 -60.99
5 24 20.701 -19.81 -0.676 21.326 -19.634 -0.051 20.025 -20 0 21.275 -19.268 -1.25
5 24 5.9 -19.268 -11.624 18.775 -19.268 1.25 6.474 -19.81 -12.198 5.517 -18.457 -11.241
5 24 -20.981 -17.5 2.31 -20.857 -18.384 2.185 -20.025 -17.5 2.5 -21.792 -17.5 1.768
2 24 1.543 -19.81 -30.725 2.5 -20 -30.725
2 24 -3.75 -21.25 -9.475 -3.75 -13.75 -9.475
5 24 5.25 -15 -60.225 5.25 -13.75 -60.225 5.098 -15 -59.459 5.098 -15 -60.99
2 24 -1.402 -13.75 -59.459 -1.25 -13.75 -60.225
5 24 -3.25 -21.25 -62.225 -3.25 -20 -62.225 -2.485 -21.25 -62.072 -4.015 -21.25 -62.072
5 24 -4.015 -15 -58.377 -4.015 -13.75 -58.377 -3.25 -15 -58.225 -4.664 -15 -58.81
2 24 8.784 -16.543 -14.508 8.918 -17.5 -14.642
5 24 7.15 -20 -12.874 20.025 -20 0 7.827 -19.81 -13.551 6.474 -19.81 -12.198
2 24 -20.981 -16.543 -2.31 -20.025 -15.732 -2.5
2 24 -5.098 -13.75 -59.459 -4.664 -13.75 -58.81
5 24 -19.93 -18.177 2.405 -19.659 -18.75 2.134 -20.857 -18.384 2.185 -19.017 -17.866 2.258
5 24 -17.715 -15.19 -0.957 -6.474 -15.19 -12.198 -17.525 -15.732 0 -18.257 -15 -1.768
5 24 5.517 -16.543 -11.241 17.715 -16.543 0.957 5.9 -15.732 -11.624 5.383 -17.5 -11.107
2 24 10.625 -21.25 -60.725 10.625 -13.75 -60.725
5 24 -18.392 -18.457 1.633 -18.257 -17.5 1.768 -18.65 -18.384 1.892 -5.517 -18.457 -11.241
5 24 21.275 -19.268 -1.25 21.658 -18.457 -1.633 8.4 -19.268 -14.124 21.753 -19.133 -0.772
5 24 -17.715 -16.543 0.957 -5.517 -16.543 -11.241 -17.525 -15.732 0 -18.257 -17.5 1.768
2 24 21.792 0 -1.768 22.334 0 -0.957
5 24 -21.792 -17.5 -1.768 -8.918 -17.5 -14.642 -20.981 -16.543 -2.31 -21.658 -18.457 -1.633
2 24 20.025 0 -2.5 20.981 0 -2.31
5 24 -19.017 -17.866 2.258 -18.257 -17.5 1.768 -18.87 -18.177 2.112 -19.068 -17.5 2.31
5 24 -18.65 -18.384 1.892 -18.257 -17.5 1.768 -18.87 -18.177 2.112 -18.392 -18.457 1.633
5 24 8.4 -15.732 -14.124 20.025 -15.732 -2.5 7.827 -15.19 -13.551 8.784 -16.543 -14.508
2 24 -12.5 -20 -76.65 -1.4 -20 -67.236
2 24 -4.015 -13.75 -62.072 -3.25 -13.75 -62.225
2 24 -17.715 0 0.957 -17.525 0 0
2 24 -12.5 -15 -76.65 -1.4 -15 -67.236
2 24 -8.918 -17.5 -14.642 -8.784 -16.543 -14.508
2 24 -6.474 -19.81 -12.198 -5.9 -19.268 -11.624
5 24 1.25 -15 -60.225 1.25 -13.75 -60.225 1.402 -15 -60.99 1.402 -15 -59.459
2 24 -17.715 -16.543 0.957 -17.525 -15.732 0
2 24 -3.25 -21.25 -62.225 -2.485 -21.25 -62.072
5 24 5.098 -15 -60.99 5.098 -13.75 -60.99 5.25 -15 -60.225 4.664 -15 -61.639
2 24 -4.664 -21.25 -61.639 -4.015 -21.25 -62.072
2 24 -18.257 0 1.768 -17.715 0 0.957
5 24 -19.93 -18.177 2.405 -19.017 -17.866 2.258 -19.659 -18.75 2.134 -20.025 -17.5 2.5
5 24 18.257 -15 -1.768 18.257 0 -1.768 17.715 -15.19 -0.957 19.068 -15.19 -2.31
5 24 20.981 -16.543 -2.31 20.981 0 -2.31 20.025 -15.732 -2.5 21.792 -17.5 -1.768
5 24 4.268 -15.732 -55.725 4.268 -15.732 -30.725 3.457 -15.19 -55.725 4.81 -16.543 -55.725
2 24 -3.25 -20 -62.225 -2.485 -20 -62.072
2 24 6.25 -21.25 -55.725 10.625 -21.25 -60.725
2 24 1.25 -15 -60.225 1.402 -15 -59.459
5 24 0.732 -15.732 -55.725 0.732 -15.732 -30.725 0.19 -16.543 -55.725 1.543 -15.19 -55.725
5 24 22.136 -18.177 -1.155 22.283 -17.866 -1.008 22.159 -18.75 -0.366 21.792 -17.5 -1.768
2 24 5.098 -21.25 -59.459 5.25 -21.25 -60.225
2 24 1.543 -15.19 -55.725 2.5 -15 -55.725
2 24 -2.485 -20 -62.072 -1.836 -20 -61.639
5 24 7.827 -15.19 -13.551 19.068 -15.19 -2.31 8.4 -15.732 -14.124 7.15 -15 -12.874
5 24 19.068 -15.19 -2.31 19.068 0 -2.31 20.025 -15.732 -2.5 18.257 -15 -1.768
2 24 7.15 -20 -12.874 7.827 -19.81 -13.551
2 24 4.268 -15.732 -55.725 4.81 -16.543 -55.725
5 24 22.21 -18.384 0.832 22.334 -17.5 0.957 21.658 -18.457 1.633 22.43 -18.177 -0.095
2 24 -5.098 -21.25 -60.99 -4.664 -21.25 -61.639
5 24 21.753 -19.133 -0.772 22.159 -18.75 -0.366 21.326 -19.634 -0.051 21.917 -18.384 -1.374
5 24 21.792 -17.5 -1.768 21.917 -18.384 -1.374 22.136 -18.177 -1.155 21.658 -18.457 -1.633
2 24 2.485 -15 -58.377 3.25 -15 -58.225
5 24 -20.701 -19.81 0.676 -20.025 -20 0 -19.973 -19.634 1.302 -21.326 -19.634 -0.051
5 24 -1.543 -19.81 -55.725 -1.543 -19.81 -30.725 -2.5 -20 -55.725 -0.732 -19.268 -55.725
2 24 -5.25 -21.25 -60.225 -5.098 -21.25 -59.459
5 24 5.9 -15.732 -11.624 17.525 -15.732 0 5.517 -16.543 -11.241 6.474 -15.19 -12.198
2 24 -9.539 -15 -61.492 -1.4 -15 -67.236
2 24 0.19 -18.457 -55.725 0.19 -18.457 -30.725
2 24 -22.334 0 -0.957 -21.792 0 -1.768
5 24 -20.025 -17.5 2.5 -19.93 -18.177 2.405 -19.068 -17.5 2.31 -20.981 -17.5 2.31
2 24 -10.625 -21.25 -60.725 0 -21.25 -68.225
2 24 5.098 -20 -60.99 5.25 -20 -60.225
5 24 21.792 -17.5 -1.768 21.792 0 -1.768 22.334 -17.5 -0.957 20.981 -16.543 -2.31
5 24 -21.275 -19.268 -1.25 -20.701 -19.81 -0.676 -8.4 -19.268 -14.124 -21.753 -19.133 -0.772
5 24 21.658 -18.457 1.633 22.21 -18.384 0.832 21.275 -19.268 1.25 21.792 -17.5 1.768
5 24 -17.715 -16.543 0.957 -17.715 0 0.957 -17.525 -15.732 0 -18.257 -17.5 1.768
2 24 -12.5 -15 -79.15 -12.5 -15 -76.65
2 24 0.19 -18.457 -30.725 0.732 -19.268 -30.725
5 24 -20.981 -16.543 -2.31 -20.981 0 -2.31 -20.025 -15.732 -2.5 -21.792 -17.5 -1.768
2 24 -4.664 -13.75 -61.639 -4.015 -13.75 -62.072
5 24 18.257 -17.5 1.768 19.017 -17.866 2.258 18.87 -18.177 2.112 19.068 -17.5 2.31
5 24 18.257 -17.5 1.768 18.65 -18.384 1.892 18.87 -18.177 2.112 18.392 -18.457 1.633
2 24 -0.732 -15.732 -55.725 -0.19 -16.543 -55.725
2 24 3.25 -20 -62.225 4.015 -20 -62.072
2 24 -5.098 -21.25 -59.459 -4.664 -21.25 -58.81
5 24 -4.664 -15 -58.81 -4.664 -13.75 -58.81 -5.098 -15 -59.459 -4.015 -15 -58.377
2 24 -4.015 -21.25 -62.072 -3.25 -21.25 -62.225
5 24 1.402 -15 -60.99 1.402 -13.75 -60.99 1.836 -15 -61.639 1.25 -15 -60.225
2 24 -1.836 -21.25 -61.639 -1.402 -21.25 -60.99
2 24 17.715 0 -0.957 18.257 0 -1.768
2 24 -17.5 -20 -71.601 -17.5 -15 -71.601
5 24 22.136 -18.177 -1.155 22.159 -18.75 -0.366 21.917 -18.384 -1.374 22.283 -17.866 -1.008
5 24 -21.792 -17.5 -1.768 -20.981 -16.543 -2.31 -8.918 -17.5 -14.642 -21.792 0 -1.768
2 24 4.81 -18.457 -55.725 5 -17.5 -55.725
2 24 -4.268 -19.268 -30.725 -3.457 -19.81 -30.725
2 24 -3.457 -19.81 -30.725 -2.5 -20 -30.725
2 24 4.664 -21.25 -61.639 5.098 -21.25 -60.99
5 24 3.25 -21.25 -58.225 3.25 -20 -58.225 4.015 -21.25 -58.377 2.485 -21.25 -58.377
5 24 -1.543 -15.19 -55.725 -1.543 -15.19 -30.725 -2.5 -15 -55.725 -0.732 -15.732 -55.725
2 24 2.5 -15 -30.725 3.457 -15.19 -30.725
2 24 -3.457 -15.19 -55.725 -2.5 -15 -55.725
2 24 -12.5 -20 -91.65 -12.5 -15 -91.65
5 24 21.275 -19.268 1.25 21.856 -19.133 0.478 20.701 -19.81 0.676 21.658 -18.457 1.633
5 24 -1.836 -15 -58.81 -1.836 -13.75 -58.81 -2.485 -15 -58.377 -1.402 -15 -59.459
2 24 0.19 -18.457 -55.725 0.732 -19.268 -55.725
5 24 -22.283 -17.866 -1.008 -22.136 -18.177 -1.155 -22.43 -18.177 -0.095 -21.792 -17.5 -1.768
2 24 -0.19 -18.457 -55.725 -0.19 -18.457 -30.725
5 24 18.392 -18.457 1.633 18.775 -19.268 1.25 5.517 -18.457 -11.241 18.65 -18.384 1.892
2 24 -5 -17.5 -30.725 -4.81 -16.543 -30.725
2 24 -4.015 -15 -62.072 -3.25 -15 -62.225
2 24 6.25 -21.25 -19.475 6.25 -13.75 -19.475
5 24 20.503 -19.133 1.831 20.857 -18.384 2.185 19.659 -18.75 2.134 21.275 -19.268 1.25
5 24 -5.098 -15 -60.99 -5.098 -13.75 -60.99 -5.25 -15 -60.225 -4.664 -15 -61.639
2 24 6.474 -19.81 -12.198 7.15 -20 -12.874
2 24 -20.025 0 2.5 -19.068 0 2.31
5 24 21.275 -19.268 1.25 21.658 -18.457 1.633 20.503 -19.133 1.831 21.856 -19.133 0.478
2 24 -10 -20 -91.65 -10 -20 -79.15
5 24 -21.792 -17.5 1.768 -21.792 0 1.768 -22.334 -17.5 0.957 -20.981 -17.5 2.31
5 24 -4.268 -15.732 -55.725 -4.268 -15.732 -30.725 -4.81 -16.543 -55.725 -3.457 -15.19 -55.725
5 24 -1.402 -15 -60.99 -1.402 -13.75 -60.99 -1.25 -15 -60.225 -1.836 -15 -61.639
2 24 1.836 -21.25 -58.81 2.485 -21.25 -58.377
5 24 -4.664 -21.25 -61.639 -4.664 -20 -61.639 -5.098 -21.25 -60.99 -4.015 -21.25 -62.072
2 24 9.539 -15 -61.492 17.5 -15 -71.601
2 24 4.664 -21.25 -58.81 5.098 -21.25 -59.459
2 24 -8.4 -15.732 -14.124 -7.827 -15.19 -13.551
2 24 5.517 -16.543 -11.241 5.9 -15.732 -11.624
5 24 18.65 -18.384 1.892 19.253 -19.133 1.728 18.87 -18.177 2.112 18.392 -18.457 1.633
5 24 -19.017 -17.866 2.258 -18.87 -18.177 2.112 -19.93 -18.177 2.405 -18.257 -17.5 1.768
2 24 -6.474 -15.19 -12.198 -5.9 -15.732 -11.624
2 24 10 -15 -91.65 10 -15 -79.15
5 24 -20.025 -15.732 -2.5 -8.4 -15.732 -14.124 -19.068 -15.19 -2.31 -20.981 -16.543 -2.31
5 24 20.025 -17.5 2.5 20.981 -17.5 2.31 19.93 -18.177 2.405 20.025 0 2.5
2 24 1.25 -20 -60.225 1.402 -20 -60.99
5 24 4.664 -15 -61.639 4.664 -13.75 -61.639 4.015 -15 -62.072 5.098 -15 -60.99
2 24 -5.098 -20 -59.459 -4.664 -20 -58.81
5 24 -20.503 -19.133 1.831 -19.973 -19.634 1.302 -19.659 -18.75 2.134 -21.275 -19.268 1.25
5 24 -21.917 -18.384 -1.374 -21.658 -18.457 -1.633 -21.753 -19.133 -0.772 -21.792 -17.5 -1.768
5 24 3.25 -15 -62.225 3.25 -13.75 -62.225 4.015 -15 -62.072 2.485 -15 -62.072
2 24 -0.19 -16.543 -30.725 0.19 -16.543 -30.725
2 24 12.5 -20 -79.15 12.5 -15 -79.15
5 24 -5.25 -15 -60.225 -5.25 -13.75 -60.225 -5.098 -15 -59.459 -5.098 -15 -60.99
5 24 -20.701 -19.81 -0.676 -7.827 -19.81 -13.551 -21.275 -19.268 -1.25 -20.025 -20 0
2 24 -4.268 -15.732 -55.725 -3.457 -15.19 -55.725
5 24 -22.525 -17.5 0 -22.334 -17.5 -0.957 -22.525 0 0 -22.43 -18.177 -0.095
2 24 -6.25 -21.25 -30.725 6.25 -21.25 -30.725
2 24 2.485 -21.25 -58.377 3.25 -21.25 -58.225
5 24 17.715 -16.543 0.957 18.257 -17.5 1.768 5.517 -16.543 -11.241 17.715 0 0.957
5 24 4.015 -21.25 -58.377 4.015 -20 -58.377 4.664 -21.25 -58.81 3.25 -21.25 -58.225
5 24 -19.973 -19.634 1.302 -19.348 -19.81 0.676 -19.253 -19.133 1.728 -20.701 -19.81 0.676
2 24 -8.784 -16.543 -14.508 -8.4 -15.732 -14.124
5 24 19.973 -19.634 1.302 20.701 -19.81 0.676 20.503 -19.133 1.831 19.348 -19.81 0.676
5 24 -5 -17.5 -55.725 -5 -17.5 -30.725 -4.81 -18.457 -55.725 -4.81 -16.543 -55.725
5 24 21.856 -19.133 0.478 22.21 -18.384 0.832 21.275 -19.268 1.25 22.159 -18.75 -0.366
2 24 -4.015 -13.75 -58.377 -3.25 -13.75 -58.225
2 24 5.098 -13.75 -59.459 5.25 -13.75 -60.225
2 24 -17.715 0 -0.957 -17.525 0 0
2 24 1.402 -20 -59.459 1.836 -20 -58.81
2 24 5.517 -18.457 -11.241 5.9 -19.268 -11.624
5 24 -19.253 -19.133 1.728 -18.775 -19.268 1.25 -19.973 -19.634 1.302 -18.65 -18.384 1.892
2 24 -3.25 -13.75 -62.225 -2.485 -13.75 -62.072
5 24 18.257 -17.5 1.768 18.392 -18.457 1.633 18.65 -18.384 1.892 5.383 -17.5 -11.107
2 24 4.81 -18.457 -30.725 5 -17.5 -30.725
5 24 18.392 -18.457 1.633 18.65 -18.384 1.892 18.775 -19.268 1.25 18.257 -17.5 1.768
2 24 -20.981 0 -2.31 -20.025 0 -2.5
5 24 7.15 -15 -12.874 18.257 -15 -1.768 7.827 -15.19 -13.551 6.474 -15.19 -12.198
2 24 -5 -17.5 -55.725 -4.81 -18.457 -55.725
5 24 5 -17.5 -55.725 5 -17.5 -30.725 4.81 -16.543 -55.725 4.81 -18.457 -55.725
5 24 -21.792 -17.5 -1.768 -21.658 -18.457 -1.633 -21.917 -18.384 -1.374 -8.918 -17.5 -14.642
2 24 0 -13.75 -68.225 10.625 -13.75 -60.725
5 24 -3.457 -19.81 -55.725 -3.457 -19.81 -30.725 -4.268 -19.268 -55.725 -2.5 -20 -55.725
5 24 1.836 -21.25 -58.81 1.836 -20 -58.81 1.402 -21.25 -59.459 2.485 -21.25 -58.377
2 24 -1.543 -15.19 -55.725 -0.732 -15.732 -55.725
2 24 -1.402 -20 -59.459 -1.25 -20 -60.225
5 24 -22.525 -17.5 0 -22.334 -17.5 0.957 -22.525 0 0 -22.43 -18.177 -0.095
5 24 21.326 -19.634 -0.051 21.856 -19.133 0.478 21.753 -19.133 -0.772 20.701 -19.81 0.676
2 24 4.664 -20 -61.639 5.098 -20 -60.99
2 24 2.485 -21.25 -62.072 3.25 -21.25 -62.225
5 24 22.21 -18.384 0.832 22.43 -18.177 -0.095 21.856 -19.133 0.478 22.334 -17.5 0.957
5 24 18.87 -18.177 2.112 19.659 -18.75 2.134 18.65 -18.384 1.892 19.017 -17.866 2.258
2 24 19.068 0 -2.31 20.025 0 -2.5
2 24 4.81 -16.543 -55.725 5 -17.5 -55.725
5 24 -1.836 -21.25 -61.639 -1.836 -20 -61.639 -2.485 -21.25 -62.072 -1.402 -21.25 -60.99
2 24 2.5 -20 -30.725 3.457 -19.81 -30.725
2 24 -17.5 -20 -71.601 -12.5 -20 -91.65
5 24 2.5 -15 -55.725 2.5 -15 -30.725 3.457 -15.19 -55.725 1.543 -15.19 -55.725
2 24 17.715 0 0.957 18.257 0 1.768
2 24 -10 -20 -79.15 -10 -15 -79.15
5 24 -5.098 -15 -59.459 -5.098 -13.75 -59.459 -5.25 -15 -60.225 -4.664 -15 -58.81
2 24 1.836 -13.75 -61.639 2.485 -13.75 -62.072
5 24 1.402 -21.25 -60.99 1.402 -20 -60.99 1.836 -21.25 -61.639 1.25 -21.25 -60.225
2 24 6.25 -13.75 -55.725 10.625 -13.75 -60.725
2 24 -1.836 -15 -61.639 -1.402 -15 -60.99
2 24 -6.25 -21.25 -19.475 -6.25 -13.75 -19.475
2 24 7.827 -19.81 -13.551 8.4 -19.268 -14.124
2 24 -10.625 -13.75 -60.725 -6.25 -13.75 -55.725
2 24 -0.19 -18.457 -30.725 0.19 -18.457 -30.725
2 24 5.9 -15.732 -11.624 6.474 -15.19 -12.198
5 24 18.257 -17.5 1.768 18.87 -18.177 2.112 18.65 -18.384 1.892 19.017 -17.866 2.258
2 24 1.4 -15 -67.236 12.5 -15 -76.65
5 24 21.275 -19.268 -1.25 21.753 -19.133 -0.772 20.701 -19.81 -0.676 21.658 -18.457 -1.633
5 24 -20.025 -15.732 -2.5 -20.025 0 -2.5 -20.981 -16.543 -2.31 -19.068 -15.19 -2.31
2 24 4.015 -20 -58.377 4.664 -20 -58.81
5 24 -21.856 -19.133 0.478 -21.326 -19.634 -0.051 -22.159 -18.75 -0.366 -21.275 -19.268 1.25
2 24 17.525 -15.732 0 17.715 -15.19 -0.957
5 24 22.525 -17.5 0 22.525 0 0 22.334 -17.5 0.957 22.334 -17.5 -0.957
2 24 3.25 -21.25 -58.225 4.015 -21.25 -58.377
2 24 17.715 -15.19 -0.957 18.257 -15 -1.768
5 24 17.525 -15.732 0 17.525 0 0 17.715 -15.19 -0.957 17.715 -16.543 0.957
2 24 7.827 -15.19 -13.551 8.4 -15.732 -14.124
2 24 -5.9 -19.268 -11.624 -5.517 -18.457 -11.241
2 24 -4.664 -21.25 -58.81 -4.015 -21.25 -58.377
2 24 -4.268 -19.268 -55.725 -3.457 -19.81 -55.725
5 24 -21.792 -17.5 1.768 -21.658 -18.457 1.633 -22.334 -17.5 0.957 -20.981 -17.5 2.31
5 24 -19.348 -19.81 0.676 -18.775 -19.268 1.25 -6.474 -19.81 -12.198 -19.973 -19.634 1.302
2 24 -2.5 -20 -55.725 -1.543 -19.81 -55.725
5 24 3.25 -21.25 -62.225 3.25 -20 -62.225 4.015 -21.25 -62.072 2.485 -21.25 -62.072
2 24 -4.81 -16.543 -30.725 -4.268 -15.732 -30.725
5 24 8.4 -19.268 -14.124 21.275 -19.268 -1.25 8.784 -18.457 -14.508 7.827 -19.81 -13.551
2 24 -3.457 -19.81 -55.725 -2.5 -20 -55.725
2 24 18.257 0 1.768 19.068 0 2.31
5 24 -21.917 -18.384 -1.374 -21.753 -19.133 -0.772 -22.136 -18.177 -1.155 -21.658 -18.457 -1.633
5 24 2.485 -15 -62.072 2.485 -13.75 -62.072 3.25 -15 -62.225 1.836 -15 -61.639
2 24 -5.098 -15 -60.99 -4.664 -15 -61.639
2 24 0.732 -15.732 -30.725 1.543 -15.19 -30.725
2 24 1.25 -13.75 -60.225 1.402 -13.75 -59.459
2 24 -1.402 -13.75 -60.99 -1.25 -13.75 -60.225
2 24 17.5 -20 -71.601 17.5 -15 -71.601
5 24 -2.485 -15 -62.072 -2.485 -13.75 -62.072 -1.836 -15 -61.639 -3.25 -15 -62.225
2 24 1.25 -20 -60.225 1.402 -20 -59.459
2 24 -12.5 -20 -79.15 -12.5 -15 -79.15
2 24 -5 -17.5 -30.725 -4.81 -18.457 -30.725
2 24 -9.539 -20 -61.492 -9.539 -15 -61.492
2 24 1.25 -15 -60.225 1.402 -15 -60.99
2 24 1.402 -13.75 -59.459 1.836 -13.75 -58.81
2 24 -2.5 -20 -30.725 -1.543 -19.81 -30.725
5 24 -19.659 -18.75 2.134 -19.253 -19.133 1.728 -18.87 -18.177 2.112 -20.503 -19.133 1.831
2 24 -0.19 -16.543 -55.725 -0.19 -16.543 -30.725
2 24 -3.75 -21.25 -9.475 3.75 -21.25 -9.475
2 24 -10 -15 -91.65 -10 -15 -79.15
2 24 -10 -13.75 -15.725 -6.25 -13.75 -19.475
2 24 10 -20 -91.65 10 -15 -91.65
5 24 -4.015 -21.25 -62.072 -4.015 -20 -62.072 -3.25 -21.25 -62.225 -4.664 -21.25 -61.639
5 24 21.658 -18.457 -1.633 21.917 -18.384 -1.374 21.275 -19.268 -1.25 21.792 -17.5 -1.768
2 24 -5.25 -15 -60.225 -5.098 -15 -59.459
5 24 -4.268 -19.268 -55.725 -4.268 -19.268 -30.725 -4.81 -18.457 -55.725 -3.457 -19.81 -55.725
5 24 -21.326 -19.634 -0.051 -20.701 -19.81 -0.676 -20.701 -19.81 0.676 -21.753 -19.133 -0.772
5 24 -19.068 -17.5 2.31 -19.068 0 2.31 -18.257 -17.5 1.768 -20.025 -17.5 2.5
2 24 -5.25 -21.25 -60.225 -5.098 -21.25 -60.99
5 24 22.43 -18.177 -0.095 22.525 -17.5 0 22.21 -18.384 0.832 22.283 -17.866 -1.008
5 24 4.015 -15 -62.072 4.015 -13.75 -62.072 4.664 -15 -61.639 3.25 -15 -62.225
2 24 1.836 -21.25 -61.639 2.485 -21.25 -62.072
2 24 -4.015 -20 -58.377 -3.25 -20 -58.225
5 24 -22.136 -18.177 -1.155 -21.917 -18.384 -1.374 -22.159 -18.75 -0.366 -21.792 -17.5 -1.768
2 24 -10 -21.25 -15.725 -10 -13.75 -15.725
2 24 -1.402 -21.25 -59.459 -1.25 -21.25 -60.225
5 24 -19.068 -17.5 2.31 -19.017 -17.866 2.258 -20.025 -17.5 2.5 -18.257 -17.5 1.768
2 24 3.25 -21.25 -62.225 4.015 -21.25 -62.072
5 24 -20.025 -17.5 2.5 -20.025 0 2.5 -19.068 -17.5 2.31 -20.981 -17.5 2.31
5 24 6.474 -15.19 -12.198 17.715 -15.19 -0.957 5.9 -15.732 -11.624 7.15 -15 -12.874
2 24 -6.25 -21.25 -30.725 -6.25 -13.75 -30.725
5 24 -20.025 -17.5 2.5 -19.068 -17.5 2.31 -19.93 -18.177 2.405 -20.025 0 2.5
2 24 -2.485 -13.75 -58.377 -1.836 -13.75 -58.81
5 24 -21.792 -17.5 -1.768 -21.792 0 -1.768 -22.334 -17.5 -0.957 -20.981 -16.543 -2.31
5 24 17.715 -16.543 0.957 17.715 0 0.957 17.525 -15.732 0 18.257 -17.5 1.768
5 24 1.836 -15 -58.81 1.836 -13.75 -58.81 1.402 -15 -59.459 2.485 -15 -58.377
2 24 -4.664 -13.75 -58.81 -4.015 -13.75 -58.377
2 24 -7.827 -15.19 -13.551 -7.15 -15 -12.874
5 24 19.93 -18.177 2.405 20.025 -17.5 2.5 19.017 -17.866 2.258 20.857 -18.384 2.185
2 24 -1.836 -15 -58.81 -1.402 -15 -59.459
2 24 -5.25 -20 -60.225 -5.098 -20 -60.99
2 24 4.268 -15.732 -30.725 4.81 -16.543 -30.725
2 24 3.25 -13.75 -62.225 4.015 -13.75 -62.072
5 24 -4.81 -18.457 -55.725 -4.81 -18.457 -30.725 -5 -17.5 -55.725 -4.268 -19.268 -55.725
5 24 -19.659 -18.75 2.134 -18.87 -18.177 2.112 -19.253 -19.133 1.728 -19.93 -18.177 2.405
5 24 -4.81 -16.543 -55.725 -4.81 -16.543 -30.725 -5 -17.5 -55.725 -4.268 -15.732 -55.725
2 24 -2.485 -13.75 -62.072 -1.836 -13.75 -61.639
5 24 19.973 -19.634 1.302 20.503 -19.133 1.831 19.253 -19.133 1.728 20.701 -19.81 0.676
2 24 12.5 -20 -91.65 17.5 -20 -71.601
2 24 4.664 -15 -58.81 5.098 -15 -59.459
5 24 -18.257 -17.5 1.768 -17.715 -16.543 0.957 -5.383 -17.5 -11.107 -18.257 0 1.768
5 24 -21.658 -18.457 1.633 -21.275 -19.268 1.25 -20.857 -18.384 2.185 -22.21 -18.384 0.832
5 24 4.664 -21.25 -58.81 4.664 -20 -58.81 4.015 -21.25 -58.377 5.098 -21.25 -59.459
2 24 -6.25 -13.75 -30.725 6.25 -13.75 -30.725
2 24 -5 -17.5 -55.725 -4.81 -16.543 -55.725
5 24 -1.836 -21.25 -58.81 -1.836 -20 -58.81 -2.485 -21.25 -58.377 -1.402 -21.25 -59.459
5 24 -5.098 -21.25 -60.99 -5.098 -20 -60.99 -4.664 -21.25 -61.639 -5.25 -21.25 -60.225
2 24 10 -20 -79.15 12.5 -20 -79.15
2 24 -9.539 -20 -61.492 -1.4 -20 -67.236
2 24 -4.015 -15 -58.377 -3.25 -15 -58.225
2 24 4.015 -15 -62.072 4.664 -15 -61.639
2 24 -5.098 -15 -59.459 -4.664 -15 -58.81
5 24 18.87 -18.177 2.112 19.017 -17.866 2.258 19.659 -18.75 2.134 18.257 -17.5 1.768
5 24 19.253 -19.133 1.728 19.659 -18.75 2.134 18.65 -18.384 1.892 19.973 -19.634 1.302
2 24 -6.25 -21.25 -55.725 -6.25 -13.75 -55.725
2 24 -6.25 -13.75 -30.725 -6.25 -13.75 -19.475
5 24 3.457 -19.81 -55.725 3.457 -19.81 -30.725 4.268 -19.268 -55.725 2.5 -20 -55.725
2 24 -22.334 0 0.957 -21.792 0 1.768
5 24 -2.5 -15 -55.725 -2.5 -15 -30.725 -3.457 -15.19 -55.725 -1.543 -15.19 -55.725
5 24 22.159 -18.75 -0.366 22.43 -18.177 -0.095 21.856 -19.133 0.478 22.136 -18.177 -1.155
2 24 2.485 -13.75 -58.377 3.25 -13.75 -58.225
2 24 -20.025 -15.732 -2.5 -19.068 -15.19 -2.31
5 24 -1.402 -21.25 -60.99 -1.402 -20 -60.99 -1.25 -21.25 -60.225 -1.836 -21.25 -61.639
2 24 12.5 -15 -91.65 17.5 -15 -71.601
2 24 -19.068 0 2.31 -18.257 0 1.768
2 24 1.836 -15 -61.639 2.485 -15 -62.072
2 24 -4.664 -15 -61.639 -4.015 -15 -62.072
2 24 -4.81 -18.457 -55.725 -4.268 -19.268 -55.725
2 24 17.525 -15.732 0 17.715 -16.543 0.957
2 24 3.75 -21.25 -9.475 3.75 -13.75 -9.475
5 24 22.334 -17.5 -0.957 22.334 0 -0.957 22.525 -17.5 0 21.792 -17.5 -1.768
5 24 -17.525 -15.732 0 -5.9 -15.732 -11.624 -17.715 -16.543 0.957 -17.715 -15.19 -0.957
5 24 -21.856 -19.133 0.478 -21.275 -19.268 1.25 -21.326 -19.634 -0.051 -22.21 -18.384 0.832
2 24 -1.543 -15.19 -30.725 -0.732 -15.732 -30.725
5 24 -22.525 -17.5 0 -22.43 -18.177 -0.095 -22.334 -17.5 0.957 -22.334 -17.5 -0.957
5 24 -20.025 -20 0 -7.15 -20 -12.874 -20.701 -19.81 -0.676 -19.348 -19.81 0.676
5 24 20.981 -17.5 2.31 20.981 0 2.31 21.792 -17.5 1.768 20.025 -17.5 2.5
2 24 5.098 -21.25 -60.99 5.25 -21.25 -60.225
2 24 -2.485 -21.25 -58.377 -1.836 -21.25 -58.81
2 24 18.257 0 -1.768 19.068 0 -2.31
5 24 -0.732 -19.268 -55.725 -0.732 -19.268 -30.725 -0.19 -18.457 -55.725 -1.543 -19.81 -55.725
5 24 -5.098 -21.25 -59.459 -5.098 -20 -59.459 -5.25 -21.25 -60.225 -4.664 -21.25 -58.81
2 24 6.25 -21.25 -19.475 10 -21.25 -15.725
2 24 -5.9 -15.732 -11.624 -5.517 -16.543 -11.241
5 24 4.015 -15 -58.377 4.015 -13.75 -58.377 3.25 -15 -58.225 4.664 -15 -58.81
2 24 1.402 -21.25 -60.99 1.836 -21.25 -61.639
5 24 -21.658 -18.457 -1.633 -21.275 -19.268 -1.25 -8.784 -18.457 -14.508 -21.917 -18.384 -1.374
2 24 0.19 -16.543 -30.725 0.732 -15.732 -30.725
2 24 8.784 -18.457 -14.508 8.918 -17.5 -14.642
2 24 -17.5 -15 -71.601 -9.539 -15 -61.492
2 24 0.19 -16.543 -55.725 0.732 -15.732 -55.725
2 24 -1.543 -19.81 -55.725 -0.732 -19.268 -55.725
5 24 -22.283 -17.866 -1.008 -21.792 -17.5 -1.768 -22.136 -18.177 -1.155 -22.334 -17.5 -0.957
5 24 17.715 -15.19 -0.957 17.715 0 -0.957 18.257 -15 -1.768 17.525 -15.732 0
2 24 6.25 -13.75 -30.725 6.25 -13.75 -19.475
2 24 2.485 -13.75 -62.072 3.25 -13.75 -62.225
5 24 2.485 -15 -58.377 2.485 -13.75 -58.377 3.25 -15 -58.225 1.836 -15 -58.81
2 24 12.5 -20 -76.65 12.5 -15 -76.65
5 24 -20.857 -18.384 2.185 -20.503 -19.133 1.831 -19.93 -18.177 2.405 -21.658 -18.457 1.633
2 24 1.543 -15.19 -30.725 2.5 -15 -30.725
2 24 -12.5 -20 -79.15 -12.5 -20 -76.65
2 24 -22.525 0 0 -22.334 0 -0.957
5 24 -1.25 -15 -60.225 -1.25 -13.75 -60.225 -1.402 -15 -59.459 -1.402 -15 -60.99
5 24 -22.334 -17.5 -0.957 -22.283 -17.866 -1.008 -22.525 -17.5 0 -21.792 -17.5 -1.768
5 24 21.792 -17.5 -1.768 22.334 -17.5 -0.957 22.283 -17.866 -1.008 21.792 0 -1.768
2 24 -6.25 -13.75 -55.725 6.25 -13.75 -55.725
5 24 -3.25 -15 -58.225 -3.25 -13.75 -58.225 -2.485 -15 -58.377 -4.015 -15 -58.377
2 24 -10 -13.75 -15.725 -3.75 -13.75 -9.475
2 24 -20.025 0 -2.5 -19.068 0 -2.31
2 24 1.402 -20 -60.99 1.836 -20 -61.639
5 24 21.326 -19.634 -0.051 21.753 -19.133 -0.772 21.856 -19.133 0.478 20.701 -19.81 -0.676
2 24 1.25 -21.25 -60.225 1.402 -21.25 -59.459
2 24 3.457 -19.81 -55.725 4.268 -19.268 -55.725
2 24 -0.732 -15.732 -30.725 -0.19 -16.543 -30.725
2 24 3.457 -15.19 -30.725 4.268 -15.732 -30.725
5 24 -18.65 -18.384 1.892 -18.392 -18.457 1.633 -19.253 -19.133 1.728 -18.257 -17.5 1.768
5 24 -19.068 -15.19 -2.31 -7.827 -15.19 -13.551 -20.025 -15.732 -2.5 -18.257 -15 -1.768
5 24 20.025 -15.732 -2.5 20.025 0 -2.5 20.981 -16.543 -2.31 19.068 -15.19 -2.31
5 24 8.784 -18.457 -14.508 21.658 -18.457 -1.633 8.4 -19.268 -14.124 8.918 -17.5 -14.642
2 24 0.732 -15.732 -55.725 1.543 -15.19 -55.725
5 24 -20.503 -19.133 1.831 -19.659 -18.75 2.134 -19.973 -19.634 1.302 -20.857 -18.384 2.185
2 24 4.664 -20 -58.81 5.098 -20 -59.459
5 24 1.543 -19.81 -55.725 1.543 -19.81 -30.725 2.5 -20 -55.725 0.732 -19.268 -55.725
2 24 5.383 -17.5 -11.107 5.517 -18.457 -11.241
2 24 1.836 -15 -58.81 2.485 -15 -58.377
2 24 -0.732 -19.268 -30.725 -0.19 -18.457 -30.725
5 24 4.664 -15 -58.81 4.664 -13.75 -58.81 4.015 -15 -58.377 5.098 -15 -59.459
2 24 3.457 -19.81 -30.725 4.268 -19.268 -30.725
5 24 -22.334 -17.5 -0.957 -22.334 0 -0.957 -22.525 -17.5 0 -21.792 -17.5 -1.768
5 24 21.917 -18.384 -1.374 22.136 -18.177 -1.155 21.753 -19.133 -0.772 21.792 -17.5 -1.768
5 24 -4.015 -15 -62.072 -4.015 -13.75 -62.072 -3.25 -15 -62.225 -4.664 -15 -61.639
5 24 -21.658 -18.457 -1.633 -8.784 -18.457 -14.508 -21.275 -19.268 -1.25 -21.792 -17.5 -1.768
2 24 -10 -21.25 -15.725 -3.75 -21.25 -9.475
2 24 -1.836 -20 -61.639 -1.402 -20 -60.99
