0 Etiqueta 4 en circulo
0 Name: 4circulo.dat
0 Author: cpcbegin
0 BFC CERTIFY CW
4 15 22.6 -39.8 0 22.4 -39.8 0 22.4 -39.6 0 22.6 -39.6 0
4 15 22.2 -39.8 0 17.8 -39.8 0 17.8 -39.6 0 22.2 -39.6 0
4 15 23.8 -39.6 0 16.4 -39.6 0 16.4 -39.4 0 23.8 -39.4 0
4 15 24.6 -39.4 0 15.4 -39.4 0 15.4 -39.2 0 24.6 -39.2 0
4 15 25.4 -39.2 0 14.6 -39.2 0 14.6 -39 0 25.4 -39 0
4 15 26 -39 0 14 -39 0 14 -38.8 0 26 -38.8 0
4 15 26.6 -38.8 0 13.2 -38.8 0 13.2 -38.6 0 26.6 -38.6 0
4 15 27 -38.6 0 12.8 -38.6 0 12.8 -38.4 0 27 -38.4 0
4 15 27.6 -38.4 0 12.2 -38.4 0 12.2 -38.2 0 27.6 -38.2 0
4 15 28.2 -38.2 0 11.8 -38.2 0 11.8 -38 0 28.2 -38 0
4 15 28.4 -38 0 11.4 -38 0 11.4 -37.8 0 28.4 -37.8 0
4 15 28.8 -37.8 0 11 -37.8 0 11 -37.6 0 28.8 -37.6 0
4 15 29.2 -37.6 0 10.6 -37.6 0 10.6 -37.4 0 29.2 -37.4 0
4 15 29.8 -37.4 0 10.2 -37.4 0 10.2 -37.2 0 29.8 -37.2 0
4 15 30 -37.2 0 9.8 -37.2 0 9.8 -37 0 30 -37 0
4 15 30.4 -37 0 9.6 -37 0 9.6 -36.8 0 30.4 -36.8 0
4 15 30.8 -36.8 0 9.2 -36.8 0 9.2 -36.6 0 30.8 -36.6 0
4 15 31 -36.6 0 8.8 -36.6 0 8.8 -36.4 0 31 -36.4 0
4 15 31.2 -36.4 0 8.6 -36.4 0 8.6 -36.2 0 31.2 -36.2 0
4 15 31.6 -36.2 0 8.4 -36.2 0 8.4 -36 0 31.6 -36 0
4 15 31.8 -36 0 8 -36 0 8 -35.8 0 31.8 -35.8 0
4 15 32 -35.8 0 7.8 -35.8 0 7.8 -35.6 0 32 -35.6 0
4 15 32.4 -35.6 0 7.6 -35.6 0 7.6 -35.4 0 32.4 -35.4 0
4 15 32.6 -35.4 0 7.2 -35.4 0 7.2 -35.2 0 32.6 -35.2 0
4 15 32.8 -35.2 0 7 -35.2 0 7 -35 0 32.8 -35 0
4 15 33 -35 0 6.8 -35 0 6.8 -34.8 0 33 -34.8 0
4 15 33.2 -34.8 0 6.6 -34.8 0 6.6 -34.6 0 33.2 -34.6 0
4 15 33.6 -34.6 0 6.4 -34.6 0 6.4 -34.4 0 33.6 -34.4 0
4 15 33.8 -34.4 0 6.2 -34.4 0 6.2 -34.2 0 33.8 -34.2 0
4 15 34 -34.2 0 6 -34.2 0 6 -34 0 34 -34 0
4 15 34.2 -34 0 5.8 -34 0 5.8 -33.8 0 34.2 -33.8 0
4 15 34.4 -33.8 0 5.6 -33.8 0 5.6 -33.6 0 34.4 -33.6 0
4 15 34.6 -33.6 0 5.4 -33.6 0 5.4 -33.4 0 34.6 -33.4 0
4 15 34.6 -33.4 0 5.2 -33.4 0 5.2 -33.2 0 34.6 -33.2 0
4 15 34.8 -33.2 0 5 -33.2 0 5 -33 0 34.8 -33 0
4 15 35 -33 0 4.8 -33 0 4.8 -32.8 0 35 -32.8 0
4 15 35.2 -32.8 0 4.6 -32.8 0 4.6 -32.6 0 35.2 -32.6 0
4 15 35.4 -32.6 0 4.4 -32.6 0 4.4 -32.4 0 35.4 -32.4 0
4 15 35.6 -32.4 0 4.4 -32.4 0 4.4 -32.2 0 35.6 -32.2 0
4 15 35.6 -32.2 0 4.2 -32.2 0 4.2 -32 0 35.6 -32 0
4 15 35.8 -32 0 4 -32 0 4 -31.8 0 35.8 -31.8 0
4 15 36 -31.8 0 3.8 -31.8 0 3.8 -31.6 0 36 -31.6 0
4 15 36.2 -31.6 0 3.8 -31.6 0 3.8 -31.4 0 36.2 -31.4 0
4 15 36.2 -31.4 0 3.6 -31.4 0 3.6 -31.2 0 36.2 -31.2 0
4 15 36.4 -31.2 0 16.4 -31.2 0 16.4 -31 0 36.4 -31 0
4 15 36.6 -31 0 16.6 -31 0 16.6 -30.8 0 36.6 -30.8 0
4 15 13.4 -31.2 0 3.4 -31.2 0 3.4 -30.8 0 13.4 -30.8 0
4 15 36.8 -30.8 0 16.8 -30.8 0 16.8 -30.6 0 36.8 -30.6 0
4 15 13.4 -30.8 0 3.2 -30.8 0 3.2 -30.6 0 13.4 -30.6 0
4 15 36.8 -30.6 0 17 -30.6 0 17 -30.4 0 36.8 -30.4 0
4 15 13.4 -30.6 0 3 -30.6 0 3 -30.2 0 13.4 -30.2 0
4 15 37 -30.4 0 17.4 -30.4 0 17.4 -30 0 37 -30 0
4 15 13.4 -30.2 0 2.8 -30.2 0 2.8 -30 0 13.4 -30 0
4 15 37.2 -30 0 17.8 -30 0 17.8 -29.8 0 37.2 -29.8 0
4 15 37.2 -29.8 0 18 -29.8 0 18 -29.6 0 37.2 -29.6 0
4 15 13.4 -30 0 2.6 -30 0 2.6 -29.6 0 13.4 -29.6 0
4 15 37.4 -29.6 0 18.2 -29.6 0 18.2 -29.4 0 37.4 -29.4 0
4 15 37.6 -29.4 0 18.4 -29.4 0 18.4 -29.2 0 37.6 -29.2 0
4 15 13.4 -29.6 0 2.4 -29.6 0 2.4 -29.2 0 13.4 -29.2 0
4 15 37.6 -29.2 0 18.6 -29.2 0 18.6 -29 0 37.6 -29 0
4 15 37.8 -29 0 18.8 -29 0 18.8 -28.8 0 37.8 -28.8 0
4 15 13.4 -29.2 0 2.2 -29.2 0 2.2 -28.8 0 13.4 -28.8 0
4 15 37.8 -28.8 0 19 -28.8 0 19 -28.6 0 37.8 -28.6 0
4 15 38 -28.6 0 19.2 -28.6 0 19.2 -28.4 0 38 -28.4 0
4 15 13.4 -28.8 0 2 -28.8 0 2 -28.4 0 13.4 -28.4 0
4 15 38 -28.4 0 19.4 -28.4 0 19.4 -28.2 0 38 -28.2 0
4 15 38 -28.2 0 19.6 -28.2 0 19.6 -28 0 38 -28 0
4 15 13.4 -28.4 0 1.8 -28.4 0 1.8 -28 0 13.4 -28 0
4 15 38.2 -28 0 19.8 -28 0 19.8 -27.8 0 38.2 -27.8 0
4 15 38.2 -27.8 0 20 -27.8 0 20 -27.6 0 38.2 -27.6 0
4 15 38.4 -27.6 0 20.2 -27.6 0 20.2 -27.4 0 38.4 -27.4 0
4 15 13.4 -28 0 1.6 -28 0 1.6 -27.4 0 13.4 -27.4 0
4 15 38.4 -27.4 0 20.4 -27.4 0 20.4 -27.2 0 38.4 -27.2 0
4 15 38.6 -27.2 0 20.6 -27.2 0 20.6 -27 0 38.6 -27 0
4 15 13.4 -27.4 0 1.4 -27.4 0 1.4 -27 0 13.4 -27 0
4 15 38.6 -27 0 20.8 -27 0 20.8 -26.8 0 38.6 -26.8 0
4 15 38.6 -26.8 0 21 -26.8 0 21 -26.6 0 38.6 -26.6 0
4 15 38.8 -26.6 0 21.2 -26.6 0 21.2 -26.4 0 38.8 -26.4 0
4 15 13.4 -27 0 1.2 -27 0 1.2 -26.4 0 13.4 -26.4 0
4 15 17.6 -26.4 0 17.4 -26.4 0 17.4 -26.2 0 17.6 -26.2 0
4 15 38.8 -26.4 0 21.6 -26.4 0 21.6 -26 0 38.8 -26 0
4 15 17.8 -26.2 0 17.4 -26.2 0 17.4 -26 0 17.8 -26 0
4 15 39 -26 0 22 -26 0 22 -25.8 0 39 -25.8 0
4 15 18 -26 0 17.4 -26 0 17.4 -25.8 0 18 -25.8 0
4 15 13.4 -26.4 0 1 -26.4 0 1 -25.8 0 13.4 -25.8 0
4 15 39 -25.8 0 22.2 -25.8 0 22.2 -25.6 0 39 -25.6 0
4 15 18.2 -25.8 0 17.4 -25.8 0 17.4 -25.6 0 18.2 -25.6 0
4 15 39 -25.6 0 22.4 -25.6 0 22.4 -25.4 0 39 -25.4 0
4 15 18.4 -25.6 0 17.4 -25.6 0 17.4 -25.4 0 18.4 -25.4 0
4 15 39.2 -25.4 0 22.6 -25.4 0 22.6 -25.2 0 39.2 -25.2 0
4 15 18.6 -25.4 0 17.4 -25.4 0 17.4 -25.2 0 18.6 -25.2 0
4 15 39.2 -25.2 0 22.8 -25.2 0 22.8 -25 0 39.2 -25 0
4 15 18.8 -25.2 0 17.4 -25.2 0 17.4 -25 0 18.8 -25 0
4 15 13.4 -25.8 0 0.8 -25.8 0 0.8 -25 0 13.4 -25 0
4 15 39.2 -25 0 23 -25 0 23 -24.8 0 39.2 -24.8 0
4 15 19 -25 0 17.4 -25 0 17.4 -24.8 0 19 -24.8 0
4 15 39.2 -24.8 0 23.2 -24.8 0 23.2 -24.6 0 39.2 -24.6 0
4 15 19.2 -24.8 0 17.4 -24.8 0 17.4 -24.6 0 19.2 -24.6 0
4 15 39.4 -24.6 0 23.4 -24.6 0 23.4 -24.4 0 39.4 -24.4 0
4 15 19.4 -24.6 0 17.4 -24.6 0 17.4 -24.4 0 19.4 -24.4 0
4 15 39.4 -24.4 0 23.6 -24.4 0 23.6 -24.2 0 39.4 -24.2 0
4 15 19.6 -24.4 0 17.4 -24.4 0 17.4 -24.2 0 19.6 -24.2 0
4 15 13.4 -25 0 0.6 -25 0 0.6 -24.2 0 13.4 -24.2 0
4 15 39.4 -24.2 0 23.8 -24.2 0 23.8 -24 0 39.4 -24 0
4 15 19.8 -24.2 0 17.4 -24.2 0 17.4 -24 0 19.8 -24 0
4 15 39.4 -24 0 24 -24 0 24 -23.8 0 39.4 -23.8 0
4 15 20 -24 0 17.4 -24 0 17.4 -23.8 0 20 -23.8 0
4 15 39.6 -23.8 0 24.2 -23.8 0 24.2 -23.6 0 39.6 -23.6 0
4 15 20.2 -23.8 0 17.4 -23.8 0 17.4 -23.6 0 20.2 -23.6 0
4 15 39.6 -23.6 0 24.4 -23.6 0 24.4 -23.4 0 39.6 -23.4 0
4 15 20.4 -23.6 0 17.4 -23.6 0 17.4 -23.4 0 20.4 -23.4 0
4 15 13.4 -24.2 0 0.4 -24.2 0 0.4 -23.4 0 13.4 -23.4 0
4 15 39.6 -23.4 0 24.6 -23.4 0 24.6 -23.2 0 39.6 -23.2 0
4 15 20.8 -23.4 0 17.4 -23.4 0 17.4 -23.2 0 20.8 -23.2 0
4 15 39.6 -23.2 0 24.8 -23.2 0 24.8 -23 0 39.6 -23 0
4 15 39.6 -23 0 25 -23 0 25 -22.8 0 39.6 -22.8 0
4 15 21 -23.2 0 17.4 -23.2 0 17.4 -22.8 0 21 -22.8 0
4 15 39.6 -22.8 0 25.2 -22.8 0 25.2 -22.6 0 39.6 -22.6 0
4 15 21.4 -22.8 0 17.4 -22.8 0 17.4 -22.6 0 21.4 -22.6 0
4 15 39.8 -22.6 0 25.6 -22.6 0 25.6 -22.4 0 39.8 -22.4 0
4 15 21.6 -22.6 0 17.4 -22.6 0 17.4 -22.4 0 21.6 -22.4 0
4 15 39.6 -22.4 0 25.6 -22.4 0 25.6 -22.2 0 39.6 -22.2 0
4 15 21.8 -22.4 0 17.4 -22.4 0 17.4 -22.2 0 21.8 -22.2 0
4 15 39.8 -22.2 0 25.8 -22.2 0 25.8 -22 0 39.8 -22 0
4 15 22 -22.2 0 17.4 -22.2 0 17.4 -22 0 22 -22 0
4 15 39.8 -22 0 26 -22 0 26 -21.8 0 39.8 -21.8 0
4 15 22.2 -22 0 17.4 -22 0 17.4 -21.8 0 22.2 -21.8 0
4 15 39.8 -21.8 0 26.4 -21.8 0 26.4 -21.6 0 39.8 -21.6 0
4 15 22.4 -21.8 0 17.4 -21.8 0 17.4 -21.6 0 22.4 -21.6 0
4 15 39.8 -21.6 0 26.6 -21.6 0 26.6 -21.4 0 39.8 -21.4 0
4 15 22.6 -21.6 0 17.4 -21.6 0 17.4 -21.4 0 22.6 -21.4 0
4 15 13.4 -23.4 0 0.2 -23.4 0 0.2 -21.4 0 13.4 -21.4 0
4 15 39.8 -21.4 0 26.8 -21.4 0 26.8 -21.2 0 39.8 -21.2 0
4 15 22.8 -21.4 0 17.4 -21.4 0 17.4 -21.2 0 22.8 -21.2 0
4 15 39.8 -21.2 0 27 -21.2 0 27 -21 0 39.8 -21 0
4 15 23 -21.2 0 17.4 -21.2 0 17.4 -21 0 23 -21 0
4 15 39.8 -21 0 27.2 -21 0 27.2 -20.8 0 39.8 -20.8 0
4 15 23.2 -21 0 17.4 -21 0 17.4 -20.8 0 23.2 -20.8 0
4 15 39.8 -20.8 0 27.4 -20.8 0 27.4 -20.6 0 39.8 -20.6 0
4 15 23.4 -20.8 0 17.4 -20.8 0 17.4 -20.6 0 23.4 -20.6 0
4 15 39.8 -20.6 0 27.6 -20.6 0 27.6 -20.4 0 39.8 -20.4 0
4 15 23.6 -20.6 0 17.4 -20.6 0 17.4 -20.4 0 23.6 -20.4 0
4 15 39.8 -20.4 0 27.8 -20.4 0 27.8 -20.2 0 39.8 -20.2 0
4 15 23.8 -20.4 0 17.4 -20.4 0 17.4 -20.2 0 23.8 -20.2 0
4 15 39.8 -20.2 0 28 -20.2 0 28 -20 0 39.8 -20 0
4 15 24 -20.2 0 17.4 -20.2 0 17.4 -20 0 24 -20 0
4 15 39.8 -20 0 28.2 -20 0 28.2 -19.8 0 39.8 -19.8 0
4 15 24.2 -20 0 17.4 -20 0 17.4 -19.8 0 24.2 -19.8 0
4 15 39.8 -19.8 0 28.4 -19.8 0 28.4 -19.6 0 39.8 -19.6 0
4 15 24.4 -19.8 0 17.4 -19.8 0 17.4 -19.6 0 24.4 -19.6 0
4 15 39.8 -19.6 0 28.6 -19.6 0 28.6 -19.4 0 39.8 -19.4 0
4 15 24.6 -19.6 0 17.4 -19.6 0 17.4 -19.4 0 24.6 -19.4 0
4 15 39.8 -19.4 0 28.8 -19.4 0 28.8 -19.2 0 39.8 -19.2 0
4 15 24.8 -19.4 0 17.4 -19.4 0 17.4 -19.2 0 24.8 -19.2 0
4 15 39.8 -19.2 0 29 -19.2 0 29 -19 0 39.8 -19 0
4 15 39.8 -19 0 29.2 -19 0 29.2 -18.8 0 39.8 -18.8 0
4 15 25.2 -19.2 0 17.4 -19.2 0 17.4 -18.8 0 25.2 -18.8 0
4 15 39.8 -18.8 0 29.4 -18.8 0 29.4 -18.6 0 39.8 -18.6 0
4 15 13.4 -21.4 0 0 -21.4 0 0 -18.6 0 13.4 -18.6 0
4 15 39.8 -18.6 0 29.6 -18.6 0 29.6 -18.4 0 39.8 -18.4 0
4 15 25.6 -18.8 0 17.4 -18.8 0 17.4 -18.4 0 25.6 -18.4 0
4 15 39.8 -18.4 0 30 -18.4 0 30 -18.2 0 39.8 -18.2 0
4 15 26 -18.4 0 17.4 -18.4 0 17.4 -18 0 26 -18 0
4 15 39.8 -18.2 0 30.2 -18.2 0 30.2 -17.8 0 39.8 -17.8 0
4 15 26.4 -18 0 17.4 -18 0 17.4 -17.8 0 26.4 -17.8 0
4 15 39.6 -17.8 0 30.6 -17.8 0 30.6 -17.6 0 39.6 -17.6 0
4 15 26.6 -17.8 0 17.4 -17.8 0 17.4 -17.6 0 26.6 -17.6 0
4 15 39.6 -17.6 0 30.8 -17.6 0 30.8 -17.4 0 39.6 -17.4 0
4 15 26.8 -17.6 0 17.4 -17.6 0 17.4 -17.4 0 26.8 -17.4 0
4 15 39.6 -17.4 0 31 -17.4 0 31 -17.2 0 39.6 -17.2 0
4 15 27 -17.4 0 17.4 -17.4 0 17.4 -17.2 0 27 -17.2 0
4 15 27.2 -17.2 0 17.4 -17.2 0 17.4 -17 0 27.2 -17 0
4 15 27.4 -17 0 17.4 -17 0 17.4 -16.8 0 27.4 -16.8 0
4 15 13.4 -18.6 0 0.2 -18.6 0 0.2 -16.8 0 13.4 -16.8 0
4 15 27.4 -16.8 0 27.2 -16.8 0 27.2 -16.6 0 27.4 -16.6 0
4 15 39.6 -17.2 0 31.2 -17.2 0 31.2 -16.4 0 39.6 -16.4 0
4 15 8.6 -16.8 0 0.4 -16.8 0 0.4 -15.6 0 8.6 -15.6 0
4 15 39.4 -16.4 0 31.2 -16.4 0 31.2 -15.2 0 39.4 -15.2 0
4 15 8.6 -15.6 0 0.6 -15.6 0 0.6 -14.8 0 8.6 -14.8 0
4 15 39.2 -15.2 0 31.2 -15.2 0 31.2 -14.6 0 39.2 -14.6 0
4 15 39 -14.6 0 31.2 -14.6 0 31.2 -14.4 0 39 -14.4 0
4 15 39 -14.4 0 31 -14.4 0 31 -14.2 0 39 -14.2 0
4 15 8.6 -14.8 0 0.8 -14.8 0 0.8 -14.2 0 8.6 -14.2 0
4 15 39 -14.2 0 17.4 -14.2 0 17.4 -14 0 39 -14 0
4 15 13.4 -14.2 0 1 -14.2 0 1 -13.6 0 13.4 -13.6 0
4 15 38.8 -14 0 17.4 -14 0 17.4 -13.4 0 38.8 -13.4 0
4 15 13.4 -13.6 0 1.2 -13.6 0 1.2 -13 0 13.4 -13 0
4 15 38.6 -13.4 0 17.4 -13.4 0 17.4 -12.8 0 38.6 -12.8 0
4 15 38.4 -12.8 0 17.4 -12.8 0 17.4 -12.4 0 38.4 -12.4 0
4 15 13.4 -13 0 1.4 -13 0 1.4 -12.4 0 13.4 -12.4 0
4 15 13.4 -12.4 0 1.6 -12.4 0 1.6 -12 0 13.4 -12 0
4 15 38.2 -12.4 0 17.4 -12.4 0 17.4 -11.8 0 38.2 -11.8 0
4 15 13.4 -12 0 1.8 -12 0 1.8 -11.6 0 13.4 -11.6 0
4 15 38 -11.8 0 17.4 -11.8 0 17.4 -11.4 0 38 -11.4 0
4 15 13.4 -11.6 0 2 -11.6 0 2 -11.2 0 13.4 -11.2 0
4 15 37.8 -11.4 0 17.4 -11.4 0 17.4 -11 0 37.8 -11 0
4 15 13.4 -11.2 0 2.2 -11.2 0 2.2 -10.8 0 13.4 -10.8 0
4 15 37.6 -11 0 17.4 -11 0 17.4 -10.6 0 37.6 -10.6 0
4 15 13.4 -10.8 0 2.4 -10.8 0 2.4 -10.4 0 13.4 -10.4 0
4 15 37.4 -10.6 0 17.4 -10.6 0 17.4 -10.2 0 37.4 -10.2 0
4 15 37.2 -10.2 0 17.4 -10.2 0 17.4 -10 0 37.2 -10 0
4 15 13.4 -10.4 0 2.6 -10.4 0 2.6 -10 0 13.4 -10 0
4 15 37 -10 0 17.4 -10 0 17.4 -9.6 0 37 -9.6 0
4 15 13.4 -10 0 2.8 -10 0 2.8 -9.6 0 13.4 -9.6 0
4 15 13.4 -9.6 0 3 -9.6 0 3 -9.4 0 13.4 -9.4 0
4 15 36.8 -9.6 0 17.4 -9.6 0 17.4 -9.2 0 36.8 -9.2 0
4 15 36.6 -9.2 0 17.4 -9.2 0 17.4 -9 0 36.6 -9 0
4 15 13.4 -9.4 0 3.2 -9.4 0 3.2 -9 0 13.4 -9 0
4 15 36.4 -9 0 17.4 -9 0 17.4 -8.8 0 36.4 -8.8 0
4 15 13.4 -9 0 3.4 -9 0 3.4 -8.8 0 13.4 -8.8 0
4 15 36.4 -8.8 0 3.6 -8.8 0 3.6 -8.6 0 36.4 -8.6 0
4 15 36.2 -8.6 0 3.6 -8.6 0 3.6 -8.4 0 36.2 -8.4 0
4 15 36 -8.4 0 3.8 -8.4 0 3.8 -8.2 0 36 -8.2 0
4 15 35.8 -8.2 0 4 -8.2 0 4 -8 0 35.8 -8 0
4 15 35.8 -8 0 4.2 -8 0 4.2 -7.8 0 35.8 -7.8 0
4 15 35.6 -7.8 0 4.2 -7.8 0 4.2 -7.6 0 35.6 -7.6 0
4 15 35.4 -7.6 0 4.4 -7.6 0 4.4 -7.4 0 35.4 -7.4 0
4 15 35.2 -7.4 0 4.6 -7.4 0 4.6 -7.2 0 35.2 -7.2 0
4 15 35 -7.2 0 4.8 -7.2 0 4.8 -7 0 35 -7 0
4 15 35 -7 0 5 -7 0 5 -6.8 0 35 -6.8 0
4 15 34.8 -6.8 0 5.2 -6.8 0 5.2 -6.6 0 34.8 -6.6 0
4 15 34.6 -6.6 0 5.2 -6.6 0 5.2 -6.4 0 34.6 -6.4 0
4 15 34.4 -6.4 0 5.4 -6.4 0 5.4 -6.2 0 34.4 -6.2 0
4 15 34.2 -6.2 0 5.6 -6.2 0 5.6 -6 0 34.2 -6 0
4 15 34 -6 0 5.8 -6 0 5.8 -5.8 0 34 -5.8 0
4 15 33.8 -5.8 0 6 -5.8 0 6 -5.6 0 33.8 -5.6 0
4 15 33.6 -5.6 0 6.2 -5.6 0 6.2 -5.4 0 33.6 -5.4 0
4 15 33.4 -5.4 0 6.4 -5.4 0 6.4 -5.2 0 33.4 -5.2 0
4 15 33.2 -5.2 0 6.8 -5.2 0 6.8 -5 0 33.2 -5 0
4 15 33 -5 0 7 -5 0 7 -4.8 0 33 -4.8 0
4 15 32.6 -4.8 0 7.2 -4.8 0 7.2 -4.6 0 32.6 -4.6 0
4 15 32.4 -4.6 0 7.4 -4.6 0 7.4 -4.4 0 32.4 -4.4 0
4 15 32.2 -4.4 0 7.6 -4.4 0 7.6 -4.2 0 32.2 -4.2 0
4 15 32 -4.2 0 8 -4.2 0 8 -4 0 32 -4 0
4 15 31.6 -4 0 8.2 -4 0 8.2 -3.8 0 31.6 -3.8 0
4 15 31.4 -3.8 0 8.4 -3.8 0 8.4 -3.6 0 31.4 -3.6 0
4 15 31 -3.6 0 8.8 -3.6 0 8.8 -3.4 0 31 -3.4 0
4 15 30.8 -3.4 0 9 -3.4 0 9 -3.2 0 30.8 -3.2 0
4 15 30.4 -3.2 0 9.4 -3.2 0 9.4 -3 0 30.4 -3 0
4 15 30.2 -3 0 9.6 -3 0 9.6 -2.8 0 30.2 -2.8 0
4 15 29.8 -2.8 0 10 -2.8 0 10 -2.6 0 29.8 -2.6 0
4 15 29.4 -2.6 0 10.4 -2.6 0 10.4 -2.4 0 29.4 -2.4 0
4 15 29 -2.4 0 10.8 -2.4 0 10.8 -2.2 0 29 -2.2 0
4 15 28.6 -2.2 0 11.2 -2.2 0 11.2 -2 0 28.6 -2 0
4 15 28.2 -2 0 11.6 -2 0 11.6 -1.8 0 28.2 -1.8 0
4 15 27.8 -1.8 0 12.2 -1.8 0 12.2 -1.6 0 27.8 -1.6 0
4 15 27.2 -1.6 0 12.6 -1.6 0 12.6 -1.4 0 27.2 -1.4 0
4 15 26.8 -1.4 0 13.2 -1.4 0 13.2 -1.2 0 26.8 -1.2 0
4 15 26.2 -1.2 0 13.6 -1.2 0 13.6 -1 0 26.2 -1 0
4 15 25.4 -1 0 14.4 -1 0 14.4 -0.8 0 25.4 -0.8 0
4 15 24.8 -0.8 0 15.2 -0.8 0 15.2 -0.6 0 24.8 -0.6 0
4 15 23.8 -0.6 0 16 -0.6 0 16 -0.4 0 23.8 -0.4 0
4 15 23 -0.4 0 22.8 -0.4 0 22.8 -0.2 0 23 -0.2 0
4 15 22.6 -0.4 0 17.2 -0.4 0 17.2 -0.2 0 22.6 -0.2 0
