0 Almena cuadrada pequeña    :X
0 Name: almenacp.dat
0 Author: rosaspage
0 BFC CERTIFY CCW
4 16 90 -15 0 90 0 0 0 0 0 0 -15 0
4 16 90 0 -90 90 -15 -90 0 -15 -90 0 0 -90
4 16 0 -15 -90 0 -15 0 0 0 0 0 0 -90
4 16 57 -22.5 -41.75 55.75 -22.5 -38.75 53.75 -22.5 -53.75 55.75 -22.5 -51.25
4 16 51.25 -22.5 -55.75 53.75 -22.5 -53.75 55.75 -22.5 -38.75 53.75 -22.5 -36
4 16 48.25 -22.5 -57 51.25 -22.5 -55.75 53.75 -22.5 -36 51.25 -22.5 -34
4 16 45 -22.5 -57.5 48.25 -22.5 -57 51.25 -22.5 -34 48.25 -22.5 -32.75
4 16 48.25 -22.5 -32.75 45 -22.5 -32.5 41.75 -22.5 -57 45 -22.5 -57.5
4 16 34.25 -22.5 -51.25 36.25 -22.5 -53.75 38.75 -22.5 -34 36.25 -22.5 -36
4 16 38.75 -22.5 -55.75 41.75 -22.5 -57 45 -22.5 -32.5 41.75 -22.5 -32.75
4 16 36.25 -22.5 -53.75 38.75 -22.5 -55.75 41.75 -22.5 -32.75 38.75 -22.5 -34
4 16 33 -22.5 -48.25 34.25 -22.5 -51.25 36.25 -22.5 -36 34.25 -22.5 -38.75
4 16 87.5 -60 -77.5 87.5 -60 -87.5 107.5 -60 -107.5 107.5 -60 -77.5
4 16 77.5 -60 -87.5 77.5 -60 -107.5 107.5 -60 -107.5 87.5 -60 -87.5
4 16 87.5 -60 -2.5 87.5 -60 -12.5 107.5 -60 -12.5 107.5 -60 17.5
4 16 77.5 -60 17.5 77.5 -60 -2.5 87.5 -60 -2.5 107.5 -60 17.5
4 16 -17.5 -60 -77.5 -17.5 -60 -107.5 2.5 -60 -87.5 2.5 -60 -77.5
4 16 -17.5 -60 -107.5 12.5 -60 -107.5 12.5 -60 -87.5 2.5 -60 -87.5
4 16 60 -60 -107.5 60 -60 -87.5 30 -60 -87.5 30 -60 -107.5
4 16 -17.5 -60 -30 -17.5 -60 -60 2.5 -60 -60 2.5 -60 -30
4 16 30 -60 17.5 30 -60 -2.5 60 -60 -2.5 60 -60 17.5
4 16 87.5 -60 -30 87.5 -60 -60 107.5 -60 -60 107.5 -60 -30
4 16 15 -30 -87.5 15 -30 -107.5 27.5 -30 -107.5 27.5 -30 -87.5
4 16 -17.5 -30 -62.5 -17.5 -30 -75 2.5 -30 -75 2.5 -30 -62.5
4 16 15 -30 17.5 15 -30 -2.5 27.5 -30 -2.5 27.5 -30 17.5
4 16 87.5 -30 -15 87.5 -30 -27.5 107.5 -30 -27.5 107.5 -30 -15
4 16 62.5 -30 17.5 62.5 -30 -2.5 75 -30 -2.5 75 -30 17.5
4 16 107.5 -30 -75 107.5 -30 -62.5 87.5 -30 -62.5 87.5 -30 -75
4 16 62.5 -30 -87.5 62.5 -30 -107.5 75 -30 -107.5 75 -30 -87.5
4 16 2.5 -30 -27.5 2.5 -30 -15 -17.5 -30 -15 -17.5 -30 -27.5
4 16 90 -15 0 90 -15 -90 90 0 -90 90 0 0
3 16 57 -22.5 -48.25 57.5 -22.5 -45 57 -22.5 -41.75
3 16 33 -22.5 -48.25 34.25 -22.5 -38.75 33 -22.5 -41.75
3 16 33 -22.5 -41.75 32.5 -22.5 -45 33 -22.5 -48.25
3 16 57 -22.5 -48.25 57 -22.5 -41.75 55.75 -22.5 -51.25
3 16 2.5 -30 -75 2.5 -60 -77.5 2.5 -17.5 -87.5
3 16 2.5 -30 -62.5 2.5 -30 -75 2.5 -17.5 -87.5
3 16 2.5 -60 -87.5 2.5 -17.5 -87.5 2.5 -60 -77.5
3 16 -17.5 -15 -107.5 -17.5 -30 -75 -17.5 -30 -62.5
3 16 87.5 -30 -75 87.5 -30 -62.5 87.5 -17.5 -87.5
3 16 107.5 -30 -62.5 107.5 -30 -75 107.5 -15 -107.5
4 16 12.5 -60 -2.5 12.5 -60 17.5 -17.5 -60 17.5 2.5 -60 -2.5
4 16 2.5 -60 -12.5 2.5 -60 -2.5 -17.5 -60 17.5 -17.5 -60 -12.5
4 16 87.5 -17.5 -87.5 87.5 -17.5 -2.5 2.5 -17.5 -2.5 2.5 -17.5 -87.5
3 16 -17.5 -30 -27.5 -17.5 -30 -15 -17.5 -15 17.5
4 16 -17.5 -30 -62.5 -17.5 -30 -27.5 -17.5 -15 17.5 -17.5 -15 -107.5
3 16 27.5 -30 -107.5 15 -30 -107.5 -17.5 -15 -107.5
3 16 75 -30 -107.5 62.5 -30 -107.5 107.5 -15 -107.5
4 16 27.5 -30 -107.5 -17.5 -15 -107.5 107.5 -15 -107.5 62.5 -30 -107.5
4 16 2.5 -60 -60 2.5 -30 -62.5 2.5 -30 -27.5 2.5 -60 -30
4 16 2.5 -60 -12.5 2.5 -30 -15 2.5 -17.5 -2.5 2.5 -60 -2.5
4 16 77.5 -60 -107.5 75 -30 -107.5 107.5 -15 -107.5 107.5 -60 -107.5
4 16 12.5 -60 -107.5 -17.5 -60 -107.5 -17.5 -15 -107.5 15 -30 -107.5
4 16 107.5 -30 -75 107.5 -60 -77.5 107.5 -60 -107.5 107.5 -15 -107.5
4 16 107.5 -60 -60 107.5 -30 -62.5 107.5 -30 -27.5 107.5 -60 -30
4 16 107.5 -60 -12.5 107.5 -30 -15 107.5 -15 17.5 107.5 -60 17.5
4 16 12.5 -60 -2.5 2.5 -60 -2.5 2.5 -17.5 -2.5 15 -30 -2.5
4 16 2.5 -60 -12.5 -17.5 -60 -12.5 -17.5 -30 -15 2.5 -30 -15
4 16 15 -30 17.5 12.5 -60 17.5 12.5 -60 -2.5 15 -30 -2.5
4 16 107.5 -60 -12.5 87.5 -60 -12.5 87.5 -30 -15 107.5 -30 -15
4 16 15 -30 -107.5 15 -30 -87.5 12.5 -60 -87.5 12.5 -60 -107.5
4 16 2.5 -60 -60 -17.5 -60 -60 -17.5 -30 -62.5 2.5 -30 -62.5
4 16 62.5 -30 -2.5 60 -60 -2.5 30 -60 -2.5 27.5 -30 -2.5
4 16 87.5 -30 -62.5 107.5 -30 -62.5 107.5 -60 -60 87.5 -60 -60
4 16 30 -60 -107.5 27.5 -30 -107.5 62.5 -30 -107.5 60 -60 -107.5
4 16 60 -60 -107.5 62.5 -30 -107.5 62.5 -30 -87.5 60 -60 -87.5
3 16 107.5 -30 -27.5 107.5 -15 17.5 107.5 -30 -15
4 16 107.5 -30 -62.5 107.5 -15 -107.5 107.5 -15 17.5 107.5 -30 -27.5
4 16 2.5 -17.5 -87.5 2.5 -60 -87.5 12.5 -60 -87.5 15 -30 -87.5
4 16 -17.5 -60 -77.5 2.5 -60 -77.5 2.5 -30 -75 -17.5 -30 -75
4 16 87.5 -60 -77.5 107.5 -60 -77.5 107.5 -30 -75 87.5 -30 -75
4 16 -17.5 -15 17.5 -17.5 -60 17.5 12.5 -60 17.5 15 -30 17.5
4 16 77.5 -60 17.5 107.5 -60 17.5 107.5 -15 17.5 75 -30 17.5
4 16 2.5 -30 -27.5 -17.5 -30 -27.5 -17.5 -60 -30 2.5 -60 -30
4 16 62.5 -30 17.5 60 -60 17.5 60 -60 -2.5 62.5 -30 -2.5
4 16 30 -60 17.5 60 -60 17.5 62.5 -30 17.5 27.5 -30 17.5
4 16 107.5 -30 -27.5 87.5 -30 -27.5 87.5 -60 -30 107.5 -60 -30
4 16 30 -60 -87.5 60 -60 -87.5 62.5 -30 -87.5 27.5 -30 -87.5
3 16 75 -30 17.5 107.5 -15 17.5 62.5 -30 17.5
3 16 27.5 -30 17.5 -17.5 -15 17.5 15 -30 17.5
4 16 107.5 -15 17.5 -17.5 -15 17.5 27.5 -30 17.5 62.5 -30 17.5
4 16 45 -17.5 -57.5 48.25 -17.5 -57 48.25 -22.5 -57 45 -22.5 -57.5
4 16 48.25 -17.5 -57 51.25 -17.5 -55.75 51.25 -22.5 -55.75 48.25 -22.5 -57
4 16 51.25 -17.5 -55.75 53.75 -17.5 -53.75 53.75 -22.5 -53.75 51.25 -22.5 -55.75
4 16 55.75 -17.5 -51.25 55.75 -22.5 -51.25 53.75 -22.5 -53.75 53.75 -17.5 -53.75
4 16 36.25 -22.5 -36 38.75 -22.5 -34 38.75 -17.5 -34 36.25 -17.5 -36
4 16 34.25 -17.5 -38.75 34.25 -22.5 -38.75 36.25 -22.5 -36 36.25 -17.5 -36
4 16 34.25 -22.5 -38.75 34.25 -17.5 -38.75 33 -17.5 -41.75 33 -22.5 -41.75
4 16 32.5 -17.5 -45 32.5 -22.5 -45 33 -22.5 -41.75 33 -17.5 -41.75
4 16 32.5 -22.5 -45 32.5 -17.5 -45 33 -17.5 -48.25 33 -22.5 -48.25
4 16 34.25 -17.5 -51.25 34.25 -22.5 -51.25 33 -22.5 -48.25 33 -17.5 -48.25
4 16 36.25 -17.5 -53.75 36.25 -22.5 -53.75 34.25 -22.5 -51.25 34.25 -17.5 -51.25
4 16 36.25 -22.5 -53.75 36.25 -17.5 -53.75 38.75 -17.5 -55.75 38.75 -22.5 -55.75
4 16 41.75 -22.5 -57 38.75 -22.5 -55.75 38.75 -17.5 -55.75 41.75 -17.5 -57
4 16 41.75 -17.5 -57 45 -17.5 -57.5 45 -22.5 -57.5 41.75 -22.5 -57
4 16 55.75 -22.5 -51.25 55.75 -17.5 -51.25 57 -17.5 -48.25 57 -22.5 -48.25
4 16 57 -22.5 -48.25 57 -17.5 -48.25 57.5 -17.5 -45 57.5 -22.5 -45
4 16 57 -17.5 -41.75 57 -22.5 -41.75 57.5 -22.5 -45 57.5 -17.5 -45
4 16 55.75 -17.5 -38.75 55.75 -22.5 -38.75 57 -22.5 -41.75 57 -17.5 -41.75
4 16 55.75 -22.5 -38.75 55.75 -17.5 -38.75 53.75 -17.5 -36 53.75 -22.5 -36
4 16 53.75 -17.5 -36 51.25 -17.5 -34 51.25 -22.5 -34 53.75 -22.5 -36
4 16 48.25 -22.5 -32.75 51.25 -22.5 -34 51.25 -17.5 -34 48.25 -17.5 -32.75
4 16 45 -22.5 -32.5 48.25 -22.5 -32.75 48.25 -17.5 -32.75 45 -17.5 -32.5
4 16 45 -17.5 -32.5 41.75 -17.5 -32.75 41.75 -22.5 -32.75 45 -22.5 -32.5
4 16 41.75 -17.5 -32.75 38.75 -17.5 -34 38.75 -22.5 -34 41.75 -22.5 -32.75
3 16 75 -30 -87.5 87.5 -17.5 -87.5 62.5 -30 -87.5
3 16 27.5 -30 -87.5 2.5 -17.5 -87.5 15 -30 -87.5
4 16 87.5 -17.5 -87.5 2.5 -17.5 -87.5 27.5 -30 -87.5 62.5 -30 -87.5
4 16 87.5 -17.5 -87.5 75 -30 -87.5 77.5 -60 -87.5 87.5 -60 -87.5
4 16 -17.5 -60 -107.5 -17.5 -60 -77.5 -17.5 -30 -75 -17.5 -15 -107.5
4 16 -17.5 -60 -60 -17.5 -60 -30 -17.5 -30 -27.5 -17.5 -30 -62.5
4 16 -17.5 -30 -15 -17.5 -60 -12.5 -17.5 -60 17.5 -17.5 -15 17.5
4 16 75 -30 -107.5 77.5 -60 -107.5 77.5 -60 -87.5 75 -30 -87.5
4 16 27.5 -30 -107.5 30 -60 -107.5 30 -60 -87.5 27.5 -30 -87.5
4 16 87.5 -60 -87.5 87.5 -60 -77.5 87.5 -30 -75 87.5 -17.5 -87.5
4 16 87.5 -30 -27.5 87.5 -30 -62.5 87.5 -60 -60 87.5 -60 -30
4 16 87.5 -30 -15 87.5 -60 -12.5 87.5 -60 -2.5 87.5 -17.5 -2.5
4 16 77.5 -60 -2.5 77.5 -60 17.5 75 -30 17.5 75 -30 -2.5
4 16 30 -60 -2.5 30 -60 17.5 27.5 -30 17.5 27.5 -30 -2.5
3 16 87.5 -30 -27.5 87.5 -30 -15 87.5 -17.5 -2.5
4 16 87.5 -30 -62.5 87.5 -30 -27.5 87.5 -17.5 -2.5 87.5 -17.5 -87.5
4 16 87.5 -17.5 -2.5 87.5 -60 -2.5 77.5 -60 -2.5 75 -30 -2.5
3 16 62.5 -30 -2.5 87.5 -17.5 -2.5 75 -30 -2.5
3 16 27.5 -30 -2.5 15 -30 -2.5 2.5 -17.5 -2.5
4 16 87.5 -17.5 -2.5 62.5 -30 -2.5 27.5 -30 -2.5 2.5 -17.5 -2.5
4 16 107.5 -15 17.5 107.5 -15 -107.5 -17.5 -15 -107.5 -17.5 -15 17.5
4 16 87.5 -15 -87.5 2.5 -15 -87.5 2.5 -15 -2.5 87.5 -15 -2.5
4 16 27.5 0 -27.5 27.5 -10 -27.5 62.5 -10 -27.5 62.5 0 -27.5
4 16 57.5 -10 -32.5 32.5 -10 -32.5 32.5 0 -32.5 57.5 0 -32.5
4 16 57.5 -10 -57.5 57.5 -10 -32.5 57.5 0 -32.5 57.5 0 -57.5
4 16 27.5 0 -62.5 32.5 0 -57.5 57.5 0 -57.5 62.5 0 -62.5
4 16 32.5 0 -57.5 27.5 0 -62.5 27.5 0 -27.5 32.5 0 -32.5
4 16 57.5 0 -32.5 32.5 0 -32.5 27.5 0 -27.5 62.5 0 -27.5
4 16 62.5 0 -62.5 57.5 0 -57.5 57.5 0 -32.5 62.5 0 -27.5
4 16 62.5 0 -62.5 62.5 -10 -62.5 27.5 -10 -62.5 27.5 0 -62.5
4 16 32.5 0 -57.5 32.5 -10 -57.5 57.5 -10 -57.5 57.5 0 -57.5
4 16 32.5 -10 -32.5 32.5 -10 -57.5 32.5 0 -57.5 32.5 0 -32.5
4 16 27.5 0 -27.5 27.5 0 -62.5 27.5 -10 -62.5 27.5 -10 -27.5
4 16 62.5 -10 -27.5 62.5 -10 -62.5 62.5 0 -62.5 62.5 0 -27.5
4 16 2.5 0 -87.5 2.5 -15 -87.5 87.5 -15 -87.5 87.5 0 -87.5
4 16 87.5 0 -2.5 90 0 0 90 0 -90 87.5 0 -87.5
4 16 0 0 -90 2.5 0 -87.5 87.5 0 -87.5 90 0 -90
4 16 0 0 0 90 0 0 87.5 0 -2.5 2.5 0 -2.5
4 16 0 0 0 2.5 0 -2.5 2.5 0 -87.5 0 0 -90
4 16 87.5 -15 -87.5 87.5 -15 -2.5 87.5 0 -2.5 87.5 0 -87.5
4 16 2.5 0 -87.5 2.5 0 -2.5 2.5 -15 -2.5 2.5 -15 -87.5
4 16 87.5 0 -2.5 87.5 -15 -2.5 2.5 -15 -2.5 2.5 0 -2.5
3 16 2.5 -17.5 -2.5 2.5 -30 -15 2.5 -30 -27.5
4 16 2.5 -30 -62.5 2.5 -17.5 -87.5 2.5 -17.5 -2.5 2.5 -30 -27.5
3 16 2.1 -10 -87.9 14.23 -10 -89.5 13 -10 -91
3 16 2.1 -10 -87.9 -1 -10 -77 0.5 -10 -75.77
3 16 2.1 -10 -87.9 -2.23 -10 -78.5 -1 -10 -77
3 16 2.1 -10 -87.9 -3.15 -10 -80.21 -2.23 -10 -78.5
3 16 2.1 -10 -87.9 -3.71 -10 -82.07 -3.15 -10 -80.21
3 16 2.1 -10 -87.9 -3.9 -10 -84 -3.71 -10 -82.07
3 16 2.1 -10 -87.9 -3.71 -10 -85.93 -3.9 -10 -84
3 16 2.1 -10 -87.9 -3.15 -10 -87.79 -3.71 -10 -85.93
3 16 2.1 -10 -87.9 -2.23 -10 -89.5 -3.15 -10 -87.79
3 16 2.1 -10 -87.9 -1 -10 -91 -2.23 -10 -89.5
3 16 2.1 -10 -87.9 0.5 -10 -92.23 -1 -10 -91
3 16 2.1 -10 -87.9 2.21 -10 -93.15 0.5 -10 -92.23
3 16 2.1 -10 -87.9 4.07 -10 -93.71 2.21 -10 -93.15
3 16 2.1 -10 -87.9 6 -10 -93.9 4.07 -10 -93.71
3 16 2.1 -10 -87.9 7.93 -10 -93.71 6 -10 -93.9
3 16 2.1 -10 -87.9 9.79 -10 -93.15 7.93 -10 -93.71
3 16 2.1 -10 -87.9 11.5 -10 -92.23 9.79 -10 -93.15
3 16 2.1 -10 -87.9 13 -10 -91 11.5 -10 -92.23
4 16 13 -15 -91 13 -10 -91 14.23 -10 -89.5 14.23 -15 -89.5
4 16 0.5 -15 -75.77 0.5 -10 -75.77 -1 -10 -77 -1 -15 -77
4 16 -1 -15 -77 -1 -10 -77 -2.23 -10 -78.5 -2.23 -15 -78.5
4 16 -2.23 -15 -78.5 -2.23 -10 -78.5 -3.15 -10 -80.21 -3.15 -15 -80.21
4 16 -3.15 -15 -80.21 -3.15 -10 -80.21 -3.71 -10 -82.07 -3.71 -15 -82.07
4 16 -3.71 -15 -82.07 -3.71 -10 -82.07 -3.9 -10 -84 -3.9 -15 -84
4 16 -3.9 -15 -84 -3.9 -10 -84 -3.71 -10 -85.93 -3.71 -15 -85.93
4 16 -3.71 -15 -85.93 -3.71 -10 -85.93 -3.15 -10 -87.79 -3.15 -15 -87.79
4 16 -3.15 -15 -87.79 -3.15 -10 -87.79 -2.23 -10 -89.5 -2.23 -15 -89.5
4 16 -2.23 -15 -89.5 -2.23 -10 -89.5 -1 -10 -91 -1 -15 -91
4 16 -1 -15 -91 -1 -10 -91 0.5 -10 -92.23 0.5 -15 -92.23
4 16 0.5 -15 -92.23 0.5 -10 -92.23 2.21 -10 -93.15 2.21 -15 -93.15
4 16 2.21 -15 -93.15 2.21 -10 -93.15 4.07 -10 -93.71 4.07 -15 -93.71
4 16 4.07 -15 -93.71 4.07 -10 -93.71 6 -10 -93.9 6 -15 -93.9
4 16 6 -15 -93.9 6 -10 -93.9 7.93 -10 -93.71 7.93 -15 -93.71
4 16 7.93 -15 -93.71 7.93 -10 -93.71 9.79 -10 -93.15 9.79 -15 -93.15
4 16 9.79 -15 -93.15 9.79 -10 -93.15 11.5 -10 -92.23 11.5 -15 -92.23
4 16 11.5 -15 -92.23 11.5 -10 -92.23 13 -10 -91 13 -15 -91
4 16 89.5 -15 -92.23 89.5 -10 -92.23 91 -10 -91 91 -15 -91
4 16 87.79 -15 -93.15 87.79 -10 -93.15 89.5 -10 -92.23 89.5 -15 -92.23
4 16 85.93 -15 -93.71 85.93 -10 -93.71 87.79 -10 -93.15 87.79 -15 -93.15
4 16 84 -15 -93.9 84 -10 -93.9 85.93 -10 -93.71 85.93 -15 -93.71
4 16 82.07 -15 -93.71 82.07 -10 -93.71 84 -10 -93.9 84 -15 -93.9
4 16 80.21 -15 -93.15 80.21 -10 -93.15 82.07 -10 -93.71 82.07 -15 -93.71
4 16 78.5 -15 -92.23 78.5 -10 -92.23 80.21 -10 -93.15 80.21 -15 -93.15
4 16 77 -15 -91 77 -10 -91 78.5 -10 -92.23 78.5 -15 -92.23
4 16 75.77 -15 -89.5 75.77 -10 -89.5 77 -10 -91 77 -15 -91
4 16 91 -15 -77 91 -10 -77 89.5 -10 -75.77 89.5 -15 -75.77
4 16 92.23 -15 -78.5 92.23 -10 -78.5 91 -10 -77 91 -15 -77
4 16 93.15 -15 -80.21 93.15 -10 -80.21 92.23 -10 -78.5 92.23 -15 -78.5
4 16 93.71 -15 -82.07 93.71 -10 -82.07 93.15 -10 -80.21 93.15 -15 -80.21
4 16 93.9 -15 -84 93.9 -10 -84 93.71 -10 -82.07 93.71 -15 -82.07
4 16 93.71 -15 -85.93 93.71 -10 -85.93 93.9 -10 -84 93.9 -15 -84
4 16 93.15 -15 -87.79 93.15 -10 -87.79 93.71 -10 -85.93 93.71 -15 -85.93
4 16 92.23 -15 -89.5 92.23 -10 -89.5 93.15 -10 -87.79 93.15 -15 -87.79
4 16 91 -15 -91 91 -10 -91 92.23 -10 -89.5 92.23 -15 -89.5
3 16 87.9 -10 -87.9 91 -10 -91 89.5 -10 -92.23
3 16 87.9 -10 -87.9 89.5 -10 -92.23 87.79 -10 -93.15
3 16 87.9 -10 -87.9 87.79 -10 -93.15 85.93 -10 -93.71
3 16 87.9 -10 -87.9 85.93 -10 -93.71 84 -10 -93.9
3 16 87.9 -10 -87.9 84 -10 -93.9 82.07 -10 -93.71
3 16 87.9 -10 -87.9 82.07 -10 -93.71 80.21 -10 -93.15
3 16 87.9 -10 -87.9 80.21 -10 -93.15 78.5 -10 -92.23
3 16 87.9 -10 -87.9 78.5 -10 -92.23 77 -10 -91
3 16 87.9 -10 -87.9 77 -10 -91 75.77 -10 -89.5
3 16 87.9 -10 -87.9 89.5 -10 -75.77 91 -10 -77
3 16 87.9 -10 -87.9 91 -10 -77 92.23 -10 -78.5
3 16 87.9 -10 -87.9 92.23 -10 -78.5 93.15 -10 -80.21
3 16 87.9 -10 -87.9 93.15 -10 -80.21 93.71 -10 -82.07
3 16 87.9 -10 -87.9 93.71 -10 -82.07 93.9 -10 -84
3 16 87.9 -10 -87.9 93.9 -10 -84 93.71 -10 -85.93
3 16 87.9 -10 -87.9 93.71 -10 -85.93 93.15 -10 -87.79
3 16 87.9 -10 -87.9 93.15 -10 -87.79 92.23 -10 -89.5
3 16 87.9 -10 -87.9 92.23 -10 -89.5 91 -10 -91
3 16 87.9 -10 -2.1 92.23 -10 -11.5 91 -10 -13
3 16 87.9 -10 -2.1 93.15 -10 -9.79 92.23 -10 -11.5
3 16 87.9 -10 -2.1 93.71 -10 -7.93 93.15 -10 -9.79
3 16 87.9 -10 -2.1 93.9 -10 -6 93.71 -10 -7.93
3 16 87.9 -10 -2.1 93.71 -10 -4.07 93.9 -10 -6
3 16 87.9 -10 -2.1 93.15 -10 -2.21 93.71 -10 -4.07
3 16 87.9 -10 -2.1 92.23 -10 -0.5 93.15 -10 -2.21
3 16 87.9 -10 -2.1 91 -10 1 92.23 -10 -0.5
3 16 87.9 -10 -2.1 89.5 -10 2.23 91 -10 1
3 16 87.9 -10 -2.1 87.79 -10 3.15 89.5 -10 2.23
3 16 87.9 -10 -2.1 85.93 -10 3.71 87.79 -10 3.15
3 16 87.9 -10 -2.1 84 -10 3.9 85.93 -10 3.71
3 16 87.9 -10 -2.1 82.07 -10 3.71 84 -10 3.9
3 16 87.9 -10 -2.1 80.21 -10 3.15 82.07 -10 3.71
3 16 87.9 -10 -2.1 78.5 -10 2.23 80.21 -10 3.15
3 16 87.9 -10 -2.1 77 -10 1 78.5 -10 2.23
3 16 87.9 -10 -2.1 75.77 -10 -0.5 77 -10 1
3 16 87.9 -10 -2.1 91 -10 -13 89.5 -10 -14.23
4 16 91 -15 -13 91 -10 -13 92.23 -10 -11.5 92.23 -15 -11.5
4 16 92.23 -15 -11.5 92.23 -10 -11.5 93.15 -10 -9.79 93.15 -15 -9.79
4 16 93.15 -15 -9.79 93.15 -10 -9.79 93.71 -10 -7.93 93.71 -15 -7.93
4 16 93.71 -15 -7.93 93.71 -10 -7.93 93.9 -10 -6 93.9 -15 -6
4 16 93.9 -15 -6 93.9 -10 -6 93.71 -10 -4.07 93.71 -15 -4.07
4 16 93.71 -15 -4.07 93.71 -10 -4.07 93.15 -10 -2.21 93.15 -15 -2.21
4 16 93.15 -15 -2.21 93.15 -10 -2.21 92.23 -10 -0.5 92.23 -15 -0.5
4 16 92.23 -15 -0.5 92.23 -10 -0.5 91 -10 1 91 -15 1
4 16 91 -15 1 91 -10 1 89.5 -10 2.23 89.5 -15 2.23
4 16 89.5 -15 2.23 89.5 -10 2.23 87.79 -10 3.15 87.79 -15 3.15
4 16 87.79 -15 3.15 87.79 -10 3.15 85.93 -10 3.71 85.93 -15 3.71
4 16 85.93 -15 3.71 85.93 -10 3.71 84 -10 3.9 84 -15 3.9
4 16 84 -15 3.9 84 -10 3.9 82.07 -10 3.71 82.07 -15 3.71
4 16 82.07 -15 3.71 82.07 -10 3.71 80.21 -10 3.15 80.21 -15 3.15
4 16 80.21 -15 3.15 80.21 -10 3.15 78.5 -10 2.23 78.5 -15 2.23
4 16 78.5 -15 2.23 78.5 -10 2.23 77 -10 1 77 -15 1
4 16 77 -15 1 77 -10 1 75.77 -10 -0.5 75.77 -15 -0.5
4 16 89.5 -15 -14.23 89.5 -10 -14.23 91 -10 -13 91 -15 -13
4 16 -1 -15 -13 -1 -10 -13 0.5 -10 -14.23 0.5 -15 -14.23
4 16 -2.23 -15 -11.5 -2.23 -10 -11.5 -1 -10 -13 -1 -15 -13
4 16 -3.15 -15 -9.79 -3.15 -10 -9.79 -2.23 -10 -11.5 -2.23 -15 -11.5
4 16 -3.71 -15 -7.93 -3.71 -10 -7.93 -3.15 -10 -9.79 -3.15 -15 -9.79
4 16 -3.9 -15 -6 -3.9 -10 -6 -3.71 -10 -7.93 -3.71 -15 -7.93
4 16 -3.71 -15 -4.07 -3.71 -10 -4.07 -3.9 -10 -6 -3.9 -15 -6
4 16 -3.15 -15 -2.21 -3.15 -10 -2.21 -3.71 -10 -4.07 -3.71 -15 -4.07
4 16 -2.23 -15 -0.5 -2.23 -10 -0.5 -3.15 -10 -2.21 -3.15 -15 -2.21
4 16 -1 -15 1 -1 -10 1 -2.23 -10 -0.5 -2.23 -15 -0.5
4 16 0.5 -15 2.23 0.5 -10 2.23 -1 -10 1 -1 -15 1
4 16 2.21 -15 3.15 2.21 -10 3.15 0.5 -10 2.23 0.5 -15 2.23
4 16 4.07 -15 3.71 4.07 -10 3.71 2.21 -10 3.15 2.21 -15 3.15
4 16 6 -15 3.9 6 -10 3.9 4.07 -10 3.71 4.07 -15 3.71
4 16 7.93 -15 3.71 7.93 -10 3.71 6 -10 3.9 6 -15 3.9
4 16 9.79 -15 3.15 9.79 -10 3.15 7.93 -10 3.71 7.93 -15 3.71
4 16 11.5 -15 2.23 11.5 -10 2.23 9.79 -10 3.15 9.79 -15 3.15
4 16 13 -15 1 13 -10 1 11.5 -10 2.23 11.5 -15 2.23
4 16 14.23 -15 -0.5 14.23 -10 -0.5 13 -10 1 13 -15 1
3 16 2.1 -10 -2.1 0.5 -10 -14.23 -1 -10 -13
3 16 2.1 -10 -2.1 -1 -10 -13 -2.23 -10 -11.5
3 16 2.1 -10 -2.1 -2.23 -10 -11.5 -3.15 -10 -9.79
3 16 2.1 -10 -2.1 -3.15 -10 -9.79 -3.71 -10 -7.93
3 16 2.1 -10 -2.1 -3.71 -10 -7.93 -3.9 -10 -6
3 16 2.1 -10 -2.1 -3.9 -10 -6 -3.71 -10 -4.07
3 16 2.1 -10 -2.1 -3.71 -10 -4.07 -3.15 -10 -2.21
3 16 2.1 -10 -2.1 -3.15 -10 -2.21 -2.23 -10 -0.5
3 16 2.1 -10 -2.1 -2.23 -10 -0.5 -1 -10 1
3 16 2.1 -10 -2.1 -1 -10 1 0.5 -10 2.23
3 16 2.1 -10 -2.1 0.5 -10 2.23 2.21 -10 3.15
3 16 2.1 -10 -2.1 2.21 -10 3.15 4.07 -10 3.71
3 16 2.1 -10 -2.1 4.07 -10 3.71 6 -10 3.9
3 16 2.1 -10 -2.1 6 -10 3.9 7.93 -10 3.71
3 16 2.1 -10 -2.1 7.93 -10 3.71 9.79 -10 3.15
3 16 2.1 -10 -2.1 9.79 -10 3.15 11.5 -10 2.23
3 16 2.1 -10 -2.1 11.5 -10 2.23 13 -10 1
3 16 2.1 -10 -2.1 13 -10 1 14.23 -10 -0.5
3 16 2.1 -10 -31 -1 -10 -24 0.5 -10 -22.77
3 16 2.1 -10 -31 -2.23 -10 -25.5 -1 -10 -24
3 16 2.1 -10 -31 -3.15 -10 -27.21 -2.23 -10 -25.5
3 16 2.1 -10 -31 -3.71 -10 -29.07 -3.15 -10 -27.21
3 16 2.1 -10 -31 -3.9 -10 -31 -3.71 -10 -29.07
3 16 2.1 -10 -31 -3.71 -10 -32.93 -3.9 -10 -31
3 16 2.1 -10 -31 -3.15 -10 -34.79 -3.71 -10 -32.93
3 16 2.1 -10 -31 -2.23 -10 -36.5 -3.15 -10 -34.79
3 16 2.1 -10 -31 -1 -10 -38 -2.23 -10 -36.5
3 16 2.1 -10 -31 0.5 -10 -39.23 -1 -10 -38
4 16 0.5 -15 -22.77 0.5 -10 -22.77 -1 -10 -24 -1 -15 -24
4 16 -1 -15 -24 -1 -10 -24 -2.23 -10 -25.5 -2.23 -15 -25.5
4 16 -2.23 -15 -25.5 -2.23 -10 -25.5 -3.15 -10 -27.21 -3.15 -15 -27.21
4 16 -3.15 -15 -27.21 -3.15 -10 -27.21 -3.71 -10 -29.07 -3.71 -15 -29.07
4 16 -3.71 -15 -29.07 -3.71 -10 -29.07 -3.9 -10 -31 -3.9 -15 -31
4 16 -3.9 -15 -31 -3.9 -10 -31 -3.71 -10 -32.93 -3.71 -15 -32.93
4 16 -3.71 -15 -32.93 -3.71 -10 -32.93 -3.15 -10 -34.79 -3.15 -15 -34.79
4 16 -3.15 -15 -34.79 -3.15 -10 -34.79 -2.23 -10 -36.5 -2.23 -15 -36.5
4 16 -2.23 -15 -36.5 -2.23 -10 -36.5 -1 -10 -38 -1 -15 -38
4 16 -1 -15 -38 -1 -10 -38 0.5 -10 -39.23 0.5 -15 -39.23
4 16 89.5 -15 -39.23 89.5 -10 -39.23 91 -10 -38 91 -15 -38
4 16 91 -15 -24 91 -10 -24 89.5 -10 -22.77 89.5 -15 -22.77
4 16 92.23 -15 -25.5 92.23 -10 -25.5 91 -10 -24 91 -15 -24
4 16 93.15 -15 -27.21 93.15 -10 -27.21 92.23 -10 -25.5 92.23 -15 -25.5
4 16 93.71 -15 -29.07 93.71 -10 -29.07 93.15 -10 -27.21 93.15 -15 -27.21
4 16 93.9 -15 -31 93.9 -10 -31 93.71 -10 -29.07 93.71 -15 -29.07
4 16 93.71 -15 -32.93 93.71 -10 -32.93 93.9 -10 -31 93.9 -15 -31
4 16 93.15 -15 -34.79 93.15 -10 -34.79 93.71 -10 -32.93 93.71 -15 -32.93
4 16 92.23 -15 -36.5 92.23 -10 -36.5 93.15 -10 -34.79 93.15 -15 -34.79
4 16 91 -15 -38 91 -10 -38 92.23 -10 -36.5 92.23 -15 -36.5
3 16 87.9 -10 -31 91 -10 -38 89.5 -10 -39.23
3 16 87.9 -10 -31 89.5 -10 -22.77 91 -10 -24
3 16 87.9 -10 -31 91 -10 -24 92.23 -10 -25.5
3 16 87.9 -10 -31 92.23 -10 -25.5 93.15 -10 -27.21
3 16 87.9 -10 -31 93.15 -10 -27.21 93.71 -10 -29.07
3 16 87.9 -10 -31 93.71 -10 -29.07 93.9 -10 -31
3 16 87.9 -10 -31 93.9 -10 -31 93.71 -10 -32.93
3 16 87.9 -10 -31 93.71 -10 -32.93 93.15 -10 -34.79
3 16 87.9 -10 -31 93.15 -10 -34.79 92.23 -10 -36.5
3 16 87.9 -10 -31 92.23 -10 -36.5 91 -10 -38
3 16 87.9 -10 -59 92.23 -10 -64.5 91 -10 -66
3 16 87.9 -10 -59 93.15 -10 -62.79 92.23 -10 -64.5
3 16 87.9 -10 -59 93.71 -10 -60.93 93.15 -10 -62.79
3 16 87.9 -10 -59 93.9 -10 -59 93.71 -10 -60.93
3 16 87.9 -10 -59 93.71 -10 -57.07 93.9 -10 -59
3 16 87.9 -10 -59 93.15 -10 -55.21 93.71 -10 -57.07
3 16 87.9 -10 -59 92.23 -10 -53.5 93.15 -10 -55.21
3 16 87.9 -10 -59 91 -10 -52 92.23 -10 -53.5
3 16 87.9 -10 -59 89.5 -10 -50.77 91 -10 -52
3 16 87.9 -10 -59 91 -10 -66 89.5 -10 -67.23
4 16 91 -15 -66 91 -10 -66 92.23 -10 -64.5 92.23 -15 -64.5
4 16 92.23 -15 -64.5 92.23 -10 -64.5 93.15 -10 -62.79 93.15 -15 -62.79
4 16 93.15 -15 -62.79 93.15 -10 -62.79 93.71 -10 -60.93 93.71 -15 -60.93
4 16 93.71 -15 -60.93 93.71 -10 -60.93 93.9 -10 -59 93.9 -15 -59
4 16 93.9 -15 -59 93.9 -10 -59 93.71 -10 -57.07 93.71 -15 -57.07
4 16 93.71 -15 -57.07 93.71 -10 -57.07 93.15 -10 -55.21 93.15 -15 -55.21
4 16 93.15 -15 -55.21 93.15 -10 -55.21 92.23 -10 -53.5 92.23 -15 -53.5
4 16 92.23 -15 -53.5 92.23 -10 -53.5 91 -10 -52 91 -15 -52
4 16 91 -15 -52 91 -10 -52 89.5 -10 -50.77 89.5 -15 -50.77
4 16 89.5 -15 -67.23 89.5 -10 -67.23 91 -10 -66 91 -15 -66
4 16 -1 -15 -66 -1 -10 -66 0.5 -10 -67.23 0.5 -15 -67.23
4 16 -2.23 -15 -64.5 -2.23 -10 -64.5 -1 -10 -66 -1 -15 -66
4 16 -3.15 -15 -62.79 -3.15 -10 -62.79 -2.23 -10 -64.5 -2.23 -15 -64.5
4 16 -3.71 -15 -60.93 -3.71 -10 -60.93 -3.15 -10 -62.79 -3.15 -15 -62.79
4 16 -3.9 -15 -59 -3.9 -10 -59 -3.71 -10 -60.93 -3.71 -15 -60.93
4 16 -3.71 -15 -57.07 -3.71 -10 -57.07 -3.9 -10 -59 -3.9 -15 -59
4 16 -3.15 -15 -55.21 -3.15 -10 -55.21 -3.71 -10 -57.07 -3.71 -15 -57.07
4 16 -2.23 -15 -53.5 -2.23 -10 -53.5 -3.15 -10 -55.21 -3.15 -15 -55.21
4 16 -1 -15 -52 -1 -10 -52 -2.23 -10 -53.5 -2.23 -15 -53.5
4 16 0.5 -15 -50.77 0.5 -10 -50.77 -1 -10 -52 -1 -15 -52
3 16 2.1 -10 -59 0.5 -10 -67.23 -1 -10 -66
3 16 2.1 -10 -59 -1 -10 -66 -2.23 -10 -64.5
3 16 2.1 -10 -59 -2.23 -10 -64.5 -3.15 -10 -62.79
3 16 2.1 -10 -59 -3.15 -10 -62.79 -3.71 -10 -60.93
3 16 2.1 -10 -59 -3.71 -10 -60.93 -3.9 -10 -59
3 16 2.1 -10 -59 -3.9 -10 -59 -3.71 -10 -57.07
3 16 2.1 -10 -59 -3.71 -10 -57.07 -3.15 -10 -55.21
3 16 2.1 -10 -59 -3.15 -10 -55.21 -2.23 -10 -53.5
3 16 2.1 -10 -59 -2.23 -10 -53.5 -1 -10 -52
3 16 2.1 -10 -59 -1 -10 -52 0.5 -10 -50.77
3 16 31 -10 -2.1 38 -10 1 39.23 -10 -0.5
3 16 31 -10 -2.1 36.5 -10 2.23 38 -10 1
3 16 31 -10 -2.1 34.79 -10 3.15 36.5 -10 2.23
3 16 31 -10 -2.1 32.93 -10 3.71 34.79 -10 3.15
3 16 31 -10 -2.1 31 -10 3.9 32.93 -10 3.71
3 16 31 -10 -2.1 29.07 -10 3.71 31 -10 3.9
3 16 31 -10 -2.1 27.21 -10 3.15 29.07 -10 3.71
3 16 31 -10 -2.1 25.5 -10 2.23 27.21 -10 3.15
3 16 31 -10 -2.1 24 -10 1 25.5 -10 2.23
3 16 31 -10 -2.1 22.77 -10 -0.5 24 -10 1
4 16 39.23 -15 -0.5 39.23 -10 -0.5 38 -10 1 38 -15 1
4 16 38 -15 1 38 -10 1 36.5 -10 2.23 36.5 -15 2.23
4 16 36.5 -15 2.23 36.5 -10 2.23 34.79 -10 3.15 34.79 -15 3.15
4 16 34.79 -15 3.15 34.79 -10 3.15 32.93 -10 3.71 32.93 -15 3.71
4 16 32.93 -15 3.71 32.93 -10 3.71 31 -10 3.9 31 -15 3.9
4 16 31 -15 3.9 31 -10 3.9 29.07 -10 3.71 29.07 -15 3.71
4 16 29.07 -15 3.71 29.07 -10 3.71 27.21 -10 3.15 27.21 -15 3.15
4 16 27.21 -15 3.15 27.21 -10 3.15 25.5 -10 2.23 25.5 -15 2.23
4 16 25.5 -15 2.23 25.5 -10 2.23 24 -10 1 24 -15 1
4 16 24 -15 1 24 -10 1 22.77 -10 -0.5 22.77 -15 -0.5
4 16 22.77 -15 -89.5 22.77 -10 -89.5 24 -10 -91 24 -15 -91
4 16 38 -15 -91 38 -10 -91 39.23 -10 -89.5 39.23 -15 -89.5
4 16 36.5 -15 -92.23 36.5 -10 -92.23 38 -10 -91 38 -15 -91
4 16 34.79 -15 -93.15 34.79 -10 -93.15 36.5 -10 -92.23 36.5 -15 -92.23
4 16 32.93 -15 -93.71 32.93 -10 -93.71 34.79 -10 -93.15 34.79 -15 -93.15
4 16 31 -15 -93.9 31 -10 -93.9 32.93 -10 -93.71 32.93 -15 -93.71
4 16 29.07 -15 -93.71 29.07 -10 -93.71 31 -10 -93.9 31 -15 -93.9
4 16 27.21 -15 -93.15 27.21 -10 -93.15 29.07 -10 -93.71 29.07 -15 -93.71
4 16 25.5 -15 -92.23 25.5 -10 -92.23 27.21 -10 -93.15 27.21 -15 -93.15
4 16 24 -15 -91 24 -10 -91 25.5 -10 -92.23 25.5 -15 -92.23
3 16 31 -10 -87.9 24 -10 -91 22.77 -10 -89.5
3 16 31 -10 -87.9 39.23 -10 -89.5 38 -10 -91
3 16 31 -10 -87.9 38 -10 -91 36.5 -10 -92.23
3 16 31 -10 -87.9 36.5 -10 -92.23 34.79 -10 -93.15
3 16 31 -10 -87.9 34.79 -10 -93.15 32.93 -10 -93.71
3 16 31 -10 -87.9 32.93 -10 -93.71 31 -10 -93.9
3 16 31 -10 -87.9 31 -10 -93.9 29.07 -10 -93.71
3 16 31 -10 -87.9 29.07 -10 -93.71 27.21 -10 -93.15
3 16 31 -10 -87.9 27.21 -10 -93.15 25.5 -10 -92.23
3 16 31 -10 -87.9 25.5 -10 -92.23 24 -10 -91
3 16 59 -10 -87.9 53.5 -10 -92.23 52 -10 -91
3 16 59 -10 -87.9 55.21 -10 -93.15 53.5 -10 -92.23
3 16 59 -10 -87.9 57.07 -10 -93.71 55.21 -10 -93.15
3 16 59 -10 -87.9 59 -10 -93.9 57.07 -10 -93.71
3 16 59 -10 -87.9 60.93 -10 -93.71 59 -10 -93.9
3 16 59 -10 -87.9 62.79 -10 -93.15 60.93 -10 -93.71
3 16 59 -10 -87.9 64.5 -10 -92.23 62.79 -10 -93.15
3 16 59 -10 -87.9 66 -10 -91 64.5 -10 -92.23
3 16 59 -10 -87.9 67.23 -10 -89.5 66 -10 -91
3 16 59 -10 -87.9 52 -10 -91 50.77 -10 -89.5
4 16 52 -15 -91 52 -10 -91 53.5 -10 -92.23 53.5 -15 -92.23
4 16 53.5 -15 -92.23 53.5 -10 -92.23 55.21 -10 -93.15 55.21 -15 -93.15
4 16 55.21 -15 -93.15 55.21 -10 -93.15 57.07 -10 -93.71 57.07 -15 -93.71
4 16 57.07 -15 -93.71 57.07 -10 -93.71 59 -10 -93.9 59 -15 -93.9
4 16 59 -15 -93.9 59 -10 -93.9 60.93 -10 -93.71 60.93 -15 -93.71
4 16 60.93 -15 -93.71 60.93 -10 -93.71 62.79 -10 -93.15 62.79 -15 -93.15
4 16 62.79 -15 -93.15 62.79 -10 -93.15 64.5 -10 -92.23 64.5 -15 -92.23
4 16 64.5 -15 -92.23 64.5 -10 -92.23 66 -10 -91 66 -15 -91
4 16 66 -15 -91 66 -10 -91 67.23 -10 -89.5 67.23 -15 -89.5
4 16 50.77 -15 -89.5 50.77 -10 -89.5 52 -10 -91 52 -15 -91
4 16 52 -15 1 52 -10 1 50.77 -10 -0.5 50.77 -15 -0.5
4 16 53.5 -15 2.23 53.5 -10 2.23 52 -10 1 52 -15 1
4 16 55.21 -15 3.15 55.21 -10 3.15 53.5 -10 2.23 53.5 -15 2.23
4 16 57.07 -15 3.71 57.07 -10 3.71 55.21 -10 3.15 55.21 -15 3.15
4 16 59 -15 3.9 59 -10 3.9 57.07 -10 3.71 57.07 -15 3.71
4 16 60.93 -15 3.71 60.93 -10 3.71 59 -10 3.9 59 -15 3.9
4 16 62.79 -15 3.15 62.79 -10 3.15 60.93 -10 3.71 60.93 -15 3.71
4 16 64.5 -15 2.23 64.5 -10 2.23 62.79 -10 3.15 62.79 -15 3.15
4 16 66 -15 1 66 -10 1 64.5 -10 2.23 64.5 -15 2.23
4 16 67.23 -15 -0.5 67.23 -10 -0.5 66 -10 1 66 -15 1
3 16 59 -10 -2.1 50.77 -10 -0.5 52 -10 1
3 16 59 -10 -2.1 52 -10 1 53.5 -10 2.23
3 16 59 -10 -2.1 53.5 -10 2.23 55.21 -10 3.15
3 16 59 -10 -2.1 55.21 -10 3.15 57.07 -10 3.71
3 16 59 -10 -2.1 57.07 -10 3.71 59 -10 3.9
3 16 59 -10 -2.1 59 -10 3.9 60.93 -10 3.71
3 16 59 -10 -2.1 60.93 -10 3.71 62.79 -10 3.15
3 16 59 -10 -2.1 62.79 -10 3.15 64.5 -10 2.23
3 16 59 -10 -2.1 64.5 -10 2.23 66 -10 1
3 16 59 -10 -2.1 66 -10 1 67.23 -10 -0.5
2 24 107.5 -60 -30 107.5 -30 -27.5
2 24 93.71 -10 -85.93 93.9 -10 -84
2 24 -3.71 -10 -85.93 -3.15 -10 -87.79
2 24 34.79 -10 3.15 36.5 -10 2.23
5 24 87.9 -10 -59 91 -10 -52 92.23 -10 -53.5 89.5 -10 -50.77
5 24 93.71 -15 -7.93 93.71 -10 -7.93 93.15 -15 -9.79 93.9 -15 -6
2 24 78.5 -15 2.23 80.21 -15 3.15
2 24 92.23 -15 -36.5 93.15 -15 -34.79
5 24 82.07 -10 -93.71 82.07 -15 -93.71 84 -10 -93.9 80.21 -10 -93.15
2 24 31 -15 3.9 32.93 -15 3.71
5 24 87.9 -10 -31 92.23 -10 -36.5 93.15 -10 -34.79 91 -10 -38
5 24 -2.23 -10 -89.5 2.1 -10 -87.9 -3.15 -10 -87.79 -1 -10 -91
2 24 24 -15 -91 25.5 -15 -92.23
2 24 -3.15 -10 -80.21 -2.23 -10 -78.5
2 24 31 -15 -93.9 32.93 -15 -93.71
2 24 36.5 -10 2.23 38 -10 1
2 24 93.71 -10 -29.07 93.9 -10 -31
2 24 2.5 -60 -2.5 2.5 -17.5 -2.5
5 24 87.9 -10 -59 91 -10 -66 92.23 -10 -64.5 89.5 -10 -67.23
5 24 85.93 -10 -93.71 87.9 -10 -87.9 87.79 -10 -93.15 84 -10 -93.9
2 24 82.07 -15 3.71 84 -15 3.9
2 24 -2.23 -15 -0.5 -1 -15 1
2 24 92.23 -10 -36.5 93.15 -10 -34.79
5 24 -1 -10 -13 -1 -15 -13 0.5 -10 -14.23 -2.23 -10 -11.5
2 24 -3.15 -15 -2.21 -2.23 -15 -0.5
2 24 62.5 -30 -2.5 62.5 -30 17.5
2 24 32.5 -22.5 -45 33 -22.5 -41.75
5 24 45 -22.5 -32.5 45 -17.5 -32.5 48.25 -22.5 -32.75 41.75 -22.5 -32.75
2 24 89.5 -15 -22.77 91 -15 -24
2 24 2.5 -15 -2.5 2.5 0 -2.5
2 24 62.5 -10 -62.5 62.5 -10 -27.5
2 24 14.23 -10 -0.5 14.23 -15 -0.5
2 24 57 -22.5 -48.25 57.5 -22.5 -45
5 24 64.5 -15 2.23 64.5 -10 2.23 62.79 -15 3.15 66 -15 1
2 24 32.5 0 -32.5 57.5 0 -32.5
2 24 75.77 -15 -0.5 77 -15 1
2 24 93.71 -15 -29.07 93.9 -15 -31
2 24 -1 -15 -91 0.5 -15 -92.23
2 24 60.93 -15 -93.71 62.79 -15 -93.15
2 24 -17.5 -15 17.5 107.5 -15 17.5
5 24 -2.23 -15 -0.5 -2.23 -10 -0.5 -3.15 -15 -2.21 -1 -15 1
2 24 2.5 -60 -30 2.5 -30 -27.5
2 24 4.07 -10 3.71 6 -10 3.9
5 24 48.25 -22.5 -57 48.25 -17.5 -57 45 -22.5 -57.5 51.25 -22.5 -55.75
5 24 -3.15 -15 -55.21 -3.15 -10 -55.21 -3.71 -15 -57.07 -2.23 -15 -53.5
5 24 -3.15 -10 -62.79 2.1 -10 -59 -2.23 -10 -64.5 -3.71 -10 -60.93
5 24 53.75 -22.5 -36 53.75 -17.5 -36 55.75 -22.5 -38.75 51.25 -22.5 -34
5 24 53.5 -10 2.23 59 -10 -2.1 52 -10 1 55.21 -10 3.15
5 24 6 -10 -93.9 6 -15 -93.9 4.07 -10 -93.71 7.93 -10 -93.71
5 24 82.07 -15 3.71 82.07 -10 3.71 84 -15 3.9 80.21 -15 3.15
2 24 77 -10 1 78.5 -10 2.23
2 24 39.23 -15 -89.5 39.23 -10 -89.5
5 24 92.23 -15 -36.5 92.23 -10 -36.5 93.15 -15 -34.79 91 -15 -38
2 24 87.79 -10 -93.15 89.5 -10 -92.23
2 24 29.07 -15 -93.71 31 -15 -93.9
2 24 93.15 -15 -62.79 93.71 -15 -60.93
2 24 -3.15 -10 -87.79 -2.23 -10 -89.5
2 24 41.75 -22.5 -32.75 45 -22.5 -32.5
2 24 52 -15 1 53.5 -15 2.23
2 24 -1 -10 -38 0.5 -10 -39.23
2 24 59 -15 -93.9 60.93 -15 -93.71
2 24 53.75 -17.5 -53.75 55.75 -17.5 -51.25
2 24 0 -15 0 0 0 0
2 24 92.23 -15 -11.5 93.15 -15 -9.79
2 24 -1 -10 1 0.5 -10 2.23
5 24 91 -10 1 91 -15 1 92.23 -10 -0.5 89.5 -10 2.23
5 24 24 -15 -91 24 -10 -91 22.77 -15 -89.5 25.5 -15 -92.23
2 24 -3.9 -10 -31 -3.71 -10 -29.07
2 24 15 -30 -107.5 27.5 -30 -107.5
2 24 -3.71 -10 -32.93 -3.15 -10 -34.79
5 24 25.5 -15 2.23 25.5 -10 2.23 27.21 -15 3.15 24 -15 1
5 24 -2.23 -15 -53.5 -2.23 -10 -53.5 -3.15 -15 -55.21 -1 -15 -52
2 24 91 -15 -52 92.23 -15 -53.5
2 24 77 -10 -91 78.5 -10 -92.23
2 24 93.71 -10 -82.07 93.9 -10 -84
5 24 59 -10 -87.9 66 -10 -91 64.5 -10 -92.23 67.23 -10 -89.5
2 24 36.25 -17.5 -36 38.75 -17.5 -34
5 24 52 -10 -91 59 -10 -87.9 53.5 -10 -92.23 50.77 -10 -89.5
5 24 85.93 -10 3.71 87.9 -10 -2.1 87.79 -10 3.15 84 -10 3.9
2 24 12.5 -60 -107.5 15 -30 -107.5
2 24 -3.71 -15 -7.93 -3.15 -15 -9.79
2 24 27.21 -10 3.15 29.07 -10 3.71
5 24 -2.23 -10 -64.5 -2.23 -15 -64.5 -1 -10 -66 -3.15 -10 -62.79
2 24 -3.9 -15 -84 -3.71 -15 -85.93
2 24 -17.5 -60 -12.5 -17.5 -60 17.5
5 24 91 -10 -77 91 -15 -77 89.5 -10 -75.77 92.23 -10 -78.5
2 24 27.5 -10 -27.5 27.5 0 -27.5
2 24 27.21 -15 3.15 29.07 -15 3.71
2 24 32.5 -10 -57.5 32.5 0 -57.5
5 24 31 -15 3.9 31 -10 3.9 32.93 -15 3.71 29.07 -15 3.71
2 24 6 -10 3.9 7.93 -10 3.71
2 24 30 -60 -87.5 60 -60 -87.5
2 24 38.75 -22.5 -34 41.75 -22.5 -32.75
2 24 0.5 -15 -50.77 0.5 -10 -50.77
5 24 2.1 -10 -87.9 11.5 -10 -92.23 9.79 -10 -93.15 13 -10 -91
5 24 -3.71 -10 -7.93 -3.71 -15 -7.93 -3.15 -10 -9.79 -3.9 -10 -6
2 24 -17.5 -60 17.5 -17.5 -15 17.5
5 24 -3.71 -15 -82.07 -3.71 -10 -82.07 -3.15 -15 -80.21 -3.9 -15 -84
2 24 59 -15 3.9 60.93 -15 3.71
2 24 0.5 -10 -39.23 0.5 -15 -39.23
5 24 93.71 -10 -82.07 93.71 -15 -82.07 93.15 -10 -80.21 93.9 -10 -84
2 24 75.77 -10 -0.5 87.9 -10 -2.1
2 24 -1 -10 -77 0.5 -10 -75.77
2 24 -2.23 -15 -89.5 -1 -15 -91
2 24 92.23 -15 -25.5 93.15 -15 -27.21
5 24 -2.23 -15 -78.5 -2.23 -10 -78.5 -1 -15 -77 -3.15 -15 -80.21
2 24 60 -60 -2.5 60 -60 17.5
2 24 2.5 -15 -87.5 2.5 -15 -2.5
5 24 87.9 -10 -2.1 92.23 -10 -11.5 91 -10 -13 93.15 -10 -9.79
2 24 9.79 -10 3.15 11.5 -10 2.23
5 24 80.21 -10 -93.15 87.9 -10 -87.9 82.07 -10 -93.71 78.5 -10 -92.23
2 24 32.5 -10 -57.5 32.5 -10 -32.5
5 24 89.5 -15 2.23 89.5 -10 2.23 91 -15 1 87.79 -15 3.15
5 24 87.9 -10 -2.1 89.5 -10 2.23 91 -10 1 87.79 -10 3.15
2 24 7.93 -15 3.71 9.79 -15 3.15
2 24 32.5 -17.5 -45 33 -17.5 -41.75
2 24 31 -10 3.9 32.93 -10 3.71
2 24 15 -30 -107.5 15 -30 -87.5
2 24 92.23 -10 -89.5 93.15 -10 -87.79
2 24 107.5 -15 -107.5 107.5 -15 17.5
2 24 12.5 -60 -107.5 12.5 -60 -87.5
5 24 91 -15 -91 91 -10 -91 89.5 -15 -92.23 92.23 -15 -89.5
2 24 55.21 -15 -93.15 57.07 -15 -93.71
5 24 24 -10 1 31 -10 -2.1 25.5 -10 2.23 22.77 -10 -0.5
2 24 -2.23 -10 -11.5 -1 -10 -13
5 24 13 -10 1 13 -15 1 11.5 -10 2.23 14.23 -10 -0.5
5 24 -2.23 -10 -11.5 -2.23 -15 -11.5 -1 -10 -13 -3.15 -10 -9.79
5 24 52 -15 -91 52 -10 -91 53.5 -15 -92.23 50.77 -15 -89.5
2 24 -3.71 -15 -29.07 -3.15 -15 -27.21
2 24 32.93 -15 3.71 34.79 -15 3.15
2 24 -1 -15 -24 0.5 -15 -22.77
5 24 -3.15 -10 -9.79 -3.15 -15 -9.79 -2.23 -10 -11.5 -3.71 -10 -7.93
2 24 87.5 -15 -87.5 87.5 -15 -2.5
2 24 91 -10 -13 92.23 -10 -11.5
2 24 87.5 -30 -15 107.5 -30 -15
2 24 2.5 -17.5 -87.5 2.5 -17.5 -2.5
2 24 27.5 -30 -2.5 27.5 -30 17.5
2 24 92.23 -10 -11.5 93.15 -10 -9.79
2 24 32.5 -10 -32.5 32.5 0 -32.5
2 24 75 -30 -2.5 75 -30 17.5
2 24 0.5 -10 2.23 2.21 -10 3.15
2 24 91 -10 -91 92.23 -10 -89.5
2 24 91 -10 -66 92.23 -10 -64.5
2 24 2.5 0 -2.5 87.5 0 -2.5
5 24 80.21 -10 -93.15 80.21 -15 -93.15 82.07 -10 -93.71 78.5 -10 -92.23
2 24 60 -60 -107.5 60 -60 -87.5
5 24 53.5 -15 -92.23 53.5 -10 -92.23 52 -15 -91 55.21 -15 -93.15
2 24 -3.15 -15 -9.79 -2.23 -15 -11.5
5 24 93.15 -15 -34.79 93.15 -10 -34.79 93.71 -15 -32.93 92.23 -15 -36.5
2 24 15 -30 -2.5 15 -30 17.5
2 24 24 -10 -91 25.5 -10 -92.23
2 24 52 -15 -91 53.5 -15 -92.23
2 24 2.5 -60 -12.5 2.5 -30 -15
5 24 7.93 -10 -93.71 7.93 -15 -93.71 6 -10 -93.9 9.79 -10 -93.15
5 24 2.1 -10 -2.1 9.79 -10 3.15 7.93 -10 3.71 11.5 -10 2.23
2 24 93.15 -15 -9.79 93.71 -15 -7.93
2 24 84 -10 3.9 85.93 -10 3.71
5 24 9.79 -15 3.15 9.79 -10 3.15 7.93 -15 3.71 11.5 -15 2.23
2 24 82.07 -15 -93.71 84 -15 -93.9
2 24 -3.9 -15 -6 -3.71 -15 -4.07
2 24 27.5 0 -62.5 27.5 0 -27.5
5 24 25.5 -15 -92.23 25.5 -10 -92.23 27.21 -15 -93.15 24 -15 -91
2 24 93.71 -15 -7.93 93.9 -15 -6
2 24 93.71 -15 -60.93 93.9 -15 -59
2 24 27.5 -10 -62.5 27.5 0 -62.5
2 24 38.75 -17.5 -55.75 41.75 -17.5 -57
2 24 89.5 -15 -92.23 91 -15 -91
2 24 93.15 -15 -55.21 93.71 -15 -57.07
2 24 53.75 -22.5 -36 55.75 -22.5 -38.75
2 24 9.79 -15 -93.15 11.5 -15 -92.23
5 24 -1 -10 -66 -1 -15 -66 0.5 -10 -67.23 -2.23 -10 -64.5
2 24 30 -60 17.5 60 -60 17.5
2 24 27.5 -10 -62.5 27.5 -10 -27.5
2 24 89.5 -10 -67.23 89.5 -15 -67.23
5 24 57 -22.5 -48.25 57 -17.5 -48.25 55.75 -22.5 -51.25 57.5 -22.5 -45
5 24 38 -15 1 38 -10 1 39.23 -15 -0.5 36.5 -15 2.23
2 24 89.5 -10 -92.23 91 -10 -91
2 24 87.5 -15 -87.5 87.5 0 -87.5
2 24 59 -10 -87.9 67.23 -10 -89.5
2 24 87.79 -15 3.15 89.5 -15 2.23
5 24 57.07 -15 -93.71 57.07 -10 -93.71 55.21 -15 -93.15 59 -15 -93.9
2 24 89.5 -15 -50.77 89.5 -10 -50.77
2 24 75 -30 -2.5 77.5 -60 -2.5
2 24 36.5 -15 -92.23 38 -15 -91
2 24 33 -22.5 -41.75 34.25 -22.5 -38.75
2 24 2.1 -10 -2.1 14.23 -10 -0.5
2 24 -3.9 -15 -6 -3.71 -15 -7.93
2 24 93.15 -10 -34.79 93.71 -10 -32.93
2 24 2.5 -15 -87.5 87.5 -15 -87.5
2 24 89.5 -15 -75.77 89.5 -10 -75.77
5 24 -3.15 -10 -34.79 2.1 -10 -31 -3.71 -10 -32.93 -2.23 -10 -36.5
2 24 75.77 -10 -89.5 77 -10 -91
5 24 33 -22.5 -48.25 33 -17.5 -48.25 32.5 -22.5 -45 34.25 -22.5 -51.25
5 24 85.93 -15 3.71 85.93 -10 3.71 87.79 -15 3.15 84 -15 3.9
2 24 57.07 -10 3.71 59 -10 3.9
2 24 93.71 -15 -4.07 93.9 -15 -6
5 24 53.5 -10 -92.23 59 -10 -87.9 52 -10 -91 55.21 -10 -93.15
2 24 30 -60 -2.5 60 -60 -2.5
2 24 0 -15 0 90 -15 0
5 24 59 -10 -2.1 66 -10 1 64.5 -10 2.23 67.23 -10 -0.5
2 24 15 -30 17.5 27.5 -30 17.5
2 24 62.79 -15 3.15 64.5 -15 2.23
2 24 51.25 -22.5 -55.75 53.75 -22.5 -53.75
2 24 34.25 -22.5 -38.75 36.25 -22.5 -36
5 24 27.21 -15 3.15 27.21 -10 3.15 29.07 -15 3.71 25.5 -15 2.23
2 24 92.23 -15 -53.5 93.15 -15 -55.21
5 24 91 -15 -13 91 -10 -13 92.23 -15 -11.5 89.5 -15 -14.23
2 24 50.77 -10 -89.5 52 -10 -91
2 24 90 -15 -90 90 -15 0
2 24 78.5 -10 2.23 80.21 -10 3.15
2 24 57 -22.5 -41.75 57.5 -22.5 -45
2 24 92.23 -10 -0.5 93.15 -10 -2.21
5 24 93.71 -10 -29.07 93.71 -15 -29.07 93.15 -10 -27.21 93.9 -10 -31
2 24 0 0 -90 90 0 -90
2 24 -17.5 -60 -60 2.5 -60 -60
2 24 -2.23 -15 -11.5 -1 -15 -13
5 24 93.9 -15 -59 93.9 -10 -59 93.71 -15 -60.93 93.71 -15 -57.07
2 24 53.5 -10 2.23 55.21 -10 3.15
2 24 -1 -10 -66 0.5 -10 -67.23
2 24 50.77 -10 -0.5 59 -10 -2.1
2 24 -2.23 -10 -0.5 -1 -10 1
2 24 57.07 -15 -93.71 59 -15 -93.9
2 24 75.77 -15 -89.5 77 -15 -91
2 24 55.75 -17.5 -38.75 57 -17.5 -41.75
2 24 38 -10 -91 39.23 -10 -89.5
2 24 91 -15 -24 92.23 -15 -25.5
5 24 77 -10 -91 77 -15 -91 78.5 -10 -92.23 75.77 -10 -89.5
5 24 93.71 -15 -32.93 93.71 -10 -32.93 93.9 -15 -31 93.15 -15 -34.79
2 24 -3.15 -10 -2.21 -2.23 -10 -0.5
2 24 50.77 -10 -89.5 50.77 -15 -89.5
2 24 -3.9 -10 -59 -3.71 -10 -57.07
5 24 84 -15 3.9 84 -10 3.9 85.93 -15 3.71 82.07 -15 3.71
2 24 2.5 -60 -87.5 2.5 -60 -77.5
2 24 75 -30 -87.5 77.5 -60 -87.5
5 24 93.9 -15 -84 93.9 -10 -84 93.71 -15 -82.07 93.71 -15 -85.93
2 24 -17.5 -60 17.5 12.5 -60 17.5
2 24 91 -10 -24 92.23 -10 -25.5
2 24 107.5 -30 -27.5 107.5 -30 -15
5 24 25.5 -10 -92.23 31 -10 -87.9 27.21 -10 -93.15 24 -10 -91
5 24 24 -10 -91 31 -10 -87.9 22.77 -10 -89.5 25.5 -10 -92.23
5 24 57.07 -15 3.71 57.07 -10 3.71 55.21 -15 3.15 59 -15 3.9
2 24 89.5 -15 -75.77 91 -15 -77
2 24 -3.71 -15 -32.93 -3.15 -15 -34.79
2 24 93.71 -15 -32.93 93.9 -15 -31
2 24 92.23 -15 -89.5 93.15 -15 -87.79
2 24 77 -15 -91 78.5 -15 -92.23
5 24 -1 -15 1 -1 -10 1 -2.23 -15 -0.5 0.5 -15 2.23
2 24 39.23 -15 -0.5 39.23 -10 -0.5
2 24 48.25 -17.5 -32.75 51.25 -17.5 -34
5 24 59 -15 3.9 59 -10 3.9 57.07 -15 3.71 60.93 -15 3.71
2 24 0 -15 -90 0 0 -90
2 24 22.77 -15 -0.5 24 -15 1
5 24 92.23 -10 -78.5 92.23 -15 -78.5 91 -10 -77 93.15 -10 -80.21
2 24 2.1 -10 -87.9 14.23 -10 -89.5
5 24 93.71 -15 -85.93 93.71 -10 -85.93 93.9 -15 -84 93.15 -15 -87.79
5 24 2.1 -10 -87.9 13 -10 -91 14.23 -10 -89.5 11.5 -10 -92.23
2 24 22.77 -10 -89.5 31 -10 -87.9
5 24 57 -22.5 -41.75 57 -17.5 -41.75 57.5 -22.5 -45 55.75 -22.5 -38.75
2 24 9.79 -10 -93.15 11.5 -10 -92.23
2 24 89.5 -10 -14.23 89.5 -15 -14.23
5 24 -3.71 -10 -60.93 -3.71 -15 -60.93 -3.15 -10 -62.79 -3.9 -10 -59
2 24 84 -15 3.9 85.93 -15 3.71
2 24 27.5 -30 -2.5 30 -60 -2.5
2 24 60 -60 17.5 62.5 -30 17.5
2 24 -3.71 -10 -29.07 -3.15 -10 -27.21
2 24 0.5 -10 -22.77 2.1 -10 -31
2 24 2.5 -15 -2.5 87.5 -15 -2.5
2 24 107.5 -60 -107.5 107.5 -60 -77.5
2 24 2.5 -60 -77.5 2.5 -30 -75
2 24 91 -15 1 92.23 -15 -0.5
2 24 22.77 -10 -89.5 24 -10 -91
2 24 60.93 -10 3.71 62.79 -10 3.15
2 24 93.71 -10 -60.93 93.9 -10 -59
5 24 91 -10 -24 91 -15 -24 89.5 -10 -22.77 92.23 -10 -25.5
2 24 0.5 -15 2.23 2.21 -15 3.15
2 24 80.21 -15 3.15 82.07 -15 3.71
2 24 -17.5 -60 -30 -17.5 -30 -27.5
2 24 32.93 -10 -93.71 34.79 -10 -93.15
2 24 6 -15 -93.9 7.93 -15 -93.71
2 24 77.5 -60 -2.5 77.5 -60 17.5
2 24 34.25 -17.5 -38.75 36.25 -17.5 -36
5 24 80.21 -15 3.15 80.21 -10 3.15 82.07 -15 3.71 78.5 -15 2.23
5 24 41.75 -22.5 -57 41.75 -17.5 -57 38.75 -22.5 -55.75 45 -22.5 -57.5
2 24 22.77 -10 -0.5 24 -10 1
2 24 -3.9 -15 -31 -3.71 -15 -29.07
5 24 48.25 -22.5 -32.75 48.25 -17.5 -32.75 51.25 -22.5 -34 45 -22.5 -32.5
2 24 59 -10 -2.1 67.23 -10 -0.5
2 24 85.93 -10 3.71 87.79 -10 3.15
5 24 25.5 -10 2.23 31 -10 -2.1 27.21 -10 3.15 24 -10 1
2 24 62.5 -30 -2.5 75 -30 -2.5
2 24 32.5 -10 -32.5 57.5 -10 -32.5
2 24 87.5 -17.5 -87.5 87.5 -17.5 -2.5
2 24 -3.15 -15 -27.21 -2.23 -15 -25.5
2 24 87.9 -10 -59 89.5 -10 -50.77
2 24 -17.5 -30 -15 2.5 -30 -15
2 24 32.93 -10 3.71 34.79 -10 3.15
2 24 -17.5 -60 -107.5 12.5 -60 -107.5
2 24 87.5 -30 -62.5 107.5 -30 -62.5
2 24 87.5 -60 -12.5 107.5 -60 -12.5
2 24 38.75 -22.5 -55.75 41.75 -22.5 -57
5 24 53.75 -22.5 -53.75 53.75 -17.5 -53.75 51.25 -22.5 -55.75 55.75 -22.5 -51.25
5 24 78.5 -10 2.23 87.9 -10 -2.1 80.21 -10 3.15 77 -10 1
2 24 30 -60 -107.5 60 -60 -107.5
2 24 4.07 -15 -93.71 6 -15 -93.9
5 24 -3.9 -15 -31 -3.9 -10 -31 -3.71 -15 -29.07 -3.71 -15 -32.93
2 24 2.5 0 -87.5 2.5 0 -2.5
5 24 -1 -10 -13 2.1 -10 -2.1 0.5 -10 -14.23 -2.23 -10 -11.5
2 24 -2.23 -10 -78.5 -1 -10 -77
2 24 2.5 -30 -75 2.5 -30 -62.5
2 24 2.5 -60 -87.5 2.5 -17.5 -87.5
2 24 -17.5 -60 -107.5 -17.5 -60 -77.5
2 24 14.23 -15 -89.5 14.23 -10 -89.5
2 24 75 -30 17.5 77.5 -60 17.5
2 24 87.5 -60 -77.5 107.5 -60 -77.5
2 24 87.5 0 -87.5 87.5 0 -2.5
2 24 27.5 -30 -107.5 30 -60 -107.5
2 24 29.07 -10 -93.71 31 -10 -93.9
2 24 107.5 -60 17.5 107.5 -15 17.5
2 24 0.5 -10 -92.23 2.21 -10 -93.15
5 24 11.5 -10 -92.23 11.5 -15 -92.23 9.79 -10 -93.15 13 -10 -91
2 24 32.5 -10 -57.5 57.5 -10 -57.5
2 24 -3.9 -10 -59 -3.71 -10 -60.93
2 24 89.5 -10 -39.23 91 -10 -38
2 24 -17.5 -60 -107.5 -17.5 -15 -107.5
5 24 93.71 -15 -60.93 93.71 -10 -60.93 93.15 -15 -62.79 93.9 -15 -59
2 24 59 -10 -93.9 60.93 -10 -93.71
2 24 2.5 -60 -60 2.5 -30 -62.5
2 24 57 -17.5 -48.25 57.5 -17.5 -45
5 24 2.1 -10 -2.1 7.93 -10 3.71 6 -10 3.9 9.79 -10 3.15
5 24 -1 -10 -91 -1 -15 -91 -2.23 -10 -89.5 0.5 -10 -92.23
5 24 87.79 -10 3.15 87.9 -10 -2.1 89.5 -10 2.23 85.93 -10 3.71
5 24 27.21 -15 -93.15 27.21 -10 -93.15 29.07 -15 -93.71 25.5 -15 -92.23
2 24 62.5 -30 -107.5 62.5 -30 -87.5
2 24 27.5 0 -27.5 62.5 0 -27.5
5 24 0.5 -15 2.23 0.5 -10 2.23 -1 -15 1 2.21 -15 3.15
2 24 2.5 -60 -2.5 12.5 -60 -2.5
5 24 4.07 -10 -93.71 4.07 -15 -93.71 2.21 -10 -93.15 6 -10 -93.9
2 24 62.5 -30 17.5 75 -30 17.5
5 24 -3.71 -10 -85.93 -3.71 -15 -85.93 -3.9 -10 -84 -3.15 -10 -87.79
2 24 31 -10 -2.1 39.23 -10 -0.5
2 24 89.5 -10 2.23 91 -10 1
2 24 45 -17.5 -57.5 48.25 -17.5 -57
2 24 4.07 -15 3.71 6 -15 3.9
2 24 -2.23 -10 -89.5 -1 -10 -91
2 24 -1 -10 -24 0.5 -10 -22.77
2 24 90 0 -90 90 0 0
2 24 -3.15 -15 -87.79 -2.23 -15 -89.5
2 24 12.5 -60 -87.5 15 -30 -87.5
2 24 87.9 -10 -59 89.5 -10 -67.23
2 24 91 -15 -91 92.23 -15 -89.5
5 24 36.5 -15 2.23 36.5 -10 2.23 38 -15 1 34.79 -15 3.15
2 24 78.5 -10 -92.23 80.21 -10 -93.15
5 24 87.9 -10 -87.9 91 -10 -77 89.5 -10 -75.77 92.23 -10 -78.5
5 24 32.5 -22.5 -45 32.5 -17.5 -45 33 -22.5 -41.75 33 -22.5 -48.25
5 24 66 -15 1 66 -10 1 64.5 -15 2.23 67.23 -15 -0.5
5 24 93.15 -10 -55.21 93.15 -15 -55.21 93.71 -10 -57.07 92.23 -10 -53.5
5 24 91 -15 -66 91 -10 -66 92.23 -15 -64.5 89.5 -15 -67.23
2 24 12.5 -60 17.5 15 -30 17.5
5 24 -2.23 -10 -11.5 2.1 -10 -2.1 -1 -10 -13 -3.15 -10 -9.79
2 24 87.5 -60 -87.5 87.5 -60 -77.5
5 24 32.93 -15 -93.71 32.93 -10 -93.71 34.79 -15 -93.15 31 -15 -93.9
2 24 13 -10 -91 14.23 -10 -89.5
5 24 80.21 -10 3.15 87.9 -10 -2.1 82.07 -10 3.71 78.5 -10 2.23
2 24 0.5 -10 -75.77 2.1 -10 -87.9
2 24 11.5 -10 2.23 13 -10 1
5 24 93.15 -10 -27.21 93.15 -15 -27.21 92.23 -10 -25.5 93.71 -10 -29.07
2 24 0.5 -10 -67.23 2.1 -10 -59
2 24 25.5 -15 -92.23 27.21 -15 -93.15
5 24 2.1 -10 -2.1 11.5 -10 2.23 9.79 -10 3.15 13 -10 1
2 24 -2.23 -15 -78.5 -1 -15 -77
5 24 -2.23 -10 -36.5 2.1 -10 -31 -3.15 -10 -34.79 -1 -10 -38
5 24 87.9 -10 -2.1 91 -10 -13 92.23 -10 -11.5 89.5 -10 -14.23
2 24 41.75 -17.5 -32.75 45 -17.5 -32.5
2 24 87.5 -30 -75 107.5 -30 -75
2 24 41.75 -22.5 -57 45 -22.5 -57.5
2 24 2.5 -60 -60 2.5 -60 -30
2 24 89.5 -15 -22.77 89.5 -10 -22.77
2 24 32.5 -17.5 -45 33 -17.5 -48.25
5 24 2.1 -10 -2.1 4.07 -10 3.71 2.21 -10 3.15 6 -10 3.9
2 24 27.21 -15 -93.15 29.07 -15 -93.71
2 24 85.93 -10 -93.71 87.79 -10 -93.15
5 24 93.15 -15 -62.79 93.15 -10 -62.79 92.23 -15 -64.5 93.71 -15 -60.93
2 24 -2.23 -15 -53.5 -1 -15 -52
2 24 -3.9 -10 -6 -3.71 -10 -7.93
2 24 60 -60 -2.5 62.5 -30 -2.5
2 24 -3.71 -15 -57.07 -3.15 -15 -55.21
5 24 93.9 -15 -6 93.9 -10 -6 93.71 -15 -7.93 93.71 -15 -4.07
2 24 -3.15 -15 -80.21 -2.23 -15 -78.5
5 24 33 -22.5 -41.75 33 -17.5 -41.75 34.25 -22.5 -38.75 32.5 -22.5 -45
2 24 27.5 -10 -62.5 62.5 -10 -62.5
2 24 13 -15 1 14.23 -15 -0.5
2 24 13 -10 1 14.23 -10 -0.5
2 24 51.25 -22.5 -34 53.75 -22.5 -36
2 24 30 -60 -107.5 30 -60 -87.5
5 24 2.1 -10 -87.9 6 -10 -93.9 4.07 -10 -93.71 7.93 -10 -93.71
2 24 80.21 -10 -93.15 82.07 -10 -93.71
2 24 38 -15 1 39.23 -15 -0.5
2 24 53.5 -15 2.23 55.21 -15 3.15
2 24 57.5 -10 -32.5 57.5 0 -32.5
2 24 93.71 -10 -57.07 93.9 -10 -59
5 24 -3.9 -15 -59 -3.9 -10 -59 -3.71 -15 -60.93 -3.71 -15 -57.07
5 24 11.5 -15 2.23 11.5 -10 2.23 9.79 -15 3.15 13 -15 1
2 24 -17.5 -60 -77.5 2.5 -60 -77.5
2 24 89.5 -10 -22.77 91 -10 -24
5 24 2.1 -10 -2.1 13 -10 1 11.5 -10 2.23 14.23 -10 -0.5
2 24 -3.9 -15 -59 -3.71 -15 -60.93
5 24 91 -10 -52 91 -15 -52 92.23 -10 -53.5 89.5 -10 -50.77
2 24 90 -15 0 90 0 0
2 24 2.5 -30 -27.5 2.5 -30 -15
2 24 6 -10 -93.9 7.93 -10 -93.71
2 24 89.5 -10 -67.23 91 -10 -66
2 24 2.5 -17.5 -87.5 87.5 -17.5 -87.5
2 24 62.5 -10 -62.5 62.5 0 -62.5
5 24 -3.9 -15 -84 -3.9 -10 -84 -3.71 -15 -82.07 -3.71 -15 -85.93
5 24 45 -22.5 -57.5 45 -17.5 -57.5 48.25 -22.5 -57 41.75 -22.5 -57
2 24 66 -10 -91 67.23 -10 -89.5
5 24 -3.71 -15 -29.07 -3.71 -10 -29.07 -3.15 -15 -27.21 -3.9 -15 -31
5 24 55.75 -22.5 -51.25 55.75 -17.5 -51.25 53.75 -22.5 -53.75 57 -22.5 -48.25
2 24 57 -17.5 -41.75 57.5 -17.5 -45
2 24 4.07 -10 -93.71 6 -10 -93.9
2 24 -3.71 -10 -57.07 -3.15 -10 -55.21
5 24 -2.23 -10 -64.5 2.1 -10 -59 -1 -10 -66 -3.15 -10 -62.79
5 24 -3.15 -10 -34.79 -3.15 -15 -34.79 -3.71 -10 -32.93 -2.23 -10 -36.5
5 24 41.75 -22.5 -32.75 41.75 -17.5 -32.75 45 -22.5 -32.5 38.75 -22.5 -34
5 24 32.93 -15 3.71 32.93 -10 3.71 34.79 -15 3.15 31 -15 3.9
2 24 53.75 -22.5 -53.75 55.75 -22.5 -51.25
2 24 -1 -10 -91 0.5 -10 -92.23
2 24 -3.15 -10 -27.21 -2.23 -10 -25.5
2 24 92.23 -15 -78.5 93.15 -15 -80.21
5 24 -2.23 -15 -25.5 -2.23 -10 -25.5 -1 -15 -24 -3.15 -15 -27.21
2 24 -1 -15 -66 0.5 -15 -67.23
2 24 0.5 -15 -22.77 0.5 -10 -22.77
2 24 0.5 -10 -67.23 0.5 -15 -67.23
2 24 -3.15 -10 -55.21 -2.23 -10 -53.5
2 24 87.5 -60 -60 87.5 -30 -62.5
2 24 0.5 -10 -14.23 0.5 -15 -14.23
2 24 92.23 -10 -78.5 93.15 -10 -80.21
5 24 -3.71 -15 -57.07 -3.71 -10 -57.07 -3.9 -15 -59 -3.15 -15 -55.21
2 24 93.15 -10 -55.21 93.71 -10 -57.07
2 24 -3.71 -10 -7.93 -3.15 -10 -9.79
5 24 92.23 -10 -25.5 92.23 -15 -25.5 91 -10 -24 93.15 -10 -27.21
2 24 62.79 -10 3.15 64.5 -10 2.23
2 24 87.9 -10 -87.9 89.5 -10 -75.77
2 24 75 -30 -107.5 77.5 -60 -107.5
2 24 -3.9 -10 -31 -3.71 -10 -32.93
2 24 6 -15 3.9 7.93 -15 3.71
2 24 93.71 -10 -7.93 93.9 -10 -6
2 24 25.5 -15 2.23 27.21 -15 3.15
5 24 36.5 -15 -92.23 36.5 -10 -92.23 38 -15 -91 34.79 -15 -93.15
2 24 29.07 -15 3.71 31 -15 3.9
2 24 31 -10 -87.9 39.23 -10 -89.5
2 24 75.77 -10 -89.5 75.77 -15 -89.5
2 24 -17.5 -30 -62.5 2.5 -30 -62.5
2 24 22.77 -15 -89.5 24 -15 -91
2 24 93.15 -15 -2.21 93.71 -15 -4.07
2 24 60 -60 -107.5 62.5 -30 -107.5
2 24 -3.9 -15 -84 -3.71 -15 -82.07
2 24 87.5 -15 -2.5 87.5 0 -2.5
2 24 -17.5 -30 -75 -17.5 -30 -62.5
2 24 -17.5 -60 -77.5 -17.5 -30 -75
2 24 82.07 -10 3.71 84 -10 3.9
2 24 77.5 -60 17.5 107.5 -60 17.5
5 24 59 -10 -87.9 64.5 -10 -92.23 62.79 -10 -93.15 66 -10 -91
2 24 60.93 -10 -93.71 62.79 -10 -93.15
2 24 87.9 -10 -2.1 89.5 -10 -14.23
2 24 27.5 -10 -27.5 62.5 -10 -27.5
5 24 34.79 -15 3.15 34.79 -10 3.15 36.5 -15 2.23 32.93 -15 3.71
2 24 48.25 -22.5 -32.75 51.25 -22.5 -34
5 24 52 -10 1 59 -10 -2.1 50.77 -10 -0.5 53.5 -10 2.23
2 24 87.9 -10 -31 89.5 -10 -39.23
5 24 2.1 -10 -87.9 9.79 -10 -93.15 7.93 -10 -93.71 11.5 -10 -92.23
2 24 93.15 -10 -27.21 93.71 -10 -29.07
2 24 15 -30 -87.5 27.5 -30 -87.5
2 24 57.5 0 -57.5 57.5 0 -32.5
2 24 9.79 -15 3.15 11.5 -15 2.23
5 24 31 -10 -2.1 38 -10 1 39.23 -10 -0.5 36.5 -10 2.23
5 24 55.21 -15 -93.15 55.21 -10 -93.15 53.5 -15 -92.23 57.07 -15 -93.71
5 24 84 -10 -93.9 84 -15 -93.9 85.93 -10 -93.71 82.07 -10 -93.71
2 24 87.79 -10 3.15 89.5 -10 2.23
2 24 91 -10 -38 92.23 -10 -36.5
5 24 -3.71 -10 -32.93 -3.71 -15 -32.93 -3.9 -10 -31 -3.15 -10 -34.79
5 24 92.23 -10 -53.5 92.23 -15 -53.5 93.15 -10 -55.21 91 -10 -52
5 24 52 -15 1 52 -10 1 50.77 -15 -0.5 53.5 -15 2.23
5 24 0.5 -10 -92.23 0.5 -15 -92.23 -1 -10 -91 2.21 -10 -93.15
2 24 50.77 -15 -89.5 52 -15 -91
2 24 24 -10 1 25.5 -10 2.23
2 24 91 -15 -13 92.23 -15 -11.5
2 24 80.21 -15 -93.15 82.07 -15 -93.71
2 24 93.15 -10 -62.79 93.71 -10 -60.93
5 24 66 -15 -91 66 -10 -91 64.5 -15 -92.23 67.23 -15 -89.5
5 24 93.71 -10 -57.07 93.71 -15 -57.07 93.9 -10 -59 93.15 -10 -55.21
5 24 57.5 -22.5 -45 57.5 -17.5 -45 57 -22.5 -48.25 57 -22.5 -41.75
2 24 22.77 -15 -0.5 22.77 -10 -0.5
5 24 78.5 -15 2.23 78.5 -10 2.23 80.21 -15 3.15 77 -15 1
2 24 93.15 -15 -34.79 93.71 -15 -32.93
2 24 92.23 -15 -64.5 93.15 -15 -62.79
2 24 107.5 -60 -12.5 107.5 -30 -15
5 24 60.93 -15 3.71 60.93 -10 3.71 59 -15 3.9 62.79 -15 3.15
2 24 -3.9 -15 -59 -3.71 -15 -57.07
2 24 -3.15 -10 -62.79 -2.23 -10 -64.5
2 24 -3.71 -15 -85.93 -3.15 -15 -87.79
2 24 55.75 -22.5 -51.25 57 -22.5 -48.25
2 24 93.15 -15 -27.21 93.71 -15 -29.07
5 24 53.5 -15 2.23 53.5 -10 2.23 52 -15 1 55.21 -15 3.15
5 24 -1 -10 -24 2.1 -10 -31 0.5 -10 -22.77 -2.23 -10 -25.5
5 24 7.93 -15 3.71 7.93 -10 3.71 6 -15 3.9 9.79 -15 3.15
2 24 59 -10 3.9 60.93 -10 3.71
2 24 0 0 -90 0 0 0
2 24 36.5 -10 -92.23 38 -10 -91
5 24 51.25 -22.5 -34 51.25 -17.5 -34 53.75 -22.5 -36 48.25 -22.5 -32.75
2 24 -17.5 -60 -60 -17.5 -30 -62.5
2 24 27.5 -30 -107.5 27.5 -30 -87.5
2 24 12.5 -60 -2.5 15 -30 -2.5
5 24 29.07 -15 -93.71 29.07 -10 -93.71 31 -15 -93.9 27.21 -15 -93.15
2 24 27.5 0 -62.5 62.5 0 -62.5
2 24 64.5 -15 2.23 66 -15 1
2 24 89.5 -10 -14.23 91 -10 -13
2 24 -3.15 -10 -34.79 -2.23 -10 -36.5
2 24 87.5 -60 -12.5 87.5 -60 -2.5
5 24 93.15 -15 -87.79 93.15 -10 -87.79 93.71 -15 -85.93 92.23 -15 -89.5
2 24 93.15 -10 -9.79 93.71 -10 -7.93
5 24 87.9 -10 -87.9 89.5 -10 -92.23 91 -10 -91 87.79 -10 -93.15
5 24 2.21 -10 -93.15 2.21 -15 -93.15 0.5 -10 -92.23 4.07 -10 -93.71
2 24 93.15 -10 -87.79 93.71 -10 -85.93
2 24 0.5 -10 -50.77 2.1 -10 -59
5 24 87.9 -10 -2.1 91 -10 1 92.23 -10 -0.5 89.5 -10 2.23
5 24 -1 -10 -77 2.1 -10 -87.9 0.5 -10 -75.77 -2.23 -10 -78.5
5 24 -3.15 -10 -9.79 2.1 -10 -2.1 -2.23 -10 -11.5 -3.71 -10 -7.93
2 24 -17.5 -15 -107.5 107.5 -15 -107.5
2 24 89.5 -15 -39.23 91 -15 -38
2 24 75.77 -10 -89.5 87.9 -10 -87.9
5 24 2.1 -10 -2.1 2.21 -10 3.15 0.5 -10 2.23 4.07 -10 3.71
2 24 92.23 -15 -0.5 93.15 -15 -2.21
2 24 93.15 -10 -80.21 93.71 -10 -82.07
5 24 92.23 -15 -89.5 92.23 -10 -89.5 93.15 -15 -87.79 91 -15 -91
5 24 87.9 -10 -31 91 -10 -24 89.5 -10 -22.77 92.23 -10 -25.5
2 24 64.5 -10 -92.23 66 -10 -91
5 24 -1 -10 -91 2.1 -10 -87.9 -2.23 -10 -89.5 0.5 -10 -92.23
2 24 87.5 -30 -27.5 87.5 -30 -15
5 24 51.25 -22.5 -55.75 51.25 -17.5 -55.75 48.25 -22.5 -57 53.75 -22.5 -53.75
5 24 31 -10 -87.9 36.5 -10 -92.23 38 -10 -91 34.79 -10 -93.15
5 24 -1 -10 -38 -1 -15 -38 -2.23 -10 -36.5 0.5 -10 -39.23
2 24 89.5 -15 -14.23 91 -15 -13
2 24 93.15 -15 -87.79 93.71 -15 -85.93
2 24 36.25 -22.5 -53.75 38.75 -22.5 -55.75
2 24 -17.5 -60 -30 2.5 -60 -30
2 24 91 -15 -77 92.23 -15 -78.5
2 24 62.5 -30 -107.5 75 -30 -107.5
2 24 -1 -15 1 0.5 -15 2.23
2 24 50.77 -15 -0.5 50.77 -10 -0.5
2 24 27.5 -30 17.5 30 -60 17.5
5 24 31 -15 -93.9 31 -10 -93.9 32.93 -15 -93.71 29.07 -15 -93.71
5 24 78.5 -10 -92.23 87.9 -10 -87.9 80.21 -10 -93.15 77 -10 -91
2 24 90 -15 -90 90 0 -90
2 24 85.93 -15 -93.71 87.79 -15 -93.15
5 24 34.79 -15 -93.15 34.79 -10 -93.15 36.5 -15 -92.23 32.93 -15 -93.71
5 24 87.9 -10 -87.9 91 -10 -91 89.5 -10 -92.23 92.23 -10 -89.5
2 24 0 -15 -90 0 -15 0
2 24 75 -30 -107.5 75 -30 -87.5
5 24 77 -10 1 87.9 -10 -2.1 78.5 -10 2.23 75.77 -10 -0.5
2 24 11.5 -10 -92.23 13 -10 -91
2 24 -3.9 -10 -84 -3.71 -10 -82.07
5 24 93.15 -10 -80.21 93.15 -15 -80.21 92.23 -10 -78.5 93.71 -10 -82.07
2 24 0.5 -15 -75.77 0.5 -10 -75.77
5 24 -3.71 -15 -4.07 -3.71 -10 -4.07 -3.9 -15 -6 -3.15 -15 -2.21
5 24 0.5 -10 2.23 2.1 -10 -2.1 -1 -10 1 2.21 -10 3.15
5 24 59 -15 -93.9 59 -10 -93.9 57.07 -15 -93.71 60.93 -15 -93.71
5 24 93.15 -10 -2.21 93.15 -15 -2.21 93.71 -10 -4.07 92.23 -10 -0.5
2 24 87.5 -60 -87.5 87.5 -17.5 -87.5
5 24 4.07 -15 3.71 4.07 -10 3.71 2.21 -15 3.15 6 -15 3.9
5 24 60.93 -15 -93.71 60.93 -10 -93.71 59 -15 -93.9 62.79 -15 -93.15
5 24 55.21 -15 3.15 55.21 -10 3.15 53.5 -15 2.23 57.07 -15 3.71
5 24 36.25 -22.5 -36 36.25 -17.5 -36 38.75 -22.5 -34 34.25 -22.5 -38.75
2 24 -2.23 -10 -25.5 -1 -10 -24
2 24 22.77 -10 -0.5 31 -10 -2.1
2 24 -1 -15 -38 0.5 -15 -39.23
5 24 55.75 -22.5 -38.75 55.75 -17.5 -38.75 57 -22.5 -41.75 53.75 -22.5 -36
2 24 82.07 -10 -93.71 84 -10 -93.9
2 24 -2.23 -15 -25.5 -1 -15 -24
2 24 -17.5 -30 -27.5 -17.5 -30 -15
5 24 93.71 -10 -4.07 93.71 -15 -4.07 93.9 -10 -6 93.15 -10 -2.21
2 24 57.5 -10 -57.5 57.5 -10 -32.5
2 24 -2.23 -15 -36.5 -1 -15 -38
5 24 85.93 -10 -93.71 85.93 -15 -93.71 87.79 -10 -93.15 84 -10 -93.9
2 24 -17.5 -15 -107.5 -17.5 -15 17.5
5 24 91 -15 -38 91 -10 -38 89.5 -15 -39.23 92.23 -15 -36.5
5 24 13 -15 -91 13 -10 -91 14.23 -15 -89.5 11.5 -15 -92.23
2 24 87.5 -60 -12.5 87.5 -30 -15
2 24 33 -17.5 -41.75 34.25 -17.5 -38.75
5 24 34.25 -22.5 -38.75 34.25 -17.5 -38.75 36.25 -22.5 -36 33 -22.5 -41.75
2 24 -17.5 -60 -60 -17.5 -60 -30
2 24 67.23 -15 -0.5 67.23 -10 -0.5
5 24 55.21 -10 3.15 59 -10 -2.1 53.5 -10 2.23 57.07 -10 3.71
5 24 87.79 -10 -93.15 87.79 -15 -93.15 89.5 -10 -92.23 85.93 -10 -93.71
2 24 62.5 -30 -87.5 75 -30 -87.5
2 24 93.15 -15 -80.21 93.71 -15 -82.07
2 24 -3.15 -15 -34.79 -2.23 -15 -36.5
2 24 57.07 -15 3.71 59 -15 3.9
2 24 25.5 -10 2.23 27.21 -10 3.15
2 24 -3.15 -10 -9.79 -2.23 -10 -11.5
5 24 38.75 -22.5 -34 38.75 -17.5 -34 36.25 -22.5 -36 41.75 -22.5 -32.75
2 24 107.5 -60 -12.5 107.5 -60 17.5
5 24 6 -15 3.9 6 -10 3.9 4.07 -15 3.71 7.93 -15 3.71
5 24 34.25 -22.5 -51.25 34.25 -17.5 -51.25 33 -22.5 -48.25 36.25 -22.5 -53.75
2 24 -2.23 -10 -53.5 -1 -10 -52
5 24 77 -15 1 77 -10 1 78.5 -15 2.23 75.77 -15 -0.5
5 24 62.79 -15 3.15 62.79 -10 3.15 60.93 -15 3.71 64.5 -15 2.23
2 24 38 -15 -91 39.23 -15 -89.5
2 24 50.77 -10 -89.5 59 -10 -87.9
2 24 91 -15 -66 92.23 -15 -64.5
2 24 93.15 -10 -2.21 93.71 -10 -4.07
5 24 -3.15 -15 -27.21 -3.15 -10 -27.21 -2.23 -15 -25.5 -3.71 -15 -29.07
2 24 84 -10 -93.9 85.93 -10 -93.71
2 24 89.5 -10 -50.77 91 -10 -52
2 24 41.75 -17.5 -57 45 -17.5 -57.5
2 24 38.75 -17.5 -34 41.75 -17.5 -32.75
2 24 36.25 -17.5 -53.75 38.75 -17.5 -55.75
5 24 87.9 -10 -31 92.23 -10 -25.5 91 -10 -24 93.15 -10 -27.21
5 24 -1 -15 -77 -1 -10 -77 0.5 -15 -75.77 -2.23 -15 -78.5
2 24 -1 -10 -52 0.5 -10 -50.77
5 24 -1 -10 -66 2.1 -10 -59 0.5 -10 -67.23 -2.23 -10 -64.5
2 24 -3.71 -10 -82.07 -3.15 -10 -80.21
5 24 84 -10 3.9 87.9 -10 -2.1 85.93 -10 3.71 82.07 -10 3.71
2 24 0.5 -10 -14.23 2.1 -10 -2.1
2 24 36.5 -15 2.23 38 -15 1
2 24 7.93 -15 -93.71 9.79 -15 -93.15
2 24 33 -17.5 -48.25 34.25 -17.5 -51.25
2 24 92.23 -10 -25.5 93.15 -10 -27.21
2 24 107.5 -60 -60 107.5 -60 -30
5 24 -2.23 -10 -36.5 -2.23 -15 -36.5 -3.15 -10 -34.79 -1 -10 -38
2 24 24 -15 1 25.5 -15 2.23
5 24 2.21 -15 3.15 2.21 -10 3.15 0.5 -15 2.23 4.07 -15 3.71
2 24 87.5 -60 -30 107.5 -60 -30
2 24 92.23 -10 -64.5 93.15 -10 -62.79
5 24 87.9 -10 -31 91 -10 -38 89.5 -10 -39.23 92.23 -10 -36.5
2 24 15 -30 -2.5 27.5 -30 -2.5
2 24 67.23 -15 -89.5 67.23 -10 -89.5
2 24 77.5 -60 -2.5 87.5 -60 -2.5
2 24 2.5 -60 -87.5 12.5 -60 -87.5
5 24 -3.15 -10 -87.79 -3.15 -15 -87.79 -3.71 -10 -85.93 -2.23 -10 -89.5
5 24 36.25 -22.5 -53.75 36.25 -17.5 -53.75 34.25 -22.5 -51.25 38.75 -22.5 -55.75
2 24 32.5 0 -57.5 32.5 0 -32.5
2 24 85.93 -15 3.71 87.79 -15 3.15
2 24 77 -15 1 78.5 -15 2.23
2 24 13 -15 -91 14.23 -15 -89.5
2 24 12.5 -60 -2.5 12.5 -60 17.5
2 24 -3.9 -15 -31 -3.71 -15 -32.93
2 24 62.79 -10 -93.15 64.5 -10 -92.23
2 24 91 -10 -52 92.23 -10 -53.5
5 24 -3.9 -15 -6 -3.9 -10 -6 -3.71 -15 -7.93 -3.71 -15 -4.07
2 24 -3.15 -15 -62.79 -2.23 -15 -64.5
5 24 -1 -10 -52 2.1 -10 -59 -2.23 -10 -53.5 0.5 -10 -50.77
2 24 91 -15 -38 92.23 -15 -36.5
2 24 89.5 -15 -67.23 91 -15 -66
2 24 22.77 -10 -89.5 22.77 -15 -89.5
2 24 107.5 -60 -107.5 107.5 -15 -107.5
5 24 -3.15 -10 -87.79 2.1 -10 -87.9 -3.71 -10 -85.93 -2.23 -10 -89.5
2 24 89.5 -15 -50.77 91 -15 -52
5 24 93.15 -15 -9.79 93.15 -10 -9.79 92.23 -15 -11.5 93.71 -15 -7.93
2 24 2.21 -10 -93.15 4.07 -10 -93.71
2 24 50.77 -10 -0.5 52 -10 1
2 24 45 -17.5 -32.5 48.25 -17.5 -32.75
2 24 62.5 -10 -27.5 62.5 0 -27.5
2 24 66 -15 1 67.23 -15 -0.5
5 24 89.5 -10 -92.23 89.5 -15 -92.23 91 -10 -91 87.79 -10 -93.15
2 24 27.21 -10 -93.15 29.07 -10 -93.71
5 24 -1 -10 1 2.1 -10 -2.1 -2.23 -10 -0.5 0.5 -10 2.23
2 24 -3.71 -15 -4.07 -3.15 -15 -2.21
2 24 34.25 -22.5 -51.25 36.25 -22.5 -53.75
2 24 0.5 -10 -39.23 2.1 -10 -31
2 24 107.5 -60 -77.5 107.5 -30 -75
2 24 31 -10 -93.9 32.93 -10 -93.71
2 24 2.21 -15 -93.15 4.07 -15 -93.71
5 24 92.23 -15 -64.5 92.23 -10 -64.5 91 -15 -66 93.15 -15 -62.79
2 24 2.5 -15 -87.5 2.5 0 -87.5
5 24 27.21 -10 3.15 31 -10 -2.1 29.07 -10 3.71 25.5 -10 2.23
2 24 53.5 -10 -92.23 55.21 -10 -93.15
5 24 38.75 -22.5 -55.75 38.75 -17.5 -55.75 36.25 -22.5 -53.75 41.75 -22.5 -57
5 24 78.5 -10 -92.23 78.5 -15 -92.23 80.21 -10 -93.15 77 -10 -91
2 24 107.5 -30 -75 107.5 -30 -62.5
2 24 93.71 -15 -57.07 93.9 -15 -59
2 24 55.21 -10 -93.15 57.07 -10 -93.71
5 24 87.79 -15 3.15 87.79 -10 3.15 89.5 -15 2.23 85.93 -15 3.71
2 24 0.5 -15 -92.23 2.21 -15 -93.15
2 24 45 -22.5 -32.5 48.25 -22.5 -32.75
2 24 36.25 -22.5 -36 38.75 -22.5 -34
2 24 66 -10 1 67.23 -10 -0.5
2 24 87.5 -60 -2.5 87.5 -17.5 -2.5
2 24 52 -10 -91 53.5 -10 -92.23
2 24 34.79 -15 3.15 36.5 -15 2.23
2 24 11.5 -15 -92.23 13 -15 -91
2 24 55.21 -10 3.15 57.07 -10 3.71
5 24 82.07 -10 3.71 87.9 -10 -2.1 84 -10 3.9 80.21 -10 3.15
2 24 -17.5 -60 -12.5 -17.5 -30 -15
5 24 -1 -15 -52 -1 -10 -52 -2.23 -15 -53.5 0.5 -15 -50.77
2 24 -2.23 -15 -64.5 -1 -15 -66
2 24 29.07 -10 3.71 31 -10 3.9
5 24 92.23 -10 -0.5 92.23 -15 -0.5 93.15 -10 -2.21 91 -10 1
2 24 64.5 -15 -92.23 66 -15 -91
2 24 87.5 -30 -27.5 107.5 -30 -27.5
2 24 62.5 0 -62.5 62.5 0 -27.5
2 24 87.5 -60 -77.5 87.5 -30 -75
5 24 38 -15 -91 38 -10 -91 39.23 -15 -89.5 36.5 -15 -92.23
2 24 77.5 -60 -87.5 87.5 -60 -87.5
5 24 24 -15 1 24 -10 1 25.5 -15 2.23 22.77 -15 -0.5
2 24 91 -10 1 92.23 -10 -0.5
2 24 33 -22.5 -48.25 34.25 -22.5 -51.25
2 24 87.9 -10 -31 89.5 -10 -22.77
2 24 7.93 -10 -93.71 9.79 -10 -93.15
2 24 38 -10 1 39.23 -10 -0.5
2 24 60 -60 -87.5 62.5 -30 -87.5
5 24 77 -10 -91 87.9 -10 -87.9 78.5 -10 -92.23 75.77 -10 -89.5
5 24 62.79 -15 -93.15 62.79 -10 -93.15 60.93 -15 -93.71 64.5 -15 -92.23
2 24 -3.9 -10 -84 -3.71 -10 -85.93
2 24 75.77 -10 -0.5 77 -10 1
2 24 53.5 -15 -92.23 55.21 -15 -93.15
2 24 34.25 -17.5 -51.25 36.25 -17.5 -53.75
2 24 93.71 -10 -32.93 93.9 -10 -31
2 24 -1 -15 -13 0.5 -15 -14.23
5 24 87.79 -10 -93.15 87.9 -10 -87.9 89.5 -10 -92.23 85.93 -10 -93.71
2 24 107.5 -60 -60 107.5 -30 -62.5
2 24 87.5 -60 -60 107.5 -60 -60
2 24 -3.71 -15 -60.93 -3.15 -15 -62.79
5 24 2.1 -10 -2.1 6 -10 3.9 4.07 -10 3.71 7.93 -10 3.71
2 24 -1 -10 -13 0.5 -10 -14.23
5 24 -2.23 -10 -89.5 -2.23 -15 -89.5 -3.15 -10 -87.79 -1 -10 -91
2 24 -2.23 -10 -36.5 -1 -10 -38
5 24 92.23 -15 -11.5 92.23 -10 -11.5 91 -15 -13 93.15 -15 -9.79
2 24 64.5 -10 2.23 66 -10 1
2 24 2.21 -15 3.15 4.07 -15 3.71
2 24 -3.9 -10 -6 -3.71 -10 -4.07
2 24 2.5 0 -87.5 87.5 0 -87.5
5 24 87.9 -10 -87.9 92.23 -10 -78.5 91 -10 -77 93.15 -10 -80.21
2 24 62.79 -15 -93.15 64.5 -15 -92.23
2 24 -17.5 -30 -75 2.5 -30 -75
2 24 77.5 -60 -107.5 77.5 -60 -87.5
2 24 55.75 -22.5 -38.75 57 -22.5 -41.75
2 24 51.25 -17.5 -34 53.75 -17.5 -36
2 24 55.75 -17.5 -51.25 57 -17.5 -48.25
2 24 32.93 -15 -93.71 34.79 -15 -93.15
2 24 7.93 -10 3.71 9.79 -10 3.15
5 24 87.9 -10 -87.9 92.23 -10 -89.5 93.15 -10 -87.79 91 -10 -91
2 24 91 -10 -77 92.23 -10 -78.5
2 24 -1 -15 -52 0.5 -15 -50.77
2 24 89.5 -15 2.23 91 -15 1
2 24 -1 -15 -77 0.5 -15 -75.77
2 24 -2.23 -10 -64.5 -1 -10 -66
2 24 -3.71 -15 -82.07 -3.15 -15 -80.21
5 24 87.9 -10 -59 92.23 -10 -64.5 91 -10 -66 93.15 -10 -62.79
2 24 34.79 -15 -93.15 36.5 -15 -92.23
2 24 32.5 -22.5 -45 33 -22.5 -48.25
2 24 87.5 -60 -30 87.5 -30 -27.5
5 24 9.79 -10 -93.15 9.79 -15 -93.15 7.93 -10 -93.71 11.5 -10 -92.23
2 24 52 -10 1 53.5 -10 2.23
5 24 82.07 -10 -93.71 87.9 -10 -87.9 84 -10 -93.9 80.21 -10 -93.15
2 24 2.5 -60 -12.5 2.5 -60 -2.5
5 24 2.1 -10 -87.9 7.93 -10 -93.71 6 -10 -93.9 9.79 -10 -93.15
2 24 75.77 -15 -0.5 75.77 -10 -0.5
2 24 34.79 -10 -93.15 36.5 -10 -92.23
5 24 -3.15 -15 -80.21 -3.15 -10 -80.21 -2.23 -15 -78.5 -3.71 -15 -82.07
5 24 0.5 -10 -92.23 2.1 -10 -87.9 -1 -10 -91 2.21 -10 -93.15
5 24 2.1 -10 -87.9 4.07 -10 -93.71 2.21 -10 -93.15 6 -10 -93.9
5 24 -1 -15 -24 -1 -10 -24 0.5 -15 -22.77 -2.23 -15 -25.5
2 24 50.77 -15 -0.5 52 -15 1
2 24 25.5 -10 -92.23 27.21 -10 -93.15
2 24 89.5 -10 -75.77 91 -10 -77
2 24 32.5 0 -57.5 57.5 0 -57.5
2 24 0 -15 -90 90 -15 -90
2 24 87.5 -60 -60 87.5 -60 -30
2 24 -17.5 -30 -27.5 2.5 -30 -27.5
2 24 51.25 -17.5 -55.75 53.75 -17.5 -53.75
2 24 92.23 -10 -53.5 93.15 -10 -55.21
5 24 -1 -10 -38 2.1 -10 -31 -2.23 -10 -36.5 0.5 -10 -39.23
2 24 89.5 -10 -39.23 89.5 -15 -39.23
5 24 84 -10 -93.9 87.9 -10 -87.9 85.93 -10 -93.71 82.07 -10 -93.71
2 24 57.5 -10 -57.5 57.5 0 -57.5
5 24 -3.15 -10 -62.79 -3.15 -15 -62.79 -2.23 -10 -64.5 -3.71 -10 -60.93
2 24 0 0 0 90 0 0
2 24 93.71 -15 -85.93 93.9 -15 -84
2 24 55.21 -15 3.15 57.07 -15 3.71
2 24 45 -22.5 -57.5 48.25 -22.5 -57
2 24 87.79 -15 -93.15 89.5 -15 -92.23
2 24 11.5 -15 2.23 13 -15 1
2 24 2.21 -10 3.15 4.07 -10 3.71
5 24 87.9 -10 -2.1 92.23 -10 -0.5 93.15 -10 -2.21 91 -10 1
2 24 -3.71 -10 -60.93 -3.15 -10 -62.79
2 24 2.5 -17.5 -2.5 87.5 -17.5 -2.5
2 24 48.25 -22.5 -57 51.25 -22.5 -55.75
2 24 27.5 -30 -87.5 30 -60 -87.5
2 24 80.21 -10 3.15 82.07 -10 3.71
2 24 78.5 -15 -92.23 80.21 -15 -93.15
2 24 87.5 -30 -75 87.5 -30 -62.5
2 24 66 -15 -91 67.23 -15 -89.5
2 24 84 -15 -93.9 85.93 -15 -93.71
5 24 64.5 -15 -92.23 64.5 -10 -92.23 62.79 -15 -93.15 66 -15 -91
2 24 53.75 -17.5 -36 55.75 -17.5 -38.75
2 24 -3.15 -15 -55.21 -2.23 -15 -53.5
2 24 93.71 -10 -4.07 93.9 -10 -6
2 24 48.25 -17.5 -57 51.25 -17.5 -55.75
2 24 30 -60 -2.5 30 -60 17.5
5 24 29.07 -15 3.71 29.07 -10 3.71 31 -15 3.9 27.21 -15 3.15
2 24 57.07 -10 -93.71 59 -10 -93.9
2 24 77.5 -60 -107.5 107.5 -60 -107.5
2 24 -17.5 -60 -12.5 2.5 -60 -12.5
5 24 87.9 -10 -59 92.23 -10 -53.5 93.15 -10 -55.21 91 -10 -52
2 24 -3.71 -10 -4.07 -3.15 -10 -2.21
5 24 -3.15 -15 -2.21 -3.15 -10 -2.21 -3.71 -15 -4.07 -2.23 -15 -0.5
2 24 93.71 -15 -82.07 93.9 -15 -84
2 24 60.93 -15 3.71 62.79 -15 3.15
5 24 93.9 -15 -31 93.9 -10 -31 93.71 -15 -29.07 93.71 -15 -32.93
5 24 31 -10 -87.9 38 -10 -91 39.23 -10 -89.5 36.5 -10 -92.23
5 24 2.1 -10 -87.9 2.21 -10 -93.15 0.5 -10 -92.23 4.07 -10 -93.71
