0 Arco 3 puntos    :X
0 Name: arco3.dat
0 Author: rosaspage
0 !LDRAW_ORG Unofficial_Part
0 BFC CERTIFY CCW
4 16 -15 -30 15 -15 0 15 -15 0 -15 -15 -30 -15
4 16 75 0 15 75 -30 15 75 -30 -15 75 0 -15
4 16 8.75 -35 -8.75 10.75 -35 -6.25 12 -35 3.25 10.75 -35 6.25
4 16 10.75 -35 6.25 8.75 -35 8.75 6.25 -35 -10.75 8.75 -35 -8.75
4 16 0 -35 -12.5 3.25 -35 -12 6.25 -35 10.75 3.25 -35 12
4 16 3.25 -35 12 0 -35 12.5 -3.25 -35 -12 0 -35 -12.5
4 16 -6.25 -35 -10.75 -3.25 -35 -12 0 -35 12.5 -3.25 -35 12
4 16 -8.75 -35 8.75 -10.75 -35 6.25 -12 -35 -3.25 -10.75 -35 -6.25
4 16 8.75 -35 8.75 6.25 -35 10.75 3.25 -35 -12 6.25 -35 -10.75
4 16 -3.25 -35 12 -6.25 -35 10.75 -8.75 -35 -8.75 -6.25 -35 -10.75
4 16 -10.75 -35 -6.25 -8.75 -35 -8.75 -6.25 -35 10.75 -8.75 -35 8.75
4 16 66.25 -35 -10.75 68.75 -35 -8.75 70.75 -35 6.25 68.75 -35 8.75
4 16 68.75 -35 8.75 66.25 -35 10.75 63.25 -35 -12 66.25 -35 -10.75
4 16 56.75 -35 -12 60 -35 -12.5 63.25 -35 12 60 -35 12.5
4 16 49.25 -35 -6.25 51.25 -35 -8.75 53.75 -35 10.75 51.25 -35 8.75
4 16 68.75 -35 -8.75 70.75 -35 -6.25 72 -35 3.25 70.75 -35 6.25
4 16 60 -35 -12.5 63.25 -35 -12 66.25 -35 10.75 63.25 -35 12
4 16 53.75 -35 -10.75 56.75 -35 -12 60 -35 12.5 56.75 -35 12
4 16 51.25 -35 -8.75 53.75 -35 -10.75 56.75 -35 12 53.75 -35 10.75
4 16 48 -35 -3.25 49.25 -35 -6.25 51.25 -35 8.75 49.25 -35 6.25
4 16 38.75 -35 -8.75 40.75 -35 -6.25 42 -35 3.25 40.75 -35 6.25
4 16 26.75 -35 -12 30 -35 -12.5 33.25 -35 12 30 -35 12.5
4 16 30 -35 12.5 26.75 -35 12 23.75 -35 -10.75 26.75 -35 -12
4 16 19.25 -35 -6.25 21.25 -35 -8.75 23.75 -35 10.75 21.25 -35 8.75
4 16 36.25 -35 -10.75 38.75 -35 -8.75 40.75 -35 6.25 38.75 -35 8.75
4 16 33.25 -35 -12 36.25 -35 -10.75 38.75 -35 8.75 36.25 -35 10.75
4 16 30 -35 -12.5 33.25 -35 -12 36.25 -35 10.75 33.25 -35 12
4 16 21.25 -35 -8.75 23.75 -35 -10.75 26.75 -35 12 23.75 -35 10.75
4 16 18 -35 -3.25 19.25 -35 -6.25 21.25 -35 8.75 19.25 -35 6.25
4 16 -15 0 -15 -15 0 15 -12.5 0 12.5 -12.5 0 -12.5
4 16 72.5 -27.5 12.5 72.5 0 12.5 72.5 0 -12.5 72.5 -27.5 -12.5
3 16 -15 -30 15 75 -30 15 30 -15 15
3 16 -15 -30 15 26 -14.5 15 22.5 -13 15
3 16 -15 -30 15 22.5 -13 15 19.5 -10.5 15
3 16 -15 -30 15 19.5 -10.5 15 17 -7.5 15
3 16 37.5 -13 15 34 -14.5 15 75 -30 15
3 16 43 -7.5 15 40.5 -10.5 15 75 -30 15
3 16 45 0 15 44.5 -4 15 75 -30 15
3 16 30 -15 15 26 -14.5 15 -15 -30 15
3 16 17 -7.5 15 15.5 -4 15 -15 -30 15
3 16 15.5 -4 15 15 0 15 -15 -30 15
3 16 -15 0 15 -15 -30 15 15 0 15
3 16 30 -15 15 75 -30 15 34 -14.5 15
3 16 37.5 -13 15 75 -30 15 40.5 -10.5 15
3 16 43 -7.5 15 75 -30 15 44.5 -4 15
3 16 75 0 15 45 0 15 75 -30 15
3 16 75 -30 -15 -15 -30 -15 30 -15 -15
3 16 75 -30 -15 30 -15 -15 34 -14.5 -15
3 16 75 -30 -15 34 -14.5 -15 37.5 -13 -15
3 16 26 -14.5 -15 30 -15 -15 -15 -30 -15
3 16 15 0 -15 15.5 -4 -15 -15 -30 -15
3 16 -15 -30 -15 -15 0 -15 15 0 -15
3 16 37.5 -13 -15 40.5 -10.5 -15 75 -30 -15
3 16 40.5 -10.5 -15 43 -7.5 -15 75 -30 -15
3 16 43 -7.5 -15 44.5 -4 -15 75 -30 -15
3 16 44.5 -4 -15 45 0 -15 75 -30 -15
3 16 75 0 -15 75 -30 -15 45 0 -15
3 16 26 -14.5 -15 -15 -30 -15 22.5 -13 -15
3 16 22.5 -13 -15 -15 -30 -15 19.5 -10.5 -15
3 16 19.5 -10.5 -15 -15 -30 -15 17 -7.5 -15
3 16 17 -7.5 -15 -15 -30 -15 15.5 -4 -15
3 16 10.75 -35 -6.25 12 -35 -3.25 12 -35 3.25
3 16 -12 -35 -3.25 -10.75 -35 6.25 -12 -35 3.25
3 16 -12 -35 3.25 -12.5 -35 0 -12 -35 -3.25
3 16 12.5 -35 0 12 -35 3.25 12 -35 -3.25
3 16 72.5 -35 0 72 -35 3.25 72 -35 -3.25
3 16 72 -35 -3.25 72 -35 3.25 70.75 -35 -6.25
3 16 49.25 -35 6.25 48 -35 3.25 48 -35 -3.25
3 16 47.5 -35 0 48 -35 -3.25 48 -35 3.25
3 16 40.75 -35 -6.25 42 -35 -3.25 42 -35 3.25
3 16 42.5 -35 0 42 -35 3.25 42 -35 -3.25
3 16 19.25 -35 6.25 18 -35 3.25 18 -35 -3.25
3 16 17.5 -35 0 18 -35 -3.25 18 -35 3.25
3 16 -12.5 -27.5 -12.5 72.5 -27.5 -12.5 30 -15 -12.5
3 16 -12.5 -27.5 -12.5 26 -14.5 -12.5 22.5 -13 -12.5
3 16 -12.5 -27.5 -12.5 19.5 -10.5 -12.5 17 -7.5 -12.5
3 16 -12.5 -27.5 -12.5 17 -7.5 -12.5 15.5 -4 -12.5
3 16 34 -14.5 -12.5 30 -15 -12.5 72.5 -27.5 -12.5
3 16 44.5 -4 -12.5 43 -7.5 -12.5 72.5 -27.5 -12.5
3 16 30 -15 -12.5 26 -14.5 -12.5 -12.5 -27.5 -12.5
3 16 22.5 -13 -12.5 19.5 -10.5 -12.5 -12.5 -27.5 -12.5
3 16 -12.5 -27.5 -12.5 15.5 -4 -12.5 -12.5 0 -12.5
3 16 15 0 -12.5 -12.5 0 -12.5 15.5 -4 -12.5
3 16 34 -14.5 -12.5 72.5 -27.5 -12.5 37.5 -13 -12.5
3 16 37.5 -13 -12.5 72.5 -27.5 -12.5 40.5 -10.5 -12.5
3 16 40.5 -10.5 -12.5 72.5 -27.5 -12.5 43 -7.5 -12.5
3 16 44.5 -4 -12.5 72.5 -27.5 -12.5 45 0 -12.5
3 16 72.5 0 -12.5 45 0 -12.5 72.5 -27.5 -12.5
3 16 72.5 -27.5 12.5 37.5 -13 12.5 40.5 -10.5 12.5
3 16 44.5 -4 12.5 45 0 12.5 72.5 0 12.5
3 16 26 -14.5 12.5 30 -15 12.5 -12.5 -27.5 12.5
3 16 22.5 -13 12.5 26 -14.5 12.5 -12.5 -27.5 12.5
3 16 -12.5 -27.5 12.5 30 -15 12.5 72.5 -27.5 12.5
3 16 30 -15 12.5 34 -14.5 12.5 72.5 -27.5 12.5
3 16 34 -14.5 12.5 37.5 -13 12.5 72.5 -27.5 12.5
3 16 40.5 -10.5 12.5 43 -7.5 12.5 72.5 -27.5 12.5
3 16 43 -7.5 12.5 44.5 -4 12.5 72.5 -27.5 12.5
3 16 72.5 -27.5 12.5 44.5 -4 12.5 72.5 0 12.5
3 16 22.5 -13 12.5 -12.5 -27.5 12.5 19.5 -10.5 12.5
3 16 19.5 -10.5 12.5 -12.5 -27.5 12.5 17 -7.5 12.5
3 16 17 -7.5 12.5 -12.5 -27.5 12.5 15.5 -4 12.5
3 16 15.5 -4 12.5 -12.5 -27.5 12.5 15 0 12.5
3 16 -12.5 0 12.5 15 0 12.5 -12.5 -27.5 12.5
4 16 75 0 15 72.5 0 12.5 45 0 12.5 45 0 15
4 16 45 0 -15 45 0 -12.5 72.5 0 -12.5 75 0 -15
4 16 72.5 0 -12.5 72.5 0 12.5 75 0 15 75 0 -15
4 16 15 0 12.5 -12.5 0 12.5 -15 0 15 15 0 15
4 16 15 0 -12.5 15 0 -15 -15 0 -15 -12.5 0 -12.5
4 16 45 0 -15 44.5 -4 -15 44.5 -4 -12.5 45 0 -12.5
4 16 44.5 -4 -15 43 -7.5 -15 43 -7.5 -12.5 44.5 -4 -12.5
4 16 40.5 -10.5 -12.5 43 -7.5 -12.5 43 -7.5 -15 40.5 -10.5 -15
4 16 37.5 -13 -12.5 37.5 -13 -15 34 -14.5 -15 34 -14.5 -12.5
4 16 22.5 -13 15 22.5 -13 12.5 19.5 -10.5 12.5 19.5 -10.5 15
4 16 15 0 15 15.5 -4 15 15.5 -4 12.5 15 0 12.5
4 16 15.5 -4 15 17 -7.5 15 17 -7.5 12.5 15.5 -4 12.5
4 16 19.5 -10.5 12.5 17 -7.5 12.5 17 -7.5 15 19.5 -10.5 15
4 16 30 -15 15 30 -15 12.5 26 -14.5 12.5 26 -14.5 15
4 16 34 -14.5 15 34 -14.5 12.5 30 -15 12.5 30 -15 15
4 16 37.5 -13 15 37.5 -13 12.5 34 -14.5 12.5 34 -14.5 15
4 16 40.5 -10.5 15 40.5 -10.5 12.5 37.5 -13 12.5 37.5 -13 15
4 16 40.5 -10.5 15 43 -7.5 15 43 -7.5 12.5 40.5 -10.5 12.5
4 16 44.5 -4 12.5 43 -7.5 12.5 43 -7.5 15 44.5 -4 15
4 16 45 0 12.5 44.5 -4 12.5 44.5 -4 15 45 0 15
4 16 22.5 -13 12.5 22.5 -13 15 26 -14.5 15 26 -14.5 12.5
4 16 34 -14.5 -12.5 34 -14.5 -15 30 -15 -15 30 -15 -12.5
4 16 30 -15 -12.5 30 -15 -15 26 -14.5 -15 26 -14.5 -12.5
4 16 26 -14.5 -12.5 26 -14.5 -15 22.5 -13 -15 22.5 -13 -12.5
4 16 19.5 -10.5 -15 19.5 -10.5 -12.5 22.5 -13 -12.5 22.5 -13 -15
4 16 17 -7.5 -12.5 19.5 -10.5 -12.5 19.5 -10.5 -15 17 -7.5 -15
4 16 17 -7.5 -15 15.5 -4 -15 15.5 -4 -12.5 17 -7.5 -12.5
4 16 15.5 -4 -15 15 0 -15 15 0 -12.5 15.5 -4 -12.5
4 16 40.5 -10.5 -12.5 40.5 -10.5 -15 37.5 -13 -15 37.5 -13 -12.5
4 16 -12.5 -27.5 -12.5 -12.5 -27.5 12.5 72.5 -27.5 12.5 72.5 -27.5 -12.5
4 16 -12.5 -27.5 12.5 -12.5 -27.5 -12.5 -12.5 0 -12.5 -12.5 0 12.5
4 16 75 -30 15 -15 -30 15 -15 -30 -15 75 -30 -15
4 16 21.25 -30 -8.75 21.25 -35 -8.75 19.25 -35 -6.25 19.25 -30 -6.25
4 16 -8.75 -35 8.75 -8.75 -30 8.75 -10.75 -30 6.25 -10.75 -35 6.25
4 16 -12.5 -30 0 -12.5 -35 0 -12 -35 3.25 -12 -30 3.25
4 16 -12 -30 -3.25 -12 -35 -3.25 -12.5 -35 0 -12.5 -30 0
4 16 26.75 -30 -12 30 -30 -12.5 30 -35 -12.5 26.75 -35 -12
4 16 30 -30 -12.5 33.25 -30 -12 33.25 -35 -12 30 -35 -12.5
4 16 33.25 -30 -12 36.25 -30 -10.75 36.25 -35 -10.75 33.25 -35 -12
4 16 -8.75 -30 -8.75 -8.75 -35 -8.75 -10.75 -35 -6.25 -10.75 -30 -6.25
4 16 8.75 -30 8.75 6.25 -30 10.75 6.25 -35 10.75 8.75 -35 8.75
4 16 6.25 -30 10.75 3.25 -30 12 3.25 -35 12 6.25 -35 10.75
4 16 18 -35 3.25 18 -30 3.25 17.5 -30 0 17.5 -35 0
4 16 17.5 -35 0 17.5 -30 0 18 -30 -3.25 18 -35 -3.25
4 16 19.25 -30 -6.25 19.25 -35 -6.25 18 -35 -3.25 18 -30 -3.25
4 16 23.75 -35 -10.75 21.25 -35 -8.75 21.25 -30 -8.75 23.75 -30 -10.75
4 16 23.75 -30 -10.75 26.75 -30 -12 26.75 -35 -12 23.75 -35 -10.75
4 16 0 -30 12.5 -3.25 -30 12 -3.25 -35 12 0 -35 12.5
4 16 -6.25 -35 10.75 -3.25 -35 12 -3.25 -30 12 -6.25 -30 10.75
4 16 -8.75 -35 8.75 -6.25 -35 10.75 -6.25 -30 10.75 -8.75 -30 8.75
4 16 8.75 -35 -8.75 6.25 -35 -10.75 6.25 -30 -10.75 8.75 -30 -8.75
4 16 8.75 -35 -8.75 8.75 -30 -8.75 10.75 -30 -6.25 10.75 -35 -6.25
4 16 10.75 -35 -6.25 10.75 -30 -6.25 12 -30 -3.25 12 -35 -3.25
4 16 12 -35 -3.25 12 -30 -3.25 12.5 -30 0 12.5 -35 0
4 16 12 -30 3.25 12 -35 3.25 12.5 -35 0 12.5 -30 0
4 16 12 -35 3.25 12 -30 3.25 10.75 -30 6.25 10.75 -35 6.25
4 16 53.75 -35 -10.75 51.25 -35 -8.75 51.25 -30 -8.75 53.75 -30 -10.75
4 16 53.75 -30 -10.75 56.75 -30 -12 56.75 -35 -12 53.75 -35 -10.75
4 16 10.75 -35 6.25 10.75 -30 6.25 8.75 -30 8.75 8.75 -35 8.75
4 16 -12 -30 3.25 -12 -35 3.25 -10.75 -35 6.25 -10.75 -30 6.25
4 16 -10.75 -30 -6.25 -10.75 -35 -6.25 -12 -35 -3.25 -12 -30 -3.25
4 16 -6.25 -35 -10.75 -8.75 -35 -8.75 -8.75 -30 -8.75 -6.25 -30 -10.75
4 16 -3.25 -35 -12 -6.25 -35 -10.75 -6.25 -30 -10.75 -3.25 -30 -12
4 16 0 -35 -12.5 -3.25 -35 -12 -3.25 -30 -12 0 -30 -12.5
4 16 3.25 -35 -12 0 -35 -12.5 0 -30 -12.5 3.25 -30 -12
4 16 3.25 -30 -12 6.25 -30 -10.75 6.25 -35 -10.75 3.25 -35 -12
4 16 42.5 -35 0 42.5 -30 0 42 -30 3.25 42 -35 3.25
4 16 40.75 -30 6.25 40.75 -35 6.25 42 -35 3.25 42 -30 3.25
4 16 38.75 -30 8.75 38.75 -35 8.75 40.75 -35 6.25 40.75 -30 6.25
4 16 3.25 -30 12 0 -30 12.5 0 -35 12.5 3.25 -35 12
4 16 30 -30 12.5 26.75 -30 12 26.75 -35 12 30 -35 12.5
4 16 53.75 -35 10.75 56.75 -35 12 56.75 -30 12 53.75 -30 10.75
4 16 51.25 -35 8.75 53.75 -35 10.75 53.75 -30 10.75 51.25 -30 8.75
4 16 49.25 -30 6.25 49.25 -35 6.25 51.25 -35 8.75 51.25 -30 8.75
4 16 23.75 -35 10.75 26.75 -35 12 26.75 -30 12 23.75 -30 10.75
4 16 23.75 -30 10.75 21.25 -30 8.75 21.25 -35 8.75 23.75 -35 10.75
4 16 21.25 -35 8.75 21.25 -30 8.75 19.25 -30 6.25 19.25 -35 6.25
4 16 18 -30 3.25 18 -35 3.25 19.25 -35 6.25 19.25 -30 6.25
4 16 49.25 -35 -6.25 49.25 -30 -6.25 51.25 -30 -8.75 51.25 -35 -8.75
4 16 60 -35 -12.5 56.75 -35 -12 56.75 -30 -12 60 -30 -12.5
4 16 70.75 -35 -6.25 70.75 -30 -6.25 72 -30 -3.25 72 -35 -3.25
4 16 72 -35 -3.25 72 -30 -3.25 72.5 -30 0 72.5 -35 0
4 16 72.5 -35 0 72.5 -30 0 72 -30 3.25 72 -35 3.25
4 16 60 -30 -12.5 63.25 -30 -12 63.25 -35 -12 60 -35 -12.5
4 16 66.25 -35 -10.75 63.25 -35 -12 63.25 -30 -12 66.25 -30 -10.75
4 16 38.75 -35 -8.75 36.25 -35 -10.75 36.25 -30 -10.75 38.75 -30 -8.75
4 16 38.75 -35 -8.75 38.75 -30 -8.75 40.75 -30 -6.25 40.75 -35 -6.25
4 16 42 -30 -3.25 42 -35 -3.25 40.75 -35 -6.25 40.75 -30 -6.25
4 16 42 -35 -3.25 42 -30 -3.25 42.5 -30 0 42.5 -35 0
4 16 36.25 -35 10.75 38.75 -35 8.75 38.75 -30 8.75 36.25 -30 10.75
4 16 60 -35 12.5 63.25 -35 12 63.25 -30 12 60 -30 12.5
4 16 33.25 -35 12 36.25 -35 10.75 36.25 -30 10.75 33.25 -30 12
4 16 30 -35 12.5 33.25 -35 12 33.25 -30 12 30 -30 12.5
4 16 56.75 -35 12 60 -35 12.5 60 -30 12.5 56.75 -30 12
4 16 48 -30 3.25 48 -35 3.25 49.25 -35 6.25 49.25 -30 6.25
4 16 48 -35 3.25 48 -30 3.25 47.5 -30 0 47.5 -35 0
4 16 47.5 -35 0 47.5 -30 0 48 -30 -3.25 48 -35 -3.25
4 16 49.25 -30 -6.25 49.25 -35 -6.25 48 -35 -3.25 48 -30 -3.25
4 16 68.75 -35 -8.75 66.25 -35 -10.75 66.25 -30 -10.75 68.75 -30 -8.75
4 16 70.75 -30 -6.25 70.75 -35 -6.25 68.75 -35 -8.75 68.75 -30 -8.75
4 16 70.75 -30 6.25 70.75 -35 6.25 72 -35 3.25 72 -30 3.25
4 16 68.75 -30 8.75 68.75 -35 8.75 70.75 -35 6.25 70.75 -30 6.25
4 16 66.25 -35 10.75 68.75 -35 8.75 68.75 -30 8.75 66.25 -30 10.75
4 16 63.25 -35 12 66.25 -35 10.75 66.25 -30 10.75 63.25 -30 12
5 24 51.25 -35 -8.75 51.25 -30 -8.75 53.75 -35 -10.75 49.25 -35 -6.25
2 24 10.75 -35 6.25 12 -35 3.25
2 24 43 -7.5 -15 44.5 -4 -15
5 24 34 -14.5 12.5 34 -14.5 15 30 -15 12.5 37.5 -13 12.5
2 24 26.75 -35 12 30 -35 12.5
2 24 45 0 12.5 45 0 15
5 24 -8.75 -35 8.75 -8.75 -30 8.75 -10.75 -35 6.25 -6.25 -35 10.75
5 24 56.75 -35 12 56.75 -30 12 53.75 -35 10.75 60 -35 12.5
2 24 43 -7.5 15 44.5 -4 15
5 24 -10.75 -35 6.25 -10.75 -30 6.25 -8.75 -35 8.75 -12 -35 3.25
2 24 37.5 -13 15 40.5 -10.5 15
2 24 68.75 -35 -8.75 70.75 -35 -6.25
2 24 36.25 -30 10.75 38.75 -30 8.75
2 24 66.25 -30 10.75 68.75 -30 8.75
2 24 -6.25 -35 10.75 -3.25 -35 12
2 24 -10.75 -30 6.25 -8.75 -30 8.75
2 24 15 0 -15 15.5 -4 -15
2 24 68.75 -30 8.75 70.75 -30 6.25
2 24 -6.25 -35 -10.75 -3.25 -35 -12
2 24 49.25 -35 6.25 51.25 -35 8.75
2 24 22.5 -13 15 26 -14.5 15
5 24 17 -7.5 12.5 17 -7.5 15 15.5 -4 12.5 19.5 -10.5 12.5
2 24 56.75 -30 12 60 -30 12.5
5 24 23.75 -35 -10.75 23.75 -30 -10.75 21.25 -35 -8.75 26.75 -35 -12
5 24 38.75 -35 8.75 38.75 -30 8.75 40.75 -35 6.25 36.25 -35 10.75
2 24 15.5 -4 -15 17 -7.5 -15
2 24 -3.25 -30 12 0 -30 12.5
2 24 53.75 -30 10.75 56.75 -30 12
2 24 -12.5 0 12.5 15 0 12.5
2 24 48 -35 -3.25 49.25 -35 -6.25
5 24 17.5 -35 0 17.5 -30 0 18 -35 3.25 18 -35 -3.25
5 24 38.75 -35 -8.75 38.75 -30 -8.75 36.25 -35 -10.75 40.75 -35 -6.25
2 24 15 0 -12.5 15.5 -4 -12.5
2 24 36.25 -30 -10.75 38.75 -30 -8.75
5 24 -10.75 -35 -6.25 -10.75 -30 -6.25 -8.75 -35 -8.75 -12 -35 -3.25
2 24 37.5 -13 12.5 40.5 -10.5 12.5
2 24 22.5 -13 12.5 26 -14.5 12.5
2 24 53.75 -35 10.75 56.75 -35 12
2 24 47.5 -35 0 48 -35 3.25
2 24 47.5 -30 0 48 -30 -3.25
2 24 40.75 -30 -6.25 42 -30 -3.25
2 24 -15 -30 15 -15 0 15
5 24 44.5 -4 12.5 44.5 -4 15 43 -7.5 12.5 45 0 12.5
5 24 19.25 -35 6.25 19.25 -30 6.25 21.25 -35 8.75 18 -35 3.25
2 24 26.75 -30 -12 30 -30 -12.5
2 24 6.25 -35 10.75 8.75 -35 8.75
2 24 63.25 -35 -12 66.25 -35 -10.75
2 24 23.75 -30 -10.75 26.75 -30 -12
2 24 53.75 -35 -10.75 56.75 -35 -12
2 24 30 -35 -12.5 33.25 -35 -12
5 24 48 -35 -3.25 48 -30 -3.25 47.5 -35 0 49.25 -35 -6.25
5 24 43 -7.5 -15 43 -7.5 -12.5 44.5 -4 -15 40.5 -10.5 -15
2 24 15 0 12.5 15.5 -4 12.5
2 24 56.75 -30 -12 60 -30 -12.5
5 24 -8.75 -35 -8.75 -8.75 -30 -8.75 -10.75 -35 -6.25 -6.25 -35 -10.75
5 24 15.5 -4 12.5 15.5 -4 15 15 0 12.5 17 -7.5 12.5
2 24 17 -7.5 12.5 19.5 -10.5 12.5
2 24 23.75 -35 10.75 26.75 -35 12
5 24 40.75 -35 -6.25 40.75 -30 -6.25 38.75 -35 -8.75 42 -35 -3.25
2 24 75 -30 15 75 0 15
2 24 26 -14.5 -15 30 -15 -15
2 24 49.25 -30 -6.25 51.25 -30 -8.75
2 24 17 -7.5 -15 19.5 -10.5 -15
2 24 0 -35 12.5 3.25 -35 12
2 24 42 -35 3.25 42.5 -35 0
2 24 8.75 -30 -8.75 10.75 -30 -6.25
2 24 72 -30 3.25 72.5 -30 0
2 24 17.5 -30 0 18 -30 -3.25
2 24 3.25 -30 -12 6.25 -30 -10.75
2 24 0 -30 -12.5 3.25 -30 -12
2 24 -12.5 -30 0 -12 -30 -3.25
5 24 18 -35 -3.25 18 -30 -3.25 17.5 -35 0 19.25 -35 -6.25
2 24 38.75 -35 8.75 40.75 -35 6.25
2 24 47.5 -30 0 48 -30 3.25
2 24 42 -35 -3.25 42.5 -35 0
2 24 43 -7.5 12.5 44.5 -4 12.5
2 24 63.25 -35 12 66.25 -35 10.75
5 24 -6.25 -35 10.75 -6.25 -30 10.75 -3.25 -35 12 -8.75 -35 8.75
5 24 30 -35 12.5 30 -30 12.5 26.75 -35 12 33.25 -35 12
2 24 72 -35 -3.25 72.5 -35 0
2 24 10.75 -30 -6.25 12 -30 -3.25
2 24 72.5 -27.5 -12.5 72.5 0 -12.5
2 24 -15 -30 -15 -15 0 -15
5 24 56.75 -35 -12 56.75 -30 -12 53.75 -35 -10.75 60 -35 -12.5
5 24 37.5 -13 -15 37.5 -13 -12.5 34 -14.5 -15 40.5 -10.5 -15
2 24 48 -30 -3.25 49.25 -30 -6.25
2 24 21.25 -30 -8.75 23.75 -30 -10.75
5 24 -12 -35 -3.25 -12 -30 -3.25 -12.5 -35 0 -10.75 -35 -6.25
5 24 72 -35 -3.25 72 -30 -3.25 70.75 -35 -6.25 72.5 -35 0
5 24 40.5 -10.5 12.5 40.5 -10.5 15 37.5 -13 12.5 43 -7.5 12.5
2 24 70.75 -30 6.25 72 -30 3.25
5 24 37.5 -13 12.5 37.5 -13 15 34 -14.5 12.5 40.5 -10.5 12.5
2 24 66.25 -30 -10.75 68.75 -30 -8.75
2 24 -12.5 -35 0 -12 -35 -3.25
5 24 22.5 -13 -15 22.5 -13 -12.5 26 -14.5 -15 19.5 -10.5 -15
2 24 -15 0 -15 -15 0 15
2 24 34 -14.5 12.5 37.5 -13 12.5
5 24 68.75 -35 -8.75 68.75 -30 -8.75 66.25 -35 -10.75 70.75 -35 -6.25
2 24 -8.75 -35 -8.75 -6.25 -35 -10.75
2 24 47.5 -35 0 48 -35 -3.25
2 24 18 -30 3.25 19.25 -30 6.25
5 24 15.5 -4 -15 15.5 -4 -12.5 17 -7.5 -15 15 0 -15
2 24 38.75 -30 -8.75 40.75 -30 -6.25
2 24 75 -30 -15 75 0 -15
2 24 37.5 -13 -15 40.5 -10.5 -15
2 24 26 -14.5 12.5 30 -15 12.5
2 24 3.25 -35 12 6.25 -35 10.75
2 24 12 -30 3.25 12.5 -30 0
2 24 42 -30 3.25 42.5 -30 0
5 24 42 -35 3.25 42 -30 3.25 42.5 -35 0 40.75 -35 6.25
5 24 17 -7.5 -15 17 -7.5 -12.5 19.5 -10.5 -15 15.5 -4 -15
2 24 -12.5 -35 0 -12 -35 3.25
2 24 -15 -30 -15 -15 -30 15
2 24 15 0 12.5 15 0 15
2 24 0 -30 12.5 3.25 -30 12
2 24 12 -35 -3.25 12.5 -35 0
2 24 6.25 -30 -10.75 8.75 -30 -8.75
5 24 8.75 -35 -8.75 8.75 -30 -8.75 6.25 -35 -10.75 10.75 -35 -6.25
2 24 30 -35 12.5 33.25 -35 12
5 24 10.75 -35 6.25 10.75 -30 6.25 12 -35 3.25 8.75 -35 8.75
2 24 51.25 -35 8.75 53.75 -35 10.75
5 24 63.25 -35 -12 63.25 -30 -12 60 -35 -12.5 66.25 -35 -10.75
2 24 26 -14.5 -12.5 30 -15 -12.5
5 24 36.25 -35 -10.75 36.25 -30 -10.75 33.25 -35 -12 38.75 -35 -8.75
5 24 36.25 -35 10.75 36.25 -30 10.75 38.75 -35 8.75 33.25 -35 12
2 24 53.75 -30 -10.75 56.75 -30 -12
2 24 -12.5 -27.5 -12.5 -12.5 -27.5 12.5
2 24 -12 -35 3.25 -10.75 -35 6.25
2 24 44.5 -4 -12.5 45 0 -12.5
5 24 60 -35 12.5 60 -30 12.5 63.25 -35 12 56.75 -35 12
2 24 70.75 -30 -6.25 72 -30 -3.25
5 24 53.75 -35 10.75 53.75 -30 10.75 56.75 -35 12 51.25 -35 8.75
2 24 19.25 -35 6.25 21.25 -35 8.75
2 24 40.5 -10.5 12.5 43 -7.5 12.5
2 24 -12.5 0 -12.5 -12.5 0 12.5
2 24 56.75 -35 -12 60 -35 -12.5
2 24 44.5 -4 -15 45 0 -15
5 24 18 -35 3.25 18 -30 3.25 17.5 -35 0 19.25 -35 6.25
2 24 26 -14.5 15 30 -15 15
2 24 21.25 -35 8.75 23.75 -35 10.75
5 24 60 -35 -12.5 60 -30 -12.5 56.75 -35 -12 63.25 -35 -12
2 24 60 -35 12.5 63.25 -35 12
2 24 51.25 -30 -8.75 53.75 -30 -10.75
2 24 66.25 -35 -10.75 68.75 -35 -8.75
2 24 22.5 -13 -15 26 -14.5 -15
5 24 -3.25 -35 12 -3.25 -30 12 0 -35 12.5 -6.25 -35 10.75
2 24 60 -35 -12.5 63.25 -35 -12
2 24 -6.25 -30 -10.75 -3.25 -30 -12
5 24 44.5 -4 -15 44.5 -4 -12.5 45 0 -15 43 -7.5 -15
5 24 19.25 -35 -6.25 19.25 -30 -6.25 21.25 -35 -8.75 18 -35 -3.25
2 24 12 -35 3.25 12.5 -35 0
2 24 23.75 -35 -10.75 26.75 -35 -12
2 24 18 -35 3.25 19.25 -35 6.25
2 24 72 -35 3.25 72.5 -35 0
2 24 34 -14.5 15 37.5 -13 15
2 24 45 0 -15 45 0 -12.5
5 24 3.25 -35 -12 3.25 -30 -12 0 -35 -12.5 6.25 -35 -10.75
5 24 43 -7.5 12.5 43 -7.5 15 40.5 -10.5 12.5 44.5 -4 12.5
2 24 21.25 -35 -8.75 23.75 -35 -10.75
2 24 15.5 -4 12.5 17 -7.5 12.5
2 24 6.25 -30 10.75 8.75 -30 8.75
5 24 26.75 -35 12 26.75 -30 12 30 -35 12.5 23.75 -35 10.75
2 24 -12 -30 -3.25 -10.75 -30 -6.25
5 24 19.5 -10.5 12.5 19.5 -10.5 15 22.5 -13 12.5 17 -7.5 12.5
2 24 49.25 -35 -6.25 51.25 -35 -8.75
2 24 56.75 -35 12 60 -35 12.5
5 24 23.75 -35 10.75 23.75 -30 10.75 26.75 -35 12 21.25 -35 8.75
2 24 3.25 -30 12 6.25 -30 10.75
2 24 3.25 -35 -12 6.25 -35 -10.75
5 24 6.25 -35 -10.75 6.25 -30 -10.75 8.75 -35 -8.75 3.25 -35 -12
5 24 47.5 -35 0 47.5 -30 0 48 -35 3.25 48 -35 -3.25
2 24 -12.5 0 -12.5 15 0 -12.5
2 24 19.25 -30 -6.25 21.25 -30 -8.75
2 24 23.75 -30 10.75 26.75 -30 12
2 24 45 0 15 75 0 15
5 24 26 -14.5 12.5 26 -14.5 15 30 -15 12.5 22.5 -13 12.5
2 24 15.5 -4 15 17 -7.5 15
5 24 0 -35 -12.5 0 -30 -12.5 -3.25 -35 -12 3.25 -35 -12
2 24 10.75 -35 -6.25 12 -35 -3.25
2 24 30 -15 -15 34 -14.5 -15
5 24 19.5 -10.5 -15 19.5 -10.5 -12.5 22.5 -13 -15 17 -7.5 -15
5 24 49.25 -35 6.25 49.25 -30 6.25 51.25 -35 8.75 48 -35 3.25
2 24 19.25 -35 -6.25 21.25 -35 -8.75
2 24 30 -15 15 34 -14.5 15
2 24 30 -15 -12.5 34 -14.5 -12.5
2 24 40.5 -10.5 15 43 -7.5 15
5 24 30 -15 -15 30 -15 -12.5 34 -14.5 -15 26 -14.5 -15
2 24 45 0 -15 75 0 -15
2 24 30 -30 12.5 33.25 -30 12
2 24 49.25 -30 6.25 51.25 -30 8.75
2 24 72.5 0 -12.5 72.5 0 12.5
2 24 8.75 -30 8.75 10.75 -30 6.25
2 24 63.25 -30 12 66.25 -30 10.75
2 24 -10.75 -35 -6.25 -8.75 -35 -8.75
2 24 21.25 -30 8.75 23.75 -30 10.75
5 24 42.5 -35 0 42.5 -30 0 42 -35 3.25 42 -35 -3.25
2 24 40.75 -35 6.25 42 -35 3.25
2 24 -12 -30 3.25 -10.75 -30 6.25
2 24 68.75 -35 8.75 70.75 -35 6.25
5 24 30 -15 12.5 30 -15 15 26 -14.5 12.5 34 -14.5 12.5
5 24 53.75 -35 -10.75 53.75 -30 -10.75 51.25 -35 -8.75 56.75 -35 -12
5 24 26 -14.5 -15 26 -14.5 -12.5 30 -15 -15 22.5 -13 -15
2 24 17.5 -35 0 18 -35 -3.25
5 24 21.25 -35 -8.75 21.25 -30 -8.75 19.25 -35 -6.25 23.75 -35 -10.75
5 24 12.5 -35 0 12.5 -30 0 12 -35 -3.25 12 -35 3.25
2 24 63.25 -30 -12 66.25 -30 -10.75
2 24 -15 0 15 15 0 15
2 24 38.75 -35 -8.75 40.75 -35 -6.25
2 24 17.5 -30 0 18 -30 3.25
5 24 33.25 -35 -12 33.25 -30 -12 30 -35 -12.5 36.25 -35 -10.75
2 24 19.25 -30 6.25 21.25 -30 8.75
2 24 0 -35 -12.5 3.25 -35 -12
2 24 15.5 -4 -12.5 17 -7.5 -12.5
5 24 40.5 -10.5 -15 40.5 -10.5 -12.5 43 -7.5 -15 37.5 -13 -15
5 24 12 -35 3.25 12 -30 3.25 12.5 -35 0 10.75 -35 6.25
2 24 42 -30 -3.25 42.5 -30 0
2 24 48 -35 3.25 49.25 -35 6.25
2 24 37.5 -13 -12.5 40.5 -10.5 -12.5
2 24 72.5 -27.5 12.5 72.5 0 12.5
5 24 0 -35 12.5 0 -30 12.5 -3.25 -35 12 3.25 -35 12
2 24 -3.25 -35 12 0 -35 12.5
2 24 22.5 -13 -12.5 26 -14.5 -12.5
2 24 19.5 -10.5 -12.5 22.5 -13 -12.5
2 24 40.5 -10.5 -15 43 -7.5 -15
2 24 26.75 -30 12 30 -30 12.5
2 24 75 -30 -15 75 -30 15
2 24 19.5 -10.5 15 22.5 -13 15
2 24 19.5 -10.5 -15 22.5 -13 -15
5 24 68.75 -35 8.75 68.75 -30 8.75 70.75 -35 6.25 66.25 -35 10.75
5 24 72.5 -35 0 72.5 -30 0 72 -35 -3.25 72 -35 3.25
2 24 34 -14.5 -12.5 37.5 -13 -12.5
5 24 33.25 -35 12 33.25 -30 12 36.25 -35 10.75 30 -35 12.5
2 24 18 -35 -3.25 19.25 -35 -6.25
2 24 -8.75 -30 8.75 -6.25 -30 10.75
5 24 34 -14.5 -15 34 -14.5 -12.5 37.5 -13 -15 30 -15 -15
5 24 21.25 -35 8.75 21.25 -30 8.75 23.75 -35 10.75 19.25 -35 6.25
2 24 51.25 -30 8.75 53.75 -30 10.75
2 24 17.5 -35 0 18 -35 3.25
5 24 70.75 -35 6.25 70.75 -30 6.25 72 -35 3.25 68.75 -35 8.75
2 24 40.75 -30 6.25 42 -30 3.25
2 24 30 -15 12.5 34 -14.5 12.5
2 24 17 -7.5 -12.5 19.5 -10.5 -12.5
2 24 -8.75 -30 -8.75 -6.25 -30 -10.75
2 24 8.75 -35 8.75 10.75 -35 6.25
5 24 12 -35 -3.25 12 -30 -3.25 10.75 -35 -6.25 12.5 -35 0
2 24 -12.5 -27.5 -12.5 -12.5 0 -12.5
2 24 -12.5 -27.5 -12.5 72.5 -27.5 -12.5
2 24 -8.75 -35 8.75 -6.25 -35 10.75
2 24 26.75 -35 -12 30 -35 -12.5
2 24 -12.5 -27.5 12.5 72.5 -27.5 12.5
5 24 51.25 -35 8.75 51.25 -30 8.75 53.75 -35 10.75 49.25 -35 6.25
2 24 70.75 -35 6.25 72 -35 3.25
2 24 15 0 -15 15 0 -12.5
2 24 -15 -30 -15 75 -30 -15
2 24 68.75 -30 -8.75 70.75 -30 -6.25
2 24 -10.75 -35 6.25 -8.75 -35 8.75
5 24 -12 -35 3.25 -12 -30 3.25 -12.5 -35 0 -10.75 -35 6.25
5 24 8.75 -35 8.75 8.75 -30 8.75 6.25 -35 10.75 10.75 -35 6.25
2 24 33.25 -35 12 36.25 -35 10.75
2 24 45 0 12.5 72.5 0 12.5
5 24 66.25 -35 -10.75 66.25 -30 -10.75 63.25 -35 -12 68.75 -35 -8.75
5 24 70.75 -35 -6.25 70.75 -30 -6.25 72 -35 -3.25 68.75 -35 -8.75
2 24 43 -7.5 -12.5 44.5 -4 -12.5
2 24 36.25 -35 10.75 38.75 -35 8.75
2 24 -15 0 -15 15 0 -15
2 24 51.25 -35 -8.75 53.75 -35 -10.75
5 24 30 -35 -12.5 30 -30 -12.5 26.75 -35 -12 33.25 -35 -12
2 24 72 -30 -3.25 72.5 -30 0
5 24 3.25 -35 12 3.25 -30 12 6.25 -35 10.75 0 -35 12.5
5 24 48 -35 3.25 48 -30 3.25 49.25 -35 6.25 47.5 -35 0
2 24 -3.25 -30 -12 0 -30 -12.5
2 24 17 -7.5 15 19.5 -10.5 15
2 24 36.25 -35 -10.75 38.75 -35 -8.75
5 24 63.25 -35 12 63.25 -30 12 60 -35 12.5 66.25 -35 10.75
5 24 6.25 -35 10.75 6.25 -30 10.75 8.75 -35 8.75 3.25 -35 12
2 24 -12.5 -30 0 -12 -30 3.25
2 24 8.75 -35 -8.75 10.75 -35 -6.25
2 24 15 0 15 15.5 -4 15
5 24 72 -35 3.25 72 -30 3.25 72.5 -35 0 70.75 -35 6.25
2 24 -6.25 -30 10.75 -3.25 -30 12
5 24 22.5 -13 12.5 22.5 -13 15 19.5 -10.5 12.5 26 -14.5 12.5
2 24 -12 -35 -3.25 -10.75 -35 -6.25
5 24 40.75 -35 6.25 40.75 -30 6.25 42 -35 3.25 38.75 -35 8.75
2 24 10.75 -30 6.25 12 -30 3.25
2 24 34 -14.5 -15 37.5 -13 -15
5 24 -12.5 -35 0 -12.5 -30 0 -12 -35 3.25 -12 -35 -3.25
5 24 49.25 -35 -6.25 49.25 -30 -6.25 51.25 -35 -8.75 48 -35 -3.25
2 24 48 -30 3.25 49.25 -30 6.25
2 24 19.5 -10.5 12.5 22.5 -13 12.5
2 24 40.75 -35 -6.25 42 -35 -3.25
2 24 45 0 -12.5 72.5 0 -12.5
2 24 66.25 -35 10.75 68.75 -35 8.75
2 24 6.25 -35 -10.75 8.75 -35 -8.75
5 24 26.75 -35 -12 26.75 -30 -12 30 -35 -12.5 23.75 -35 -10.75
2 24 -15 -30 15 75 -30 15
2 24 44.5 -4 12.5 45 0 12.5
2 24 -3.25 -35 -12 0 -35 -12.5
2 24 75 0 -15 75 0 15
5 24 -6.25 -35 -10.75 -6.25 -30 -10.75 -8.75 -35 -8.75 -3.25 -35 -12
2 24 33.25 -35 -12 36.25 -35 -10.75
2 24 -12.5 -27.5 12.5 -12.5 0 12.5
5 24 10.75 -35 -6.25 10.75 -30 -6.25 8.75 -35 -8.75 12 -35 -3.25
5 24 66.25 -35 10.75 66.25 -30 10.75 68.75 -35 8.75 63.25 -35 12
2 24 33.25 -30 12 36.25 -30 10.75
2 24 70.75 -35 -6.25 72 -35 -3.25
2 24 44.5 -4 15 45 0 15
5 24 -3.25 -35 -12 -3.25 -30 -12 -6.25 -35 -10.75 0 -35 -12.5
2 24 60 -30 -12.5 63.25 -30 -12
2 24 18 -30 -3.25 19.25 -30 -6.25
2 24 30 -30 -12.5 33.25 -30 -12
2 24 60 -30 12.5 63.25 -30 12
2 24 38.75 -30 8.75 40.75 -30 6.25
2 24 -10.75 -30 -6.25 -8.75 -30 -8.75
2 24 12 -30 -3.25 12.5 -30 0
2 24 40.5 -10.5 -12.5 43 -7.5 -12.5
5 24 42 -35 -3.25 42 -30 -3.25 40.75 -35 -6.25 42.5 -35 0
2 24 33.25 -30 -12 36.25 -30 -10.75
2 24 72.5 -27.5 -12.5 72.5 -27.5 12.5
