0 Ascensor Enganche Suelto  |M:M
0 Name: ascens1b.dat
0 Author: jasolo
0 !LDRAW_ORG Unofficial_Part
0 BFC CERTIFY CCW
4 16 30 -24 15 30 -24 16.35 32.43 -24 15.866 31.913 -24 14.619
4 16 28.087 -24 14.619 27.57 -24 15.866 30 -24 16.35 30 -24 15
4 16 30 -24 5 30 -24 3.65 27.57 -24 4.133 28.087 -24 5.38
4 16 31.913 -24 5.38 32.43 -24 4.133 30 -24 3.65 30 -24 5
4 16 33.535 -24 6.465 34.49 -24 5.51 32.43 -24 4.133 31.913 -24 5.38
4 16 34.62 -24 8.086 35.867 -24 7.57 34.49 -24 5.51 33.535 -24 6.465
4 16 35 -24 10 36.35 -24 10 35.867 -24 7.57 34.62 -24 8.086
4 16 34.619 -24 11.913 35.867 -24 12.43 36.35 -24 10 35 -24 10
4 16 33.535 -24 13.536 34.49 -24 14.49 35.867 -24 12.43 34.619 -24 11.913
4 16 31.913 -24 14.619 32.43 -24 15.866 34.49 -24 14.49 33.535 -24 13.536
4 16 33.535 -21.5 6.465 33.535 -24 6.465 31.913 -24 5.38 31.913 -21.5 5.38
4 16 34.619 -21.5 11.913 34.619 -24 11.913 35 -24 10 35 -21.5 10
4 16 31.913 -21.5 14.619 31.913 -24 14.619 33.535 -24 13.536 33.535 -21.5 13.536
4 16 34.49 -21.5 14.49 34.49 -24 14.49 32.43 -24 15.866 32.43 -21.5 15.866
4 16 32.43 -21.5 4.133 32.43 -24 4.133 34.49 -24 5.51 34.49 -21.5 5.51
4 16 32.43 -24 4.133 32.43 -21.5 4.133 30 -21.5 3.65 30 -24 3.65
4 16 30 -21.5 16.35 30 -24 16.35 27.57 -24 15.866 27.57 -21.5 15.866
4 16 31.913 -21.5 5.38 31.913 -24 5.38 30 -24 5 30 -21.5 5
4 16 34.62 -21.5 8.086 34.62 -24 8.086 33.535 -24 6.465 33.535 -21.5 6.465
4 16 35 -21.5 10 35 -24 10 34.62 -24 8.086 34.62 -21.5 8.086
4 16 33.535 -21.5 13.536 33.535 -24 13.536 34.619 -24 11.913 34.619 -21.5 11.913
4 16 31.913 -24 14.619 31.913 -21.5 14.619 30 -21.5 15 30 -24 15
4 16 30 -24 15 30 -21.5 15 28.087 -21.5 14.619 28.087 -24 14.619
4 16 30 -21.5 5 30 -24 5 28.087 -24 5.38 28.087 -21.5 5.38
4 16 32.43 -21.5 15.866 32.43 -24 15.866 30 -24 16.35 30 -21.5 16.35
4 16 35.867 -21.5 12.43 35.867 -24 12.43 34.49 -24 14.49 34.49 -21.5 14.49
4 16 36.35 -21.5 10 36.35 -24 10 35.867 -24 12.43 35.867 -21.5 12.43
4 16 35.867 -21.5 7.57 35.867 -24 7.57 36.35 -24 10 36.35 -21.5 10
4 16 35.867 -24 7.57 35.867 -21.5 7.57 34.49 -21.5 5.51 34.49 -24 5.51
4 16 30 -24 3.65 30 -21.5 3.65 27.57 -21.5 4.133 27.57 -24 4.133
3 16 27.57 -21.5 15.866 25 -21.5 17.5 30 -21.5 16.35
4 16 30 -21.5 16.35 25 -21.5 17.5 37.5 -21.5 17.5 32.43 -21.5 15.866
3 16 32.43 -21.5 15.866 37.5 -21.5 17.5 34.49 -21.5 14.49
3 16 34.49 -21.5 14.49 37.5 -21.5 17.5 35.867 -21.5 12.43
4 16 35.867 -21.5 12.43 37.5 -21.5 17.5 37.5 -21.5 2.5 36.35 -21.5 10
3 16 37.5 -21.5 2.5 35.867 -21.5 7.57 36.35 -21.5 10
3 16 35.867 -21.5 7.57 37.5 -21.5 2.5 34.49 -21.5 5.51
3 16 37.5 -21.5 2.5 32.43 -21.5 4.133 34.49 -21.5 5.51
4 16 32.43 -21.5 4.133 37.5 -21.5 2.5 25 -21.5 2.5 30 -21.5 3.65
3 16 30 -21.5 3.65 25 -21.5 2.5 27.57 -21.5 4.133
3 16 27.57 -21.5 15.866 25 -21.5 15.5 25 -21.5 17.5
3 16 25.303 -21.5 15.303 25 -21.5 15.5 27.57 -21.5 15.866
3 16 25.743 -21.5 14.646 25.303 -21.5 15.303 27.57 -21.5 15.866
3 16 27.57 -21.5 4.133 25.303 -21.5 4.697 25.743 -21.5 5.354
3 16 27.57 -21.5 4.133 25 -21.5 4.5 25.303 -21.5 4.697
3 16 27.57 -21.5 4.133 25 -21.5 2.5 25 -21.5 4.5
4 16 27.57 -21.5 4.133 25.743 -21.5 5.354 25.743 -24 5.354 27.57 -24 4.133
4 16 27.57 -21.5 15.866 27.57 -24 15.866 25.743 -24 14.646 25.743 -21.5 14.646
4 16 27.57 -24 15.866 28.087 -24 14.619 26.478 -24 13.545 25.743 -24 14.646
4 16 28.087 -21.5 14.619 26.478 -21.5 13.545 26.478 -24 13.545 28.087 -24 14.619
4 16 26.478 -21.5 6.455 28.087 -21.5 5.38 28.087 -24 5.38 26.478 -24 6.455
4 16 26.478 -24 6.455 28.087 -24 5.38 27.57 -24 4.133 25.743 -24 5.354
4 16 10 -24 15 8.087 -24 14.619 7.57 -24 15.866 10 -24 16.35
4 16 11.913 -24 14.619 10 -24 15 10 -24 16.35 12.43 -24 15.866
4 16 10 -24 5 11.914 -24 5.38 12.43 -24 4.133 10 -24 3.65
4 16 8.086 -24 5.38 10 -24 5 10 -24 3.65 7.57 -24 4.133
4 16 6.465 -24 6.465 8.086 -24 5.38 7.57 -24 4.133 5.51 -24 5.51
4 16 5.38 -24 8.086 6.465 -24 6.465 5.51 -24 5.51 4.133 -24 7.57
4 16 5 -24 10 5.38 -24 8.086 4.133 -24 7.57 3.65 -24 10
4 16 5.381 -24 11.913 5 -24 10 3.65 -24 10 4.133 -24 12.43
4 16 6.464 -24 13.536 5.381 -24 11.913 4.133 -24 12.43 5.51 -24 14.49
4 16 8.087 -24 14.619 6.464 -24 13.536 5.51 -24 14.49 7.57 -24 15.866
4 16 6.464 -21.5 6.465 8.086 -21.5 5.38 8.086 -24 5.38 6.465 -24 6.465
4 16 5.381 -21.5 11.913 5 -21.5 10 5 -24 10 5.381 -24 11.913
4 16 8.087 -21.5 14.619 6.464 -21.5 13.536 6.464 -24 13.536 8.087 -24 14.619
4 16 5.51 -21.5 14.49 7.57 -21.5 15.866 7.57 -24 15.866 5.51 -24 14.49
4 16 7.57 -21.5 4.133 5.51 -21.5 5.51 5.51 -24 5.51 7.57 -24 4.133
4 16 7.57 -24 4.133 10 -24 3.65 10 -21.5 3.65 7.57 -21.5 4.133
4 16 10 -21.5 16.35 12.43 -21.5 15.866 12.43 -24 15.866 10 -24 16.35
4 16 8.086 -21.5 5.38 10 -21.5 5 10 -24 5 8.086 -24 5.38
4 16 5.38 -21.5 8.086 6.464 -21.5 6.465 6.465 -24 6.465 5.38 -24 8.086
4 16 5 -21.5 10 5.38 -21.5 8.086 5.38 -24 8.086 5 -24 10
4 16 6.464 -21.5 13.536 5.381 -21.5 11.913 5.381 -24 11.913 6.464 -24 13.536
4 16 8.087 -24 14.619 10 -24 15 10 -21.5 15 8.087 -21.5 14.619
4 16 10 -24 15 11.913 -24 14.619 11.913 -21.5 14.619 10 -21.5 15
4 16 10 -21.5 5 11.914 -21.5 5.38 11.914 -24 5.38 10 -24 5
4 16 7.57 -21.5 15.866 10 -21.5 16.35 10 -24 16.35 7.57 -24 15.866
4 16 4.133 -21.5 12.43 5.51 -21.5 14.49 5.51 -24 14.49 4.133 -24 12.43
4 16 3.65 -21.5 10 4.133 -21.5 12.43 4.133 -24 12.43 3.65 -24 10
4 16 4.133 -21.5 7.57 3.65 -21.5 10 3.65 -24 10 4.133 -24 7.57
4 16 5.51 -21.5 5.51 4.133 -21.5 7.57 4.133 -24 7.57 5.51 -24 5.51
4 16 10 -24 3.65 12.43 -24 4.133 12.43 -21.5 4.133 10 -21.5 3.65
3 16 12.43 -21.5 15.866 10 -21.5 16.35 15 -21.5 17.5
4 16 10 -21.5 16.35 7.57 -21.5 15.866 2.5 -21.5 17.5 15 -21.5 17.5
3 16 7.57 -21.5 15.866 5.51 -21.5 14.49 2.5 -21.5 17.5
3 16 5.51 -21.5 14.49 4.133 -21.5 12.43 2.5 -21.5 17.5
4 16 4.133 -21.5 12.43 3.65 -21.5 10 2.5 -21.5 2.5 2.5 -21.5 17.5
3 16 3.65 -21.5 10 4.133 -21.5 7.57 2.5 -21.5 2.5
3 16 4.133 -21.5 7.57 5.51 -21.5 5.51 2.5 -21.5 2.5
3 16 2.5 -21.5 2.5 5.51 -21.5 5.51 7.57 -21.5 4.133
4 16 7.57 -21.5 4.133 10 -21.5 3.65 15 -21.5 2.5 2.5 -21.5 2.5
3 16 10 -21.5 3.65 12.43 -21.5 4.133 15 -21.5 2.5
3 16 12.43 -21.5 15.866 15 -21.5 17.5 15 -21.5 15.5
3 16 14.697 -21.5 15.303 12.43 -21.5 15.866 15 -21.5 15.5
3 16 14.257 -21.5 14.646 12.43 -21.5 15.866 14.697 -21.5 15.303
3 16 12.43 -21.5 4.133 14.257 -21.5 5.354 14.697 -21.5 4.697
3 16 12.43 -21.5 4.133 14.697 -21.5 4.697 15 -21.5 4.5
3 16 12.43 -21.5 4.133 15 -21.5 4.5 15 -21.5 2.5
4 16 12.43 -21.5 4.133 12.43 -24 4.133 14.257 -24 5.354 14.257 -21.5 5.354
4 16 12.43 -21.5 15.866 14.257 -21.5 14.646 14.257 -24 14.646 12.43 -24 15.866
4 16 12.43 -24 15.866 14.257 -24 14.646 13.522 -24 13.545 11.913 -24 14.619
4 16 11.913 -21.5 14.619 11.913 -24 14.619 13.522 -24 13.545 13.522 -21.5 13.545
4 16 13.522 -21.5 6.455 13.522 -24 6.455 11.914 -24 5.38 11.914 -21.5 5.38
4 16 13.522 -24 6.455 14.257 -24 5.354 12.43 -24 4.133 11.914 -24 5.38
4 16 13.522 -24 6.455 13.522 -21.5 6.455 14.257 -21.5 5.354 14.257 -24 5.354
4 16 14.257 -24 14.646 14.257 -21.5 14.646 13.522 -21.5 13.545 13.522 -24 13.545
4 16 14.994 -29 10 15.375 -29 11.916 12.31 -29 10.96 12.5 -29 10
4 16 15.375 -29 8.084 14.994 -29 10 12.5 -29 10 12.31 -29 9.04
4 16 10 -29 2.5 12.87 -29 3.07 10.96 -29 7.69 10 -29 7.5
4 16 7.13 -29 3.07 10 -29 2.5 10 -29 7.5 9.04 -29 7.69
4 16 4.7 -29 4.7 7.13 -29 3.07 9.04 -29 7.69 8.23 -29 8.23
4 16 3.07 -29 7.13 4.7 -29 4.7 8.23 -29 8.23 7.69 -29 9.04
4 16 2.5 -29 10 3.07 -29 7.13 7.69 -29 9.04 7.5 -29 10
4 16 3.07 -29 12.87 2.5 -29 10 7.5 -29 10 7.69 -29 10.96
4 16 4.7 -29 15.3 3.07 -29 12.87 7.69 -29 10.96 8.23 -29 11.77
4 16 7.13 -29 16.93 4.7 -29 15.3 8.23 -29 11.77 9.04 -29 12.31
4 16 10 -29 17.5 7.13 -29 16.93 9.04 -29 12.31 10 -29 12.5
4 16 12.87 -29 16.929 10 -29 17.5 10 -29 12.5 10.96 -29 12.31
4 16 4.7 -29 4.7 3.07 -29 7.13 3.07 -24 7.13 4.7 -24 4.7
4 16 3.07 -29 12.87 4.7 -29 15.3 4.7 -24 15.3 3.07 -24 12.87
4 16 7.13 -29 3.07 4.7 -29 4.7 4.7 -24 4.7 7.13 -24 3.07
4 16 4.7 -29 15.3 7.13 -29 16.93 7.13 -24 16.93 4.7 -24 15.3
4 16 10 -29 2.5 7.13 -29 3.07 7.13 -24 3.07 10 -24 2.5
4 16 7.13 -29 16.93 10 -29 17.5 10 -24 17.5 7.13 -24 16.93
4 16 12.87 -29 3.07 10 -29 2.5 10 -24 2.5 12.87 -24 3.07
4 16 14.994 -29 10 15.375 -29 8.084 15.375 -24 8.084 14.994 -24 10
4 16 15.375 -29 11.916 14.994 -29 10 14.994 -24 10 15.375 -24 11.916
4 16 10 -29 17.5 12.87 -29 16.929 12.87 -24 16.929 10 -24 17.5
4 16 3.07 -29 7.13 2.5 -29 10 2.5 -24 10 3.07 -24 7.13
4 16 2.5 -29 10 3.07 -29 12.87 3.07 -24 12.87 2.5 -24 10
3 16 16.46 -29 13.54 11.77 -29 11.77 12.31 -29 10.96
3 16 15.375 -29 11.916 16.46 -29 13.54 12.31 -29 10.96
4 16 16.46 -29 13.54 15.375 -29 11.916 15.375 -24 11.916 16.46 -24 13.54
3 16 16.46 -29 6.46 12.31 -29 9.04 11.77 -29 8.23
3 16 15.3 -29 4.7 16.46 -29 6.46 11.77 -29 8.23
3 16 16.46 -29 6.46 15.375 -29 8.084 12.31 -29 9.04
4 16 15.375 -29 8.084 16.46 -29 6.46 16.46 -24 6.46 15.375 -24 8.084
4 16 26.929 -5 12.87 26.929 -21.5 12.87 27.5 -21.5 10 27.5 -5 10
4 16 27.5 -5 10 27.5 -21.5 10 26.929 -21.5 7.13 26.929 -5 7.13
4 16 13.071 -5 7.13 13.071 -21.5 7.13 12.5 -21.5 10 12.5 -5 10
4 16 12.5 -5 10 12.5 -21.5 10 13.071 -21.5 12.87 13.071 -5 12.87
4 16 17.5 -5 5.77 16.46 -5 6.46 16.46 -24 6.46 17.5 -24 5.77
4 16 22.5 0 0 40 0 0 40 -24 0 22.5 -24 0
4 16 0 -24 0 0 0 0 17.5 0 0 17.5 -24 0
4 16 0 0 0 0 -24 0 0 -24 20 0 0 20
4 16 0 0 20 0 -24 20 40 -24 20 40 0 20
4 16 22.5 -5 5.77 22.5 -24 5.77 23.54 -24 6.46 23.54 -5 6.46
4 16 40 0 0 40 0 20 40 -24 20 40 -24 0
4 16 24.625 -5 8.084 23.54 -5 6.46 23.54 -24 6.46 24.625 -24 8.084
4 16 25.006 -5 10 24.625 -5 8.084 24.625 -24 8.084 25.006 -24 10
4 16 24.625 -5 11.916 25.006 -5 10 25.006 -24 10 24.625 -24 11.916
4 16 23.54 -5 13.54 24.625 -5 11.916 24.625 -24 11.916 23.54 -24 13.54
4 16 16.46 -24 13.54 15.375 -24 11.916 15.375 -5 11.916 16.46 -5 13.54
4 16 14.994 -5 10 15.375 -5 11.916 15.375 -24 11.916 14.994 -24 10
4 16 15.375 -5 8.084 14.994 -5 10 14.994 -24 10 15.375 -24 8.084
4 16 16.46 -5 6.46 15.375 -5 8.084 15.375 -24 8.084 16.46 -24 6.46
3 16 22.5 -5 2.5 22.5 0 0 22.5 -24 0
3 16 22.5 -24 2.5 22.5 -5 2.5 22.5 -24 0
3 16 22.5 -5 2.5 22.5 0 2.5 22.5 0 0
3 16 17.5 -5 2.5 17.5 -24 0 17.5 0 0
3 16 17.5 0 2.5 17.5 -5 2.5 17.5 0 0
3 16 17.5 -5 2.5 17.5 -24 2.5 17.5 -24 0
3 16 2.5 0 17.5 2.5 -5 17.5 2.5 0 2.5
3 16 2.5 -5 17.5 2.5 -21.5 17.5 2.5 -21.5 2.5
3 16 37.5 -21.5 17.5 37.5 -5 17.5 37.5 -21.5 2.5
3 16 37.5 -5 17.5 37.5 0 17.5 37.5 0 2.5
4 16 22.5 -5 17.5 17.5 -5 17.5 2.5 0 17.5 37.5 0 17.5
3 16 37.5 -5 17.5 25 -5 17.5 37.5 0 17.5
3 16 25 -5 17.5 22.5 -5 17.5 37.5 0 17.5
3 16 17.5 -5 17.5 15 -5 17.5 2.5 0 17.5
3 16 15 -5 17.5 2.5 -5 17.5 2.5 0 17.5
4 16 37.5 -21.5 17.5 25 -21.5 17.5 25 -5 17.5 37.5 -5 17.5
4 16 15 -21.5 17.5 2.5 -21.5 17.5 2.5 -5 17.5 15 -5 17.5
4 16 25 -5 17.5 25 -21.5 17.5 25 -21.5 15.5 25 -5 15.5
4 16 15 -21.5 17.5 15 -5 17.5 15 -5 15.5 15 -21.5 15.5
4 16 25.303 -5 15.303 25 -5 15.5 25 -21.5 15.5 25.303 -21.5 15.303
4 16 14.697 -5 15.303 14.697 -21.5 15.303 15 -21.5 15.5 15 -5 15.5
4 16 22.5 -24 5.77 22.5 -5 5.77 22.5 -5 2.5 22.5 -24 2.5
4 16 17.5 -24 5.77 17.5 -24 2.5 17.5 -5 2.5 17.5 -5 5.77
4 16 14.697 -5 4.697 15 -5 4.5 15 -21.5 4.5 14.697 -21.5 4.697
4 16 25.303 -5 4.697 25.303 -21.5 4.697 25 -21.5 4.5 25 -5 4.5
4 16 15 -21.5 2.5 15 -21.5 4.5 15 -5 4.5 15 -5 2.5
4 16 25 -5 2.5 25 -5 4.5 25 -21.5 4.5 25 -21.5 2.5
3 16 2.5 -21.5 2.5 2.5 -5 2.5 2.5 -5 17.5
3 16 2.5 -5 2.5 2.5 0 2.5 2.5 -5 17.5
3 16 37.5 0 2.5 37.5 -5 2.5 37.5 -5 17.5
3 16 37.5 -5 2.5 37.5 -21.5 2.5 37.5 -5 17.5
4 16 25 -21.5 2.5 37.5 -21.5 2.5 37.5 -5 2.5 25 -5 2.5
4 16 15 -5 2.5 2.5 -5 2.5 2.5 -21.5 2.5 15 -21.5 2.5
3 16 25 -5 2.5 37.5 0 2.5 22.5 0 2.5
3 16 22.5 -5 2.5 25 -5 2.5 22.5 0 2.5
3 16 25 -5 2.5 37.5 -5 2.5 37.5 0 2.5
3 16 15 -5 2.5 17.5 0 2.5 2.5 0 2.5
3 16 2.5 -5 2.5 15 -5 2.5 2.5 0 2.5
3 16 15 -5 2.5 17.5 -5 2.5 17.5 0 2.5
4 16 17.5 -5 5.77 17.5 -5 2.5 15 -5 2.5 15 -5 4.5
4 16 17.5 -5 5.77 15 -5 4.5 14.697 -5 4.697 16.46 -5 6.46
4 16 13.071 -5 7.13 15.375 -5 8.084 16.46 -5 6.46 14.697 -5 4.697
4 16 13.071 -5 7.13 12.5 -5 10 14.994 -5 10 15.375 -5 8.084
4 16 12.5 -5 10 13.071 -5 12.87 15.375 -5 11.916 14.994 -5 10
4 16 13.071 -5 12.87 14.697 -5 15.303 16.46 -5 13.54 15.375 -5 11.916
4 16 14.697 -5 15.303 15 -5 15.5 17.5 -5 14.23 16.46 -5 13.54
4 16 17.5 -5 17.5 17.5 -5 14.23 15 -5 15.5 15 -5 17.5
4 16 22.5 -5 5.77 25 -5 4.5 25 -5 2.5 22.5 -5 2.5
4 16 22.5 -5 5.77 23.54 -5 6.46 25.303 -5 4.697 25 -5 4.5
4 16 26.929 -5 7.13 25.303 -5 4.697 23.54 -5 6.46 24.625 -5 8.084
4 16 27.5 -5 10 26.929 -5 7.13 24.625 -5 8.084 25.006 -5 10
4 16 26.929 -5 12.87 27.5 -5 10 25.006 -5 10 24.625 -5 11.916
4 16 25.303 -5 15.303 26.929 -5 12.87 24.625 -5 11.916 23.54 -5 13.54
4 16 25.303 -5 15.303 23.54 -5 13.54 22.5 -5 14.23 25 -5 15.5
4 16 22.5 -5 17.5 25 -5 17.5 25 -5 15.5 22.5 -5 14.23
4 16 17.5 -21.5 17.5 17.5 -5 17.5 22.5 -5 17.5 22.5 -21.5 17.5
3 16 22.5 -21.5 14.23 23.54 -5 13.54 23.54 -24 13.54
3 16 22.5 -24 14.23 22.5 -21.5 14.23 23.54 -24 13.54
3 16 22.5 -21.5 14.23 22.5 -5 14.23 23.54 -5 13.54
3 16 17.5 -21.5 14.23 16.46 -24 13.54 16.46 -5 13.54
3 16 17.5 -5 14.23 17.5 -21.5 14.23 16.46 -5 13.54
3 16 17.5 -21.5 14.23 17.5 -24 14.23 16.46 -24 13.54
4 16 17.5 -21.5 14.23 17.5 -5 14.23 17.5 -5 17.5 17.5 -21.5 17.5
4 16 22.5 -21.5 17.5 22.5 -5 17.5 22.5 -5 14.23 22.5 -21.5 14.23
4 16 21.91 -21.5 14.619 21.91 -24 14.619 19.997 -24 15 19.997 -21.5 15
4 16 18.084 -24 14.619 18.084 -21.5 14.619 19.997 -21.5 15 19.997 -24 15
4 16 18.084 -24 14.619 17.5 -24 14.23 17.5 -21.5 14.23 18.084 -21.5 14.619
4 16 21.91 -24 14.619 21.91 -21.5 14.619 22.5 -21.5 14.23 22.5 -24 14.23
3 16 22.5 -21.5 17.5 22.5 -21.5 14.23 21.91 -21.5 14.619
3 16 22.5 -21.5 17.5 21.91 -21.5 14.619 19.997 -21.5 15
3 16 22.5 -21.5 17.5 19.997 -21.5 15 17.5 -21.5 17.5
3 16 17.5 -21.5 17.5 19.997 -21.5 15 18.084 -21.5 14.619
3 16 17.5 -21.5 17.5 18.084 -21.5 14.619 17.5 -21.5 14.23
4 16 2.5 0 2.5 17.5 0 2.5 17.5 0 0 0 0 0
4 16 2.5 0 2.5 0 0 0 0 0 20 2.5 0 17.5
4 16 2.5 0 17.5 0 0 20 40 0 20 37.5 0 17.5
4 16 37.5 0 2.5 37.5 0 17.5 40 0 20 40 0 0
4 16 37.5 0 2.5 40 0 0 22.5 0 0 22.5 0 2.5
3 16 10 -24 2.5 17.5 -24 0 12.87 -24 3.07
3 16 10 -24 2.5 0 -24 0 17.5 -24 0
3 16 7.13 -24 3.07 0 -24 0 10 -24 2.5
3 16 4.7 -24 4.7 0 -24 0 7.13 -24 3.07
3 16 3.07 -24 7.13 0 -24 0 4.7 -24 4.7
3 16 3.07 -24 7.13 2.5 -24 10 0 -24 0
3 16 2.5 -24 10 0 -24 20 0 -24 0
3 16 3.07 -24 12.87 0 -24 20 2.5 -24 10
3 16 3.07 -24 12.87 4.7 -24 15.3 0 -24 20
3 16 4.7 -24 15.3 7.13 -24 16.93 0 -24 20
3 16 7.13 -24 16.93 10 -24 17.5 0 -24 20
3 16 32.87 -24 16.93 40 -24 20 30 -24 17.5
3 16 35.3 -24 15.3 40 -24 20 32.87 -24 16.93
3 16 36.93 -24 12.87 40 -24 20 35.3 -24 15.3
3 16 36.93 -24 12.87 37.5 -24 10 40 -24 20
3 16 37.5 -24 10 40 -24 0 40 -24 20
3 16 36.93 -24 7.13 40 -24 0 37.5 -24 10
3 16 36.93 -24 7.13 35.3 -24 4.7 40 -24 0
3 16 35.3 -24 4.7 32.87 -24 3.07 40 -24 0
3 16 32.87 -24 3.07 30 -24 2.5 40 -24 0
3 16 30 -24 2.5 22.5 -24 0 40 -24 0
3 16 30 -24 2.5 27.13 -24 3.07 22.5 -24 0
3 16 15 -29 4.5 11.77 -29 8.23 10.96 -29 7.69
3 16 12.87 -29 3.07 15 -29 4.5 10.96 -29 7.69
3 16 15 -29 4.5 15.3 -29 4.7 11.77 -29 8.23
4 16 15 -29 4.5 12.87 -29 3.07 12.87 -24 3.07 15 -24 4.5
4 16 17.5 -29 5.77 17.5 -24 5.77 16.46 -24 6.46 16.46 -29 6.46
4 16 15 -29 4.5 15 -24 4.5 17.5 -24 2.5 17.5 -29 2.5
4 16 17.5 -29 2.5 17.5 -24 2.5 17.5 -24 5.77 17.5 -29 5.77
3 16 12.87 -24 3.07 17.5 -24 0 17.5 -24 2.5
3 16 12.87 -24 3.07 17.5 -24 2.5 15 -24 4.5
3 16 15.3 -29 4.7 15 -29 4.5 17.5 -29 2.5
3 16 15.3 -29 4.7 17.5 -29 2.5 17.5 -29 5.77
3 16 15.3 -29 4.7 17.5 -29 5.77 16.46 -29 6.46
3 16 15.3 -29 15.3 16.46 -29 13.54 17.5 -29 14.23
3 16 15.3 -29 15.3 17.5 -29 14.23 17.5 -29 17.5
3 16 15.3 -29 15.3 17.5 -29 17.5 15 -29 15.5
3 16 12.87 -24 16.929 15 -24 15.5 17.5 -24 17.5
4 16 17.5 -29 17.5 17.5 -29 14.23 17.5 -24 14.23 17.5 -24 17.5
4 16 15 -29 15.5 17.5 -29 17.5 17.5 -24 17.5 15 -24 15.5
4 16 17.5 -29 14.23 16.46 -29 13.54 16.46 -24 13.54 17.5 -24 14.23
4 16 15 -29 15.5 15 -24 15.5 12.87 -24 16.929 12.87 -29 16.929
3 16 15 -29 15.5 11.77 -29 11.77 15.3 -29 15.3
3 16 12.87 -29 16.929 10.96 -29 12.31 15 -29 15.5
3 16 15 -29 15.5 10.96 -29 12.31 11.77 -29 11.77
3 16 15.3 -29 15.3 11.77 -29 11.77 16.46 -29 13.54
3 16 24.7 -29 15.3 23.54 -29 13.54 28.23 -29 11.77
3 16 25 -29 15.5 28.23 -29 11.77 29.04 -29 12.31
3 16 27.13 -29 16.929 25 -29 15.5 29.04 -29 12.31
3 16 25 -29 15.5 24.7 -29 15.3 28.23 -29 11.77
4 16 25 -29 15.5 27.13 -29 16.929 27.13 -24 16.929 25 -24 15.5
4 16 22.5 -29 14.23 22.5 -24 14.23 23.54 -24 13.54 23.54 -29 13.54
4 16 25 -29 15.5 25 -24 15.5 22.5 -24 17.5 22.5 -29 17.5
4 16 22.5 -29 17.5 22.5 -24 17.5 22.5 -24 14.23 22.5 -29 14.23
3 16 24.7 -29 15.3 25 -29 15.5 22.5 -29 17.5
3 16 24.7 -29 15.3 22.5 -29 17.5 22.5 -29 14.23
3 16 24.7 -29 15.3 22.5 -29 14.23 23.54 -29 13.54
3 16 24.7 -29 4.7 23.54 -29 6.46 22.5 -29 5.77
3 16 24.7 -29 4.7 22.5 -29 5.77 22.5 -29 2.5
3 16 24.7 -29 4.7 22.5 -29 2.5 25 -29 4.5
4 16 22.5 -29 2.5 22.5 -29 5.77 22.5 -24 5.77 22.5 -24 2.5
4 16 25 -29 4.5 22.5 -29 2.5 22.5 -24 2.5 25 -24 4.5
4 16 22.5 -29 5.77 23.54 -29 6.46 23.54 -24 6.46 22.5 -24 5.77
4 16 25 -29 4.5 25 -24 4.5 27.13 -24 3.07 27.13 -29 3.07
3 16 25 -29 4.5 28.23 -29 8.23 24.7 -29 4.7
3 16 27.13 -29 3.07 29.04 -29 7.69 25 -29 4.5
3 16 25 -29 4.5 29.04 -29 7.69 28.23 -29 8.23
4 16 24.625 -29 8.084 24.625 -24 8.084 23.54 -24 6.46 23.54 -29 6.46
3 16 23.54 -29 6.46 27.69 -29 9.04 24.625 -29 8.084
3 16 24.7 -29 4.7 28.23 -29 8.23 23.54 -29 6.46
3 16 23.54 -29 6.46 28.23 -29 8.23 27.69 -29 9.04
4 16 23.54 -29 13.54 23.54 -24 13.54 24.625 -24 11.916 24.625 -29 11.916
3 16 24.625 -29 11.916 27.69 -29 10.96 23.54 -29 13.54
3 16 23.54 -29 13.54 27.69 -29 10.96 28.23 -29 11.77
4 16 37.5 -29 10 37.5 -24 10 36.93 -24 12.87 36.93 -29 12.87
4 16 36.93 -29 7.13 36.93 -24 7.13 37.5 -24 10 37.5 -29 10
4 16 30 -29 17.5 30 -24 17.5 27.13 -24 16.929 27.13 -29 16.929
4 16 24.625 -29 11.916 24.625 -24 11.916 25.006 -24 10 25.006 -29 10
4 16 25.006 -29 10 25.006 -24 10 24.625 -24 8.084 24.625 -29 8.084
4 16 27.13 -29 3.07 27.13 -24 3.07 30 -24 2.5 30 -29 2.5
4 16 32.87 -29 16.93 32.87 -24 16.93 30 -24 17.5 30 -29 17.5
4 16 30 -29 2.5 30 -24 2.5 32.87 -24 3.07 32.87 -29 3.07
4 16 35.3 -29 15.3 35.3 -24 15.3 32.87 -24 16.93 32.87 -29 16.93
4 16 32.87 -29 3.07 32.87 -24 3.07 35.3 -24 4.7 35.3 -29 4.7
4 16 36.93 -29 12.87 36.93 -24 12.87 35.3 -24 15.3 35.3 -29 15.3
4 16 35.3 -29 4.7 35.3 -24 4.7 36.93 -24 7.13 36.93 -29 7.13
4 16 27.13 -29 16.929 29.04 -29 12.31 30 -29 12.5 30 -29 17.5
4 16 30 -29 17.5 30 -29 12.5 30.96 -29 12.31 32.87 -29 16.93
4 16 32.87 -29 16.93 30.96 -29 12.31 31.77 -29 11.77 35.3 -29 15.3
4 16 35.3 -29 15.3 31.77 -29 11.77 32.31 -29 10.96 36.93 -29 12.87
4 16 36.93 -29 12.87 32.31 -29 10.96 32.5 -29 10 37.5 -29 10
4 16 37.5 -29 10 32.5 -29 10 32.31 -29 9.04 36.93 -29 7.13
4 16 36.93 -29 7.13 32.31 -29 9.04 31.77 -29 8.23 35.3 -29 4.7
4 16 35.3 -29 4.7 31.77 -29 8.23 30.96 -29 7.69 32.87 -29 3.07
4 16 32.87 -29 3.07 30.96 -29 7.69 30 -29 7.5 30 -29 2.5
4 16 30 -29 2.5 30 -29 7.5 29.04 -29 7.69 27.13 -29 3.07
4 16 24.625 -29 8.084 27.69 -29 9.04 27.5 -29 10 25.006 -29 10
4 16 25.006 -29 10 27.5 -29 10 27.69 -29 10.96 24.625 -29 11.916
3 16 27.13 -24 3.07 25 -24 4.5 22.5 -24 2.5
3 16 27.13 -24 3.07 22.5 -24 2.5 22.5 -24 0
3 16 27.13 -24 16.929 22.5 -24 17.5 25 -24 15.5
3 16 18.084 -24 14.619 17.5 -24 17.5 17.5 -24 14.23
3 16 21.91 -24 14.619 22.5 -24 14.23 22.5 -24 17.5
3 16 21.91 -24 14.619 22.5 -24 17.5 19.997 -24 15
3 16 18.084 -24 14.619 19.997 -24 15 17.5 -24 17.5
3 16 19.997 -24 15 22.5 -24 17.5 17.5 -24 17.5
4 16 0 -24 20 17.5 -24 17.5 22.5 -24 17.5 40 -24 20
4 16 30 -24 17.5 40 -24 20 22.5 -24 17.5 27.13 -24 16.929
4 16 10 -24 17.5 12.87 -24 16.929 17.5 -24 17.5 0 -24 20
4 16 7.5 -29 10 7.69 -29 9.04 7.69 -24 9.04 7.5 -24 10
4 16 7.69 -29 10.96 7.5 -29 10 7.5 -24 10 7.69 -24 10.96
4 16 7.69 -29 9.04 8.23 -29 8.23 8.23 -24 8.23 7.69 -24 9.04
4 16 8.23 -29 11.77 7.69 -29 10.96 7.69 -24 10.96 8.23 -24 11.77
4 16 8.23 -29 8.23 9.04 -29 7.69 9.04 -24 7.69 8.23 -24 8.23
4 16 9.04 -29 12.31 8.23 -29 11.77 8.23 -24 11.77 9.04 -24 12.31
4 16 10.96 -29 7.69 11.77 -29 8.23 11.77 -24 8.23 10.96 -24 7.69
4 16 11.77 -29 8.23 12.31 -29 9.04 12.31 -24 9.04 11.77 -24 8.23
4 16 12.31 -29 9.04 12.5 -29 10 12.5 -24 10 12.31 -24 9.04
4 16 12.5 -29 10 12.31 -29 10.96 12.31 -24 10.96 12.5 -24 10
4 16 10 -29 7.5 10.96 -29 7.69 10.96 -24 7.69 10 -24 7.5
4 16 10 -29 12.5 9.04 -29 12.31 9.04 -24 12.31 10 -24 12.5
4 16 9.04 -29 7.69 10 -29 7.5 10 -24 7.5 9.04 -24 7.69
4 16 11.77 -29 11.77 10.96 -29 12.31 10.96 -24 12.31 11.77 -24 11.77
4 16 10.96 -29 12.31 10 -29 12.5 10 -24 12.5 10.96 -24 12.31
4 16 12.31 -29 10.96 11.77 -29 11.77 11.77 -24 11.77 12.31 -24 10.96
3 16 7.5 -24 10 7.69 -24 9.04 10 -24 10
3 16 7.69 -24 10.96 7.5 -24 10 10 -24 10
3 16 7.69 -24 9.04 8.23 -24 8.23 10 -24 10
3 16 8.23 -24 11.77 7.69 -24 10.96 10 -24 10
3 16 8.23 -24 8.23 9.04 -24 7.69 10 -24 10
3 16 9.04 -24 12.31 8.23 -24 11.77 10 -24 10
3 16 10.96 -24 7.69 11.77 -24 8.23 10 -24 10
3 16 11.77 -24 8.23 12.31 -24 9.04 10 -24 10
3 16 12.31 -24 9.04 12.5 -24 10 10 -24 10
3 16 12.5 -24 10 12.31 -24 10.96 10 -24 10
3 16 10 -24 7.5 10.96 -24 7.69 10 -24 10
3 16 10 -24 12.5 9.04 -24 12.31 10 -24 10
3 16 9.04 -24 7.69 10 -24 7.5 10 -24 10
3 16 11.77 -24 11.77 10.96 -24 12.31 10 -24 10
3 16 10.96 -24 12.31 10 -24 12.5 10 -24 10
3 16 12.31 -24 10.96 11.77 -24 11.77 10 -24 10
4 16 28.23 -29 11.77 27.69 -29 10.96 27.69 -24 10.96 28.23 -24 11.77
4 16 30 -29 12.5 29.04 -29 12.31 29.04 -24 12.31 30 -24 12.5
4 16 29.04 -29 12.31 28.23 -29 11.77 28.23 -24 11.77 29.04 -24 12.31
4 16 30 -29 7.5 30.96 -29 7.69 30.96 -24 7.69 30 -24 7.5
4 16 30.96 -29 12.31 30 -29 12.5 30 -24 12.5 30.96 -24 12.31
4 16 29.04 -29 7.69 30 -29 7.5 30 -24 7.5 29.04 -24 7.69
4 16 27.69 -29 10.96 27.5 -29 10 27.5 -24 10 27.69 -24 10.96
4 16 27.5 -29 10 27.69 -29 9.04 27.69 -24 9.04 27.5 -24 10
4 16 27.69 -29 9.04 28.23 -29 8.23 28.23 -24 8.23 27.69 -24 9.04
4 16 28.23 -29 8.23 29.04 -29 7.69 29.04 -24 7.69 28.23 -24 8.23
4 16 31.77 -29 11.77 30.96 -29 12.31 30.96 -24 12.31 31.77 -24 11.77
4 16 30.96 -29 7.69 31.77 -29 8.23 31.77 -24 8.23 30.96 -24 7.69
4 16 32.31 -29 10.96 31.77 -29 11.77 31.77 -24 11.77 32.31 -24 10.96
4 16 31.77 -29 8.23 32.31 -29 9.04 32.31 -24 9.04 31.77 -24 8.23
4 16 32.5 -29 10 32.31 -29 10.96 32.31 -24 10.96 32.5 -24 10
4 16 32.31 -29 9.04 32.5 -29 10 32.5 -24 10 32.31 -24 9.04
3 16 28.23 -24 11.77 27.69 -24 10.96 30 -24 10
3 16 30 -24 12.5 29.04 -24 12.31 30 -24 10
3 16 29.04 -24 12.31 28.23 -24 11.77 30 -24 10
3 16 30 -24 7.5 30.96 -24 7.69 30 -24 10
3 16 30.96 -24 12.31 30 -24 12.5 30 -24 10
3 16 29.04 -24 7.69 30 -24 7.5 30 -24 10
3 16 27.69 -24 10.96 27.5 -24 10 30 -24 10
3 16 27.5 -24 10 27.69 -24 9.04 30 -24 10
3 16 27.69 -24 9.04 28.23 -24 8.23 30 -24 10
3 16 28.23 -24 8.23 29.04 -24 7.69 30 -24 10
3 16 31.77 -24 11.77 30.96 -24 12.31 30 -24 10
3 16 30.96 -24 7.69 31.77 -24 8.23 30 -24 10
3 16 32.31 -24 10.96 31.77 -24 11.77 30 -24 10
3 16 31.77 -24 8.23 32.31 -24 9.04 30 -24 10
3 16 32.5 -24 10 32.31 -24 10.96 30 -24 10
3 16 32.31 -24 9.04 32.5 -24 10 30 -24 10
4 16 14.257 -21.5 5.354 13.522 -21.5 6.455 13.071 -5 7.13 14.697 -5 4.697
3 16 14.697 -21.5 4.697 14.257 -21.5 5.354 14.697 -5 4.697
3 16 13.522 -21.5 6.455 13.071 -21.5 7.13 13.071 -5 7.13
4 16 13.522 -21.5 13.545 14.257 -21.5 14.646 14.697 -5 15.303 13.071 -5 12.87
3 16 13.071 -21.5 12.87 13.522 -21.5 13.545 13.071 -5 12.87
3 16 14.257 -21.5 14.646 14.697 -21.5 15.303 14.697 -5 15.303
3 16 25.743 -21.5 14.646 25.303 -5 15.303 25.303 -21.5 15.303
3 16 26.929 -21.5 12.87 26.929 -5 12.87 26.478 -21.5 13.545
4 16 26.478 -21.5 13.545 26.929 -5 12.87 25.303 -5 15.303 25.743 -21.5 14.646
3 16 26.478 -21.5 6.455 26.929 -5 7.13 26.929 -21.5 7.13
3 16 25.303 -21.5 4.697 25.303 -5 4.697 25.743 -21.5 5.354
4 16 25.743 -21.5 5.354 25.303 -5 4.697 26.929 -5 7.13 26.478 -21.5 6.455
4 16 26.478 -24 6.455 25.743 -24 5.354 25.743 -21.5 5.354 26.478 -21.5 6.455
4 16 25.743 -24 14.646 26.478 -24 13.545 26.478 -21.5 13.545 25.743 -21.5 14.646
4 16 5.381 -21.5 11.913 7.69 -21.5 10.957 7.5 -21.5 10 5 -21.5 10
4 16 6.464 -21.5 13.536 8.232 -21.5 11.768 7.69 -21.5 10.957 5.381 -21.5 11.913
4 16 8.087 -21.5 14.619 9.043 -21.5 12.31 8.232 -21.5 11.768 6.464 -21.5 13.536
4 16 10 -21.5 15 10 -21.5 12.5 9.043 -21.5 12.31 8.087 -21.5 14.619
4 16 11.913 -21.5 14.619 10.957 -21.5 12.31 10 -21.5 12.5 10 -21.5 15
4 16 11.913 -21.5 14.619 13.522 -21.5 13.545 11.768 -21.5 11.768 10.957 -21.5 12.31
3 16 13.071 -21.5 12.87 11.768 -21.5 11.768 13.522 -21.5 13.545
3 16 12.5 -21.5 10 12.31 -21.5 10.957 13.071 -21.5 12.87
3 16 13.071 -21.5 12.87 12.31 -21.5 10.957 11.768 -21.5 11.768
3 16 13.071 -21.5 7.13 11.768 -21.5 8.232 12.31 -21.5 9.043
3 16 12.5 -21.5 10 13.071 -21.5 7.13 12.31 -21.5 9.043
3 16 13.071 -21.5 7.13 13.522 -21.5 6.455 11.768 -21.5 8.232
4 16 11.914 -21.5 5.38 10.957 -21.5 7.69 11.768 -21.5 8.232 13.522 -21.5 6.455
4 16 11.914 -21.5 5.38 10 -21.5 5 10 -21.5 7.5 10.957 -21.5 7.69
4 16 10 -21.5 5 8.086 -21.5 5.38 9.043 -21.5 7.69 10 -21.5 7.5
4 16 8.086 -21.5 5.38 6.464 -21.5 6.465 8.232 -21.5 8.232 9.043 -21.5 7.69
4 16 6.464 -21.5 6.465 5.38 -21.5 8.086 7.69 -21.5 9.043 8.232 -21.5 8.232
4 16 5.38 -21.5 8.086 5 -21.5 10 7.5 -21.5 10 7.69 -21.5 9.043
4 16 7.69 -21.5 10.957 8.232 -21.5 11.768 8.232 0 11.768 7.69 0 10.957
4 16 12.31 -21.5 9.043 11.768 -21.5 8.232 11.768 0 8.232 12.31 0 9.043
4 16 11.768 -21.5 11.768 12.31 -21.5 10.957 12.31 0 10.957 11.768 0 11.768
4 16 10.957 -21.5 12.31 11.768 -21.5 11.768 11.768 0 11.768 10.957 0 12.31
4 16 10 -21.5 12.5 10.957 -21.5 12.31 10.957 0 12.31 10 0 12.5
4 16 9.043 -21.5 12.31 10 -21.5 12.5 10 0 12.5 9.043 0 12.31
4 16 8.232 -21.5 11.768 9.043 -21.5 12.31 9.043 0 12.31 8.232 0 11.768
4 16 10 -21.5 7.5 9.043 -21.5 7.69 9.043 0 7.69 10 0 7.5
4 16 10.957 -21.5 7.69 10 -21.5 7.5 10 0 7.5 10.957 0 7.69
4 16 7.69 -21.5 9.043 7.5 -21.5 10 7.5 0 10 7.69 0 9.043
4 16 8.232 -21.5 8.232 7.69 -21.5 9.043 7.69 0 9.043 8.232 0 8.232
4 16 11.768 -21.5 8.232 10.957 -21.5 7.69 10.957 0 7.69 11.768 0 8.232
4 16 9.043 -21.5 7.69 8.232 -21.5 8.232 8.232 0 8.232 9.043 0 7.69
4 16 7.5 -21.5 10 7.69 -21.5 10.957 7.69 0 10.957 7.5 0 10
3 16 7.69 0 10.957 8.232 0 11.768 10 0 10
3 16 12.31 0 9.043 11.768 0 8.232 10 0 10
3 16 12.5 0 10 12.31 0 9.043 10 0 10
3 16 12.31 0 10.957 12.5 0 10 10 0 10
3 16 11.768 0 11.768 12.31 0 10.957 10 0 10
3 16 10.957 0 12.31 11.768 0 11.768 10 0 10
3 16 10 0 12.5 10.957 0 12.31 10 0 10
3 16 9.043 0 12.31 10 0 12.5 10 0 10
3 16 8.232 0 11.768 9.043 0 12.31 10 0 10
3 16 10 0 7.5 9.043 0 7.69 10 0 10
3 16 10.957 0 7.69 10 0 7.5 10 0 10
3 16 7.69 0 9.043 7.5 0 10 10 0 10
3 16 8.232 0 8.232 7.69 0 9.043 10 0 10
3 16 11.768 0 8.232 10.957 0 7.69 10 0 10
3 16 9.043 0 7.69 8.232 0 8.232 10 0 10
3 16 7.5 0 10 7.69 0 10.957 10 0 10
3 16 12.5 -5 10 12.31 -21.5 9.043 12.31 0 9.043
3 16 12.5 0 10 12.5 -5 10 12.31 0 9.043
3 16 12.5 -5 10 12.5 -21.5 10 12.31 -21.5 9.043
3 16 12.5 -5 10 12.31 0 10.957 12.31 -21.5 10.957
3 16 12.5 -21.5 10 12.5 -5 10 12.31 -21.5 10.957
3 16 12.5 -5 10 12.5 0 10 12.31 0 10.957
3 16 27.5 -5 10 27.5 0 10 27.69 0 9.043
3 16 27.5 -21.5 10 27.5 -5 10 27.69 -21.5 9.043
3 16 27.5 -5 10 27.69 0 9.043 27.69 -21.5 9.043
3 16 27.5 -5 10 27.5 -21.5 10 27.69 -21.5 10.957
3 16 27.5 0 10 27.5 -5 10 27.69 0 10.957
3 16 27.5 -5 10 27.69 -21.5 10.957 27.69 0 10.957
3 16 32.5 0 10 32.31 0 9.043 30 0 10
3 16 30.957 0 12.31 31.768 0 11.768 30 0 10
3 16 28.232 0 11.768 29.043 0 12.31 30 0 10
3 16 31.768 0 11.768 32.31 0 10.957 30 0 10
3 16 32.31 0 10.957 32.5 0 10 30 0 10
3 16 29.043 0 12.31 30 0 12.5 30 0 10
3 16 30 0 12.5 30.957 0 12.31 30 0 10
3 16 31.768 0 8.232 30.957 0 7.69 30 0 10
3 16 30.957 0 7.69 30 0 7.5 30 0 10
3 16 30 0 7.5 29.043 0 7.69 30 0 10
3 16 29.043 0 7.69 28.232 0 8.232 30 0 10
3 16 28.232 0 8.232 27.69 0 9.043 30 0 10
3 16 27.69 0 9.043 27.5 0 10 30 0 10
3 16 27.5 0 10 27.69 0 10.957 30 0 10
3 16 27.69 0 10.957 28.232 0 11.768 30 0 10
3 16 32.31 0 9.043 31.768 0 8.232 30 0 10
4 16 32.5 -21.5 10 32.31 -21.5 9.043 32.31 0 9.043 32.5 0 10
4 16 30.957 -21.5 12.31 31.768 -21.5 11.768 31.768 0 11.768 30.957 0 12.31
4 16 28.232 -21.5 11.768 29.043 -21.5 12.31 29.043 0 12.31 28.232 0 11.768
4 16 31.768 -21.5 11.768 32.31 -21.5 10.957 32.31 0 10.957 31.768 0 11.768
4 16 32.31 -21.5 10.957 32.5 -21.5 10 32.5 0 10 32.31 0 10.957
4 16 29.043 -21.5 12.31 30 -21.5 12.5 30 0 12.5 29.043 0 12.31
4 16 30 -21.5 12.5 30.957 -21.5 12.31 30.957 0 12.31 30 0 12.5
4 16 31.768 -21.5 8.232 30.957 -21.5 7.69 30.957 0 7.69 31.768 0 8.232
4 16 30.957 -21.5 7.69 30 -21.5 7.5 30 0 7.5 30.957 0 7.69
4 16 30 -21.5 7.5 29.043 -21.5 7.69 29.043 0 7.69 30 0 7.5
4 16 29.043 -21.5 7.69 28.232 -21.5 8.232 28.232 0 8.232 29.043 0 7.69
4 16 28.232 -21.5 8.232 27.69 -21.5 9.043 27.69 0 9.043 28.232 0 8.232
4 16 27.69 -21.5 10.957 28.232 -21.5 11.768 28.232 0 11.768 27.69 0 10.957
4 16 32.31 -21.5 9.043 31.768 -21.5 8.232 31.768 0 8.232 32.31 0 9.043
4 16 34.619 -21.5 11.913 35 -21.5 10 32.5 -21.5 10 32.31 -21.5 10.957
4 16 33.535 -21.5 13.536 34.619 -21.5 11.913 32.31 -21.5 10.957 31.768 -21.5 11.768
4 16 31.913 -21.5 14.619 33.535 -21.5 13.536 31.768 -21.5 11.768 30.957 -21.5 12.31
4 16 30 -21.5 15 31.913 -21.5 14.619 30.957 -21.5 12.31 30 -21.5 12.5
4 16 28.087 -21.5 14.619 30 -21.5 15 30 -21.5 12.5 29.043 -21.5 12.31
4 16 28.087 -21.5 14.619 29.043 -21.5 12.31 28.232 -21.5 11.768 26.478 -21.5 13.545
3 16 26.929 -21.5 12.87 26.478 -21.5 13.545 28.232 -21.5 11.768
3 16 27.5 -21.5 10 26.929 -21.5 12.87 27.69 -21.5 10.957
3 16 26.929 -21.5 12.87 28.232 -21.5 11.768 27.69 -21.5 10.957
3 16 26.929 -21.5 7.13 27.69 -21.5 9.043 28.232 -21.5 8.232
3 16 27.5 -21.5 10 27.69 -21.5 9.043 26.929 -21.5 7.13
3 16 26.929 -21.5 7.13 28.232 -21.5 8.232 26.478 -21.5 6.455
4 16 28.087 -21.5 5.38 26.478 -21.5 6.455 28.232 -21.5 8.232 29.043 -21.5 7.69
4 16 28.087 -21.5 5.38 29.043 -21.5 7.69 30 -21.5 7.5 30 -21.5 5
4 16 30 -21.5 5 30 -21.5 7.5 30.957 -21.5 7.69 31.913 -21.5 5.38
4 16 31.913 -21.5 5.38 30.957 -21.5 7.69 31.768 -21.5 8.232 33.535 -21.5 6.465
4 16 33.535 -21.5 6.465 31.768 -21.5 8.232 32.31 -21.5 9.043 34.62 -21.5 8.086
4 16 34.62 -21.5 8.086 32.31 -21.5 9.043 32.5 -21.5 10 35 -21.5 10
5 24 3.65 -24 10 5 -24 10 4.133 -24 7.57 4.133 -24 12.43
2 24 35.3 -24 4.7 36.93 -24 7.13
2 24 15 -21.5 2.5 15 -5 2.5
2 24 13.071 -5 12.87 14.697 -5 15.303
5 24 27.57 -24 15.866 28.087 -24 14.619 30 -24 16.35 25.743 -24 14.646
2 24 25 -21.5 17.5 25 -5 17.5
2 24 14.697 -5 15.303 15 -5 15.5
5 24 6.464 -21.5 6.465 6.465 -24 6.465 8.086 -21.5 5.38 5.38 -21.5 8.086
2 24 34.62 -21.5 8.086 35 -21.5 10
5 24 10 -21.5 12.5 10 0 12.5 10.957 -21.5 12.31 9.043 -21.5 12.31
2 24 2.5 -5 2.5 2.5 0 2.5
5 24 32.43 -24 4.133 32.43 -21.5 4.133 34.49 -24 5.51 30 -24 3.65
2 24 25.743 -24 14.646 25.743 -21.5 14.646
2 24 12.31 -29 10.96 12.5 -29 10
2 24 3.65 -21.5 10 4.133 -21.5 12.43
2 24 10 -29 2.5 12.87 -29 3.07
2 24 5 -24 10 5.38 -24 8.086
5 24 12.31 0 10.957 12.5 -5 10 12.31 -21.5 10.957 12.5 0 10
2 24 30 -29 12.5 30.96 -29 12.31
2 24 10 -24 12.5 10.96 -24 12.31
2 24 25 -21.5 15.5 25 -5 15.5
2 24 8.086 -24 5.38 10 -24 5
5 24 25.303 -5 4.697 25.743 -21.5 5.354 25.303 -21.5 4.697 26.929 -5 7.13
2 24 22.5 -29 14.23 22.5 -24 14.23
5 24 4.133 -24 12.43 5.381 -24 11.913 3.65 -24 10 5.51 -24 14.49
5 24 14.257 -21.5 14.646 14.697 -5 15.303 13.522 -21.5 13.545 14.697 -21.5 15.303
2 24 10.96 -24 12.31 11.77 -24 11.77
5 24 4.7 -29 4.7 4.7 -24 4.7 3.07 -29 7.13 7.13 -29 3.07
2 24 12.87 -24 16.929 15 -24 15.5
2 24 16.46 -29 6.46 17.5 -29 5.77
2 24 25 -5 15.5 25 -5 17.5
2 24 30 -24 15 31.913 -24 14.619
2 24 12.31 -24 9.04 12.5 -24 10
2 24 10.96 -24 7.69 11.77 -24 8.23
2 24 27.69 -24 10.96 28.23 -24 11.77
2 24 28.087 -21.5 5.38 30 -21.5 5
5 24 10.957 -21.5 12.31 10.957 0 12.31 11.768 -21.5 11.768 10 -21.5 12.5
2 24 18.084 -21.5 14.619 19.997 -21.5 15
2 24 10.96 -29 12.31 11.77 -29 11.77
2 24 22.5 -24 5.77 22.5 -5 5.77
2 24 30 -21.5 15 31.913 -21.5 14.619
2 24 26.478 -21.5 13.545 26.929 -21.5 12.87
2 24 8.087 -24 14.619 10 -24 15
5 24 36.93 -29 7.13 36.93 -24 7.13 37.5 -29 10 35.3 -29 4.7
2 24 7.5 -29 10 7.69 -29 9.04
5 24 10 -29 7.5 10 -24 7.5 10.96 -29 7.69 9.04 -29 7.69
5 24 35.867 -21.5 7.57 35.867 -24 7.57 36.35 -21.5 10 34.49 -21.5 5.51
5 24 32.43 -24 15.866 32.43 -21.5 15.866 34.49 -24 14.49 30 -24 16.35
2 24 17.5 -29 17.5 17.5 -24 17.5
2 24 8.232 -21.5 8.232 9.043 -21.5 7.69
2 24 22.5 -5 2.5 25 -5 2.5
5 24 9.04 -29 7.69 9.04 -24 7.69 8.23 -29 8.23 10 -29 7.5
5 24 23.54 -24 6.46 24.625 -24 8.084 23.54 -5 6.46 23.54 -29 6.46
5 24 31.913 -24 14.619 31.913 -21.5 14.619 33.535 -24 13.536 30 -24 15
2 24 15 -5 2.5 15 -5 4.5
2 24 30.957 0 12.31 31.768 0 11.768
2 24 10 -29 12.5 10.96 -29 12.31
5 24 7.13 -29 16.93 7.13 -24 16.93 4.7 -29 15.3 10 -29 17.5
2 24 3.65 -24 10 4.133 -24 12.43
5 24 34.619 -24 11.913 35.867 -24 12.43 35 -24 10 33.535 -24 13.536
2 24 22.5 -29 2.5 25 -29 4.5
5 24 24.625 -29 8.084 24.625 -24 8.084 23.54 -29 6.46 25.006 -29 10
5 24 23.54 -24 6.46 23.54 -5 6.46 22.5 -24 5.77 24.625 -24 8.084
2 24 12.31 -21.5 10.957 12.5 -21.5 10
2 24 19.997 -24 15 21.91 -24 14.619
2 24 28.232 0 11.768 29.043 0 12.31
2 24 16.46 -29 13.54 17.5 -29 14.23
5 24 28.232 -21.5 8.232 28.232 0 8.232 29.043 -21.5 7.69 27.69 -21.5 9.043
5 24 12.31 -21.5 10.957 12.31 0 10.957 11.768 -21.5 11.768 12.5 -5 10
2 24 29.04 -29 7.69 30 -29 7.5
2 24 30 -24 17.5 32.87 -24 16.93
2 24 10 -24 5 11.914 -24 5.38
2 24 24.625 -29 11.916 25.006 -29 10
2 24 31.77 -24 8.23 32.31 -24 9.04
2 24 11.768 0 11.768 12.31 0 10.957
2 24 37.5 0 2.5 37.5 0 17.5
5 24 25.743 -21.5 14.646 26.478 -21.5 13.545 25.303 -5 15.303 25.743 -24 14.646
2 24 11.77 -24 11.77 12.31 -24 10.96
2 24 11.77 -29 11.77 12.31 -29 10.96
5 24 27.69 -29 10.96 27.69 -24 10.96 28.23 -29 11.77 27.5 -29 10
2 24 29.043 0 7.69 30 0 7.5
5 24 8.23 -29 11.77 8.23 -24 11.77 7.69 -29 10.96 9.04 -29 12.31
2 24 22.5 0 2.5 37.5 0 2.5
5 24 7.57 -24 15.866 7.57 -21.5 15.866 5.51 -24 14.49 10 -24 16.35
2 24 32.31 -24 9.04 32.5 -24 10
5 24 30 -29 2.5 30 -24 2.5 27.13 -29 3.07 32.87 -29 3.07
2 24 27.5 -5 10 27.5 -21.5 10
2 24 12.31 -21.5 9.043 12.5 -21.5 10
2 24 22.5 -5 2.5 22.5 -5 5.77
5 24 10 -29 17.5 10 -24 17.5 7.13 -29 16.93 12.87 -29 16.929
2 24 37.5 -5 2.5 37.5 0 2.5
2 24 11.914 -21.5 5.38 13.522 -21.5 6.455
2 24 17.5 -21.5 14.23 18.084 -21.5 14.619
2 24 2.5 0 17.5 37.5 0 17.5
2 24 27.69 -29 10.96 28.23 -29 11.77
2 24 7.5 -21.5 10 7.69 -21.5 9.043
5 24 12.43 -24 4.133 12.43 -21.5 4.133 10 -24 3.65 14.257 -24 5.354
5 24 35 -24 10 35 -21.5 10 34.619 -24 11.913 34.62 -24 8.086
2 24 7.69 0 9.043 8.232 0 8.232
2 24 17.5 -5 2.5 17.5 0 2.5
2 24 32.31 0 9.043 32.5 0 10
5 24 30 -24 16.35 30 -21.5 16.35 27.57 -24 15.866 32.43 -24 15.866
2 24 36.93 -29 12.87 37.5 -29 10
2 24 37.5 -21.5 17.5 37.5 -5 17.5
2 24 2.5 -21.5 2.5 2.5 -21.5 17.5
2 24 17.5 -21.5 17.5 17.5 -5 17.5
5 24 9.043 -21.5 12.31 9.043 0 12.31 10 -21.5 12.5 8.232 -21.5 11.768
2 24 10 -29 17.5 12.87 -29 16.929
2 24 32.87 -29 16.93 35.3 -29 15.3
2 24 30 -21.5 5 31.913 -21.5 5.38
2 24 37.5 -21.5 2.5 37.5 -21.5 17.5
2 24 26.929 -21.5 7.13 27.5 -21.5 10
5 24 15.375 -24 11.916 16.46 -24 13.54 15.375 -29 11.916 15.375 -5 11.916
2 24 4.133 -21.5 7.57 5.51 -21.5 5.51
2 24 31.768 -21.5 8.232 32.31 -21.5 9.043
5 24 14.994 -24 10 14.994 -5 10 15.375 -24 11.916 15.375 -24 8.084
5 24 23.54 -24 13.54 24.625 -24 11.916 23.54 -5 13.54 23.54 -29 13.54
2 24 27.5 -21.5 10 27.69 -21.5 10.957
2 24 26.478 -21.5 6.455 26.929 -21.5 7.13
2 24 14.257 -21.5 14.646 14.697 -21.5 15.303
5 24 15.375 -24 11.916 15.375 -5 11.916 16.46 -24 13.54 14.994 -24 10
2 24 25 -5 15.5 25.303 -5 15.303
5 24 10.957 -21.5 7.69 10.957 0 7.69 10 -21.5 7.5 11.768 -21.5 8.232
2 24 25 -21.5 2.5 37.5 -21.5 2.5
5 24 8.086 -24 5.38 8.086 -21.5 5.38 6.465 -24 6.465 10 -24 5
2 24 21.91 -24 14.619 22.5 -24 14.23
2 24 28.087 -24 5.38 30 -24 5
2 24 2.5 0 2.5 2.5 0 17.5
2 24 6.464 -21.5 13.536 8.087 -21.5 14.619
2 24 35.867 -24 12.43 36.35 -24 10
2 24 33.535 -21.5 6.465 34.62 -21.5 8.086
2 24 30.96 -24 7.69 31.77 -24 8.23
2 24 26.478 -21.5 6.455 28.087 -21.5 5.38
2 24 25.743 -24 5.354 27.57 -24 4.133
2 24 30.957 -21.5 7.69 31.768 -21.5 8.232
2 24 12.5 -21.5 10 13.071 -21.5 12.87
2 24 31.913 -21.5 14.619 33.535 -21.5 13.536
2 24 12.31 0 9.043 12.5 0 10
5 24 30 -24 5 30 -21.5 5 31.913 -24 5.38 28.087 -24 5.38
5 24 11.77 -29 11.77 11.77 -24 11.77 10.96 -29 12.31 12.31 -29 10.96
5 24 32.87 -29 3.07 32.87 -24 3.07 30 -29 2.5 35.3 -29 4.7
2 24 26.929 -21.5 12.87 27.5 -21.5 10
2 24 30.957 0 7.69 31.768 0 8.232
2 24 25 -24 4.5 27.13 -24 3.07
2 24 15 -29 15.5 15 -24 15.5
2 24 15.375 -29 8.084 16.46 -29 6.46
5 24 28.23 -29 11.77 28.23 -24 11.77 27.69 -29 10.96 29.04 -29 12.31
2 24 25.743 -21.5 14.646 27.57 -21.5 15.866
2 24 27.69 -21.5 10.957 28.232 -21.5 11.768
2 24 30 -24 7.5 30.96 -24 7.69
2 24 32.43 -21.5 15.866 34.49 -21.5 14.49
2 24 11.914 -24 5.38 13.522 -24 6.455
2 24 9.043 0 7.69 10 0 7.5
5 24 16.46 -29 6.46 16.46 -24 6.46 15.375 -29 8.084 17.5 -29 5.77
2 24 15 -5 15.5 15 -5 17.5
5 24 11.914 -24 5.38 11.914 -21.5 5.38 10 -24 5 13.522 -24 6.455
2 24 10 -24 2.5 12.87 -24 3.07
2 24 21.91 -21.5 14.619 22.5 -21.5 14.23
2 24 27.57 -21.5 4.133 30 -21.5 3.65
5 24 27.57 -24 15.866 27.57 -21.5 15.866 30 -24 16.35 25.743 -24 14.646
2 24 22.5 -24 0 22.5 0 0
2 24 19.997 -21.5 15 21.91 -21.5 14.619
2 24 11.77 -24 8.23 12.31 -24 9.04
2 24 16.46 -5 6.46 17.5 -5 5.77
2 24 30.96 -29 12.31 31.77 -29 11.77
2 24 0 0 0 17.5 0 0
2 24 35.867 -24 7.57 36.35 -24 10
2 24 10.957 -21.5 7.69 11.768 -21.5 8.232
5 24 22.5 -24 2.5 22.5 -24 5.77 22.5 -5 2.5 22.5 -29 2.5
2 24 14.697 -5 4.697 15 -5 4.5
2 24 11.913 -24 14.619 13.522 -24 13.545
2 24 34.619 -21.5 11.913 35 -21.5 10
2 24 23.54 -5 6.46 24.625 -5 8.084
2 24 30 0 12.5 30.957 0 12.31
5 24 28.087 -24 14.619 28.087 -21.5 14.619 30 -24 15 26.478 -24 13.545
2 24 15 -5 17.5 17.5 -5 17.5
2 24 17.5 -5 2.5 17.5 -5 5.77
2 24 17.5 -29 2.5 17.5 -29 5.77
2 24 12.31 -24 10.96 12.5 -24 10
2 24 22.5 0 0 40 0 0
2 24 10 0 7.5 10.957 0 7.69
2 24 15 -29 15.5 17.5 -29 17.5
5 24 12.31 -29 9.04 12.31 -24 9.04 11.77 -29 8.23 12.5 -29 10
2 24 2.5 -21.5 17.5 2.5 -5 17.5
2 24 17.5 -21.5 14.23 17.5 -21.5 17.5
2 24 22.5 -5 2.5 22.5 0 2.5
2 24 37.5 -21.5 2.5 37.5 -5 2.5
5 24 30 -24 3.65 30 -21.5 3.65 32.43 -24 4.133 27.57 -24 4.133
5 24 22.5 -5 2.5 22.5 -24 0 22.5 0 0 22.5 -24 2.5
5 24 23.54 -29 13.54 23.54 -24 13.54 22.5 -29 14.23 24.625 -29 11.916
5 24 12.31 0 9.043 12.5 -5 10 12.31 -21.5 9.043 12.5 0 10
2 24 17.5 -21.5 17.5 22.5 -21.5 17.5
2 24 13.522 -21.5 13.545 13.522 -24 13.545
2 24 5.51 -21.5 5.51 7.57 -21.5 4.133
2 24 27.5 0 10 27.69 0 9.043
2 24 0 -24 20 0 0 20
5 24 27.13 -29 16.929 27.13 -24 16.929 25 -29 15.5 30 -29 17.5
2 24 25 -5 2.5 25 -5 4.5
2 24 17.5 -29 5.77 17.5 -24 5.77
5 24 31.77 -29 11.77 31.77 -24 11.77 30.96 -29 12.31 32.31 -29 10.96
5 24 7.5 -21.5 10 7.5 0 10 7.69 -21.5 9.043 7.69 -21.5 10.957
5 24 7.69 -21.5 10.957 7.69 0 10.957 8.232 -21.5 11.768 7.5 -21.5 10
5 24 16.46 -24 13.54 17.5 -21.5 14.23 16.46 -5 13.54 17.5 -24 14.23
2 24 10 -24 7.5 10.96 -24 7.69
5 24 6.464 -24 13.536 6.464 -21.5 13.536 8.087 -24 14.619 5.381 -24 11.913
2 24 7.69 -29 9.04 8.23 -29 8.23
2 24 27.13 -24 16.929 30 -24 17.5
2 24 2.5 -21.5 2.5 15 -21.5 2.5
5 24 27.5 -29 10 27.5 -24 10 27.69 -29 10.96 27.69 -29 9.04
2 24 36.93 -29 7.13 37.5 -29 10
2 24 2.5 -5 17.5 2.5 0 17.5
2 24 32.31 -29 9.04 32.5 -29 10
2 24 12.5 -5 10 13.071 -5 12.87
2 24 5.51 -24 14.49 7.57 -24 15.866
2 24 14.994 -29 10 15.375 -29 11.916
5 24 13.071 -5 7.13 13.522 -21.5 6.455 14.697 -5 4.697 13.071 -21.5 7.13
2 24 22.5 -29 2.5 22.5 -24 2.5
2 24 27.13 -24 3.07 30 -24 2.5
2 24 14.994 -5 10 15.375 -5 8.084
2 24 28.087 -24 14.619 30 -24 15
2 24 9.043 -21.5 7.69 10 -21.5 7.5
2 24 10 0 12.5 10.957 0 12.31
5 24 36.35 -24 10 36.35 -21.5 10 35.867 -24 12.43 35.867 -24 7.57
2 24 4.7 -24 15.3 7.13 -24 16.93
5 24 23.54 -24 13.54 23.54 -5 13.54 24.625 -24 11.916 22.5 -21.5 14.23
2 24 22.5 -21.5 17.5 22.5 -5 17.5
2 24 30 -29 17.5 32.87 -29 16.93
5 24 7.13 -29 3.07 7.13 -24 3.07 4.7 -29 4.7 10 -29 2.5
5 24 27.69 -21.5 9.043 27.69 0 9.043 27.5 -5 10 28.232 -21.5 8.232
2 24 34.62 -24 8.086 35 -24 10
2 24 5.38 -24 8.086 6.465 -24 6.465
2 24 2.5 0 2.5 17.5 0 2.5
2 24 40 -24 20 40 0 20
2 24 22.5 -24 14.23 22.5 -24 17.5
2 24 5.381 -21.5 11.913 6.464 -21.5 13.536
5 24 4.133 -24 12.43 4.133 -21.5 12.43 5.51 -24 14.49 3.65 -24 10
2 24 25 -29 4.5 27.13 -29 3.07
2 24 22.5 -29 5.77 22.5 -24 5.77
2 24 30 -24 5 31.913 -24 5.38
2 24 10 -29 7.5 10.96 -29 7.69
2 24 26.478 -24 6.455 28.087 -24 5.38
2 24 10 -21.5 16.35 12.43 -21.5 15.866
5 24 30.96 -29 12.31 30.96 -24 12.31 30 -29 12.5 31.77 -29 11.77
2 24 10 -24 15 11.913 -24 14.619
2 24 0 -24 0 0 0 0
2 24 7.5 -21.5 10 7.69 -21.5 10.957
5 24 11.768 -21.5 11.768 11.768 0 11.768 12.31 -21.5 10.957 10.957 -21.5 12.31
5 24 5.38 -24 8.086 5.38 -21.5 8.086 6.465 -24 6.465 5 -24 10
2 24 6.464 -21.5 6.465 8.086 -21.5 5.38
5 24 7.5 -29 10 7.5 -24 10 7.69 -29 9.04 7.69 -29 10.96
5 24 15.375 -29 11.916 15.375 -24 11.916 14.994 -29 10 16.46 -29 13.54
2 24 15 -29 4.5 15 -24 4.5
2 24 12.43 -24 15.866 14.257 -24 14.646
2 24 22.5 -24 0 40 -24 0
2 24 5.381 -24 11.913 6.464 -24 13.536
2 24 12.5 -5 10 13.071 -5 7.13
5 24 13.522 -21.5 13.545 14.257 -21.5 14.646 13.522 -24 13.545 13.071 -5 12.87
5 24 22.5 -5 2.5 22.5 0 0 22.5 -24 0 22.5 0 2.5
5 24 29.043 -21.5 7.69 29.043 0 7.69 30 -21.5 7.5 28.232 -21.5 8.232
5 24 7.57 -21.5 4.133 7.57 -24 4.133 5.51 -21.5 5.51 10 -21.5 3.65
5 24 12.43 -24 15.866 12.43 -21.5 15.866 10 -24 16.35 14.257 -24 14.646
2 24 26.929 -5 7.13 27.5 -5 10
2 24 7.57 -21.5 15.866 10 -21.5 16.35
2 24 28.232 -21.5 8.232 29.043 -21.5 7.69
2 24 28.23 -29 8.23 29.04 -29 7.69
2 24 7.5 -24 10 7.69 -24 10.96
2 24 4.133 -24 12.43 5.51 -24 14.49
2 24 7.57 -24 15.866 10 -24 16.35
2 24 32.43 -24 4.133 34.49 -24 5.51
5 24 29.04 -29 7.69 29.04 -24 7.69 30 -29 7.5 28.23 -29 8.23
2 24 27.69 0 10.957 28.232 0 11.768
2 24 25 -29 4.5 25 -24 4.5
2 24 30.96 -24 12.31 31.77 -24 11.77
5 24 8.232 -21.5 11.768 8.232 0 11.768 7.69 -21.5 10.957 9.043 -21.5 12.31
2 24 15 -21.5 15.5 15 -5 15.5
2 24 2.5 -29 10 3.07 -29 7.13
5 24 26.929 -21.5 7.13 26.929 -5 7.13 27.5 -21.5 10 26.478 -21.5 6.455
2 24 10.957 0 7.69 11.768 0 8.232
2 24 10 -21.5 5 11.914 -21.5 5.38
2 24 32.31 0 10.957 32.5 0 10
5 24 27.5 -5 10 27.69 0 10.957 27.5 0 10 27.69 -21.5 10.957
5 24 34.49 -24 14.49 34.49 -21.5 14.49 32.43 -24 15.866 35.867 -24 12.43
2 24 23.54 -29 6.46 24.625 -29 8.084
2 24 7.5 0 10 7.69 0 9.043
2 24 17.5 -24 14.23 17.5 -24 17.5
5 24 27.5 -5 10 27.69 -21.5 9.043 27.5 -21.5 10 27.69 0 9.043
2 24 3.65 -24 10 4.133 -24 7.57
5 24 25.743 -21.5 5.354 26.478 -21.5 6.455 25.303 -5 4.697 25.743 -24 5.354
2 24 10 -24 3.65 12.43 -24 4.133
5 24 28.232 -21.5 11.768 28.232 0 11.768 29.043 -21.5 12.31 27.69 -21.5 10.957
2 24 25 -29 15.5 25 -24 15.5
2 24 12.43 -21.5 15.866 14.257 -21.5 14.646
2 24 25 -21.5 15.5 25 -21.5 17.5
5 24 35 -24 10 36.35 -24 10 34.62 -24 8.086 34.619 -24 11.913
5 24 15.375 -24 8.084 15.375 -5 8.084 14.994 -24 10 16.46 -24 6.46
2 24 7.5 -29 10 7.69 -29 10.96
5 24 26.929 -5 12.87 26.929 -21.5 12.87 27.5 -5 10 26.478 -21.5 13.545
5 24 28.087 -24 5.38 28.087 -21.5 5.38 30 -24 5 26.478 -24 6.455
2 24 29.04 -24 12.31 30 -24 12.5
2 24 31.768 -21.5 11.768 32.31 -21.5 10.957
2 24 12.87 -29 3.07 15 -29 4.5
2 24 25.743 -24 5.354 26.478 -24 6.455
2 24 12.5 -21.5 10 13.071 -21.5 7.13
2 24 30 -21.5 12.5 30.957 -21.5 12.31
2 24 31.768 0 11.768 32.31 0 10.957
2 24 32.31 -21.5 10.957 32.5 -21.5 10
2 24 40 -24 0 40 0 0
5 24 35.3 -29 4.7 35.3 -24 4.7 32.87 -29 3.07 36.93 -29 7.13
5 24 10 -29 12.5 10 -24 12.5 9.04 -29 12.31 10.96 -29 12.31
5 24 32.87 -29 16.93 32.87 -24 16.93 30 -29 17.5 35.3 -29 15.3
2 24 17.5 -24 0 17.5 -24 2.5
2 24 9.04 -29 7.69 10 -29 7.5
2 24 15.375 -5 8.084 16.46 -5 6.46
2 24 3.07 -24 12.87 4.7 -24 15.3
2 24 22.5 -5 14.23 23.54 -5 13.54
2 24 14.257 -21.5 5.354 14.697 -21.5 4.697
2 24 10.957 0 12.31 11.768 0 11.768
5 24 2.5 -29 10 2.5 -24 10 3.07 -29 7.13 3.07 -29 12.87
2 24 34.49 -24 14.49 35.867 -24 12.43
5 24 33.535 -24 6.465 33.535 -21.5 6.465 31.913 -24 5.38 34.62 -24 8.086
5 24 30 -29 17.5 30 -24 17.5 27.13 -29 16.929 32.87 -29 16.93
2 24 32.87 -29 3.07 35.3 -29 4.7
2 24 25 -21.5 4.5 25 -5 4.5
2 24 32.43 -24 15.866 34.49 -24 14.49
5 24 32.5 -21.5 10 32.5 0 10 32.31 -21.5 9.043 32.31 -21.5 10.957
2 24 25.743 -24 5.354 25.743 -21.5 5.354
5 24 13.522 -21.5 6.455 14.257 -21.5 5.354 13.522 -24 6.455 13.071 -5 7.13
5 24 25.303 -5 15.303 25.303 -21.5 15.303 25 -5 15.5 25.743 -21.5 14.646
2 24 15.375 -5 11.916 16.46 -5 13.54
2 24 9.043 -21.5 12.31 10 -21.5 12.5
2 24 32.31 -29 10.96 32.5 -29 10
2 24 27.69 0 9.043 28.232 0 8.232
5 24 25.303 -21.5 4.697 25.303 -5 4.697 25 -21.5 4.5 25.743 -21.5 5.354
5 24 16.46 -24 6.46 16.46 -5 6.46 17.5 -24 5.77 15.375 -24 8.084
2 24 12.43 -24 4.133 14.257 -24 5.354
2 24 32.31 -24 10.96 32.5 -24 10
5 24 10 -29 2.5 10 -24 2.5 7.13 -29 3.07 12.87 -29 3.07
2 24 25 -5 4.5 25.303 -5 4.697
2 24 11.768 0 8.232 12.31 0 9.043
2 24 22.5 -21.5 17.5 22.5 -21.5 14.23
2 24 5.51 -24 5.51 7.57 -24 4.133
2 24 7.69 0 10.957 8.232 0 11.768
5 24 30 -29 12.5 30 -24 12.5 29.04 -29 12.31 30.96 -29 12.31
2 24 35.867 -21.5 12.43 36.35 -21.5 10
5 24 2.5 -5 2.5 15 -5 2.5 2.5 -21.5 2.5 2.5 0 2.5
5 24 13.071 -21.5 12.87 13.071 -5 12.87 12.5 -21.5 10 13.522 -21.5 13.545
2 24 27.13 -29 16.929 30 -29 17.5
2 24 7.57 -24 4.133 10 -24 3.65
5 24 3.07 -29 12.87 3.07 -24 12.87 4.7 -29 15.3 2.5 -29 10
2 24 15 -29 4.5 17.5 -29 2.5
2 24 24.625 -29 8.084 25.006 -29 10
2 24 17.5 -24 0 17.5 0 0
2 24 28.23 -24 8.23 29.04 -24 7.69
2 24 22.5 -21.5 14.23 22.5 -5 14.23
2 24 25 -29 15.5 27.13 -29 16.929
2 24 23.54 -5 13.54 24.625 -5 11.916
5 24 10.96 -29 7.69 10.96 -24 7.69 11.77 -29 8.23 10 -29 7.5
2 24 22.5 -29 14.23 23.54 -29 13.54
2 24 8.23 -24 8.23 9.04 -24 7.69
5 24 16.46 -5 13.54 17.5 -21.5 14.23 16.46 -24 13.54 17.5 -5 14.23
2 24 9.04 -24 7.69 10 -24 7.5
5 24 10 -21.5 7.5 10 0 7.5 9.043 -21.5 7.69 10.957 -21.5 7.69
5 24 28.23 -29 8.23 28.23 -24 8.23 27.69 -29 9.04 29.04 -29 7.69
2 24 10 -24 16.35 12.43 -24 15.866
2 24 5 -21.5 10 5.38 -21.5 8.086
2 24 10 -21.5 12.5 10.957 -21.5 12.31
2 24 12.31 0 10.957 12.5 0 10
2 24 25.303 -5 4.697 26.929 -5 7.13
2 24 22.5 -24 0 22.5 -24 2.5
2 24 7.69 -29 10.96 8.23 -29 11.77
2 24 15 -5 2.5 17.5 -5 2.5
5 24 29.04 -29 12.31 29.04 -24 12.31 30 -29 12.5 28.23 -29 11.77
2 24 17.5 -29 14.23 17.5 -24 14.23
5 24 22.5 -21.5 14.23 23.54 -5 13.54 23.54 -24 13.54 22.5 -5 14.23
5 24 15.375 -29 8.084 15.375 -24 8.084 14.994 -29 10 16.46 -29 6.46
5 24 27.69 -21.5 10.957 27.69 0 10.957 27.5 -5 10 28.232 -21.5 11.768
5 24 13.071 -5 12.87 13.522 -21.5 13.545 14.697 -5 15.303 13.071 -21.5 12.87
2 24 22.5 -29 17.5 22.5 -24 17.5
2 24 7.13 -29 3.07 10 -29 2.5
2 24 31.77 -24 11.77 32.31 -24 10.96
5 24 30 -21.5 12.5 30 0 12.5 29.043 -21.5 12.31 30.957 -21.5 12.31
5 24 30 -21.5 7.5 30 0 7.5 30.957 -21.5 7.69 29.043 -21.5 7.69
5 24 35.867 -24 12.43 35.867 -21.5 12.43 34.49 -24 14.49 36.35 -24 10
2 24 22.5 -24 2.5 25 -24 4.5
5 24 32.31 -21.5 9.043 32.31 0 9.043 32.5 -21.5 10 31.768 -21.5 8.232
2 24 32.87 -24 3.07 35.3 -24 4.7
5 24 4.7 -29 15.3 4.7 -24 15.3 3.07 -29 12.87 7.13 -29 16.93
2 24 3.07 -24 7.13 4.7 -24 4.7
2 24 0 -24 0 17.5 -24 0
2 24 35.3 -24 15.3 36.93 -24 12.87
2 24 2.5 -24 10 3.07 -24 12.87
2 24 15 -24 4.5 17.5 -24 2.5
2 24 40 -24 0 40 -24 20
2 24 3.07 -29 7.13 4.7 -29 4.7
5 24 34.62 -24 8.086 34.62 -21.5 8.086 33.535 -24 6.465 35 -24 10
5 24 10.96 -29 12.31 10.96 -24 12.31 11.77 -29 11.77 10 -29 12.5
5 24 5 -24 10 5 -21.5 10 5.381 -24 11.913 5.38 -24 8.086
2 24 11.913 -21.5 14.619 13.522 -21.5 13.545
5 24 12.31 -21.5 9.043 12.31 0 9.043 11.768 -21.5 8.232 12.5 -5 10
2 24 5.38 -21.5 8.086 6.464 -21.5 6.465
2 24 27.5 -21.5 10 27.69 -21.5 9.043
5 24 7.69 -29 9.04 7.69 -24 9.04 7.5 -29 10 8.23 -29 8.23
5 24 17.5 -5 17.5 22.5 -5 17.5 2.5 0 17.5 17.5 -21.5 17.5
2 24 25.743 -21.5 5.354 27.57 -21.5 4.133
2 24 14.257 -24 14.646 14.257 -21.5 14.646
2 24 36.93 -24 12.87 37.5 -24 10
5 24 10 -24 16.35 10 -21.5 16.35 12.43 -24 15.866 7.57 -24 15.866
2 24 2.5 -29 10 3.07 -29 12.87
2 24 8.23 -24 11.77 9.04 -24 12.31
5 24 18.084 -24 14.619 18.084 -21.5 14.619 19.997 -24 15 17.5 -24 14.23
5 24 9.04 -29 12.31 9.04 -24 12.31 8.23 -29 11.77 10 -29 12.5
5 24 25.006 -29 10 25.006 -24 10 24.625 -29 11.916 24.625 -29 8.084
5 24 12.31 -21.5 10.957 12.5 -5 10 12.31 0 10.957 12.5 -21.5 10
2 24 25 -21.5 2.5 25 -21.5 4.5
2 24 11.768 -21.5 8.232 12.31 -21.5 9.043
5 24 24.625 -24 8.084 24.625 -5 8.084 23.54 -24 6.46 25.006 -24 10
2 24 7.69 -24 10.96 8.23 -24 11.77
2 24 35.3 -29 15.3 36.93 -29 12.87
2 24 5 -24 10 5.381 -24 11.913
2 24 22.5 -29 14.23 22.5 -29 17.5
5 24 30.96 -29 7.69 30.96 -24 7.69 30 -29 7.5 31.77 -29 8.23
2 24 7.69 -21.5 9.043 8.232 -21.5 8.232
2 24 0 0 20 40 0 20
5 24 14.697 -21.5 15.303 14.697 -5 15.303 15 -21.5 15.5 14.257 -21.5 14.646
5 24 31.913 -24 5.38 31.913 -21.5 5.38 33.535 -24 6.465 30 -24 5
5 24 7.69 -21.5 9.043 7.69 0 9.043 7.5 -21.5 10 8.232 -21.5 8.232
5 24 14.994 -29 10 14.994 -24 10 15.375 -29 8.084 15.375 -29 11.916
2 24 30 -21.5 7.5 30.957 -21.5 7.69
5 24 8.232 -21.5 8.232 8.232 0 8.232 7.69 -21.5 9.043 9.043 -21.5 7.69
2 24 27.13 -29 3.07 30 -29 2.5
5 24 31.77 -29 8.23 31.77 -24 8.23 30.96 -29 7.69 32.31 -29 9.04
5 24 33.535 -24 13.536 33.535 -21.5 13.536 31.913 -24 14.619 34.619 -24 11.913
2 24 30 -24 12.5 30.96 -24 12.31
2 24 12.87 -24 3.07 15 -24 4.5
2 24 29.043 0 12.31 30 0 12.5
2 24 30.96 -29 7.69 31.77 -29 8.23
5 24 27.13 -29 3.07 27.13 -24 3.07 25 -29 4.5 30 -29 2.5
2 24 22.5 0 0 22.5 0 2.5
2 24 7.69 -24 9.04 8.23 -24 8.23
2 24 15 -24 15.5 17.5 -24 17.5
2 24 4.7 -29 4.7 7.13 -29 3.07
5 24 5.381 -24 11.913 5.381 -21.5 11.913 5 -24 10 6.464 -24 13.536
5 24 12.5 -29 10 12.5 -24 10 12.31 -29 9.04 12.31 -29 10.96
2 24 17.5 -29 2.5 17.5 -24 2.5
2 24 0 -24 20 40 -24 20
2 24 29.04 -24 7.69 30 -24 7.5
2 24 15 -21.5 4.5 15 -5 4.5
5 24 10 -24 15 10 -21.5 15 8.087 -24 14.619 11.913 -24 14.619
2 24 4.7 -29 15.3 7.13 -29 16.93
2 24 27.5 -29 10 27.69 -29 10.96
2 24 15.375 -29 11.916 16.46 -29 13.54
5 24 32.31 -29 10.96 32.31 -24 10.96 31.77 -29 11.77 32.5 -29 10
2 24 27.69 -21.5 9.043 28.232 -21.5 8.232
5 24 22.5 -5 2.5 22.5 -24 2.5 22.5 -24 0 22.5 -5 5.77
2 24 26.478 -24 13.545 28.087 -24 14.619
2 24 14.257 -24 5.354 14.257 -21.5 5.354
5 24 25.006 -24 10 25.006 -5 10 24.625 -24 8.084 24.625 -24 11.916
2 24 25 -21.5 4.5 25.303 -21.5 4.697
2 24 25 -21.5 17.5 37.5 -21.5 17.5
2 24 13.071 -21.5 12.87 13.522 -21.5 13.545
5 24 12.5 0 10 12.5 -5 10 12.31 0 9.043 12.31 0 10.957
5 24 11.913 -24 14.619 12.43 -24 15.866 10 -24 15 13.522 -24 13.545
2 24 12.87 -29 16.929 15 -29 15.5
5 24 8.087 -24 14.619 8.087 -21.5 14.619 6.464 -24 13.536 10 -24 15
2 24 28.087 -21.5 14.619 30 -21.5 15
5 24 8.23 -29 8.23 8.23 -24 8.23 7.69 -29 9.04 9.04 -29 7.69
5 24 12.87 -29 3.07 12.87 -24 3.07 10 -29 2.5 15 -29 4.5
2 24 14.697 -21.5 4.697 15 -21.5 4.5
2 24 22.5 -29 5.77 23.54 -29 6.46
2 24 34.49 -21.5 14.49 35.867 -21.5 12.43
2 24 30 0 7.5 30.957 0 7.69
2 24 8.232 0 8.232 9.043 0 7.69
2 24 9.04 -24 12.31 10 -24 12.5
2 24 27.57 -21.5 15.866 30 -21.5 16.35
2 24 30 -24 2.5 32.87 -24 3.07
2 24 33.535 -21.5 13.536 34.619 -21.5 11.913
2 24 4.7 -24 4.7 7.13 -24 3.07
2 24 15 -21.5 17.5 15 -5 17.5
2 24 11.768 -21.5 11.768 12.31 -21.5 10.957
2 24 17.5 0 0 17.5 0 2.5
2 24 10 -21.5 7.5 10.957 -21.5 7.69
2 24 27.5 -24 10 27.69 -24 9.04
2 24 17.5 -29 14.23 17.5 -29 17.5
2 24 9.043 0 12.31 10 0 12.5
2 24 26.478 -24 6.455 26.478 -21.5 6.455
2 24 31.768 0 8.232 32.31 0 9.043
2 24 7.5 0 10 7.69 0 10.957
2 24 27.57 -24 15.866 30 -24 16.35
5 24 37.5 -29 10 37.5 -24 10 36.93 -29 12.87 36.93 -29 7.13
5 24 14.257 -21.5 5.354 14.697 -5 4.697 13.522 -21.5 6.455 14.697 -21.5 4.697
5 24 10 -24 5 10 -21.5 5 8.086 -24 5.38 11.914 -24 5.38
2 24 29.04 -29 12.31 30 -29 12.5
2 24 4.133 -21.5 12.43 5.51 -21.5 14.49
2 24 16.46 -5 13.54 17.5 -5 14.23
2 24 26.478 -21.5 13.545 26.478 -24 13.545
2 24 22.5 -5 17.5 22.5 -5 14.23
2 24 28.232 -21.5 11.768 29.043 -21.5 12.31
2 24 5.51 -21.5 14.49 7.57 -21.5 15.866
2 24 17.5 -24 5.77 17.5 -5 5.77
5 24 15.375 -24 8.084 16.46 -24 6.46 15.375 -29 8.084 15.375 -5 8.084
2 24 3.65 -21.5 10 4.133 -21.5 7.57
2 24 25.303 -5 15.303 26.929 -5 12.87
2 24 30.957 -21.5 12.31 31.768 -21.5 11.768
5 24 32.31 -21.5 10.957 32.31 0 10.957 31.768 -21.5 11.768 32.5 -21.5 10
5 24 13.071 -21.5 7.13 13.071 -5 7.13 12.5 -21.5 10 13.522 -21.5 6.455
5 24 24.625 -29 11.916 24.625 -24 11.916 23.54 -29 13.54 25.006 -29 10
5 24 11.768 -21.5 8.232 11.768 0 8.232 12.31 -21.5 9.043 10.957 -21.5 7.69
5 24 12.31 -29 10.96 12.31 -24 10.96 12.5 -29 10 11.77 -29 11.77
2 24 18.084 -24 14.619 19.997 -24 15
5 24 19.997 -24 15 19.997 -21.5 15 21.91 -24 14.619 18.084 -24 14.619
2 24 6.465 -24 6.465 8.086 -24 5.38
2 24 30 -21.5 3.65 32.43 -21.5 4.133
2 24 8.086 -21.5 5.38 10 -21.5 5
2 24 30 -29 2.5 32.87 -29 3.07
2 24 30 -24 3.65 32.43 -24 4.133
5 24 35.3 -29 15.3 35.3 -24 15.3 32.87 -29 16.93 36.93 -29 12.87
5 24 36.93 -29 12.87 36.93 -24 12.87 37.5 -29 10 35.3 -29 15.3
5 24 12.87 -29 16.929 12.87 -24 16.929 10 -29 17.5 15 -29 15.5
2 24 27.5 -24 10 27.69 -24 10.96
5 24 31.768 -21.5 11.768 31.768 0 11.768 30.957 -21.5 12.31 32.31 -21.5 10.957
5 24 32.31 -29 9.04 32.31 -24 9.04 31.77 -29 8.23 32.5 -29 10
2 24 10.957 -21.5 12.31 11.768 -21.5 11.768
2 24 24.625 -5 8.084 25.006 -5 10
2 24 15 -21.5 2.5 15 -21.5 4.5
2 24 29.043 -21.5 7.69 30 -21.5 7.5
2 24 31.77 -29 11.77 32.31 -29 10.96
2 24 13.522 -24 13.545 14.257 -24 14.646
5 24 27.5 -5 10 27.5 0 10 27.69 0 9.043 27.69 0 10.957
2 24 13.071 -5 7.13 14.697 -5 4.697
2 24 10 -21.5 15 11.913 -21.5 14.619
5 24 30 -29 7.5 30 -24 7.5 30.96 -29 7.69 29.04 -29 7.69
2 24 27.5 -29 10 27.69 -29 9.04
5 24 30.957 -21.5 7.69 30.957 0 7.69 31.768 -21.5 8.232 30 -21.5 7.5
5 24 27.57 -21.5 4.133 27.57 -24 4.133 30 -21.5 3.65 25.743 -21.5 5.354
2 24 7.13 -24 3.07 10 -24 2.5
2 24 34.49 -21.5 5.51 35.867 -21.5 7.57
2 24 27.57 -24 4.133 30 -24 3.65
5 24 22.5 0 2.5 25 -5 2.5 37.5 0 2.5 22.5 -5 2.5
2 24 22.5 -5 17.5 25 -5 17.5
2 24 5 -21.5 10 5.381 -21.5 11.913
2 24 17.5 -5 14.23 17.5 -5 17.5
2 24 8.23 -29 11.77 9.04 -29 12.31
5 24 21.91 -24 14.619 21.91 -21.5 14.619 19.997 -24 15 22.5 -24 14.23
2 24 13.522 -24 6.455 14.257 -24 5.354
2 24 9.04 -29 12.31 10 -29 12.5
2 24 30 -29 7.5 30.96 -29 7.69
5 24 3.07 -29 7.13 3.07 -24 7.13 4.7 -29 4.7 2.5 -29 10
5 24 30.957 -21.5 12.31 30.957 0 12.31 31.768 -21.5 11.768 30 -21.5 12.5
2 24 2.5 -21.5 17.5 15 -21.5 17.5
2 24 24.625 -5 11.916 25.006 -5 10
2 24 31.913 -21.5 5.38 33.535 -21.5 6.465
5 24 24.625 -24 11.916 24.625 -5 11.916 25.006 -24 10 23.54 -24 13.54
2 24 17.5 -21.5 14.23 17.5 -5 14.23
2 24 15 -21.5 15.5 15 -21.5 17.5
2 24 12.5 -21.5 10 12.5 -5 10
2 24 29.043 -21.5 12.31 30 -21.5 12.5
5 24 9.043 -21.5 7.69 9.043 0 7.69 10 -21.5 7.5 8.232 -21.5 8.232
2 24 22.5 -29 17.5 25 -29 15.5
2 24 34.619 -24 11.913 35 -24 10
2 24 31.913 -24 14.619 33.535 -24 13.536
2 24 27.69 -24 9.04 28.23 -24 8.23
5 24 31.768 -21.5 8.232 31.768 0 8.232 30.957 -21.5 7.69 32.31 -21.5 9.043
2 24 40 0 0 40 0 20
2 24 30 -21.5 16.35 32.43 -21.5 15.866
2 24 32.43 -21.5 4.133 34.49 -21.5 5.51
5 24 5.51 -24 5.51 5.51 -21.5 5.51 7.57 -24 4.133 4.133 -24 7.57
2 24 10 -24 17.5 12.87 -24 16.929
5 24 5.51 -24 14.49 5.51 -21.5 14.49 7.57 -24 15.866 4.133 -24 12.43
5 24 25.303 -5 15.303 25.743 -21.5 14.646 25.303 -21.5 15.303 26.929 -5 12.87
5 24 17.5 -24 14.23 17.5 -21.5 14.23 16.46 -24 13.54 18.084 -24 14.619
5 24 16.46 -24 13.54 16.46 -5 13.54 15.375 -24 11.916 17.5 -21.5 14.23
2 24 32.87 -24 16.93 35.3 -24 15.3
2 24 25.743 -24 14.646 27.57 -24 15.866
2 24 22.5 -5 5.77 23.54 -5 6.46
2 24 13.071 -21.5 7.13 13.522 -21.5 6.455
2 24 0 0 0 0 0 20
2 24 25.303 -21.5 15.303 25.743 -21.5 14.646
2 24 25.743 -24 14.646 26.478 -24 13.545
5 24 2.5 -5 2.5 2.5 -5 17.5 2.5 -21.5 2.5 2.5 0 2.5
2 24 14.994 -5 10 15.375 -5 11.916
2 24 8.232 -21.5 11.768 9.043 -21.5 12.31
5 24 11.913 -24 14.619 11.913 -21.5 14.619 10 -24 15 13.522 -24 13.545
5 24 26.478 -21.5 6.455 26.929 -5 7.13 26.929 -21.5 7.13 25.743 -21.5 5.354
2 24 34.49 -24 5.51 35.867 -24 7.57
5 24 23.54 -29 6.46 23.54 -24 6.46 22.5 -29 5.77 24.625 -29 8.084
2 24 4.133 -24 7.57 5.51 -24 5.51
2 24 33.535 -24 13.536 34.619 -24 11.913
2 24 12.43 -21.5 4.133 14.257 -21.5 5.354
2 24 14.994 -29 10 15.375 -29 8.084
5 24 26.478 -21.5 13.545 26.929 -5 12.87 26.929 -21.5 12.87 25.743 -21.5 14.646
2 24 17.5 -24 14.23 18.084 -24 14.619
2 24 13.522 -24 6.455 13.522 -21.5 6.455
2 24 26.478 -21.5 13.545 28.087 -21.5 14.619
5 24 34.49 -24 5.51 34.49 -21.5 5.51 32.43 -24 4.133 35.867 -24 7.57
2 24 23.54 -29 13.54 24.625 -29 11.916
5 24 16.46 -29 13.54 16.46 -24 13.54 15.375 -29 11.916 17.5 -29 14.23
2 24 12.31 -29 9.04 12.5 -29 10
2 24 0 -24 0 0 -24 20
5 24 27.5 -5 10 27.69 -21.5 10.957 27.5 -21.5 10 27.69 0 10.957
5 24 14.697 -21.5 4.697 14.697 -5 4.697 15 -21.5 4.5 14.257 -21.5 5.354
5 24 29.043 -21.5 12.31 29.043 0 12.31 28.232 -21.5 11.768 30 -21.5 12.5
2 24 27.69 -29 9.04 28.23 -29 8.23
5 24 11.77 -29 8.23 11.77 -24 8.23 10.96 -29 7.69 12.31 -29 9.04
5 24 27.5 -5 10 27.69 0 9.043 27.5 0 10 27.69 -21.5 9.043
2 24 28.232 0 8.232 29.043 0 7.69
5 24 34.619 -24 11.913 34.619 -21.5 11.913 35 -24 10 33.535 -24 13.536
2 24 7.5 -24 10 7.69 -24 9.04
2 24 25.303 -21.5 4.697 25.743 -21.5 5.354
2 24 25 -24 15.5 27.13 -24 16.929
2 24 3.07 -29 12.87 4.7 -29 15.3
2 24 2.5 -21.5 2.5 2.5 -5 2.5
2 24 35.3 -29 4.7 36.93 -29 7.13
2 24 22.5 -24 17.5 25 -24 15.5
5 24 10 -24 3.65 10 -21.5 3.65 7.57 -24 4.133 12.43 -24 4.133
2 24 26.929 -5 12.87 27.5 -5 10
2 24 8.087 -21.5 14.619 10 -21.5 15
2 24 36.93 -24 7.13 37.5 -24 10
5 24 27.69 -29 9.04 27.69 -24 9.04 27.5 -29 10 28.23 -29 8.23
5 24 22.5 -21.5 14.23 23.54 -24 13.54 23.54 -5 13.54 22.5 -24 14.23
2 24 7.13 -24 16.93 10 -24 17.5
2 24 25 -21.5 15.5 25.303 -21.5 15.303
5 24 22.5 -24 14.23 22.5 -21.5 14.23 23.54 -24 13.54 21.91 -24 14.619
2 24 8.23 -29 8.23 9.04 -29 7.69
2 24 31.913 -24 5.38 33.535 -24 6.465
2 24 32.31 -21.5 9.043 32.5 -21.5 10
2 24 28.23 -24 11.77 29.04 -24 12.31
5 24 3.65 -24 10 3.65 -21.5 10 4.133 -24 12.43 4.133 -24 7.57
2 24 7.69 -21.5 10.957 8.232 -21.5 11.768
2 24 22.5 -29 2.5 22.5 -29 5.77
5 24 12.31 -21.5 9.043 12.5 -5 10 12.31 0 9.043 12.5 -21.5 10
5 24 7.69 -29 10.96 7.69 -24 10.96 7.5 -29 10 8.23 -29 11.77
2 24 28.23 -29 11.77 29.04 -29 12.31
2 24 14.697 -21.5 15.303 15 -21.5 15.5
2 24 31.77 -29 8.23 32.31 -29 9.04
5 24 32.5 -29 10 32.5 -24 10 32.31 -29 10.96 32.31 -29 9.04
2 24 7.13 -29 16.93 10 -29 17.5
2 24 35.867 -21.5 7.57 36.35 -21.5 10
5 24 30 -24 15 30 -21.5 15 31.913 -24 14.619 28.087 -24 14.619
2 24 25 -21.5 2.5 25 -5 2.5
2 24 37.5 -5 17.5 37.5 0 17.5
2 24 6.464 -24 13.536 8.087 -24 14.619
2 24 2.5 -24 10 3.07 -24 7.13
2 24 33.535 -24 6.465 34.62 -24 8.086
2 24 27.5 0 10 27.69 0 10.957
2 24 30 -24 16.35 32.43 -24 15.866
5 24 4.133 -24 7.57 4.133 -21.5 7.57 3.65 -24 10 5.51 -24 5.51
2 24 8.232 0 11.768 9.043 0 12.31
2 24 10.96 -29 7.69 11.77 -29 8.23
2 24 11.77 -29 8.23 12.31 -29 9.04
2 24 7.57 -21.5 4.133 10 -21.5 3.65
2 24 10 -21.5 3.65 12.43 -21.5 4.133
