0 Logo Semicupula Mediana     |S:S
0 Name: astgrfmd.dat
0 Author: jasolo
0 !LDRAW_ORG Unofficial_Part
0 BFC CERTIFY CCW
3 16 -19.183 -30.561 38.246 -19.266 -31.146 37.813 -15.48 -34.389 37.372
3 16 -11.247 -45.451 27.152 -10.698 -46.33 25.827 -9.408 -45.653 27.479
3 16 13.99 -31.066 40.091 15.48 -34.389 37.372 17.049 -27.7 41.159
3 16 9.808 -43.443 30.187 10.504 -41.519 32.328 8.975 -42.487 31.584
3 16 -12.604 -42.422 30.428 -11.247 -45.451 27.152 -9.569 -44.437 29.036
3 16 7.461 -43.257 31.074 7.194 -44.232 29.965 8.282 -43.952 29.999
3 16 19.701 -34.389 35.293 18.364 -34.389 36.042 19.433 -36.694 33.188
3 16 13.949 -44.309 27.378 15.445 -43.129 28.122 16.051 -40.355 31.502
3 16 -19.266 -31.146 37.813 -18.364 -34.389 36.042 -15.48 -34.389 37.372
3 16 -8.108 -47.382 24.954 -8.722 -46.165 26.842 -8.228 -47.342 24.979
3 16 -9.995 -46.67 25.496 -8.228 -47.342 24.979 -8.722 -46.165 26.842
3 16 -9.569 -44.437 29.036 -11.247 -45.451 27.152 -9.655 -44.926 28.395
3 16 -11.247 -45.451 27.152 -9.487 -45.451 27.802 -9.655 -44.926 28.395
3 16 7.447 -20.247 47.015 4.307 -19.444 47.581 7.439 -20.451 46.967
3 16 -19.584 -34.389 35.359 -19.287 -36.709 33.256 -18.364 -34.389 36.042
3 16 9.498 -43.483 30.225 9.736 -43.441 30.21 8.975 -42.487 31.584
3 16 10.046 -40.722 33.427 10.768 -40.789 33.142 10.925 -40.355 33.625
3 16 8.254 -40.355 34.379 10.925 -40.355 33.625 8.578 -38.729 35.729
3 16 8.975 -42.487 31.584 8.348 -43.106 31.009 9.498 -43.483 30.225
3 16 12.5 -34.389 38.471 12.344 -34.981 37.99 15.255 -35.078 36.828
3 16 -7.497 -47.569 24.809 -5.899 -47.976 24.57 -6.407 -46.703 26.584
3 16 -8.722 -46.165 26.842 -8.108 -47.382 24.954 -8.6 -46.238 26.753
3 16 -17.571 -27.7 40.918 -18.811 -29.501 39.132 -17.049 -27.7 41.159
3 16 -8.6 -46.238 26.753 -8.108 -47.382 24.954 -7.85 -46.482 26.552
3 16 10.046 -40.722 33.427 10.925 -40.355 33.625 8.254 -40.355 34.379
3 16 -4.936 -44.158 30.502 -4.804 -44.321 30.334 -5.233 -41.983 33.038
3 16 12.5 -34.389 38.471 15.48 -34.389 37.372 13.343 -31.601 39.98
3 16 8.975 -42.487 31.584 10.504 -41.519 32.328 9.29 -41.417 32.796
3 16 -7.737 -42.246 32.226 -7.456 -43.272 31.057 -6.767 -43.356 31.095
3 16 -7.497 -47.569 24.809 -6.407 -46.703 26.584 -7.185 -46.607 26.527
3 16 8.262 -42.413 31.875 8.975 -42.487 31.584 9.29 -41.417 32.796
3 16 2.554 -41.665 33.721 2.652 -41.68 33.7 2.759 -40.518 35.056
3 16 1.359 -45.451 29.336 2.306 -45.451 29.299 1.387 -44.498 30.451
3 16 -5.899 -47.976 24.57 -6.385 -46.701 26.594 -6.407 -46.703 26.584
3 16 13.343 -31.601 39.98 13.013 -31.68 40.05 12.5 -34.389 38.471
3 16 13.99 -31.066 40.091 13.343 -31.601 39.98 15.48 -34.389 37.372
3 16 13.767 -27.7 42.37 13.347 -29.919 41.077 13.649 -29.899 40.978
3 16 -15.48 -34.389 37.372 -17.049 -27.7 41.159 -18.811 -29.501 39.132
3 16 -9.487 -45.451 27.802 -11.247 -45.451 27.152 -9.408 -45.653 27.479
3 16 17.049 -27.7 41.159 13.649 -29.899 40.978 14.123 -30.362 40.501
3 16 -10.698 -46.33 25.827 -9.161 -45.892 27.155 -9.408 -45.653 27.479
3 16 17.049 -27.7 41.159 13.767 -27.7 42.37 13.649 -29.899 40.978
3 16 7.436 -44.269 29.852 8.282 -43.952 29.999 7.194 -44.232 29.965
3 16 9.736 -43.441 30.21 9.808 -43.443 30.187 8.975 -42.487 31.584
3 16 -8.722 -46.165 26.842 -9.161 -45.892 27.155 -9.995 -46.67 25.496
3 16 6.328 -34.389 39.953 9.443 -34.389 39.333 8.073 -28.268 43.428
3 16 -11.998 -28.523 42.345 -11.201 -28.43 42.629 -10.4 -27.7 43.319
3 16 7.293 -27.962 43.774 7.246 -27.7 43.947 6.969 -27.7 44.002
3 16 6.551 -46.265 27.286 6.867 -46.709 26.444 8.461 -45.783 27.562
3 16 -3.731 -20.451 47.406 -4.295 -19.476 47.575 -7.439 -20.451 46.967
3 16 6.969 -27.7 44.002 7.246 -27.7 43.947 7.464 -27.191 44.118
3 16 -13.767 -27.7 42.37 -13.412 -29.211 41.508 -11.998 -28.523 42.345
3 16 -11.201 -28.43 42.629 -10.273 -28.59 42.789 -10.4 -27.7 43.319
3 16 10.4 -27.7 43.319 8.68 -27.845 43.571 8.073 -28.268 43.428
3 16 10.4 -27.7 43.319 8.718 -27.7 43.654 8.68 -27.845 43.571
3 16 -13.767 -27.7 42.37 -13.464 -29.3 41.437 -13.412 -29.211 41.508
3 16 7.55 -42.536 31.918 8.254 -40.355 34.379 5.531 -40.355 34.92
3 16 13.025 -22.638 44.756 11.363 -21.732 45.614 10.4 -27.7 43.319
3 16 -7.439 -20.451 46.967 -7.448 -20.222 47.021 -7.695 -20.267 46.961
3 16 11.309 -40.818 32.906 11.803 -40.355 33.301 10.925 -40.355 33.625
3 16 12.959 -41.63 31.285 10.847 -43.607 29.599 11.188 -43.952 29.043
3 16 -11.998 -28.523 42.345 -10.4 -27.7 43.319 -13.767 -27.7 42.37
3 16 4.598 -45.451 29.027 5.659 -44.012 30.532 5.531 -40.355 34.92
3 16 12.796 -40.355 32.935 12.249 -40.868 32.497 13.27 -40.935 32.036
3 16 12.796 -40.355 32.935 13.53 -40.355 32.664 13.199 -39.917 33.185
3 16 2.892 -19.192 47.741 0 -19.16 47.863 0 -20.451 47.553
3 16 -13.537 -32.223 39.502 -13.973 -31.145 40.045 -15.48 -34.389 37.372
3 16 8.073 -28.268 43.428 7.455 -28.153 43.622 6.328 -34.389 39.953
3 16 -2.938 -19.318 47.709 -3.731 -20.451 47.406 0 -20.451 47.553
3 16 19.253 -30.323 38.374 18.873 -29.49 39.111 15.48 -34.389 37.372
3 16 1.901 -48.615 24.151 2.306 -45.451 29.299 1.285 -47.685 25.692
3 16 6.861 -45.451 28.577 6.657 -44.972 29.189 6.158 -44.809 29.483
3 16 7.55 -42.536 31.918 7.662 -42.52 31.914 8.254 -40.355 34.379
3 16 13.53 -40.355 32.664 12.796 -40.355 32.935 13.27 -40.935 32.036
3 16 10.504 -41.519 32.328 9.808 -43.443 30.187 10.315 -43.437 30.007
3 16 10.427 -45.25 27.705 10.064 -45.451 27.588 11.247 -45.451 27.152
3 16 0 -47.702 25.715 0 -48.718 24.057 1.285 -47.685 25.692
3 16 6.975 -45.034 29.052 6.657 -44.972 29.189 6.861 -45.451 28.577
3 16 4.598 -45.451 29.027 6.861 -45.451 28.577 6.158 -44.809 29.483
3 16 4.598 -45.451 29.027 6.158 -44.809 29.483 5.659 -44.012 30.532
3 16 6.101 -43.324 31.265 7.55 -42.536 31.918 5.531 -40.355 34.92
3 16 2.306 -45.451 29.299 1.359 -45.451 29.336 1.285 -47.685 25.692
3 16 11.247 -45.451 27.152 12.959 -41.63 31.285 11.178 -44.46 28.413
3 16 -17.049 -27.7 41.159 -15.48 -34.389 37.372 -13.973 -31.145 40.045
3 16 9.443 -34.389 39.333 10.4 -27.7 43.319 8.073 -28.268 43.428
3 16 7.455 -28.153 43.622 7.293 -27.962 43.774 6.969 -27.7 44.002
3 16 11.363 -21.732 45.614 10.99 -21.601 45.776 10.4 -27.7 43.319
3 16 14.275 -23.734 43.932 13.025 -22.638 44.756 10.4 -27.7 43.319
3 16 -12.5 -34.389 38.471 -12.742 -33.11 39.217 -13.054 -32.767 39.326
3 16 10.883 -44.877 28.002 10.427 -45.25 27.705 11.247 -45.451 27.152
3 16 10.768 -40.789 33.142 11.309 -40.818 32.906 10.925 -40.355 33.625
3 16 11.188 -43.952 29.043 11.178 -44.46 28.413 12.959 -41.63 31.285
3 16 10.4 -27.7 43.319 13.767 -27.7 42.37 14.275 -23.734 43.932
3 16 7.455 -28.153 43.622 6.969 -27.7 44.002 6.328 -34.389 39.953
3 16 11.178 -44.46 28.413 10.883 -44.877 28.002 11.247 -45.451 27.152
3 16 0 -45.939 28.593 0.142 -45.451 29.384 0 -45.451 29.389
3 16 -13.035 -41.46 31.469 -11.346 -40.355 33.47 -13.53 -40.355 32.664
3 16 10.019 -44.734 28.499 10.143 -44.372 28.904 9.528 -44.217 29.325
3 16 13.27 -40.935 32.036 14.31 -40.964 31.52 13.53 -40.355 32.664
3 16 0 -48.718 24.057 -0.937 -47.694 25.691 -1.9 -48.62 24.142
3 16 -0.683 -45.866 28.685 0 -45.939 28.593 0 -45.451 29.389
3 16 6.867 -43.703 30.66 6.905 -44.177 30.088 7.194 -44.232 29.965
3 16 -3.085 -44.472 30.36 -4.67 -44.482 30.16 -4.51 -44.894 29.693
3 16 -5.621 -45.289 29.017 -5.667 -44.743 29.659 -6.861 -45.451 28.577
3 16 -6.203 -35.327 39.161 -5.351 -34.389 40.069 -6.328 -34.389 39.953
3 16 -5.734 -45.609 28.539 -5.673 -45.451 28.813 -6.861 -45.451 28.577
3 16 -7.841 -45.967 27.426 -6.778 -46.158 27.403 -6.861 -45.451 28.577
3 16 8.138 -44.813 28.992 8.739 -45.451 28.048 8.945 -45.155 28.35
3 16 18.364 -34.389 36.042 17.141 -35.082 35.955 16.051 -40.355 31.502
3 16 -3.295 -31.86 41.871 -3.957 -28.849 43.65 -4.536 -29.093 43.431
3 16 -6.969 -27.7 44.002 -7.896 -30.489 42.076 -7.66 -31.079 41.754
3 16 7.439 -20.451 46.967 3.731 -20.451 47.406 4.26 -21.878 46.749
3 16 7.725 -20.302 46.947 7.447 -20.247 47.015 7.439 -20.451 46.967
3 16 -3.851 -48.373 24.317 -4.718 -45.943 28.186 -4.965 -46.204 27.702
3 16 8.542 -20.606 46.682 7.439 -20.451 46.967 8.158 -26.94 44.086
3 16 0 -20.451 47.553 -2.977 -23.522 46.164 -2.911 -24.281 45.852
3 16 -10.996 -40.088 33.842 -12.5 -34.389 38.471 -14.486 -35.954 36.315
3 16 -10.4 -27.7 43.319 -12.564 -22.516 44.938 -13.058 -22.786 44.683
3 16 2.84 -43.028 32.089 2.84 -44.301 30.591 3.847 -44.045 30.772
3 16 -19.266 -31.146 37.813 -19.65 -33.78 35.749 -18.364 -34.389 36.042
3 16 -2.216 -46.15 28.162 -1.908 -46.044 28.346 -2.28 -45.65 28.975
3 16 19.433 -36.694 33.188 18.364 -34.389 36.042 16.051 -40.355 31.502
3 16 -4.734 -24.511 45.596 -4.867 -27.7 44.251 -4.737 -27.639 44.291
3 16 -9.161 -45.892 27.155 -10.698 -46.33 25.827 -9.995 -46.67 25.496
3 16 4.482 -45.451 29.041 4.561 -45.596 28.793 4.598 -45.451 29.027
3 16 17.643 -27.7 40.885 17.173 -26.919 41.458 17.049 -27.7 41.159
3 16 1.425 -42.357 32.956 0 -41.124 34.455 1.472 -42.634 32.629
3 16 -2.464 -45.451 29.28 -4.513 -45.451 29.037 -4.529 -45.523 28.917
3 16 -6.861 -45.451 28.577 -8.363 -44.422 29.405 -8.449 -44.587 29.18
3 16 1.901 -48.615 24.151 1.285 -47.685 25.692 0 -48.718 24.057
3 16 15.445 -43.129 28.122 17.77 -40.355 30.539 16.051 -40.355 31.502
3 16 2.632 -47.141 26.485 1.901 -48.615 24.151 2.889 -47.619 25.669
3 16 -17.571 -27.7 40.918 -17.049 -27.7 41.159 -17.157 -27.018 41.42
3 16 11.677 -37.508 35.937 12.013 -38.651 34.773 12.754 -37.842 35.236
3 16 -15.417 -35.058 36.772 -15.48 -34.389 37.372 -18.364 -34.389 36.042
3 16 -8.719 -38.023 36.316 -9.443 -34.389 39.333 -12.5 -34.389 38.471
3 16 12.148 -30.579 40.995 10.4 -27.7 43.319 9.443 -34.389 39.333
3 16 6.969 -27.7 44.002 4.551 -30.048 42.84 6.328 -34.389 39.953
3 16 -12.5 -34.389 38.471 -10.302 -33.989 39.345 -11.545 -33.768 39.136
3 16 0 -27.839 44.465 0 -27.7 44.55 -3.495 -27.7 44.413
3 16 9.29 -41.417 32.796 10.046 -40.722 33.427 8.254 -40.355 34.379
3 16 -15.48 -34.389 37.372 -18.811 -29.501 39.132 -19.183 -30.561 38.246
3 16 -13.767 -27.7 42.37 -16.259 -25.476 42.431 -17.157 -27.018 41.42
3 16 0 -27.839 44.465 0.108 -27.7 44.546 0 -27.7 44.55
3 16 -15.432 -43.132 28.125 -14.007 -44.201 27.49 -16.051 -40.355 31.502
3 16 -10.698 -46.33 25.827 -11.247 -45.451 27.152 -11.448 -45.951 26.162
3 16 12.754 -37.842 35.236 13.92 -39.161 33.606 14.915 -36.117 36.008
3 16 -12.5 -34.389 38.471 -15.48 -34.389 37.372 -14.468 -35.338 36.882
3 16 -11.346 -40.355 33.47 -10.996 -40.088 33.842 -13.53 -40.355 32.664
3 16 -15.48 -34.389 37.372 -15.269 -35.036 36.861 -15.024 -34.982 37.001
3 16 -6.969 -27.7 44.002 -10.4 -27.7 43.319 -8.941 -29.16 42.698
3 16 -8.222 -33.102 40.379 -9.443 -34.389 39.333 -6.328 -34.389 39.953
3 16 -10.4 -27.7 43.319 -10.273 -28.59 42.789 -10.081 -28.614 42.812
3 16 -14.914 -36.122 36.004 -13.53 -40.355 32.664 -14.486 -35.954 36.315
3 16 -18.364 -34.389 36.042 -19.65 -33.78 35.749 -19.584 -34.389 35.359
3 16 -14.468 -35.338 36.882 -14.486 -35.954 36.315 -12.5 -34.389 38.471
3 16 -14.486 -35.954 36.315 -13.53 -40.355 32.664 -10.996 -40.088 33.842
3 16 -1.497 -47.678 25.696 -1.9 -48.62 24.142 -0.937 -47.694 25.691
3 16 0 -48.718 24.057 0 -47.702 25.715 -0.937 -47.694 25.691
3 16 -9.362 -33.81 39.711 -9.443 -34.389 39.333 -8.222 -33.102 40.379
3 16 7.439 -20.451 46.967 6.969 -27.7 44.002 7.464 -27.191 44.118
3 16 8.855 -27.12 43.871 10.4 -27.7 43.319 10.99 -21.601 45.776
3 16 7.439 -20.451 46.967 7.464 -27.191 44.118 8.158 -26.94 44.086
3 16 4.457 -27.7 44.299 6.969 -27.7 44.002 4.26 -21.878 46.749
3 16 3.731 -20.451 47.406 0 -20.451 47.553 3.657 -22.728 46.466
3 16 4.26 -21.878 46.749 6.969 -27.7 44.002 7.439 -20.451 46.967
3 16 -10.4 -27.7 43.319 -10.081 -28.614 42.812 -8.941 -29.16 42.698
3 16 -7.737 -32.228 41.022 -6.328 -34.389 39.953 -7.66 -31.079 41.754
3 16 -6.969 -27.7 44.002 -8.941 -29.16 42.698 -8.133 -29.973 42.351
3 16 8.158 -26.94 44.086 8.855 -27.12 43.871 10.99 -21.601 45.776
3 16 -9.521 -33.846 39.656 -9.443 -34.389 39.333 -9.362 -33.81 39.711
3 16 -7.737 -32.228 41.022 -8.222 -33.102 40.379 -6.328 -34.389 39.953
3 16 17.141 -35.082 35.955 14.915 -36.117 36.008 13.92 -39.161 33.606
3 16 -13.058 -22.786 44.683 -14.261 -23.842 43.889 -10.4 -27.7 43.319
3 16 -11.092 -21.753 45.681 -12.564 -22.516 44.938 -10.4 -27.7 43.319
3 16 2.759 -40.518 35.056 2.652 -41.68 33.7 2.962 -41.715 33.621
3 16 3.401 -40.355 35.172 2.962 -41.715 33.621 5.531 -40.355 34.92
3 16 3.457 -42.638 32.476 2.84 -43.028 32.089 3.847 -44.045 30.772
3 16 15.48 -34.389 37.372 15.255 -35.078 36.828 17.141 -35.082 35.955
3 16 -10.4 -27.7 43.319 -10.98 -21.705 45.734 -11.092 -21.753 45.681
3 16 -14.261 -23.842 43.889 -13.767 -27.7 42.37 -10.4 -27.7 43.319
3 16 -2.03 -47.609 25.787 -1.9 -48.62 24.142 -1.497 -47.678 25.696
3 16 -1.315 -45.451 29.338 -0.683 -45.866 28.685 0 -45.451 29.389
3 16 17.141 -35.082 35.955 13.92 -39.161 33.606 16.051 -40.355 31.502
3 16 2.759 -40.518 35.056 2.962 -41.715 33.621 3.401 -40.355 35.172
3 16 -2.911 -24.281 45.852 -3.424 -24.864 45.59 0 -27.7 44.55
3 16 -3.586 -24.906 45.567 -3.495 -27.7 44.413 -3.424 -24.864 45.59
3 16 -15.48 -34.389 37.372 -15.024 -34.982 37.001 -14.468 -35.338 36.882
3 16 0 -20.451 47.553 -3.731 -20.451 47.406 -2.977 -23.522 46.164
3 16 -3.424 -24.864 45.59 -3.495 -27.7 44.413 0 -27.7 44.55
3 16 -8.241 -20.451 46.808 -7.439 -20.451 46.967 -7.695 -20.267 46.961
3 16 5.531 -40.355 34.92 3.504 -42.094 33.111 3.457 -42.638 32.476
3 16 18.364 -34.389 36.042 15.48 -34.389 37.372 17.141 -35.082 35.955
3 16 3.847 -44.045 30.772 5.531 -40.355 34.92 3.457 -42.638 32.476
3 16 -3.731 -20.451 47.406 -3.648 -23.008 46.35 -2.977 -23.522 46.164
3 16 0 -27.7 44.55 0 -20.451 47.553 -2.911 -24.281 45.852
3 16 4.598 -45.451 29.027 5.531 -40.355 34.92 3.847 -44.045 30.772
3 16 3.731 -20.451 47.406 3.657 -22.728 46.466 4.26 -21.878 46.749
3 16 -7.448 -20.222 47.021 -7.439 -20.451 46.967 -4.295 -19.476 47.575
3 16 -13.464 -29.3 41.437 -13.767 -27.7 42.37 -17.049 -27.7 41.159
3 16 7.505 -47.564 24.815 8.115 -47.368 24.975 6.867 -46.709 26.444
3 16 10.925 -40.355 33.625 12.696 -39.384 33.855 12.013 -38.651 34.773
3 16 5.531 -40.355 34.92 8.254 -40.355 34.379 5.615 -39.727 35.45
3 16 -13.767 -27.7 42.37 -14.261 -23.842 43.889 -16.259 -25.476 42.431
3 16 -15.48 -34.389 37.372 -13.054 -32.767 39.326 -13.537 -32.223 39.502
3 16 -13.973 -31.145 40.045 -13.763 -29.797 41.003 -17.049 -27.7 41.159
3 16 8.461 -45.783 27.562 8.739 -45.451 28.048 6.861 -45.451 28.577
3 16 -3.731 -20.451 47.406 -3.75 -19.431 47.65 -4.295 -19.476 47.575
3 16 -12.5 -34.389 38.471 -13.054 -32.767 39.326 -15.48 -34.389 37.372
3 16 -13.763 -29.797 41.003 -13.464 -29.3 41.437 -17.049 -27.7 41.159
3 16 -17.157 -27.018 41.42 -17.049 -27.7 41.159 -13.767 -27.7 42.37
3 16 0 -20.451 47.553 0 -19.16 47.863 -2.938 -19.318 47.709
3 16 17.049 -27.7 41.159 15.48 -34.389 37.372 18.873 -29.49 39.111
3 16 0 -20.451 47.553 3.731 -20.451 47.406 2.892 -19.192 47.741
3 16 3.752 -19.364 47.666 2.892 -19.192 47.741 3.731 -20.451 47.406
3 16 11.803 -40.355 33.301 12.696 -39.384 33.855 10.925 -40.355 33.625
3 16 11.677 -37.508 35.937 10.925 -40.355 33.625 12.013 -38.651 34.773
3 16 0 -45.451 29.389 0 -41.124 34.455 -2.041 -44.507 30.415
3 16 -17.651 -40.355 30.605 -15.432 -43.132 28.125 -16.051 -40.355 31.502
3 16 -11.448 -45.951 26.162 -11.247 -45.451 27.152 -12.283 -45.451 26.674
3 16 -2.938 -19.318 47.709 -3.75 -19.431 47.65 -3.731 -20.451 47.406
3 16 12.5 -34.389 38.471 15.255 -35.078 36.828 15.48 -34.389 37.372
3 16 -2.66 -41.601 33.792 -2.393 -44.503 30.405 -2.041 -44.507 30.415
3 16 3.852 -48.372 24.319 5.036 -48.161 24.434 4.109 -47.366 25.94
3 16 8.1 -20.451 46.836 7.725 -20.302 46.947 7.439 -20.451 46.967
3 16 -4.965 -46.204 27.702 -5.514 -46.522 27.064 -3.851 -48.373 24.317
3 16 -6.969 -27.7 44.002 -8.133 -29.973 42.351 -7.896 -30.489 42.076
3 16 17.173 -26.919 41.458 16.28 -25.369 42.471 13.767 -27.7 42.37
3 16 13.767 -27.7 42.37 17.049 -27.7 41.159 17.173 -26.919 41.458
3 16 -6.385 -46.701 26.594 -5.899 -47.976 24.57 -5.514 -46.522 27.064
3 16 -3.851 -48.373 24.317 -4.561 -45.594 28.797 -4.718 -45.943 28.186
3 16 -5.514 -46.522 27.064 -5.899 -47.976 24.57 -5.37 -48.096 24.475
3 16 5.531 -40.355 34.92 2.962 -41.715 33.621 3.504 -42.094 33.111
3 16 4.482 -45.451 29.041 4.598 -45.451 29.027 3.847 -44.045 30.772
3 16 -5.37 -48.096 24.475 -3.851 -48.373 24.317 -5.514 -46.522 27.064
3 16 -7.66 -31.079 41.754 -6.328 -34.389 39.953 -6.969 -27.7 44.002
3 16 19.382 -30.729 38.041 19.253 -30.323 38.374 15.48 -34.389 37.372
3 16 6.329 -46.846 26.363 5.902 -47.967 24.585 7.505 -47.564 24.815
3 16 8.115 -47.368 24.975 8.909 -45.795 27.417 6.867 -46.709 26.444
3 16 15.48 -34.389 37.372 18.364 -34.389 36.042 19.382 -30.729 38.041
3 16 8.909 -45.795 27.417 8.461 -45.783 27.562 6.867 -46.709 26.444
3 16 18.873 -29.49 39.111 17.643 -27.7 40.885 17.049 -27.7 41.159
3 16 -10.98 -21.705 45.734 -10.4 -27.7 43.319 -6.969 -27.7 44.002
3 16 4.598 -45.451 29.027 4.561 -45.596 28.793 6.861 -45.451 28.577
3 16 -8.241 -20.451 46.808 -8.53 -20.538 46.714 -7.439 -20.451 46.967
3 16 6.867 -46.709 26.444 6.329 -46.846 26.363 7.505 -47.564 24.815
3 16 6.861 -45.451 28.577 6.551 -46.265 27.286 8.461 -45.783 27.562
3 16 -6.969 -27.7 44.002 -7.439 -20.451 46.967 -8.53 -20.538 46.714
3 16 16.28 -25.369 42.471 14.275 -23.734 43.932 13.767 -27.7 42.37
3 16 13.949 -44.309 27.378 16.051 -40.355 31.502 15.669 -40.943 30.921
3 16 1.785 -41.856 33.528 2.759 -40.518 35.056 0 -41.124 34.455
3 16 11.677 -37.508 35.937 8.578 -38.729 35.729 10.925 -40.355 33.625
3 16 11.247 -45.451 27.152 12.592 -45.348 26.665 13.949 -44.309 27.378
3 16 2.524 -43.076 32.071 2.422 -43.087 32.061 1.387 -44.498 30.451
3 16 -8.447 -43.357 30.676 -7.622 -43.247 31.042 -7.737 -42.246 32.226
3 16 -11.247 -45.451 27.152 -12.604 -42.422 30.428 -14.007 -44.201 27.49
3 16 -14.007 -44.201 27.49 -12.604 -42.422 30.428 -14.371 -42.409 29.631
3 16 3.852 -48.372 24.319 4.109 -47.366 25.94 2.889 -47.619 25.669
3 16 -5.362 -43.825 30.815 -5.233 -41.983 33.038 -5.979 -43.576 30.989
3 16 2.632 -47.141 26.485 3.358 -45.451 29.174 2.306 -45.451 29.299
3 16 1.387 -44.498 30.451 2.422 -43.087 32.061 1.472 -42.634 32.629
3 16 16.051 -40.355 31.502 15.035 -40.355 31.971 15.669 -40.943 30.921
3 16 12.438 -45.451 26.603 12.592 -45.348 26.665 11.247 -45.451 27.152
3 16 19.791 -33.505 35.863 19.442 -30.91 37.88 18.364 -34.389 36.042
3 16 2.306 -45.451 29.299 1.901 -48.615 24.151 2.632 -47.141 26.485
3 16 9.355 -34.83 38.967 12.5 -34.389 38.471 9.443 -34.389 39.333
3 16 2.306 -45.451 29.299 2.524 -43.076 32.071 1.387 -44.498 30.451
3 16 1.785 -41.856 33.528 2.554 -41.665 33.721 2.759 -40.518 35.056
3 16 13.949 -44.309 27.378 15.669 -40.943 30.921 14.929 -41.657 30.341
3 16 18.364 -34.389 36.042 19.701 -34.389 35.293 19.791 -33.505 35.863
3 16 2.644 -48.554 24.163 2.889 -47.619 25.669 1.901 -48.615 24.151
3 16 -5.362 -43.825 30.815 -4.936 -44.158 30.502 -5.233 -41.983 33.038
3 16 9.355 -34.83 38.967 12.344 -34.981 37.99 12.5 -34.389 38.471
3 16 2.644 -48.554 24.163 3.852 -48.372 24.319 2.889 -47.619 25.669
3 16 -6.328 -34.389 39.953 -5.351 -34.389 40.069 -3.295 -31.86 41.871
3 16 -3.295 -31.86 41.871 0 -27.839 44.465 -3.495 -27.7 44.413
3 16 0 -45.451 29.389 0.142 -45.451 29.384 0.26 -44.52 30.469
3 16 6.551 -46.265 27.286 6.861 -45.451 28.577 4.561 -45.596 28.793
3 16 5.036 -48.161 24.434 5.902 -47.967 24.585 6.329 -46.846 26.363
3 16 -2.601 -46.27 27.919 -2.216 -46.15 28.162 -2.28 -45.65 28.975
3 16 6.329 -46.846 26.363 4.109 -47.366 25.94 5.036 -48.161 24.434
3 16 -9.497 -44.303 29.229 -10.199 -42.362 31.39 -12.604 -42.422 30.428
3 16 -9.569 -44.437 29.036 -9.497 -44.303 29.229 -12.604 -42.422 30.428
3 16 0 -41.124 34.455 0 -45.451 29.389 0.26 -44.52 30.469
3 16 6.311 -34.514 39.848 9.443 -34.389 39.333 6.328 -34.389 39.953
3 16 8.578 -38.729 35.729 5.615 -39.727 35.45 8.254 -40.355 34.379
3 16 -2.041 -44.507 30.415 -1.315 -45.451 29.338 0 -45.451 29.389
3 16 6.311 -34.514 39.848 9.355 -34.83 38.967 9.443 -34.389 39.333
3 16 -7.737 -42.246 32.226 -6.767 -43.356 31.095 -5.233 -41.983 33.038
3 16 3.401 -40.355 35.172 5.531 -40.355 34.92 5.615 -39.727 35.45
3 16 -5.182 -28.918 43.462 -6.328 -34.389 39.953 -3.295 -31.86 41.871
3 16 0.26 -44.52 30.469 1.472 -42.634 32.629 0 -41.124 34.455
3 16 -3.085 -44.472 30.36 -2.66 -41.601 33.792 -5.233 -41.983 33.038
3 16 -6.767 -43.356 31.095 -5.979 -43.576 30.989 -5.233 -41.983 33.038
3 16 -2.393 -44.503 30.405 -2.66 -41.601 33.792 -3.085 -44.472 30.36
3 16 -4.491 -45.342 29.168 -4.513 -45.451 29.037 -2.464 -45.451 29.28
3 16 -4.491 -45.342 29.168 -2.464 -45.451 29.28 -4.51 -44.894 29.693
3 16 17.977 -40.067 30.705 19.433 -36.694 33.188 16.051 -40.355 31.502
3 16 5.659 -44.012 30.532 6.101 -43.324 31.265 5.531 -40.355 34.92
3 16 -2.635 -48.561 24.152 -2.03 -47.609 25.787 -2.2 -47.582 25.811
3 16 -4.51 -44.894 29.693 -2.464 -45.451 29.28 -3.085 -44.472 30.36
3 16 5.522 -34.389 40.048 6.311 -34.514 39.848 6.328 -34.389 39.953
3 16 -4.867 -27.7 44.251 -4.734 -24.511 45.596 -6.969 -27.7 44.002
3 16 16.051 -40.355 31.502 17.77 -40.355 30.539 17.977 -40.067 30.705
3 16 -2.951 -46.879 26.877 -2.866 -46.526 27.466 -4.561 -45.594 28.797
3 16 15.035 -40.355 31.971 16.051 -40.355 31.502 13.92 -39.161 33.606
3 16 -3.495 -27.7 44.413 -3.586 -24.906 45.567 -3.823 -24.956 45.518
3 16 -4.529 -45.523 28.917 -4.561 -45.594 28.797 -2.464 -45.451 29.28
3 16 -3.495 -27.7 44.413 -3.823 -24.956 45.518 -4.576 -27.7 44.285
3 16 -3.851 -48.373 24.317 -2.789 -47.238 26.307 -2.951 -46.879 26.877
3 16 -4.867 -24.362 45.642 -4.932 -23.593 45.954 -6.969 -27.7 44.002
3 16 -3.823 -24.956 45.518 -4.734 -24.511 45.596 -4.737 -27.639 44.291
3 16 -4.737 -27.639 44.291 -4.576 -27.7 44.285 -3.823 -24.956 45.518
3 16 -4.932 -23.593 45.954 -4.21 -22.987 46.292 -7.439 -20.451 46.967
3 16 -4.21 -22.987 46.292 -3.731 -20.451 47.406 -7.439 -20.451 46.967
3 16 -7.439 -20.451 46.967 -6.969 -27.7 44.002 -4.932 -23.593 45.954
3 16 -6.969 -27.7 44.002 -4.734 -24.511 45.596 -4.867 -24.362 45.642
3 16 -3.648 -23.008 46.35 -3.731 -20.451 47.406 -4.21 -22.987 46.292
3 16 10.663 -46.386 25.742 11.434 -46.007 26.068 11.247 -45.451 27.152
3 16 -13.035 -41.46 31.469 -13.53 -40.355 32.664 -16.051 -40.355 31.502
3 16 10.504 -41.519 32.328 10.315 -43.437 30.007 12.959 -41.63 31.285
3 16 1.425 -42.357 32.956 1.785 -41.856 33.528 0 -41.124 34.455
3 16 11.247 -45.451 27.152 10.064 -45.451 27.588 10.663 -46.386 25.742
3 16 0 -20.451 47.553 0 -27.7 44.55 0.108 -27.7 44.546
3 16 14.929 -41.657 30.341 12.959 -41.63 31.285 13.949 -44.309 27.378
3 16 -14.371 -42.409 29.631 -13.035 -41.46 31.469 -16.051 -40.355 31.502
3 16 -12.283 -45.451 26.674 -11.247 -45.451 27.152 -14.007 -44.201 27.49
3 16 0.108 -27.7 44.546 3.657 -22.728 46.466 0 -20.451 47.553
3 16 1.387 -44.498 30.451 1.472 -42.634 32.629 0.26 -44.52 30.469
3 16 10.001 -46.697 25.446 10.663 -46.386 25.742 9.591 -45.669 27.385
3 16 -2.28 -45.65 28.975 -2.464 -45.451 29.28 -4.561 -45.594 28.797
3 16 -2.866 -46.526 27.466 -2.601 -46.27 27.919 -4.561 -45.594 28.797
3 16 10.315 -43.437 30.007 10.847 -43.607 29.599 12.959 -41.63 31.285
3 16 -2.2 -47.582 25.811 -2.789 -47.238 26.307 -3.851 -48.373 24.317
3 16 -8.712 -44.991 28.615 -8.505 -45.451 28.114 -6.861 -45.451 28.577
3 16 -2.635 -48.561 24.152 -2.2 -47.582 25.811 -3.851 -48.373 24.317
3 16 8.115 -47.368 24.975 8.245 -47.323 25.006 8.909 -45.795 27.417
3 16 10.663 -46.386 25.742 10.064 -45.451 27.588 9.591 -45.669 27.385
3 16 9.591 -45.669 27.385 8.909 -45.795 27.417 10.001 -46.697 25.446
3 16 -2.601 -46.27 27.919 -2.28 -45.65 28.975 -4.561 -45.594 28.797
3 16 14.915 -36.117 36.008 11.677 -37.508 35.937 12.754 -37.842 35.236
3 16 -5.182 -28.918 43.462 -5.477 -28.133 43.912 -6.969 -27.7 44.002
3 16 -3.495 -27.7 44.413 -4.063 -27.872 44.239 -3.778 -28.332 43.99
3 16 10.99 -21.601 45.776 8.542 -20.606 46.682 8.158 -26.94 44.086
3 16 -4.536 -29.093 43.431 -5.182 -28.918 43.462 -3.295 -31.86 41.871
3 16 8.1 -20.451 46.836 7.439 -20.451 46.967 8.542 -20.606 46.682
3 16 -3.295 -31.86 41.871 -3.778 -28.332 43.99 -3.957 -28.849 43.65
3 16 -8.449 -44.587 29.18 -8.712 -44.991 28.615 -6.861 -45.451 28.577
3 16 -7.755 -43.975 30.12 -8.363 -44.422 29.405 -6.861 -45.451 28.577
3 16 -13.53 -40.355 32.664 -15.568 -35.753 36.05 -16.051 -40.355 31.502
3 16 -3.495 -27.7 44.413 -3.778 -28.332 43.99 -3.295 -31.86 41.871
3 16 -15.682 -35.545 36.193 -15.417 -35.058 36.772 -18.364 -34.389 36.042
3 16 8.718 -27.7 43.654 10.4 -27.7 43.319 8.855 -27.12 43.871
3 16 -5.326 -27.89 44.079 -4.867 -27.7 44.251 -6.969 -27.7 44.002
3 16 -9.443 -34.389 39.333 -9.521 -33.846 39.656 -10.302 -33.989 39.345
3 16 -3.495 -27.7 44.413 -4.576 -27.7 44.285 -4.063 -27.872 44.239
3 16 -6.969 -27.7 44.002 -6.328 -34.389 39.953 -5.182 -28.918 43.462
3 16 -11.545 -33.768 39.136 -12.684 -33.172 39.194 -12.5 -34.389 38.471
3 16 4.551 -30.048 42.84 4.575 -34.221 40.264 5.522 -34.389 40.048
3 16 -5.477 -28.133 43.912 -5.326 -27.89 44.079 -6.969 -27.7 44.002
3 16 2.524 -43.076 32.071 2.84 -44.301 30.591 2.84 -43.028 32.089
3 16 -12.684 -33.172 39.194 -12.742 -33.11 39.217 -12.5 -34.389 38.471
3 16 -12.5 -34.389 38.471 -9.443 -34.389 39.333 -10.302 -33.989 39.345
3 16 -6.861 -45.451 28.577 -7.268 -43.962 30.272 -7.755 -43.975 30.12
3 16 9.443 -34.389 39.333 12.5 -34.389 38.471 12.384 -31.524 40.327
3 16 7.662 -42.52 31.914 8.262 -42.413 31.875 9.29 -41.417 32.796
3 16 12.86 -29.928 41.208 13.767 -27.7 42.37 10.4 -27.7 43.319
3 16 12.5 -34.389 38.471 13.013 -31.68 40.05 12.935 -31.695 40.063
3 16 5.522 -34.389 40.048 6.328 -34.389 39.953 4.551 -30.048 42.84
3 16 12.148 -30.579 40.995 12.86 -29.928 41.208 10.4 -27.7 43.319
3 16 12.5 -34.389 38.471 12.935 -31.695 40.063 12.384 -31.524 40.327
3 16 -6.969 -27.7 44.002 -8.53 -20.538 46.714 -10.98 -21.705 45.734
3 16 -16.051 -40.355 31.502 -18.364 -34.389 36.042 -19.287 -36.709 33.256
3 16 -17.961 -39.9 30.877 -17.651 -40.355 30.605 -16.051 -40.355 31.502
3 16 3.731 -20.451 47.406 7.439 -20.451 46.967 4.307 -19.444 47.581
3 16 7.461 -43.257 31.074 8.282 -43.952 29.999 8.348 -43.106 31.009
3 16 6.969 -27.7 44.002 4.457 -27.7 44.299 4.551 -30.048 42.84
3 16 8.254 -40.355 34.379 7.662 -42.52 31.914 9.29 -41.417 32.796
3 16 -15.417 -35.058 36.772 -15.269 -35.036 36.861 -15.48 -34.389 37.372
3 16 -6.796 -43.933 30.401 -7.268 -43.962 30.272 -6.198 -44.148 30.263
3 16 -16.051 -40.355 31.502 -15.568 -35.753 36.05 -18.364 -34.389 36.042
3 16 -18.364 -34.389 36.042 -15.568 -35.753 36.05 -15.682 -35.545 36.193
3 16 -13.53 -40.355 32.664 -14.914 -36.122 36.004 -15.568 -35.753 36.05
3 16 12.251 -31.431 40.423 12.148 -30.579 40.995 9.443 -34.389 39.333
3 16 9.443 -34.389 39.333 12.384 -31.524 40.327 12.251 -31.431 40.423
3 16 12.86 -29.928 41.208 13.347 -29.919 41.077 13.767 -27.7 42.37
3 16 8.282 -43.952 29.999 8.862 -43.694 30.149 8.348 -43.106 31.009
3 16 8.348 -43.106 31.009 8.862 -43.694 30.149 9.498 -43.483 30.225
3 16 -7.268 -43.962 30.272 -6.861 -45.451 28.577 -6.198 -44.148 30.263
3 16 -8.447 -43.357 30.676 -10.199 -42.362 31.39 -8.988 -43.618 30.206
3 16 9.458 -45.096 28.255 10.019 -44.734 28.499 9.528 -44.217 29.325
3 16 8.138 -44.813 28.992 6.975 -45.034 29.052 6.861 -45.451 28.577
3 16 9.528 -44.217 29.325 9.165 -44.358 29.256 9.198 -45.13 28.308
3 16 -5.667 -44.743 29.659 -6.198 -44.148 30.263 -6.861 -45.451 28.577
3 16 -7.622 -43.247 31.042 -7.456 -43.272 31.057 -7.737 -42.246 32.226
3 16 -10.199 -42.362 31.39 -9.497 -44.303 29.229 -9.292 -43.907 29.768
3 16 -5.673 -45.451 28.813 -5.621 -45.289 29.017 -6.861 -45.451 28.577
3 16 4.561 -45.596 28.793 5.119 -46.596 27.019 6.551 -46.265 27.286
3 16 -4.561 -45.594 28.797 -3.851 -48.373 24.317 -2.951 -46.879 26.877
3 16 -8.719 -38.023 36.316 -6.203 -35.327 39.161 -9.443 -34.389 39.333
3 16 8.945 -45.155 28.35 9.165 -44.358 29.256 8.138 -44.813 28.992
3 16 -10.996 -40.088 33.842 -8.719 -38.023 36.316 -12.5 -34.389 38.471
3 16 2.632 -47.141 26.485 4.104 -46.834 26.814 3.358 -45.451 29.174
3 16 -6.203 -35.327 39.161 -6.328 -34.389 39.953 -9.443 -34.389 39.333
3 16 6.861 -45.451 28.577 8.739 -45.451 28.048 8.138 -44.813 28.992
3 16 8.945 -45.155 28.35 9.198 -45.13 28.308 9.165 -44.358 29.256
3 16 0 -41.124 34.455 -2.66 -41.601 33.792 -2.041 -44.507 30.415
3 16 -2.635 -48.561 24.152 -1.9 -48.62 24.142 -2.03 -47.609 25.787
3 16 9.528 -44.217 29.325 9.198 -45.13 28.308 9.458 -45.096 28.255
3 16 7.461 -43.257 31.074 6.867 -43.703 30.66 7.194 -44.232 29.965
3 16 -7.737 -42.246 32.226 -10.199 -42.362 31.39 -8.447 -43.357 30.676
3 16 -4.804 -44.321 30.334 -4.67 -44.482 30.16 -3.085 -44.472 30.36
3 16 -5.233 -41.983 33.038 -4.804 -44.321 30.334 -3.085 -44.472 30.36
3 16 -6.861 -45.451 28.577 -6.61 -46.11 27.531 -6.009 -45.92 27.966
3 16 -6.861 -45.451 28.577 -8.505 -45.451 28.114 -8.449 -45.553 27.956
3 16 -6.009 -45.92 27.966 -5.734 -45.609 28.539 -6.861 -45.451 28.577
3 16 -1.84 -46.922 26.916 -1.166 -47.173 26.532 -1.727 -46.565 27.504
3 16 -1.414 -46.44 27.719 -1.727 -46.565 27.504 -1.166 -47.173 26.532
3 16 -8.449 -45.553 27.956 -7.841 -45.967 27.426 -6.861 -45.451 28.577
3 16 -6.778 -46.158 27.403 -6.61 -46.11 27.531 -6.861 -45.451 28.577
3 16 2.306 -45.451 29.299 3.358 -45.451 29.174 2.84 -44.301 30.591
3 16 4.307 -19.444 47.581 3.752 -19.364 47.666 3.731 -20.451 47.406
3 16 -14.371 -42.409 29.631 -16.051 -40.355 31.502 -14.007 -44.201 27.49
3 16 11.434 -46.007 26.068 12.438 -45.451 26.603 11.247 -45.451 27.152
3 16 -16.051 -40.355 31.502 -19.287 -36.709 33.256 -17.961 -39.9 30.877
3 16 -10.199 -42.362 31.39 -9.292 -43.907 29.768 -8.988 -43.618 30.206
3 16 8.909 -45.795 27.417 8.245 -47.323 25.006 10.001 -46.697 25.446
3 16 13.949 -44.309 27.378 12.959 -41.63 31.285 11.247 -45.451 27.152
3 16 17.049 -27.7 41.159 14.123 -30.362 40.501 13.99 -31.066 40.091
3 16 2.524 -43.076 32.071 2.306 -45.451 29.299 2.84 -44.301 30.591
3 16 19.442 -30.91 37.88 19.382 -30.729 38.041 18.364 -34.389 36.042
4 16 -7.85 -46.482 26.552 -8.108 -47.382 24.954 -7.497 -47.569 24.809 -7.185 -46.607 26.527
4 16 0 -47.192 26.548 0 -46.429 27.792 -1.414 -46.44 27.719 -1.166 -47.173 26.532
5 24 -3.75 -19.431 47.65 -3.731 -20.451 47.406 -4.295 -19.476 47.575 -2.938 -19.318 47.709
5 24 -5.233 -41.983 33.038 -4.936 -44.158 30.502 -5.362 -43.825 30.815 -4.804 -44.321 30.334
5 24 -8.449 -45.553 27.956 -6.861 -45.451 28.577 -7.841 -45.967 27.426 -8.505 -45.451 28.114
5 24 -1.414 -46.44 27.719 -1.166 -47.173 26.532 -1.727 -46.565 27.504 0 -46.429 27.792
5 24 3.731 -20.451 47.406 7.439 -20.451 46.967 4.26 -21.878 46.749 4.307 -19.444 47.581
5 24 13.347 -29.919 41.077 13.767 -27.7 42.37 12.86 -29.928 41.208 13.649 -29.899 40.978
5 24 -4.737 -27.639 44.291 -3.823 -24.956 45.518 -4.576 -27.7 44.285 -4.734 -24.511 45.596
5 24 10.064 -45.451 27.588 11.247 -45.451 27.152 10.427 -45.25 27.705 10.663 -46.386 25.742
5 24 8.718 -27.7 43.654 10.4 -27.7 43.319 8.68 -27.845 43.571 8.855 -27.12 43.871
5 24 0 -20.451 47.553 0.108 -27.7 44.546 3.657 -22.728 46.466 0 -27.7 44.55
5 24 -2.28 -45.65 28.975 -2.216 -46.15 28.162 -1.908 -46.044 28.346 -2.601 -46.27 27.919
5 24 4.598 -45.451 29.027 5.531 -40.355 34.92 3.847 -44.045 30.772 5.659 -44.012 30.532
5 24 0 -48.718 24.057 0 -47.702 25.715 -0.937 -47.694 25.691 1.285 -47.685 25.692
5 24 -2.66 -41.601 33.792 -2.393 -44.503 30.405 -2.041 -44.507 30.415 -3.085 -44.472 30.36
5 24 -12.5 -34.389 38.471 -9.443 -34.389 39.333 -8.719 -38.023 36.316 -10.302 -33.989 39.345
5 24 -8.722 -46.165 26.842 -8.108 -47.382 24.954 -8.6 -46.238 26.753 -8.228 -47.342 24.979
5 24 -6.861 -45.451 28.577 -6.778 -46.158 27.403 -7.841 -45.967 27.426 -6.61 -46.11 27.531
5 24 -10.199 -42.362 31.39 -9.497 -44.303 29.229 -9.292 -43.907 29.768 -12.604 -42.422 30.428
5 24 0 -45.451 29.389 0 -41.124 34.455 -2.041 -44.507 30.415 0.26 -44.52 30.469
5 24 9.443 -34.389 39.333 12.251 -31.431 40.423 12.384 -31.524 40.327 12.148 -30.579 40.995
5 24 10.4 -27.7 43.319 13.767 -27.7 42.37 14.275 -23.734 43.932 12.86 -29.928 41.208
5 24 15.669 -40.943 30.921 16.051 -40.355 31.502 13.949 -44.309 27.378 15.035 -40.355 31.971
5 24 -3.778 -28.332 43.99 -3.495 -27.7 44.413 -3.295 -31.86 41.871 -4.063 -27.872 44.239
5 24 6.861 -45.451 28.577 6.975 -45.034 29.052 6.657 -44.972 29.189 8.138 -44.813 28.992
5 24 2.554 -41.665 33.721 2.759 -40.518 35.056 1.785 -41.856 33.528 2.652 -41.68 33.7
5 24 18.364 -34.389 36.042 19.382 -30.729 38.041 15.48 -34.389 37.372 19.442 -30.91 37.88
5 24 13.767 -27.7 42.37 17.049 -27.7 41.159 17.173 -26.919 41.458 13.649 -29.899 40.978
5 24 -13.53 -40.355 32.664 -13.035 -41.46 31.469 -11.346 -40.355 33.47 -16.051 -40.355 31.502
5 24 -6.969 -27.7 44.002 -4.932 -23.593 45.954 -7.439 -20.451 46.967 -4.867 -24.362 45.642
5 24 11.247 -45.451 27.152 12.438 -45.451 26.603 11.434 -46.007 26.068 12.592 -45.348 26.665
5 24 4.457 -27.7 44.299 6.969 -27.7 44.002 4.26 -21.878 46.749 4.551 -30.048 42.84
5 24 4.561 -45.596 28.793 4.598 -45.451 29.027 6.861 -45.451 28.577 4.482 -45.451 29.041
5 24 -14.261 -23.842 43.889 -13.767 -27.7 42.37 -10.4 -27.7 43.319 -16.259 -25.476 42.431
5 24 15.48 -34.389 37.372 18.364 -34.389 36.042 17.141 -35.082 35.955 19.382 -30.729 38.041
5 24 -7.439 -20.451 46.967 -3.731 -20.451 47.406 -4.295 -19.476 47.575 -4.21 -22.987 46.292
5 24 -4.561 -45.594 28.797 -3.851 -48.373 24.317 -4.718 -45.943 28.186 -2.951 -46.879 26.877
5 24 2.306 -45.451 29.299 2.524 -43.076 32.071 1.387 -44.498 30.451 2.84 -44.301 30.591
5 24 13.92 -39.161 33.606 14.915 -36.117 36.008 17.141 -35.082 35.955 12.754 -37.842 35.236
5 24 -17.571 -27.7 40.918 -17.049 -27.7 41.159 -17.157 -27.018 41.42 -18.811 -29.501 39.132
5 24 8.115 -47.368 24.975 8.909 -45.795 27.417 6.867 -46.709 26.444 8.245 -47.323 25.006
5 24 -6.969 -27.7 44.002 -4.867 -27.7 44.251 -5.326 -27.89 44.079 -4.734 -24.511 45.596
5 24 -13.767 -27.7 42.37 -13.464 -29.3 41.437 -17.049 -27.7 41.159 -13.412 -29.211 41.508
5 24 6.328 -34.389 39.953 6.969 -27.7 44.002 7.455 -28.153 43.622 4.551 -30.048 42.84
5 24 5.531 -40.355 34.92 5.615 -39.727 35.45 8.254 -40.355 34.379 3.401 -40.355 35.172
5 24 8.975 -42.487 31.584 9.808 -43.443 30.187 10.504 -41.519 32.328 9.736 -43.441 30.21
5 24 -12.604 -42.422 30.428 -11.247 -45.451 27.152 -14.007 -44.201 27.49 -9.569 -44.437 29.036
5 24 -11.247 -45.451 27.152 -10.698 -46.33 25.827 -11.448 -45.951 26.162 -9.408 -45.653 27.479
5 24 -8.241 -20.451 46.808 -7.439 -20.451 46.967 -7.695 -20.267 46.961 -8.53 -20.538 46.714
5 24 -4.737 -27.639 44.291 -4.734 -24.511 45.596 -4.867 -27.7 44.251 -3.823 -24.956 45.518
5 24 -3.495 -27.7 44.413 0 -27.7 44.55 -3.424 -24.864 45.59 0 -27.839 44.465
5 24 -8.505 -45.451 28.114 -6.861 -45.451 28.577 -8.449 -45.553 27.956 -8.712 -44.991 28.615
5 24 0 -20.451 47.553 3.731 -20.451 47.406 3.657 -22.728 46.466 2.892 -19.192 47.741
5 24 15.255 -35.078 36.828 15.48 -34.389 37.372 17.141 -35.082 35.955 12.5 -34.389 38.471
5 24 -1.727 -46.565 27.504 -1.166 -47.173 26.532 -1.414 -46.44 27.719 -1.84 -46.922 26.916
5 24 -13.53 -40.355 32.664 -11.346 -40.355 33.47 -10.996 -40.088 33.842 -13.035 -41.46 31.469
5 24 -18.364 -34.389 36.042 -15.48 -34.389 37.372 -15.417 -35.058 36.772 -19.266 -31.146 37.813
5 24 8.254 -40.355 34.379 10.925 -40.355 33.625 8.578 -38.729 35.729 10.046 -40.722 33.427
5 24 -9.443 -34.389 39.333 -6.328 -34.389 39.953 -8.222 -33.102 40.379 -6.203 -35.327 39.161
5 24 -4.576 -27.7 44.285 -3.823 -24.956 45.518 -4.737 -27.639 44.291 -3.495 -27.7 44.413
5 24 0 -27.7 44.55 0 -20.451 47.553 -2.911 -24.281 45.852 0.108 -27.7 44.546
5 24 6.311 -34.514 39.848 6.328 -34.389 39.953 5.522 -34.389 40.048 9.443 -34.389 39.333
5 24 -12.5 -34.389 38.471 -10.996 -40.088 33.842 -14.486 -35.954 36.315 -8.719 -38.023 36.316
5 24 0 -27.839 44.465 0 -27.7 44.55 0.108 -27.7 44.546 -3.495 -27.7 44.413
5 24 4.482 -45.451 29.041 4.598 -45.451 29.027 3.847 -44.045 30.772 4.561 -45.596 28.793
5 24 6.328 -34.389 39.953 9.443 -34.389 39.333 8.073 -28.268 43.428 6.311 -34.514 39.848
5 24 -6.861 -45.451 28.577 -5.734 -45.609 28.539 -5.673 -45.451 28.813 -6.009 -45.92 27.966
5 24 3.401 -40.355 35.172 5.531 -40.355 34.92 2.962 -41.715 33.621 5.615 -39.727 35.45
5 24 9.443 -34.389 39.333 12.384 -31.524 40.327 12.251 -31.431 40.423 12.5 -34.389 38.471
5 24 1.359 -45.451 29.336 2.306 -45.451 29.299 1.285 -47.685 25.692 1.387 -44.498 30.451
5 24 5.531 -40.355 34.92 8.254 -40.355 34.379 5.615 -39.727 35.45 7.55 -42.536 31.918
5 24 -4.561 -45.594 28.797 -2.866 -46.526 27.466 -2.601 -46.27 27.919 -2.951 -46.879 26.877
5 24 2.306 -45.451 29.299 3.358 -45.451 29.174 2.632 -47.141 26.485 2.84 -44.301 30.591
5 24 17.049 -27.7 41.159 17.643 -27.7 40.885 18.873 -29.49 39.111 17.173 -26.919 41.458
5 24 0 -45.451 29.389 0.142 -45.451 29.384 0 -45.939 28.593 0.26 -44.52 30.469
5 24 -17.049 -27.7 41.159 -15.48 -34.389 37.372 -13.973 -31.145 40.045 -18.811 -29.501 39.132
5 24 -17.157 -27.018 41.42 -17.049 -27.7 41.159 -13.767 -27.7 42.37 -17.571 -27.7 40.918
5 24 0 -45.451 29.389 0.26 -44.52 30.469 0.142 -45.451 29.384 0 -41.124 34.455
5 24 -4.867 -27.7 44.251 -4.734 -24.511 45.596 -4.737 -27.639 44.291 -6.969 -27.7 44.002
5 24 -5.233 -41.983 33.038 -4.804 -44.321 30.334 -3.085 -44.472 30.36 -4.936 -44.158 30.502
5 24 -6.328 -34.389 39.953 -5.351 -34.389 40.069 -6.203 -35.327 39.161 -3.295 -31.86 41.871
5 24 3.852 -48.372 24.319 4.109 -47.366 25.94 5.036 -48.161 24.434 2.889 -47.619 25.669
5 24 -6.969 -27.7 44.002 -5.326 -27.89 44.079 -5.477 -28.133 43.912 -4.867 -27.7 44.251
5 24 1.387 -44.498 30.451 2.422 -43.087 32.061 2.524 -43.076 32.071 1.472 -42.634 32.629
5 24 0 -45.939 28.593 0 -45.451 29.389 0.142 -45.451 29.384 -0.683 -45.866 28.685
5 24 9.443 -34.389 39.333 12.5 -34.389 38.471 12.384 -31.524 40.327 9.355 -34.83 38.967
5 24 6.969 -27.7 44.002 7.246 -27.7 43.947 7.293 -27.962 43.774 7.464 -27.191 44.118
5 24 1.901 -48.615 24.151 2.306 -45.451 29.299 1.285 -47.685 25.692 2.632 -47.141 26.485
5 24 -6.861 -45.451 28.577 -5.673 -45.451 28.813 -5.734 -45.609 28.539 -5.621 -45.289 29.017
5 24 9.355 -34.83 38.967 9.443 -34.389 39.333 12.5 -34.389 38.471 6.311 -34.514 39.848
5 24 17.049 -27.7 41.159 17.173 -26.919 41.458 13.767 -27.7 42.37 17.643 -27.7 40.885
5 24 -7.737 -42.246 32.226 -7.456 -43.272 31.057 -7.622 -43.247 31.042 -6.767 -43.356 31.095
5 24 18.364 -34.389 36.042 19.701 -34.389 35.293 19.791 -33.505 35.863 19.433 -36.694 33.188
5 24 12.5 -34.389 38.471 12.935 -31.695 40.063 12.384 -31.524 40.327 13.013 -31.68 40.05
5 24 9.443 -34.389 39.333 10.4 -27.7 43.319 8.073 -28.268 43.428 12.148 -30.579 40.995
5 24 -2.03 -47.609 25.787 -1.9 -48.62 24.142 -1.497 -47.678 25.696 -2.635 -48.561 24.152
5 24 -4.063 -27.872 44.239 -3.495 -27.7 44.413 -3.778 -28.332 43.99 -4.576 -27.7 44.285
5 24 2.759 -40.518 35.056 2.962 -41.715 33.621 2.652 -41.68 33.7 3.401 -40.355 35.172
5 24 10.925 -40.355 33.625 11.803 -40.355 33.301 12.696 -39.384 33.855 11.309 -40.818 32.906
5 24 6.861 -45.451 28.577 8.739 -45.451 28.048 8.461 -45.783 27.562 8.138 -44.813 28.992
5 24 4.598 -45.451 29.027 6.861 -45.451 28.577 4.561 -45.596 28.793 6.158 -44.809 29.483
5 24 10.4 -27.7 43.319 10.99 -21.601 45.776 8.855 -27.12 43.871 11.363 -21.732 45.614
5 24 7.439 -20.451 46.967 8.1 -20.451 46.836 7.725 -20.302 46.947 8.542 -20.606 46.682
5 24 -6.385 -46.701 26.594 -5.899 -47.976 24.57 -5.514 -46.522 27.064 -6.407 -46.703 26.584
5 24 -10.98 -21.705 45.734 -10.4 -27.7 43.319 -11.092 -21.753 45.681 -6.969 -27.7 44.002
5 24 6.969 -27.7 44.002 7.439 -20.451 46.967 7.464 -27.191 44.118 4.26 -21.878 46.749
5 24 -9.521 -33.846 39.656 -9.443 -34.389 39.333 -9.362 -33.81 39.711 -10.302 -33.989 39.345
5 24 13.949 -44.309 27.378 16.051 -40.355 31.502 15.669 -40.943 30.921 15.445 -43.129 28.122
5 24 -14.914 -36.122 36.004 -13.53 -40.355 32.664 -14.486 -35.954 36.315 -15.568 -35.753 36.05
5 24 -6.328 -34.389 39.953 -6.203 -35.327 39.161 -5.351 -34.389 40.069 -9.443 -34.389 39.333
5 24 3.731 -20.451 47.406 3.752 -19.364 47.666 2.892 -19.192 47.741 4.307 -19.444 47.581
5 24 10.768 -40.789 33.142 10.925 -40.355 33.625 11.309 -40.818 32.906 10.046 -40.722 33.427
5 24 3.657 -22.728 46.466 3.731 -20.451 47.406 0 -20.451 47.553 4.26 -21.878 46.749
5 24 -6.861 -45.451 28.577 -6.61 -46.11 27.531 -6.778 -46.158 27.403 -6.009 -45.92 27.966
5 24 7.439 -20.451 46.967 8.542 -20.606 46.682 8.158 -26.94 44.086 8.1 -20.451 46.836
5 24 -3.731 -20.451 47.406 0 -20.451 47.553 -2.977 -23.522 46.164 -2.938 -19.318 47.709
5 24 12.5 -34.389 38.471 15.48 -34.389 37.372 15.255 -35.078 36.828 13.343 -31.601 39.98
5 24 -19.584 -34.389 35.359 -18.364 -34.389 36.042 -19.65 -33.78 35.749 -19.287 -36.709 33.256
5 24 5.522 -34.389 40.048 6.328 -34.389 39.953 4.551 -30.048 42.84 6.311 -34.514 39.848
5 24 7.55 -42.536 31.918 8.254 -40.355 34.379 7.662 -42.52 31.914 5.531 -40.355 34.92
5 24 -3.731 -20.451 47.406 -3.648 -23.008 46.35 -2.977 -23.522 46.164 -4.21 -22.987 46.292
5 24 13.27 -40.935 32.036 13.53 -40.355 32.664 12.796 -40.355 32.935 14.31 -40.964 31.52
5 24 -7.448 -20.222 47.021 -7.439 -20.451 46.967 -4.295 -19.476 47.575 -7.695 -20.267 46.961
5 24 -7.737 -42.246 32.226 -7.622 -43.247 31.042 -7.456 -43.272 31.057 -8.447 -43.357 30.676
5 24 8.245 -47.323 25.006 8.909 -45.795 27.417 10.001 -46.697 25.446 8.115 -47.368 24.975
5 24 -15.48 -34.389 37.372 -15.024 -34.982 37.001 -14.468 -35.338 36.882 -15.269 -35.036 36.861
5 24 9.198 -45.13 28.308 9.528 -44.217 29.325 9.165 -44.358 29.256 9.458 -45.096 28.255
5 24 7.662 -42.52 31.914 8.254 -40.355 34.379 7.55 -42.536 31.918 9.29 -41.417 32.796
5 24 -6.969 -27.7 44.002 -5.477 -28.133 43.912 -5.182 -28.918 43.462 -5.326 -27.89 44.079
5 24 -15.48 -34.389 37.372 -15.269 -35.036 36.861 -15.024 -34.982 37.001 -15.417 -35.058 36.772
5 24 15.48 -34.389 37.372 17.049 -27.7 41.159 18.873 -29.49 39.111 13.99 -31.066 40.091
5 24 16.051 -40.355 31.502 17.77 -40.355 30.539 15.445 -43.129 28.122 17.977 -40.067 30.705
5 24 -11.092 -21.753 45.681 -10.4 -27.7 43.319 -10.98 -21.705 45.734 -12.564 -22.516 44.938
5 24 9.808 -43.443 30.187 10.504 -41.519 32.328 10.315 -43.437 30.007 8.975 -42.487 31.584
5 24 0 -20.451 47.553 0 -19.16 47.863 -2.938 -19.318 47.709 2.892 -19.192 47.741
5 24 -6.969 -27.7 44.002 -6.328 -34.389 39.953 -7.66 -31.079 41.754 -5.182 -28.918 43.462
5 24 6.867 -46.709 26.444 8.909 -45.795 27.417 8.115 -47.368 24.975 8.461 -45.783 27.562
5 24 -3.495 -27.7 44.413 -3.295 -31.86 41.871 -3.778 -28.332 43.99 0 -27.839 44.465
5 24 12.796 -40.355 32.935 13.53 -40.355 32.664 13.27 -40.935 32.036 13.199 -39.917 33.185
5 24 -9.443 -34.389 39.333 -8.719 -38.023 36.316 -12.5 -34.389 38.471 -6.203 -35.327 39.161
5 24 -16.051 -40.355 31.502 -13.53 -40.355 32.664 -15.568 -35.753 36.05 -13.035 -41.46 31.469
5 24 -4.513 -45.451 29.037 -2.464 -45.451 29.28 -4.529 -45.523 28.917 -4.491 -45.342 29.168
5 24 10.925 -40.355 33.625 11.677 -37.508 35.937 12.013 -38.651 34.773 8.578 -38.729 35.729
5 24 -6.407 -46.703 26.584 -5.899 -47.976 24.57 -7.497 -47.569 24.809 -6.385 -46.701 26.594
5 24 6.969 -27.7 44.002 7.455 -28.153 43.622 6.328 -34.389 39.953 7.293 -27.962 43.774
5 24 -7.268 -43.962 30.272 -6.861 -45.451 28.577 -6.198 -44.148 30.263 -7.755 -43.975 30.12
5 24 13.949 -44.309 27.378 15.669 -40.943 30.921 16.051 -40.355 31.502 14.929 -41.657 30.341
5 24 8.975 -42.487 31.584 9.736 -43.441 30.21 9.498 -43.483 30.225 9.808 -43.443 30.187
5 24 12.5 -34.389 38.471 13.013 -31.68 40.05 12.935 -31.695 40.063 13.343 -31.601 39.98
5 24 -4.576 -27.7 44.285 -3.495 -27.7 44.413 -4.063 -27.872 44.239 -3.823 -24.956 45.518
5 24 -17.651 -40.355 30.605 -16.051 -40.355 31.502 -15.432 -43.132 28.125 -17.961 -39.9 30.877
5 24 2.652 -41.68 33.7 2.759 -40.518 35.056 2.962 -41.715 33.621 2.554 -41.665 33.721
5 24 -19.266 -31.146 37.813 -18.364 -34.389 36.042 -19.65 -33.78 35.749 -15.48 -34.389 37.372
5 24 6.861 -45.451 28.577 8.461 -45.783 27.562 6.551 -46.265 27.286 8.739 -45.451 28.048
5 24 -10.4 -27.7 43.319 -10.273 -28.59 42.789 -10.081 -28.614 42.812 -11.201 -28.43 42.629
5 24 -4.718 -45.943 28.186 -3.851 -48.373 24.317 -4.561 -45.594 28.797 -4.965 -46.204 27.702
5 24 7.194 -44.232 29.965 7.461 -43.257 31.074 6.867 -43.703 30.66 8.282 -43.952 29.999
5 24 -7.268 -43.962 30.272 -6.198 -44.148 30.263 -6.796 -43.933 30.401 -6.861 -45.451 28.577
5 24 11.247 -45.451 27.152 12.959 -41.63 31.285 11.178 -44.46 28.413 13.949 -44.309 27.378
5 24 5.902 -47.967 24.585 6.329 -46.846 26.363 7.505 -47.564 24.815 5.036 -48.161 24.434
5 24 2.524 -43.076 32.071 2.84 -44.301 30.591 2.306 -45.451 29.299 2.84 -43.028 32.089
5 24 13.949 -44.309 27.378 14.929 -41.657 30.341 15.669 -40.943 30.921 12.959 -41.63 31.285
5 24 13.767 -27.7 42.37 14.275 -23.734 43.932 10.4 -27.7 43.319 16.28 -25.369 42.471
5 24 8.254 -40.355 34.379 8.578 -38.729 35.729 5.615 -39.727 35.45 10.925 -40.355 33.625
5 24 -13.767 -27.7 42.37 -10.4 -27.7 43.319 -14.261 -23.842 43.889 -11.998 -28.523 42.345
5 24 -12.604 -42.422 30.428 -9.569 -44.437 29.036 -9.497 -44.303 29.229 -11.247 -45.451 27.152
5 24 -17.049 -27.7 41.159 -13.767 -27.7 42.37 -13.464 -29.3 41.437 -17.157 -27.018 41.42
5 24 0 -41.124 34.455 1.425 -42.357 32.956 1.472 -42.634 32.629 1.785 -41.856 33.528
5 24 -10.4 -27.7 43.319 -6.969 -27.7 44.002 -8.941 -29.16 42.698 -10.98 -21.705 45.734
5 24 8.975 -42.487 31.584 9.498 -43.483 30.225 9.736 -43.441 30.21 8.348 -43.106 31.009
5 24 -1.315 -45.451 29.338 0 -45.451 29.389 -0.683 -45.866 28.685 -2.041 -44.507 30.415
5 24 9.165 -44.358 29.256 9.198 -45.13 28.308 9.528 -44.217 29.325 8.945 -45.155 28.35
5 24 -3.495 -27.7 44.413 -3.424 -24.864 45.59 -3.586 -24.906 45.567 0 -27.7 44.55
5 24 -13.767 -27.7 42.37 -13.412 -29.211 41.508 -11.998 -28.523 42.345 -13.464 -29.3 41.437
5 24 0 -27.7 44.55 0.108 -27.7 44.546 0 -27.839 44.465 0 -20.451 47.553
5 24 8.945 -45.155 28.35 9.165 -44.358 29.256 9.198 -45.13 28.308 8.138 -44.813 28.992
5 24 10.663 -46.386 25.742 11.247 -45.451 27.152 11.434 -46.007 26.068 10.064 -45.451 27.588
5 24 6.551 -46.265 27.286 6.861 -45.451 28.577 8.461 -45.783 27.562 4.561 -45.596 28.793
5 24 -16.051 -40.355 31.502 -14.007 -44.201 27.49 -15.432 -43.132 28.125 -14.371 -42.409 29.631
5 24 18.364 -34.389 36.042 19.442 -30.91 37.88 19.382 -30.729 38.041 19.791 -33.505 35.863
5 24 -12.742 -33.11 39.217 -12.5 -34.389 38.471 -13.054 -32.767 39.326 -12.684 -33.172 39.194
5 24 -12.283 -45.451 26.674 -11.247 -45.451 27.152 -11.448 -45.951 26.162 -14.007 -44.201 27.49
5 24 7.439 -20.451 46.967 7.725 -20.302 46.947 8.1 -20.451 46.836 7.447 -20.247 47.015
5 24 -9.443 -34.389 39.333 -9.362 -33.81 39.711 -8.222 -33.102 40.379 -9.521 -33.846 39.656
5 24 0 -41.124 34.455 1.472 -42.634 32.629 1.425 -42.357 32.956 0.26 -44.52 30.469
5 24 -18.364 -34.389 36.042 -16.051 -40.355 31.502 -15.568 -35.753 36.05 -19.287 -36.709 33.256
5 24 -3.586 -24.906 45.567 -3.495 -27.7 44.413 -3.424 -24.864 45.59 -3.823 -24.956 45.518
5 24 -15.48 -34.389 37.372 -12.5 -34.389 38.471 -14.468 -35.338 36.882 -13.054 -32.767 39.326
5 24 -11.247 -45.451 27.152 -9.487 -45.451 27.802 -9.655 -44.926 28.395 -9.408 -45.653 27.479
5 24 12.344 -34.981 37.99 12.5 -34.389 38.471 9.355 -34.83 38.967 15.255 -35.078 36.828
5 24 16.051 -40.355 31.502 18.364 -34.389 36.042 19.433 -36.694 33.188 17.141 -35.082 35.955
5 24 -7.439 -20.451 46.967 -6.969 -27.7 44.002 -8.53 -20.538 46.714 -4.932 -23.593 45.954
5 24 1.387 -44.498 30.451 2.524 -43.076 32.071 2.422 -43.087 32.061 2.306 -45.451 29.299
5 24 7.439 -20.451 46.967 7.447 -20.247 47.015 7.725 -20.302 46.947 4.307 -19.444 47.581
5 24 6.867 -46.709 26.444 8.461 -45.783 27.562 8.909 -45.795 27.417 6.551 -46.265 27.286
5 24 15.035 -40.355 31.971 16.051 -40.355 31.502 15.669 -40.943 30.921 13.92 -39.161 33.606
5 24 6.969 -27.7 44.002 7.293 -27.962 43.774 7.455 -28.153 43.622 7.246 -27.7 43.947
5 24 3.847 -44.045 30.772 4.598 -45.451 29.027 5.531 -40.355 34.92 4.482 -45.451 29.041
