0 Logo Semicupula Grande     |S:S
0 Name: astgrfgr.dat
0 Author: jasolo
0 !LDRAW_ORG Unofficial_Part
0 BFC CERTIFY CCW
3 16 16.236 -47.426 39.197 13.11 -47.426 40.35 13.259 -49.644 37.529
3 16 -11.741 -23.541 55.801 -8.927 -23.541 56.361 -11.69 -23.51 55.819
3 16 8.904 -49.963 38.428 9.2 -49.171 39.312 7.87 -49 39.781
3 16 7.188 -49.004 39.913 6.55 -48.732 40.364 6.96 -50.482 38.194
3 16 8.663 -51.966 36.086 8.904 -49.963 38.428 7.23 -51.092 37.414
3 16 5.9 -51.452 37.248 5.646 -52.837 35.647 7.899 -52.234 35.918
3 16 6.96 -50.482 38.194 7.23 -51.092 37.414 8.904 -49.963 38.428
3 16 6.55 -48.732 40.364 6.039 -50.734 38.077 6.96 -50.482 38.194
3 16 -13.11 -47.426 40.35 -16.236 -47.426 39.197 -13.251 -49.522 37.684
3 16 18.576 -40.267 44.846 20.457 -40.267 43.978 20.84 -36.538 46.316
3 16 20.84 -36.538 46.316 20.469 -33.753 48.365 18.576 -40.267 44.846
3 16 -9.904 -47.426 41.254 -10.182 -46.033 42.411 -10.191 -46.034 42.408
3 16 9.2 -49.171 39.312 9.08 -48.631 39.981 7.87 -49 39.781
3 16 -13.238 -24.399 55.141 -12.628 -30.704 52.601 -11.8 -30.521 52.843
3 16 -13.404 -46.311 41.255 -13.11 -47.426 40.35 -9.904 -47.426 41.254
3 16 -8.363 -32.239 52.802 -8.927 -23.541 56.361 -9.42 -31.291 52.992
3 16 -11.741 -23.541 55.801 -13.238 -24.399 55.141 -10.62 -30.672 53.014
3 16 -9.42 -31.291 52.992 -8.571 -32.223 52.767 -8.363 -32.239 52.802
3 16 10.86 -47.426 40.984 13.11 -47.426 40.35 12.569 -45.223 42.456
3 16 12.569 -45.223 42.456 10.762 -47.426 41.012 10.86 -47.426 40.984
3 16 13.11 -47.426 40.35 13.661 -45.34 42.045 12.569 -45.223 42.456
3 16 13.889 -44.475 42.747 14.13 -43.561 43.49 12.899 -44.346 43.141
3 16 -8.571 -32.223 52.767 -8.564 -32.239 52.762 -8.363 -32.239 52.802
3 16 7.23 -51.092 37.414 5.9 -51.452 37.248 7.899 -52.234 35.918
3 16 6.414 -48.643 40.497 6.031 -50.736 38.077 6.55 -48.732 40.364
3 16 9.2 -49.171 39.312 9.637 -48.405 40.14 9.08 -48.631 39.981
3 16 6.031 -50.736 38.077 6.039 -50.734 38.077 6.55 -48.732 40.364
3 16 10.249 -47.403 41.177 10.762 -47.426 41.012 10.392 -44.977 43.288
3 16 9.904 -47.426 41.254 10.133 -47.426 41.189 10.249 -47.403 41.177
3 16 10.762 -47.426 41.012 12.569 -45.223 42.456 10.392 -44.977 43.288
3 16 13.889 -44.475 42.747 15.069 -44.592 42.205 14.13 -43.561 43.49
3 16 13.43 -41.051 45.913 13.236 -40.267 46.663 11.173 -41.062 46.539
3 16 -10.84 -42.731 45.153 -8.4 -40.267 47.783 -11.332 -40.267 47.2
3 16 -2.102 -44.778 44.606 -3.329 -47.426 42.296 0 -47.426 42.426
3 16 4.79 -32.239 53.225 4.813 -36.563 50.556 6.139 -36.813 50.245
3 16 8.363 -32.239 52.802 7.893 -37.142 49.835 10.29 -37.422 49.184
3 16 14.13 -43.561 43.49 13.899 -43.295 43.79 12.899 -44.346 43.141
3 16 19.878 -32.239 49.605 16.52 -32.239 50.844 20.256 -33.099 48.904
3 16 8.39 -48.032 40.833 9.33 -47.65 41.101 7.359 -47.426 41.76
3 16 -7.681 -39.349 48.499 -8.66 -35.491 50.712 -9.62 -36.188 50.087
3 16 13.11 -47.426 40.35 12.022 -50.433 37.002 13.259 -49.644 37.529
3 16 -8.927 -23.541 56.361 -8.982 -22.075 56.708 -11.69 -23.51 55.819
3 16 13.709 -24.535 54.95 13.25 -24.28 55.189 12.48 -32.239 51.983
3 16 -14.721 -33.655 50.45 -15.418 -38.06 47.451 -13.89 -35.151 49.733
3 16 13.62 -34.171 50.432 14.24 -37.811 47.942 14.279 -34.001 50.355
3 16 7.86 -29.021 54.203 4.477 -23.541 56.888 4.79 -32.239 53.225
3 16 -8.321 -32.76 52.485 -8.311 -32.786 52.471 -8.363 -32.239 52.802
3 16 -2.901 -50.574 38.627 -2.641 -49.303 40.126 -3.219 -48.626 40.895
3 16 -1.37 -49.192 40.304 0 -49.976 39.441 0 -47.426 42.426
3 16 0 -51.584 37.558 0.289 -50.593 38.707 0 -50.594 38.718
3 16 -7.71 -50.342 38.213 -6.73 -50.29 38.47 -6.185 -49.894 39.05
3 16 -10.84 -42.731 45.153 -11.332 -40.267 47.2 -15 -40.267 46.165
3 16 -3.329 -47.426 42.296 -5.881 -45.496 43.652 -6.3 -47.426 41.944
3 16 -16.236 -47.426 39.197 -15.14 -46.408 40.527 -18.576 -40.267 44.846
3 16 7.87 -49 39.781 6.96 -50.482 38.194 8.904 -49.963 38.428
3 16 9.779 -44.895 43.481 8.66 -46.058 42.692 9.449 -46.193 42.417
3 16 -9.777 -47.889 40.727 -9.251 -47.426 41.384 -9.904 -47.426 41.254
3 16 -7.9 -52.24 35.911 -6.75 -51.062 37.544 -7.626 -51.072 37.359
3 16 4.05 -47.882 41.674 6.235 -47.426 41.952 3.329 -47.426 42.296
3 16 16.236 -47.426 39.197 18.576 -40.267 44.846 16.499 -44.655 41.62
3 16 -12.628 -30.704 52.601 -13.238 -24.399 55.141 -17.111 -27.624 52.662
3 16 -2.783 -53.372 35.355 -2.938 -51.676 37.335 -5.644 -52.847 35.636
3 16 -3.022 -50.761 38.403 -3.219 -48.626 40.895 -4.77 -49.482 39.703
3 16 8.842 -30.126 53.598 8.492 -30.244 53.618 8.363 -32.239 52.802
3 16 3.215 -48.661 40.854 1.459 -48.333 41.307 1.429 -49.403 40.056
3 16 14.69 -32.532 51.174 14.874 -32.845 50.923 16.52 -32.239 50.844
3 16 -6.001 -50.897 37.89 -5.644 -52.847 35.636 -2.938 -51.676 37.335
3 16 10.392 -44.977 43.288 9.904 -47.426 41.254 10.249 -47.403 41.177
3 16 -11.741 -23.541 55.801 -10.62 -30.672 53.014 -8.927 -23.541 56.361
3 16 -4.477 -23.541 56.888 -8.109 -21.737 56.894 -8.927 -23.541 56.361
3 16 1.879 -45.233 44.226 0 -44.334 45.067 1.499 -45.844 43.719
3 16 20.469 -33.753 48.365 20.256 -33.099 48.904 18.576 -40.267 44.846
3 16 -9.904 -47.426 41.254 -10.191 -46.034 42.408 -13.404 -46.311 41.255
3 16 -5.946 -49.478 39.568 -5.97 -48.672 40.515 -6.52 -48.066 41.164
3 16 13.25 -24.28 55.189 9.21 -29.471 53.802 12.48 -32.239 51.983
3 16 -3.219 -48.626 40.895 -4.662 -49.056 40.218 -4.77 -49.482 39.703
3 16 -9.651 -50.133 38.036 -10.04 -49.601 38.572 -12.05 -50.356 37.087
3 16 3.039 -52.164 36.748 2.783 -53.363 35.365 5.299 -52.914 35.598
3 16 -18.576 -40.267 44.846 -20.319 -40.267 44.042 -18.92 -43.612 41.544
3 16 4.478 -23.508 56.896 3.04 -20.569 57.658 0 -23.541 57.063
3 16 -6.185 -49.894 39.05 -8.901 -48.595 40.06 -8.97 -48.8 39.801
3 16 0 -47.426 42.426 0 -44.334 45.067 -2.102 -44.778 44.606
3 16 4.478 -23.508 56.896 8.927 -23.541 56.361 8.979 -22.154 56.69
3 16 -8.03 -47.062 41.944 -6.88 -45.682 43.373 -9.45 -45.981 42.602
3 16 -4.071 -34.804 51.729 -4.194 -32.239 53.296 -8.071 -33.366 52.142
3 16 13.43 -41.051 45.913 15 -40.267 46.165 13.236 -40.267 46.663
3 16 11.173 -41.062 46.539 12.649 -41.872 45.405 13.43 -41.051 45.913
3 16 12.725 -33.584 51.058 12.789 -32.993 51.416 11.722 -37.541 48.824
3 16 -2.102 -44.778 44.606 -3.487 -45.063 44.307 -3.329 -47.426 42.296
3 16 6.139 -36.813 50.245 7.893 -37.142 49.835 8.363 -32.239 52.802
3 16 10.574 -44.066 44.044 11.908 -44.228 43.525 12.649 -41.872 45.405
3 16 11.46 -49.022 38.875 10.963 -49.418 38.534 12.022 -50.433 37.002
3 16 -16.52 -32.239 50.844 -17.111 -27.624 52.662 -19.82 -32.222 49.634
3 16 15 -40.267 46.165 15.155 -39.448 46.643 14.799 -39.602 46.644
3 16 -2.151 -48.344 41.267 -1.37 -49.192 40.304 0 -47.426 42.426
3 16 0 -47.426 42.426 -3.329 -47.426 42.296 -2.151 -48.344 41.267
3 16 -6.185 -49.894 39.05 -6.52 -48.066 41.164 -8.901 -48.595 40.06
3 16 -3.099 -20.697 57.625 -4.477 -23.541 56.888 0 -23.541 57.063
3 16 -6.011 -30.162 53.947 -5.611 -29.723 54.177 -8.927 -23.541 56.361
3 16 9.904 -47.426 41.254 9.907 -47.466 41.207 10.133 -47.426 41.189
3 16 14.372 -32.334 51.389 14.69 -32.532 51.174 16.52 -32.239 50.844
3 16 -12.06 -50.35 37.091 -12.05 -50.356 37.087 -13.11 -47.426 40.35
3 16 8.99 -22.158 56.687 8.979 -22.154 56.69 8.927 -23.541 56.361
3 16 11.73 -37.541 48.822 14.24 -37.811 47.942 13.62 -34.171 50.432
3 16 -15 -40.267 46.165 -18.576 -40.267 44.846 -13.719 -45.121 42.222
3 16 -15.14 -46.408 40.527 -13.719 -45.121 42.222 -18.576 -40.267 44.846
3 16 -18.576 -40.267 44.846 -16.52 -38.318 46.876 -20.2 -33.34 48.767
3 16 11.173 -41.062 46.539 10.574 -44.066 44.044 12.649 -41.872 45.405
3 16 11.908 -44.228 43.525 13.369 -42.696 44.472 12.649 -41.872 45.405
3 16 -16.236 -47.426 39.197 -13.11 -47.426 40.35 -15.14 -46.408 40.527
3 16 0 -23.541 57.063 0 -29.613 54.548 1.751 -27.137 55.505
3 16 8.979 -22.154 56.69 4.528 -20.859 57.53 4.478 -23.508 56.896
3 16 4.919 -43.063 45.856 3.749 -45.885 43.57 6.705 -46.916 42.334
3 16 -2.63 -51.952 37.024 -2.783 -53.372 35.355 -1.88 -52.182 36.784
3 16 -1.491 -50.623 38.625 -1.23 -51.562 37.535 0 -50.594 38.718
3 16 -4.071 -34.804 51.729 -1.962 -32.239 53.383 -4.194 -32.239 53.296
3 16 12.48 -32.239 51.983 8.363 -32.239 52.802 10.29 -37.422 49.184
3 16 13.43 -41.051 45.913 14.462 -42.304 44.511 15 -40.267 46.165
3 16 -6.65 -47.327 41.987 -6.3 -47.426 41.944 -6.87 -45.68 43.377
3 16 15.445 -37.918 47.534 16.52 -32.239 50.844 14.729 -33.575 50.499
3 16 8.363 -32.239 52.802 4.79 -32.239 53.225 6.139 -36.813 50.245
3 16 10.29 -37.422 49.184 11.722 -37.541 48.824 12.48 -32.239 51.983
3 16 -15 -40.267 46.165 -13.719 -45.121 42.222 -12.251 -43.903 43.716
3 16 -12.251 -43.903 43.716 -10.84 -42.731 45.153 -15 -40.267 46.165
3 16 -13.11 -47.426 40.35 -13.404 -46.311 41.255 -15.14 -46.408 40.527
3 16 -3.329 -47.426 42.296 -3.487 -45.063 44.307 -5.881 -45.496 43.652
3 16 -5.881 -45.496 43.652 -6.87 -45.68 43.377 -6.3 -47.426 41.944
3 16 -9 -49.44 39.031 -7.71 -50.342 38.213 -6.185 -49.894 39.05
3 16 12.899 -33.884 50.818 11.722 -37.541 48.824 11.73 -37.541 48.822
3 16 15.445 -37.918 47.534 14.729 -33.575 50.499 14.24 -37.811 47.942
3 16 -3.281 -26.308 55.788 -3.611 -26.548 55.676 0 -29.613 54.548
3 16 4.477 -23.541 56.888 0 -23.541 57.063 1.751 -27.137 55.505
3 16 -4.477 -23.541 56.888 -4.441 -24.645 56.432 -4.232 -24.591 56.463
3 16 16.52 -32.239 50.844 14.879 -33.213 50.687 14.729 -33.575 50.499
3 16 -4.001 -26.656 55.616 -4.377 -26.618 55.617 -4.277 -29.693 54.347
3 16 -4.477 -23.541 56.888 -4.232 -24.591 56.463 -3.802 -24.64 56.459
3 16 0 -53.541 35.267 -1.88 -52.182 36.784 -2.783 -53.372 35.355
3 16 -3.14 -25.168 56.266 0 -23.541 57.063 -3.388 -24.871 56.379
3 16 -3.611 -26.548 55.676 -4.277 -29.693 54.347 0 -29.613 54.548
3 16 0 -23.541 57.063 -4.477 -23.541 56.888 -3.802 -24.64 56.459
3 16 -15.522 -39.135 46.711 -15 -40.267 46.165 -15.387 -39.051 46.816
3 16 -16.52 -32.239 50.844 -20.2 -33.34 48.767 -15.98 -37.888 47.356
3 16 0 -53.541 35.267 0 -52.24 36.79 -1.88 -52.182 36.784
3 16 -15.7 -37.925 47.435 -15.418 -38.06 47.451 -16.52 -32.239 50.844
3 16 -4.241 -30.781 53.898 -4.194 -32.239 53.296 -1.962 -32.239 53.383
3 16 0 -23.541 57.063 -3.07 -25.948 55.946 0 -29.613 54.548
3 16 -16.52 -38.318 46.876 -18.576 -40.267 44.846 -16.424 -38.8 46.597
3 16 -3.07 -25.948 55.946 0 -23.541 57.063 -3.032 -25.511 56.128
3 16 13.207 -34.107 50.59 12.899 -33.884 50.818 11.73 -37.541 48.822
3 16 -2.63 -51.952 37.024 -2.938 -51.676 37.335 -2.783 -53.372 35.355
3 16 -16.2 -39 46.55 -15 -40.267 46.165 -15.846 -39.162 46.574
3 16 -16.256 -37.956 47.21 -15.98 -37.888 47.356 -20.2 -33.34 48.767
3 16 6.38 -47.231 42.102 6.705 -46.916 42.334 3.749 -45.885 43.57
3 16 0 -51.584 37.558 0 -50.594 38.718 -1.23 -51.562 37.535
3 16 -1.897 -51.002 38.164 -1.94 -51.241 37.883 -1.808 -51.395 37.709
3 16 -3.219 -48.626 40.895 -3.022 -50.761 38.403 -2.901 -50.574 38.627
3 16 -2.901 -50.574 38.627 -2.011 -50.115 39.199 -2.641 -49.303 40.126
3 16 12.48 -32.239 51.983 16.52 -32.239 50.844 17.125 -27.518 52.703
3 16 17.125 -27.518 52.703 13.709 -24.535 54.95 12.48 -32.239 51.983
3 16 -15.246 -38.967 46.923 -15 -40.267 46.165 -15.11 -38.731 47.111
3 16 -11.332 -40.267 47.2 -11.892 -36.352 49.533 -15.12 -38.491 47.261
3 16 -14.671 -32.534 51.178 -14.51 -32.239 51.411 -16.52 -32.239 50.844
3 16 -11.892 -36.352 49.533 -13.36 -35.709 49.528 -15.12 -38.491 47.261
3 16 -14.721 -33.655 50.45 -14.671 -32.534 51.178 -16.52 -32.239 50.844
3 16 -13.36 -35.709 49.528 -15.418 -38.06 47.451 -15.12 -38.491 47.261
3 16 -15.12 -38.491 47.261 -15.11 -38.731 47.111 -11.332 -40.267 47.2
3 16 -13.89 -35.151 49.733 -15.418 -38.06 47.451 -13.36 -35.709 49.528
3 16 6.235 -47.426 41.952 6.38 -47.231 42.102 3.392 -46.484 43.098
3 16 4.919 -43.063 45.856 3.597 -43.423 45.704 3.472 -45.282 44.122
3 16 6.705 -46.916 42.334 7.311 -42.375 46.165 4.919 -43.063 45.856
3 16 -16.52 -32.239 50.844 -15.418 -38.06 47.451 -14.721 -33.655 50.45
3 16 3.749 -45.885 43.57 3.392 -46.484 43.098 6.38 -47.231 42.102
3 16 4.919 -43.063 45.856 3.472 -45.282 44.122 3.749 -45.885 43.57
3 16 -15.11 -38.731 47.111 -15 -40.267 46.165 -11.332 -40.267 47.2
3 16 4.79 -32.239 53.225 8.363 -32.239 52.802 7.68 -29.841 53.882
3 16 8.234 -28.823 54.241 8.586 -28.805 54.207 8.927 -23.541 56.361
3 16 3.329 -47.426 42.296 6.235 -47.426 41.952 3.392 -46.484 43.098
3 16 -7.681 -39.349 48.499 -8.151 -34.573 51.387 -8.66 -35.491 50.712
3 16 8.363 -32.239 52.802 12.48 -32.239 51.983 9.14 -29.762 53.693
3 16 13.25 -24.28 55.189 12.011 -23.541 55.748 8.586 -28.805 54.207
3 16 7.68 -29.841 53.882 8.363 -32.239 52.802 8.034 -30.191 53.695
3 16 7.649 -29.387 54.075 7.86 -29.021 54.203 4.79 -32.239 53.225
3 16 8.927 -23.541 56.361 4.477 -23.541 56.888 7.86 -29.021 54.203
3 16 -4.921 -48.353 41.016 -4.662 -49.056 40.218 -3.219 -48.626 40.895
3 16 -7.9 -52.24 35.911 -5.661 -52.843 35.637 -6.75 -51.062 37.544
3 16 -5.644 -52.847 35.636 -6.001 -50.897 37.89 -6.01 -50.902 37.883
3 16 -10.85 -36.48 49.66 -11.332 -40.267 47.2 -8.4 -40.267 47.783
3 16 -7.681 -39.349 48.499 -8.146 -34.501 51.433 -8.151 -34.573 51.387
3 16 -9.62 -36.188 50.087 -10.85 -36.48 49.66 -7.681 -39.349 48.499
3 16 -3.245 -48.339 41.23 -3.329 -47.426 42.296 -3.456 -48.341 41.203
3 16 -5.061 -50.163 38.866 -5.23 -50.38 38.59 -3.022 -50.761 38.403
3 16 -3.329 -47.426 42.296 -6.3 -47.426 41.944 -5.4 -47.831 41.573
3 16 9.21 -29.471 53.802 13.25 -24.28 55.189 9.035 -28.985 54.042
3 16 9.14 -29.762 53.693 12.48 -32.239 51.983 9.21 -29.471 53.802
3 16 -5.23 -50.38 38.59 -5.801 -50.803 38.025 -2.938 -51.676 37.335
3 16 -8.564 -32.239 52.762 -8.321 -32.76 52.485 -8.363 -32.239 52.802
3 16 -11.892 -36.352 49.533 -11.332 -40.267 47.2 -10.85 -36.48 49.66
3 16 -8.4 -40.267 47.783 -7.681 -39.349 48.499 -10.85 -36.48 49.66
3 16 -5.801 -50.803 38.025 -6.001 -50.897 37.89 -2.938 -51.676 37.335
3 16 -3.329 -47.426 42.296 -5.4 -47.831 41.573 -4.921 -48.353 41.016
3 16 8.927 -23.541 56.361 8.586 -28.805 54.207 12.011 -23.541 55.748
3 16 -8.27 -50.842 37.504 -8.658 -51.987 36.062 -7.626 -51.072 37.359
3 16 3.329 -47.426 42.296 3.269 -48.074 41.539 4.05 -47.882 41.674
3 16 3.039 -52.164 36.748 2.918 -51.895 37.08 2.783 -53.363 35.365
3 16 5.646 -52.837 35.647 5.9 -51.452 37.248 4.859 -51.712 37.065
3 16 6.23 -47.432 41.945 6.235 -47.426 41.952 4.05 -47.882 41.674
3 16 -4.77 -49.482 39.703 -5.061 -50.163 38.866 -3.022 -50.761 38.403
3 16 -3.133 -51.162 37.918 -3.022 -50.761 38.403 -5.23 -50.38 38.59
3 16 5.299 -52.914 35.598 5.646 -52.837 35.647 4.859 -51.712 37.065
3 16 -19.826 -32.239 49.624 -20.2 -33.34 48.767 -16.52 -32.239 50.844
3 16 -18.576 -40.267 44.846 -15 -40.267 46.165 -16.2 -39 46.55
3 16 4.859 -51.712 37.065 3.039 -52.164 36.748 5.299 -52.914 35.598
3 16 6.05 -47.961 41.343 4.05 -47.882 41.674 6.114 -48.279 40.961
3 16 6.05 -47.961 41.343 6.23 -47.432 41.945 4.05 -47.882 41.674
3 16 19.878 -32.239 49.605 17.125 -27.518 52.703 16.52 -32.239 50.844
3 16 0 -53.541 35.267 2.783 -53.363 35.365 1.35 -52.22 36.76
3 16 2.954 -51.504 37.535 3.215 -48.661 40.854 1.4 -50.412 38.875
3 16 -16.236 -47.426 39.197 -18.576 -40.267 44.846 -18.92 -43.612 41.544
3 16 -6.185 -49.894 39.05 -5.946 -49.478 39.568 -6.52 -48.066 41.164
3 16 -9.046 -50.566 37.679 -8.658 -51.987 36.062 -8.27 -50.842 37.504
3 16 -18.92 -43.612 41.544 -16.26 -47.426 39.186 -16.236 -47.426 39.197
3 16 4.05 -47.882 41.674 5.389 -50.894 37.967 6.414 -48.643 40.497
3 16 6.031 -50.736 38.077 6.414 -48.643 40.497 5.389 -50.894 37.967
3 16 -5.644 -52.847 35.636 -6.01 -50.902 37.883 -5.661 -52.843 35.637
3 16 -7.626 -51.072 37.359 -8.658 -51.987 36.062 -7.9 -52.24 35.911
3 16 -6.01 -50.902 37.883 -6.75 -51.062 37.544 -5.661 -52.843 35.637
3 16 -9.046 -50.566 37.679 -10.531 -51.194 36.498 -8.67 -51.982 36.064
3 16 -9.777 -47.889 40.727 -9.904 -47.426 41.254 -13.11 -47.426 40.35
3 16 -9.06 -50.561 37.682 -9.651 -50.133 38.036 -10.531 -51.194 36.498
3 16 9.449 -46.193 42.417 10.392 -44.977 43.288 9.779 -44.895 43.481
3 16 8.199 -46.113 42.736 8.66 -46.058 42.692 9.779 -44.895 43.481
3 16 10.574 -44.066 44.044 11.173 -41.062 46.539 8.189 -42.093 46.236
3 16 12.48 -32.239 51.983 12.789 -32.993 51.416 13.179 -32.544 51.592
3 16 13.62 -34.171 50.432 13.207 -34.107 50.59 11.73 -37.541 48.822
3 16 12.899 -33.884 50.818 12.725 -33.584 51.058 11.722 -37.541 48.824
3 16 -10.531 -51.194 36.498 -9.046 -50.566 37.679 -9.06 -50.561 37.682
3 16 -8.658 -51.987 36.062 -9.046 -50.566 37.679 -8.67 -51.982 36.064
3 16 -10.081 -48.475 39.929 -9.777 -47.889 40.727 -13.11 -47.426 40.35
3 16 9.2 -49.171 39.312 9.411 -49.23 39.2 9.637 -48.405 40.14
3 16 8.663 -51.966 36.086 9.202 -49.994 38.331 8.904 -49.963 38.428
3 16 16.52 -32.239 50.844 15.46 -37.919 47.528 20.256 -33.099 48.904
3 16 -10.04 -49.601 38.572 -10.17 -49.011 39.252 -12.05 -50.356 37.087
3 16 18.576 -40.267 44.846 20.256 -33.099 48.904 18.05 -38.109 46.448
3 16 7.899 -52.234 35.918 8.663 -51.966 36.086 7.23 -51.092 37.414
3 16 8.189 -42.093 46.236 7.311 -42.375 46.165 9.779 -44.895 43.481
3 16 9.779 -44.895 43.481 10.574 -44.066 44.044 8.189 -42.093 46.236
3 16 -13.11 -47.426 40.35 -12.05 -50.356 37.087 -10.17 -49.011 39.252
3 16 18.05 -38.109 46.448 20.256 -33.099 48.904 15.46 -37.919 47.528
3 16 9.904 -47.426 41.254 7.359 -47.426 41.76 9.33 -47.65 41.101
3 16 -10.17 -49.011 39.252 -10.081 -48.475 39.929 -13.11 -47.426 40.35
3 16 -4.053 -30.1 54.188 -4.056 -30.513 54.016 -1.962 -32.239 53.383
3 16 -3.611 -26.548 55.676 -4.001 -26.656 55.616 -4.277 -29.693 54.347
3 16 13.25 -24.28 55.189 8.586 -28.805 54.207 9.035 -28.985 54.042
3 16 -5.2 -25.279 56.078 -4.959 -24.902 56.263 -4.477 -23.541 56.888
3 16 -1.962 -32.239 53.383 0 -29.613 54.548 -4.277 -29.693 54.347
3 16 -4.277 -29.693 54.347 -4.053 -30.1 54.188 -1.962 -32.239 53.383
3 16 -3.07 -25.948 55.946 -3.281 -26.308 55.788 0 -29.613 54.548
3 16 13.11 -47.426 40.35 11.42 -47.642 40.564 11.724 -47.916 40.145
3 16 7.87 -49 39.781 7.188 -49.004 39.913 6.96 -50.482 38.194
3 16 9.14 -29.762 53.693 8.842 -30.126 53.598 8.363 -32.239 52.802
3 16 0 -23.541 57.063 -3.14 -25.168 56.266 -3.032 -25.511 56.128
3 16 0 -23.541 57.063 -3.802 -24.64 56.459 -3.388 -24.871 56.379
3 16 -16.52 -38.318 46.876 -16.256 -37.956 47.21 -20.2 -33.34 48.767
3 16 -15 -40.267 46.165 -15.522 -39.135 46.711 -15.846 -39.162 46.574
3 16 -15.98 -37.888 47.356 -15.7 -37.925 47.435 -16.52 -32.239 50.844
3 16 8.363 -32.239 52.802 8.492 -30.244 53.618 8.034 -30.191 53.695
3 16 7.86 -29.021 54.203 8.234 -28.823 54.241 8.927 -23.541 56.361
3 16 12.789 -32.993 51.416 12.48 -32.239 51.983 11.722 -37.541 48.824
3 16 7.68 -29.841 53.882 7.649 -29.387 54.075 4.79 -32.239 53.225
3 16 -4.377 -26.618 55.617 -4.837 -26.412 55.649 -5.115 -29.18 54.462
3 16 -8.927 -23.541 56.361 -5.134 -26.056 55.762 -5.243 -25.664 55.912
3 16 13.969 -32.252 51.555 14.372 -32.334 51.389 16.52 -32.239 50.844
3 16 14.24 -37.811 47.942 14.729 -33.575 50.499 14.279 -34.001 50.355
3 16 -18.576 -40.267 44.846 -16.2 -39 46.55 -16.424 -38.8 46.597
3 16 -10.531 -51.194 36.498 -9.651 -50.133 38.036 -12.05 -50.356 37.087
3 16 1.499 -45.844 43.719 0 -47.426 42.426 1.642 -46.365 43.268
3 16 2.69 -45.001 44.392 3.597 -43.423 45.704 1.699 -43.904 45.368
3 16 0 -47.426 42.426 3.329 -47.426 42.296 2.129 -46.663 42.995
3 16 -13.238 -24.399 55.141 -11.8 -30.521 52.843 -10.62 -30.672 53.014
3 16 -8.982 -22.075 56.708 -8.927 -23.541 56.361 -8.109 -21.737 56.894
3 16 1.879 -45.233 44.226 2.69 -45.001 44.392 1.699 -43.904 45.368
3 16 -14.13 -31.51 51.831 -13.161 -30.804 52.408 -17.111 -27.624 52.662
3 16 9.904 -47.426 41.254 10.392 -44.977 43.288 9.449 -46.193 42.417
3 16 16.499 -44.655 41.62 15.719 -45.503 41.137 16.236 -47.426 39.197
3 16 2.69 -45.001 44.392 3.472 -45.282 44.122 3.597 -43.423 45.704
3 16 3.329 -47.426 42.296 2.55 -46.741 42.912 2.129 -46.663 42.995
3 16 -16.52 -32.239 50.844 -14.51 -32.239 51.411 -14.13 -31.51 51.831
3 16 13.236 -40.267 46.663 15 -40.267 46.165 14.799 -39.602 46.644
3 16 -13.251 -49.522 37.684 -12.06 -50.35 37.091 -13.11 -47.426 40.35
3 16 12.011 -23.541 55.748 8.99 -22.158 56.687 8.927 -23.541 56.361
3 16 20.27 -33.129 48.878 20.256 -33.099 48.904 20.469 -33.753 48.365
3 16 -3.099 -20.697 57.625 -4.527 -20.891 57.522 -4.477 -23.541 56.888
3 16 -19.826 -32.239 49.624 -16.52 -32.239 50.844 -19.82 -32.222 49.634
3 16 3.329 -47.426 42.296 3.392 -46.484 43.098 2.55 -46.741 42.912
3 16 1.699 -43.904 45.368 0 -44.334 45.067 1.879 -45.233 44.226
3 16 -9.42 -31.291 52.992 -8.927 -23.541 56.361 -10.62 -30.672 53.014
3 16 0 -23.541 57.063 0 -20.528 57.786 -3.099 -20.697 57.625
3 16 0 -47.426 42.426 1.499 -45.844 43.719 0 -44.334 45.067
3 16 -4.477 -23.541 56.888 -4.527 -20.891 57.522 -8.109 -21.737 56.894
3 16 13.661 -45.34 42.045 13.11 -47.426 40.35 15.719 -45.503 41.137
3 16 18.576 -40.267 44.846 14.462 -42.304 44.511 15.599 -43.604 42.908
3 16 15.719 -45.503 41.137 13.11 -47.426 40.35 16.236 -47.426 39.197
3 16 0 -47.426 42.426 0 -49.976 39.441 0.389 -48.353 41.326
3 16 1.429 -49.403 40.056 1.4 -50.412 38.875 3.215 -48.661 40.854
3 16 0 -47.426 42.426 0.389 -48.353 41.326 1.459 -48.333 41.307
3 16 15.155 -39.448 46.643 15 -40.267 46.165 18.576 -40.267 44.846
3 16 16.52 -32.239 50.844 15.445 -37.918 47.534 15.46 -37.919 47.528
3 16 18.05 -38.109 46.448 15.155 -39.448 46.643 18.576 -40.267 44.846
3 16 3.269 -48.074 41.539 1.459 -48.333 41.307 2.999 -48.139 41.474
3 16 1.4 -50.412 38.875 1.35 -52.22 36.76 2.918 -51.895 37.08
3 16 18.576 -40.267 44.846 15 -40.267 46.165 14.462 -42.304 44.511
3 16 9.449 -46.193 42.417 8.789 -46.926 41.911 9.904 -47.426 41.254
3 16 7.311 -42.375 46.165 8.199 -46.113 42.736 9.779 -44.895 43.481
3 16 7.879 -47.044 41.989 7.359 -47.426 41.76 8.427 -46.907 42
3 16 -17.111 -27.624 52.662 -16.52 -32.239 50.844 -14.13 -31.51 51.831
3 16 -13.161 -30.804 52.408 -12.628 -30.704 52.601 -17.111 -27.624 52.662
3 16 7.311 -42.375 46.165 6.705 -46.916 42.334 7.45 -46.391 42.643
3 16 0 -52.24 36.79 0 -53.541 35.267 1.35 -52.22 36.76
3 16 3.329 -47.426 42.296 0 -47.426 42.426 1.459 -48.333 41.307
3 16 1.35 -52.22 36.76 2.783 -53.363 35.365 2.918 -51.895 37.08
3 16 7.45 -46.391 42.643 8.199 -46.113 42.736 7.311 -42.375 46.165
3 16 8.789 -46.926 41.911 7.359 -47.426 41.76 9.904 -47.426 41.254
3 16 18.576 -40.267 44.846 15.599 -43.604 42.908 16.499 -44.655 41.62
3 16 14.874 -32.845 50.923 14.879 -33.213 50.687 16.52 -32.239 50.844
3 16 11.829 -48.303 39.645 13.11 -47.426 40.35 11.724 -47.916 40.145
3 16 13.969 -32.252 51.555 12.48 -32.239 51.983 13.179 -32.544 51.592
3 16 -9.251 -47.426 41.384 -9.242 -47.426 41.386 -8.9 -47.242 41.614
3 16 -8.03 -47.062 41.944 -6.65 -47.327 41.987 -6.88 -45.682 43.373
3 16 -6.65 -47.327 41.987 -6.87 -45.68 43.377 -6.88 -45.682 43.373
3 16 -8.146 -34.501 51.433 -7.681 -39.349 48.499 -6.66 -38.031 49.432
3 16 16.52 -32.239 50.844 12.48 -32.239 51.983 13.969 -32.252 51.555
3 16 9.419 -49.994 38.269 9.202 -49.994 38.331 8.663 -51.966 36.086
3 16 -8.363 -32.239 52.802 -5.461 -30.914 53.698 -6.011 -30.162 53.947
3 16 9.895 -49.941 38.2 9.419 -49.994 38.269 10.53 -51.231 36.452
3 16 13.11 -47.426 40.35 10.86 -47.426 40.984 11.42 -47.642 40.564
3 16 10.53 -51.231 36.452 12.022 -50.433 37.002 10.299 -49.783 38.277
3 16 3.269 -48.074 41.539 3.329 -47.426 42.296 1.459 -48.333 41.307
3 16 -5.115 -29.18 54.462 -4.638 -29.472 54.397 -4.377 -26.618 55.617
3 16 -4.477 -23.541 56.888 -8.927 -23.541 56.361 -5.2 -25.279 56.078
3 16 -4.194 -32.239 53.296 -8.363 -32.239 52.802 -8.311 -32.786 52.471
3 16 -10.182 -46.033 42.411 -9.904 -47.426 41.254 -9.251 -47.426 41.384
3 16 -4.277 -29.693 54.347 -4.377 -26.618 55.617 -4.638 -29.472 54.397
3 16 -4.959 -24.902 56.263 -4.441 -24.645 56.432 -4.477 -23.541 56.888
3 16 -5.611 -29.723 54.177 -6.011 -30.162 53.947 -5.767 -29.994 54.045
3 16 -5.115 -29.18 54.462 -5.134 -26.056 55.762 -5.611 -29.723 54.177
3 16 -4.194 -32.239 53.296 -4.596 -30.988 53.77 -5.008 -31.095 53.676
3 16 -6.011 -30.162 53.947 -5.461 -30.914 53.698 -5.75 -30.433 53.864
3 16 -4.194 -32.239 53.296 -4.241 -30.781 53.898 -4.596 -30.988 53.77
3 16 -5.115 -29.18 54.462 -5.345 -29.522 54.292 -5.01 -29.439 54.366
3 16 -4.638 -29.472 54.397 -5.115 -29.18 54.462 -5.01 -29.439 54.366
3 16 -5.611 -29.723 54.177 -5.134 -26.056 55.762 -8.927 -23.541 56.361
3 16 -8.363 -32.239 52.802 -6.011 -30.162 53.947 -8.927 -23.541 56.361
3 16 11.46 -49.022 38.875 13.11 -47.426 40.35 11.756 -48.634 39.263
3 16 -6.011 -30.162 53.947 -5.75 -30.433 53.864 -5.767 -29.994 54.045
3 16 -5.115 -29.18 54.462 -5.611 -29.723 54.177 -5.345 -29.522 54.292
3 16 9.419 -49.994 38.269 8.663 -51.966 36.086 10.53 -51.231 36.452
3 16 -8.9 -47.242 41.614 -8.03 -47.062 41.944 -9.45 -45.981 42.602
3 16 -9.45 -45.981 42.602 -10.182 -46.033 42.411 -8.9 -47.242 41.614
3 16 -10.182 -46.033 42.411 -9.251 -47.426 41.384 -8.9 -47.242 41.614
3 16 -6.66 -38.031 49.432 -4.071 -34.804 51.729 -8.146 -34.501 51.433
3 16 -5.461 -30.914 53.698 -4.194 -32.239 53.296 -5.008 -31.095 53.676
3 16 10.963 -49.418 38.534 10.299 -49.783 38.277 12.022 -50.433 37.002
3 16 13.11 -47.426 40.35 11.46 -49.022 38.875 12.022 -50.433 37.002
3 16 -18.576 -40.267 44.846 -20.699 -36.817 46.193 -20.319 -40.267 44.042
3 16 10.219 -49.063 39.176 9.637 -48.405 40.14 9.971 -49.19 39.091
3 16 10.546 -48.827 39.37 10.75 -48.382 39.854 10.41 -48.171 40.205
3 16 -2.938 -51.676 37.335 -3.133 -51.162 37.918 -5.23 -50.38 38.59
3 16 -15 -40.267 46.165 -15.246 -38.967 46.923 -15.387 -39.051 46.816
3 16 2.954 -51.504 37.535 1.4 -50.412 38.875 2.772 -51.546 37.494
3 16 1.459 -48.333 41.307 3.215 -48.661 40.854 2.999 -48.139 41.474
3 16 0 -47.426 42.426 2.129 -46.663 42.995 1.642 -46.365 43.268
3 16 13.11 -47.426 40.35 11.829 -48.303 39.645 11.756 -48.634 39.263
3 16 1.4 -50.412 38.875 2.918 -51.895 37.08 2.772 -51.546 37.494
3 16 -20.2 -33.34 48.767 -20.699 -36.817 46.193 -18.576 -40.267 44.846
3 16 10.299 -49.783 38.277 9.895 -49.941 38.2 10.53 -51.231 36.452
3 16 3.215 -48.661 40.854 2.954 -51.504 37.535 4.319 -51.163 37.776
3 16 -8.97 -48.8 39.801 -9 -49.44 39.031 -6.185 -49.894 39.05
3 16 -8.631 -48.197 40.587 -8.901 -48.595 40.06 -7.32 -47.82 41.298
3 16 -8.66 -49.941 38.502 -7.71 -50.342 38.213 -9 -49.44 39.031
3 16 -3.329 -47.426 42.296 -4.921 -48.353 41.016 -3.456 -48.341 41.203
3 16 -3.329 -47.426 42.296 -3.245 -48.339 41.23 -2.151 -48.344 41.267
3 16 9.33 -47.65 41.101 9.907 -47.466 41.207 9.904 -47.426 41.254
3 16 7.359 -47.426 41.76 8.789 -46.926 41.911 8.427 -46.907 42
3 16 20.457 -40.267 43.978 18.576 -40.267 44.846 18.902 -43.84 41.338
3 16 -4.921 -48.353 41.016 -3.219 -48.626 40.895 -3.456 -48.341 41.203
3 16 4.05 -47.882 41.674 6.414 -48.643 40.497 6.114 -48.279 40.961
3 16 -1.37 -49.192 40.304 -0.667 -49.848 39.564 -0.291 -49.96 39.448
3 16 9.637 -48.405 40.14 9.411 -49.23 39.2 9.971 -49.19 39.091
3 16 -4.194 -32.239 53.296 -8.311 -32.786 52.471 -8.071 -33.366 52.142
3 16 -8.071 -33.366 52.142 -8.146 -34.501 51.433 -4.071 -34.804 51.729
3 16 -8.363 -32.239 52.802 -4.194 -32.239 53.296 -5.461 -30.914 53.698
3 16 18.576 -40.267 44.846 16.236 -47.426 39.197 18.902 -43.84 41.338
3 16 -5.2 -25.279 56.078 -8.927 -23.541 56.361 -5.243 -25.664 55.912
3 16 -4.837 -26.412 55.649 -5.134 -26.056 55.762 -5.115 -29.18 54.462
3 16 4.477 -23.541 56.888 8.927 -23.541 56.361 4.478 -23.508 56.896
3 16 0 -23.541 57.063 4.477 -23.541 56.888 4.478 -23.508 56.896
3 16 7.27 -48.092 40.984 7.815 -48.216 40.728 7.113 -47.708 41.473
3 16 0.389 -48.353 41.326 0 -49.976 39.441 0.2 -49.977 39.431
3 16 -1.37 -49.192 40.304 -0.85 -49.722 39.704 -0.667 -49.848 39.564
3 16 0.289 -50.593 38.707 0 -51.584 37.558 0.246 -51.569 37.566
3 16 -8.901 -48.595 40.06 -6.52 -48.066 41.164 -7.32 -47.82 41.298
3 16 -8.17 -47.901 41.032 -8.631 -48.197 40.587 -7.32 -47.82 41.298
3 16 3.04 -20.569 57.658 0 -20.528 57.786 0 -23.541 57.063
3 16 0 -49.976 39.441 -1.37 -49.192 40.304 -0.291 -49.96 39.448
3 16 4.478 -23.508 56.896 4.528 -20.859 57.53 3.04 -20.569 57.658
3 16 10.219 -49.063 39.176 10.04 -48.233 40.235 9.637 -48.405 40.14
3 16 -4.056 -30.513 54.016 -4.241 -30.781 53.898 -1.962 -32.239 53.383
4 16 10.219 -49.063 39.176 10.546 -48.827 39.37 10.41 -48.171 40.205 10.04 -48.233 40.235
4 16 -1.79 -50.76 38.452 -1.897 -51.002 38.164 -1.808 -51.395 37.709 -1.557 -51.508 37.585
4 16 7.815 -48.216 40.728 8.39 -48.032 40.833 7.359 -47.426 41.76 7.113 -47.708 41.473
4 16 -1.491 -50.623 38.625 -1.79 -50.76 38.452 -1.557 -51.508 37.585 -1.23 -51.562 37.535
5 24 -20.319 -40.267 44.042 -18.576 -40.267 44.846 -18.92 -43.612 41.544 -20.699 -36.817 46.193
5 24 9.904 -47.426 41.254 10.392 -44.977 43.288 10.249 -47.403 41.177 9.449 -46.193 42.417
5 24 8.363 -32.239 52.802 9.14 -29.762 53.693 12.48 -32.239 51.983 8.842 -30.126 53.598
5 24 -13.404 -46.311 41.255 -13.11 -47.426 40.35 -15.14 -46.408 40.527 -9.904 -47.426 41.254
5 24 12.48 -32.239 51.983 13.25 -24.28 55.189 9.21 -29.471 53.802 13.709 -24.535 54.95
5 24 15.46 -37.919 47.528 16.52 -32.239 50.844 20.256 -33.099 48.904 15.445 -37.918 47.534
5 24 -13.238 -24.399 55.141 -12.628 -30.704 52.601 -17.111 -27.624 52.662 -11.8 -30.521 52.843
5 24 -10.531 -51.194 36.498 -9.06 -50.561 37.682 -9.046 -50.566 37.679 -9.651 -50.133 38.036
5 24 -4.053 -30.1 54.188 -1.962 -32.239 53.383 -4.056 -30.513 54.016 -4.277 -29.693 54.347
5 24 -1.37 -49.192 40.304 -0.667 -49.848 39.564 -0.85 -49.722 39.704 -0.291 -49.96 39.448
5 24 0 -47.426 42.426 3.329 -47.426 42.296 1.459 -48.333 41.307 2.129 -46.663 42.995
5 24 -15.246 -38.967 46.923 -15 -40.267 46.165 -15.11 -38.731 47.111 -15.387 -39.051 46.816
5 24 -4.596 -30.988 53.77 -4.194 -32.239 53.296 -5.008 -31.095 53.676 -4.241 -30.781 53.898
5 24 7.359 -47.426 41.76 9.904 -47.426 41.254 9.33 -47.65 41.101 8.789 -46.926 41.911
5 24 8.927 -23.541 56.361 8.979 -22.154 56.69 4.478 -23.508 56.896 8.99 -22.158 56.687
5 24 -16.2 -39 46.55 -15 -40.267 46.165 -15.846 -39.162 46.574 -18.576 -40.267 44.846
5 24 4.477 -23.541 56.888 8.927 -23.541 56.361 7.86 -29.021 54.203 4.478 -23.508 56.896
5 24 -18.576 -40.267 44.846 -15 -40.267 46.165 -16.2 -39 46.55 -13.719 -45.121 42.222
5 24 -5.115 -29.18 54.462 -4.837 -26.412 55.649 -5.134 -26.056 55.762 -4.377 -26.618 55.617
5 24 4.79 -32.239 53.225 7.86 -29.021 54.203 7.649 -29.387 54.075 4.477 -23.541 56.888
5 24 -8.363 -32.239 52.802 -8.321 -32.76 52.485 -8.564 -32.239 52.762 -8.311 -32.786 52.471
5 24 -4.194 -32.239 53.296 -4.071 -34.804 51.729 -1.962 -32.239 53.383 -8.071 -33.366 52.142
5 24 -3.281 -26.308 55.788 0 -29.613 54.548 -3.611 -26.548 55.676 -3.07 -25.948 55.946
5 24 9.904 -47.426 41.254 10.133 -47.426 41.189 9.907 -47.466 41.207 10.249 -47.403 41.177
5 24 8.663 -51.966 36.086 9.419 -49.994 38.269 9.202 -49.994 38.331 10.53 -51.231 36.452
5 24 -11.892 -36.352 49.533 -11.332 -40.267 47.2 -15.12 -38.491 47.261 -10.85 -36.48 49.66
5 24 0 -49.976 39.441 0 -47.426 42.426 -1.37 -49.192 40.304 0.389 -48.353 41.326
5 24 9.904 -47.426 41.254 9.907 -47.466 41.207 10.133 -47.426 41.189 9.33 -47.65 41.101
5 24 -13.11 -47.426 40.35 -9.904 -47.426 41.254 -9.777 -47.889 40.727 -13.404 -46.311 41.255
5 24 -9.046 -50.566 37.679 -8.67 -51.982 36.064 -8.658 -51.987 36.062 -10.531 -51.194 36.498
5 24 -18.576 -40.267 44.846 -16.424 -38.8 46.597 -16.52 -38.318 46.876 -16.2 -39 46.55
5 24 9.904 -47.426 41.254 10.249 -47.403 41.177 10.392 -44.977 43.288 10.133 -47.426 41.189
5 24 -9.42 -31.291 52.992 -8.363 -32.239 52.802 -8.571 -32.223 52.767 -8.927 -23.541 56.361
5 24 15 -40.267 46.165 15.155 -39.448 46.643 14.799 -39.602 46.644 18.576 -40.267 44.846
5 24 -3.388 -24.871 56.379 0 -23.541 57.063 -3.14 -25.168 56.266 -3.802 -24.64 56.459
5 24 3.472 -45.282 44.122 3.597 -43.423 45.704 4.919 -43.063 45.856 2.69 -45.001 44.392
5 24 8.927 -23.541 56.361 12.011 -23.541 55.748 8.586 -28.805 54.207 8.99 -22.158 56.687
5 24 -15.11 -38.731 47.111 -15 -40.267 46.165 -15.246 -38.967 46.923 -11.332 -40.267 47.2
5 24 11.73 -37.541 48.822 13.207 -34.107 50.59 12.899 -33.884 50.818 13.62 -34.171 50.432
5 24 4.477 -23.541 56.888 4.478 -23.508 56.896 8.927 -23.541 56.361 0 -23.541 57.063
5 24 6.039 -50.734 38.077 6.55 -48.732 40.364 6.96 -50.482 38.194 6.031 -50.736 38.077
5 24 -11.332 -40.267 47.2 -10.84 -42.731 45.153 -8.4 -40.267 47.783 -15 -40.267 46.165
5 24 -5.008 -31.095 53.676 -4.194 -32.239 53.296 -5.461 -30.914 53.698 -4.596 -30.988 53.77
5 24 -5.115 -29.18 54.462 -4.638 -29.472 54.397 -5.01 -29.439 54.366 -4.377 -26.618 55.617
5 24 -6.011 -30.162 53.947 -5.461 -30.914 53.698 -8.363 -32.239 52.802 -5.75 -30.433 53.864
5 24 -3.219 -48.626 40.895 -3.022 -50.761 38.403 -2.901 -50.574 38.627 -4.77 -49.482 39.703
5 24 8.034 -30.191 53.695 8.363 -32.239 52.802 7.68 -29.841 53.882 8.492 -30.244 53.618
5 24 -6.011 -30.162 53.947 -5.767 -29.994 54.045 -5.611 -29.723 54.177 -5.75 -30.433 53.864
5 24 7.359 -47.426 41.76 8.427 -46.907 42 8.789 -46.926 41.911 7.879 -47.044 41.989
5 24 0 -23.541 57.063 0 -20.528 57.786 3.04 -20.569 57.658 -3.099 -20.697 57.625
5 24 18.576 -40.267 44.846 20.457 -40.267 43.978 18.902 -43.84 41.338 20.84 -36.538 46.316
5 24 -19.826 -32.239 49.624 -16.52 -32.239 50.844 -20.2 -33.34 48.767 -19.82 -32.222 49.634
5 24 -11.741 -23.541 55.801 -8.927 -23.541 56.361 -10.62 -30.672 53.014 -11.69 -23.51 55.819
5 24 10.41 -48.171 40.205 10.546 -48.827 39.37 10.75 -48.382 39.854 10.04 -48.233 40.235
5 24 -17.111 -27.624 52.662 -16.52 -32.239 50.844 -19.82 -32.222 49.634 -14.13 -31.51 51.831
5 24 12.48 -32.239 51.983 13.969 -32.252 51.555 16.52 -32.239 50.844 13.179 -32.544 51.592
5 24 18.576 -40.267 44.846 20.256 -33.099 48.904 20.469 -33.753 48.365 18.05 -38.109 46.448
5 24 7.893 -37.142 49.835 8.363 -32.239 52.802 10.29 -37.422 49.184 6.139 -36.813 50.245
5 24 -8.151 -34.573 51.387 -7.681 -39.349 48.499 -8.146 -34.501 51.433 -8.66 -35.491 50.712
5 24 7.68 -29.841 53.882 8.363 -32.239 52.802 4.79 -32.239 53.225 8.034 -30.191 53.695
5 24 -6.01 -50.902 37.883 -5.644 -52.847 35.636 -5.661 -52.843 35.637 -6.001 -50.897 37.89
5 24 20.256 -33.099 48.904 20.469 -33.753 48.365 18.576 -40.267 44.846 20.27 -33.129 48.878
5 24 -4.477 -23.541 56.888 -4.232 -24.591 56.463 -3.802 -24.64 56.459 -4.441 -24.645 56.432
5 24 2.783 -53.363 35.365 2.918 -51.895 37.08 3.039 -52.164 36.748 1.35 -52.22 36.76
5 24 1.459 -48.333 41.307 2.999 -48.139 41.474 3.215 -48.661 40.854 3.269 -48.074 41.539
5 24 13.969 -32.252 51.555 16.52 -32.239 50.844 12.48 -32.239 51.983 14.372 -32.334 51.389
5 24 13.11 -47.426 40.35 13.661 -45.34 42.045 15.719 -45.503 41.137 12.569 -45.223 42.456
5 24 12.48 -32.239 51.983 16.52 -32.239 50.844 17.125 -27.518 52.703 13.969 -32.252 51.555
5 24 3.329 -47.426 42.296 6.235 -47.426 41.952 3.392 -46.484 43.098 4.05 -47.882 41.674
5 24 12.022 -50.433 37.002 13.11 -47.426 40.35 13.259 -49.644 37.529 11.46 -49.022 38.875
5 24 -4.638 -29.472 54.397 -4.377 -26.618 55.617 -4.277 -29.693 54.347 -5.115 -29.18 54.462
5 24 14.799 -39.602 46.644 15 -40.267 46.165 15.155 -39.448 46.643 13.236 -40.267 46.663
5 24 10.86 -47.426 40.984 12.569 -45.223 42.456 13.11 -47.426 40.35 10.762 -47.426 41.012
5 24 -15 -40.267 46.165 -13.719 -45.121 42.222 -18.576 -40.267 44.846 -12.251 -43.903 43.716
5 24 8.663 -51.966 36.086 9.202 -49.994 38.331 9.419 -49.994 38.269 8.904 -49.963 38.428
5 24 -4.056 -30.513 54.016 -1.962 -32.239 53.383 -4.241 -30.781 53.898 -4.053 -30.1 54.188
5 24 13.889 -44.475 42.747 14.13 -43.561 43.49 15.069 -44.592 42.205 12.899 -44.346 43.141
5 24 -6.3 -47.426 41.944 -3.329 -47.426 42.296 -5.4 -47.831 41.573 -5.881 -45.496 43.652
5 24 6.705 -46.916 42.334 7.311 -42.375 46.165 4.919 -43.063 45.856 7.45 -46.391 42.643
5 24 0 -29.613 54.548 0 -23.541 57.063 -3.07 -25.948 55.946 1.751 -27.137 55.505
5 24 -9.904 -47.426 41.254 -9.251 -47.426 41.384 -9.777 -47.889 40.727 -10.182 -46.033 42.411
5 24 0 -51.584 37.558 0.289 -50.593 38.707 0 -50.594 38.718 0.246 -51.569 37.566
5 24 -16.52 -32.239 50.844 -14.51 -32.239 51.411 -14.671 -32.534 51.178 -14.13 -31.51 51.831
5 24 -10.182 -46.033 42.411 -9.904 -47.426 41.254 -9.251 -47.426 41.384 -10.191 -46.034 42.408
5 24 14.69 -32.532 51.174 16.52 -32.239 50.844 14.874 -32.845 50.923 14.372 -32.334 51.389
5 24 8.927 -23.541 56.361 8.99 -22.158 56.687 8.979 -22.154 56.69 12.011 -23.541 55.748
5 24 10.86 -47.426 40.984 13.11 -47.426 40.35 11.42 -47.642 40.564 12.569 -45.223 42.456
5 24 13.11 -47.426 40.35 16.236 -47.426 39.197 15.719 -45.503 41.137 13.259 -49.644 37.529
5 24 15.445 -37.918 47.534 16.52 -32.239 50.844 14.729 -33.575 50.499 15.46 -37.919 47.528
5 24 -18.576 -40.267 44.846 -16.2 -39 46.55 -15 -40.267 46.165 -16.424 -38.8 46.597
5 24 -15.522 -39.135 46.711 -15 -40.267 46.165 -15.387 -39.051 46.816 -15.846 -39.162 46.574
5 24 -5.345 -29.522 54.292 -5.115 -29.18 54.462 -5.611 -29.723 54.177 -5.01 -29.439 54.366
5 24 -13.11 -47.426 40.35 -12.05 -50.356 37.087 -12.06 -50.35 37.091 -10.17 -49.011 39.252
5 24 13.236 -40.267 46.663 15 -40.267 46.165 13.43 -41.051 45.913 14.799 -39.602 46.644
5 24 3.269 -48.074 41.539 3.329 -47.426 42.296 4.05 -47.882 41.674 1.459 -48.333 41.307
5 24 -6.52 -48.066 41.164 -6.185 -49.894 39.05 -5.946 -49.478 39.568 -8.901 -48.595 40.06
5 24 -10.531 -51.194 36.498 -9.046 -50.566 37.679 -9.06 -50.561 37.682 -8.67 -51.982 36.064
5 24 -6.011 -30.162 53.947 -5.611 -29.723 54.177 -8.927 -23.541 56.361 -5.767 -29.994 54.045
5 24 -9.904 -47.426 41.254 -9.777 -47.889 40.727 -9.251 -47.426 41.384 -13.11 -47.426 40.35
5 24 10.574 -44.066 44.044 11.173 -41.062 46.539 12.649 -41.872 45.405 8.189 -42.093 46.236
5 24 8.363 -32.239 52.802 8.842 -30.126 53.598 8.492 -30.244 53.618 9.14 -29.762 53.693
5 24 -20.2 -33.34 48.767 -18.576 -40.267 44.846 -16.52 -38.318 46.876 -20.699 -36.817 46.193
5 24 4.478 -23.508 56.896 8.927 -23.541 56.361 8.979 -22.154 56.69 4.477 -23.541 56.888
5 24 -6.01 -50.902 37.883 -5.661 -52.843 35.637 -6.75 -51.062 37.544 -5.644 -52.847 35.636
5 24 -5.115 -29.18 54.462 -5.01 -29.439 54.366 -4.638 -29.472 54.397 -5.345 -29.522 54.292
5 24 -1.897 -51.002 38.164 -1.808 -51.395 37.709 -1.94 -51.241 37.883 -1.79 -50.76 38.452
5 24 11.73 -37.541 48.822 12.899 -33.884 50.818 11.722 -37.541 48.824 13.207 -34.107 50.59
5 24 1.4 -50.412 38.875 2.772 -51.546 37.494 2.918 -51.895 37.08 2.954 -51.504 37.535
5 24 4.79 -32.239 53.225 7.649 -29.387 54.075 7.86 -29.021 54.203 7.68 -29.841 53.882
5 24 9.411 -49.23 39.2 9.637 -48.405 40.14 9.971 -49.19 39.091 9.2 -49.171 39.312
5 24 0 -51.584 37.558 0 -50.594 38.718 -1.23 -51.562 37.535 0.289 -50.593 38.707
5 24 7.359 -47.426 41.76 8.789 -46.926 41.911 8.427 -46.907 42 9.904 -47.426 41.254
5 24 2.954 -51.504 37.535 3.215 -48.661 40.854 1.4 -50.412 38.875 4.319 -51.163 37.776
5 24 -5.611 -29.723 54.177 -5.115 -29.18 54.462 -5.134 -26.056 55.762 -5.345 -29.522 54.292
5 24 4.478 -23.508 56.896 4.528 -20.859 57.53 8.979 -22.154 56.69 3.04 -20.569 57.658
5 24 9.637 -48.405 40.14 10.219 -49.063 39.176 10.04 -48.233 40.235 9.971 -49.19 39.091
5 24 6.031 -50.736 38.077 6.55 -48.732 40.364 6.414 -48.643 40.497 6.039 -50.734 38.077
5 24 2.783 -53.363 35.365 3.039 -52.164 36.748 2.918 -51.895 37.08 5.299 -52.914 35.598
5 24 -3.329 -47.426 42.296 0 -47.426 42.426 -2.102 -44.778 44.606 -2.151 -48.344 41.267
5 24 -4.477 -23.541 56.888 -4.441 -24.645 56.432 -4.232 -24.591 56.463 -4.959 -24.902 56.263
5 24 -6.001 -50.897 37.89 -5.644 -52.847 35.636 -6.01 -50.902 37.883 -2.938 -51.676 37.335
5 24 -8.571 -32.223 52.767 -8.363 -32.239 52.802 -8.564 -32.239 52.762 -9.42 -31.291 52.992
5 24 0 -49.976 39.441 0.389 -48.353 41.326 0.2 -49.977 39.431 0 -47.426 42.426
5 24 -11.69 -23.51 55.819 -8.927 -23.541 56.361 -8.982 -22.075 56.708 -11.741 -23.541 55.801
5 24 -3.487 -45.063 44.307 -3.329 -47.426 42.296 -5.881 -45.496 43.652 -2.102 -44.778 44.606
5 24 1.4 -50.412 38.875 2.954 -51.504 37.535 3.215 -48.661 40.854 2.772 -51.546 37.494
5 24 -8.927 -23.541 56.361 -5.243 -25.664 55.912 -5.2 -25.279 56.078 -5.134 -26.056 55.762
5 24 3.329 -47.426 42.296 3.392 -46.484 43.098 6.235 -47.426 41.952 2.55 -46.741 42.912
5 24 -5.2 -25.279 56.078 -4.477 -23.541 56.888 -8.927 -23.541 56.361 -4.959 -24.902 56.263
5 24 -4.241 -30.781 53.898 -4.194 -32.239 53.296 -1.962 -32.239 53.383 -4.596 -30.988 53.77
5 24 8.363 -32.239 52.802 12.48 -32.239 51.983 9.14 -29.762 53.693 10.29 -37.422 49.184
5 24 0 -47.426 42.426 0 -44.334 45.067 -2.102 -44.778 44.606 1.499 -45.844 43.719
5 24 4.05 -47.882 41.674 6.235 -47.426 41.952 6.23 -47.432 41.945 3.329 -47.426 42.296
5 24 10.762 -47.426 41.012 12.569 -45.223 42.456 10.392 -44.977 43.288 10.86 -47.426 40.984
5 24 -8.901 -48.595 40.06 -7.32 -47.82 41.298 -8.631 -48.197 40.587 -6.52 -48.066 41.164
5 24 -10.191 -46.034 42.408 -9.904 -47.426 41.254 -13.404 -46.311 41.255 -10.182 -46.033 42.411
5 24 9.895 -49.941 38.2 10.53 -51.231 36.452 9.419 -49.994 38.269 10.299 -49.783 38.277
5 24 -4.194 -32.239 53.296 -1.962 -32.239 53.383 -4.241 -30.781 53.898 -4.071 -34.804 51.729
5 24 11.722 -37.541 48.824 12.899 -33.884 50.818 11.73 -37.541 48.822 12.725 -33.584 51.058
5 24 -5.801 -50.803 38.025 -2.938 -51.676 37.335 -6.001 -50.897 37.89 -5.23 -50.38 38.59
5 24 -19.82 -32.222 49.634 -16.52 -32.239 50.844 -17.111 -27.624 52.662 -19.826 -32.239 49.624
5 24 -2.938 -51.676 37.335 -2.783 -53.372 35.355 -2.63 -51.952 37.024 -5.644 -52.847 35.636
5 24 -6.011 -30.162 53.947 -5.75 -30.433 53.864 -5.767 -29.994 54.045 -5.461 -30.914 53.698
5 24 14.372 -32.334 51.389 16.52 -32.239 50.844 14.69 -32.532 51.174 13.969 -32.252 51.555
5 24 -13.11 -47.426 40.35 -12.06 -50.35 37.091 -12.05 -50.356 37.087 -13.251 -49.522 37.684
5 24 -15 -40.267 46.165 -11.332 -40.267 47.2 -15.11 -38.731 47.111 -10.84 -42.731 45.153
5 24 4.79 -32.239 53.225 8.363 -32.239 52.802 7.68 -29.841 53.882 6.139 -36.813 50.245
5 24 5.646 -52.837 35.647 5.9 -51.452 37.248 4.859 -51.712 37.065 7.899 -52.234 35.918
5 24 -18.576 -40.267 44.846 -16.236 -47.426 39.197 -18.92 -43.612 41.544 -15.14 -46.408 40.527
5 24 -16.52 -32.239 50.844 -15.418 -38.06 47.451 -14.721 -33.655 50.45 -15.7 -37.925 47.435
5 24 0 -23.541 57.063 4.477 -23.541 56.888 1.751 -27.137 55.505 4.478 -23.508 56.896
5 24 0 -23.541 57.063 4.478 -23.508 56.896 3.04 -20.569 57.658 4.477 -23.541 56.888
5 24 -8.927 -23.541 56.361 -4.477 -23.541 56.888 -8.109 -21.737 56.894 -5.2 -25.279 56.078
5 24 -4.377 -26.618 55.617 -4.277 -29.693 54.347 -4.001 -26.656 55.616 -4.638 -29.472 54.397
5 24 14.462 -42.304 44.511 15 -40.267 46.165 13.43 -41.051 45.913 18.576 -40.267 44.846
5 24 -9.251 -47.426 41.384 -8.9 -47.242 41.614 -10.182 -46.033 42.411 -9.242 -47.426 41.386
5 24 9.33 -47.65 41.101 9.904 -47.426 41.254 9.907 -47.466 41.207 7.359 -47.426 41.76
5 24 12.899 -44.346 43.141 14.13 -43.561 43.49 13.899 -43.295 43.79 13.889 -44.475 42.747
5 24 -15.846 -39.162 46.574 -15 -40.267 46.165 -16.2 -39 46.55 -15.522 -39.135 46.711
5 24 1.459 -48.333 41.307 3.269 -48.074 41.539 3.329 -47.426 42.296 2.999 -48.139 41.474
5 24 -6.87 -45.68 43.377 -6.65 -47.327 41.987 -6.3 -47.426 41.944 -6.88 -45.682 43.373
5 24 4.05 -47.882 41.674 6.23 -47.432 41.945 6.05 -47.961 41.343 6.235 -47.426 41.952
5 24 15 -40.267 46.165 18.576 -40.267 44.846 15.155 -39.448 46.643 14.462 -42.304 44.511
5 24 6.031 -50.736 38.077 6.414 -48.643 40.497 5.389 -50.894 37.967 6.55 -48.732 40.364
5 24 -8.631 -48.197 40.587 -7.32 -47.82 41.298 -8.901 -48.595 40.06 -8.17 -47.901 41.032
5 24 16.52 -32.239 50.844 19.878 -32.239 49.605 17.125 -27.518 52.703 20.256 -33.099 48.904
5 24 -8.363 -32.239 52.802 -4.194 -32.239 53.296 -8.311 -32.786 52.471 -5.461 -30.914 53.698
5 24 -4.277 -29.693 54.347 -1.962 -32.239 53.383 -4.053 -30.1 54.188 0 -29.613 54.548
5 24 -4.959 -24.902 56.263 -4.477 -23.541 56.888 -4.441 -24.645 56.432 -5.2 -25.279 56.078
5 24 -4.527 -20.891 57.522 -4.477 -23.541 56.888 -8.109 -21.737 56.894 -3.099 -20.697 57.625
5 24 8.363 -32.239 52.802 8.492 -30.244 53.618 8.842 -30.126 53.598 8.034 -30.191 53.695
5 24 11.722 -37.541 48.824 12.48 -32.239 51.983 10.29 -37.422 49.184 12.789 -32.993 51.416
5 24 -8.146 -34.501 51.433 -7.681 -39.349 48.499 -8.151 -34.573 51.387 -6.66 -38.031 49.432
5 24 -6.88 -45.682 43.373 -6.65 -47.327 41.987 -6.87 -45.68 43.377 -8.03 -47.062 41.944
5 24 -9.046 -50.566 37.679 -8.658 -51.987 36.062 -8.27 -50.842 37.504 -8.67 -51.982 36.064
5 24 8.586 -28.805 54.207 8.927 -23.541 56.361 8.234 -28.823 54.241 12.011 -23.541 55.748
5 24 -11.332 -40.267 47.2 -8.4 -40.267 47.783 -10.85 -36.48 49.66 -10.84 -42.731 45.153
5 24 -6.001 -50.897 37.89 -2.938 -51.676 37.335 -5.801 -50.803 38.025 -5.644 -52.847 35.636
5 24 -16.236 -47.426 39.197 -13.11 -47.426 40.35 -15.14 -46.408 40.527 -13.251 -49.522 37.684
5 24 10.299 -49.783 38.277 10.53 -51.231 36.452 12.022 -50.433 37.002 9.895 -49.941 38.2
5 24 16.236 -47.426 39.197 18.576 -40.267 44.846 16.499 -44.655 41.62 18.902 -43.84 41.338
5 24 -8.927 -23.541 56.361 -8.363 -32.239 52.802 -6.011 -30.162 53.947 -9.42 -31.291 52.992
5 24 0 -53.541 35.267 0 -52.24 36.79 -1.88 -52.182 36.784 1.35 -52.22 36.76
5 24 -8.363 -32.239 52.802 -8.311 -32.786 52.471 -8.321 -32.76 52.485 -4.194 -32.239 53.296
5 24 -8.564 -32.239 52.762 -8.363 -32.239 52.802 -8.321 -32.76 52.485 -8.571 -32.223 52.767
5 24 -8.982 -22.075 56.708 -8.927 -23.541 56.361 -11.69 -23.51 55.819 -8.109 -21.737 56.894
5 24 -3.329 -47.426 42.296 -3.245 -48.339 41.23 -3.456 -48.341 41.203 -2.151 -48.344 41.267
5 24 16.52 -32.239 50.844 17.125 -27.518 52.703 12.48 -32.239 51.983 19.878 -32.239 49.605
5 24 -4.477 -23.541 56.888 0 -23.541 57.063 -3.802 -24.64 56.459 -3.099 -20.697 57.625
