0 Bandera Japon   |M:M
0 Name: bandejap.dat
0 Author: betatron & jasolo
0 !LDRAW_ORG Unofficial_Part
0 BFC CERTIFY CCW
1 15 0 0 0 2.5 0 0 0 5 0 0 0 -2.5 4-4cyli.dat
1 24 0 0 0 2.5 0 0 0 -1 0 0 0 -2.5 4-4edge.dat
1 24 0 5 0 2.5 0 0 0 -1 0 0 0 -2.5 4-4edge.dat
1 15 0 5 0 2.5 0 0 0 -1 0 0 0 -2.5 4-4disc.dat
3 15 44.58 -31.376 0.85 22.404 -31.376 0.813 22.602 -31.376 0
3 15 7.358 -9.888 0.813 1.885 -2.875 1.503 23.24 -33.373 1.503
3 15 27.071 -9.888 -0.81 7.359 -9.888 -0.81 7.555 -9.888 0
3 15 22.404 -31.376 0.813 23.24 -33.373 1.503 23.617 -33.109 0.813
3 15 7.358 -9.888 0.813 2.447 -2.875 0.813 1.885 -2.875 1.503
3 15 22.405 -31.376 -0.81 23.617 -33.109 -0.813 23.24 -33.373 -1.503
3 15 1.885 -2.875 -1.503 7.359 -9.888 -0.81 23.24 -33.373 -1.503
3 15 1.885 -2.875 -1.503 2.447 -2.875 -0.813 7.359 -9.888 -0.81
3 15 7.359 -9.888 -0.81 22.405 -31.376 -0.81 23.24 -33.373 -1.503
3 15 22.404 -31.376 0.813 7.358 -9.888 0.813 23.24 -33.373 1.503
3 15 30.8096 -13.7757 -2.16816 30.112 -14.2418 -0.81 27.071 -9.888 -0.81
3 15 40.7237 -20.4001 -2.47 40.4333 -21.8603 -2.47 45.412 -28.989 -2.47
3 15 38.6236 -25.4702 0.84695 44.58 -31.376 0.85 39.519 -24.1303 0.85
3 15 38.6236 -15.33 -2.47 40.1779 -17.6562 -2.47 62.912 -28.989 -2.47
3 15 33.5535 -27.5703 0.836049 30.8096 -27.0245 0.832108 22.404 -31.376 0.813
3 15 44.58 -31.376 0.85 38.6236 -25.4702 0.84695 36.2974 -27.0245 0.841264
3 15 45.412 -28.989 -2.47 40.4333 -21.8603 -2.47 40.1779 -23.144 -0.940433
3 15 7.358 -9.888 0.813 26.3833 -20.4001 0.83246 26.9291 -17.6562 0.836562
3 15 30.8096 -27.0245 0.832108 28.4834 -25.4702 0.830043 22.404 -31.376 0.813
3 15 33.5535 -13.2299 -1.33857 34.5433 -13.4268 -2.47 30.404 -7.5 -2.47
3 15 36.2975 -13.7757 -2.47 38.6236 -15.33 -2.47 30.404 -7.5 -2.47
3 15 27.071 -9.888 -0.81 30.112 -14.2418 -0.81 28.4834 -15.33 -0.81
3 15 29.571 -9.888 0.85 30.8096 -13.7757 0.84754 32.1063 -13.5178 0.85
3 15 7.358 -9.888 0.813 26.9291 -23.144 0.830167 26.3833 -20.4001 0.83246
3 15 42.08 -31.376 -0.81 38.1677 -25.7749 -0.81 38.6236 -25.4702 -1.69776
3 15 42.912 -28.989 -4.13 39.5188 -24.1305 -4.13 40.1779 -23.144 -4.13
3 15 33.5535 -27.5703 -0.81 36.2974 -27.0245 -0.81 42.08 -31.376 -0.81
3 15 30.404 -7.5 -2.47 34.5433 -13.4268 -2.47 36.2975 -13.7757 -2.47
3 15 36.2974 -27.0245 -0.81 38.1677 -25.7749 -0.81 42.08 -31.376 -0.81
3 15 40.1779 -23.144 -4.13 40.7237 -20.4001 -4.13 47.904 -7.5 -4.13
3 15 28.4834 -15.33 -0.81 26.9291 -17.6562 -0.81 27.071 -9.888 -0.81
3 15 40.7237 -20.4001 -4.13 40.1779 -17.6562 -4.13 47.904 -7.5 -4.13
3 15 26.9291 -17.6562 -0.81 26.3833 -20.4001 -0.81 22.405 -31.376 -0.81
3 15 28.4834 -25.4702 -0.81 30.8096 -27.0245 -0.81 22.405 -31.376 -0.81
3 15 28.4834 -15.33 0.841857 30.8096 -13.7757 0.84754 29.571 -9.888 0.85
3 15 40.1779 -17.6562 -4.13 38.6236 -15.33 -4.13 47.904 -7.5 -4.13
3 15 47.904 -7.5 -4.13 36.2975 -13.7757 -4.13 33.5535 -13.2299 -4.13
3 15 47.904 -7.5 -4.13 38.6236 -15.33 -4.13 36.2975 -13.7757 -4.13
3 15 26.9291 -23.144 -0.81 28.4834 -25.4702 -0.81 22.405 -31.376 -0.81
3 15 26.3833 -20.4001 -0.81 26.9291 -23.144 -0.81 22.405 -31.376 -0.81
4 15 22.405 -31.376 -0.81 22.602 -31.376 0 23.75 -33.016 0 23.617 -33.109 -0.813
4 15 23.617 -33.109 0.813 23.75 -33.016 0 22.602 -31.376 0 22.404 -31.376 0.813
4 15 42.08 -31.376 -0.81 44.58 -31.376 0.85 22.602 -31.376 0 22.405 -31.376 -0.81
4 15 45.412 -28.989 -2.47 44.58 -31.376 0.85 42.08 -31.376 -0.81 42.912 -28.989 -4.13
4 15 62.912 -28.989 -4.13 62.912 -28.989 -2.47 45.412 -28.989 -2.47 42.912 -28.989 -4.13
4 15 20.401 -35.361 -0.813 20.269 -35.454 0 -2.543 -2.875 0 -2.346 -2.875 -0.813
4 15 20.269 -35.454 0 20.401 -35.361 0.813 -2.346 -2.875 0.813 -2.543 -2.875 0
4 15 -1.784 -2.875 -1.503 20.778 -35.097 -1.503 20.401 -35.361 -0.813 -2.346 -2.875 -0.813
4 15 20.401 -35.361 0.813 20.778 -35.097 1.503 -1.784 -2.875 1.503 -2.346 -2.875 0.813
4 15 20.778 -35.097 1.503 21.343 -34.701 1.963 -0.942 -2.875 1.963 -1.784 -2.875 1.503
4 15 -0.942 -2.875 -1.963 21.343 -34.701 -1.963 20.778 -35.097 -1.503 -1.784 -2.875 -1.503
4 15 21.343 -34.701 1.963 22.009 -34.235 2.125 0.051 -2.875 2.125 -0.942 -2.875 1.963
4 15 0.051 -2.875 -2.125 22.009 -34.235 -2.125 21.343 -34.701 -1.963 -0.942 -2.875 -1.963
4 15 1.044 -2.875 -1.963 22.675 -33.768 -1.963 22.009 -34.235 -2.125 0.051 -2.875 -2.125
4 15 22.009 -34.235 2.125 22.675 -33.768 1.963 1.044 -2.875 1.963 0.051 -2.875 2.125
4 15 1.885 -2.875 -1.503 23.24 -33.373 -1.503 22.675 -33.768 -1.963 1.044 -2.875 -1.963
4 15 22.675 -33.768 1.963 23.24 -33.373 1.503 1.885 -2.875 1.503 1.044 -2.875 1.963
4 15 7.555 -9.888 0 7.358 -9.888 0.813 29.571 -9.888 0.85 27.071 -9.888 -0.81
4 15 30.404 -7.5 -2.47 27.904 -7.5 -4.13 27.071 -9.888 -0.81 29.571 -9.888 0.85
4 15 30.404 -7.5 -2.47 47.904 -7.5 -2.47 47.904 -7.5 -4.13 27.904 -7.5 -4.13
4 15 7.555 -9.888 0 2.645 -2.875 0 2.447 -2.875 0.813 7.358 -9.888 0.813
4 15 7.359 -9.888 -0.81 2.447 -2.875 -0.813 2.645 -2.875 0 7.555 -9.888 0
4 15 1.044 -2.875 1.963 1.435 -2.875 3.465 0 -2.875 3.75 0.051 -2.875 2.125
4 15 -3.75 -2.875 0 -2.543 -2.875 0 -2.346 -2.875 0.813 -3.465 -2.875 1.435
4 15 1.044 -2.875 -1.963 1.435 -2.875 -3.465 2.652 -2.875 -2.652 1.885 -2.875 -1.503
4 15 3.465 -2.875 -1.435 3.75 -2.875 0 2.645 -2.875 0 2.447 -2.875 -0.813
4 15 1.885 -2.875 1.503 2.447 -2.875 0.813 3.465 -2.875 1.435 2.652 -2.875 2.652
4 15 -0.942 -2.875 -1.963 -1.435 -2.875 -3.465 0 -2.875 -3.75 0.051 -2.875 -2.125
4 15 -2.652 -2.875 -2.652 -1.784 -2.875 -1.503 -2.346 -2.875 -0.813 -3.465 -2.875 -1.435
4 15 -0.942 -2.875 1.963 -1.435 -2.875 3.465 -2.652 -2.875 2.652 -1.784 -2.875 1.503
4 15 -2.652 0 -2.652 -2.652 -2.875 -2.652 -3.465 -2.875 -1.435 -3.465 0 -1.435
4 15 -3.75 -2.875 0 -3.75 0 0 -3.465 0 -1.435 -3.465 -2.875 -1.435
4 15 -3.75 0 0 -3.75 -2.875 0 -3.465 -2.875 1.435 -3.465 0 1.435
4 15 -3.465 0 1.435 -3.465 -2.875 1.435 -2.652 -2.875 2.652 -2.652 0 2.652
4 15 -2.652 0 2.652 -2.652 -2.875 2.652 -1.435 -2.875 3.465 -1.435 0 3.465
4 15 -1.435 0 3.465 -1.435 -2.875 3.465 0 -2.875 3.75 0 0 3.75
4 15 0 0 3.75 0 -2.875 3.75 1.435 -2.875 3.465 1.435 0 3.465
4 15 1.435 0 3.465 1.435 -2.875 3.465 2.652 -2.875 2.652 2.652 0 2.652
4 15 2.652 0 2.652 2.652 -2.875 2.652 3.465 -2.875 1.435 3.465 0 1.435
4 15 3.465 0 1.435 3.465 -2.875 1.435 3.75 -2.875 0 3.75 0 0
4 15 3.75 0 0 3.75 -2.875 0 3.465 -2.875 -1.435 3.465 0 -1.435
4 15 3.465 0 -1.435 3.465 -2.875 -1.435 2.652 -2.875 -2.652 2.652 0 -2.652
4 15 2.652 0 -2.652 2.652 -2.875 -2.652 1.435 -2.875 -3.465 1.435 0 -3.465
4 15 1.435 0 -3.465 1.435 -2.875 -3.465 0 -2.875 -3.75 0 0 -3.75
4 15 0 0 -3.75 0 -2.875 -3.75 -1.435 -2.875 -3.465 -1.435 0 -3.465
4 15 -1.435 0 -3.465 -1.435 -2.875 -3.465 -2.652 -2.875 -2.652 -2.652 0 -2.652
4 15 1.044 -2.875 1.963 1.885 -2.875 1.503 2.652 -2.875 2.652 1.435 -2.875 3.465
4 15 1.435 -2.875 -3.465 1.044 -2.875 -1.963 0.051 -2.875 -2.125 0 -2.875 -3.75
4 15 -2.543 -2.875 0 -3.75 -2.875 0 -3.465 -2.875 -1.435 -2.346 -2.875 -0.813
4 15 2.447 -2.875 0.813 2.645 -2.875 0 3.75 -2.875 0 3.465 -2.875 1.435
4 15 0.051 -2.875 2.125 0 -2.875 3.75 -1.435 -2.875 3.465 -0.942 -2.875 1.963
4 15 -1.435 -2.875 -3.465 -0.942 -2.875 -1.963 -1.784 -2.875 -1.503 -2.652 -2.875 -2.652
4 15 2.447 -2.875 -0.813 1.885 -2.875 -1.503 2.652 -2.875 -2.652 3.465 -2.875 -1.435
4 15 -2.346 -2.875 0.813 -1.784 -2.875 1.503 -2.652 -2.875 2.652 -3.465 -2.875 1.435
4 15 23.617 -33.109 -0.813 23.75 -33.016 0 23.617 -33.109 0.813 22.0095 -34.235 0
4 15 22.675 -33.768 1.963 22.0095 -34.235 0 23.617 -33.109 0.813 23.24 -33.373 1.503
4 15 22.675 -33.768 -1.963 23.24 -33.373 -1.503 23.617 -33.109 -0.813 22.0095 -34.235 0
4 15 21.343 -34.701 1.963 22.0095 -34.235 0 22.675 -33.768 1.963 22.009 -34.235 2.125
4 15 21.343 -34.701 -1.963 22.009 -34.235 -2.125 22.675 -33.768 -1.963 22.0095 -34.235 0
4 15 20.401 -35.361 0.813 22.0095 -34.235 0 21.343 -34.701 1.963 20.778 -35.097 1.503
4 15 20.401 -35.361 -0.813 20.778 -35.097 -1.503 21.343 -34.701 -1.963 22.0095 -34.235 0
4 15 20.401 -35.361 -0.813 22.0095 -34.235 0 20.401 -35.361 0.813 20.269 -35.454 0
4 15 1.435 0 3.465 2.652 0 2.652 3.465 0 1.435 0 0 0
4 15 3.465 0 -1.435 0 0 0 3.465 0 1.435 3.75 0 0
4 15 1.435 0 -3.465 0 0 0 3.465 0 -1.435 2.652 0 -2.652
4 15 -1.435 0 3.465 0 0 3.75 1.435 0 3.465 0 0 0
4 15 -1.435 0 -3.465 0 0 0 1.435 0 -3.465 0 0 -3.75
4 15 -3.465 0 1.435 -2.652 0 2.652 -1.435 0 3.465 0 0 0
4 15 -3.465 0 -1.435 0 0 0 -1.435 0 -3.465 -2.652 0 -2.652
4 15 -3.465 0 -1.435 -3.75 0 0 -3.465 0 1.435 0 0 0
4 15 42.912 -28.989 -4.13 40.1779 -23.144 -4.13 47.904 -7.5 -4.13 62.912 -28.989 -4.13
4 15 62.912 -28.989 -4.13 47.904 -7.5 -4.13 47.904 -7.5 -2.47 62.912 -28.989 -2.47
4 15 62.912 -28.989 -2.47 47.904 -7.5 -2.47 30.404 -7.5 -2.47 38.6236 -15.33 -2.47
4 15 22.405 -31.376 -0.81 7.359 -9.888 -0.81 27.071 -9.888 -0.81 26.9291 -17.6562 -0.81
4 15 22.404 -31.376 0.813 44.58 -31.376 0.85 36.2974 -27.0245 0.841264 33.5535 -27.5703 0.836049
4 15 32.1068 -13.5177 -4.13 27.904 -7.5 -4.13 47.904 -7.5 -4.13 33.5535 -13.2299 -4.13
4 15 44.58 -31.376 0.85 45.412 -28.989 -2.47 40.1779 -23.144 -0.940433 39.519 -24.1303 0.85
4 15 40.1779 -17.6562 -2.47 40.7237 -20.4001 -2.47 45.412 -28.989 -2.47 62.912 -28.989 -2.47
4 15 33.5535 -27.5703 -0.81 42.08 -31.376 -0.81 22.405 -31.376 -0.81 30.8096 -27.0245 -0.81
4 15 26.9291 -17.6562 0.836562 28.4834 -15.33 0.841857 29.571 -9.888 0.85 7.358 -9.888 0.813
4 15 38.6236 -25.4702 -1.69776 39.5188 -24.1305 -4.13 42.912 -28.989 -4.13 42.08 -31.376 -0.81
4 15 28.4834 -25.4702 0.830043 26.9291 -23.144 0.830167 7.358 -9.888 0.813 22.404 -31.376 0.813
4 15 32.1068 -13.5177 -4.13 30.8096 -13.7757 -2.16816 27.071 -9.888 -0.81 27.904 -7.5 -4.13
4 15 32.1063 -13.5178 0.85 33.5535 -13.2299 -1.33857 30.404 -7.5 -2.47 29.571 -9.888 0.85
4 4 39.5188 -24.1305 -4.13 32.1068 -13.5177 -4.13 33.5535 -13.2299 -4.13 40.1779 -23.144 -4.13
4 4 40.1779 -23.144 -4.13 33.5535 -13.2299 -4.13 36.2975 -13.7757 -4.13 40.7237 -20.4001 -4.13
4 4 38.6236 -15.33 -4.13 40.1779 -17.6562 -4.13 40.7237 -20.4001 -4.13 36.2975 -13.7757 -4.13
4 4 30.8096 -13.7757 -2.16816 32.1068 -13.5177 -4.13 39.5188 -24.1305 -4.13 38.6236 -25.4702 -1.69776
4 4 30.8096 -13.7757 -2.16816 38.6236 -25.4702 -1.69776 38.1677 -25.7749 -0.81 30.112 -14.2418 -0.81
4 4 30.112 -14.2418 -0.81 38.1677 -25.7749 -0.81 36.2974 -27.0245 -0.81 28.4834 -15.33 -0.81
4 4 28.4834 -15.33 -0.81 36.2974 -27.0245 -0.81 33.5535 -27.5703 -0.81 26.9291 -17.6562 -0.81
4 4 33.5535 -27.5703 -0.81 30.8096 -27.0245 -0.81 26.3833 -20.4001 -0.81 26.9291 -17.6562 -0.81
4 4 28.4834 -25.4702 -0.81 26.9291 -23.144 -0.81 26.3833 -20.4001 -0.81 30.8096 -27.0245 -0.81
4 4 39.519 -24.1303 0.85 40.1779 -23.144 -0.940433 33.5535 -13.2299 -1.33857 32.1063 -13.5178 0.85
4 4 40.1779 -23.144 -0.940433 40.4333 -21.8603 -2.47 34.5433 -13.4268 -2.47 33.5535 -13.2299 -1.33857
4 4 40.7237 -20.4001 -2.47 36.2975 -13.7757 -2.47 34.5433 -13.4268 -2.47 40.4333 -21.8603 -2.47
4 4 38.6236 -15.33 -2.47 36.2975 -13.7757 -2.47 40.7237 -20.4001 -2.47 40.1779 -17.6562 -2.47
4 4 39.519 -24.1303 0.85 32.1063 -13.5178 0.85 30.8096 -13.7757 0.84754 38.6236 -25.4702 0.84695
4 4 38.6236 -25.4702 0.84695 30.8096 -13.7757 0.84754 28.4834 -15.33 0.841857 36.2974 -27.0245 0.841264
4 4 33.5535 -27.5703 0.836049 36.2974 -27.0245 0.841264 28.4834 -15.33 0.841857 26.9291 -17.6562 0.836562
4 4 33.5535 -27.5703 0.836049 26.9291 -17.6562 0.836562 26.3833 -20.4001 0.83246 30.8096 -27.0245 0.832108
4 4 28.4834 -25.4702 0.830043 30.8096 -27.0245 0.832108 26.3833 -20.4001 0.83246 26.9291 -23.144 0.830167
2 24 -0.942 -2.875 1.963 0.051 -2.875 2.125
2 24 39.519 -24.1303 0.85 44.58 -31.376 0.85
5 24 3.465 -2.875 -1.435 3.465 0 -1.435 3.75 -2.875 0 2.652 -2.875 -2.652
2 24 -1.784 -2.875 -1.503 -0.942 -2.875 -1.963
2 24 7.358 -9.888 0.813 7.555 -9.888 0
2 24 -2.652 0 -2.652 -1.435 0 -3.465
2 24 27.071 -9.888 -0.81 29.571 -9.888 0.85
2 24 7.359 -9.888 -0.81 7.555 -9.888 0
2 24 44.58 -31.376 0.85 45.412 -28.989 -2.47
2 24 0 -2.875 3.75 1.435 -2.875 3.465
2 24 39.5188 -24.1305 -4.13 42.912 -28.989 -4.13
2 24 2.447 -2.875 0.813 2.645 -2.875 0
2 24 27.904 -7.5 -4.13 47.904 -7.5 -4.13
2 24 30.404 -7.5 -2.47 47.904 -7.5 -2.47
2 24 0 0 -3.75 1.435 0 -3.465
2 24 -0.942 -2.875 -1.963 0.051 -2.875 -2.125
2 24 2.652 0 2.652 3.465 0 1.435
5 24 -2.652 -2.875 -2.652 -2.652 0 -2.652 -3.465 -2.875 -1.435 -1.435 -2.875 -3.465
5 24 -1.435 -2.875 3.465 -1.435 0 3.465 -2.652 -2.875 2.652 0 -2.875 3.75
2 24 21.343 -34.701 1.963 22.009 -34.235 2.125
2 24 30.404 -7.5 -2.47 34.5433 -13.4268 -2.47
2 24 29.571 -9.888 0.85 32.1063 -13.5178 0.85
2 24 -1.435 0 -3.465 0 0 -3.75
2 24 -3.75 0 0 -3.465 0 1.435
2 24 27.071 -9.888 -0.81 30.112 -14.2418 -0.81
2 24 -2.346 -2.875 0.813 -1.784 -2.875 1.503
5 24 -1.435 -2.875 -3.465 -1.435 0 -3.465 0 -2.875 -3.75 -2.652 -2.875 -2.652
2 24 22.404 -31.376 0.813 44.58 -31.376 0.85
2 24 1.435 0 -3.465 2.652 0 -2.652
5 24 -3.465 -2.875 -1.435 -3.465 0 -1.435 -2.652 -2.875 -2.652 -3.75 -2.875 0
5 24 -3.465 -2.875 1.435 -3.465 0 1.435 -3.75 -2.875 0 -2.652 -2.875 2.652
5 24 22.405 -31.376 -0.81 23.617 -33.109 -0.813 23.24 -33.373 -1.503 22.602 -31.376 0
2 24 1.435 -2.875 3.465 2.652 -2.875 2.652
2 24 42.912 -28.989 -4.13 62.912 -28.989 -4.13
2 24 2.652 0 -2.652 3.465 0 -1.435
2 24 20.778 -35.097 1.503 21.343 -34.701 1.963
2 24 23.617 -33.109 -0.813 23.75 -33.016 0
5 24 1.435 -2.875 3.465 1.435 0 3.465 0 -2.875 3.75 2.652 -2.875 2.652
5 24 -0.942 -2.875 -1.963 21.343 -34.701 -1.963 -1.784 -2.875 -1.503 0.051 -2.875 -2.125
2 24 3.465 0 1.435 3.75 0 0
2 24 1.435 -2.875 -3.465 2.652 -2.875 -2.652
5 24 1.885 -2.875 -1.503 23.24 -33.373 -1.503 7.359 -9.888 -0.81 1.044 -2.875 -1.963
5 24 2.652 -2.875 2.652 2.652 0 2.652 1.435 -2.875 3.465 3.465 -2.875 1.435
2 24 -2.652 -2.875 2.652 -1.435 -2.875 3.465
5 24 -0.942 -2.875 1.963 21.343 -34.701 1.963 -1.784 -2.875 1.503 0.051 -2.875 2.125
2 24 -1.435 0 3.465 0 0 3.75
2 24 -3.75 0 0 -3.465 0 -1.435
2 24 27.071 -9.888 -0.81 27.904 -7.5 -4.13
5 24 2.645 -2.875 0 7.555 -9.888 0 2.447 -2.875 0.813 2.447 -2.875 -0.813
5 24 -2.346 -2.875 -0.813 20.401 -35.361 -0.813 -2.543 -2.875 0 -1.784 -2.875 -1.503
5 24 -2.652 -2.875 2.652 -2.652 0 2.652 -3.465 -2.875 1.435 -1.435 -2.875 3.465
2 24 22.009 -34.235 2.125 22.675 -33.768 1.963
5 24 0.051 -2.875 -2.125 22.009 -34.235 -2.125 -0.942 -2.875 -1.963 1.044 -2.875 -1.963
2 24 22.675 -33.768 1.963 23.24 -33.373 1.503
2 24 -1.435 -2.875 3.465 0 -2.875 3.75
2 24 32.1068 -13.5177 -4.13 39.5188 -24.1305 -4.13
5 24 -1.784 -2.875 1.503 20.778 -35.097 1.503 -2.346 -2.875 0.813 -0.942 -2.875 1.963
2 24 20.401 -35.361 -0.813 20.778 -35.097 -1.503
2 24 27.904 -7.5 -4.13 32.1068 -13.5177 -4.13
2 24 7.358 -9.888 0.813 22.404 -31.376 0.813
2 24 20.778 -35.097 -1.503 21.343 -34.701 -1.963
2 24 27.904 -7.5 -4.13 30.404 -7.5 -2.47
2 24 30.112 -14.2418 -0.81 38.1677 -25.7749 -0.81
2 24 1.885 -2.875 -1.503 2.447 -2.875 -0.813
2 24 22.009 -34.235 -2.125 22.675 -33.768 -1.963
2 24 2.652 -2.875 -2.652 3.465 -2.875 -1.435
5 24 3.465 -2.875 1.435 3.465 0 1.435 2.652 -2.875 2.652 3.75 -2.875 0
2 24 20.269 -35.454 0 20.401 -35.361 0.813
2 24 23.24 -33.373 1.503 23.617 -33.109 0.813
2 24 1.044 -2.875 -1.963 1.885 -2.875 -1.503
2 24 7.358 -9.888 0.813 29.571 -9.888 0.85
2 24 42.08 -31.376 -0.81 42.912 -28.989 -4.13
2 24 2.447 -2.875 -0.813 2.645 -2.875 0
2 24 -3.465 -2.875 1.435 -2.652 -2.875 2.652
2 24 22.405 -31.376 -0.81 42.08 -31.376 -0.81
2 24 32.1063 -13.5178 0.85 39.519 -24.1303 0.85
5 24 1.885 -2.875 1.503 23.24 -33.373 1.503 7.358 -9.888 0.813 1.044 -2.875 1.963
2 24 -2.543 -2.875 0 -2.346 -2.875 -0.813
2 24 1.885 -2.875 1.503 2.447 -2.875 0.813
2 24 40.4333 -21.8603 -2.47 45.412 -28.989 -2.47
5 24 2.447 -2.875 0.813 7.358 -9.888 0.813 1.885 -2.875 1.503 2.645 -2.875 0
2 24 2.652 -2.875 2.652 3.465 -2.875 1.435
5 24 3.75 -2.875 0 3.75 0 0 3.465 -2.875 1.435 3.465 -2.875 -1.435
2 24 -1.784 -2.875 1.503 -0.942 -2.875 1.963
2 24 23.24 -33.373 -1.503 23.617 -33.109 -0.813
2 24 3.465 0 -1.435 3.75 0 0
2 24 42.08 -31.376 -0.81 44.58 -31.376 0.85
2 24 -2.543 -2.875 0 -2.346 -2.875 0.813
2 24 62.912 -28.989 -4.13 62.912 -28.989 -2.47
2 24 0 -2.875 -3.75 1.435 -2.875 -3.465
5 24 1.044 -2.875 1.963 22.675 -33.768 1.963 0.051 -2.875 2.125 1.885 -2.875 1.503
5 24 0.051 -2.875 2.125 22.009 -34.235 2.125 -0.942 -2.875 1.963 1.044 -2.875 1.963
2 24 38.1677 -25.7749 -0.81 42.08 -31.376 -0.81
5 24 2.652 -2.875 -2.652 2.652 0 -2.652 3.465 -2.875 -1.435 1.435 -2.875 -3.465
2 24 23.617 -33.109 0.813 23.75 -33.016 0
2 24 47.904 -7.5 -4.13 62.912 -28.989 -4.13
5 24 -1.784 -2.875 -1.503 20.778 -35.097 -1.503 -2.346 -2.875 -0.813 -0.942 -2.875 -1.963
5 24 0 -2.875 3.75 0 0 3.75 -1.435 -2.875 3.465 1.435 -2.875 3.465
2 24 -3.465 0 -1.435 -2.652 0 -2.652
2 24 -1.435 -2.875 -3.465 0 -2.875 -3.75
2 24 42.912 -28.989 -4.13 45.412 -28.989 -2.47
2 24 20.401 -35.361 0.813 20.778 -35.097 1.503
5 24 1.044 -2.875 -1.963 22.675 -33.768 -1.963 0.051 -2.875 -2.125 1.885 -2.875 -1.503
5 24 1.435 -2.875 -3.465 1.435 0 -3.465 2.652 -2.875 -2.652 0 -2.875 -3.75
2 24 47.904 -7.5 -4.13 47.904 -7.5 -2.47
2 24 -2.652 0 2.652 -1.435 0 3.465
5 24 22.602 -31.376 0 23.75 -33.016 0 22.405 -31.376 -0.81 22.404 -31.376 0.813
2 24 20.269 -35.454 0 20.401 -35.361 -0.813
2 24 -3.465 0 1.435 -2.652 0 2.652
2 24 -3.75 -2.875 0 -3.465 -2.875 1.435
5 24 2.447 -2.875 -0.813 7.359 -9.888 -0.81 1.885 -2.875 -1.503 2.645 -2.875 0
2 24 0 0 3.75 1.435 0 3.465
5 24 -3.75 -2.875 0 -3.75 0 0 -3.465 -2.875 -1.435 -3.465 -2.875 1.435
5 24 -2.346 -2.875 0.813 20.401 -35.361 0.813 -2.543 -2.875 0 -1.784 -2.875 1.503
2 24 22.405 -31.376 -0.81 22.602 -31.376 0
2 24 -2.346 -2.875 -0.813 -1.784 -2.875 -1.503
2 24 -2.652 -2.875 -2.652 -1.435 -2.875 -3.465
2 24 7.359 -9.888 -0.81 22.405 -31.376 -0.81
5 24 0 -2.875 -3.75 0 0 -3.75 1.435 -2.875 -3.465 -1.435 -2.875 -3.465
2 24 34.5433 -13.4268 -2.47 40.4333 -21.8603 -2.47
2 24 3.465 -2.875 -1.435 3.75 -2.875 0
2 24 1.044 -2.875 1.963 1.885 -2.875 1.503
2 24 47.904 -7.5 -2.47 62.912 -28.989 -2.47
2 24 45.412 -28.989 -2.47 62.912 -28.989 -2.47
2 24 0.051 -2.875 -2.125 1.044 -2.875 -1.963
2 24 29.571 -9.888 0.85 30.404 -7.5 -2.47
2 24 22.675 -33.768 -1.963 23.24 -33.373 -1.503
2 24 7.359 -9.888 -0.81 27.071 -9.888 -0.81
2 24 21.343 -34.701 -1.963 22.009 -34.235 -2.125
2 24 1.435 0 3.465 2.652 0 2.652
2 24 -3.465 -2.875 -1.435 -2.652 -2.875 -2.652
5 24 22.404 -31.376 0.813 23.617 -33.109 0.813 23.24 -33.373 1.503 22.602 -31.376 0
2 24 0.051 -2.875 2.125 1.044 -2.875 1.963
2 24 3.465 -2.875 1.435 3.75 -2.875 0
5 24 -2.543 -2.875 0 20.269 -35.454 0 -2.346 -2.875 -0.813 -2.346 -2.875 0.813
2 24 22.404 -31.376 0.813 22.602 -31.376 0
2 24 -3.75 -2.875 0 -3.465 -2.875 -1.435

0
