0 Bandera Alemania   |M:M
0 Name: bandeale.dat
0 Author: betatron & jasolo
0 !LDRAW_ORG Unofficial_Part
0 BFC CERTIFY CCW
3 0 44.58 -31.376 0.85 22.404 -31.376 0.813 22.602 -31.376 0
3 7 7.358 -9.888 0.813 1.885 -2.875 1.503 23.24 -33.373 1.503
3 14 27.071 -9.888 -0.81 7.359 -9.888 -0.81 7.555 -9.888 0
3 7 22.404 -31.376 0.813 23.24 -33.373 1.503 23.617 -33.109 0.813
4 7 22.405 -31.376 -0.81 22.602 -31.376 0 23.75 -33.016 0 23.617 -33.109 -0.813
4 7 23.617 -33.109 0.813 23.75 -33.016 0 22.602 -31.376 0 22.404 -31.376 0.813
4 0 42.08 -31.376 -0.81 44.58 -31.376 0.85 22.602 -31.376 0 22.405 -31.376 -0.81
4 0 42.08 -31.376 -0.81 42.912 -28.989 -4.13 45.412 -28.989 -2.47 44.58 -31.376 0.85
4 0 62.912 -28.989 -4.13 62.912 -28.989 -2.47 45.412 -28.989 -2.47 42.912 -28.989 -4.13
4 7 20.401 -35.361 -0.813 20.269 -35.454 0 -2.543 -2.875 0 -2.346 -2.875 -0.813
4 7 20.269 -35.454 0 20.401 -35.361 0.813 -2.346 -2.875 0.813 -2.543 -2.875 0
4 7 -1.784 -2.875 -1.503 20.778 -35.097 -1.503 20.401 -35.361 -0.813 -2.346 -2.875 -0.813
4 7 20.401 -35.361 0.813 20.778 -35.097 1.503 -1.784 -2.875 1.503 -2.346 -2.875 0.813
4 7 20.778 -35.097 1.503 21.343 -34.701 1.963 -0.942 -2.875 1.963 -1.784 -2.875 1.503
4 7 -0.942 -2.875 -1.963 21.343 -34.701 -1.963 20.778 -35.097 -1.503 -1.784 -2.875 -1.503
4 7 21.343 -34.701 1.963 22.009 -34.235 2.125 0.051 -2.875 2.125 -0.942 -2.875 1.963
4 7 0.051 -2.875 -2.125 22.009 -34.235 -2.125 21.343 -34.701 -1.963 -0.942 -2.875 -1.963
4 7 1.044 -2.875 -1.963 22.675 -33.768 -1.963 22.009 -34.235 -2.125 0.051 -2.875 -2.125
4 7 22.009 -34.235 2.125 22.675 -33.768 1.963 1.044 -2.875 1.963 0.051 -2.875 2.125
4 7 1.885 -2.875 -1.503 23.24 -33.373 -1.503 22.675 -33.768 -1.963 1.044 -2.875 -1.963
4 7 22.675 -33.768 1.963 23.24 -33.373 1.503 1.885 -2.875 1.503 1.044 -2.875 1.963
4 14 7.555 -9.888 0 7.358 -9.888 0.813 29.571 -9.888 0.85 27.071 -9.888 -0.81
4 14 30.404 -7.5 -2.47 27.904 -7.5 -4.13 27.071 -9.888 -0.81 29.571 -9.888 0.85
4 14 30.404 -7.5 -2.47 47.904 -7.5 -2.47 47.904 -7.5 -4.13 27.904 -7.5 -4.13
3 7 7.358 -9.888 0.813 2.447 -2.875 0.813 1.885 -2.875 1.503
4 7 7.555 -9.888 0 2.645 -2.875 0 2.447 -2.875 0.813 7.358 -9.888 0.813
4 7 7.359 -9.888 -0.81 2.447 -2.875 -0.813 2.645 -2.875 0 7.555 -9.888 0
3 7 22.405 -31.376 -0.81 23.617 -33.109 -0.813 23.24 -33.373 -1.503
3 7 1.885 -2.875 -1.503 7.359 -9.888 -0.81 23.24 -33.373 -1.503
3 7 1.885 -2.875 -1.503 2.447 -2.875 -0.813 7.359 -9.888 -0.81
4 7 1.044 -2.875 1.963 1.435 -2.875 3.465 0 -2.875 3.75 0.051 -2.875 2.125
4 7 -3.75 -2.875 0 -2.543 -2.875 0 -2.346 -2.875 0.813 -3.465 -2.875 1.435
4 7 1.044 -2.875 -1.963 1.435 -2.875 -3.465 2.652 -2.875 -2.652 1.885 -2.875 -1.503
4 7 3.465 -2.875 -1.435 3.75 -2.875 0 2.645 -2.875 0 2.447 -2.875 -0.813
4 7 1.885 -2.875 1.503 2.447 -2.875 0.813 3.465 -2.875 1.435 2.652 -2.875 2.652
4 7 -0.942 -2.875 -1.963 -1.435 -2.875 -3.465 0 -2.875 -3.75 0.051 -2.875 -2.125
4 7 -2.652 -2.875 -2.652 -1.784 -2.875 -1.503 -2.346 -2.875 -0.813 -3.465 -2.875 -1.435
4 7 -0.942 -2.875 1.963 -1.435 -2.875 3.465 -2.652 -2.875 2.652 -1.784 -2.875 1.503
4 7 -2.652 0 -2.652 -2.652 -2.875 -2.652 -3.465 -2.875 -1.435 -3.465 0 -1.435
4 7 -3.75 -2.875 0 -3.75 0 0 -3.465 0 -1.435 -3.465 -2.875 -1.435
4 7 -3.75 0 0 -3.75 -2.875 0 -3.465 -2.875 1.435 -3.465 0 1.435
4 7 -3.465 0 1.435 -3.465 -2.875 1.435 -2.652 -2.875 2.652 -2.652 0 2.652
4 7 -2.652 0 2.652 -2.652 -2.875 2.652 -1.435 -2.875 3.465 -1.435 0 3.465
4 7 -1.435 0 3.465 -1.435 -2.875 3.465 0 -2.875 3.75 0 0 3.75
4 7 0 0 3.75 0 -2.875 3.75 1.435 -2.875 3.465 1.435 0 3.465
4 7 1.435 0 3.465 1.435 -2.875 3.465 2.652 -2.875 2.652 2.652 0 2.652
4 7 2.652 0 2.652 2.652 -2.875 2.652 3.465 -2.875 1.435 3.465 0 1.435
4 7 3.465 0 1.435 3.465 -2.875 1.435 3.75 -2.875 0 3.75 0 0
4 7 3.75 0 0 3.75 -2.875 0 3.465 -2.875 -1.435 3.465 0 -1.435
4 7 3.465 0 -1.435 3.465 -2.875 -1.435 2.652 -2.875 -2.652 2.652 0 -2.652
4 7 2.652 0 -2.652 2.652 -2.875 -2.652 1.435 -2.875 -3.465 1.435 0 -3.465
4 7 1.435 0 -3.465 1.435 -2.875 -3.465 0 -2.875 -3.75 0 0 -3.75
4 7 0 0 -3.75 0 -2.875 -3.75 -1.435 -2.875 -3.465 -1.435 0 -3.465
4 7 -1.435 0 -3.465 -1.435 -2.875 -3.465 -2.652 -2.875 -2.652 -2.652 0 -2.652
4 7 1.044 -2.875 1.963 1.885 -2.875 1.503 2.652 -2.875 2.652 1.435 -2.875 3.465
4 7 1.435 -2.875 -3.465 1.044 -2.875 -1.963 0.051 -2.875 -2.125 0 -2.875 -3.75
4 7 -2.543 -2.875 0 -3.75 -2.875 0 -3.465 -2.875 -1.435 -2.346 -2.875 -0.813
4 7 2.447 -2.875 0.813 2.645 -2.875 0 3.75 -2.875 0 3.465 -2.875 1.435
4 7 0.051 -2.875 2.125 0 -2.875 3.75 -1.435 -2.875 3.465 -0.942 -2.875 1.963
4 7 -1.435 -2.875 -3.465 -0.942 -2.875 -1.963 -1.784 -2.875 -1.503 -2.652 -2.875 -2.652
4 7 2.447 -2.875 -0.813 1.885 -2.875 -1.503 2.652 -2.875 -2.652 3.465 -2.875 -1.435
4 7 -2.346 -2.875 0.813 -1.784 -2.875 1.503 -2.652 -2.875 2.652 -3.465 -2.875 1.435
4 7 23.617 -33.109 -0.813 23.75 -33.016 0 23.617 -33.109 0.813 22.0095 -34.235 0
4 7 22.675 -33.768 1.963 22.0095 -34.235 0 23.617 -33.109 0.813 23.24 -33.373 1.503
4 7 22.675 -33.768 -1.963 23.24 -33.373 -1.503 23.617 -33.109 -0.813 22.0095 -34.235 0
4 7 21.343 -34.701 1.963 22.0095 -34.235 0 22.675 -33.768 1.963 22.009 -34.235 2.125
4 7 21.343 -34.701 -1.963 22.009 -34.235 -2.125 22.675 -33.768 -1.963 22.0095 -34.235 0
4 7 20.401 -35.361 0.813 22.0095 -34.235 0 21.343 -34.701 1.963 20.778 -35.097 1.503
4 7 20.401 -35.361 -0.813 20.778 -35.097 -1.503 21.343 -34.701 -1.963 22.0095 -34.235 0
4 7 20.401 -35.361 -0.813 22.0095 -34.235 0 20.401 -35.361 0.813 20.269 -35.454 0
4 7 1.435 0 3.465 2.652 0 2.652 3.465 0 1.435 0 0 0
4 7 3.465 0 -1.435 0 0 0 3.465 0 1.435 3.75 0 0
4 7 1.435 0 -3.465 0 0 0 3.465 0 -1.435 2.652 0 -2.652
4 7 -1.435 0 3.465 0 0 3.75 1.435 0 3.465 0 0 0
4 7 -1.435 0 -3.465 0 0 0 1.435 0 -3.465 0 0 -3.75
4 7 -3.465 0 1.435 -2.652 0 2.652 -1.435 0 3.465 0 0 0
4 7 -3.465 0 -1.435 0 0 0 -1.435 0 -3.465 -2.652 0 -2.652
4 7 -3.465 0 -1.435 -3.75 0 0 -3.465 0 1.435 0 0 0
3 7 7.359 -9.888 -0.81 12.3743 -17.0507 -0.81 23.24 -33.373 -1.503
3 7 12.3743 -17.0507 -0.81 17.3897 -24.2133 -0.81 23.24 -33.373 -1.503
3 7 17.3897 -24.2133 -0.81 22.405 -31.376 -0.81 23.24 -33.373 -1.503
3 7 22.404 -31.376 0.813 17.3887 -24.2133 0.813 23.24 -33.373 1.503
3 7 17.3887 -24.2133 0.813 12.3733 -17.0507 0.813 23.24 -33.373 1.503
3 7 12.3733 -17.0507 0.813 7.358 -9.888 0.813 23.24 -33.373 1.503
4 14 7.358 -9.888 0.813 12.3733 -17.0507 0.813 34.574 -17.0507 0.85 29.571 -9.888 0.85
4 4 12.3733 -17.0507 0.813 17.3887 -24.2133 0.813 39.577 -24.2133 0.85 34.574 -17.0507 0.85
4 0 17.3887 -24.2133 0.813 22.404 -31.376 0.813 44.58 -31.376 0.85 39.577 -24.2133 0.85
4 0 42.08 -31.376 -0.81 37.077 -24.2133 -0.81 37.9093 -21.826 -4.13 42.912 -28.989 -4.13
4 4 37.077 -24.2133 -0.81 32.074 -17.0507 -0.81 32.9067 -14.663 -4.13 37.9093 -21.826 -4.13
4 14 32.074 -17.0507 -0.81 27.071 -9.888 -0.81 27.904 -7.5 -4.13 32.9067 -14.663 -4.13
4 0 45.412 -28.989 -2.47 40.4093 -21.826 -2.47 39.577 -24.2133 0.85 44.58 -31.376 0.85
4 4 40.4093 -21.826 -2.47 35.4067 -14.663 -2.47 34.574 -17.0507 0.85 39.577 -24.2133 0.85
4 14 35.4067 -14.663 -2.47 30.404 -7.5 -2.47 29.571 -9.888 0.85 34.574 -17.0507 0.85
4 0 42.912 -28.989 -4.13 37.9093 -21.826 -4.13 57.9093 -21.826 -4.13 62.912 -28.989 -4.13
4 4 37.9093 -21.826 -4.13 32.9067 -14.663 -4.13 52.9067 -14.663 -4.13 57.9093 -21.826 -4.13
4 14 32.9067 -14.663 -4.13 27.904 -7.5 -4.13 47.904 -7.5 -4.13 52.9067 -14.663 -4.13
4 0 62.912 -28.989 -4.13 57.9093 -21.826 -4.13 57.9093 -21.826 -2.47 62.912 -28.989 -2.47
4 4 57.9093 -21.826 -4.13 52.9067 -14.663 -4.13 52.9067 -14.663 -2.47 57.9093 -21.826 -2.47
4 14 52.9067 -14.663 -4.13 47.904 -7.5 -4.13 47.904 -7.5 -2.47 52.9067 -14.663 -2.47
4 0 62.912 -28.989 -2.47 57.9093 -21.826 -2.47 40.4093 -21.826 -2.47 45.412 -28.989 -2.47
4 4 57.9093 -21.826 -2.47 52.9067 -14.663 -2.47 35.4067 -14.663 -2.47 40.4093 -21.826 -2.47
4 14 52.9067 -14.663 -2.47 47.904 -7.5 -2.47 30.404 -7.5 -2.47 35.4067 -14.663 -2.47
4 0 22.405 -31.376 -0.81 17.3897 -24.2133 -0.81 37.077 -24.2133 -0.81 42.08 -31.376 -0.81
4 4 17.3897 -24.2133 -0.81 12.3743 -17.0507 -0.81 32.074 -17.0507 -0.81 37.077 -24.2133 -0.81
4 14 12.3743 -17.0507 -0.81 7.359 -9.888 -0.81 27.071 -9.888 -0.81 32.074 -17.0507 -0.81
2 24 2.447 -2.875 -0.813 2.645 -2.875 0
5 24 3.75 -2.875 0 3.75 0 0 3.465 -2.875 1.435 3.465 -2.875 -1.435
5 24 1.044 -2.875 -1.963 22.675 -33.768 -1.963 0.051 -2.875 -2.125 1.885 -2.875 -1.503
5 24 20.401 -35.361 -0.813 22.0095 -34.235 0 20.778 -35.097 -1.503 20.269 -35.454 0
2 24 -2.652 0 -2.652 -1.435 0 -3.465
2 24 34.574 -17.0507 0.85 39.577 -24.2133 0.85
2 24 7.359 -9.888 -0.81 7.555 -9.888 0
5 24 3.465 -2.875 -1.435 3.465 0 -1.435 3.75 -2.875 0 2.652 -2.875 -2.652
2 24 12.3733 -17.0507 0.813 17.3887 -24.2133 0.813
2 24 29.571 -9.888 0.85 34.574 -17.0507 0.85
2 24 30.404 -7.5 -2.47 47.904 -7.5 -2.47
2 24 0 0 -3.75 1.435 0 -3.465
2 24 -0.942 -2.875 -1.963 0.051 -2.875 -2.125
2 24 2.652 0 2.652 3.465 0 1.435
5 24 -2.652 -2.875 -2.652 -2.652 0 -2.652 -3.465 -2.875 -1.435 -1.435 -2.875 -3.465
5 24 -1.435 -2.875 3.465 -1.435 0 3.465 -2.652 -2.875 2.652 0 -2.875 3.75
5 24 1.885 -2.875 1.503 7.358 -9.888 0.813 23.24 -33.373 1.503 2.447 -2.875 0.813
5 24 22.0095 -34.235 0 23.617 -33.109 0.813 23.617 -33.109 -0.813 22.675 -33.768 1.963
2 24 -1.435 0 -3.465 0 0 -3.75
2 24 1.044 -2.875 -1.963 1.885 -2.875 -1.503
2 24 27.904 -7.5 -4.13 32.9067 -14.663 -4.13
2 24 -2.346 -2.875 0.813 -1.784 -2.875 1.503
2 24 3.465 -2.875 -1.435 3.75 -2.875 0
5 24 -1.435 -2.875 -3.465 -1.435 0 -3.465 0 -2.875 -3.75 -2.652 -2.875 -2.652
5 24 21.343 -34.701 1.963 22.0095 -34.235 0 22.009 -34.235 2.125 20.778 -35.097 1.503
2 24 22.404 -31.376 0.813 44.58 -31.376 0.85
2 24 1.435 0 -3.465 2.652 0 -2.652
5 24 -3.465 -2.875 -1.435 -3.465 0 -1.435 -2.652 -2.875 -2.652 -3.75 -2.875 0
5 24 -3.465 -2.875 1.435 -3.465 0 1.435 -3.75 -2.875 0 -2.652 -2.875 2.652
5 24 22.405 -31.376 -0.81 23.617 -33.109 -0.813 22.602 -31.376 0 23.24 -33.373 -1.503
5 24 20.401 -35.361 0.813 22.0095 -34.235 0 20.778 -35.097 1.503 20.269 -35.454 0
5 24 1.885 -2.875 -1.503 23.24 -33.373 -1.503 1.044 -2.875 -1.963 7.359 -9.888 -0.81
2 24 17.3887 -24.2133 0.813 22.404 -31.376 0.813
5 24 12.3743 -17.0507 -0.81 23.24 -33.373 -1.503 7.359 -9.888 -0.81 17.3897 -24.2133 -0.81
2 24 42.912 -28.989 -4.13 62.912 -28.989 -4.13
2 24 2.652 0 -2.652 3.465 0 -1.435
2 24 47.904 -7.5 -2.47 52.9067 -14.663 -2.47
2 24 27.071 -9.888 -0.81 29.571 -9.888 0.85
5 24 1.435 -2.875 3.465 1.435 0 3.465 0 -2.875 3.75 2.652 -2.875 2.652
5 24 -0.942 -2.875 -1.963 21.343 -34.701 -1.963 -1.784 -2.875 -1.503 0.051 -2.875 -2.125
2 24 52.9067 -14.663 -4.13 57.9093 -21.826 -4.13
2 24 42.08 -31.376 -0.81 44.58 -31.376 0.85
2 24 3.465 0 1.435 3.75 0 0
2 24 32.9067 -14.663 -4.13 37.9093 -21.826 -4.13
5 24 22.0095 -34.235 0 22.675 -33.768 -1.963 23.617 -33.109 -0.813 21.343 -34.701 -1.963
2 24 1.435 -2.875 -3.465 2.652 -2.875 -2.652
2 24 -1.784 -2.875 -1.503 -0.942 -2.875 -1.963
2 24 23.617 -33.109 0.813 23.75 -33.016 0
2 24 52.9067 -14.663 -2.47 57.9093 -21.826 -2.47
2 24 37.077 -24.2133 -0.81 42.08 -31.376 -0.81
5 24 2.652 -2.875 2.652 2.652 0 2.652 1.435 -2.875 3.465 3.465 -2.875 1.435
2 24 -2.652 -2.875 2.652 -1.435 -2.875 3.465
2 24 47.904 -7.5 -4.13 52.9067 -14.663 -4.13
5 24 22.0095 -34.235 0 23.617 -33.109 -0.813 23.617 -33.109 0.813 22.675 -33.768 -1.963
2 24 -1.435 0 3.465 0 0 3.75
2 24 -3.75 0 0 -3.465 0 -1.435
5 24 22.405 -31.376 -0.81 23.24 -33.373 -1.503 23.617 -33.109 -0.813 17.3897 -24.2133 -0.81
2 24 27.071 -9.888 -0.81 27.904 -7.5 -4.13
2 24 -1.784 -2.875 1.503 -0.942 -2.875 1.963
5 24 -2.346 -2.875 -0.813 20.401 -35.361 -0.813 -2.543 -2.875 0 -1.784 -2.875 -1.503
5 24 -2.652 -2.875 2.652 -2.652 0 2.652 -3.465 -2.875 1.435 -1.435 -2.875 3.465
2 24 0 -2.875 -3.75 1.435 -2.875 -3.465
5 24 22.0095 -34.235 0 22.675 -33.768 1.963 23.617 -33.109 0.813 21.343 -34.701 1.963
5 24 2.645 -2.875 0 7.555 -9.888 0 2.447 -2.875 0.813 2.447 -2.875 -0.813
5 24 17.3887 -24.2133 0.813 39.577 -24.2133 0.85 12.3733 -17.0507 0.813 22.404 -31.376 0.813
2 24 -2.543 -2.875 0 -2.346 -2.875 -0.813
2 24 -1.435 -2.875 3.465 0 -2.875 3.75
2 24 7.358 -9.888 0.813 7.555 -9.888 0
2 24 37.9093 -21.826 -4.13 42.912 -28.989 -4.13
2 24 -1.435 -2.875 -3.465 0 -2.875 -3.75
5 24 32.074 -17.0507 -0.81 32.9067 -14.663 -4.13 37.077 -24.2133 -0.81 27.071 -9.888 -0.81
5 24 -1.784 -2.875 1.503 20.778 -35.097 1.503 -2.346 -2.875 0.813 -0.942 -2.875 1.963
2 24 29.571 -9.888 0.85 30.404 -7.5 -2.47
2 24 1.435 -2.875 3.465 2.652 -2.875 2.652
2 24 20.778 -35.097 -1.503 21.343 -34.701 -1.963
2 24 -2.652 -2.875 -2.652 -1.435 -2.875 -3.465
2 24 22.675 -33.768 -1.963 23.24 -33.373 -1.503
2 24 27.904 -7.5 -4.13 30.404 -7.5 -2.47
2 24 23.617 -33.109 -0.813 23.75 -33.016 0
5 24 39.577 -24.2133 0.85 40.4093 -21.826 -2.47 44.58 -31.376 0.85 34.574 -17.0507 0.85
5 24 -2.543 -2.875 0 20.269 -35.454 0 -2.346 -2.875 -0.813 -2.346 -2.875 0.813
5 24 21.343 -34.701 -1.963 22.0095 -34.235 0 22.009 -34.235 -2.125 20.778 -35.097 -1.503
2 24 -3.465 -2.875 -1.435 -2.652 -2.875 -2.652
5 24 2.652 -2.875 -2.652 2.652 0 -2.652 3.465 -2.875 -1.435 1.435 -2.875 -3.465
2 24 2.652 -2.875 -2.652 3.465 -2.875 -1.435
2 24 27.071 -9.888 -0.81 32.074 -17.0507 -0.81
2 24 32.074 -17.0507 -0.81 37.077 -24.2133 -0.81
2 24 20.401 -35.361 -0.813 20.778 -35.097 -1.503
2 24 22.675 -33.768 1.963 23.24 -33.373 1.503
5 24 3.465 -2.875 1.435 3.465 0 1.435 2.652 -2.875 2.652 3.75 -2.875 0
2 24 0 -2.875 3.75 1.435 -2.875 3.465
2 24 20.269 -35.454 0 20.401 -35.361 0.813
2 24 23.24 -33.373 1.503 23.617 -33.109 0.813
2 24 7.358 -9.888 0.813 29.571 -9.888 0.85
5 24 17.3887 -24.2133 0.813 23.24 -33.373 1.503 22.404 -31.376 0.813 12.3733 -17.0507 0.813
5 24 37.077 -24.2133 -0.81 37.9093 -21.826 -4.13 42.08 -31.376 -0.81 32.074 -17.0507 -0.81
2 24 17.3897 -24.2133 -0.81 22.405 -31.376 -0.81
2 24 42.08 -31.376 -0.81 42.912 -28.989 -4.13
5 24 17.3897 -24.2133 -0.81 23.24 -33.373 -1.503 12.3743 -17.0507 -0.81 22.405 -31.376 -0.81
2 24 -3.465 -2.875 1.435 -2.652 -2.875 2.652
2 24 22.405 -31.376 -0.81 42.08 -31.376 -0.81
2 24 30.404 -7.5 -2.47 35.4067 -14.663 -2.47
5 24 2.447 -2.875 -0.813 7.359 -9.888 -0.81 2.645 -2.875 0 1.885 -2.875 -1.503
5 24 1.885 -2.875 1.503 23.24 -33.373 1.503 7.358 -9.888 0.813 1.044 -2.875 1.963
2 24 -3.75 0 0 -3.465 0 1.435
2 24 20.778 -35.097 1.503 21.343 -34.701 1.963
5 24 2.447 -2.875 0.813 7.358 -9.888 0.813 1.885 -2.875 1.503 2.645 -2.875 0
2 24 2.652 -2.875 2.652 3.465 -2.875 1.435
2 24 21.343 -34.701 -1.963 22.009 -34.235 -2.125
2 24 23.24 -33.373 -1.503 23.617 -33.109 -0.813
2 24 3.465 0 -1.435 3.75 0 0
2 24 -2.543 -2.875 0 -2.346 -2.875 0.813
2 24 62.912 -28.989 -4.13 62.912 -28.989 -2.47
5 24 12.3733 -17.0507 0.813 34.574 -17.0507 0.85 7.358 -9.888 0.813 17.3887 -24.2133 0.813
2 24 1.885 -2.875 1.503 2.447 -2.875 0.813
5 24 1.044 -2.875 1.963 22.675 -33.768 1.963 0.051 -2.875 2.125 1.885 -2.875 1.503
5 24 7.359 -9.888 -0.81 23.24 -33.373 -1.503 1.885 -2.875 -1.503 12.3743 -17.0507 -0.81
5 24 0.051 -2.875 -2.125 22.009 -34.235 -2.125 -0.942 -2.875 -1.963 1.044 -2.875 -1.963
5 24 22.404 -31.376 0.813 23.24 -33.373 1.503 23.617 -33.109 0.813 17.3887 -24.2133 0.813
5 24 34.574 -17.0507 0.85 35.4067 -14.663 -2.47 39.577 -24.2133 0.85 29.571 -9.888 0.85
5 24 -1.784 -2.875 -1.503 20.778 -35.097 -1.503 -2.346 -2.875 -0.813 -0.942 -2.875 -1.963
2 24 57.9093 -21.826 -4.13 62.912 -28.989 -4.13
2 24 27.904 -7.5 -4.13 47.904 -7.5 -4.13
2 24 21.343 -34.701 1.963 22.009 -34.235 2.125
2 24 -3.465 0 -1.435 -2.652 0 -2.652
5 24 -3.75 -2.875 0 -3.75 0 0 -3.465 -2.875 -1.435 -3.465 -2.875 1.435
5 24 7.358 -9.888 0.813 23.24 -33.373 1.503 1.885 -2.875 1.503 12.3733 -17.0507 0.813
2 24 42.912 -28.989 -4.13 45.412 -28.989 -2.47
2 24 22.009 -34.235 -2.125 22.675 -33.768 -1.963
2 24 35.4067 -14.663 -2.47 40.4093 -21.826 -2.47
5 24 12.3733 -17.0507 0.813 23.24 -33.373 1.503 17.3887 -24.2133 0.813 7.358 -9.888 0.813
2 24 20.401 -35.361 0.813 20.778 -35.097 1.503
2 24 1.885 -2.875 -1.503 2.447 -2.875 -0.813
5 24 1.435 -2.875 -3.465 1.435 0 -3.465 2.652 -2.875 -2.652 0 -2.875 -3.75
2 24 22.009 -34.235 2.125 22.675 -33.768 1.963
5 24 -0.942 -2.875 1.963 21.343 -34.701 1.963 -1.784 -2.875 1.503 0.051 -2.875 2.125
2 24 -2.652 0 2.652 -1.435 0 3.465
5 24 22.602 -31.376 0 23.75 -33.016 0 22.405 -31.376 -0.81 22.404 -31.376 0.813
2 24 20.269 -35.454 0 20.401 -35.361 -0.813
2 24 40.4093 -21.826 -2.47 45.412 -28.989 -2.47
2 24 -3.465 0 1.435 -2.652 0 2.652
2 24 -3.75 -2.875 0 -3.465 -2.875 1.435
2 24 47.904 -7.5 -4.13 47.904 -7.5 -2.47
5 24 1.885 -2.875 -1.503 7.359 -9.888 -0.81 23.24 -33.373 -1.503 2.447 -2.875 -0.813
5 24 0.051 -2.875 2.125 22.009 -34.235 2.125 -0.942 -2.875 1.963 1.044 -2.875 1.963
5 24 0 -2.875 3.75 0 0 3.75 -1.435 -2.875 3.465 1.435 -2.875 3.465
5 24 -2.346 -2.875 0.813 20.401 -35.361 0.813 -2.543 -2.875 0 -1.784 -2.875 1.503
2 24 22.405 -31.376 -0.81 22.602 -31.376 0
2 24 39.577 -24.2133 0.85 44.58 -31.376 0.85
2 24 -2.346 -2.875 -0.813 -1.784 -2.875 -1.503
5 24 0 -2.875 -3.75 0 0 -3.75 1.435 -2.875 -3.465 -1.435 -2.875 -3.465
2 24 2.447 -2.875 0.813 2.645 -2.875 0
2 24 7.358 -9.888 0.813 12.3733 -17.0507 0.813
2 24 44.58 -31.376 0.85 45.412 -28.989 -2.47
2 24 -0.942 -2.875 1.963 0.051 -2.875 2.125
2 24 12.3743 -17.0507 -0.81 17.3897 -24.2133 -0.81
2 24 45.412 -28.989 -2.47 62.912 -28.989 -2.47
2 24 0.051 -2.875 -2.125 1.044 -2.875 -1.963
2 24 7.359 -9.888 -0.81 27.071 -9.888 -0.81
2 24 1.435 0 3.465 2.652 0 2.652
2 24 1.044 -2.875 1.963 1.885 -2.875 1.503
2 24 57.9093 -21.826 -2.47 62.912 -28.989 -2.47
5 24 22.404 -31.376 0.813 23.617 -33.109 0.813 23.24 -33.373 1.503 22.602 -31.376 0
2 24 0.051 -2.875 2.125 1.044 -2.875 1.963
2 24 3.465 -2.875 1.435 3.75 -2.875 0
2 24 22.404 -31.376 0.813 22.602 -31.376 0
2 24 0 0 3.75 1.435 0 3.465
2 24 -3.75 -2.875 0 -3.465 -2.875 -1.435
2 24 7.359 -9.888 -0.81 12.3743 -17.0507 -0.81
0
