0 Base Radar Tipo 1 IUNITS
0 Name: baserad1.dat
0 Author: jasolo
0 !LDRAW_ORG Unofficial_Part
0 BFC CERTIFY CCW
3 16 0 -5 7.5 1.669 -5 7.312 0.771 -5 6.597
3 16 -3.75 -21.84 1.491 -3.75 -14 6.446 -3.75 -22.259 1.965
3 16 -3.75 -21.546 0.931 -3.75 -14 6.446 -3.75 -21.84 1.491
3 16 -3.75 -23.372 2.549 -3.75 -22.78 2.324 -3.75 -14 7.5
3 16 -3.75 -21.394 0.316 -3.75 -14 6.446 -3.75 -21.546 0.931
3 16 -3.75 -21.394 -0.316 -3.75 -14 6.446 -3.75 -21.394 0.316
3 16 -3.75 -21.84 -1.491 -3.75 -14 -6.446 -3.75 -21.546 -0.931
3 16 -3.75 -22.259 -1.965 -3.75 -14 -6.446 -3.75 -21.84 -1.491
3 16 -3.75 -27.355 2.914 -3.75 -27.5 3.569 -3.75 -27.463 3.233
3 16 -3.75 -27.181 2.625 -3.75 -27.5 3.569 -3.75 -27.355 2.914
3 16 -3.75 -23.372 -2.549 -3.75 -14 -7.5 -3.75 -22.78 -2.324
3 16 -3.75 -27.463 -3.233 -3.75 -27.181 -2.625 -3.75 -27.355 -2.914
3 16 -3.75 -27.5 -3.571 -3.75 -27.181 -2.625 -3.75 -27.463 -3.233
3 16 3.75 -14 6.446 3.75 -21.84 1.491 3.75 -22.259 1.965
3 16 3.75 -14 6.446 3.75 -21.546 0.931 3.75 -21.84 1.491
3 16 3.75 -22.78 2.324 3.75 -23.372 2.549 3.75 -14 7.5
3 16 3.75 -14 6.446 3.75 -21.394 0.316 3.75 -21.546 0.931
3 16 3.75 -14 6.446 3.75 -21.394 -0.316 3.75 -21.394 0.316
3 16 3.75 -14 -6.446 3.75 -21.84 -1.491 3.75 -21.546 -0.931
3 16 3.75 -14 -6.446 3.75 -22.259 -1.965 3.75 -21.84 -1.491
3 16 3.75 -27.5 3.569 3.75 -27.355 2.914 3.75 -27.463 3.233
3 16 3.75 -27.5 3.569 3.75 -27.181 2.625 3.75 -27.355 2.914
3 16 3.75 -14 -7.5 3.75 -23.372 -2.549 3.75 -22.78 -2.324
3 16 3.75 -27.181 -2.625 3.75 -27.463 -3.233 3.75 -27.355 -2.914
3 16 3.75 -27.181 -2.625 3.75 -27.5 -3.571 3.75 -27.463 -3.233
3 16 7.5 -24.625 2.421 7.5 -27.5 5 7.5 -25.187 2.2
3 16 7.5 -24.81 -2.365 7.5 -25.187 -2.2 7.5 -27.5 -5
3 16 7.5 -14 7.5 7.5 -22.857 2.223 7.5 -22.357 1.884
3 16 7.5 -14 7.5 7.5 -22.357 1.884 7.5 -21.953 1.435
3 16 7.5 -14 0 7.5 -21.668 0.901 7.5 -21.52 0.315
3 16 7.5 -14 0 7.5 -21.52 0.315 7.5 -21.517 -0.29
3 16 7.5 -14 0 7.5 -21.517 -0.29 7.5 -21.659 -0.877
3 16 7.5 -14 -7.5 7.5 -21.938 -1.414 7.5 -22.338 -1.867
3 16 7.5 -14 -7.5 7.5 -22.338 -1.867 7.5 -22.835 -2.212
3 16 -7.5 -27.5 5 -7.5 -24.625 2.421 -7.5 -25.187 2.2
3 16 -7.5 -25.187 -2.2 -7.5 -24.81 -2.365 -7.5 -27.5 -5
3 16 -7.5 -22.857 2.223 -7.5 -14 7.5 -7.5 -22.357 1.884
3 16 -7.5 -22.357 1.884 -7.5 -14 7.5 -7.5 -21.953 1.435
3 16 -7.5 -21.668 0.901 -7.5 -14 0 -7.5 -21.52 0.315
3 16 -7.5 -21.52 0.315 -7.5 -14 0 -7.5 -21.517 -0.29
3 16 -7.5 -21.517 -0.29 -7.5 -14 0 -7.5 -21.659 -0.877
3 16 -7.5 -21.938 -1.414 -7.5 -14 -7.5 -7.5 -22.338 -1.867
3 16 -7.5 -22.338 -1.867 -7.5 -14 -7.5 -7.5 -22.835 -2.212
3 16 0.771 0 6.597 0 0 3.5 -0.771 0 6.597
3 16 -3.75 -27.355 -2.914 -3.75 -27.181 -2.625 -5 -27.181 -2.625
3 16 -5 -26.003 -2.01 -5 -25.661 -2.033 -7.5 -25.874 -2.01
3 16 -5 -25.339 -2.127 -5 -25.187 -2.2 -7.5 -25.187 -2.2
3 16 -3.75 -27.181 2.625 -3.75 -27.355 2.914 -5 -27.181 2.625
3 16 -5 -25.661 2.033 -5 -26.003 2.01 -7.5 -25.874 2.01
3 16 -5 -25.187 2.2 -5 -25.339 2.127 -7.5 -25.187 2.2
3 16 3.75 -27.355 -2.914 5 -27.181 -2.625 3.75 -27.181 -2.625
3 16 5 -26.003 -2.01 7.5 -25.874 -2.01 5 -25.661 -2.033
3 16 5 -25.339 -2.127 7.5 -25.187 -2.2 5 -25.187 -2.2
3 16 5 -27.181 2.625 3.75 -27.355 2.914 3.75 -27.181 2.625
3 16 7.5 -25.874 2.01 5 -26.003 2.01 5 -25.661 2.033
3 16 7.5 -25.187 2.2 5 -25.339 2.127 5 -25.187 2.2
3 16 5 -24.81 2.365 5 -24.411 2.466 7.5 -24.625 2.421
3 16 -5 -24.81 2.365 -7.5 -24.625 2.421 -5 -24.411 2.466
3 16 -5 -27.181 -2.625 -5 -24 -2.625 -5 -24.594 -2.557
3 16 -5 -24.81 -2.365 -5 -24.594 -2.557 -5 -24.411 -2.466
3 16 -5 -25.661 -2.033 -5 -25.157 -2.356 -5 -25.497 -2.072
3 16 -5 -27.181 2.625 -5 -24.594 2.557 -5 -24 2.625
3 16 -5 -24.81 2.365 -5 -24.411 2.466 -5 -24.594 2.557
3 16 -5 -25.661 2.033 -5 -25.497 2.072 -5 -25.157 2.356
3 16 -7.5 -25.874 2.01 -7.5 -27.5 5 -7.5 -25.52 2.065
3 16 5 -24.594 -2.557 5 -24.81 -2.365 5 -24.411 -2.466
3 16 5 -25.157 -2.356 5 -25.661 -2.033 5 -25.497 -2.072
3 16 5 -24 -2.625 5 -27.181 -2.625 5 -24.594 -2.557
3 16 5 -24.594 2.557 5 -27.181 2.625 5 -24 2.625
3 16 7.5 -27.5 5 7.5 -25.874 2.01 7.5 -25.52 2.065
3 16 5 -24.411 2.466 5 -24.81 2.365 5 -24.594 2.557
3 16 5 -25.497 2.072 5 -25.661 2.033 5 -25.157 2.356
3 16 -3.273 -11.5 1.241 -3.474 -11.5 -0.422 -3.474 -11.5 0.422
3 16 0 -11.5 3.5 0.838 -11.5 3.398 -0.838 -11.5 3.398
3 16 -0.838 -11.5 3.398 0.838 -11.5 3.398 -1.627 -11.5 3.099
3 16 -3.273 -11.5 -1.241 -2.321 -11.5 -2.62 -2.88 -11.5 -1.988
3 16 -2.321 -11.5 -2.62 -0.838 -11.5 -3.398 -1.627 -11.5 -3.099
3 16 -0.838 -11.5 -3.398 0.838 -11.5 -3.398 0 -11.5 -3.5
3 16 0.838 -11.5 -3.398 2.321 -11.5 -2.62 1.627 -11.5 -3.099
3 16 2.88 -11.5 -1.988 2.321 -11.5 -2.62 3.273 -11.5 -1.241
3 16 3.273 -11.5 -1.241 2.321 -11.5 -2.62 3.474 -11.5 -0.422
3 16 -0.838 -11.5 -3.398 2.321 -11.5 -2.62 0.838 -11.5 -3.398
4 16 0.771 -5 6.597 1.669 -5 7.312 3.254 -5 6.757 2.272 -5 6.242
4 16 4.831 -5 4.558 5.864 -5 4.676 6.757 -5 3.254 5.752 -5 3.321
4 16 6.541 -5 -1.153 7.312 -5 -1.669 6.757 -5 -3.254 6.099 -5 -2.631
3 16 7.5 -27.5 5 7.5 -24.025 2.5 7.5 -23.424 2.433
4 16 -7.5 -21.668 0.901 -7.5 -21.953 1.435 -7.5 -14 7.5 -7.5 -14 0
4 16 -5.752 0 3.321 -4.831 0 4.558 -2.321 0 2.62 -2.88 0 1.988
4 16 1.627 0 -3.099 2.981 0 -5.936 1.532 0 -6.463 0.838 0 -3.398
4 16 -7.5 -27.141 -2.575 -7.5 -27.337 -2.875 -3.75 -27.355 -2.914 -5 -27.181 -2.625
4 16 -7.5 -27.141 2.575 -5 -27.181 2.625 -3.75 -27.355 2.914 -7.5 -27.337 2.875
4 16 5 -21.546 0.931 5 -21.84 1.491 3.75 -21.84 1.491 3.75 -21.546 0.931
4 16 5 -24 -2.625 5 -23.372 -2.549 3.75 -23.372 -2.549 3.75 -24 -2.625
4 16 3.75 -24 2.625 5 -24 2.625 5 -27.181 2.625 3.75 -27.181 2.625
4 16 5 -25.497 2.072 5 -25.339 2.127 7.5 -25.187 2.2 7.5 -25.52 2.065
4 16 7.5 -24.025 2.5 5 -24 2.5 5 -23.402 2.427 7.5 -23.424 2.433
4 16 7.5 -22.338 -1.867 5 -22.342 -1.871 5 -22.838 -2.214 7.5 -22.835 -2.212
4 16 7.5 -21.938 -1.414 5 -21.942 -1.42 5 -22.342 -1.871 7.5 -22.338 -1.867
4 16 -5 -24.81 -2.365 -5 -24.411 -2.466 -7.5 -24.411 -2.466 -7.5 -24.81 -2.365
4 16 2.88 0 -1.988 2.88 -11.5 -1.988 3.273 -11.5 -1.241 3.273 0 -1.241
4 16 -2.321 -11.5 2.62 -2.88 -11.5 1.988 -2.88 0 1.988 -2.321 0 2.62
4 16 -5 -21.84 1.491 -5 -22.259 1.965 -5 -22.342 1.871 -5 -21.942 1.42
4 16 5 -24.594 -2.557 5 -25.157 -2.356 5 -25.187 -2.2 5 -24.81 -2.365
4 16 -3.273 -11.5 1.241 2.321 -11.5 -2.62 -0.838 -11.5 -3.398 -3.474 -11.5 -0.422
4 16 -2.321 -11.5 2.62 -1.627 -11.5 3.099 0.838 -11.5 3.398 2.321 -11.5 -2.62
4 16 3.474 -11.5 0.422 3.474 -11.5 -0.422 2.321 -11.5 -2.62 3.273 -11.5 1.241
4 16 -2.321 -11.5 2.62 2.321 -11.5 -2.62 -3.273 -11.5 1.241 -2.88 -11.5 1.988
4 16 2.321 -11.5 2.62 2.321 -11.5 -2.62 0.838 -11.5 3.398 1.627 -11.5 3.099
4 16 3.273 -11.5 1.241 2.321 -11.5 -2.62 2.321 -11.5 2.62 2.88 -11.5 1.988
4 16 -3.273 -11.5 -1.241 -3.474 -11.5 -0.422 -0.838 -11.5 -3.398 -2.321 -11.5 -2.62
4 16 5 -25.187 2.2 5 -25.339 2.127 5 -25.497 2.072 5 -25.157 2.356
4 16 5 -24.594 2.557 5 -24.81 2.365 5 -25.187 2.2 5 -25.157 2.356
4 16 5 -24 2.5 5 -24.411 2.466 5 -24.594 2.557 5 -24 2.625
3 16 7.5 -27.5 5 7.5 -25.52 2.065 7.5 -25.187 2.2
4 16 7.5 -26.574 2.144 7.5 -26.232 2.036 7.5 -25.874 2.01 7.5 -27.5 5
4 16 7.5 -27.141 2.575 7.5 -26.882 2.326 7.5 -26.574 2.144 7.5 -27.5 5
4 16 7.5 -27.458 3.213 7.5 -27.337 2.875 7.5 -27.141 2.575 7.5 -27.5 5
3 16 7.5 -27.5 5 7.5 -27.5 3.569 7.5 -27.458 3.213
4 16 5 -24.594 2.557 5 -25.157 2.356 5 -26.945 2.377 5 -27.181 2.625
4 16 5 -26.341 2.061 5 -26.661 2.186 5 -26.945 2.377 5 -25.157 2.356
4 16 5 -25.661 2.033 5 -26.003 2.01 5 -26.341 2.061 5 -25.157 2.356
4 16 5 -24 -2.5 5 -23.402 -2.427 5 -23.372 -2.549 5 -24 -2.625
4 16 5 -23.402 -2.427 5 -22.838 -2.214 5 -22.78 -2.324 5 -23.372 -2.549
4 16 5 -22.838 -2.214 5 -22.342 -1.871 5 -22.259 -1.965 5 -22.78 -2.324
4 16 5 -21.942 -1.42 5 -21.84 -1.491 5 -22.259 -1.965 5 -22.342 -1.871
4 16 5 -21.84 -1.491 5 -21.942 -1.42 5 -21.663 -0.887 5 -21.546 -0.931
4 16 5 -21.546 -0.931 5 -21.663 -0.887 5 -21.518 -0.301 5 -21.394 -0.316
4 16 5 -21.394 -0.316 5 -21.518 -0.301 5 -21.518 0.301 5 -21.394 0.316
4 16 5 -24 2.625 5 -23.372 2.549 5 -23.402 2.427 5 -24 2.5
4 16 5 -21.394 0.316 5 -21.518 0.301 5 -21.663 0.887 5 -21.546 0.931
4 16 5 -23.372 2.549 5 -22.78 2.324 5 -22.838 2.214 5 -23.402 2.427
4 16 5 -21.546 0.931 5 -21.663 0.887 5 -21.942 1.42 5 -21.84 1.491
4 16 5 -22.78 2.324 5 -22.259 1.965 5 -22.342 1.871 5 -22.838 2.214
4 16 5 -21.84 1.491 5 -21.942 1.42 5 -22.342 1.871 5 -22.259 1.965
4 16 5 -26.945 -2.377 5 -25.157 -2.356 5 -24.594 -2.557 5 -27.181 -2.625
4 16 5 -26.341 -2.061 5 -25.157 -2.356 5 -26.945 -2.377 5 -26.661 -2.186
4 16 5 -25.661 -2.033 5 -25.157 -2.356 5 -26.341 -2.061 5 -26.003 -2.01
4 16 5 -25.187 -2.2 5 -25.157 -2.356 5 -25.497 -2.072 5 -25.339 -2.127
4 16 5 -24 -2.5 5 -24 -2.625 5 -24.594 -2.557 5 -24.411 -2.466
4 16 7.5 -25.874 -2.01 7.5 -27.5 -5 7.5 -25.187 -2.2 7.5 -25.52 -2.065
4 16 7.5 -26.574 -2.144 7.5 -27.5 -5 7.5 -25.874 -2.01 7.5 -26.232 -2.036
4 16 7.5 -27.141 -2.575 7.5 -27.5 -5 7.5 -26.574 -2.144 7.5 -26.882 -2.326
4 16 7.5 -27.458 -3.213 7.5 -27.5 -5 7.5 -27.141 -2.575 7.5 -27.337 -2.875
3 16 7.5 -27.5 -5 7.5 -27.458 -3.213 7.5 -27.5 -3.571
3 16 -7.5 -27.5 5 -7.5 -25.187 2.2 -7.5 -25.52 2.065
4 16 -7.5 -26.574 2.144 -7.5 -27.5 5 -7.5 -25.874 2.01 -7.5 -26.232 2.036
4 16 -7.5 -27.141 2.575 -7.5 -27.5 5 -7.5 -26.574 2.144 -7.5 -26.882 2.326
4 16 -7.5 -27.458 3.213 -7.5 -27.5 5 -7.5 -27.141 2.575 -7.5 -27.337 2.875
3 16 -7.5 -27.5 5 -7.5 -27.458 3.213 -7.5 -27.5 3.569
4 16 -5 -25.187 2.2 -5 -25.157 2.356 -5 -25.497 2.072 -5 -25.339 2.127
4 16 -5 -24.594 2.557 -5 -25.157 2.356 -5 -25.187 2.2 -5 -24.81 2.365
4 16 -5 -24 2.5 -5 -24 2.625 -5 -24.594 2.557 -5 -24.411 2.466
4 16 -5 -24.594 2.557 -5 -27.181 2.625 -5 -26.945 2.377 -5 -25.157 2.356
4 16 -5 -26.341 2.061 -5 -25.157 2.356 -5 -26.945 2.377 -5 -26.661 2.186
4 16 -5 -25.661 2.033 -5 -25.157 2.356 -5 -26.341 2.061 -5 -26.003 2.01
4 16 -5 -24 -2.5 -5 -24 -2.625 -5 -23.372 -2.549 -5 -23.402 -2.427
4 16 -5 -23.402 -2.427 -5 -23.372 -2.549 -5 -22.78 -2.324 -5 -22.838 -2.214
4 16 -5 -22.838 -2.214 -5 -22.78 -2.324 -5 -22.259 -1.965 -5 -22.342 -1.871
4 16 -5 -22.342 -1.871 -5 -22.259 -1.965 -5 -21.84 -1.491 -5 -21.942 -1.42
4 16 -5 -21.84 -1.491 -5 -21.546 -0.931 -5 -21.663 -0.887 -5 -21.942 -1.42
4 16 -5 -21.546 -0.931 -5 -21.394 -0.316 -5 -21.518 -0.301 -5 -21.663 -0.887
4 16 -5 -21.394 -0.316 -5 -21.394 0.316 -5 -21.518 0.301 -5 -21.518 -0.301
4 16 -5 -23.372 2.549 -5 -24 2.625 -5 -24 2.5 -5 -23.402 2.427
4 16 -5 -21.394 0.316 -5 -21.546 0.931 -5 -21.663 0.887 -5 -21.518 0.301
4 16 -5 -22.78 2.324 -5 -23.372 2.549 -5 -23.402 2.427 -5 -22.838 2.214
4 16 -5 -21.546 0.931 -5 -21.84 1.491 -5 -21.942 1.42 -5 -21.663 0.887
4 16 -5 -22.259 1.965 -5 -22.78 2.324 -5 -22.838 2.214 -5 -22.342 1.871
4 16 -7.5 -25.874 -2.01 -7.5 -25.52 -2.065 -7.5 -25.187 -2.2 -7.5 -27.5 -5
4 16 -7.5 -26.574 -2.144 -7.5 -26.232 -2.036 -7.5 -25.874 -2.01 -7.5 -27.5 -5
4 16 -7.5 -27.141 -2.575 -7.5 -26.882 -2.326 -7.5 -26.574 -2.144 -7.5 -27.5 -5
4 16 -7.5 -27.458 -3.213 -7.5 -27.337 -2.875 -7.5 -27.141 -2.575 -7.5 -27.5 -5
3 16 -7.5 -27.5 -5 -7.5 -27.5 -3.571 -7.5 -27.458 -3.213
4 16 -5 -25.187 -2.2 -5 -25.339 -2.127 -5 -25.497 -2.072 -5 -25.157 -2.356
4 16 -5 -24.594 -2.557 -5 -24.81 -2.365 -5 -25.187 -2.2 -5 -25.157 -2.356
4 16 -5 -24 -2.5 -5 -24.411 -2.466 -5 -24.594 -2.557 -5 -24 -2.625
4 16 -5 -26.945 -2.377 -5 -27.181 -2.625 -5 -24.594 -2.557 -5 -25.157 -2.356
4 16 -5 -26.341 -2.061 -5 -26.661 -2.186 -5 -26.945 -2.377 -5 -25.157 -2.356
4 16 -5 -25.661 -2.033 -5 -26.003 -2.01 -5 -26.341 -2.061 -5 -25.157 -2.356
4 16 0 0 -3.5 -0.838 0 -3.398 -0.838 -11.5 -3.398 0 -11.5 -3.5
4 16 -0.838 0 -3.398 -1.627 0 -3.099 -1.627 -11.5 -3.099 -0.838 -11.5 -3.398
4 16 -2.321 0 -2.62 -2.321 -11.5 -2.62 -1.627 -11.5 -3.099 -1.627 0 -3.099
4 16 -2.88 -11.5 -1.988 -2.321 -11.5 -2.62 -2.321 0 -2.62 -2.88 0 -1.988
4 16 -3.273 0 -1.241 -3.273 -11.5 -1.241 -2.88 -11.5 -1.988 -2.88 0 -1.988
4 16 -3.474 -11.5 -0.422 -3.273 -11.5 -1.241 -3.273 0 -1.241 -3.474 0 -0.422
4 16 -3.474 0 0.422 -3.474 -11.5 0.422 -3.474 -11.5 -0.422 -3.474 0 -0.422
4 16 -3.273 -11.5 1.241 -3.474 -11.5 0.422 -3.474 0 0.422 -3.273 0 1.241
4 16 -2.88 -11.5 1.988 -3.273 -11.5 1.241 -3.273 0 1.241 -2.88 0 1.988
4 16 -1.627 -11.5 3.099 -2.321 -11.5 2.62 -2.321 0 2.62 -1.627 0 3.099
4 16 -0.838 -11.5 3.398 -1.627 -11.5 3.099 -1.627 0 3.099 -0.838 0 3.398
4 16 0 -11.5 3.5 -0.838 -11.5 3.398 -0.838 0 3.398 0 0 3.5
4 16 0.838 0 3.398 0.838 -11.5 3.398 0 -11.5 3.5 0 0 3.5
4 16 1.627 -11.5 3.099 0.838 -11.5 3.398 0.838 0 3.398 1.627 0 3.099
4 16 2.321 -11.5 2.62 1.627 -11.5 3.099 1.627 0 3.099 2.321 0 2.62
4 16 2.321 0 2.62 2.88 0 1.988 2.88 -11.5 1.988 2.321 -11.5 2.62
4 16 2.88 0 1.988 3.273 0 1.241 3.273 -11.5 1.241 2.88 -11.5 1.988
4 16 3.273 0 1.241 3.474 0 0.422 3.474 -11.5 0.422 3.273 -11.5 1.241
4 16 3.474 0 0.422 3.474 0 -0.422 3.474 -11.5 -0.422 3.474 -11.5 0.422
4 16 3.474 0 -0.422 3.273 0 -1.241 3.273 -11.5 -1.241 3.474 -11.5 -0.422
4 16 2.88 0 -1.988 2.321 0 -2.62 2.321 -11.5 -2.62 2.88 -11.5 -1.988
4 16 2.321 0 -2.62 1.627 0 -3.099 1.627 -11.5 -3.099 2.321 -11.5 -2.62
4 16 1.627 0 -3.099 0.838 0 -3.398 0.838 -11.5 -3.398 1.627 -11.5 -3.099
4 16 0 -11.5 -3.5 0.838 -11.5 -3.398 0.838 0 -3.398 0 0 -3.5
4 16 -5 -24 -2.5 -5 -23.402 -2.427 -7.5 -23.4 -2.427 -7.5 -24 -2.5
4 16 -5 -23.402 -2.427 -5 -22.838 -2.214 -7.5 -22.835 -2.212 -7.5 -23.4 -2.427
4 16 -5 -22.838 -2.214 -5 -22.342 -1.871 -7.5 -22.338 -1.867 -7.5 -22.835 -2.212
4 16 -5 -22.342 -1.871 -5 -21.942 -1.42 -7.5 -21.938 -1.414 -7.5 -22.338 -1.867
4 16 -5 -21.942 -1.42 -5 -21.663 -0.887 -7.5 -21.659 -0.877 -7.5 -21.938 -1.414
4 16 -5 -21.663 -0.887 -5 -21.518 -0.301 -7.5 -21.517 -0.29 -7.5 -21.659 -0.877
4 16 -5 -21.518 -0.301 -5 -21.518 0.301 -7.5 -21.52 0.315 -7.5 -21.517 -0.29
4 16 -5 -21.518 0.301 -5 -21.663 0.887 -7.5 -21.668 0.901 -7.5 -21.52 0.315
4 16 -5 -21.663 0.887 -5 -21.942 1.42 -7.5 -21.953 1.435 -7.5 -21.668 0.901
4 16 -5 -21.942 1.42 -5 -22.342 1.871 -7.5 -22.357 1.884 -7.5 -21.953 1.435
4 16 -5 -22.342 1.871 -5 -22.838 2.214 -7.5 -22.857 2.223 -7.5 -22.357 1.884
4 16 -5 -22.838 2.214 -5 -23.402 2.427 -7.5 -23.424 2.433 -7.5 -22.857 2.223
4 16 -5 -23.402 2.427 -5 -24 2.5 -7.5 -24.025 2.5 -7.5 -23.424 2.433
4 16 -5 -24 2.5 -5 -24.411 2.466 -7.5 -24.625 2.421 -7.5 -24.025 2.5
4 16 -5 -25.187 2.2 -7.5 -25.187 2.2 -7.5 -24.625 2.421 -5 -24.81 2.365
4 16 -5 -25.187 -2.2 -5 -24.81 -2.365 -7.5 -24.81 -2.365 -7.5 -25.187 -2.2
4 16 -7.5 -24 -2.5 -7.5 -24.411 -2.466 -5 -24.411 -2.466 -5 -24 -2.5
4 16 7.5 -23.4 -2.427 5 -23.402 -2.427 5 -24 -2.5 7.5 -24 -2.5
4 16 7.5 -22.835 -2.212 5 -22.838 -2.214 5 -23.402 -2.427 7.5 -23.4 -2.427
4 16 7.5 -21.659 -0.877 5 -21.663 -0.887 5 -21.942 -1.42 7.5 -21.938 -1.414
4 16 7.5 -21.517 -0.29 5 -21.518 -0.301 5 -21.663 -0.887 7.5 -21.659 -0.877
4 16 7.5 -21.52 0.315 5 -21.518 0.301 5 -21.518 -0.301 7.5 -21.517 -0.29
4 16 7.5 -21.668 0.901 5 -21.663 0.887 5 -21.518 0.301 7.5 -21.52 0.315
4 16 7.5 -21.953 1.435 5 -21.942 1.42 5 -21.663 0.887 7.5 -21.668 0.901
4 16 7.5 -22.357 1.884 5 -22.342 1.871 5 -21.942 1.42 7.5 -21.953 1.435
4 16 7.5 -22.857 2.223 5 -22.838 2.214 5 -22.342 1.871 7.5 -22.357 1.884
4 16 7.5 -23.424 2.433 5 -23.402 2.427 5 -22.838 2.214 7.5 -22.857 2.223
4 16 7.5 -24.625 2.421 5 -24.411 2.466 5 -24 2.5 7.5 -24.025 2.5
4 16 5 -25.187 2.2 5 -24.81 2.365 7.5 -24.625 2.421 7.5 -25.187 2.2
4 16 7.5 -25.187 -2.2 7.5 -24.81 -2.365 5 -24.81 -2.365 5 -25.187 -2.2
4 16 7.5 -24.81 -2.365 7.5 -24.411 -2.466 5 -24.411 -2.466 5 -24.81 -2.365
4 16 5 -24 -2.5 5 -24.411 -2.466 7.5 -24.411 -2.466 7.5 -24 -2.5
4 16 7.5 -27.5 5 3.75 -27.5 5 3.75 -27.5 3.569 7.5 -27.5 3.569
4 16 5 -25.497 2.072 7.5 -25.52 2.065 7.5 -25.874 2.01 5 -25.661 2.033
4 16 5 -26.341 2.061 5 -26.003 2.01 7.5 -25.874 2.01 7.5 -26.232 2.036
4 16 5 -26.661 2.186 5 -26.341 2.061 7.5 -26.232 2.036 7.5 -26.574 2.144
4 16 5 -26.945 2.377 5 -26.661 2.186 7.5 -26.574 2.144 7.5 -26.882 2.326
4 16 5 -27.181 2.625 5 -26.945 2.377 7.5 -26.882 2.326 7.5 -27.141 2.575
4 16 3.75 -27.355 2.914 5 -27.181 2.625 7.5 -27.141 2.575 7.5 -27.337 2.875
4 16 3.75 -27.463 3.233 3.75 -27.355 2.914 7.5 -27.337 2.875 7.5 -27.458 3.213
4 16 3.75 -27.5 3.569 3.75 -27.463 3.233 7.5 -27.458 3.213 7.5 -27.5 3.569
4 16 5 -23.372 -2.549 5 -22.78 -2.324 3.75 -22.78 -2.324 3.75 -23.372 -2.549
4 16 5 -22.78 -2.324 5 -22.259 -1.965 3.75 -22.259 -1.965 3.75 -22.78 -2.324
4 16 5 -22.259 -1.965 5 -21.84 -1.491 3.75 -21.84 -1.491 3.75 -22.259 -1.965
4 16 5 -21.84 -1.491 5 -21.546 -0.931 3.75 -21.546 -0.931 3.75 -21.84 -1.491
4 16 5 -21.546 -0.931 5 -21.394 -0.316 3.75 -21.394 -0.316 3.75 -21.546 -0.931
4 16 5 -21.394 -0.316 5 -21.394 0.316 3.75 -21.394 0.316 3.75 -21.394 -0.316
4 16 5 -21.394 0.316 5 -21.546 0.931 3.75 -21.546 0.931 3.75 -21.394 0.316
4 16 5 -21.84 1.491 5 -22.259 1.965 3.75 -22.259 1.965 3.75 -21.84 1.491
4 16 5 -22.259 1.965 5 -22.78 2.324 3.75 -22.78 2.324 3.75 -22.259 1.965
4 16 5 -22.78 2.324 5 -23.372 2.549 3.75 -23.372 2.549 3.75 -22.78 2.324
4 16 5 -23.372 2.549 5 -24 2.625 3.75 -24 2.625 3.75 -23.372 2.549
4 16 3.75 -24 -2.625 3.75 -27.181 -2.625 5 -27.181 -2.625 5 -24 -2.625
4 16 5 -25.497 -2.072 7.5 -25.52 -2.065 7.5 -25.187 -2.2 5 -25.339 -2.127
4 16 5 -25.497 -2.072 5 -25.661 -2.033 7.5 -25.874 -2.01 7.5 -25.52 -2.065
4 16 5 -26.341 -2.061 7.5 -26.232 -2.036 7.5 -25.874 -2.01 5 -26.003 -2.01
4 16 5 -26.661 -2.186 7.5 -26.574 -2.144 7.5 -26.232 -2.036 5 -26.341 -2.061
4 16 5 -26.945 -2.377 7.5 -26.882 -2.326 7.5 -26.574 -2.144 5 -26.661 -2.186
4 16 5 -27.181 -2.625 7.5 -27.141 -2.575 7.5 -26.882 -2.326 5 -26.945 -2.377
4 16 3.75 -27.355 -2.914 7.5 -27.337 -2.875 7.5 -27.141 -2.575 5 -27.181 -2.625
4 16 3.75 -27.463 -3.233 7.5 -27.458 -3.213 7.5 -27.337 -2.875 3.75 -27.355 -2.914
4 16 3.75 -27.5 -3.571 7.5 -27.5 -3.571 7.5 -27.458 -3.213 3.75 -27.463 -3.233
4 16 3.75 -27.5 -3.571 3.75 -27.5 -5 7.5 -27.5 -5 7.5 -27.5 -3.571
4 16 -7.5 -27.5 5 -7.5 -27.5 3.569 -3.75 -27.5 3.569 -3.75 -27.5 5
4 16 -7.5 -25.187 2.2 -5 -25.339 2.127 -5 -25.497 2.072 -7.5 -25.52 2.065
4 16 -7.5 -25.874 2.01 -7.5 -25.52 2.065 -5 -25.497 2.072 -5 -25.661 2.033
4 16 -7.5 -25.874 2.01 -5 -26.003 2.01 -5 -26.341 2.061 -7.5 -26.232 2.036
4 16 -7.5 -26.232 2.036 -5 -26.341 2.061 -5 -26.661 2.186 -7.5 -26.574 2.144
4 16 -7.5 -26.574 2.144 -5 -26.661 2.186 -5 -26.945 2.377 -7.5 -26.882 2.326
4 16 -7.5 -26.882 2.326 -5 -26.945 2.377 -5 -27.181 2.625 -7.5 -27.141 2.575
4 16 -7.5 -27.337 2.875 -3.75 -27.355 2.914 -3.75 -27.463 3.233 -7.5 -27.458 3.213
4 16 -3.75 -27.5 3.569 -7.5 -27.5 3.569 -7.5 -27.458 3.213 -3.75 -27.463 3.233
4 16 -5 -24 2.625 -3.75 -24 2.625 -3.75 -27.181 2.625 -5 -27.181 2.625
4 16 -3.75 -24 -2.625 -3.75 -23.372 -2.549 -5 -23.372 -2.549 -5 -24 -2.625
4 16 -3.75 -23.372 -2.549 -3.75 -22.78 -2.324 -5 -22.78 -2.324 -5 -23.372 -2.549
4 16 -3.75 -22.78 -2.324 -3.75 -22.259 -1.965 -5 -22.259 -1.965 -5 -22.78 -2.324
4 16 -3.75 -22.259 -1.965 -3.75 -21.84 -1.491 -5 -21.84 -1.491 -5 -22.259 -1.965
4 16 -3.75 -21.84 -1.491 -3.75 -21.546 -0.931 -5 -21.546 -0.931 -5 -21.84 -1.491
4 16 -3.75 -21.546 -0.931 -3.75 -21.394 -0.316 -5 -21.394 -0.316 -5 -21.546 -0.931
4 16 -3.75 -21.394 -0.316 -3.75 -21.394 0.316 -5 -21.394 0.316 -5 -21.394 -0.316
4 16 -3.75 -21.394 0.316 -3.75 -21.546 0.931 -5 -21.546 0.931 -5 -21.394 0.316
4 16 -3.75 -21.546 0.931 -3.75 -21.84 1.491 -5 -21.84 1.491 -5 -21.546 0.931
4 16 -3.75 -21.84 1.491 -3.75 -22.259 1.965 -5 -22.259 1.965 -5 -21.84 1.491
4 16 -3.75 -22.259 1.965 -3.75 -22.78 2.324 -5 -22.78 2.324 -5 -22.259 1.965
4 16 -3.75 -22.78 2.324 -3.75 -23.372 2.549 -5 -23.372 2.549 -5 -22.78 2.324
4 16 -5 -24 2.625 -5 -23.372 2.549 -3.75 -23.372 2.549 -3.75 -24 2.625
4 16 -5 -24 -2.625 -5 -27.181 -2.625 -3.75 -27.181 -2.625 -3.75 -24 -2.625
4 16 -7.5 -25.187 -2.2 -7.5 -25.52 -2.065 -5 -25.497 -2.072 -5 -25.339 -2.127
4 16 -7.5 -25.874 -2.01 -5 -25.661 -2.033 -5 -25.497 -2.072 -7.5 -25.52 -2.065
4 16 -7.5 -25.874 -2.01 -7.5 -26.232 -2.036 -5 -26.341 -2.061 -5 -26.003 -2.01
4 16 -7.5 -26.232 -2.036 -7.5 -26.574 -2.144 -5 -26.661 -2.186 -5 -26.341 -2.061
4 16 -7.5 -26.574 -2.144 -7.5 -26.882 -2.326 -5 -26.945 -2.377 -5 -26.661 -2.186
4 16 -7.5 -26.882 -2.326 -7.5 -27.141 -2.575 -5 -27.181 -2.625 -5 -26.945 -2.377
4 16 -7.5 -27.337 -2.875 -7.5 -27.458 -3.213 -3.75 -27.463 -3.233 -3.75 -27.355 -2.914
4 16 -3.75 -27.5 -3.571 -3.75 -27.463 -3.233 -7.5 -27.458 -3.213 -7.5 -27.5 -3.571
4 16 -3.75 -27.5 -3.571 -7.5 -27.5 -3.571 -7.5 -27.5 -5 -3.75 -27.5 -5
4 16 2.321 0 -2.62 4.269 0 -5.088 2.981 0 -5.936 1.627 0 -3.099
4 16 2.88 0 -1.988 5.328 0 -3.966 4.269 0 -5.088 2.321 0 -2.62
4 16 3.273 0 -1.241 6.099 0 -2.631 5.328 0 -3.966 2.88 0 -1.988
4 16 3.474 0 -0.422 6.541 0 -1.153 6.099 0 -2.631 3.273 0 -1.241
4 16 0.838 0 -3.398 1.532 0 -6.463 0 0 -6.642 0 0 -3.5
4 16 3.474 0 0.422 6.631 0 0.386 6.541 0 -1.153 3.474 0 -0.422
4 16 -0.838 0 -3.398 0 0 -3.5 0 0 -6.642 -1.532 0 -6.463
4 16 3.273 0 1.241 6.363 0 1.905 6.631 0 0.386 3.474 0 0.422
4 16 -1.627 0 -3.099 -0.838 0 -3.398 -1.532 0 -6.463 -2.981 0 -5.936
4 16 2.88 0 1.988 5.752 0 3.321 6.363 0 1.905 3.273 0 1.241
4 16 -2.321 0 -2.62 -1.627 0 -3.099 -2.981 0 -5.936 -4.269 0 -5.088
4 16 2.321 0 2.62 4.831 0 4.558 5.752 0 3.321 2.88 0 1.988
4 16 -2.88 0 -1.988 -2.321 0 -2.62 -4.269 0 -5.088 -5.328 0 -3.966
4 16 1.627 0 3.099 3.65 0 5.549 4.831 0 4.558 2.321 0 2.62
4 16 -5.328 0 -3.966 -6.099 0 -2.631 -3.273 0 -1.241 -2.88 0 -1.988
4 16 3.65 0 5.549 1.627 0 3.099 0.838 0 3.398 2.272 0 6.242
4 16 -6.099 0 -2.631 -6.541 0 -1.153 -3.474 0 -0.422 -3.273 0 -1.241
4 16 2.272 0 6.242 0.838 0 3.398 0 0 3.5 0.771 0 6.597
4 16 -6.541 0 -1.153 -6.631 0 0.386 -3.474 0 0.422 -3.474 0 -0.422
4 16 -2.272 0 6.242 -0.771 0 6.597 0 0 3.5 -0.838 0 3.398
4 16 -6.631 0 0.386 -6.363 0 1.905 -3.273 0 1.241 -3.474 0 0.422
4 16 -3.65 0 5.549 -2.272 0 6.242 -0.838 0 3.398 -1.627 0 3.099
4 16 -6.363 0 1.905 -5.752 0 3.321 -2.88 0 1.988 -3.273 0 1.241
4 16 -4.831 0 4.558 -3.65 0 5.549 -1.627 0 3.099 -2.321 0 2.62
4 16 -7.5 -14 -7.5 -3.75 -14 -7.5 -3.75 -27.5 -5 -7.5 -27.5 -5
3 16 -7.5 -27.5 -5 -7.5 -22.835 -2.212 -7.5 -14 -7.5
4 16 -7.5 -21.659 -0.877 -7.5 -14 0 -7.5 -14 -7.5 -7.5 -21.938 -1.414
3 16 -7.5 -22.835 -2.212 -7.5 -27.5 -5 -7.5 -23.4 -2.427
3 16 -7.5 -27.5 -5 -7.5 -24 -2.5 -7.5 -23.4 -2.427
3 16 -7.5 -24 -2.5 -7.5 -27.5 -5 -7.5 -24.411 -2.466
3 16 -7.5 -27.5 5 -7.5 -14 7.5 -7.5 -22.857 2.223
3 16 -7.5 -27.5 -5 -7.5 -24.81 -2.365 -7.5 -24.411 -2.466
3 16 -7.5 -27.5 5 -7.5 -22.857 2.223 -7.5 -23.424 2.433
3 16 -7.5 -27.5 5 -7.5 -23.424 2.433 -7.5 -24.025 2.5
3 16 -7.5 -24.625 2.421 -7.5 -27.5 5 -7.5 -24.025 2.5
4 16 -7.5 -14 7.5 -7.5 -27.5 5 -3.75 -27.5 5 -3.75 -14 7.5
4 16 3.75 -14 7.5 3.75 -27.5 5 7.5 -27.5 5 7.5 -14 7.5
4 16 3.75 -14 -7.5 7.5 -14 -7.5 7.5 -27.5 -5 3.75 -27.5 -5
4 16 7.5 -21.659 -0.877 7.5 -21.938 -1.414 7.5 -14 -7.5 7.5 -14 0
3 16 7.5 -27.5 -5 7.5 -14 -7.5 7.5 -22.835 -2.212
4 16 7.5 -21.668 0.901 7.5 -14 0 7.5 -14 7.5 7.5 -21.953 1.435
3 16 7.5 -22.835 -2.212 7.5 -23.4 -2.427 7.5 -27.5 -5
3 16 7.5 -27.5 -5 7.5 -23.4 -2.427 7.5 -24 -2.5
3 16 7.5 -27.5 -5 7.5 -24 -2.5 7.5 -24.411 -2.466
3 16 7.5 -27.5 5 7.5 -22.857 2.223 7.5 -14 7.5
3 16 7.5 -27.5 -5 7.5 -24.411 -2.466 7.5 -24.81 -2.365
3 16 7.5 -27.5 5 7.5 -23.424 2.433 7.5 -22.857 2.223
3 16 7.5 -24.625 2.421 7.5 -24.025 2.5 7.5 -27.5 5
4 16 3.75 -27.181 -2.625 3.75 -24 -2.625 3.75 -27.5 -5 3.75 -27.5 -3.571
4 16 3.75 -24 -2.625 3.75 -23.372 -2.549 3.75 -14 -7.5 3.75 -27.5 -5
4 16 3.75 -14 -7.5 3.75 -22.78 -2.324 3.75 -22.259 -1.965 3.75 -14 -6.446
4 16 3.75 -27.5 5 3.75 -24 2.625 3.75 -27.181 2.625 3.75 -27.5 3.569
4 16 3.75 -24 2.625 3.75 -27.5 5 3.75 -14 7.5 3.75 -23.372 2.549
4 16 3.75 -14 6.446 3.75 -14 -6.446 3.75 -21.546 -0.931 3.75 -21.394 -0.316
4 16 3.75 -14 7.5 3.75 -14 6.446 3.75 -22.259 1.965 3.75 -22.78 2.324
4 16 -3.75 -27.181 -2.625 -3.75 -27.5 -3.571 -3.75 -27.5 -5 -3.75 -24 -2.625
4 16 -3.75 -24 -2.625 -3.75 -27.5 -5 -3.75 -14 -7.5 -3.75 -23.372 -2.549
4 16 -3.75 -14 -7.5 -3.75 -14 -6.446 -3.75 -22.259 -1.965 -3.75 -22.78 -2.324
4 16 -3.75 -27.5 5 -3.75 -27.5 3.569 -3.75 -27.181 2.625 -3.75 -24 2.625
4 16 -3.75 -24 2.625 -3.75 -23.372 2.549 -3.75 -14 7.5 -3.75 -27.5 5
4 16 -3.75 -14 6.446 -3.75 -21.394 -0.316 -3.75 -21.546 -0.931 -3.75 -14 -6.446
4 16 -3.75 -14 7.5 -3.75 -22.78 2.324 -3.75 -22.259 1.965 -3.75 -14 6.446
4 16 0 0 -6.642 0 -5 -6.642 -1.532 -5 -6.463 -1.532 0 -6.463
4 16 -2.981 0 -5.936 -1.532 0 -6.463 -1.532 -5 -6.463 -2.981 -5 -5.936
4 16 -2.981 0 -5.936 -2.981 -5 -5.936 -4.269 -5 -5.088 -4.269 0 -5.088
4 16 -5.328 0 -3.966 -4.269 0 -5.088 -4.269 -5 -5.088 -5.328 -5 -3.966
4 16 -6.099 0 -2.631 -5.328 0 -3.966 -5.328 -5 -3.966 -6.099 -5 -2.631
4 16 -6.541 0 -1.153 -6.099 0 -2.631 -6.099 -5 -2.631 -6.541 -5 -1.153
4 16 -6.631 -5 0.386 -6.631 0 0.386 -6.541 0 -1.153 -6.541 -5 -1.153
4 16 -6.363 -5 1.905 -6.363 0 1.905 -6.631 0 0.386 -6.631 -5 0.386
4 16 -5.752 -5 3.321 -5.752 0 3.321 -6.363 0 1.905 -6.363 -5 1.905
4 16 -4.831 0 4.558 -5.752 0 3.321 -5.752 -5 3.321 -4.831 -5 4.558
4 16 -3.65 -5 5.549 -3.65 0 5.549 -4.831 0 4.558 -4.831 -5 4.558
4 16 -2.272 -5 6.242 -2.272 0 6.242 -3.65 0 5.549 -3.65 -5 5.549
4 16 -0.771 -5 6.597 -0.771 0 6.597 -2.272 0 6.242 -2.272 -5 6.242
4 16 0.771 -5 6.597 0.771 0 6.597 -0.771 0 6.597 -0.771 -5 6.597
4 16 2.272 -5 6.242 2.272 0 6.242 0.771 0 6.597 0.771 -5 6.597
4 16 3.65 0 5.549 2.272 0 6.242 2.272 -5 6.242 3.65 -5 5.549
4 16 3.65 0 5.549 3.65 -5 5.549 4.831 -5 4.558 4.831 0 4.558
4 16 5.752 0 3.321 4.831 0 4.558 4.831 -5 4.558 5.752 -5 3.321
4 16 5.752 0 3.321 5.752 -5 3.321 6.363 -5 1.905 6.363 0 1.905
4 16 6.363 0 1.905 6.363 -5 1.905 6.631 -5 0.386 6.631 0 0.386
4 16 6.631 0 0.386 6.631 -5 0.386 6.541 -5 -1.153 6.541 0 -1.153
4 16 6.541 0 -1.153 6.541 -5 -1.153 6.099 -5 -2.631 6.099 0 -2.631
4 16 6.099 0 -2.631 6.099 -5 -2.631 5.328 -5 -3.966 5.328 0 -3.966
4 16 5.328 0 -3.966 5.328 -5 -3.966 4.269 -5 -5.088 4.269 0 -5.088
4 16 4.269 0 -5.088 4.269 -5 -5.088 2.981 -5 -5.936 2.981 0 -5.936
4 16 2.981 0 -5.936 2.981 -5 -5.936 1.532 -5 -6.463 1.532 0 -6.463
4 16 0 -5 -6.642 0 0 -6.642 1.532 0 -6.463 1.532 -5 -6.463
4 16 5.328 -5 -3.966 5.864 -5 -4.676 4.676 -5 -5.864 4.269 -5 -5.088
4 16 6.099 -5 -2.631 6.757 -5 -3.254 5.864 -5 -4.676 5.328 -5 -3.966
4 16 4.269 -5 -5.088 4.676 -5 -5.864 3.254 -5 -6.757 2.981 -5 -5.936
4 16 1.669 -5 -7.312 1.532 -5 -6.463 2.981 -5 -5.936 3.254 -5 -6.757
4 16 6.631 -5 0.386 7.5 -5 0 7.312 -5 -1.669 6.541 -5 -1.153
4 16 1.532 -5 -6.463 1.669 -5 -7.312 0 -5 -7.5 0 -5 -6.642
4 16 6.363 -5 1.905 7.312 -5 1.669 7.5 -5 0 6.631 -5 0.386
4 16 -1.532 -5 -6.463 0 -5 -6.642 0 -5 -7.5 -1.669 -5 -7.312
4 16 5.752 -5 3.321 6.757 -5 3.254 7.312 -5 1.669 6.363 -5 1.905
4 16 -2.981 -5 -5.936 -1.532 -5 -6.463 -1.669 -5 -7.312 -3.254 -5 -6.757
4 16 -4.269 -5 -5.088 -2.981 -5 -5.936 -3.254 -5 -6.757 -4.676 -5 -5.864
4 16 3.65 -5 5.549 4.676 -5 5.864 5.864 -5 4.676 4.831 -5 4.558
4 16 -5.328 -5 -3.966 -4.269 -5 -5.088 -4.676 -5 -5.864 -5.864 -5 -4.676
4 16 2.272 -5 6.242 3.254 -5 6.757 4.676 -5 5.864 3.65 -5 5.549
4 16 -6.099 -5 -2.631 -5.328 -5 -3.966 -5.864 -5 -4.676 -6.757 -5 -3.254
4 16 -6.757 -5 -3.254 -7.312 -5 -1.669 -6.541 -5 -1.153 -6.099 -5 -2.631
4 16 -7.312 -5 -1.669 -7.5 -5 0 -6.631 -5 0.386 -6.541 -5 -1.153
4 16 -1.669 -5 7.312 0 -5 7.5 0.771 -5 6.597 -0.771 -5 6.597
4 16 -7.5 -5 0 -7.312 -5 1.669 -6.363 -5 1.905 -6.631 -5 0.386
4 16 -3.254 -5 6.757 -1.669 -5 7.312 -0.771 -5 6.597 -2.272 -5 6.242
4 16 -7.312 -5 1.669 -6.757 -5 3.254 -5.752 -5 3.321 -6.363 -5 1.905
4 16 -4.676 -5 5.864 -3.254 -5 6.757 -2.272 -5 6.242 -3.65 -5 5.549
4 16 -6.757 -5 3.254 -5.864 -5 4.676 -4.831 -5 4.558 -5.752 -5 3.321
4 16 -5.864 -5 4.676 -4.676 -5 5.864 -3.65 -5 5.549 -4.831 -5 4.558
4 16 -3.254 -5 -6.757 -1.669 -5 -7.312 -1.669 -14 -7.312 -3.254 -14 -6.757
4 16 4.676 -5 -5.864 5.864 -5 -4.676 5.864 -14 -4.676 4.676 -14 -5.864
4 16 5.864 -5 -4.676 6.757 -5 -3.254 6.757 -14 -3.254 5.864 -14 -4.676
4 16 6.757 -5 -3.254 7.312 -5 -1.669 7.312 -14 -1.669 6.757 -14 -3.254
4 16 1.669 -5 -7.312 3.254 -5 -6.757 3.254 -14 -6.757 1.669 -14 -7.312
4 16 7.312 -5 -1.669 7.5 -5 0 7.5 -14 0 7.312 -14 -1.669
4 16 0 -5 -7.5 1.669 -5 -7.312 1.669 -14 -7.312 0 -14 -7.5
4 16 7.5 -5 0 7.312 -5 1.669 7.312 -14 1.669 7.5 -14 0
4 16 -1.669 -5 -7.312 0 -5 -7.5 0 -14 -7.5 -1.669 -14 -7.312
4 16 7.312 -5 1.669 6.757 -5 3.254 6.757 -14 3.254 7.312 -14 1.669
4 16 6.757 -5 3.254 5.864 -5 4.676 5.864 -14 4.676 6.757 -14 3.254
4 16 5.864 -5 4.676 4.676 -5 5.864 4.676 -14 5.864 5.864 -14 4.676
4 16 -5.864 -5 -4.676 -4.676 -5 -5.864 -4.676 -14 -5.864 -5.864 -14 -4.676
4 16 -6.757 -5 -3.254 -5.864 -5 -4.676 -5.864 -14 -4.676 -6.757 -14 -3.254
4 16 -7.312 -5 -1.669 -6.757 -5 -3.254 -6.757 -14 -3.254 -7.312 -14 -1.669
4 16 3.254 -5 6.757 1.669 -5 7.312 1.669 -14 7.312 3.254 -14 6.757
4 16 -7.5 -5 0 -7.312 -5 -1.669 -7.312 -14 -1.669 -7.5 -14 0
4 16 1.669 -5 7.312 0 -5 7.5 0 -14 7.5 1.669 -14 7.312
4 16 -7.312 -5 1.669 -7.5 -5 0 -7.5 -14 0 -7.312 -14 1.669
4 16 0 -5 7.5 -1.669 -5 7.312 -1.669 -14 7.312 0 -14 7.5
4 16 -6.757 -5 3.254 -7.312 -5 1.669 -7.312 -14 1.669 -6.757 -14 3.254
4 16 -1.669 -5 7.312 -3.254 -5 6.757 -3.254 -14 6.757 -1.669 -14 7.312
4 16 -5.864 -5 4.676 -6.757 -5 3.254 -6.757 -14 3.254 -5.864 -14 4.676
4 16 -4.676 -5 5.864 -5.864 -5 4.676 -5.864 -14 4.676 -4.676 -14 5.864
3 16 3.75 -14 6.446 4.676 -5 5.864 3.254 -5 6.757
3 16 3.254 -14 6.757 3.75 -14 6.446 3.254 -5 6.757
3 16 3.75 -14 6.446 4.676 -14 5.864 4.676 -5 5.864
3 16 3.75 -14 -6.446 3.254 -5 -6.757 4.676 -5 -5.864
3 16 4.676 -14 -5.864 3.75 -14 -6.446 4.676 -5 -5.864
3 16 3.75 -14 -6.446 3.254 -14 -6.757 3.254 -5 -6.757
3 16 -3.75 -14 -6.446 -4.676 -5 -5.864 -3.254 -5 -6.757
3 16 -3.254 -14 -6.757 -3.75 -14 -6.446 -3.254 -5 -6.757
3 16 -3.75 -14 -6.446 -4.676 -14 -5.864 -4.676 -5 -5.864
3 16 -3.75 -14 6.446 -3.254 -5 6.757 -4.676 -5 5.864
3 16 -4.676 -14 5.864 -3.75 -14 6.446 -4.676 -5 5.864
3 16 -3.75 -14 6.446 -3.254 -14 6.757 -3.254 -5 6.757
4 16 3.254 -14 6.757 3.254 -14 -6.757 3.75 -14 -6.446 3.75 -14 6.446
4 16 3.254 -14 6.757 1.669 -14 7.312 1.669 -14 -7.312 3.254 -14 -6.757
4 16 1.669 -14 -7.312 1.669 -14 7.312 0 -14 7.5 0 -14 -7.5
4 16 -1.669 -14 -7.312 0 -14 -7.5 0 -14 7.5 -1.669 -14 7.312
4 16 -1.669 -14 -7.312 -1.669 -14 7.312 -3.254 -14 6.757 -3.254 -14 -6.757
4 16 -3.254 -14 -6.757 -3.254 -14 6.757 -3.75 -14 6.446 -3.75 -14 -6.446
3 16 -3.75 -14 7.5 -3.75 -14 6.446 -7.5 -14 7.5
3 16 -7.5 -14 7.5 -3.75 -14 6.446 -4.676 -14 5.864
3 16 -7.5 -14 7.5 -4.676 -14 5.864 -5.864 -14 4.676
3 16 -7.5 -14 7.5 -5.864 -14 4.676 -6.757 -14 3.254
3 16 -7.5 -14 7.5 -6.757 -14 3.254 -7.312 -14 1.669
3 16 -7.5 -14 7.5 -7.312 -14 1.669 -7.5 -14 0
3 16 -7.5 -14 -7.5 -7.5 -14 0 -7.312 -14 -1.669
3 16 -7.5 -14 -7.5 -7.312 -14 -1.669 -6.757 -14 -3.254
3 16 -7.5 -14 -7.5 -6.757 -14 -3.254 -5.864 -14 -4.676
3 16 -7.5 -14 -7.5 -5.864 -14 -4.676 -4.676 -14 -5.864
3 16 -7.5 -14 -7.5 -4.676 -14 -5.864 -3.75 -14 -6.446
3 16 -7.5 -14 -7.5 -3.75 -14 -6.446 -3.75 -14 -7.5
3 16 7.5 -14 -7.5 3.75 -14 -7.5 3.75 -14 -6.446
3 16 7.5 -14 -7.5 3.75 -14 -6.446 4.676 -14 -5.864
3 16 7.5 -14 -7.5 4.676 -14 -5.864 5.864 -14 -4.676
3 16 7.5 -14 -7.5 5.864 -14 -4.676 6.757 -14 -3.254
3 16 7.5 -14 -7.5 6.757 -14 -3.254 7.312 -14 -1.669
3 16 7.5 -14 0 7.5 -14 -7.5 7.312 -14 -1.669
3 16 7.5 -14 0 7.312 -14 1.669 7.5 -14 7.5
3 16 7.5 -14 7.5 7.312 -14 1.669 6.757 -14 3.254
3 16 7.5 -14 7.5 6.757 -14 3.254 5.864 -14 4.676
3 16 7.5 -14 7.5 5.864 -14 4.676 4.676 -14 5.864
3 16 7.5 -14 7.5 4.676 -14 5.864 3.75 -14 6.446
3 16 7.5 -14 7.5 3.75 -14 6.446 3.75 -14 7.5
5 24 5 -24.81 -2.365 5 -24.594 -2.557 5 -24.411 -2.466 5 -25.187 -2.2
2 24 3.254 -5 6.757 4.676 -5 5.864
5 24 -7.5 -25.187 2.2 -5 -25.339 2.127 -5 -25.187 2.2 -7.5 -25.52 2.065
2 24 6.541 -5 -1.153 6.631 -5 0.386
2 24 -7.5 -25.52 -2.065 -7.5 -25.874 -2.01
2 24 5 -22.838 2.214 5 -22.342 1.871
2 24 -7.5 -14 7.5 -3.75 -14 7.5
2 24 -5 -21.84 -1.491 -5 -21.546 -0.931
5 24 5 -26.945 -2.377 5 -25.157 -2.356 5 -27.181 -2.625 5 -26.661 -2.186
5 24 5 -24.594 -2.557 5 -24 -2.625 5 -27.181 -2.625 5 -24.411 -2.466
5 24 -6.631 -5 0.386 -6.631 0 0.386 -6.541 -5 -1.153 -6.363 -5 1.905
5 24 3.75 -22.259 -1.965 5 -22.259 -1.965 3.75 -22.78 -2.324 3.75 -21.84 -1.491
2 24 -3.75 -14 7.5 -3.75 -27.5 5
2 24 -7.5 -21.953 1.435 -7.5 -21.668 0.901
5 24 5 -25.661 -2.033 7.5 -25.874 -2.01 5 -26.003 -2.01 5 -25.497 -2.072
5 24 7.5 -22.857 2.223 7.5 -14 7.5 7.5 -22.357 1.884 7.5 -27.5 5
2 24 0 0 -3.5 0.838 0 -3.398
2 24 -6.757 -14 3.254 -5.864 -14 4.676
5 24 5 -24 -2.5 7.5 -24 -2.5 5 -23.402 -2.427 5 -24.411 -2.466
5 24 -7.5 -27.458 3.213 -3.75 -27.463 3.233 -7.5 -27.337 2.875 -7.5 -27.5 3.569
5 24 3.273 -11.5 -1.241 3.273 0 -1.241 2.88 -11.5 -1.988 3.474 -11.5 -0.422
2 24 5 -24 2.625 5 -27.181 2.625
2 24 -7.5 -22.835 -2.212 -7.5 -22.338 -1.867
5 24 5 -21.663 0.887 7.5 -21.668 0.901 5 -21.518 0.301 5 -21.942 1.42
2 24 7.312 -14 1.669 7.5 -14 0
2 24 5 -22.342 1.871 5 -21.942 1.42
2 24 -1.627 0 -3.099 -0.838 0 -3.398
5 24 -5 -22.259 -1.965 -3.75 -22.259 -1.965 -5 -22.78 -2.324 -5 -21.84 -1.491
2 24 4.269 -5 -5.088 5.328 -5 -3.966
2 24 7.5 -22.835 -2.212 7.5 -22.338 -1.867
2 24 5 -26.003 -2.01 5 -25.661 -2.033
2 24 -6.099 -5 -2.631 -5.328 -5 -3.966
2 24 -5 -24.81 2.365 -5 -24.411 2.466
5 24 -7.5 -23.424 2.433 -5 -23.402 2.427 -7.5 -22.857 2.223 -7.5 -24.025 2.5
2 24 -5 -21.518 -0.301 -5 -21.663 -0.887
2 24 5 -23.372 2.549 5 -24 2.625
2 24 -4.269 -5 -5.088 -2.981 -5 -5.936
5 24 -3.75 -14 7.5 -3.75 -23.372 2.549 -3.75 -22.78 2.324 -3.75 -27.5 5
5 24 1.627 0 -3.099 2.981 0 -5.936 0.838 0 -3.398 2.321 0 -2.62
5 24 3.75 -27.463 -3.233 3.75 -27.181 -2.625 3.75 -27.355 -2.914 3.75 -27.5 -3.571
2 24 0 -11.5 3.5 0.838 -11.5 3.398
5 24 -2.981 0 -5.936 -1.627 0 -3.099 -1.532 0 -6.463 -4.269 0 -5.088
5 24 3.75 -14 6.446 3.75 -21.394 -0.316 3.75 -21.394 0.316 3.75 -14 -6.446
5 24 -5 -26.945 -2.377 -5 -25.157 -2.356 -5 -27.181 -2.625 -5 -26.661 -2.186
2 24 3.75 -22.259 1.965 3.75 -21.84 1.491
2 24 -5 -26.341 -2.061 -5 -26.661 -2.186
5 24 -7.5 -21.52 0.315 -7.5 -14 0 -7.5 -21.668 0.901 -7.5 -21.517 -0.29
2 24 -1.669 -14 -7.312 0 -14 -7.5
2 24 -7.5 -26.882 2.326 -7.5 -26.574 2.144
5 24 1.627 -11.5 3.099 1.627 0 3.099 0.838 -11.5 3.398 2.321 -11.5 2.62
2 24 4.831 0 4.558 5.752 0 3.321
2 24 -5.864 -14 4.676 -4.676 -14 5.864
2 24 0.771 -5 6.597 2.272 -5 6.242
2 24 -7.5 -22.357 1.884 -7.5 -21.953 1.435
2 24 7.5 -22.338 -1.867 7.5 -21.938 -1.414
5 24 3.75 -27.5 5 3.75 -24 2.625 3.75 -27.5 3.569 3.75 -14 7.5
2 24 7.5 -24 -2.5 7.5 -23.4 -2.427
2 24 7.5 -22.857 2.223 7.5 -22.357 1.884
5 24 -3.273 -11.5 1.241 -3.273 0 1.241 -3.474 -11.5 0.422 -2.88 -11.5 1.988
5 24 5 -24.594 2.557 5 -25.157 2.356 5 -24.81 2.365 5 -27.181 2.625
2 24 7.5 -23.424 2.433 7.5 -22.857 2.223
5 24 5 -22.342 1.871 7.5 -22.357 1.884 5 -21.942 1.42 5 -22.838 2.214
2 24 -5 -21.518 0.301 -5 -21.663 0.887
2 24 -5 -22.78 2.324 -5 -23.372 2.549
5 24 5 -24.594 -2.557 5 -27.181 -2.625 5 -24 -2.625 5 -25.157 -2.356
5 24 -3.75 -14 -6.446 -3.254 -5 -6.757 -4.676 -5 -5.864 -3.254 -14 -6.757
2 24 4.676 -14 -5.864 5.864 -14 -4.676
2 24 -5 -25.497 -2.072 -5 -25.339 -2.127
2 24 -7.5 -27.5 3.569 -7.5 -27.5 5
5 24 6.363 -5 1.905 6.363 0 1.905 5.752 -5 3.321 6.631 -5 0.386
5 24 -7.5 -27.5 5 -7.5 -25.874 2.01 -7.5 -25.52 2.065 -7.5 -26.574 2.144
2 24 -5 -24 2.625 -5 -23.372 2.549
5 24 -6.099 0 -2.631 -3.273 0 -1.241 -5.328 0 -3.966 -6.541 0 -1.153
5 24 -7.5 -27.141 2.575 -5 -27.181 2.625 -7.5 -27.337 2.875 -7.5 -26.882 2.326
2 24 -7.5 -27.5 5 -7.5 -14 7.5
2 24 7.5 -21.659 -0.877 7.5 -21.517 -0.29
5 24 -7.5 -24.025 2.5 -7.5 -27.5 5 -7.5 -23.424 2.433 -7.5 -24.625 2.421
2 24 -5 -26.003 2.01 -5 -26.341 2.061
5 24 5.864 -14 -4.676 5.864 -5 -4.676 4.676 -14 -5.864 6.757 -14 -3.254
5 24 7.5 -24.625 2.421 7.5 -27.5 5 7.5 -25.187 2.2 7.5 -24.025 2.5
2 24 0.838 -11.5 3.398 1.627 -11.5 3.099
2 24 3.75 -27.463 3.233 3.75 -27.355 2.914
5 24 -3.75 -27.5 3.569 -3.75 -27.355 2.914 -3.75 -27.463 3.233 -3.75 -27.181 2.625
5 24 3.75 -14 -6.446 3.75 -22.259 -1.965 3.75 -21.84 -1.491 3.75 -14 -7.5
2 24 7.5 -26.574 -2.144 7.5 -26.232 -2.036
2 24 2.88 -11.5 1.988 3.273 -11.5 1.241
2 24 -7.5 -26.232 2.036 -7.5 -25.874 2.01
2 24 0 -14 -7.5 1.669 -14 -7.312
2 24 -7.5 -21.52 0.315 -7.5 -21.517 -0.29
2 24 -7.5 -25.52 2.065 -7.5 -25.874 2.01
5 24 -3.254 -14 6.757 -3.254 -5 6.757 -1.669 -14 7.312 -3.75 -14 6.446
2 24 5 -26.003 2.01 5 -26.341 2.061
2 24 7.5 -21.52 0.315 7.5 -21.517 -0.29
2 24 3.75 -27.5 -5 7.5 -27.5 -5
5 24 -7.5 -27.5 -5 -7.5 -24.81 -2.365 -7.5 -25.187 -2.2 -7.5 -24.411 -2.466
2 24 5 -22.342 -1.871 5 -21.942 -1.42
2 24 5 -24.411 2.466 5 -24 2.5
2 24 -2.981 -5 -5.936 -1.532 -5 -6.463
2 24 -1.532 0 -6.463 0 0 -6.642
2 24 -7.312 -14 1.669 -6.757 -14 3.254
2 24 -7.5 -27.337 -2.875 -7.5 -27.141 -2.575
5 24 -0.838 -11.5 3.398 -0.838 0 3.398 -1.627 -11.5 3.099 0 -11.5 3.5
5 24 -1.627 0 3.099 -1.627 -11.5 3.099 -2.321 0 2.62 -0.838 0 3.398
5 24 0 0 3.5 0.771 0 6.597 -0.771 0 6.597 0.838 0 3.398
2 24 -0.838 -11.5 -3.398 0 -11.5 -3.5
2 24 5 -22.78 -2.324 5 -22.259 -1.965
2 24 0.838 0 -3.398 1.627 0 -3.099
2 24 3.75 -27.181 -2.625 3.75 -24 -2.625
2 24 1.627 0 -3.099 2.321 0 -2.62
5 24 -7.5 -26.574 2.144 -5 -26.661 2.186 -7.5 -26.232 2.036 -7.5 -26.882 2.326
5 24 -1.627 -11.5 -3.099 -1.627 0 -3.099 -0.838 -11.5 -3.398 -2.321 -11.5 -2.62
5 24 -7.5 -25.874 2.01 -5 -26.003 2.01 -5 -25.661 2.033 -7.5 -26.232 2.036
5 24 -6.363 0 1.905 -3.273 0 1.241 -6.631 0 0.386 -5.752 0 3.321
5 24 -7.312 -14 -1.669 -7.312 -5 -1.669 -6.757 -14 -3.254 -7.5 -14 0
2 24 -3.75 -14 -6.446 -3.75 -14 -7.5
5 24 -5 -23.372 2.549 -3.75 -23.372 2.549 -5 -22.78 2.324 -5 -24 2.625
5 24 3.65 -5 5.549 3.65 0 5.549 2.272 -5 6.242 4.831 -5 4.558
5 24 7.5 -27.458 3.213 7.5 -27.5 5 7.5 -27.337 2.875 7.5 -27.5 3.569
5 24 7.5 -24.81 -2.365 7.5 -27.5 -5 7.5 -25.187 -2.2 7.5 -24.411 -2.466
2 24 -5 -21.942 1.42 -5 -21.663 0.887
5 24 -5 -26.945 2.377 -5 -25.157 2.356 -5 -27.181 2.625 -5 -26.661 2.186
2 24 -7.5 -27.5 -3.571 -7.5 -27.458 -3.213
5 24 5 -22.838 2.214 7.5 -22.857 2.223 5 -22.342 1.871 5 -23.402 2.427
5 24 3.75 -14 6.446 3.75 -22.259 1.965 3.75 -21.84 1.491 3.75 -14 7.5
2 24 5 -21.84 -1.491 5 -21.546 -0.931
2 24 5 -24 -2.625 5 -27.181 -2.625
2 24 5 -23.372 2.549 5 -22.78 2.324
5 24 -3.75 -14 -7.5 -3.75 -23.372 -2.549 -3.75 -22.78 -2.324 -3.75 -27.5 -5
2 24 7.5 -27.337 -2.875 7.5 -27.141 -2.575
2 24 -1.669 -5 -7.312 0 -5 -7.5
2 24 5 -21.942 1.42 5 -21.663 0.887
2 24 -5 -27.181 2.625 -3.75 -27.181 2.625
5 24 -7.5 -22.857 2.223 -7.5 -14 7.5 -7.5 -22.357 1.884 -7.5 -27.5 5
5 24 0 -11.5 3.5 0 0 3.5 -0.838 -11.5 3.398 0.838 -11.5 3.398
2 24 5 -24 -2.5 5 -23.402 -2.427
2 24 -7.5 -14 -7.5 -7.5 -14 0
2 24 5 -22.259 -1.965 5 -21.84 -1.491
2 24 -2.88 -11.5 1.988 -2.321 -11.5 2.62
5 24 -5 -21.394 0.316 -3.75 -21.394 0.316 -5 -21.394 -0.316 -5 -21.546 0.931
5 24 5 -25.187 2.2 7.5 -25.187 2.2 5 -25.339 2.127 5 -24.81 2.365
2 24 -0.771 -5 6.597 0.771 -5 6.597
2 24 -3.474 -11.5 -0.422 -3.474 -11.5 0.422
5 24 7.5 -21.668 0.901 7.5 -14 0 7.5 -21.52 0.315 7.5 -21.953 1.435
2 24 7.5 -26.882 2.326 7.5 -26.574 2.144
2 24 4.676 -5 -5.864 5.864 -5 -4.676
2 24 -6.363 0 1.905 -5.752 0 3.321
2 24 3.75 -23.372 2.549 3.75 -24 2.625
2 24 5 -21.394 -0.316 5 -21.394 0.316
2 24 -2.321 -11.5 -2.62 -1.627 -11.5 -3.099
2 24 0 -5 -7.5 1.669 -5 -7.312
2 24 -5 -25.187 2.2 -5 -24.81 2.365
2 24 7.5 -25.52 2.065 7.5 -25.187 2.2
2 24 5 -26.945 -2.377 5 -27.181 -2.625
5 24 -2.321 -11.5 2.62 -2.321 0 2.62 -2.88 -11.5 1.988 -1.627 -11.5 3.099
5 24 5 -27.181 2.625 7.5 -27.141 2.575 5 -26.945 2.377 3.75 -27.355 2.914
5 24 -5 -23.372 -2.549 -3.75 -23.372 -2.549 -5 -24 -2.625 -5 -22.78 -2.324
5 24 5 -21.518 -0.301 5 -21.394 -0.316 5 -21.663 -0.887 5 -21.518 0.301
2 24 -4.676 -5 5.864 -3.254 -5 6.757
2 24 7.5 -27.458 3.213 7.5 -27.337 2.875
2 24 7.5 -14 -7.5 7.5 -27.5 -5
5 24 3.254 -14 -6.757 3.254 -5 -6.757 1.669 -14 -7.312 3.75 -14 -6.446
2 24 -6.541 -5 -1.153 -6.099 -5 -2.631
2 24 -7.5 -27.337 2.875 -7.5 -27.141 2.575
5 24 -6.541 -5 -1.153 -6.541 0 -1.153 -6.099 -5 -2.631 -6.631 -5 0.386
2 24 3.75 -21.84 -1.491 3.75 -21.546 -0.931
2 24 3.75 -14 7.5 3.75 -27.5 5
2 24 -3.273 0 1.241 -2.88 0 1.988
5 24 3.65 -5 5.549 4.676 -5 5.864 4.831 -5 4.558 2.272 -5 6.242
2 24 -7.5 -14 0 -7.312 -14 1.669
5 24 -5 -21.84 -1.491 -3.75 -21.84 -1.491 -5 -22.259 -1.965 -5 -21.546 -0.931
2 24 -5 -22.78 2.324 -5 -22.259 1.965
2 24 4.676 -5 5.864 5.864 -5 4.676
5 24 -7.5 -21.953 1.435 -5 -21.942 1.42 -7.5 -21.668 0.901 -7.5 -22.357 1.884
2 24 -4.831 -5 4.558 -3.65 -5 5.549
5 24 -5.328 0 -3.966 -2.88 0 -1.988 -4.269 0 -5.088 -6.099 0 -2.631
5 24 -5 -21.942 1.42 -5 -21.84 1.491 -5 -22.342 1.871 -5 -21.663 0.887
5 24 -7.5 -24.625 2.421 -5 -24.81 2.365 -5 -24.411 2.466 -7.5 -25.187 2.2
2 24 3.65 -5 5.549 4.831 -5 4.558
5 24 -5 -23.402 -2.427 -5 -23.372 -2.549 -5 -24 -2.5 -5 -22.838 -2.214
5 24 7.5 -24.411 -2.466 7.5 -27.5 -5 7.5 -24 -2.5 7.5 -24.81 -2.365
5 24 -7.312 -14 1.669 -7.312 -5 1.669 -7.5 -14 0 -6.757 -14 3.254
2 24 3.75 -27.463 -3.233 3.75 -27.5 -3.571
2 24 -5 -26.945 -2.377 -5 -27.181 -2.625
5 24 3.75 -23.372 -2.549 5 -23.372 -2.549 3.75 -24 -2.625 3.75 -22.78 -2.324
2 24 3.65 0 5.549 4.831 0 4.558
5 24 -3.75 -14 7.5 -3.75 -22.78 2.324 -3.75 -23.372 2.549 -3.75 -14 6.446
5 24 3.75 -21.84 1.491 5 -21.84 1.491 3.75 -21.546 0.931 3.75 -22.259 1.965
5 24 7.312 -14 -1.669 7.5 -14 -7.5 6.757 -14 -3.254 7.5 -14 0
2 24 5 -25.187 2.2 5 -24.81 2.365
5 24 -7.5 -21.938 -1.414 -7.5 -14 -7.5 -7.5 -22.338 -1.867 -7.5 -21.659 -0.877
2 24 -3.75 -22.259 1.965 -3.75 -21.84 1.491
2 24 -5 -23.402 2.427 -5 -22.838 2.214
2 24 -5 -25.497 2.072 -5 -25.339 2.127
5 24 -3.75 -14 6.446 -3.254 -5 6.757 -4.676 -5 5.864 -3.254 -14 6.757
5 24 -0.771 0 6.597 0 0 3.5 0.771 0 6.597 -2.272 0 6.242
2 24 -3.75 -27.463 -3.233 -3.75 -27.5 -3.571
5 24 5 -21.663 0.887 5 -21.546 0.931 5 -21.518 0.301 5 -21.942 1.42
5 24 2.272 -5 6.242 2.272 0 6.242 0.771 -5 6.597 3.65 -5 5.549
5 24 -7.5 -27.337 -2.875 -3.75 -27.355 -2.914 -7.5 -27.141 -2.575 -7.5 -27.458 -3.213
2 24 -7.5 -26.232 -2.036 -7.5 -26.574 -2.144
2 24 1.627 -11.5 3.099 2.321 -11.5 2.62
2 24 2.272 -5 6.242 3.65 -5 5.549
2 24 5 -26.945 2.377 5 -26.661 2.186
2 24 3.75 -23.372 -2.549 3.75 -22.78 -2.324
5 24 7.5 -14 0 7.5 -5 0 7.312 -14 -1.669 7.312 -14 1.669
2 24 -5 -26.003 -2.01 -5 -26.341 -2.061
2 24 5 -25.497 -2.072 5 -25.339 -2.127
2 24 -7.5 -5 0 -7.312 -5 1.669
2 24 1.532 -5 -6.463 2.981 -5 -5.936
2 24 2.321 -11.5 2.62 2.88 -11.5 1.988
5 24 -7.5 -21.517 -0.29 -5 -21.518 -0.301 -7.5 -21.659 -0.877 -7.5 -21.52 0.315
5 24 5 -25.661 2.033 7.5 -25.874 2.01 5 -26.003 2.01 5 -25.497 2.072
5 24 5 -23.402 2.427 7.5 -23.424 2.433 5 -24 2.5 5 -22.838 2.214
2 24 -5.864 -5 -4.676 -4.676 -5 -5.864
2 24 5 -25.187 -2.2 5 -24.81 -2.365
5 24 -7.5 -21.938 -1.414 -5 -21.942 -1.42 -7.5 -22.338 -1.867 -7.5 -21.659 -0.877
2 24 3.474 0 -0.422 3.474 0 0.422
5 24 -7.5 -21.668 0.901 -5 -21.663 0.887 -7.5 -21.52 0.315 -7.5 -21.953 1.435
5 24 -4.676 -14 5.864 -4.676 -5 5.864 -5.864 -14 4.676 -3.75 -14 6.446
5 24 -7.5 -22.857 2.223 -5 -22.838 2.214 -7.5 -22.357 1.884 -7.5 -23.424 2.433
2 24 -2.272 0 6.242 -0.771 0 6.597
5 24 7.5 -24.025 2.5 7.5 -27.5 5 7.5 -23.424 2.433 7.5 -24.625 2.421
5 24 7.5 -26.574 -2.144 7.5 -27.5 -5 7.5 -26.232 -2.036 7.5 -26.882 -2.326
5 24 -5 -25.497 -2.072 -5 -25.157 -2.356 -5 -25.661 -2.033 -5 -25.339 -2.127
2 24 -3.65 -5 5.549 -2.272 -5 6.242
5 24 3.75 -14 -6.446 3.75 -21.546 -0.931 3.75 -21.84 -1.491 3.75 -14 6.446
5 24 5 -26.003 2.01 7.5 -25.874 2.01 5 -25.661 2.033 5 -26.341 2.061
5 24 -7.5 -22.835 -2.212 -7.5 -27.5 -5 -7.5 -14 -7.5 -7.5 -23.4 -2.427
2 24 3.75 -27.463 -3.233 3.75 -27.355 -2.914
2 24 -5 -27.181 2.625 -5 -24 2.625
5 24 -5 -22.78 2.324 -3.75 -22.78 2.324 -5 -22.259 1.965 -5 -23.372 2.549
2 24 -3.254 -14 6.757 -1.669 -14 7.312
5 24 -5 -23.402 2.427 -5 -23.372 2.549 -5 -24 2.5 -5 -22.838 2.214
5 24 3.75 -14 -7.5 3.75 -22.78 -2.324 3.75 -23.372 -2.549 3.75 -14 -6.446
2 24 7.5 -24.81 -2.365 7.5 -24.411 -2.466
2 24 -6.757 -14 -3.254 -5.864 -14 -4.676
2 24 -4.676 -14 5.864 -3.75 -14 6.446
5 24 3.75 -23.372 2.549 3.75 -14 7.5 3.75 -22.78 2.324 3.75 -24 2.625
2 24 6.757 -5 3.254 7.312 -5 1.669
2 24 -5 -23.402 -2.427 -5 -24 -2.5
2 24 -7.5 -14 -7.5 -3.75 -14 -7.5
5 24 5 -26.661 2.186 7.5 -26.574 2.144 5 -26.341 2.061 5 -26.945 2.377
5 24 4.676 -14 5.864 7.5 -14 7.5 5.864 -14 4.676 3.75 -14 6.446
5 24 5 -21.942 1.42 7.5 -21.953 1.435 5 -21.663 0.887 5 -22.342 1.871
2 24 -3.254 -5 -6.757 -1.669 -5 -7.312
5 24 5 -22.838 -2.214 7.5 -22.835 -2.212 5 -22.342 -1.871 5 -23.402 -2.427
5 24 3.75 -27.355 2.914 7.5 -27.337 2.875 5 -27.181 2.625 3.75 -27.463 3.233
5 24 4.831 -5 4.558 5.864 -5 4.676 5.752 -5 3.321 3.65 -5 5.549
5 24 -7.5 -27.5 -5 -7.5 -24 -2.5 -7.5 -23.4 -2.427 -7.5 -24.411 -2.466
5 24 3.474 -11.5 0.422 3.474 0 0.422 3.273 -11.5 1.241 3.474 -11.5 -0.422
5 24 0.838 0 3.398 2.272 0 6.242 1.627 0 3.099 0 0 3.5
5 24 5.328 -5 -3.966 5.328 0 -3.966 6.099 -5 -2.631 4.269 -5 -5.088
5 24 3.75 -27.5 3.569 7.5 -27.5 3.569 3.75 -27.5 5 3.75 -27.463 3.233
2 24 6.363 0 1.905 6.631 0 0.386
5 24 7.5 -25.52 2.065 7.5 -27.5 5 7.5 -25.874 2.01 7.5 -25.187 2.2
5 24 5 -25.497 2.072 5 -25.157 2.356 5 -25.661 2.033 5 -25.339 2.127
2 24 -3.75 -27.355 -2.914 -3.75 -27.181 -2.625
5 24 5 -24 2.5 5 -24 2.625 5 -24.411 2.466 5 -23.402 2.427
2 24 5 -21.518 0.301 5 -21.663 0.887
5 24 -5 -21.942 -1.42 -5 -21.84 -1.491 -5 -22.342 -1.871 -5 -21.663 -0.887
5 24 7.5 -24 -2.5 7.5 -27.5 -5 7.5 -23.4 -2.427 7.5 -24.411 -2.466
2 24 4.269 0 -5.088 5.328 0 -3.966
5 24 3.75 -21.394 -0.316 5 -21.394 -0.316 3.75 -21.546 -0.931 3.75 -21.394 0.316
2 24 -6.099 0 -2.631 -5.328 0 -3.966
5 24 5 -26.661 -2.186 7.5 -26.574 -2.144 5 -26.341 -2.061 5 -26.945 -2.377
2 24 6.099 -5 -2.631 6.541 -5 -1.153
2 24 -5 -26.945 2.377 -5 -27.181 2.625
2 24 -5 -25.339 -2.127 -5 -25.187 -2.2
2 24 5 -26.661 2.186 5 -26.341 2.061
2 24 -5 -21.84 1.491 -5 -21.546 0.931
5 24 -7.5 -25.187 2.2 -7.5 -27.5 5 -7.5 -24.625 2.421 -7.5 -25.52 2.065
2 24 3.75 -27.5 5 3.75 -27.5 3.569
5 24 -7.5 -24.625 2.421 -5 -24.411 2.466 -5 -24.81 2.365 -7.5 -24.025 2.5
2 24 -6.631 -5 0.386 -6.363 -5 1.905
5 24 7.5 -21.517 -0.29 7.5 -14 0 7.5 -21.52 0.315 7.5 -21.659 -0.877
2 24 -6.631 -5 0.386 -6.541 -5 -1.153
5 24 -7.5 -27.5 -5 -7.5 -25.874 -2.01 -7.5 -25.187 -2.2 -7.5 -26.574 -2.144
2 24 -5.328 -5 -3.966 -4.269 -5 -5.088
2 24 7.5 -23.4 -2.427 7.5 -22.835 -2.212
5 24 -7.5 -25.874 -2.01 -5 -26.003 -2.01 -5 -25.661 -2.033 -7.5 -26.232 -2.036
5 24 -4.676 -14 -5.864 -4.676 -5 -5.864 -5.864 -14 -4.676 -3.75 -14 -6.446
2 24 3.75 -22.259 -1.965 3.75 -21.84 -1.491
5 24 -7.5 -21.668 0.901 -7.5 -14 0 -7.5 -21.52 0.315 -7.5 -21.953 1.435
2 24 -7.312 -5 -1.669 -6.757 -5 -3.254
5 24 -7.5 -14 0 -7.5 -5 0 -7.312 -14 -1.669 -7.312 -14 1.669
2 24 -7.5 -24.025 2.5 -7.5 -23.424 2.433
2 24 0 0 -6.642 1.532 0 -6.463
5 24 5.864 -14 4.676 5.864 -5 4.676 6.757 -14 3.254 4.676 -14 5.864
2 24 -1.627 0 3.099 -0.838 0 3.398
2 24 -3.75 -22.78 2.324 -3.75 -22.259 1.965
2 24 3.254 -5 -6.757 4.676 -5 -5.864
5 24 -7.5 -26.232 2.036 -5 -26.341 2.061 -7.5 -25.874 2.01 -7.5 -26.574 2.144
2 24 3.273 -11.5 -1.241 3.474 -11.5 -0.422
2 24 -2.88 0 1.988 -2.321 0 2.62
2 24 5 -21.942 -1.42 5 -21.663 -0.887
5 24 -3.75 -14 -7.5 -3.75 -22.78 -2.324 -3.75 -23.372 -2.549 -3.75 -14 -6.446
5 24 6.099 -5 -2.631 6.099 0 -2.631 6.541 -5 -1.153 5.328 -5 -3.966
5 24 5.752 -5 3.321 6.757 -5 3.254 4.831 -5 4.558 6.363 -5 1.905
5 24 1.669 -14 -7.312 1.669 -5 -7.312 3.254 -14 -6.757 0 -14 -7.5
5 24 -5 -24.594 -2.557 -5 -27.181 -2.625 -5 -24 -2.625 -5 -25.157 -2.356
5 24 5 -21.942 -1.42 7.5 -21.938 -1.414 5 -22.342 -1.871 5 -21.663 -0.887
2 24 -6.631 0 0.386 -6.363 0 1.905
5 24 3.474 0 -0.422 6.541 0 -1.153 3.273 0 -1.241 3.474 0 0.422
2 24 -7.5 -26.232 2.036 -7.5 -26.574 2.144
5 24 6.757 -14 3.254 6.757 -5 3.254 7.312 -14 1.669 5.864 -14 4.676
2 24 -4.269 0 -5.088 -2.981 0 -5.936
2 24 -6.541 0 -1.153 -6.099 0 -2.631
5 24 3.273 0 1.241 6.363 0 1.905 3.474 0 0.422 2.88 0 1.988
2 24 -4.676 -14 -5.864 -3.75 -14 -6.446
2 24 5.864 -5 -4.676 6.757 -5 -3.254
5 24 2.88 0 -1.988 5.328 0 -3.966 2.321 0 -2.62 3.273 0 -1.241
2 24 -3.75 -14 6.446 -3.75 -14 7.5
2 24 -5 -26.661 2.186 -5 -26.341 2.061
5 24 7.5 -21.953 1.435 7.5 -14 7.5 7.5 -22.357 1.884 7.5 -21.668 0.901
2 24 0 -5 -6.642 1.532 -5 -6.463
5 24 -7.5 -24.411 -2.466 -5 -24.411 -2.466 -7.5 -24.81 -2.365 -7.5 -24 -2.5
2 24 -3.474 0 -0.422 -3.474 0 0.422
5 24 -2.88 -11.5 1.988 -2.88 0 1.988 -2.321 -11.5 2.62 -3.273 -11.5 1.241
5 24 3.75 -14 7.5 3.75 -22.78 2.324 3.75 -23.372 2.549 3.75 -14 6.446
2 24 -3.75 -24 -2.625 -3.75 -23.372 -2.549
5 24 3.75 -14 6.446 7.5 -14 7.5 4.676 -14 5.864 3.75 -14 7.5
5 24 -3.75 -14 6.446 -3.75 -22.259 1.965 -3.75 -21.84 1.491 -3.75 -14 7.5
2 24 -3.75 -14 6.446 -3.254 -14 6.757
2 24 -7.312 -5 1.669 -6.757 -5 3.254
2 24 5 -26.661 -2.186 5 -26.341 -2.061
2 24 5.864 -14 -4.676 6.757 -14 -3.254
2 24 6.541 0 -1.153 6.631 0 0.386
5 24 7.5 -21.938 -1.414 7.5 -14 -7.5 7.5 -22.338 -1.867 7.5 -21.659 -0.877
5 24 3.75 -27.5 -3.571 7.5 -27.5 -3.571 3.75 -27.463 -3.233 3.75 -27.5 -5
2 24 -5 -23.402 -2.427 -5 -22.838 -2.214
2 24 3.75 -27.355 -2.914 3.75 -27.181 -2.625
5 24 -3.75 -14 6.446 -3.75 -21.546 0.931 -3.75 -21.84 1.491 -3.75 -21.394 0.316
2 24 -7.5 -26.882 -2.326 -7.5 -26.574 -2.144
2 24 2.981 -5 -5.936 4.269 -5 -5.088
2 24 -5.328 0 -3.966 -4.269 0 -5.088
2 24 -1.627 -11.5 -3.099 -0.838 -11.5 -3.398
2 24 2.321 0 2.62 2.88 0 1.988
2 24 0 -14 7.5 1.669 -14 7.312
2 24 -5 -21.394 -0.316 -5 -21.394 0.316
2 24 -3.75 -27.355 2.914 -3.75 -27.181 2.625
2 24 5 -24.411 -2.466 5 -24 -2.5
5 24 -5 -24.594 -2.557 -5 -24 -2.625 -5 -27.181 -2.625 -5 -24.411 -2.466
2 24 2.88 0 -1.988 3.273 0 -1.241
5 24 7.5 -21.52 0.315 7.5 -14 0 7.5 -21.668 0.901 7.5 -21.517 -0.29
5 24 -6.099 -5 -2.631 -6.099 0 -2.631 -5.328 -5 -3.966 -6.541 -5 -1.153
5 24 7.5 -22.857 2.223 7.5 -27.5 5 7.5 -14 7.5 7.5 -23.424 2.433
2 24 7.5 -27.141 -2.575 7.5 -26.882 -2.326
5 24 3.75 -27.5 -5 3.75 -24 -2.625 3.75 -27.5 -3.571 3.75 -14 -7.5
5 24 -7.5 -27.5 -5 -7.5 -26.574 -2.144 -7.5 -25.874 -2.01 -7.5 -27.141 -2.575
5 24 6.541 -5 -1.153 7.312 -5 -1.669 6.099 -5 -2.631 6.631 -5 0.386
5 24 -5 -26.341 2.061 -5 -25.157 2.356 -5 -26.661 2.186 -5 -26.003 2.01
2 24 -2.88 -11.5 -1.988 -2.321 -11.5 -2.62
5 24 5.864 -14 -4.676 7.5 -14 -7.5 4.676 -14 -5.864 6.757 -14 -3.254
5 24 -5 -21.84 1.491 -3.75 -21.84 1.491 -5 -21.546 0.931 -5 -22.259 1.965
5 24 5 -24.81 2.365 5 -24.594 2.557 5 -24.411 2.466 5 -25.187 2.2
2 24 -7.5 -25.52 2.065 -7.5 -25.187 2.2
5 24 5 -24.81 2.365 7.5 -24.625 2.421 5 -24.411 2.466 5 -25.187 2.2
2 24 7.5 -25.187 -2.2 7.5 -24.81 -2.365
2 24 -3.75 -14 -6.446 -3.75 -14 6.446
2 24 -3.75 -27.181 2.625 -3.75 -24 2.625
5 24 -5 -24 2.5 -5 -24 2.625 -5 -24.411 2.466 -5 -23.402 2.427
2 24 7.5 -26.882 -2.326 7.5 -26.574 -2.144
5 24 -5 -24.594 2.557 -5 -27.181 2.625 -5 -24 2.625 -5 -25.157 2.356
5 24 0.838 -11.5 3.398 0.838 0 3.398 0 -11.5 3.5 1.627 -11.5 3.099
2 24 -3.75 -27.463 3.233 -3.75 -27.355 2.914
5 24 5 -24.594 2.557 5 -27.181 2.625 5 -24 2.625 5 -25.157 2.356
5 24 7.5 -27.458 -3.213 7.5 -27.5 -5 7.5 -27.337 -2.875 7.5 -27.5 -3.571
2 24 -5 -21.546 -0.931 -5 -21.394 -0.316
5 24 -7.5 -25.52 2.065 -7.5 -27.5 5 -7.5 -25.874 2.01 -7.5 -25.187 2.2
5 24 3.273 0 -1.241 6.099 0 -2.631 2.88 0 -1.988 3.474 0 -0.422
5 24 -7.5 -25.874 2.01 -5 -25.661 2.033 -5 -26.003 2.01 -7.5 -25.52 2.065
2 24 -3.273 -11.5 -1.241 -2.88 -11.5 -1.988
5 24 -5 -22.342 1.871 -5 -22.259 1.965 -5 -21.942 1.42 -5 -22.838 2.214
5 24 -7.5 -25.187 -2.2 -7.5 -27.5 -5 -7.5 -24.81 -2.365 -7.5 -25.52 -2.065
2 24 5 -23.372 -2.549 5 -22.78 -2.324
5 24 -3.75 -14 -6.446 -3.75 -22.259 -1.965 -3.75 -21.84 -1.491 -3.75 -14 -7.5
5 24 -5 -22.78 -2.324 -3.75 -22.78 -2.324 -5 -23.372 -2.549 -5 -22.259 -1.965
2 24 -3.474 -11.5 0.422 -3.273 -11.5 1.241
5 24 5 -21.663 -0.887 7.5 -21.659 -0.877 5 -21.942 -1.42 5 -21.518 -0.301
5 24 5.752 -5 3.321 5.752 0 3.321 4.831 -5 4.558 6.363 -5 1.905
2 24 -7.5 -5 0 -7.312 -5 -1.669
5 24 5 -24.411 2.466 7.5 -24.625 2.421 5 -24.81 2.365 5 -24 2.5
2 24 5 -25.497 2.072 5 -25.339 2.127
2 24 7.5 -22.357 1.884 7.5 -21.953 1.435
5 24 -7.5 -25.52 -2.065 -5 -25.497 -2.072 -7.5 -25.187 -2.2 -7.5 -25.874 -2.01
5 24 4.676 -14 -5.864 4.676 -5 -5.864 5.864 -14 -4.676 3.75 -14 -6.446
2 24 5 -22.259 1.965 5 -21.84 1.491
5 24 1.532 -5 -6.463 1.532 0 -6.463 2.981 -5 -5.936 0 -5 -6.642
2 24 -2.321 0 2.62 -1.627 0 3.099
2 24 3.75 -27.181 2.625 3.75 -24 2.625
2 24 -3.254 -14 -6.757 -1.669 -14 -7.312
5 24 4.269 -5 -5.088 4.676 -5 -5.864 5.328 -5 -3.966 2.981 -5 -5.936
2 24 5.752 0 3.321 6.363 0 1.905
5 24 -7.5 -21.52 0.315 -5 -21.518 0.301 -7.5 -21.517 -0.29 -7.5 -21.668 0.901
5 24 5 -26.341 2.061 7.5 -26.232 2.036 5 -26.003 2.01 5 -26.661 2.186
2 24 3.75 -23.372 2.549 3.75 -22.78 2.324
2 24 -0.838 0 -3.398 0 0 -3.5
2 24 7.5 -24.625 2.421 7.5 -24.025 2.5
5 24 3.254 -14 6.757 3.254 -5 6.757 1.669 -14 7.312 3.75 -14 6.446
2 24 7.5 -25.874 2.01 7.5 -25.52 2.065
5 24 -5 -22.342 -1.871 -5 -22.259 -1.965 -5 -22.838 -2.214 -5 -21.942 -1.42
2 24 -3.75 -27.181 -2.625 -3.75 -24 -2.625
2 24 -3.75 -21.394 -0.316 -3.75 -21.394 0.316
2 24 0 0 3.5 0.838 0 3.398
2 24 -7.5 -27.5 -5 -7.5 -27.5 -3.571
2 24 -5 -27.181 -2.625 -3.75 -27.181 -2.625
2 24 7.5 -21.953 1.435 7.5 -21.668 0.901
2 24 -7.5 -27.5 3.569 -7.5 -27.458 3.213
5 24 7.5 -25.874 -2.01 7.5 -27.5 -5 7.5 -25.52 -2.065 7.5 -26.232 -2.036
2 24 -5 -21.546 0.931 -5 -21.394 0.316
5 24 -6.631 0 0.386 -3.474 0 0.422 -6.541 0 -1.153 -6.363 0 1.905
2 24 3.75 -21.84 1.491 3.75 -21.546 0.931
2 24 -5 -25.497 -2.072 -5 -25.661 -2.033
5 24 1.627 0 3.099 3.65 0 5.549 2.321 0 2.62 0.838 0 3.398
2 24 -3.254 -5 6.757 -1.669 -5 7.312
2 24 -7.5 -24.411 -2.466 -7.5 -24 -2.5
2 24 -3.75 -14 -7.5 -3.75 -27.5 -5
2 24 -7.5 -27.5 -5 -3.75 -27.5 -5
5 24 0 -14 7.5 0 -5 7.5 1.669 -14 7.312 -1.669 -14 7.312
2 24 1.627 0 3.099 2.321 0 2.62
2 24 6.757 -14 -3.254 7.312 -14 -1.669
5 24 -7.5 -27.5 5 -7.5 -23.424 2.433 -7.5 -22.857 2.223 -7.5 -24.025 2.5
5 24 5 -25.497 2.072 7.5 -25.52 2.065 5 -25.339 2.127 5 -25.661 2.033
5 24 3.75 -14 6.446 3.75 -21.84 1.491 3.75 -22.259 1.965 3.75 -21.546 0.931
2 24 -1.627 -11.5 3.099 -0.838 -11.5 3.398
5 24 -5 -24 -2.625 -3.75 -24 -2.625 -5 -23.372 -2.549 -5 -27.181 -2.625
2 24 -7.5 -27.458 3.213 -7.5 -27.337 2.875
5 24 5 -26.341 -2.061 5 -25.157 -2.356 5 -26.661 -2.186 5 -26.003 -2.01
2 24 3.75 -14 -6.446 3.75 -14 6.446
2 24 -2.88 0 -1.988 -2.321 0 -2.62
2 24 -0.838 0 3.398 0 0 3.5
5 24 -7.5 -22.357 1.884 -5 -22.342 1.871 -7.5 -21.953 1.435 -7.5 -22.857 2.223
2 24 5.328 -5 -3.966 6.099 -5 -2.631
2 24 -3.474 0 0.422 -3.273 0 1.241
5 24 5 -25.661 2.033 5 -25.157 2.356 5 -25.497 2.072 5 -26.003 2.01
5 24 5 -25.187 -2.2 5 -25.157 -2.356 5 -24.81 -2.365 5 -25.339 -2.127
5 24 -7.5 -25.187 -2.2 -5 -25.339 -2.127 -5 -25.187 -2.2 -7.5 -25.52 -2.065
2 24 -5 -21.942 -1.42 -5 -21.663 -0.887
2 24 7.5 -24.025 2.5 7.5 -23.424 2.433
5 24 3.75 -21.84 -1.491 5 -21.84 -1.491 3.75 -22.259 -1.965 3.75 -21.546 -0.931
5 24 -5 -21.663 0.887 -5 -21.546 0.931 -5 -21.518 0.301 -5 -21.942 1.42
2 24 -0.838 -11.5 3.398 0 -11.5 3.5
5 24 5 -24.594 2.557 5 -24 2.625 5 -27.181 2.625 5 -24.411 2.466
2 24 -3.75 -21.546 0.931 -3.75 -21.394 0.316
2 24 -7.5 -27.141 2.575 -7.5 -26.882 2.326
5 24 7.5 -22.835 -2.212 7.5 -14 -7.5 7.5 -22.338 -1.867 7.5 -27.5 -5
5 24 5 -26.945 2.377 5 -25.157 2.356 5 -27.181 2.625 5 -26.661 2.186
5 24 -5.864 -14 -4.676 -5.864 -5 -4.676 -4.676 -14 -5.864 -6.757 -14 -3.254
5 24 3.254 -5 6.757 3.75 -14 6.446 4.676 -5 5.864 3.254 -14 6.757
2 24 7.312 -14 -1.669 7.5 -14 0
5 24 7.5 -27.141 2.575 7.5 -27.5 5 7.5 -26.882 2.326 7.5 -27.337 2.875
2 24 4.676 -14 5.864 5.864 -14 4.676
5 24 -1.669 -14 -7.312 -1.669 -5 -7.312 -3.254 -14 -6.757 0 -14 -7.5
2 24 -3.273 0 -1.241 -2.88 0 -1.988
2 24 -7.5 -25.52 -2.065 -7.5 -25.187 -2.2
5 24 -3.75 -27.5 5 -3.75 -24 2.625 -3.75 -27.5 3.569 -3.75 -14 7.5
5 24 -5 -21.394 -0.316 -3.75 -21.394 -0.316 -5 -21.546 -0.931 -5 -21.394 0.316
2 24 5 -21.546 0.931 5 -21.394 0.316
2 24 1.627 -11.5 -3.099 2.321 -11.5 -2.62
5 24 5 -27.181 -2.625 7.5 -27.141 -2.575 5 -26.945 -2.377 3.75 -27.355 -2.914
5 24 3.75 -14 -6.446 7.5 -14 -7.5 3.75 -14 -7.5 4.676 -14 -5.864
5 24 -7.5 -27.5 5 -7.5 -24.625 2.421 -7.5 -25.187 2.2 -7.5 -24.025 2.5
5 24 -5 -22.78 -2.324 -5 -22.838 -2.214 -5 -23.372 -2.549 -5 -22.259 -1.965
2 24 5 -21.518 0.301 5 -21.518 -0.301
2 24 7.5 -14 -7.5 7.5 -14 0
5 24 5 -25.497 -2.072 5 -25.157 -2.356 5 -25.661 -2.033 5 -25.339 -2.127
5 24 7.5 -22.835 -2.212 7.5 -27.5 -5 7.5 -14 -7.5 7.5 -23.4 -2.427
2 24 -7.5 -14 0 -7.312 -14 -1.669
5 24 -5 -24.594 2.557 -5 -24.411 2.466 -5 -24.81 2.365 -5 -24 2.625
2 24 3.75 -21.546 -0.931 3.75 -21.394 -0.316
5 24 -5 -21.546 0.931 -3.75 -21.546 0.931 -5 -21.394 0.316 -5 -21.84 1.491
2 24 7.5 -27.458 3.213 7.5 -27.5 3.569
5 24 5 -24.411 -2.466 7.5 -24.411 -2.466 5 -24.81 -2.365 5 -24 -2.5
5 24 -7.5 -25.52 2.065 -5 -25.497 2.072 -7.5 -25.187 2.2 -7.5 -25.874 2.01
2 24 -7.5 -27.141 -2.575 -7.5 -26.882 -2.326
2 24 0 -11.5 -3.5 0.838 -11.5 -3.398
2 24 3.75 -14 7.5 7.5 -14 7.5
5 24 -5.328 0 -3.966 -5.328 -5 -3.966 -4.269 0 -5.088 -6.099 0 -2.631
5 24 4.269 -5 -5.088 4.269 0 -5.088 5.328 -5 -3.966 2.981 -5 -5.936
5 24 5 -26.341 2.061 5 -25.157 2.356 5 -26.661 2.186 5 -26.003 2.01
5 24 -4.831 -5 4.558 -4.831 0 4.558 -5.752 -5 3.321 -3.65 -5 5.549
2 24 7.5 -26.232 2.036 7.5 -25.874 2.01
2 24 -4.831 0 4.558 -3.65 0 5.549
5 24 -7.5 -27.5 -3.571 -3.75 -27.5 -3.571 -7.5 -27.458 -3.213 -7.5 -27.5 -5
2 24 -5 -22.78 -2.324 -5 -22.259 -1.965
5 24 -5 -21.518 0.301 -5 -21.394 0.316 -5 -21.518 -0.301 -5 -21.663 0.887
5 24 3.75 -27.5 -3.571 3.75 -27.181 -2.625 3.75 -27.463 -3.233 3.75 -27.5 -5
2 24 5 -22.78 2.324 5 -22.259 1.965
5 24 -5 -21.518 -0.301 -5 -21.394 -0.316 -5 -21.663 -0.887 -5 -21.518 0.301
2 24 1.669 -5 -7.312 3.254 -5 -6.757
2 24 2.88 0 1.988 3.273 0 1.241
2 24 3.75 -27.355 2.914 3.75 -27.181 2.625
5 24 4.676 -14 5.864 4.676 -5 5.864 5.864 -14 4.676 3.75 -14 6.446
2 24 -5.864 -5 4.676 -4.676 -5 5.864
5 24 2.981 -5 -5.936 2.981 0 -5.936 4.269 -5 -5.088 1.532 -5 -6.463
2 24 5.328 0 -3.966 6.099 0 -2.631
2 24 -1.532 -5 -6.463 0 -5 -6.642
2 24 -6.363 -5 1.905 -5.752 -5 3.321
2 24 -3.75 -22.259 -1.965 -3.75 -21.84 -1.491
2 24 -7.5 -14 -7.5 -7.5 -27.5 -5
2 24 -0.771 0 6.597 0.771 0 6.597
5 24 5 -25.187 2.2 5 -25.157 2.356 5 -25.339 2.127 5 -24.81 2.365
5 24 3.75 -24 2.625 5 -24 2.625 3.75 -27.181 2.625 3.75 -23.372 2.549
5 24 -2.321 -11.5 -2.62 -2.321 0 -2.62 -1.627 -11.5 -3.099 -2.88 -11.5 -1.988
5 24 7.312 -14 1.669 7.312 -5 1.669 7.5 -14 0 6.757 -14 3.254
5 24 -7.5 -21.517 -0.29 -7.5 -14 0 -7.5 -21.52 0.315 -7.5 -21.659 -0.877
2 24 -3.75 -27.463 -3.233 -3.75 -27.355 -2.914
2 24 -3.75 -27.5 -5 -3.75 -27.5 -3.571
5 24 7.312 -14 -1.669 7.312 -5 -1.669 6.757 -14 -3.254 7.5 -14 0
2 24 3.273 0 -1.241 3.474 0 -0.422
2 24 -3.75 -27.463 3.233 -3.75 -27.5 3.569
5 24 6.631 -5 0.386 7.5 -5 0 6.541 -5 -1.153 6.363 -5 1.905
2 24 7.312 -5 -1.669 7.5 -5 0
5 24 -6.757 -14 -3.254 -6.757 -5 -3.254 -5.864 -14 -4.676 -7.312 -14 -1.669
5 24 -5 -27.181 -2.625 -3.75 -27.355 -2.914 -3.75 -27.181 -2.625 -7.5 -27.141 -2.575
2 24 3.75 -14 -7.5 3.75 -14 -6.446
2 24 2.272 0 6.242 3.65 0 5.549
2 24 3.75 -27.5 -5 3.75 -27.5 -3.571
2 24 -7.5 -27.5 5 -3.75 -27.5 5
2 24 5 -26.003 2.01 5 -25.661 2.033
5 24 7.5 -25.187 -2.2 7.5 -27.5 -5 7.5 -24.81 -2.365 7.5 -25.52 -2.065
5 24 -5 -25.661 2.033 -5 -25.157 2.356 -5 -25.497 2.072 -5 -26.003 2.01
5 24 -5 -25.497 2.072 -5 -25.157 2.356 -5 -25.661 2.033 -5 -25.339 2.127
2 24 -3.273 -11.5 1.241 -2.88 -11.5 1.988
2 24 7.5 -24.411 -2.466 7.5 -24 -2.5
2 24 -1.669 -14 7.312 0 -14 7.5
2 24 -5 -22.259 -1.965 -5 -21.84 -1.491
2 24 3.75 -14 -7.5 7.5 -14 -7.5
2 24 3.75 -27.5 5 7.5 -27.5 5
2 24 0.771 0 6.597 2.272 0 6.242
5 24 -3.75 -27.463 -3.233 -3.75 -27.181 -2.625 -3.75 -27.355 -2.914 -3.75 -27.5 -3.571
5 24 7.5 -21.659 -0.877 7.5 -14 0 7.5 -21.517 -0.29 7.5 -21.938 -1.414
5 24 -3.254 -5 -6.757 -2.981 -5 -5.936 -1.669 -5 -7.312 -4.676 -5 -5.864
5 24 -4.676 -5 -5.864 -3.75 -14 -6.446 -3.254 -5 -6.757 -4.676 -14 -5.864
5 24 -3.65 -5 5.549 -3.65 0 5.549 -4.831 -5 4.558 -2.272 -5 6.242
2 24 0.838 -11.5 -3.398 1.627 -11.5 -3.099
2 24 0.838 0 3.398 1.627 0 3.099
2 24 -3.75 -21.546 -0.931 -3.75 -21.394 -0.316
5 24 5.328 -5 -3.966 5.864 -5 -4.676 4.269 -5 -5.088 6.099 -5 -2.631
5 24 0 -11.5 -3.5 0 0 -3.5 -0.838 -11.5 -3.398 0.838 -11.5 -3.398
2 24 5 -24 2.5 5 -23.402 2.427
5 24 6.757 -5 -3.254 6.757 -14 -3.254 5.864 -5 -4.676 7.312 -5 -1.669
5 24 -7.5 -24 -2.5 -5 -24 -2.5 -7.5 -23.4 -2.427 -7.5 -24.411 -2.466
5 24 -7.5 -25.187 -2.2 -5 -25.187 -2.2 -5 -25.339 -2.127 -7.5 -24.81 -2.365
5 24 -7.5 -26.882 -2.326 -5 -26.945 -2.377 -7.5 -26.574 -2.144 -7.5 -27.141 -2.575
5 24 7.5 -23.424 2.433 7.5 -27.5 5 7.5 -24.025 2.5 7.5 -22.857 2.223
5 24 2.272 -5 6.242 3.254 -5 6.757 0.771 -5 6.597 3.65 -5 5.549
2 24 -6.757 -5 -3.254 -5.864 -5 -4.676
2 24 7.5 -26.574 2.144 7.5 -26.232 2.036
2 24 -5 -26.945 -2.377 -5 -26.661 -2.186
2 24 -5.864 -14 -4.676 -4.676 -14 -5.864
5 24 -1.532 -5 -6.463 -1.532 0 -6.463 0 -5 -6.642 -2.981 -5 -5.936
2 24 -3.75 -22.78 -2.324 -3.75 -22.259 -1.965
2 24 -5 -25.497 2.072 -5 -25.661 2.033
5 24 -3.75 -27.5 -5 -3.75 -24 -2.625 -3.75 -27.5 -3.571 -3.75 -14 -7.5
2 24 -5 -24.411 -2.466 -5 -24 -2.5
2 24 -5 -23.402 2.427 -5 -24 2.5
5 24 -4.831 0 4.558 -2.321 0 2.62 -5.752 0 3.321 -3.65 0 5.549
2 24 -3.75 -21.84 1.491 -3.75 -21.546 0.931
5 24 3.75 -22.78 -2.324 5 -22.78 -2.324 3.75 -23.372 -2.549 3.75 -22.259 -1.965
2 24 3.75 -27.181 2.625 5 -27.181 2.625
5 24 -7.5 -26.882 2.326 -5 -26.945 2.377 -7.5 -26.574 2.144 -7.5 -27.141 2.575
5 24 -3.75 -14 -6.446 -3.75 -21.546 -0.931 -3.75 -21.84 -1.491 -3.75 -14 6.446
5 24 -6.757 -14 3.254 -6.757 -5 3.254 -7.312 -14 1.669 -5.864 -14 4.676
5 24 3.273 -11.5 1.241 3.273 0 1.241 2.88 -11.5 1.988 3.474 -11.5 0.422
2 24 7.5 -26.232 -2.036 7.5 -25.874 -2.01
5 24 -7.5 -25.187 2.2 -5 -25.187 2.2 -5 -25.339 2.127 -7.5 -24.625 2.421
2 24 7.5 -27.5 3.569 7.5 -27.5 5
5 24 1.669 -14 7.312 1.669 -5 7.312 3.254 -14 6.757 0 -14 7.5
5 24 -5 -21.663 -0.887 -5 -21.546 -0.931 -5 -21.942 -1.42 -5 -21.518 -0.301
5 24 7.312 -14 1.669 7.5 -14 7.5 7.5 -14 0 6.757 -14 3.254
2 24 3.75 -27.181 -2.625 5 -27.181 -2.625
5 24 6.099 -5 -2.631 6.757 -5 -3.254 6.541 -5 -1.153 5.328 -5 -3.966
5 24 6.757 -14 -3.254 7.5 -14 -7.5 5.864 -14 -4.676 7.312 -14 -1.669
5 24 5 -25.339 -2.127 7.5 -25.187 -2.2 5 -25.187 -2.2 5 -25.497 -2.072
2 24 -5 -22.342 1.871 -5 -21.942 1.42
5 24 -0.838 -11.5 -3.398 -0.838 0 -3.398 0 -11.5 -3.5 -1.627 -11.5 -3.099
5 24 5 -25.497 -2.072 7.5 -25.52 -2.065 5 -25.339 -2.127 5 -25.661 -2.033
2 24 5 -26.945 2.377 5 -27.181 2.625
2 24 -5 -24.81 -2.365 -5 -24.411 -2.466
2 24 -7.5 -25.187 -2.2 -7.5 -24.81 -2.365
5 24 -7.5 -24.81 -2.365 -5 -24.81 -2.365 -7.5 -24.411 -2.466 -7.5 -25.187 -2.2
2 24 -2.321 -11.5 2.62 -1.627 -11.5 3.099
5 24 2.321 0 -2.62 4.269 0 -5.088 1.627 0 -3.099 2.88 0 -1.988
2 24 7.5 -14 7.5 7.5 -27.5 5
2 24 -3.474 0 -0.422 -3.273 0 -1.241
5 24 -3.75 -27.5 -3.571 -3.75 -27.181 -2.625 -3.75 -27.463 -3.233 -3.75 -27.5 -5
5 24 -7.5 -21.659 -0.877 -5 -21.663 -0.887 -7.5 -21.938 -1.414 -7.5 -21.517 -0.29
5 24 -7.5 -22.835 -2.212 -5 -22.838 -2.214 -7.5 -23.4 -2.427 -7.5 -22.338 -1.867
2 24 7.5 -27.5 -5 7.5 -27.5 -3.571
5 24 -3.474 -11.5 0.422 -3.474 0 0.422 -3.474 -11.5 -0.422 -3.273 -11.5 1.241
5 24 -3.75 -14 6.446 -3.75 -21.394 -0.316 -3.75 -21.394 0.316 -3.75 -14 -6.446
2 24 -7.5 -25.187 2.2 -7.5 -24.625 2.421
2 24 5 -23.402 2.427 5 -22.838 2.214
2 24 5 -24 -2.625 5 -23.372 -2.549
5 24 6.541 -5 -1.153 6.541 0 -1.153 6.631 -5 0.386 6.099 -5 -2.631
2 24 -5 -22.342 -1.871 -5 -22.838 -2.214
5 24 5 -24.594 -2.557 5 -25.157 -2.356 5 -24.81 -2.365 5 -27.181 -2.625
2 24 -6.757 -5 3.254 -5.864 -5 4.676
2 24 2.321 0 -2.62 2.88 0 -1.988
2 24 -7.5 -21.659 -0.877 -7.5 -21.517 -0.29
5 24 -7.5 -23.4 -2.427 -7.5 -27.5 -5 -7.5 -22.835 -2.212 -7.5 -24 -2.5
2 24 -3.75 -21.84 -1.491 -3.75 -21.546 -0.931
5 24 -5.752 -5 3.321 -5.752 0 3.321 -6.363 -5 1.905 -4.831 -5 4.558
2 24 7.312 -5 1.669 7.5 -5 0
2 24 -7.5 -27.458 -3.213 -7.5 -27.337 -2.875
5 24 3.75 -27.355 -2.914 7.5 -27.337 -2.875 5 -27.181 -2.625 3.75 -27.463 -3.233
5 24 -7.5 -27.458 -3.213 -3.75 -27.463 -3.233 -7.5 -27.337 -2.875 -7.5 -27.5 -3.571
2 24 -7.5 -23.4 -2.427 -7.5 -24 -2.5
5 24 -7.5 -24.025 2.5 -5 -24 2.5 -7.5 -23.424 2.433 -7.5 -24.625 2.421
2 24 4.831 -5 4.558 5.752 -5 3.321
5 24 5.864 -14 4.676 7.5 -14 7.5 6.757 -14 3.254 4.676 -14 5.864
5 24 5 -23.372 2.549 5 -23.402 2.427 5 -24 2.625 5 -22.78 2.324
5 24 5 -26.341 -2.061 7.5 -26.232 -2.036 5 -26.003 -2.01 5 -26.661 -2.186
5 24 3.75 -21.394 0.316 5 -21.394 0.316 3.75 -21.394 -0.316 3.75 -21.546 0.931
5 24 3.75 -14 -6.446 4.676 -5 -5.864 3.254 -5 -6.757 4.676 -14 -5.864
5 24 -4.676 -5 -5.864 -4.269 -5 -5.088 -3.254 -5 -6.757 -5.864 -5 -4.676
5 24 -5 -22.259 1.965 -3.75 -22.259 1.965 -5 -21.84 1.491 -5 -22.78 2.324
2 24 3.75 -22.78 2.324 3.75 -22.259 1.965
2 24 5 -23.402 -2.427 5 -22.838 -2.214
5 24 0.838 -11.5 -3.398 0.838 0 -3.398 1.627 -11.5 -3.099 0 -11.5 -3.5
5 24 -5 -27.181 2.625 -3.75 -27.355 2.914 -3.75 -27.181 2.625 -7.5 -27.141 2.575
2 24 -7.5 -22.857 2.223 -7.5 -23.424 2.433
2 24 -7.5 -21.52 0.315 -7.5 -21.668 0.901
5 24 -7.5 -25.874 -2.01 -5 -25.661 -2.033 -5 -26.003 -2.01 -7.5 -25.52 -2.065
5 24 3.75 -27.355 -2.914 5 -27.181 -2.625 3.75 -27.181 -2.625 7.5 -27.337 -2.875
2 24 -5 -22.259 1.965 -5 -21.84 1.491
5 24 5 -22.342 -1.871 7.5 -22.338 -1.867 5 -22.838 -2.214 5 -21.942 -1.42
5 24 -5 -24.594 -2.557 -5 -24.411 -2.466 -5 -24.81 -2.365 -5 -24 -2.625
5 24 6.363 -5 1.905 7.312 -5 1.669 6.631 -5 0.386 5.752 -5 3.321
5 24 -3.75 -14 -6.446 -3.75 -21.84 -1.491 -3.75 -21.546 -0.931 -3.75 -22.259 -1.965
2 24 -7.5 -26.232 -2.036 -7.5 -25.874 -2.01
2 24 3.75 -21.394 -0.316 3.75 -21.394 0.316
5 24 5 -21.518 0.301 7.5 -21.52 0.315 5 -21.518 -0.301 5 -21.663 0.887
5 24 -5 -24 2.625 -3.75 -24 2.625 -5 -27.181 2.625 -5 -23.372 2.549
5 24 3.75 -27.181 2.625 3.75 -27.5 3.569 3.75 -27.355 2.914 3.75 -24 2.625
2 24 -3.75 -27.5 3.569 -3.75 -27.5 5
5 24 -4.676 -5 5.864 -3.65 -5 5.549 -3.254 -5 6.757 -5.864 -5 4.676
5 24 -3.75 -14 6.446 -3.75 -21.84 1.491 -3.75 -22.259 1.965 -3.75 -21.546 0.931
2 24 -5 -24 -2.625 -5 -23.372 -2.549
5 24 -7.5 -23.4 -2.427 -5 -23.402 -2.427 -7.5 -24 -2.5 -7.5 -22.835 -2.212
2 24 -2.321 0 -2.62 -1.627 0 -3.099
5 24 5 -25.661 -2.033 5 -25.157 -2.356 5 -25.497 -2.072 5 -26.003 -2.01
2 24 3.75 -14 -7.5 3.75 -27.5 -5
2 24 -7.5 -14 0 -7.5 -14 7.5
5 24 0 -5 -7.5 0 -14 -7.5 1.669 -5 -7.312 -1.669 -5 -7.312
2 24 -7.312 -14 -1.669 -6.757 -14 -3.254
2 24 -7.5 -24.025 2.5 -7.5 -24.625 2.421
5 24 -7.5 -22.357 1.884 -7.5 -14 7.5 -7.5 -22.857 2.223 -7.5 -21.953 1.435
2 24 1.669 -14 7.312 3.254 -14 6.757
5 24 3.75 -23.372 2.549 5 -23.372 2.549 3.75 -22.78 2.324 3.75 -24 2.625
2 24 5 -21.84 1.491 5 -21.546 0.931
5 24 -7.5 -27.5 3.569 -3.75 -27.5 3.569 -7.5 -27.5 5 -7.5 -27.458 3.213
2 24 0 -5 7.5 1.669 -5 7.312
5 24 -3.65 0 5.549 -1.627 0 3.099 -2.272 0 6.242 -4.831 0 4.558
5 24 2.88 -11.5 -1.988 2.88 0 -1.988 3.273 -11.5 -1.241 2.321 -11.5 -2.62
2 24 7.5 -21.938 -1.414 7.5 -21.659 -0.877
5 24 -2.272 0 6.242 -0.838 0 3.398 -0.771 0 6.597 -3.65 0 5.549
2 24 3.75 -23.372 -2.549 3.75 -24 -2.625
5 24 2.321 -11.5 -2.62 2.321 0 -2.62 2.88 -11.5 -1.988 1.627 -11.5 -3.099
5 24 3.75 -14 6.446 3.75 -21.546 0.931 3.75 -21.84 1.491 3.75 -21.394 0.316
5 24 -3.474 -11.5 -0.422 -3.474 0 -0.422 -3.273 -11.5 -1.241 -3.474 -11.5 0.422
2 24 7.5 -14 7.5 7.5 -14 0
5 24 6.631 -5 0.386 6.631 0 0.386 6.363 -5 1.905 6.541 -5 -1.153
2 24 5 -25.497 2.072 5 -25.661 2.033
2 24 -5.752 0 3.321 -4.831 0 4.558
5 24 3.75 -22.78 2.324 5 -22.78 2.324 3.75 -22.259 1.965 3.75 -23.372 2.549
5 24 -4.676 -5 5.864 -3.75 -14 6.446 -3.254 -5 6.757 -4.676 -14 5.864
2 24 -5 -22.342 1.871 -5 -22.838 2.214
5 24 2.321 0 2.62 4.831 0 4.558 2.88 0 1.988 1.627 0 3.099
5 24 -7.5 -22.338 -1.867 -5 -22.342 -1.871 -7.5 -22.835 -2.212 -7.5 -21.938 -1.414
5 24 -3.273 -11.5 -1.241 -3.273 0 -1.241 -2.88 -11.5 -1.988 -3.474 -11.5 -0.422
5 24 -5 -26.341 -2.061 -5 -25.157 -2.356 -5 -26.661 -2.186 -5 -26.003 -2.01
5 24 -7.5 -27.337 2.875 -3.75 -27.355 2.914 -7.5 -27.141 2.575 -7.5 -27.458 3.213
5 24 5 -26.945 2.377 7.5 -26.882 2.326 5 -26.661 2.186 5 -27.181 2.625
2 24 -3.65 0 5.549 -2.272 0 6.242
5 24 -7.5 -22.857 2.223 -7.5 -27.5 5 -7.5 -14 7.5 -7.5 -23.424 2.433
2 24 5.864 -5 4.676 6.757 -5 3.254
5 24 -7.5 -27.5 5 -7.5 -26.574 2.144 -7.5 -25.874 2.01 -7.5 -27.141 2.575
2 24 -7.5 -23.4 -2.427 -7.5 -22.835 -2.212
2 24 -5 -26.003 -2.01 -5 -25.661 -2.033
2 24 6.363 -5 1.905 6.631 -5 0.386
2 24 6.757 -14 3.254 7.312 -14 1.669
5 24 3.75 -27.463 -3.233 7.5 -27.458 -3.213 3.75 -27.355 -2.914 3.75 -27.5 -3.571
2 24 5 -25.497 -2.072 5 -25.661 -2.033
2 24 3.254 -14 6.757 3.75 -14 6.446
5 24 7.5 -27.141 -2.575 7.5 -27.5 -5 7.5 -26.882 -2.326 7.5 -27.337 -2.875
2 24 -7.5 -22.338 -1.867 -7.5 -21.938 -1.414
2 24 3.254 -14 -6.757 3.75 -14 -6.446
2 24 -5 -26.003 2.01 -5 -25.661 2.033
2 24 -5 -21.518 -0.301 -5 -21.518 0.301
5 24 -6.363 -5 1.905 -6.363 0 1.905 -6.631 -5 0.386 -5.752 -5 3.321
2 24 1.669 -14 -7.312 3.254 -14 -6.757
2 24 7.5 -27.458 -3.213 7.5 -27.5 -3.571
5 24 -1.669 -14 7.312 -1.669 -5 7.312 0 -14 7.5 -3.254 -14 6.757
2 24 1.532 0 -6.463 2.981 0 -5.936
2 24 -3.75 -14 -6.446 -3.254 -14 -6.757
2 24 -7.5 -22.857 2.223 -7.5 -22.357 1.884
5 24 3.75 -24 -2.625 5 -24 -2.625 3.75 -23.372 -2.549 3.75 -27.181 -2.625
2 24 5 -21.663 -0.887 5 -21.518 -0.301
5 24 3.254 -5 -6.757 3.75 -14 -6.446 4.676 -5 -5.864 3.254 -14 -6.757
5 24 -3.75 -14 6.446 -3.75 -21.394 0.316 -3.75 -21.546 0.931 -3.75 -21.394 -0.316
5 24 3.474 0 0.422 6.631 0 0.386 3.474 0 -0.422 3.273 0 1.241
5 24 -7.5 -21.659 -0.877 -7.5 -14 0 -7.5 -21.517 -0.29 -7.5 -21.938 -1.414
2 24 -7.5 -24.81 -2.365 -7.5 -24.411 -2.466
5 24 2.321 -11.5 2.62 2.321 0 2.62 1.627 -11.5 3.099 2.88 -11.5 1.988
5 24 -7.5 -26.574 -2.144 -5 -26.661 -2.186 -7.5 -26.232 -2.036 -7.5 -26.882 -2.326
5 24 -5.752 0 3.321 -2.88 0 1.988 -4.831 0 4.558 -6.363 0 1.905
5 24 5 -26.945 -2.377 7.5 -26.882 -2.326 5 -26.661 -2.186 5 -27.181 -2.625
5 24 1.627 -11.5 -3.099 1.627 0 -3.099 2.321 -11.5 -2.62 0.838 -11.5 -3.398
2 24 7.5 -27.458 -3.213 7.5 -27.337 -2.875
2 24 -1.669 -5 7.312 0 -5 7.5
5 24 3.474 -11.5 -0.422 3.474 0 -0.422 3.474 -11.5 0.422 3.273 -11.5 -1.241
2 24 -3.75 -23.372 -2.549 -3.75 -22.78 -2.324
2 24 1.669 -5 7.312 3.254 -5 6.757
5 24 2.88 0 1.988 5.752 0 3.321 3.273 0 1.241 2.321 0 2.62
5 24 5 -26.003 -2.01 7.5 -25.874 -2.01 5 -25.661 -2.033 5 -26.341 -2.061
5 24 -5.864 -14 4.676 -5.864 -5 4.676 -6.757 -14 3.254 -4.676 -14 5.864
2 24 5.752 -5 3.321 6.363 -5 1.905
2 24 -5 -27.181 -2.625 -5 -24 -2.625
2 24 3.273 0 1.241 3.474 0 0.422
5 24 -5 -24.594 2.557 -5 -24 2.625 -5 -27.181 2.625 -5 -24.411 2.466
5 24 5 -24.81 -2.365 7.5 -24.81 -2.365 5 -25.187 -2.2 5 -24.411 -2.466
5 24 7.5 -23.4 -2.427 7.5 -27.5 -5 7.5 -22.835 -2.212 7.5 -24 -2.5
2 24 -3.474 -11.5 -0.422 -3.273 -11.5 -1.241
5 24 5 -21.518 -0.301 7.5 -21.517 -0.29 5 -21.663 -0.887 5 -21.518 0.301
5 24 3.75 -21.546 -0.931 5 -21.546 -0.931 3.75 -21.84 -1.491 3.75 -21.394 -0.316
5 24 3.75 -14 6.446 4.676 -5 5.864 3.254 -5 6.757 4.676 -14 5.864
5 24 7.5 -25.187 2.2 7.5 -27.5 5 7.5 -24.625 2.421 7.5 -25.52 2.065
2 24 3.75 -22.78 -2.324 3.75 -22.259 -1.965
2 24 7.5 -25.874 -2.01 7.5 -25.52 -2.065
5 24 4.676 -14 -5.864 7.5 -14 -7.5 3.75 -14 -6.446 5.864 -14 -4.676
2 24 5 -26.003 -2.01 5 -26.341 -2.061
2 24 2.981 0 -5.936 4.269 0 -5.088
5 24 -2.88 -11.5 -1.988 -2.88 0 -1.988 -2.321 -11.5 -2.62 -3.273 -11.5 -1.241
5 24 -5 -21.546 -0.931 -3.75 -21.546 -0.931 -5 -21.84 -1.491 -5 -21.394 -0.316
5 24 0.771 -5 6.597 0.771 0 6.597 -0.771 -5 6.597 2.272 -5 6.242
5 24 -4.269 0 -5.088 -2.321 0 -2.62 -2.981 0 -5.936 -5.328 0 -3.966
5 24 -7.5 -22.835 -2.212 -7.5 -14 -7.5 -7.5 -22.338 -1.867 -7.5 -27.5 -5
5 24 -7.5 -26.232 -2.036 -5 -26.341 -2.061 -7.5 -25.874 -2.01 -7.5 -26.574 -2.144
5 24 -5 -25.661 -2.033 -5 -25.157 -2.356 -5 -25.497 -2.072 -5 -26.003 -2.01
5 24 5 -25.187 -2.2 7.5 -25.187 -2.2 5 -25.339 -2.127 5 -24.81 -2.365
5 24 -7.5 -27.141 -2.575 -5 -27.181 -2.625 -7.5 -27.337 -2.875 -7.5 -26.882 -2.326
5 24 -3.254 -5 6.757 -2.272 -5 6.242 -1.669 -5 7.312 -4.676 -5 5.864
2 24 5 -22.838 -2.214 5 -22.342 -1.871
2 24 7.5 -27.337 2.875 7.5 -27.141 2.575
2 24 2.321 -11.5 -2.62 2.88 -11.5 -1.988
2 24 -4.676 -5 -5.864 -3.254 -5 -6.757
2 24 5 -21.546 -0.931 5 -21.394 -0.316
5 24 3.75 -14 -6.446 3.75 -21.84 -1.491 3.75 -21.546 -0.931 3.75 -22.259 -1.965
2 24 2.88 -11.5 -1.988 3.273 -11.5 -1.241
5 24 6.757 -14 3.254 7.5 -14 7.5 7.312 -14 1.669 5.864 -14 4.676
2 24 7.5 -25.52 -2.065 7.5 -25.187 -2.2
5 24 3.75 -22.259 1.965 5 -22.259 1.965 3.75 -21.84 1.491 3.75 -22.78 2.324
2 24 -5 -24.411 2.466 -5 -24 2.5
2 24 -5 -25.339 2.127 -5 -25.187 2.2
5 24 -0.771 -5 6.597 -0.771 0 6.597 -2.272 -5 6.242 0.771 -5 6.597
2 24 7.5 -25.187 2.2 7.5 -24.625 2.421
5 24 3.75 -14 6.446 3.75 -21.394 0.316 3.75 -21.546 0.931 3.75 -21.394 -0.316
5 24 3.75 -27.355 2.914 3.75 -27.5 3.569 3.75 -27.463 3.233 3.75 -27.181 2.625
2 24 6.099 0 -2.631 6.541 0 -1.153
2 24 -2.272 -5 6.242 -0.771 -5 6.597
2 24 3.75 -14 6.446 3.75 -14 7.5
2 24 -5.752 -5 3.321 -4.831 -5 4.558
5 24 5 -21.518 0.301 5 -21.394 0.316 5 -21.518 -0.301 5 -21.663 0.887
2 24 -3.75 -23.372 2.549 -3.75 -22.78 2.324
2 24 5 -24.81 -2.365 5 -24.411 -2.466
2 24 6.757 -5 -3.254 7.312 -5 -1.669
2 24 5 -25.339 2.127 5 -25.187 2.2
5 24 7.5 -25.874 2.01 7.5 -27.5 5 7.5 -25.52 2.065 7.5 -26.232 2.036
2 24 -5 -22.78 -2.324 -5 -23.372 -2.549
5 24 0 -5 -6.642 0 0 -6.642 -1.532 -5 -6.463 1.532 -5 -6.463
5 24 -2.272 0 6.242 -2.272 -5 6.242 -3.65 0 5.549 -0.771 0 6.597
2 24 -6.631 0 0.386 -6.541 0 -1.153
2 24 -3.75 -24 2.625 -3.75 -23.372 2.549
2 24 3.75 -27.463 3.233 3.75 -27.5 3.569
5 24 3.75 -27.355 2.914 5 -27.181 2.625 3.75 -27.181 2.625 7.5 -27.337 2.875
2 24 3.75 -14 6.446 4.676 -14 5.864
5 24 -5 -25.187 -2.2 -5 -25.157 -2.356 -5 -25.339 -2.127 -5 -24.81 -2.365
5 24 -3.254 -14 -6.757 -3.254 -5 -6.757 -1.669 -14 -7.312 -3.75 -14 -6.446
5 24 -2.981 -5 -5.936 -2.981 0 -5.936 -1.532 -5 -6.463 -4.269 -5 -5.088
5 24 -5 -25.187 2.2 -5 -25.157 2.356 -5 -25.339 2.127 -5 -24.81 2.365
5 24 5 -23.402 -2.427 7.5 -23.4 -2.427 5 -24 -2.5 5 -22.838 -2.214
5 24 -5 -24 -2.625 -5 -24 -2.5 -5 -23.372 -2.549 -5 -24.594 -2.557
2 24 5 -24.81 2.365 5 -24.411 2.466
5 24 3.75 -21.546 0.931 5 -21.546 0.931 3.75 -21.84 1.491 3.75 -21.394 0.316
2 24 7.5 -27.141 2.575 7.5 -26.882 2.326
2 24 -5 -26.945 2.377 -5 -26.661 2.186
5 24 -4.269 -5 -5.088 -4.269 0 -5.088 -2.981 -5 -5.936 -5.328 -5 -3.966
2 24 3.75 -21.546 0.931 3.75 -21.394 0.316
5 24 -5 -24.594 2.557 -5 -24.81 2.365 -5 -24.411 2.466 -5 -25.157 2.356
2 24 7.5 -21.668 0.901 7.5 -21.52 0.315
5 24 5 -25.339 2.127 7.5 -25.187 2.2 5 -25.187 2.2 5 -25.497 2.072
2 24 5.864 -14 4.676 6.757 -14 3.254
2 24 3.75 -14 -6.446 4.676 -14 -5.864
2 24 3.273 -11.5 1.241 3.474 -11.5 0.422
5 24 4.831 -5 4.558 4.831 0 4.558 3.65 -5 5.549 5.752 -5 3.321
5 24 3.75 -14 -7.5 3.75 -23.372 -2.549 3.75 -22.78 -2.324 3.75 -27.5 -5
5 24 2.88 -11.5 1.988 2.88 0 1.988 2.321 -11.5 2.62 3.273 -11.5 1.241
2 24 3.474 -11.5 -0.422 3.474 -11.5 0.422
5 24 3.75 -27.463 3.233 7.5 -27.458 3.213 3.75 -27.355 2.914 3.75 -27.5 3.569
5 24 -5 -24.594 -2.557 -5 -24.81 -2.365 -5 -24.411 -2.466 -5 -25.157 -2.356
5 24 -6.541 0 -1.153 -3.474 0 -0.422 -6.099 0 -2.631 -6.631 0 0.386
5 24 5 -24 2.5 7.5 -24.025 2.5 5 -23.402 2.427 5 -24.411 2.466
5 24 5 -22.838 2.214 5 -22.78 2.324 5 -23.402 2.427 5 -22.342 1.871
2 24 -2.981 0 -5.936 -1.532 0 -6.463
2 24 -7.5 -21.938 -1.414 -7.5 -21.659 -0.877
2 24 5 -25.339 -2.127 5 -25.187 -2.2
2 24 -5 -25.187 -2.2 -5 -24.81 -2.365
5 24 7.5 -26.574 2.144 7.5 -27.5 5 7.5 -26.232 2.036 7.5 -26.882 2.326
2 24 5 -26.945 -2.377 5 -26.661 -2.186
2 24 -5 -22.342 -1.871 -5 -21.942 -1.42
