0 Base Radar Tipo 2 IUNITS
0 Name: baserad2.dat
0 Author: jasolo
0 !LDRAW_ORG Unofficial_Part
0 BFC CERTIFY CCW
3 16 -7.5 -21.5 5 -7.5 -18.625 2.421 -7.5 -19.187 2.2
3 16 -7.5 -19.187 -2.2 -7.5 -18.81 -2.365 -7.5 -21.5 -5
3 16 -7.5 -16.857 2.223 -7.5 -8 6.614 -7.5 -16.357 1.884
3 16 -7.5 -16.357 1.884 -7.5 -8 6.614 -7.5 -15.953 1.435
3 16 -7.5 -15.953 1.435 -7.5 -8 6.614 -7.5 -15.668 0.901
3 16 -7.5 -15.668 0.901 -7.5 -8 6.614 -7.5 -15.52 0.315
3 16 -7.5 -15.52 0.315 -7.5 -8 6.614 -7.5 -15.517 -0.29
3 16 -7.5 -15.659 -0.877 -7.5 -8 -6.614 -7.5 -15.938 -1.414
3 16 -7.5 -15.938 -1.414 -7.5 -8 -6.614 -7.5 -16.338 -1.867
3 16 -7.5 -16.338 -1.867 -7.5 -8 -6.614 -7.5 -16.835 -2.212
3 16 -7.5 -21.5 -3.569 -7.5 -21.5 -5 -7.5 -21.5 -3.571
3 16 -5 -18.81 2.365 -7.5 -18.625 2.421 -5 -18.411 2.466
3 16 -7.5 -21.5 3.571 -7.5 -21.5 5 -7.5 -21.5 3.569
3 16 -7.5 -8 7.5 -7.5 -21.5 5 -6.614 -8 7.5
3 16 -6.922 -8 7.217 -7.217 -8 6.922 -7.5 -8 7.5
3 16 -7.5 -8 7.5 -6.614 -8 7.5 -6.922 -8 7.217
3 16 -7.217 -8 6.922 -7.5 -8 6.614 -7.5 -8 7.5
3 16 -8.567 -8 -5.159 -9.837 -8 1.797 -10 -8 0
3 16 -8.567 -8 -5.159 -10 -8 0 -9.837 -8 -1.797
3 16 -8.567 -8 -5.159 -9.837 -8 -1.797 -9.354 -8 -3.536
3 16 -7.217 -8 -6.922 -7.5 -8 -7.5 -7.5 -8 -6.614
3 16 -7.217 -8 -6.922 -6.922 -8 -7.217 -7.5 -8 -7.5
3 16 -6.922 -8 -7.217 -6.614 -8 -7.5 -7.5 -8 -7.5
3 16 -7.5 -21.5 -5 -7.5 -8 -7.5 -6.614 -8 -7.5
3 16 -3.75 -15.84 1.491 -3.75 -8 7.5 -3.75 -16.259 1.965
3 16 -3.75 -16.78 2.324 -3.75 -16.259 1.965 -3.75 -8 7.5
3 16 -3.75 -15.546 0.931 -3.75 -8 7.5 -3.75 -15.84 1.491
3 16 -3.75 -17.372 2.549 -3.75 -16.78 2.324 -3.75 -8 7.5
3 16 -3.75 -15.394 0.316 -3.75 -8 7.5 -3.75 -15.546 0.931
3 16 -3.75 -15.394 -0.316 -3.75 -8 7.5 -3.75 -15.394 0.316
3 16 -3.75 -15.84 -1.491 -3.75 -8 -7.5 -3.75 -15.546 -0.931
3 16 -3.75 -16.259 -1.965 -3.75 -8 -7.5 -3.75 -15.84 -1.491
3 16 -3.75 -21.463 3.233 -3.75 -21.5 3.571 -3.75 -21.5 3.569
3 16 -3.75 -21.355 2.914 -3.75 -21.5 3.571 -3.75 -21.463 3.233
3 16 -3.75 -21.181 2.625 -3.75 -21.5 3.571 -3.75 -21.355 2.914
3 16 -3.75 -16.78 -2.324 -3.75 -8 -7.5 -3.75 -16.259 -1.965
3 16 -3.75 -17.372 -2.549 -3.75 -8 -7.5 -3.75 -16.78 -2.324
3 16 -3.75 -21.463 -3.233 -3.75 -21.181 -2.625 -3.75 -21.355 -2.914
3 16 -3.75 -21.5 -3.571 -3.75 -21.463 -3.233 -3.75 -21.5 -3.569
3 16 -3.75 -21.5 -3.571 -3.75 -21.181 -2.625 -3.75 -21.463 -3.233
3 16 -3.75 -21.355 -2.914 -3.75 -21.181 -2.625 -5 -21.181 -2.625
3 16 -5 -20.003 -2.01 -5 -19.661 -2.033 -7.5 -19.874 -2.01
3 16 -5 -19.339 -2.127 -5 -19.187 -2.2 -7.5 -19.187 -2.2
3 16 -5 -18.81 -2.365 -5 -18.594 -2.557 -5 -18.411 -2.466
3 16 -5 -19.661 -2.033 -5 -19.157 -2.356 -5 -19.497 -2.072
3 16 -5 -18.81 2.365 -5 -18.411 2.466 -5 -18.594 2.557
3 16 -5 -19.661 2.033 -5 -19.497 2.072 -5 -19.157 2.356
3 16 -3.75 -21.181 2.625 -3.75 -21.355 2.914 -5 -21.181 2.625
3 16 -5 -19.661 2.033 -5 -20.003 2.01 -7.5 -19.874 2.01
3 16 -5 -19.187 2.2 -5 -19.339 2.127 -7.5 -19.187 2.2
3 16 -3.75 -8 7.5 -5.159 -8 8.567 -6.614 -8 7.5
3 16 3.75 -8 7.5 1.797 -8 9.837 0 -8 10
3 16 6.614 -8 7.5 5.159 -8 8.567 3.75 -8 7.5
3 16 -3.75 -8 -7.5 -6.614 -8 -7.5 -5.159 -8 -8.567
3 16 1.797 -8 -9.837 3.75 -8 -7.5 0 -8 -10
3 16 6.614 -8 -7.5 3.75 -8 -7.5 5.159 -8 -8.567
3 16 6.922 -8 -7.217 6.614 -8 -7.5 6.428 0 -7.66
3 16 7.5 -8 -6.614 7.217 -8 -6.922 7.66 0 -6.428
3 16 7.217 -8 6.922 7.5 -8 6.614 7.66 0 6.428
3 16 6.614 -8 7.5 6.922 -8 7.217 6.428 0 7.66
3 16 -6.922 -8 7.217 -6.614 -8 7.5 -6.428 0 7.66
3 16 -7.5 -8 6.614 -7.217 -8 6.922 -7.66 0 6.428
3 16 -7.217 -8 -6.922 -7.5 -8 -6.614 -7.66 0 -6.428
3 16 -6.614 -8 -7.5 -6.922 -8 -7.217 -6.428 0 -7.66
3 16 -5 -21.181 -2.625 -5 -18 -2.625 -5 -18.594 -2.557
3 16 -5 -21.181 2.625 -5 -18.594 2.557 -5 -18 2.625
3 16 6.614 -8 7.5 7.5 -21.5 5 7.5 -8 7.5
3 16 3.75 -8 7.5 3.75 -15.84 1.491 3.75 -16.259 1.965
3 16 3.75 -16.259 1.965 3.75 -16.78 2.324 3.75 -8 7.5
3 16 3.75 -8 7.5 3.75 -15.546 0.931 3.75 -15.84 1.491
3 16 3.75 -16.78 2.324 3.75 -17.372 2.549 3.75 -8 7.5
3 16 3.75 -8 7.5 3.75 -15.394 0.316 3.75 -15.546 0.931
3 16 3.75 -8 7.5 3.75 -15.394 -0.316 3.75 -15.394 0.316
3 16 3.75 -8 -7.5 3.75 -15.84 -1.491 3.75 -15.546 -0.931
3 16 3.75 -8 -7.5 3.75 -16.259 -1.965 3.75 -15.84 -1.491
3 16 3.75 -21.5 3.571 3.75 -21.463 3.233 3.75 -21.5 3.569
3 16 3.75 -21.5 3.571 3.75 -21.355 2.914 3.75 -21.463 3.233
3 16 3.75 -21.5 3.571 3.75 -21.181 2.625 3.75 -21.355 2.914
3 16 3.75 -8 -7.5 3.75 -16.78 -2.324 3.75 -16.259 -1.965
3 16 3.75 -8 -7.5 3.75 -17.372 -2.549 3.75 -16.78 -2.324
3 16 3.75 -21.181 -2.625 3.75 -21.463 -3.233 3.75 -21.355 -2.914
3 16 3.75 -21.463 -3.233 3.75 -21.5 -3.571 3.75 -21.5 -3.569
3 16 3.75 -21.181 -2.625 3.75 -21.5 -3.571 3.75 -21.463 -3.233
3 16 7.5 -21.5 -5 6.614 -8 -7.5 7.5 -8 -7.5
3 16 6.922 -8 -7.217 7.5 -8 -7.5 6.614 -8 -7.5
3 16 7.217 -8 -6.922 7.5 -8 -7.5 6.922 -8 -7.217
3 16 7.5 -8 -6.614 7.5 -8 -7.5 7.217 -8 -6.922
3 16 9.354 -8 3.536 8.567 -8 5.159 7.5 -8 6.614
3 16 9.837 -8 1.797 9.354 -8 3.536 7.5 -8 6.614
3 16 7.5 -8 -6.614 8.567 -8 -5.159 9.354 -8 -3.536
3 16 7.5 -8 -6.614 9.354 -8 -3.536 9.837 -8 -1.797
3 16 7.5 -8 -6.614 9.837 -8 -1.797 10 -8 0
3 16 6.614 -8 7.5 7.5 -8 7.5 6.922 -8 7.217
3 16 7.5 -8 7.5 7.217 -8 6.922 6.922 -8 7.217
3 16 7.5 -8 7.5 7.5 -8 6.614 7.217 -8 6.922
3 16 7.5 -18.625 2.421 7.5 -21.5 5 7.5 -19.187 2.2
3 16 7.5 -18.81 -2.365 7.5 -19.187 -2.2 7.5 -21.5 -5
3 16 7.5 -8 6.614 7.5 -16.857 2.223 7.5 -16.357 1.884
3 16 7.5 -8 6.614 7.5 -16.357 1.884 7.5 -15.953 1.435
3 16 7.5 -8 6.614 7.5 -15.953 1.435 7.5 -15.668 0.901
3 16 7.5 -8 6.614 7.5 -15.668 0.901 7.5 -15.52 0.315
3 16 7.5 -8 6.614 7.5 -15.52 0.315 7.5 -15.517 -0.29
3 16 7.5 -8 -6.614 7.5 -15.659 -0.877 7.5 -15.938 -1.414
3 16 7.5 -8 -6.614 7.5 -15.938 -1.414 7.5 -16.338 -1.867
3 16 7.5 -8 -6.614 7.5 -16.338 -1.867 7.5 -16.835 -2.212
3 16 3.75 -21.355 -2.914 5 -21.181 -2.625 3.75 -21.181 -2.625
3 16 5 -20.003 -2.01 7.5 -19.874 -2.01 5 -19.661 -2.033
3 16 5 -19.339 -2.127 7.5 -19.187 -2.2 5 -19.187 -2.2
3 16 5 -21.181 2.625 3.75 -21.355 2.914 3.75 -21.181 2.625
3 16 7.5 -19.874 2.01 5 -20.003 2.01 5 -19.661 2.033
3 16 7.5 -19.187 2.2 5 -19.339 2.127 5 -19.187 2.2
3 16 7.5 -21.5 -5 7.5 -21.5 -3.569 7.5 -21.5 -3.571
3 16 5 -18.81 2.365 5 -18.411 2.466 7.5 -18.625 2.421
3 16 7.5 -21.5 5 7.5 -21.5 3.571 7.5 -21.5 3.569
3 16 7.5 -19.52 -2.065 7.5 -21.5 -5 7.5 -19.187 -2.2
3 16 5 -18.594 -2.557 5 -18.81 -2.365 5 -18.411 -2.466
3 16 5 -19.157 -2.356 5 -19.661 -2.033 5 -19.497 -2.072
3 16 5 -18 -2.625 5 -21.181 -2.625 5 -18.594 -2.557
3 16 5 -18.594 2.557 5 -21.181 2.625 5 -18 2.625
3 16 5 -18.411 2.466 5 -18.81 2.365 5 -18.594 2.557
3 16 5 -19.497 2.072 5 -19.661 2.033 5 -19.157 2.356
3 16 -1.302 -5.5 7.386 0 -5.5 7.5 -2.565 -5.5 7.048
3 16 -7.386 -5.5 -1.302 -6.495 -5.5 -3.75 -7.048 -5.5 -2.565
3 16 2.565 -5.5 7.048 3.75 -5.5 6.495 1.302 -5.5 7.386
3 16 1.302 -5.5 7.386 3.75 -5.5 6.495 0 -5.5 7.5
3 16 -3.75 -5.5 6.495 3.75 -5.5 6.495 -4.821 -5.5 5.745
3 16 -7.386 -5.5 1.302 -5.745 -5.5 -4.821 -7.5 -5.5 0
3 16 -7.5 -5.5 0 -5.745 -5.5 -4.821 -7.386 -5.5 -1.302
3 16 -7.386 -5.5 -1.302 -5.745 -5.5 -4.821 -6.495 -5.5 -3.75
3 16 -5.745 -5.5 -4.821 -3.75 -5.5 -6.495 -4.821 -5.5 -5.745
3 16 5.745 -5.5 4.821 6.495 -5.5 3.75 4.821 -5.5 5.745
3 16 -5.745 -5.5 -4.821 -2.565 -5.5 -7.048 -3.75 -5.5 -6.495
3 16 -5.745 -5.5 -4.821 -1.302 -5.5 -7.386 -2.565 -5.5 -7.048
3 16 7.048 -5.5 2.565 7.386 -5.5 1.302 6.495 -5.5 3.75
3 16 6.495 -5.5 3.75 7.386 -5.5 1.302 4.821 -5.5 5.745
3 16 -5.745 -5.5 -4.821 0 -5.5 -7.5 -1.302 -5.5 -7.386
3 16 7.5 -5.5 0 7.386 -5.5 -1.302 7.386 -5.5 1.302
3 16 -5.745 -5.5 -4.821 1.302 -5.5 -7.386 0 -5.5 -7.5
3 16 1.302 -5.5 -7.386 3.75 -5.5 -6.495 2.565 -5.5 -7.048
3 16 7.048 -5.5 -2.565 6.495 -5.5 -3.75 7.386 -5.5 -1.302
3 16 4.821 -5.5 5.745 4.821 -5.5 -5.745 3.75 -5.5 6.495
3 16 6.495 -5.5 -3.75 5.745 -5.5 -4.821 7.386 -5.5 -1.302
3 16 7.386 -5.5 -1.302 5.745 -5.5 -4.821 7.386 -5.5 1.302
3 16 -7.5 -16.835 -2.212 -7.5 -21.5 -5 -7.5 -17.4 -2.427
3 16 -7.5 -21.5 -5 -7.5 -8 -6.614 -7.5 -8 -7.5
4 16 -5 -15.943 -1.42 -5 -15.662 -0.887 -7.5 -15.659 -0.877 -7.5 -15.938 -1.414
4 16 -7.5 -21.5 -3.569 -7.5 -21.5 -3.571 -3.75 -21.5 -3.571 -3.75 -21.5 -3.569
4 16 -5 -15.84 -1.491 -5 -15.546 -0.931 -5 -15.662 -0.887 -5 -15.943 -1.42
4 16 -3.75 -21.5 3.571 -7.5 -21.5 3.571 -7.5 -21.5 3.569 -3.75 -21.5 3.569
4 16 9.354 -8 -3.536 9.397 0 -3.42 9.848 0 -1.736 9.837 -8 -1.797
4 16 10 0 0 9.848 0 1.736 9.837 -8 1.797 10 -8 0
4 16 0 0 7.5 0 0 10 1.736 0 9.848 1.302 0 7.386
4 16 5 -16.78 -2.324 5 -16.259 -1.965 3.75 -16.259 -1.965 3.75 -16.78 -2.324
4 16 5 -19.497 2.072 5 -19.339 2.127 7.5 -19.187 2.2 7.5 -19.52 2.065
4 16 0 -5.5 -7.5 1.302 -5.5 -7.386 1.302 0 -7.386 0 0 -7.5
4 16 7.5 -5.5 0 7.386 -5.5 1.302 7.386 0 1.302 7.5 0 0
4 16 7.5 -16.357 1.884 5 -16.342 1.871 5 -15.943 1.42 7.5 -15.953 1.435
4 16 7.5 -15.953 1.435 5 -15.943 1.42 5 -15.662 0.887 7.5 -15.668 0.901
4 16 5 -18 2.625 5 -17.372 2.549 5 -17.402 2.427 5 -18 2.5
4 16 5 -15.546 -0.931 5 -15.662 -0.887 5 -15.518 -0.301 5 -15.394 -0.316
4 16 4.821 -5.5 5.745 7.386 -5.5 1.302 5.745 -5.5 -4.821 4.821 -5.5 -5.745
4 16 -5.745 -5.5 -4.821 4.821 -5.5 -5.745 3.75 -5.5 -6.495 1.302 -5.5 -7.386
4 16 3.75 -5.5 6.495 4.821 -5.5 -5.745 -5.745 -5.5 -4.821 -7.386 -5.5 1.302
4 16 -3.75 -5.5 6.495 -2.565 -5.5 7.048 0 -5.5 7.5 3.75 -5.5 6.495
4 16 -6.495 -5.5 3.75 3.75 -5.5 6.495 -7.386 -5.5 1.302 -7.048 -5.5 2.565
4 16 -4.821 -5.5 5.745 3.75 -5.5 6.495 -6.495 -5.5 3.75 -5.745 -5.5 4.821
4 16 5 -19.187 2.2 5 -19.339 2.127 5 -19.497 2.072 5 -19.157 2.356
4 16 5 -18.594 2.557 5 -18.81 2.365 5 -19.187 2.2 5 -19.157 2.356
4 16 5 -18 2.5 5 -18.411 2.466 5 -18.594 2.557 5 -18 2.625
3 16 7.5 -21.5 5 7.5 -19.52 2.065 7.5 -19.187 2.2
4 16 7.5 -20.232 2.036 7.5 -19.874 2.01 7.5 -19.52 2.065 7.5 -21.5 5
4 16 7.5 -20.882 2.326 7.5 -20.574 2.144 7.5 -20.232 2.036 7.5 -21.5 5
4 16 7.5 -21.337 2.875 7.5 -21.141 2.575 7.5 -20.882 2.326 7.5 -21.5 5
4 16 7.5 -21.5 3.569 7.5 -21.458 3.213 7.5 -21.337 2.875 7.5 -21.5 5
4 16 5 -18.594 2.557 5 -19.157 2.356 5 -20.945 2.377 5 -21.181 2.625
4 16 5 -20.341 2.061 5 -20.661 2.186 5 -20.945 2.377 5 -19.157 2.356
4 16 5 -19.661 2.033 5 -20.003 2.01 5 -20.341 2.061 5 -19.157 2.356
4 16 5 -18 -2.5 5 -17.402 -2.427 5 -17.372 -2.549 5 -18 -2.625
4 16 5 -17.402 -2.427 5 -16.838 -2.214 5 -16.78 -2.324 5 -17.372 -2.549
4 16 5 -16.838 -2.214 5 -16.342 -1.871 5 -16.259 -1.965 5 -16.78 -2.324
4 16 5 -15.943 -1.42 5 -15.84 -1.491 5 -16.259 -1.965 5 -16.342 -1.871
4 16 5 -15.84 -1.491 5 -15.943 -1.42 5 -15.662 -0.887 5 -15.546 -0.931
4 16 5 -15.394 -0.316 5 -15.518 -0.301 5 -15.518 0.301 5 -15.394 0.316
4 16 5 -15.394 0.316 5 -15.518 0.301 5 -15.662 0.887 5 -15.546 0.931
4 16 5 -17.372 2.549 5 -16.78 2.324 5 -16.838 2.214 5 -17.402 2.427
4 16 5 -15.546 0.931 5 -15.662 0.887 5 -15.943 1.42 5 -15.84 1.491
4 16 5 -16.78 2.324 5 -16.259 1.965 5 -16.342 1.871 5 -16.838 2.214
4 16 5 -15.84 1.491 5 -15.943 1.42 5 -16.342 1.871 5 -16.259 1.965
4 16 5 -20.945 -2.377 5 -19.157 -2.356 5 -18.594 -2.557 5 -21.181 -2.625
4 16 5 -20.341 -2.061 5 -19.157 -2.356 5 -20.945 -2.377 5 -20.661 -2.186
4 16 5 -19.661 -2.033 5 -19.157 -2.356 5 -20.341 -2.061 5 -20.003 -2.01
4 16 5 -19.187 -2.2 5 -19.157 -2.356 5 -19.497 -2.072 5 -19.339 -2.127
4 16 5 -18.594 -2.557 5 -19.157 -2.356 5 -19.187 -2.2 5 -18.81 -2.365
4 16 5 -18 -2.5 5 -18 -2.625 5 -18.594 -2.557 5 -18.411 -2.466
4 16 7.5 -20.232 -2.036 7.5 -21.5 -5 7.5 -19.52 -2.065 7.5 -19.874 -2.01
4 16 7.5 -20.882 -2.326 7.5 -21.5 -5 7.5 -20.232 -2.036 7.5 -20.574 -2.144
4 16 7.5 -21.337 -2.875 7.5 -21.5 -5 7.5 -20.882 -2.326 7.5 -21.141 -2.575
4 16 7.5 -21.5 -3.569 7.5 -21.5 -5 7.5 -21.337 -2.875 7.5 -21.458 -3.213
4 16 7.5 -17.4 -2.427 5 -17.402 -2.427 5 -18 -2.5 7.5 -18 -2.5
4 16 7.5 -16.835 -2.212 5 -16.838 -2.214 5 -17.402 -2.427 7.5 -17.4 -2.427
4 16 7.5 -16.338 -1.867 5 -16.342 -1.871 5 -16.838 -2.214 7.5 -16.835 -2.212
4 16 7.5 -15.938 -1.414 5 -15.943 -1.42 5 -16.342 -1.871 7.5 -16.338 -1.867
4 16 7.5 -15.659 -0.877 5 -15.662 -0.887 5 -15.943 -1.42 7.5 -15.938 -1.414
4 16 7.5 -15.517 -0.29 5 -15.518 -0.301 5 -15.662 -0.887 7.5 -15.659 -0.877
4 16 7.5 -15.52 0.315 5 -15.518 0.301 5 -15.518 -0.301 7.5 -15.517 -0.29
4 16 7.5 -15.668 0.901 5 -15.662 0.887 5 -15.518 0.301 7.5 -15.52 0.315
4 16 7.5 -16.857 2.223 5 -16.838 2.214 5 -16.342 1.871 7.5 -16.357 1.884
4 16 7.5 -17.424 2.433 5 -17.402 2.427 5 -16.838 2.214 7.5 -16.857 2.223
4 16 7.5 -18.025 2.5 5 -18 2.5 5 -17.402 2.427 7.5 -17.424 2.433
4 16 7.5 -18.625 2.421 5 -18.411 2.466 5 -18 2.5 7.5 -18.025 2.5
4 16 5 -19.187 2.2 5 -18.81 2.365 7.5 -18.625 2.421 7.5 -19.187 2.2
4 16 7.5 -19.187 -2.2 7.5 -18.81 -2.365 5 -18.81 -2.365 5 -19.187 -2.2
4 16 7.5 -18.81 -2.365 7.5 -18.411 -2.466 5 -18.411 -2.466 5 -18.81 -2.365
4 16 5 -18 -2.5 5 -18.411 -2.466 7.5 -18.411 -2.466 7.5 -18 -2.5
4 16 -1.302 -5.5 -7.386 0 -5.5 -7.5 0 0 -7.5 -1.302 0 -7.386
4 16 -2.565 -5.5 -7.048 -1.302 -5.5 -7.386 -1.302 0 -7.386 -2.565 0 -7.048
4 16 -3.75 -5.5 -6.495 -2.565 -5.5 -7.048 -2.565 0 -7.048 -3.75 0 -6.495
4 16 -4.821 -5.5 -5.745 -3.75 -5.5 -6.495 -3.75 0 -6.495 -4.821 0 -5.745
4 16 -5.745 -5.5 -4.821 -4.821 -5.5 -5.745 -4.821 0 -5.745 -5.745 0 -4.821
4 16 -5.745 0 -4.821 -6.495 0 -3.75 -6.495 -5.5 -3.75 -5.745 -5.5 -4.821
4 16 -6.495 0 -3.75 -7.048 0 -2.565 -7.048 -5.5 -2.565 -6.495 -5.5 -3.75
4 16 -7.386 0 -1.302 -7.386 -5.5 -1.302 -7.048 -5.5 -2.565 -7.048 0 -2.565
4 16 -7.5 0 0 -7.5 -5.5 0 -7.386 -5.5 -1.302 -7.386 0 -1.302
4 16 -7.5 0 0 -7.386 0 1.302 -7.386 -5.5 1.302 -7.5 -5.5 0
4 16 -7.386 0 1.302 -7.048 0 2.565 -7.048 -5.5 2.565 -7.386 -5.5 1.302
4 16 -6.495 0 3.75 -6.495 -5.5 3.75 -7.048 -5.5 2.565 -7.048 0 2.565
4 16 -6.495 0 3.75 -5.745 0 4.821 -5.745 -5.5 4.821 -6.495 -5.5 3.75
4 16 -4.821 0 5.745 -4.821 -5.5 5.745 -5.745 -5.5 4.821 -5.745 0 4.821
4 16 -3.75 0 6.495 -3.75 -5.5 6.495 -4.821 -5.5 5.745 -4.821 0 5.745
4 16 -3.75 0 6.495 -2.565 0 7.048 -2.565 -5.5 7.048 -3.75 -5.5 6.495
4 16 -1.302 -5.5 7.386 -2.565 -5.5 7.048 -2.565 0 7.048 -1.302 0 7.386
4 16 0 -5.5 7.5 -1.302 -5.5 7.386 -1.302 0 7.386 0 0 7.5
4 16 1.302 0 7.386 1.302 -5.5 7.386 0 -5.5 7.5 0 0 7.5
4 16 2.565 -5.5 7.048 1.302 -5.5 7.386 1.302 0 7.386 2.565 0 7.048
4 16 3.75 -5.5 6.495 2.565 -5.5 7.048 2.565 0 7.048 3.75 0 6.495
4 16 4.821 0 5.745 4.821 -5.5 5.745 3.75 -5.5 6.495 3.75 0 6.495
4 16 5.745 -5.5 4.821 4.821 -5.5 5.745 4.821 0 5.745 5.745 0 4.821
4 16 6.495 -5.5 3.75 5.745 -5.5 4.821 5.745 0 4.821 6.495 0 3.75
4 16 7.048 0 2.565 7.048 -5.5 2.565 6.495 -5.5 3.75 6.495 0 3.75
4 16 7.386 -5.5 1.302 7.048 -5.5 2.565 7.048 0 2.565 7.386 0 1.302
4 16 7.386 -5.5 -1.302 7.5 -5.5 0 7.5 0 0 7.386 0 -1.302
4 16 7.048 -5.5 -2.565 7.386 -5.5 -1.302 7.386 0 -1.302 7.048 0 -2.565
4 16 6.495 -5.5 -3.75 7.048 -5.5 -2.565 7.048 0 -2.565 6.495 0 -3.75
4 16 5.745 -5.5 -4.821 6.495 -5.5 -3.75 6.495 0 -3.75 5.745 0 -4.821
4 16 5.745 0 -4.821 4.821 0 -5.745 4.821 -5.5 -5.745 5.745 -5.5 -4.821
4 16 4.821 0 -5.745 3.75 0 -6.495 3.75 -5.5 -6.495 4.821 -5.5 -5.745
4 16 2.565 0 -7.048 2.565 -5.5 -7.048 3.75 -5.5 -6.495 3.75 0 -6.495
4 16 2.565 0 -7.048 1.302 0 -7.386 1.302 -5.5 -7.386 2.565 -5.5 -7.048
4 16 7.5 -21.5 3.571 3.75 -21.5 3.571 3.75 -21.5 3.569 7.5 -21.5 3.569
4 16 5 -19.497 2.072 7.5 -19.52 2.065 7.5 -19.874 2.01 5 -19.661 2.033
4 16 5 -20.341 2.061 5 -20.003 2.01 7.5 -19.874 2.01 7.5 -20.232 2.036
4 16 5 -20.661 2.186 5 -20.341 2.061 7.5 -20.232 2.036 7.5 -20.574 2.144
4 16 5 -20.945 2.377 5 -20.661 2.186 7.5 -20.574 2.144 7.5 -20.882 2.326
4 16 5 -21.181 2.625 5 -20.945 2.377 7.5 -20.882 2.326 7.5 -21.141 2.575
4 16 3.75 -21.355 2.914 5 -21.181 2.625 7.5 -21.141 2.575 7.5 -21.337 2.875
4 16 3.75 -21.463 3.233 3.75 -21.355 2.914 7.5 -21.337 2.875 7.5 -21.458 3.213
4 16 3.75 -21.5 3.569 3.75 -21.463 3.233 7.5 -21.458 3.213 7.5 -21.5 3.569
4 16 3.75 -18 2.625 5 -18 2.625 5 -21.181 2.625 3.75 -21.181 2.625
4 16 5 -18 -2.625 5 -17.372 -2.549 3.75 -17.372 -2.549 3.75 -18 -2.625
4 16 5 -17.372 -2.549 5 -16.78 -2.324 3.75 -16.78 -2.324 3.75 -17.372 -2.549
4 16 5 -16.259 -1.965 5 -15.84 -1.491 3.75 -15.84 -1.491 3.75 -16.259 -1.965
4 16 5 -15.84 -1.491 5 -15.546 -0.931 3.75 -15.546 -0.931 3.75 -15.84 -1.491
4 16 5 -15.546 -0.931 5 -15.394 -0.316 3.75 -15.394 -0.316 3.75 -15.546 -0.931
4 16 5 -15.394 -0.316 5 -15.394 0.316 3.75 -15.394 0.316 3.75 -15.394 -0.316
4 16 5 -15.394 0.316 5 -15.546 0.931 3.75 -15.546 0.931 3.75 -15.394 0.316
4 16 5 -15.546 0.931 5 -15.84 1.491 3.75 -15.84 1.491 3.75 -15.546 0.931
4 16 5 -15.84 1.491 5 -16.259 1.965 3.75 -16.259 1.965 3.75 -15.84 1.491
4 16 5 -16.259 1.965 5 -16.78 2.324 3.75 -16.78 2.324 3.75 -16.259 1.965
4 16 5 -16.78 2.324 5 -17.372 2.549 3.75 -17.372 2.549 3.75 -16.78 2.324
4 16 5 -17.372 2.549 5 -18 2.625 3.75 -18 2.625 3.75 -17.372 2.549
4 16 3.75 -18 -2.625 3.75 -21.181 -2.625 5 -21.181 -2.625 5 -18 -2.625
4 16 5 -19.497 -2.072 7.5 -19.52 -2.065 7.5 -19.187 -2.2 5 -19.339 -2.127
4 16 5 -19.497 -2.072 5 -19.661 -2.033 7.5 -19.874 -2.01 7.5 -19.52 -2.065
4 16 5 -20.341 -2.061 7.5 -20.232 -2.036 7.5 -19.874 -2.01 5 -20.003 -2.01
4 16 5 -20.661 -2.186 7.5 -20.574 -2.144 7.5 -20.232 -2.036 5 -20.341 -2.061
4 16 5 -20.945 -2.377 7.5 -20.882 -2.326 7.5 -20.574 -2.144 5 -20.661 -2.186
4 16 5 -21.181 -2.625 7.5 -21.141 -2.575 7.5 -20.882 -2.326 5 -20.945 -2.377
4 16 3.75 -21.355 -2.914 7.5 -21.337 -2.875 7.5 -21.141 -2.575 5 -21.181 -2.625
4 16 3.75 -21.463 -3.233 7.5 -21.458 -3.213 7.5 -21.337 -2.875 3.75 -21.355 -2.914
4 16 3.75 -21.5 -3.569 7.5 -21.5 -3.569 7.5 -21.458 -3.213 3.75 -21.463 -3.233
4 16 3.75 -21.5 -3.571 7.5 -21.5 -3.571 7.5 -21.5 -3.569 3.75 -21.5 -3.569
4 16 3.75 -21.5 -3.571 3.75 -21.5 -5 7.5 -21.5 -5 7.5 -21.5 -3.571
3 16 7.5 -21.5 -5 7.5 -8 -7.5 7.5 -8 -6.614
4 16 7.5 -15.659 -0.877 7.5 -8 -6.614 7.5 -8 6.614 7.5 -15.517 -0.29
3 16 7.5 -21.5 -5 7.5 -8 -6.614 7.5 -16.835 -2.212
3 16 7.5 -21.5 5 7.5 -8 6.614 7.5 -8 7.5
3 16 7.5 -21.5 5 7.5 -16.857 2.223 7.5 -8 6.614
3 16 7.5 -16.835 -2.212 7.5 -17.4 -2.427 7.5 -21.5 -5
3 16 7.5 -21.5 -5 7.5 -17.4 -2.427 7.5 -18 -2.5
3 16 7.5 -21.5 -5 7.5 -18 -2.5 7.5 -18.411 -2.466
3 16 7.5 -21.5 -5 7.5 -18.411 -2.466 7.5 -18.81 -2.365
3 16 7.5 -21.5 5 7.5 -17.424 2.433 7.5 -16.857 2.223
3 16 7.5 -21.5 5 7.5 -18.025 2.5 7.5 -17.424 2.433
3 16 7.5 -18.625 2.421 7.5 -18.025 2.5 7.5 -21.5 5
4 16 7.5 -21.5 5 3.75 -21.5 5 3.75 -21.5 3.571 7.5 -21.5 3.571
4 16 10 -8 0 9.837 -8 1.797 7.5 -8 6.614 7.5 -8 -6.614
4 16 4.821 0 -5.745 5.745 0 -4.821 7.66 0 -6.428 6.428 0 -7.66
4 16 6.495 0 -3.75 8.66 0 -5 7.66 0 -6.428 5.745 0 -4.821
4 16 4.821 0 -5.745 6.428 0 -7.66 5 0 -8.66 3.75 0 -6.495
4 16 3.42 0 -9.397 2.565 0 -7.048 3.75 0 -6.495 5 0 -8.66
4 16 9.397 0 -3.42 8.66 0 -5 6.495 0 -3.75 7.048 0 -2.565
4 16 2.565 0 -7.048 3.42 0 -9.397 1.736 0 -9.848 1.302 0 -7.386
4 16 9.848 0 -1.736 9.397 0 -3.42 7.048 0 -2.565 7.386 0 -1.302
4 16 1.302 0 -7.386 1.736 0 -9.848 0 0 -10 0 0 -7.5
4 16 7.386 0 -1.302 7.5 0 0 10 0 0 9.848 0 -1.736
4 16 7.5 0 0 7.386 0 1.302 9.848 0 1.736 10 0 0
4 16 -1.302 0 -7.386 0 0 -7.5 0 0 -10 -1.736 0 -9.848
4 16 7.048 0 2.565 9.397 0 3.42 9.848 0 1.736 7.386 0 1.302
4 16 -3.42 0 -9.397 -2.565 0 -7.048 -1.302 0 -7.386 -1.736 0 -9.848
4 16 7.048 0 2.565 6.495 0 3.75 8.66 0 5 9.397 0 3.42
4 16 -5 0 -8.66 -3.75 0 -6.495 -2.565 0 -7.048 -3.42 0 -9.397
4 16 5.745 0 4.821 7.66 0 6.428 8.66 0 5 6.495 0 3.75
4 16 -6.428 0 -7.66 -4.821 0 -5.745 -3.75 0 -6.495 -5 0 -8.66
4 16 6.428 0 7.66 7.66 0 6.428 5.745 0 4.821 4.821 0 5.745
4 16 -5.745 0 -4.821 -4.821 0 -5.745 -6.428 0 -7.66 -7.66 0 -6.428
4 16 6.428 0 7.66 4.821 0 5.745 3.75 0 6.495 5 0 8.66
4 16 -8.66 0 -5 -6.495 0 -3.75 -5.745 0 -4.821 -7.66 0 -6.428
4 16 2.565 0 7.048 3.42 0 9.397 5 0 8.66 3.75 0 6.495
4 16 -7.048 0 -2.565 -6.495 0 -3.75 -8.66 0 -5 -9.397 0 -3.42
4 16 3.42 0 9.397 2.565 0 7.048 1.302 0 7.386 1.736 0 9.848
4 16 -7.386 0 -1.302 -7.048 0 -2.565 -9.397 0 -3.42 -9.848 0 -1.736
4 16 -9.848 0 -1.736 -10 0 0 -7.5 0 0 -7.386 0 -1.302
4 16 -1.302 0 7.386 -1.736 0 9.848 0 0 10 0 0 7.5
4 16 -7.386 0 1.302 -7.5 0 0 -10 0 0 -9.848 0 1.736
4 16 -1.736 0 9.848 -1.302 0 7.386 -2.565 0 7.048 -3.42 0 9.397
4 16 -9.848 0 1.736 -9.397 0 3.42 -7.048 0 2.565 -7.386 0 1.302
4 16 -3.42 0 9.397 -2.565 0 7.048 -3.75 0 6.495 -5 0 8.66
4 16 -9.397 0 3.42 -8.66 0 5 -6.495 0 3.75 -7.048 0 2.565
4 16 -5 0 8.66 -3.75 0 6.495 -4.821 0 5.745 -6.428 0 7.66
4 16 -8.66 0 5 -7.66 0 6.428 -5.745 0 4.821 -6.495 0 3.75
4 16 -6.428 0 7.66 -4.821 0 5.745 -5.745 0 4.821 -7.66 0 6.428
4 16 3.75 -8 -7.5 6.614 -8 -7.5 7.5 -21.5 -5 3.75 -21.5 -5
4 16 3.75 -21.181 -2.625 3.75 -18 -2.625 3.75 -21.5 -5 3.75 -21.5 -3.571
4 16 3.75 -18 -2.625 3.75 -17.372 -2.549 3.75 -8 -7.5 3.75 -21.5 -5
4 16 3.75 -21.5 5 3.75 -18 2.625 3.75 -21.181 2.625 3.75 -21.5 3.571
4 16 3.75 -18 2.625 3.75 -21.5 5 3.75 -8 7.5 3.75 -17.372 2.549
4 16 3.75 -8 7.5 3.75 -8 -7.5 3.75 -15.546 -0.931 3.75 -15.394 -0.316
4 16 3.75 -8 7.5 3.75 -21.5 5 7.5 -21.5 5 6.614 -8 7.5
4 16 -5 -18.594 2.557 -5 -21.181 2.625 -5 -20.945 2.377 -5 -19.157 2.356
4 16 -5 -20.341 2.061 -5 -19.157 2.356 -5 -20.945 2.377 -5 -20.661 2.186
4 16 -5 -19.661 2.033 -5 -19.157 2.356 -5 -20.341 2.061 -5 -20.003 2.01
4 16 -5 -20.945 -2.377 -5 -21.181 -2.625 -5 -18.594 -2.557 -5 -19.157 -2.356
4 16 -5 -20.341 -2.061 -5 -20.661 -2.186 -5 -20.945 -2.377 -5 -19.157 -2.356
4 16 -5 -19.661 -2.033 -5 -20.003 -2.01 -5 -20.341 -2.061 -5 -19.157 -2.356
4 16 -5 -18 2.625 -3.75 -18 2.625 -3.75 -21.181 2.625 -5 -21.181 2.625
4 16 -3.75 -18 -2.625 -3.75 -17.372 -2.549 -5 -17.372 -2.549 -5 -18 -2.625
4 16 -3.75 -17.372 -2.549 -3.75 -16.78 -2.324 -5 -16.78 -2.324 -5 -17.372 -2.549
4 16 -3.75 -16.78 -2.324 -3.75 -16.259 -1.965 -5 -16.259 -1.965 -5 -16.78 -2.324
4 16 -3.75 -16.259 -1.965 -3.75 -15.84 -1.491 -5 -15.84 -1.491 -5 -16.259 -1.965
4 16 -3.75 -15.546 -0.931 -5 -15.546 -0.931 -5 -15.84 -1.491 -3.75 -15.84 -1.491
4 16 -3.75 -15.546 -0.931 -3.75 -15.394 -0.316 -5 -15.394 -0.316 -5 -15.546 -0.931
4 16 -3.75 -15.394 -0.316 -3.75 -15.394 0.316 -5 -15.394 0.316 -5 -15.394 -0.316
4 16 -3.75 -15.394 0.316 -3.75 -15.546 0.931 -5 -15.546 0.931 -5 -15.394 0.316
4 16 -3.75 -15.546 0.931 -3.75 -15.84 1.491 -5 -15.84 1.491 -5 -15.546 0.931
4 16 -3.75 -15.84 1.491 -3.75 -16.259 1.965 -5 -16.259 1.965 -5 -15.84 1.491
4 16 -3.75 -16.259 1.965 -3.75 -16.78 2.324 -5 -16.78 2.324 -5 -16.259 1.965
4 16 -3.75 -16.78 2.324 -3.75 -17.372 2.549 -5 -17.372 2.549 -5 -16.78 2.324
4 16 -5 -18 2.625 -5 -17.372 2.549 -3.75 -17.372 2.549 -3.75 -18 2.625
4 16 -5 -18 -2.625 -5 -21.181 -2.625 -3.75 -21.181 -2.625 -3.75 -18 -2.625
4 16 -1.797 -8 -9.837 -1.736 0 -9.848 0 0 -10 0 -8 -10
4 16 -3.536 -8 -9.354 -3.42 0 -9.397 -1.736 0 -9.848 -1.797 -8 -9.837
4 16 -5.159 -8 -8.567 -5 0 -8.66 -3.42 0 -9.397 -3.536 -8 -9.354
4 16 -6.614 -8 -7.5 -6.428 0 -7.66 -5 0 -8.66 -5.159 -8 -8.567
4 16 -7.217 -8 -6.922 -7.66 0 -6.428 -6.428 0 -7.66 -6.922 -8 -7.217
4 16 -8.66 0 -5 -7.66 0 -6.428 -7.5 -8 -6.614 -8.567 -8 -5.159
4 16 -9.397 0 -3.42 -8.66 0 -5 -8.567 -8 -5.159 -9.354 -8 -3.536
4 16 -9.848 0 -1.736 -9.397 0 -3.42 -9.354 -8 -3.536 -9.837 -8 -1.797
4 16 -10 0 0 -9.848 0 -1.736 -9.837 -8 -1.797 -10 -8 0
4 16 -9.837 -8 1.797 -9.848 0 1.736 -10 0 0 -10 -8 0
4 16 -9.848 0 1.736 -9.837 -8 1.797 -9.354 -8 3.536 -9.397 0 3.42
4 16 -9.397 0 3.42 -9.354 -8 3.536 -8.567 -8 5.159 -8.66 0 5
4 16 -8.66 0 5 -8.567 -8 5.159 -7.5 -8 6.614 -7.66 0 6.428
4 16 -6.428 0 7.66 -7.66 0 6.428 -7.217 -8 6.922 -6.922 -8 7.217
4 16 -5 0 8.66 -6.428 0 7.66 -6.614 -8 7.5 -5.159 -8 8.567
4 16 -3.42 0 9.397 -5 0 8.66 -5.159 -8 8.567 -3.536 -8 9.354
4 16 -1.736 0 9.848 -3.42 0 9.397 -3.536 -8 9.354 -1.797 -8 9.837
4 16 0 0 10 -1.736 0 9.848 -1.797 -8 9.837 0 -8 10
4 16 0 0 10 0 -8 10 1.797 -8 9.837 1.736 0 9.848
4 16 1.736 0 9.848 1.797 -8 9.837 3.536 -8 9.354 3.42 0 9.397
4 16 5.159 -8 8.567 5 0 8.66 3.42 0 9.397 3.536 -8 9.354
4 16 6.614 -8 7.5 6.428 0 7.66 5 0 8.66 5.159 -8 8.567
4 16 7.217 -8 6.922 7.66 0 6.428 6.428 0 7.66 6.922 -8 7.217
4 16 8.66 0 5 7.66 0 6.428 7.5 -8 6.614 8.567 -8 5.159
4 16 9.397 0 3.42 8.66 0 5 8.567 -8 5.159 9.354 -8 3.536
4 16 9.848 0 1.736 9.397 0 3.42 9.354 -8 3.536 9.837 -8 1.797
4 16 9.837 -8 -1.797 9.848 0 -1.736 10 0 0 10 -8 0
4 16 8.567 -8 -5.159 8.66 0 -5 9.397 0 -3.42 9.354 -8 -3.536
4 16 7.5 -8 -6.614 7.66 0 -6.428 8.66 0 -5 8.567 -8 -5.159
4 16 6.428 0 -7.66 7.66 0 -6.428 7.217 -8 -6.922 6.922 -8 -7.217
4 16 5 0 -8.66 6.428 0 -7.66 6.614 -8 -7.5 5.159 -8 -8.567
4 16 3.42 0 -9.397 5 0 -8.66 5.159 -8 -8.567 3.536 -8 -9.354
4 16 1.736 0 -9.848 3.42 0 -9.397 3.536 -8 -9.354 1.797 -8 -9.837
4 16 0 0 -10 1.736 0 -9.848 1.797 -8 -9.837 0 -8 -10
4 16 1.797 -8 -9.837 3.536 -8 -9.354 5.159 -8 -8.567 3.75 -8 -7.5
4 16 -1.797 -8 -9.837 0 -8 -10 3.75 -8 -7.5 -3.75 -8 -7.5
4 16 -3.75 -8 -7.5 3.75 -8 -7.5 3.75 -8 7.5 -3.75 -8 7.5
4 16 -5.159 -8 -8.567 -3.536 -8 -9.354 -1.797 -8 -9.837 -3.75 -8 -7.5
4 16 1.797 -8 9.837 3.75 -8 7.5 5.159 -8 8.567 3.536 -8 9.354
4 16 -1.797 -8 9.837 -3.75 -8 7.5 3.75 -8 7.5 0 -8 10
4 16 -1.797 -8 9.837 -3.536 -8 9.354 -5.159 -8 8.567 -3.75 -8 7.5
3 16 -7.5 -21.5 5 -7.5 -19.187 2.2 -7.5 -19.52 2.065
4 16 -7.5 -20.232 2.036 -7.5 -21.5 5 -7.5 -19.52 2.065 -7.5 -19.874 2.01
4 16 -7.5 -20.882 2.326 -7.5 -21.5 5 -7.5 -20.232 2.036 -7.5 -20.574 2.144
4 16 -7.5 -21.337 2.875 -7.5 -21.5 5 -7.5 -20.882 2.326 -7.5 -21.141 2.575
4 16 -7.5 -21.5 3.569 -7.5 -21.5 5 -7.5 -21.337 2.875 -7.5 -21.458 3.213
4 16 -7.5 -19.187 2.2 -5 -19.339 2.127 -5 -19.497 2.072 -7.5 -19.52 2.065
4 16 -7.5 -19.874 2.01 -7.5 -19.52 2.065 -5 -19.497 2.072 -5 -19.661 2.033
4 16 -7.5 -19.874 2.01 -5 -20.003 2.01 -5 -20.341 2.061 -7.5 -20.232 2.036
4 16 -7.5 -20.232 2.036 -5 -20.341 2.061 -5 -20.661 2.186 -7.5 -20.574 2.144
4 16 -7.5 -20.574 2.144 -5 -20.661 2.186 -5 -20.945 2.377 -7.5 -20.882 2.326
4 16 -7.5 -20.882 2.326 -5 -20.945 2.377 -5 -21.181 2.625 -7.5 -21.141 2.575
4 16 -7.5 -21.141 2.575 -5 -21.181 2.625 -3.75 -21.355 2.914 -7.5 -21.337 2.875
4 16 -7.5 -21.337 2.875 -3.75 -21.355 2.914 -3.75 -21.463 3.233 -7.5 -21.458 3.213
4 16 -3.75 -21.5 3.569 -7.5 -21.5 3.569 -7.5 -21.458 3.213 -3.75 -21.463 3.233
4 16 -5 -19.187 2.2 -5 -19.157 2.356 -5 -19.497 2.072 -5 -19.339 2.127
4 16 -5 -18.594 2.557 -5 -19.157 2.356 -5 -19.187 2.2 -5 -18.81 2.365
4 16 -5 -18 2.5 -5 -18 2.625 -5 -18.594 2.557 -5 -18.411 2.466
4 16 -5 -18 -2.5 -5 -18 -2.625 -5 -17.372 -2.549 -5 -17.402 -2.427
4 16 -5 -17.402 -2.427 -5 -17.372 -2.549 -5 -16.78 -2.324 -5 -16.838 -2.214
4 16 -5 -16.838 -2.214 -5 -16.78 -2.324 -5 -16.259 -1.965 -5 -16.342 -1.871
4 16 -5 -16.342 -1.871 -5 -16.259 -1.965 -5 -15.84 -1.491 -5 -15.943 -1.42
4 16 -5 -15.546 -0.931 -5 -15.394 -0.316 -5 -15.518 -0.301 -5 -15.662 -0.887
4 16 -5 -15.394 -0.316 -5 -15.394 0.316 -5 -15.518 0.301 -5 -15.518 -0.301
4 16 -5 -17.372 2.549 -5 -18 2.625 -5 -18 2.5 -5 -17.402 2.427
4 16 -5 -15.394 0.316 -5 -15.546 0.931 -5 -15.662 0.887 -5 -15.518 0.301
4 16 -5 -16.78 2.324 -5 -17.372 2.549 -5 -17.402 2.427 -5 -16.838 2.214
4 16 -5 -15.546 0.931 -5 -15.84 1.491 -5 -15.943 1.42 -5 -15.662 0.887
4 16 -5 -16.259 1.965 -5 -16.78 2.324 -5 -16.838 2.214 -5 -16.342 1.871
4 16 -5 -15.84 1.491 -5 -16.259 1.965 -5 -16.342 1.871 -5 -15.943 1.42
4 16 -5 -19.187 -2.2 -5 -19.339 -2.127 -5 -19.497 -2.072 -5 -19.157 -2.356
4 16 -5 -18.594 -2.557 -5 -18.81 -2.365 -5 -19.187 -2.2 -5 -19.157 -2.356
4 16 -5 -18 -2.5 -5 -18.411 -2.466 -5 -18.594 -2.557 -5 -18 -2.625
4 16 -7.5 -19.187 -2.2 -7.5 -19.52 -2.065 -5 -19.497 -2.072 -5 -19.339 -2.127
4 16 -7.5 -19.874 -2.01 -5 -19.661 -2.033 -5 -19.497 -2.072 -7.5 -19.52 -2.065
4 16 -7.5 -19.874 -2.01 -7.5 -20.232 -2.036 -5 -20.341 -2.061 -5 -20.003 -2.01
4 16 -7.5 -20.232 -2.036 -7.5 -20.574 -2.144 -5 -20.661 -2.186 -5 -20.341 -2.061
4 16 -7.5 -20.574 -2.144 -7.5 -20.882 -2.326 -5 -20.945 -2.377 -5 -20.661 -2.186
4 16 -7.5 -20.882 -2.326 -7.5 -21.141 -2.575 -5 -21.181 -2.625 -5 -20.945 -2.377
4 16 -7.5 -21.141 -2.575 -7.5 -21.337 -2.875 -3.75 -21.355 -2.914 -5 -21.181 -2.625
4 16 -7.5 -21.337 -2.875 -7.5 -21.458 -3.213 -3.75 -21.463 -3.233 -3.75 -21.355 -2.914
4 16 -3.75 -21.5 -3.569 -3.75 -21.463 -3.233 -7.5 -21.458 -3.213 -7.5 -21.5 -3.569
3 16 -7.5 -21.5 -5 -7.5 -19.52 -2.065 -7.5 -19.187 -2.2
4 16 -7.5 -20.232 -2.036 -7.5 -19.874 -2.01 -7.5 -19.52 -2.065 -7.5 -21.5 -5
4 16 -7.5 -20.882 -2.326 -7.5 -20.574 -2.144 -7.5 -20.232 -2.036 -7.5 -21.5 -5
4 16 -7.5 -21.337 -2.875 -7.5 -21.141 -2.575 -7.5 -20.882 -2.326 -7.5 -21.5 -5
4 16 -7.5 -21.5 -3.569 -7.5 -21.458 -3.213 -7.5 -21.337 -2.875 -7.5 -21.5 -5
4 16 -3.75 -21.181 -2.625 -3.75 -21.5 -3.571 -3.75 -21.5 -5 -3.75 -18 -2.625
4 16 -3.75 -18 -2.625 -3.75 -21.5 -5 -3.75 -8 -7.5 -3.75 -17.372 -2.549
4 16 -3.75 -21.5 5 -3.75 -21.5 3.571 -3.75 -21.181 2.625 -3.75 -18 2.625
4 16 -3.75 -18 2.625 -3.75 -17.372 2.549 -3.75 -8 7.5 -3.75 -21.5 5
4 16 -3.75 -8 7.5 -3.75 -15.394 -0.316 -3.75 -15.546 -0.931 -3.75 -8 -7.5
4 16 -3.75 -8 -7.5 -3.75 -21.5 -5 -7.5 -21.5 -5 -6.614 -8 -7.5
4 16 -8.567 -8 5.159 -9.354 -8 3.536 -9.837 -8 1.797 -8.567 -8 -5.159
4 16 -7.5 -8 -6.614 -7.5 -8 6.614 -8.567 -8 5.159 -8.567 -8 -5.159
4 16 -7.5 -21.5 5 -3.75 -21.5 5 -3.75 -8 7.5 -6.614 -8 7.5
4 16 -7.5 -21.5 5 -7.5 -21.5 3.571 -3.75 -21.5 3.571 -3.75 -21.5 5
4 16 -5 -18 -2.5 -5 -17.402 -2.427 -7.5 -17.4 -2.427 -7.5 -18 -2.5
4 16 -5 -17.402 -2.427 -5 -16.838 -2.214 -7.5 -16.835 -2.212 -7.5 -17.4 -2.427
4 16 -5 -16.838 -2.214 -5 -16.342 -1.871 -7.5 -16.338 -1.867 -7.5 -16.835 -2.212
4 16 -5 -16.342 -1.871 -5 -15.943 -1.42 -7.5 -15.938 -1.414 -7.5 -16.338 -1.867
4 16 -5 -15.662 -0.887 -5 -15.518 -0.301 -7.5 -15.517 -0.29 -7.5 -15.659 -0.877
4 16 -5 -15.518 -0.301 -5 -15.518 0.301 -7.5 -15.52 0.315 -7.5 -15.517 -0.29
4 16 -5 -15.518 0.301 -5 -15.662 0.887 -7.5 -15.668 0.901 -7.5 -15.52 0.315
4 16 -5 -15.662 0.887 -5 -15.943 1.42 -7.5 -15.953 1.435 -7.5 -15.668 0.901
4 16 -5 -15.943 1.42 -5 -16.342 1.871 -7.5 -16.357 1.884 -7.5 -15.953 1.435
4 16 -5 -16.342 1.871 -5 -16.838 2.214 -7.5 -16.857 2.223 -7.5 -16.357 1.884
4 16 -5 -16.838 2.214 -5 -17.402 2.427 -7.5 -17.424 2.433 -7.5 -16.857 2.223
4 16 -5 -17.402 2.427 -5 -18 2.5 -7.5 -18.025 2.5 -7.5 -17.424 2.433
4 16 -5 -18 2.5 -5 -18.411 2.466 -7.5 -18.625 2.421 -7.5 -18.025 2.5
4 16 -5 -19.187 2.2 -7.5 -19.187 2.2 -7.5 -18.625 2.421 -5 -18.81 2.365
4 16 -5 -19.187 -2.2 -5 -18.81 -2.365 -7.5 -18.81 -2.365 -7.5 -19.187 -2.2
4 16 -5 -18.81 -2.365 -5 -18.411 -2.466 -7.5 -18.411 -2.466 -7.5 -18.81 -2.365
4 16 -7.5 -18 -2.5 -7.5 -18.411 -2.466 -5 -18.411 -2.466 -5 -18 -2.5
4 16 -3.75 -21.5 -3.571 -7.5 -21.5 -3.571 -7.5 -21.5 -5 -3.75 -21.5 -5
4 16 -7.5 -15.659 -0.877 -7.5 -15.517 -0.29 -7.5 -8 6.614 -7.5 -8 -6.614
3 16 -7.5 -21.5 -5 -7.5 -16.835 -2.212 -7.5 -8 -6.614
3 16 -7.5 -21.5 5 -7.5 -8 6.614 -7.5 -16.857 2.223
3 16 -7.5 -21.5 5 -7.5 -8 7.5 -7.5 -8 6.614
3 16 -7.5 -21.5 -5 -7.5 -18 -2.5 -7.5 -17.4 -2.427
3 16 -7.5 -18 -2.5 -7.5 -21.5 -5 -7.5 -18.411 -2.466
3 16 -7.5 -21.5 -5 -7.5 -18.81 -2.365 -7.5 -18.411 -2.466
3 16 -7.5 -21.5 5 -7.5 -16.857 2.223 -7.5 -17.424 2.433
3 16 -7.5 -21.5 5 -7.5 -17.424 2.433 -7.5 -18.025 2.5
3 16 -7.5 -18.625 2.421 -7.5 -21.5 5 -7.5 -18.025 2.5
5 24 3.75 -21.5 -3.571 7.5 -21.5 -3.571 3.75 -21.5 -3.569 3.75 -21.5 -5
2 24 -1.797 -8 -9.837 0 -8 -10
5 24 -3.42 0 9.397 -2.565 0 7.048 -1.736 0 9.848 -5 0 8.66
2 24 2.565 -5.5 7.048 3.75 -5.5 6.495
5 24 -5 -18 2.5 -5 -18 2.625 -5 -18.411 2.466 -5 -17.402 2.427
5 24 -5 -20.945 2.377 -5 -19.157 2.356 -5 -21.181 2.625 -5 -20.661 2.186
5 24 -1.302 -5.5 7.386 -1.302 0 7.386 -2.565 -5.5 7.048 0 -5.5 7.5
5 24 5.745 -5.5 -4.821 5.745 0 -4.821 6.495 -5.5 -3.75 4.821 -5.5 -5.745
2 24 5 -18.81 -2.365 5 -18.411 -2.466
5 24 -8.66 0 -5 -6.495 0 -3.75 -7.66 0 -6.428 -9.397 0 -3.42
2 24 -7.5 -8 -7.5 -7.5 -8 -6.614
5 24 0 0 10 0 0 7.5 1.736 0 9.848 -1.736 0 9.848
5 24 -7.5 -21.5 5 -7.5 -16.857 2.223 -7.5 -8 6.614 -7.5 -17.424 2.433
2 24 -7.5 -19.874 -2.01 -7.5 -20.232 -2.036
5 24 3.75 0 -6.495 5 0 -8.66 4.821 0 -5.745 2.565 0 -7.048
5 24 5 -18 2.5 7.5 -18.025 2.5 5 -17.402 2.427 5 -18.411 2.466
5 24 9.837 -8 1.797 9.848 0 1.736 10 -8 0 9.354 -8 3.536
2 24 5 -16.838 -2.214 5 -16.342 -1.871
5 24 3.75 -5.5 -6.495 3.75 0 -6.495 4.821 -5.5 -5.745 2.565 -5.5 -7.048
2 24 5 -20.945 2.377 5 -20.661 2.186
2 24 5 -20.341 2.061 5 -20.003 2.01
5 24 5.745 -5.5 4.821 5.745 0 4.821 4.821 -5.5 5.745 6.495 -5.5 3.75
5 24 -3.75 -8 7.5 -3.75 -16.259 1.965 -3.75 -15.84 1.491 -3.75 -16.78 2.324
2 24 -5 -16.342 1.871 -5 -15.943 1.42
2 24 -7.5 -15.953 1.435 -7.5 -15.668 0.901
2 24 -7.5 -15.938 -1.414 -7.5 -16.338 -1.867
5 24 -7.5 -18.81 -2.365 -5 -18.81 -2.365 -7.5 -19.187 -2.2 -7.5 -18.411 -2.466
5 24 7.5 -8 -6.614 7.5 -15.938 -1.414 7.5 -15.659 -0.877 7.5 -16.338 -1.867
5 24 8.567 -8 -5.159 8.66 0 -5 9.354 -8 -3.536 7.5 -8 -6.614
2 24 -5 -15.84 1.491 -5 -15.546 0.931
2 24 -5 -20.945 2.377 -5 -20.661 2.186
2 24 -5.159 -8 8.567 -3.536 -8 9.354
2 24 5 -17.402 2.427 5 -16.838 2.214
2 24 7.5 -19.874 -2.01 7.5 -19.52 -2.065
5 24 3.75 -5.5 6.495 3.75 0 6.495 2.565 -5.5 7.048 4.821 -5.5 5.745
2 24 -5 -19.187 -2.2 -5 -18.81 -2.365
2 24 1.736 0 -9.848 3.42 0 -9.397
2 24 5.159 -8 -8.567 6.614 -8 -7.5
5 24 -3.75 -8 7.5 -1.797 -8 9.837 3.75 -8 7.5 -5.159 -8 8.567
2 24 -7.5 -17.424 2.433 -7.5 -16.857 2.223
5 24 -7.5 -21.141 2.575 -5 -21.181 2.625 -7.5 -20.882 2.326 -7.5 -21.337 2.875
5 24 5 -17.402 -2.427 5 -17.372 -2.549 5 -18 -2.5 5 -16.838 -2.214
2 24 9.397 0 -3.42 9.848 0 -1.736
2 24 -3.75 -17.372 -2.549 -3.75 -16.78 -2.324
2 24 3.75 -21.181 2.625 3.75 -21.355 2.914
2 24 4.821 0 5.745 5.745 0 4.821
5 24 -5 0 -8.66 -3.75 0 -6.495 -3.42 0 -9.397 -6.428 0 -7.66
2 24 5 -16.78 -2.324 5 -16.259 -1.965
2 24 -5 -16.838 -2.214 -5 -16.342 -1.871
2 24 3.75 -8 7.5 6.614 -8 7.5
5 24 3.75 -21.5 -3.571 3.75 -21.181 -2.625 3.75 -21.463 -3.233 3.75 -21.5 -5
5 24 7.5 -8 -6.614 7.5 -15.659 -0.877 7.5 -15.938 -1.414 7.5 -8 6.614
2 24 3.75 -16.259 1.965 3.75 -15.84 1.491
2 24 -3.75 0 6.495 -2.565 0 7.048
5 24 -9.848 0 -1.736 -7.386 0 -1.302 -9.397 0 -3.42 -10 0 0
2 24 -6.428 0 -7.66 -5 0 -8.66
5 24 7.5 0 0 10 0 0 7.386 0 -1.302 7.386 0 1.302
5 24 -7.5 -20.882 -2.326 -5 -20.945 -2.377 -7.5 -20.574 -2.144 -7.5 -21.141 -2.575
2 24 5 -19.187 2.2 5 -18.81 2.365
5 24 5 -20.945 -2.377 7.5 -20.882 -2.326 5 -20.661 -2.186 5 -21.181 -2.625
2 24 9.354 -8 -3.536 9.837 -8 -1.797
2 24 7.048 -5.5 -2.565 7.386 -5.5 -1.302
5 24 3.75 -21.355 2.914 7.5 -21.337 2.875 5 -21.181 2.625 3.75 -21.463 3.233
2 24 1.302 0 -7.386 2.565 0 -7.048
2 24 -7.5 -19.52 2.065 -7.5 -19.187 2.2
2 24 5 -20.341 -2.061 5 -20.003 -2.01
5 24 -7.5 -21.337 -2.875 -3.75 -21.355 -2.914 -7.5 -21.141 -2.575 -7.5 -21.458 -3.213
2 24 5 -21.181 -2.625 5 -18 -2.625
5 24 5 -19.497 -2.072 7.5 -19.52 -2.065 5 -19.339 -2.127 5 -19.661 -2.033
5 24 7.5 -21.5 5 7.5 -8 6.614 7.5 -8 7.5 7.5 -16.857 2.223
5 24 -3.75 -21.5 -3.571 -3.75 -21.181 -2.625 -3.75 -21.463 -3.233 -3.75 -21.5 -5
5 24 5 -15.662 -0.887 7.5 -15.659 -0.877 5 -15.943 -1.42 5 -15.518 -0.301
2 24 -3.75 -8 -7.5 -3.75 -8 7.5
5 24 5 -16.342 -1.871 5 -16.259 -1.965 5 -16.838 -2.214 5 -15.943 -1.42
2 24 3.75 -21.5 3.569 3.75 -21.5 3.571
5 24 -7.5 -19.52 -2.065 -7.5 -21.5 -5 -7.5 -19.187 -2.2 -7.5 -19.874 -2.01
5 24 3.75 -17.372 -2.549 5 -17.372 -2.549 3.75 -18 -2.625 3.75 -16.78 -2.324
2 24 -4.821 0 5.745 -3.75 0 6.495
2 24 -3.75 -21.5 -3.569 -3.75 -21.463 -3.233
2 24 3.75 -5.5 -6.495 4.821 -5.5 -5.745
2 24 -5 -18.81 -2.365 -5 -18.411 -2.466
5 24 -9.848 0 1.736 -7.386 0 1.302 -10 0 0 -9.397 0 3.42
2 24 -7.5 -20.574 2.144 -7.5 -20.232 2.036
2 24 -9.397 0 3.42 -8.66 0 5
2 24 5 -15.546 0.931 5 -15.394 0.316
2 24 5 -21.181 2.625 5 -20.945 2.377
2 24 -5 -18.411 -2.466 -5 -18 -2.5
2 24 -7.5 -16.357 1.884 -7.5 -15.953 1.435
5 24 -7.5 -16.357 1.884 -7.5 -8 6.614 -7.5 -16.857 2.223 -7.5 -15.953 1.435
2 24 -8.66 0 5 -7.66 0 6.428
5 24 1.302 -5.5 -7.386 3.75 -5.5 -6.495 2.565 -5.5 -7.048 -5.745 -5.5 -4.821
5 24 1.797 -8 -9.837 3.75 -8 -7.5 0 -8 -10 3.536 -8 -9.354
5 24 -5 -15.662 -0.887 -5 -15.546 -0.931 -5 -15.943 -1.42 -5 -15.518 -0.301
2 24 5 -17.402 -2.427 5 -16.838 -2.214
2 24 -5 -20.661 2.186 -5 -20.341 2.061
5 24 -7.5 -19.874 2.01 -5 -19.661 2.033 -5 -20.003 2.01 -7.5 -19.52 2.065
2 24 0 0 -10 1.736 0 -9.848
2 24 7.5 -8 -7.5 7.5 -8 -6.614
2 24 -5.159 -8 -8.567 -3.536 -8 -9.354
5 24 -5 -16.259 -1.965 -3.75 -16.259 -1.965 -5 -16.78 -2.324 -5 -15.84 -1.491
2 24 -7.5 0 0 -7.386 0 -1.302
2 24 -8.567 -8 -5.159 -7.5 -8 -6.614
5 24 3.75 -21.463 -3.233 3.75 -21.181 -2.625 3.75 -21.355 -2.914 3.75 -21.5 -3.571
5 24 -7.5 -21.5 -5 -7.5 -21.337 -2.875 -7.5 -20.882 -2.326 -7.5 -21.5 -3.569
5 24 7.5 -8 -6.614 7.5 -16.835 -2.212 7.5 -16.338 -1.867 7.5 -21.5 -5
5 24 5 -16.838 -2.214 7.5 -16.835 -2.212 5 -17.402 -2.427 5 -16.342 -1.871
2 24 -6.495 0 3.75 -5.745 0 4.821
5 24 5 -15.518 -0.301 7.5 -15.517 -0.29 5 -15.662 -0.887 5 -15.518 0.301
5 24 -7.5 -21.5 5 -7.5 -19.52 2.065 -7.5 -19.187 2.2 -7.5 -20.232 2.036
2 24 3.75 -21.463 3.233 3.75 -21.5 3.569
5 24 -5 -15.662 0.887 -5 -15.546 0.931 -5 -15.518 0.301 -5 -15.943 1.42
2 24 7.048 0 -2.565 7.386 0 -1.302
5 24 -3.75 -21.463 -3.233 -3.75 -21.181 -2.625 -3.75 -21.355 -2.914 -3.75 -21.5 -3.571
5 24 10 -8 0 10 0 0 9.837 -8 1.797 9.837 -8 -1.797
2 24 7.5 -15.52 0.315 7.5 -15.517 -0.29
5 24 3.75 -21.5 -3.569 7.5 -21.5 -3.569 3.75 -21.463 -3.233 3.75 -21.5 -3.571
5 24 7.048 -5.5 2.565 7.048 0 2.565 6.495 -5.5 3.75 7.386 -5.5 1.302
2 24 -3.536 -8 9.354 -1.797 -8 9.837
5 24 -7.5 -16.357 1.884 -5 -16.342 1.871 -7.5 -15.953 1.435 -7.5 -16.857 2.223
5 24 -7.5 -8 -7.5 -6.922 -8 -7.217 -7.217 -8 -6.922 -6.614 -8 -7.5
2 24 -5 -15.546 0.931 -5 -15.394 0.316
2 24 5 -18.411 2.466 5 -18 2.5
5 24 3.75 -15.84 1.491 3.75 -8 7.5 3.75 -16.259 1.965 3.75 -15.546 0.931
2 24 3.75 -21.5 -3.569 3.75 -21.463 -3.233
5 24 3.75 -21.5 5 3.75 -18 2.625 3.75 -21.5 3.571 3.75 -8 7.5
2 24 7.5 -17.424 2.433 7.5 -16.857 2.223
2 24 -5 -17.402 -2.427 -5 -16.838 -2.214
2 24 -6.614 -8 -7.5 -3.75 -8 -7.5
2 24 0 0 10 1.736 0 9.848
2 24 7.5 -17.4 -2.427 7.5 -16.835 -2.212
5 24 -7.5 -15.668 0.901 -7.5 -8 6.614 -7.5 -15.953 1.435 -7.5 -15.52 0.315
2 24 5 -18 2.5 5 -17.402 2.427
2 24 3.75 -17.372 -2.549 3.75 -16.78 -2.324
2 24 8.567 -8 -5.159 9.354 -8 -3.536
2 24 0 -5.5 7.5 1.302 -5.5 7.386
5 24 -5 -20.945 -2.377 -5 -19.157 -2.356 -5 -21.181 -2.625 -5 -20.661 -2.186
2 24 -7.5 -19.874 2.01 -7.5 -20.232 2.036
5 24 6.922 -8 7.217 7.5 -8 7.5 6.614 -8 7.5 7.217 -8 6.922
5 24 -6.614 -8 -7.5 -6.428 0 -7.66 -6.922 -8 -7.217 -5.159 -8 -8.567
5 24 7.048 -5.5 -2.565 7.048 0 -2.565 7.386 -5.5 -1.302 6.495 -5.5 -3.75
2 24 -1.302 -5.5 7.386 0 -5.5 7.5
5 24 7.5 -21.5 -5 7.5 -20.882 -2.326 7.5 -20.232 -2.036 7.5 -21.337 -2.875
2 24 1.302 -5.5 7.386 2.565 -5.5 7.048
5 24 -5 -18.594 2.557 -5 -21.181 2.625 -5 -18 2.625 -5 -19.157 2.356
5 24 -5.745 -5.5 4.821 -5.745 0 4.821 -6.495 -5.5 3.75 -4.821 -5.5 5.745
2 24 5 0 -8.66 6.428 0 -7.66
2 24 9.837 -8 -1.797 10 -8 0
2 24 -5 -20.945 -2.377 -5 -21.181 -2.625
2 24 -2.565 -5.5 7.048 -1.302 -5.5 7.386
2 24 -7.048 0 2.565 -6.495 0 3.75
2 24 7.5 -18.411 -2.466 7.5 -18 -2.5
5 24 5 -19.339 -2.127 7.5 -19.187 -2.2 5 -19.187 -2.2 5 -19.497 -2.072
5 24 7.5 -8 -6.614 7.5 -16.338 -1.867 7.5 -15.938 -1.414 7.5 -16.835 -2.212
5 24 -7.048 -5.5 -2.565 -7.048 0 -2.565 -6.495 -5.5 -3.75 -7.386 -5.5 -1.302
5 24 -7.5 -19.52 2.065 -5 -19.497 2.072 -7.5 -19.187 2.2 -7.5 -19.874 2.01
2 24 -1.797 -8 9.837 0 -8 10
5 24 -7.5 -21.5 -5 -7.5 -20.232 -2.036 -7.5 -19.52 -2.065 -7.5 -20.882 -2.326
5 24 -5 -15.394 0.316 -3.75 -15.394 0.316 -5 -15.394 -0.316 -5 -15.546 0.931
2 24 5 -15.84 -1.491 5 -15.546 -0.931
2 24 -5 -19.339 2.127 -5 -19.187 2.2
5 24 -3.536 -8 9.354 -3.42 0 9.397 -5.159 -8 8.567 -1.797 -8 9.837
5 24 7.5 -21.5 5 7.5 -20.232 2.036 7.5 -19.52 2.065 7.5 -20.882 2.326
5 24 3.75 -21.5 3.571 3.75 -21.181 2.625 3.75 -21.355 2.914 3.75 -21.5 5
5 24 0 -8 -10 0 0 -10 -1.797 -8 -9.837 1.797 -8 -9.837
5 24 -7.5 -18.411 -2.466 -5 -18.411 -2.466 -7.5 -18.81 -2.365 -7.5 -18 -2.5
5 24 -7.5 -15.659 -0.877 -5 -15.662 -0.887 -7.5 -15.938 -1.414 -7.5 -15.517 -0.29
5 24 7.5 -21.5 3.569 7.5 -21.5 5 7.5 -21.5 3.571 7.5 -21.458 3.213
5 24 -7.5 -18 -2.5 -5 -18 -2.5 -7.5 -17.4 -2.427 -7.5 -18.411 -2.466
2 24 9.848 0 1.736 10 0 0
2 24 -9.354 -8 -3.536 -8.567 -8 -5.159
2 24 7.5 -16.857 2.223 7.5 -16.357 1.884
2 24 7.5 -16.835 -2.212 7.5 -16.338 -1.867
5 24 -7.5 -15.938 -1.414 -7.5 -8 -6.614 -7.5 -15.659 -0.877 -7.5 -16.338 -1.867
5 24 7.5 -21.5 -5 7.5 -18.81 -2.365 7.5 -19.187 -2.2 7.5 -18.411 -2.466
2 24 9.397 0 3.42 9.848 0 1.736
5 24 -5 -15.546 -0.931 -3.75 -15.546 -0.931 -5 -15.84 -1.491 -5 -15.394 -0.316
2 24 -5 -17.402 2.427 -5 -18 2.5
5 24 -7.5 -21.337 2.875 -3.75 -21.355 2.914 -7.5 -21.141 2.575 -7.5 -21.458 3.213
5 24 3.75 -16.259 -1.965 5 -16.259 -1.965 3.75 -16.78 -2.324 3.75 -15.84 -1.491
5 24 5 -15.943 1.42 7.5 -15.953 1.435 5 -16.342 1.871 5 -15.662 0.887
5 24 -3.75 -17.372 2.549 -3.75 -8 7.5 -3.75 -16.78 2.324 -3.75 -18 2.625
2 24 6.428 0 7.66 7.66 0 6.428
2 24 -7.5 -21.5 -5 -3.75 -21.5 -5
2 24 -5.745 -5.5 -4.821 -4.821 -5.5 -5.745
2 24 6.614 -8 7.5 7.5 -8 7.5
5 24 -7.5 -8 7.5 -6.922 -8 7.217 -7.217 -8 6.922 -6.614 -8 7.5
2 24 -5 -20.945 -2.377 -5 -20.661 -2.186
2 24 -3.75 -21.5 3.571 -3.75 -21.5 5
2 24 -3.75 -21.5 3.569 -3.75 -21.463 3.233
2 24 -10 0 0 -9.848 0 -1.736
2 24 5 0 8.66 6.428 0 7.66
5 24 6.428 0 -7.66 6.614 -8 -7.5 6.922 -8 -7.217 5 0 -8.66
5 24 -7.5 -19.874 -2.01 -5 -19.661 -2.033 -5 -20.003 -2.01 -7.5 -19.52 -2.065
5 24 3.75 -21.463 3.233 3.75 -21.5 3.571 3.75 -21.5 3.569 3.75 -21.355 2.914
5 24 -7.5 -21.5 -3.571 -3.75 -21.5 -3.571 -7.5 -21.5 -3.569 -7.5 -21.5 -5
2 24 3.75 -5.5 6.495 4.821 -5.5 5.745
2 24 -5 -19.661 -2.033 -5 -19.497 -2.072
5 24 7.5 -8 6.614 7.66 0 6.428 7.217 -8 6.922 8.567 -8 5.159
5 24 -5 -18.594 -2.557 -5 -18.411 -2.466 -5 -18.81 -2.365 -5 -18 -2.625
2 24 -7.5 -8 -6.614 -7.5 -8 6.614
2 24 -5 -15.546 -0.931 -5 -15.394 -0.316
2 24 -7.66 0 6.428 -6.428 0 7.66
5 24 4.821 0 -5.745 6.428 0 -7.66 5.745 0 -4.821 3.75 0 -6.495
5 24 -10 0 0 -10 -8 0 -9.848 0 -1.736 -9.848 0 1.736
2 24 -3.75 -5.5 -6.495 -2.565 -5.5 -7.048
2 24 4.821 -5.5 -5.745 5.745 -5.5 -4.821
2 24 -7.5 -5.5 0 -7.386 -5.5 1.302
5 24 -7.5 -20.574 2.144 -5 -20.661 2.186 -7.5 -20.232 2.036 -7.5 -20.882 2.326
2 24 7.5 -8 -6.614 8.567 -8 -5.159
2 24 -1.302 0 -7.386 0 0 -7.5
5 24 -7.5 -16.857 2.223 -5 -16.838 2.214 -7.5 -16.357 1.884 -7.5 -17.424 2.433
2 24 -3.75 -17.372 2.549 -3.75 -16.78 2.324
5 24 0 -8 10 3.75 -8 7.5 1.797 -8 9.837 -1.797 -8 9.837
2 24 5.745 -5.5 -4.821 6.495 -5.5 -3.75
2 24 -7.048 -5.5 2.565 -6.495 -5.5 3.75
2 24 -6.495 -5.5 3.75 -5.745 -5.5 4.821
2 24 -1.302 0 7.386 0 0 7.5
5 24 6.428 0 7.66 6.614 -8 7.5 6.922 -8 7.217 5 0 8.66
5 24 -7.5 -16.338 -1.867 -7.5 -8 -6.614 -7.5 -15.938 -1.414 -7.5 -16.835 -2.212
2 24 -7.5 -15.938 -1.414 -7.5 -15.659 -0.877
2 24 7.5 -21.5 -5 7.5 -8 -7.5
5 24 6.495 -5.5 -3.75 7.386 -5.5 -1.302 7.048 -5.5 -2.565 5.745 -5.5 -4.821
2 24 -5 -15.662 0.887 -5 -15.943 1.42
2 24 -7.5 -21.5 -3.569 -7.5 -21.5 -3.571
5 24 -5 -18.594 -2.557 -5 -18 -2.625 -5 -21.181 -2.625 -5 -18.411 -2.466
5 24 5.745 0 4.821 7.66 0 6.428 6.495 0 3.75 4.821 0 5.745
2 24 6.495 -5.5 3.75 7.048 -5.5 2.565
2 24 -9.397 0 -3.42 -8.66 0 -5
5 24 -7.5 -21.5 -5 -7.5 -16.835 -2.212 -7.5 -17.4 -2.427 -7.5 -8 -6.614
5 24 -7.386 -5.5 -1.302 -7.386 0 -1.302 -7.048 -5.5 -2.565 -7.5 -5.5 0
2 24 7.5 -21.5 -5 7.5 -21.5 -3.571
5 24 5 -20.661 -2.186 7.5 -20.574 -2.144 5 -20.341 -2.061 5 -20.945 -2.377
5 24 7.217 -8 -6.922 7.66 0 -6.428 7.5 -8 -6.614 6.922 -8 -7.217
5 24 -7.5 -21.5 -5 -7.5 -19.187 -2.2 -7.5 -18.81 -2.365 -7.5 -19.52 -2.065
5 24 -7.048 -5.5 2.565 -7.048 0 2.565 -7.386 -5.5 1.302 -6.495 -5.5 3.75
2 24 -2.565 0 -7.048 -1.302 0 -7.386
2 24 4.821 -5.5 5.745 5.745 -5.5 4.821
2 24 5 -18 2.625 5 -17.372 2.549
2 24 7.5 -18.625 2.421 7.5 -19.187 2.2
5 24 7.5 -21.5 5 7.5 -17.424 2.433 7.5 -16.857 2.223 7.5 -18.025 2.5
2 24 3.75 -17.372 2.549 3.75 -16.78 2.324
2 24 -8.66 0 -5 -7.66 0 -6.428
5 24 1.797 -8 9.837 3.75 -8 7.5 0 -8 10 3.536 -8 9.354
2 24 1.736 0 9.848 3.42 0 9.397
2 24 8.66 0 -5 9.397 0 -3.42
2 24 7.5 -16.357 1.884 7.5 -15.953 1.435
5 24 9.354 -8 -3.536 9.397 0 -3.42 9.837 -8 -1.797 8.567 -8 -5.159
2 24 -5 -18.81 2.365 -5 -18.411 2.466
2 24 -7.5 -16.357 1.884 -7.5 -16.857 2.223
5 24 -5 -18.594 -2.557 -5 -18.81 -2.365 -5 -18.411 -2.466 -5 -19.157 -2.356
2 24 -7.5 -21.5 5 -7.5 -21.5 3.571
2 24 6.922 -8 7.217 7.217 -8 6.922
2 24 7.5 -19.874 2.01 7.5 -20.232 2.036
2 24 3.75 0 -6.495 4.821 0 -5.745
5 24 5 -20.341 -2.061 7.5 -20.232 -2.036 5 -20.003 -2.01 5 -20.661 -2.186
5 24 -9.848 0 1.736 -9.837 -8 1.797 -10 0 0 -9.397 0 3.42
2 24 7.5 -19.52 -2.065 7.5 -19.187 -2.2
5 24 -6.495 -5.5 3.75 -6.495 0 3.75 -7.048 -5.5 2.565 -5.745 -5.5 4.821
5 24 4.821 -5.5 -5.745 4.821 -5.5 5.745 3.75 -5.5 6.495 5.745 -5.5 -4.821
5 24 -5 -18 2.625 -3.75 -18 2.625 -5 -21.181 2.625 -5 -17.372 2.549
2 24 -5 -15.394 -0.316 -5 -15.394 0.316
5 24 -2.565 -5.5 -7.048 -2.565 0 -7.048 -1.302 -5.5 -7.386 -3.75 -5.5 -6.495
2 24 0 0 -7.5 1.302 0 -7.386
5 24 -3.75 -8 7.5 -3.75 -15.394 0.316 -3.75 -15.546 0.931 -3.75 -15.394 -0.316
2 24 5 -15.84 1.491 5 -15.546 0.931
2 24 -3.75 -15.546 0.931 -3.75 -15.394 0.316
2 24 -3.75 -21.463 -3.233 -3.75 -21.355 -2.914
2 24 3.75 -15.84 -1.491 3.75 -15.546 -0.931
5 24 3.75 -21.463 -3.233 7.5 -21.458 -3.213 3.75 -21.355 -2.914 3.75 -21.5 -3.569
2 24 3.75 -15.394 0.316 3.75 -15.394 -0.316
5 24 7.5 -21.5 -5 7.5 -18.411 -2.466 7.5 -18 -2.5 7.5 -18.81 -2.365
2 24 5 -15.546 -0.931 5 -15.394 -0.316
2 24 3.75 -21.463 3.233 3.75 -21.355 2.914
2 24 0 -8 -10 1.797 -8 -9.837
5 24 -1.736 0 -9.848 -1.302 0 -7.386 0 0 -10 -3.42 0 -9.397
2 24 3.75 -21.181 -2.625 3.75 -18 -2.625
5 24 7.5 -15.668 0.901 7.5 -8 6.614 7.5 -15.953 1.435 7.5 -15.52 0.315
5 24 -7.5 -21.5 5 -7.5 -17.424 2.433 -7.5 -16.857 2.223 -7.5 -18.025 2.5
2 24 -5 -17.372 -2.549 -5 -18 -2.625
2 24 5 -15.662 0.887 5 -15.943 1.42
2 24 -7.048 -5.5 -2.565 -6.495 -5.5 -3.75
2 24 -3.75 -15.394 0.316 -3.75 -15.394 -0.316
2 24 -3.42 0 9.397 -1.736 0 9.848
5 24 5 -16.342 1.871 7.5 -16.357 1.884 5 -15.943 1.42 5 -16.838 2.214
5 24 -5 -19.157 -2.356 -5 -18.594 -2.557 -5 -20.945 -2.377 -5 -19.187 -2.2
2 24 -6.614 -8 7.5 -5.159 -8 8.567
5 24 6.495 0 3.75 8.66 0 5 7.048 0 2.565 5.745 0 4.821
2 24 5 -20.945 -2.377 5 -20.661 -2.186
2 24 5 -18 -2.5 5 -17.402 -2.427
5 24 4.821 -5.5 -5.745 4.821 0 -5.745 5.745 -5.5 -4.821 3.75 -5.5 -6.495
5 24 -7.5 -21.5 5 -7.5 -20.232 2.036 -7.5 -19.52 2.065 -7.5 -20.882 2.326
5 24 5 -17.402 2.427 5 -17.372 2.549 5 -18 2.5 5 -16.838 2.214
2 24 3.75 -21.5 5 7.5 -21.5 5
5 24 -5 -16.78 -2.324 -3.75 -16.78 -2.324 -5 -17.372 -2.549 -5 -16.259 -1.965
5 24 -7.5 -21.5 5 -6.614 -8 7.5 -7.5 -8 7.5 -3.75 -21.5 5
5 24 -3.75 -21.5 -5 -3.75 -18 -2.625 -3.75 -21.5 -3.571 -3.75 -8 -7.5
5 24 3.75 -15.394 0.316 3.75 -8 7.5 3.75 -15.546 0.931 3.75 -15.394 -0.316
2 24 1.797 -8 9.837 3.536 -8 9.354
2 24 7.5 -18.81 -2.365 7.5 -18.411 -2.466
5 24 -5 -16.838 2.214 -5 -16.78 2.324 -5 -17.402 2.427 -5 -16.342 1.871
5 24 4.821 -5.5 5.745 4.821 0 5.745 3.75 -5.5 6.495 5.745 -5.5 4.821
5 24 -5 -19.157 -2.356 -5 -20.341 -2.061 -5 -20.945 -2.377 -5 -19.661 -2.033
2 24 3.536 -8 -9.354 5.159 -8 -8.567
5 24 7.048 0 -2.565 9.397 0 -3.42 6.495 0 -3.75 7.386 0 -1.302
5 24 2.565 0 -7.048 3.42 0 -9.397 3.75 0 -6.495 1.302 0 -7.386
5 24 3.75 -8 -7.5 3.75 -16.78 -2.324 3.75 -16.259 -1.965 3.75 -17.372 -2.549
5 24 3.75 -21.5 3.571 7.5 -21.5 3.571 3.75 -21.5 3.569 3.75 -21.5 5
2 24 -7.386 -5.5 1.302 -7.048 -5.5 2.565
5 24 -3.42 0 -9.397 -2.565 0 -7.048 -1.736 0 -9.848 -5 0 -8.66
2 24 5 -19.187 -2.2 5 -18.81 -2.365
2 24 -7.5 0 0 -7.386 0 1.302
2 24 5 -16.259 1.965 5 -15.84 1.491
5 24 -2.565 -5.5 7.048 -2.565 0 7.048 -3.75 -5.5 6.495 -1.302 -5.5 7.386
2 24 -3.75 -21.181 2.625 -3.75 -21.355 2.914
2 24 5 -20.661 -2.186 5 -20.341 -2.061
5 24 -7.66 0 6.428 -7.5 -8 6.614 -7.217 -8 6.922 -8.66 0 5
5 24 -7.5 -21.5 5 -7.5 -8 6.614 -7.5 -16.857 2.223 -7.5 -8 7.5
2 24 -7.5 -20.574 -2.144 -7.5 -20.232 -2.036
2 24 -6.428 0 7.66 -5 0 8.66
5 24 3.75 -15.84 1.491 5 -15.84 1.491 3.75 -15.546 0.931 3.75 -16.259 1.965
5 24 -7.66 0 6.428 -5.745 0 4.821 -8.66 0 5 -6.428 0 7.66
2 24 -7.386 0 1.302 -7.048 0 2.565
2 24 7.5 -15.938 -1.414 7.5 -15.659 -0.877
5 24 -7.5 -21.5 3.571 -3.75 -21.5 3.571 -7.5 -21.5 3.569 -7.5 -21.5 5
5 24 -5 -15.518 -0.301 -5 -15.394 -0.316 -5 -15.662 -0.887 -5 -15.518 0.301
2 24 5 -16.838 2.214 5 -16.342 1.871
2 24 7.5 -20.574 -2.144 7.5 -20.232 -2.036
5 24 -5 -19.157 -2.356 -5 -19.187 -2.2 -5 -19.497 -2.072 -5 -18.594 -2.557
5 24 -7.5 -19.187 -2.2 -5 -19.339 -2.127 -5 -19.187 -2.2 -7.5 -19.52 -2.065
2 24 -2.565 0 7.048 -1.302 0 7.386
2 24 5 -15.662 -0.887 5 -15.518 -0.301
2 24 -3.75 -16.78 2.324 -3.75 -16.259 1.965
2 24 7.217 -8 -6.922 7.5 -8 -6.614
2 24 -4.821 0 -5.745 -3.75 0 -6.495
5 24 3.75 -8 -7.5 5.159 -8 -8.567 6.614 -8 -7.5 1.797 -8 -9.837
2 24 -5 -15.662 -0.887 -5 -15.518 -0.301
2 24 -3.75 -15.84 1.491 -3.75 -15.546 0.931
2 24 -5 -19.339 2.127 -5 -19.497 2.072
2 24 -7.5 -21.5 5 -7.5 -21.5 3.569
5 24 -7.5 -21.458 3.213 -3.75 -21.463 3.233 -7.5 -21.337 2.875 -7.5 -21.5 3.569
2 24 -3.75 -15.84 -1.491 -3.75 -15.546 -0.931
2 24 7.66 0 6.428 8.66 0 5
2 24 -3.75 -5.5 6.495 -2.565 -5.5 7.048
5 24 -3.75 -8 7.5 -3.75 -16.78 2.324 -3.75 -16.259 1.965 -3.75 -17.372 2.549
5 24 -3.75 -8 -7.5 -1.797 -8 -9.837 3.75 -8 -7.5 -5.159 -8 -8.567
5 24 3.75 -16.78 -2.324 5 -16.78 -2.324 3.75 -16.259 -1.965 3.75 -17.372 -2.549
5 24 7.5 -5.5 0 7.5 0 0 7.386 -5.5 1.302 7.386 -5.5 -1.302
5 24 0 -5.5 7.5 0 0 7.5 -1.302 -5.5 7.386 1.302 -5.5 7.386
2 24 5 -21.181 -2.625 5 -20.945 -2.377
2 24 -5.745 0 4.821 -4.821 0 5.745
5 24 3.75 -21.463 3.233 7.5 -21.458 3.213 3.75 -21.355 2.914 3.75 -21.5 3.569
2 24 -5 -20.003 -2.01 -5 -19.661 -2.033
5 24 -7.5 -20.574 -2.144 -5 -20.661 -2.186 -7.5 -20.232 -2.036 -7.5 -20.882 -2.326
5 24 -7.5 -18.625 2.421 -5 -18.411 2.466 -5 -18.81 2.365 -7.5 -18.025 2.5
2 24 -7.217 -8 -6.922 -6.922 -8 -7.217
5 24 7.5 -21.5 -5 7.5 -19.187 -2.2 7.5 -18.81 -2.365 7.5 -19.52 -2.065
5 24 7.5 -21.5 5 7.5 -19.187 2.2 7.5 -18.625 2.421 7.5 -19.52 2.065
2 24 -3.42 0 -9.397 -1.736 0 -9.848
2 24 -7.5 -19.874 -2.01 -7.5 -19.52 -2.065
5 24 7.386 -5.5 -1.302 7.386 0 -1.302 7.5 -5.5 0 7.048 -5.5 -2.565
2 24 -5 -15.662 -0.887 -5 -15.943 -1.42
2 24 -3.75 -17.372 2.549 -3.75 -18 2.625
5 24 5 0 -8.66 5.159 -8 -8.567 6.428 0 -7.66 3.42 0 -9.397
2 24 -3.75 -21.5 -5 -3.75 -21.5 -3.571
5 24 -3.75 -8 7.5 -3.75 -15.84 1.491 -3.75 -16.259 1.965 -3.75 -15.546 0.931
5 24 9.837 -8 -1.797 9.848 0 -1.736 9.354 -8 -3.536 10 -8 0
2 24 7.5 -8 -6.614 7.5 -8 6.614
5 24 3.75 -15.394 -0.316 3.75 -8 7.5 3.75 -15.394 0.316 3.75 -15.546 -0.931
5 24 -3.75 -18 2.625 -3.75 -21.5 5 -3.75 -21.181 2.625 -3.75 -17.372 2.549
2 24 3.75 -21.355 -2.914 3.75 -21.181 -2.625
5 24 -5 -15.84 -1.491 -3.75 -15.84 -1.491 -5 -16.259 -1.965 -5 -15.546 -0.931
5 24 7.5 -16.857 2.223 7.5 -8 6.614 7.5 -16.357 1.884 7.5 -21.5 5
2 24 -7.5 -18.81 -2.365 -7.5 -19.187 -2.2
2 24 -6.922 -8 -7.217 -6.614 -8 -7.5
2 24 3.42 0 9.397 5 0 8.66
5 24 7.5 -21.5 5 7.5 -19.52 2.065 7.5 -19.187 2.2 7.5 -20.232 2.036
2 24 -5 -21.181 -2.625 -3.75 -21.181 -2.625
2 24 3.536 -8 9.354 5.159 -8 8.567
5 24 -1.797 -8 -9.837 -1.736 0 -9.848 0 -8 -10 -3.536 -8 -9.354
5 24 -7.386 -5.5 1.302 -5.745 -5.5 -4.821 -7.5 -5.5 0 3.75 -5.5 6.495
5 24 -7.66 0 6.428 -7.217 -8 6.922 -7.5 -8 6.614 -6.428 0 7.66
2 24 7.5 -15.668 0.901 7.5 -15.953 1.435
2 24 6.495 0 -3.75 7.048 0 -2.565
5 24 3.75 -15.394 -0.316 5 -15.394 -0.316 3.75 -15.546 -0.931 3.75 -15.394 0.316
2 24 -6.614 -8 -7.5 -5.159 -8 -8.567
2 24 3.75 0 6.495 4.821 0 5.745
2 24 3.75 -21.5 -3.571 3.75 -21.5 -3.569
2 24 3.75 -21.181 2.625 3.75 -18 2.625
5 24 -5 -19.157 2.356 -5 -20.341 2.061 -5 -20.945 2.377 -5 -19.661 2.033
2 24 7.386 0 -1.302 7.5 0 0
2 24 3.75 -8 -7.5 6.614 -8 -7.5
2 24 6.495 0 3.75 7.048 0 2.565
2 24 5 -19.661 -2.033 5 -19.497 -2.072
5 24 -7.5 -21.5 5 -7.5 -21.337 2.875 -7.5 -20.882 2.326 -7.5 -21.5 3.569
5 24 5 -19.661 2.033 7.5 -19.874 2.01 5 -20.003 2.01 5 -19.497 2.072
2 24 -5 0 8.66 -3.42 0 9.397
5 24 -3.75 -17.372 -2.549 -3.75 -8 -7.5 -3.75 -16.78 -2.324 -3.75 -18 -2.625
5 24 -7.5 -21.5 -5 -7.5 -18.411 -2.466 -7.5 -18 -2.5 -7.5 -18.81 -2.365
2 24 -5 -19.661 2.033 -5 -19.497 2.072
2 24 7.5 -20.574 2.144 7.5 -20.232 2.036
2 24 -7.5 -21.458 3.213 -7.5 -21.337 2.875
5 24 6.428 0 -7.66 6.922 -8 -7.217 6.614 -8 -7.5 7.66 0 -6.428
2 24 -7.5 -21.5 5 -3.75 -21.5 5
5 24 -5.159 -8 -8.567 -5 0 -8.66 -3.536 -8 -9.354 -6.614 -8 -7.5
5 24 7.5 -15.517 -0.29 7.5 -8 6.614 7.5 -15.52 0.315 7.5 -15.659 -0.877
5 24 -3.536 -8 -9.354 -3.42 0 -9.397 -1.797 -8 -9.837 -5.159 -8 -8.567
2 24 5 -20.003 -2.01 5 -19.661 -2.033
2 24 6.614 -8 -7.5 6.922 -8 -7.217
2 24 -5 -20.945 2.377 -5 -21.181 2.625
2 24 -3.75 -8 7.5 -3.75 -21.5 5
2 24 5 -15.662 -0.887 5 -15.943 -1.42
2 24 -5 -16.259 1.965 -5 -15.84 1.491
2 24 3.75 -21.5 3.571 3.75 -21.5 5
5 24 -5 -19.157 -2.356 -5 -19.661 -2.033 -5 -19.497 -2.072 -5 -20.341 -2.061
5 24 3.75 -8 -7.5 3.75 -15.84 -1.491 3.75 -15.546 -0.931 3.75 -16.259 -1.965
2 24 -6.614 -8 7.5 -3.75 -8 7.5
5 24 5 -21.181 2.625 7.5 -21.141 2.575 5 -20.945 2.377 3.75 -21.355 2.914
2 24 5 -18.81 2.365 5 -18.411 2.466
2 24 -7.5 -21.5 -3.569 -7.5 -21.458 -3.213
5 24 -7.5 -15.659 -0.877 -7.5 -8 -6.614 -7.5 -15.938 -1.414 -7.5 -15.517 -0.29
2 24 5 -19.339 2.127 5 -19.187 2.2
2 24 -8.567 -8 5.159 -7.5 -8 6.614
5 24 3.75 -15.546 -0.931 5 -15.546 -0.931 3.75 -15.84 -1.491 3.75 -15.394 -0.316
5 24 -6.495 -5.5 3.75 3.75 -5.5 6.495 -7.048 -5.5 2.565 -5.745 -5.5 4.821
5 24 -7.5 -21.5 5 -7.5 -18.625 2.421 -7.5 -19.187 2.2 -7.5 -18.025 2.5
2 24 -7.5 -21.5 -3.569 -7.5 -21.5 -5
5 24 7.386 -5.5 1.302 7.386 0 1.302 7.5 -5.5 0 7.048 -5.5 2.565
2 24 3.75 -15.546 0.931 3.75 -15.394 0.316
5 24 -6.614 -8 7.5 -6.428 0 7.66 -6.922 -8 7.217 -5.159 -8 8.567
2 24 -3.75 -21.5 -3.569 -3.75 -21.5 -3.571
2 24 -7.5 -8 6.614 -7.217 -8 6.922
2 24 5 -15.662 0.887 5 -15.518 0.301
2 24 1.302 -5.5 -7.386 2.565 -5.5 -7.048
2 24 -10 -8 0 -9.837 -8 1.797
5 24 7.5 -20.882 2.326 7.5 -21.5 5 7.5 -20.574 2.144 7.5 -21.141 2.575
2 24 7.5 -15.659 -0.877 7.5 -15.517 -0.29
5 24 -5 0 8.66 -3.75 0 6.495 -3.42 0 9.397 -6.428 0 7.66
2 24 2.565 0 7.048 3.75 0 6.495
5 24 -8.66 0 -5 -8.567 -8 -5.159 -7.66 0 -6.428 -9.397 0 -3.42
5 24 5 -18.411 2.466 7.5 -18.625 2.421 5 -18.81 2.365 5 -18 2.5
2 24 -7.5 -15.52 0.315 -7.5 -15.668 0.901
5 24 -6.428 0 -7.66 -4.821 0 -5.745 -5 0 -8.66 -7.66 0 -6.428
5 24 -7.5 -20.882 2.326 -5 -20.945 2.377 -7.5 -20.574 2.144 -7.5 -21.141 2.575
2 24 -1.302 -5.5 -7.386 0 -5.5 -7.5
5 24 -7.5 -5.5 0 -7.5 0 0 -7.386 -5.5 -1.302 -7.386 -5.5 1.302
5 24 -7.5 -16.338 -1.867 -5 -16.342 -1.871 -7.5 -16.835 -2.212 -7.5 -15.938 -1.414
2 24 3.75 -18 -2.625 3.75 -17.372 -2.549
5 24 5 -20.341 2.061 7.5 -20.232 2.036 5 -20.003 2.01 5 -20.661 2.186
2 24 -7.5 -15.52 0.315 -7.5 -15.517 -0.29
2 24 5.159 -8 8.567 6.614 -8 7.5
2 24 -5 -20.661 -2.186 -5 -20.341 -2.061
5 24 3.75 -21.5 3.571 3.75 -21.355 2.914 3.75 -21.463 3.233 3.75 -21.181 2.625
5 24 -5 -15.943 1.42 -5 -15.84 1.491 -5 -15.662 0.887 -5 -16.342 1.871
2 24 2.565 -5.5 -7.048 3.75 -5.5 -6.495
5 24 3.42 0 9.397 3.536 -8 9.354 1.736 0 9.848 5 0 8.66
5 24 -5 -18.594 2.557 -5 -18.411 2.466 -5 -18.81 2.365 -5 -18 2.625
2 24 -10 -8 0 -9.837 -8 -1.797
5 24 5 -21.181 -2.625 7.5 -21.141 -2.575 5 -20.945 -2.377 3.75 -21.355 -2.914
5 24 -5 -19.157 2.356 -5 -18.594 2.557 -5 -20.945 2.377 -5 -19.187 2.2
5 24 5 -18 -2.5 7.5 -18 -2.5 5 -17.402 -2.427 5 -18.411 -2.466
2 24 5 -19.661 2.033 5 -19.497 2.072
5 24 -7.5 -15.953 1.435 -5 -15.943 1.42 -7.5 -15.668 0.901 -7.5 -16.357 1.884
2 24 7.5 -21.5 3.571 7.5 -21.5 5
5 24 3.75 -18 -2.625 5 -18 -2.625 3.75 -17.372 -2.549 3.75 -21.181 -2.625
5 24 -8.66 0 5 -8.567 -8 5.159 -9.397 0 3.42 -7.66 0 6.428
2 24 7.5 -19.874 2.01 7.5 -19.52 2.065
2 24 -5 0 -8.66 -3.42 0 -9.397
2 24 5 -15.394 -0.316 5 -15.394 0.316
2 24 -3.536 -8 -9.354 -1.797 -8 -9.837
5 24 0 -8 10 0 0 10 -1.797 -8 9.837 1.797 -8 9.837
5 24 3.75 -8 -7.5 3.75 -16.259 -1.965 3.75 -15.84 -1.491 3.75 -16.78 -2.324
5 24 3.75 -8 7.5 5.159 -8 8.567 6.614 -8 7.5 1.797 -8 9.837
2 24 -6.495 0 -3.75 -5.745 0 -4.821
5 24 -9.397 0 3.42 -9.354 -8 3.536 -9.848 0 1.736 -8.66 0 5
5 24 5 -15.662 0.887 7.5 -15.668 0.901 5 -15.943 1.42 5 -15.518 0.301
2 24 7.5 -18.025 2.5 7.5 -17.424 2.433
2 24 7.5 -19.874 -2.01 7.5 -20.232 -2.036
2 24 0 -5.5 -7.5 1.302 -5.5 -7.386
2 24 -5 -16.78 2.324 -5 -16.259 1.965
2 24 3.75 -21.181 -2.625 5 -21.181 -2.625
2 24 -7.5 -18.411 -2.466 -7.5 -18 -2.5
2 24 -4.821 -5.5 -5.745 -3.75 -5.5 -6.495
5 24 -5 -15.518 0.301 -5 -15.394 0.316 -5 -15.518 -0.301 -5 -15.662 0.887
5 24 -9.397 0 -3.42 -9.354 -8 -3.536 -8.66 0 -5 -9.848 0 -1.736
2 24 5 -17.372 2.549 5 -16.78 2.324
5 24 6.495 -5.5 3.75 6.495 0 3.75 5.745 -5.5 4.821 7.048 -5.5 2.565
5 24 7.217 -8 6.922 7.66 0 6.428 7.5 -8 6.614 6.922 -8 7.217
5 24 3.75 -16.259 1.965 5 -16.259 1.965 3.75 -15.84 1.491 3.75 -16.78 2.324
5 24 -5 -17.402 2.427 -5 -17.372 2.549 -5 -18 2.5 -5 -16.838 2.214
2 24 -3.75 -16.259 -1.965 -3.75 -15.84 -1.491
2 24 1.797 -8 -9.837 3.536 -8 -9.354
5 24 5 -17.402 2.427 7.5 -17.424 2.433 5 -16.838 2.214 5 -18 2.5
2 24 7.5 -21.458 -3.213 7.5 -21.337 -2.875
2 24 7.5 -21.141 2.575 7.5 -20.882 2.326
2 24 7.5 -18 -2.5 7.5 -17.4 -2.427
5 24 3.75 -17.372 2.549 3.75 -8 7.5 3.75 -16.78 2.324 3.75 -18 2.625
2 24 -5 -19.187 2.2 -5 -18.81 2.365
5 24 6.495 0 -3.75 8.66 0 -5 5.745 0 -4.821 7.048 0 -2.565
2 24 3.75 -21.5 5 3.75 -8 7.5
5 24 1.302 -5.5 7.386 1.302 0 7.386 0 -5.5 7.5 2.565 -5.5 7.048
5 24 -7.5 -19.187 2.2 -5 -19.187 2.2 -5 -19.339 2.127 -7.5 -18.625 2.421
2 24 -7.048 0 -2.565 -6.495 0 -3.75
5 24 -5.159 -8 8.567 -5 0 8.66 -6.614 -8 7.5 -3.536 -8 9.354
5 24 3.75 -16.78 2.324 5 -16.78 2.324 3.75 -16.259 1.965 3.75 -17.372 2.549
2 24 -1.736 0 9.848 0 0 10
5 24 -7.5 -21.5 5 -7.5 -19.187 2.2 -7.5 -18.625 2.421 -7.5 -19.52 2.065
5 24 -7.5 -19.187 -2.2 -5 -19.187 -2.2 -5 -19.339 -2.127 -7.5 -18.81 -2.365
2 24 -5 -17.372 -2.549 -5 -16.78 -2.324
5 24 -6.428 0 7.66 -4.821 0 5.745 -5 0 8.66 -7.66 0 6.428
5 24 -7.5 -15.52 0.315 -7.5 -8 6.614 -7.5 -15.668 0.901 -7.5 -15.517 -0.29
2 24 -5 -18.411 2.466 -5 -18 2.5
2 24 3.75 -21.5 -5 3.75 -8 -7.5
5 24 6.614 -8 -7.5 7.5 -21.5 -5 7.5 -8 -7.5 3.75 -8 -7.5
2 24 -9.837 -8 1.797 -9.354 -8 3.536
5 24 6.495 -5.5 3.75 7.386 -5.5 1.302 7.048 -5.5 2.565 4.821 -5.5 5.745
5 24 3.75 -8 -7.5 3.75 -15.546 -0.931 3.75 -15.84 -1.491 3.75 -8 7.5
2 24 5 -16.259 -1.965 5 -15.84 -1.491
2 24 -7.5 -5.5 0 -7.386 -5.5 -1.302
5 24 7.5 -15.953 1.435 7.5 -8 6.614 7.5 -16.357 1.884 7.5 -15.668 0.901
2 24 9.837 -8 1.797 10 -8 0
2 24 -3.75 -21.355 -2.914 -3.75 -21.181 -2.625
5 24 3.75 -21.5 3.569 7.5 -21.5 3.569 3.75 -21.5 3.571 3.75 -21.463 3.233
2 24 7.5 -21.141 2.575 7.5 -21.337 2.875
5 24 -5 -17.372 2.549 -3.75 -17.372 2.549 -5 -16.78 2.324 -5 -18 2.625
5 24 -5 -17.372 -2.549 -3.75 -17.372 -2.549 -5 -18 -2.625 -5 -16.78 -2.324
5 24 8.567 -8 5.159 8.66 0 5 7.5 -8 6.614 9.354 -8 3.536
5 24 -7.5 -19.874 -2.01 -5 -20.003 -2.01 -5 -19.661 -2.033 -7.5 -20.232 -2.036
5 24 -5 -19.157 2.356 -5 -19.187 2.2 -5 -19.497 2.072 -5 -18.594 2.557
5 24 2.565 -5.5 7.048 2.565 0 7.048 1.302 -5.5 7.386 3.75 -5.5 6.495
5 24 -7.5 -20.232 2.036 -5 -20.341 2.061 -7.5 -19.874 2.01 -7.5 -20.574 2.144
2 24 -3.75 -21.5 3.569 -3.75 -21.5 3.571
5 24 5.745 -5.5 -4.821 7.386 -5.5 1.302 7.386 -5.5 -1.302 4.821 -5.5 -5.745
5 24 -5 -18 -2.625 -5 -18 -2.5 -5 -17.372 -2.549 -5 -18.594 -2.557
2 24 5.745 0 4.821 6.495 0 3.75
2 24 -7.5 -17.4 -2.427 -7.5 -18 -2.5
5 24 7.5 -21.5 -5 7.5 -19.52 -2.065 7.5 -19.187 -2.2 7.5 -20.232 -2.036
2 24 -7.5 -8 6.614 -7.5 -8 7.5
5 24 -5.745 -5.5 -4.821 1.302 -5.5 -7.386 0 -5.5 -7.5 4.821 -5.5 -5.745
5 24 -7.5 -18.025 2.5 -5 -18 2.5 -7.5 -17.424 2.433 -7.5 -18.625 2.421
5 24 4.821 -5.5 5.745 7.386 -5.5 1.302 6.495 -5.5 3.75 4.821 -5.5 -5.745
5 24 3.75 -15.546 0.931 3.75 -8 7.5 3.75 -15.84 1.491 3.75 -15.394 0.316
2 24 3.75 -18 2.625 3.75 -17.372 2.549
5 24 3.75 -17.372 -2.549 3.75 -8 -7.5 3.75 -16.78 -2.324 3.75 -18 -2.625
5 24 3.75 -5.5 6.495 4.821 -5.5 -5.745 4.821 -5.5 5.745 -7.386 -5.5 1.302
5 24 -3.75 -8 7.5 3.75 -8 7.5 -3.75 -8 -7.5 -1.797 -8 9.837
5 24 5 -19.661 -2.033 7.5 -19.874 -2.01 5 -20.003 -2.01 5 -19.497 -2.072
2 24 -7.5 -21.5 -5 -7.5 -8 -7.5
2 24 -7.5 -17.424 2.433 -7.5 -18.025 2.5
5 24 -5.745 -5.5 -4.821 4.821 -5.5 -5.745 1.302 -5.5 -7.386 -7.386 -5.5 1.302
5 24 7.386 0 -1.302 9.848 0 -1.736 7.048 0 -2.565 7.5 0 0
5 24 5.745 -5.5 -4.821 7.386 -5.5 -1.302 6.495 -5.5 -3.75 7.386 -5.5 1.302
2 24 5 -16.78 2.324 5 -16.259 1.965
2 24 7.5 -8 6.614 8.567 -8 5.159
5 24 -5 -16.838 -2.214 -5 -16.78 -2.324 -5 -17.402 -2.427 -5 -16.342 -1.871
2 24 -3.75 -21.463 3.233 -3.75 -21.355 2.914
5 24 -5 -18.594 -2.557 -5 -21.181 -2.625 -5 -18 -2.625 -5 -19.157 -2.356
2 24 -6.922 -8 7.217 -6.614 -8 7.5
5 24 7.5 -21.5 5 7.5 -18.025 2.5 7.5 -17.424 2.433 7.5 -18.625 2.421
2 24 3.75 -21.5 -5 7.5 -21.5 -5
2 24 -7.386 0 -1.302 -7.048 0 -2.565
2 24 0 -8 10 1.797 -8 9.837
5 24 5 -15.518 0.301 7.5 -15.52 0.315 5 -15.518 -0.301 5 -15.662 0.887
2 24 -7.5 -21.458 -3.213 -7.5 -21.337 -2.875
5 24 -5 -18.594 2.557 -5 -18.81 2.365 -5 -18.411 2.466 -5 -19.157 2.356
5 24 -5.745 -5.5 -4.821 -5.745 0 -4.821 -4.821 -5.5 -5.745 -6.495 -5.5 -3.75
5 24 -7.5 -20.882 -2.326 -7.5 -21.5 -5 -7.5 -20.574 -2.144 -7.5 -21.141 -2.575
5 24 7.5 -21.5 5 7.5 -21.337 2.875 7.5 -20.882 2.326 7.5 -21.5 3.569
5 24 0 0 -7.5 0 0 -10 1.302 0 -7.386 -1.302 0 -7.386
5 24 6.922 -8 -7.217 7.5 -8 -7.5 6.614 -8 -7.5 7.217 -8 -6.922
2 24 3.75 -15.546 0.931 3.75 -15.84 1.491
2 24 5 -18.411 -2.466 5 -18 -2.5
2 24 3.75 -21.463 -3.233 3.75 -21.355 -2.914
2 24 5 -15.518 -0.301 5 -15.518 0.301
2 24 3.75 -21.181 2.625 5 -21.181 2.625
5 24 5 -15.662 0.887 5 -15.546 0.931 5 -15.518 0.301 5 -15.943 1.42
2 24 -9.354 -8 3.536 -8.567 -8 5.159
2 24 -7.5 -21.5 3.569 -7.5 -21.5 3.571
2 24 -5.745 -5.5 4.821 -4.821 -5.5 5.745
2 24 6.614 -8 7.5 6.922 -8 7.217
5 24 5 -20.661 2.186 7.5 -20.574 2.144 5 -20.341 2.061 5 -20.945 2.377
5 24 -3.75 -8 -7.5 -3.75 -15.546 -0.931 -3.75 -15.84 -1.491 -3.75 -8 7.5
5 24 5 -19.497 2.072 7.5 -19.52 2.065 5 -19.339 2.127 5 -19.661 2.033
5 24 1.302 0 -7.386 1.736 0 -9.848 2.565 0 -7.048 0 0 -7.5
5 24 1.736 0 -9.848 1.797 -8 -9.837 3.42 0 -9.397 0 0 -10
5 24 -3.75 -5.5 6.495 -3.75 0 6.495 -4.821 -5.5 5.745 -2.565 -5.5 7.048
2 24 -7.5 -17.4 -2.427 -7.5 -16.835 -2.212
2 24 6.428 0 -7.66 7.66 0 -6.428
2 24 9.848 0 -1.736 10 0 0
5 24 7.5 -8 -6.614 7.66 0 -6.428 7.217 -8 -6.922 8.567 -8 -5.159
5 24 -7.5 -21.141 -2.575 -5 -21.181 -2.625 -7.5 -20.882 -2.326 -7.5 -21.337 -2.875
2 24 -7.5 -16.835 -2.212 -7.5 -16.338 -1.867
2 24 6.922 -8 -7.217 7.217 -8 -6.922
2 24 5 -20.003 2.01 5 -19.661 2.033
5 24 5 -20.945 2.377 7.5 -20.882 2.326 5 -20.661 2.186 5 -21.181 2.625
2 24 -3.75 -21.181 -2.625 -3.75 -18 -2.625
5 24 -1.302 -5.5 -7.386 -1.302 0 -7.386 0 -5.5 -7.5 -2.565 -5.5 -7.048
2 24 -5 -17.372 2.549 -5 -18 2.625
5 24 -7.66 0 -6.428 -7.5 -8 -6.614 -7.217 -8 -6.922 -8.66 0 -5
5 24 5 -16.838 -2.214 5 -16.78 -2.324 5 -17.402 -2.427 5 -16.342 -1.871
2 24 7.5 -18.625 2.421 7.5 -18.025 2.5
5 24 5 -15.943 -1.42 7.5 -15.938 -1.414 5 -16.342 -1.871 5 -15.662 -0.887
2 24 -7.66 0 -6.428 -6.428 0 -7.66
5 24 -7.5 -16.857 2.223 -7.5 -8 6.614 -7.5 -16.357 1.884 -7.5 -21.5 5
2 24 7.5 -21.141 -2.575 7.5 -20.882 -2.326
2 24 7.5 -19.52 2.065 7.5 -19.187 2.2
2 24 -5 -20.341 -2.061 -5 -20.003 -2.01
5 24 3.75 -16.78 2.324 3.75 -8 7.5 3.75 -16.259 1.965 3.75 -17.372 2.549
5 24 7.5 -21.5 5 7.5 -16.857 2.223 7.5 -8 6.614 7.5 -17.424 2.433
2 24 8.66 0 5 9.397 0 3.42
5 24 -7.5 -17.4 -2.427 -7.5 -21.5 -5 -7.5 -16.835 -2.212 -7.5 -18 -2.5
5 24 -5 -21.181 2.625 -3.75 -21.355 2.914 -3.75 -21.181 2.625 -7.5 -21.141 2.575
5 24 -3.75 -8 -7.5 -3.75 -15.84 -1.491 -3.75 -15.546 -0.931 -3.75 -16.259 -1.965
5 24 -9.397 0 3.42 -7.048 0 2.565 -9.848 0 1.736 -8.66 0 5
5 24 -6.922 -8 7.217 -6.428 0 7.66 -6.614 -8 7.5 -7.217 -8 6.922
5 24 -7.5 -18.81 -2.365 -7.5 -21.5 -5 -7.5 -19.187 -2.2 -7.5 -18.411 -2.466
5 24 3.75 -15.546 0.931 5 -15.546 0.931 3.75 -15.394 0.316 3.75 -15.84 1.491
2 24 -5 -16.259 -1.965 -5 -15.84 -1.491
2 24 7.5 -16.338 -1.867 7.5 -15.938 -1.414
5 24 -5 -17.402 -2.427 -5 -17.372 -2.549 -5 -18 -2.5 -5 -16.838 -2.214
2 24 6.495 -5.5 -3.75 7.048 -5.5 -2.565
2 24 -3.75 -17.372 -2.549 -3.75 -18 -2.625
5 24 -7.5 -15.953 1.435 -7.5 -8 6.614 -7.5 -16.357 1.884 -7.5 -15.668 0.901
2 24 -3.75 0 -6.495 -2.565 0 -7.048
5 24 7.386 0 1.302 9.848 0 1.736 7.5 0 0 7.048 0 2.565
5 24 -7.5 -21.458 -3.213 -3.75 -21.463 -3.233 -7.5 -21.337 -2.875 -7.5 -21.5 -3.569
2 24 -7.5 -21.5 3.569 -7.5 -21.458 3.213
2 24 5.745 0 -4.821 6.495 0 -3.75
5 24 5 -16.342 1.871 5 -16.259 1.965 5 -16.838 2.214 5 -15.943 1.42
2 24 -5 -16.838 2.214 -5 -16.342 1.871
2 24 -7.5 -20.882 2.326 -7.5 -21.141 2.575
5 24 -7.5 -17.424 2.433 -5 -17.402 2.427 -7.5 -16.857 2.223 -7.5 -18.025 2.5
5 24 -7.5 -17.4 -2.427 -5 -17.402 -2.427 -7.5 -18 -2.5 -7.5 -16.835 -2.212
2 24 -7.5 -18.81 -2.365 -7.5 -18.411 -2.466
5 24 -7.5 -19.874 2.01 -5 -20.003 2.01 -5 -19.661 2.033 -7.5 -20.232 2.036
2 24 7.5 -19.187 -2.2 7.5 -18.81 -2.365
5 24 5 -16.342 -1.871 7.5 -16.338 -1.867 5 -16.838 -2.214 5 -15.943 -1.42
2 24 -7.5 -20.882 -2.326 -7.5 -21.141 -2.575
5 24 -5 -18 -2.625 -3.75 -18 -2.625 -5 -17.372 -2.549 -5 -21.181 -2.625
2 24 7.5 -8 6.614 7.5 -8 7.5
5 24 7.386 -5.5 -1.302 7.386 -5.5 1.302 7.5 -5.5 0 5.745 -5.5 -4.821
5 24 7.5 -21.5 5 7.5 -18.625 2.421 7.5 -19.187 2.2 7.5 -18.025 2.5
2 24 -5 -15.662 0.887 -5 -15.518 0.301
5 24 7.5 -21.5 -5 7.5 -16.835 -2.212 7.5 -8 -6.614 7.5 -17.4 -2.427
5 24 -8.66 0 5 -6.495 0 3.75 -9.397 0 3.42 -7.66 0 6.428
5 24 -7.386 -5.5 1.302 -7.386 0 1.302 -7.5 -5.5 0 -7.048 -5.5 2.565
2 24 -4.821 -5.5 5.745 -3.75 -5.5 6.495
2 24 -5 -16.78 -2.324 -5 -16.259 -1.965
2 24 9.354 -8 3.536 9.837 -8 1.797
2 24 5 -18 -2.625 5 -17.372 -2.549
5 24 5 -15.518 0.301 5 -15.394 0.316 5 -15.518 -0.301 5 -15.662 0.887
5 24 7.5 -21.5 -5 7.5 -20.232 -2.036 7.5 -19.52 -2.065 7.5 -20.882 -2.326
2 24 5 -19.497 -2.072 5 -19.339 -2.127
2 24 7.386 -5.5 -1.302 7.5 -5.5 0
2 24 -5 -21.181 2.625 -3.75 -21.181 2.625
5 24 6.614 -8 7.5 7.5 -21.5 5 7.5 -8 7.5 3.75 -8 7.5
5 24 3.75 -21.5 -5 3.75 -18 -2.625 3.75 -21.5 -3.571 3.75 -8 -7.5
2 24 -5 -17.372 2.549 -5 -16.78 2.324
2 24 3.75 -21.5 -5 3.75 -21.5 -3.571
5 24 -7.5 -21.5 5 -7.5 -20.882 2.326 -7.5 -20.232 2.036 -7.5 -21.337 2.875
5 24 0 -5.5 -7.5 0 0 -7.5 1.302 -5.5 -7.386 -1.302 -5.5 -7.386
5 24 5 -16.838 2.214 5 -16.78 2.324 5 -17.402 2.427 5 -16.342 1.871
2 24 -5 -20.341 2.061 -5 -20.003 2.01
5 24 -7.5 -19.187 2.2 -5 -19.339 2.127 -5 -19.187 2.2 -7.5 -19.52 2.065
5 24 -7.5 -18.625 2.421 -5 -18.81 2.365 -5 -18.411 2.466 -7.5 -19.187 2.2
5 24 5 -20.003 2.01 7.5 -19.874 2.01 5 -19.661 2.033 5 -20.341 2.061
2 24 -1.736 0 -9.848 0 0 -10
5 24 5 -18.411 -2.466 7.5 -18.411 -2.466 5 -18.81 -2.365 5 -18 -2.5
5 24 -7.386 -5.5 1.302 3.75 -5.5 6.495 -5.745 -5.5 -4.821 -7.048 -5.5 2.565
5 24 6.495 -5.5 -3.75 6.495 0 -3.75 7.048 -5.5 -2.565 5.745 -5.5 -4.821
5 24 3.75 -21.355 -2.914 5 -21.181 -2.625 3.75 -21.181 -2.625 7.5 -21.337 -2.875
5 24 -4.821 -5.5 -5.745 -4.821 0 -5.745 -3.75 -5.5 -6.495 -5.745 -5.5 -4.821
5 24 -7.5 -21.5 -5 -7.5 -18 -2.5 -7.5 -17.4 -2.427 -7.5 -18.411 -2.466
2 24 -9.837 -8 -1.797 -9.354 -8 -3.536
5 24 1.302 0 7.386 1.736 0 9.848 0 0 7.5 2.565 0 7.048
5 24 -1.736 0 9.848 -1.302 0 7.386 0 0 10 -3.42 0 9.397
5 24 7.048 0 2.565 9.397 0 3.42 7.386 0 1.302 6.495 0 3.75
2 24 -7.5 -21.5 -5 -7.5 -21.5 -3.571
5 24 5 -15.943 1.42 5 -15.84 1.491 5 -15.662 0.887 5 -16.342 1.871
2 24 7.5 -21.5 3.569 7.5 -21.5 3.571
5 24 3.75 -15.394 0.316 5 -15.394 0.316 3.75 -15.394 -0.316 3.75 -15.546 0.931
5 24 -3.75 -8 -7.5 -3.75 -16.78 -2.324 -3.75 -16.259 -1.965 -3.75 -17.372 -2.549
5 24 -7.5 -5.5 0 -5.745 -5.5 -4.821 -7.386 -5.5 1.302 -7.386 -5.5 -1.302
5 24 5 -18.81 2.365 7.5 -18.625 2.421 5 -18.411 2.466 5 -19.187 2.2
2 24 -5 -17.402 -2.427 -5 -18 -2.5
2 24 -9.848 0 -1.736 -9.397 0 -3.42
2 24 -7.5 -15.659 -0.877 -7.5 -15.517 -0.29
2 24 -7.5 -21.5 5 -7.5 -8 7.5
5 24 3.75 -21.5 -3.571 3.75 -21.463 -3.233 3.75 -21.5 -3.569 3.75 -21.181 -2.625
5 24 5 -17.402 -2.427 7.5 -17.4 -2.427 5 -18 -2.5 5 -16.838 -2.214
5 24 -3.75 -21.181 2.625 -3.75 -21.5 3.571 -3.75 -21.355 2.914 -3.75 -18 2.625
5 24 -7.5 -21.5 -3.569 -3.75 -21.5 -3.569 -7.5 -21.5 -3.571 -7.5 -21.458 -3.213
5 24 7.5 -21.5 -5 7.5 -18 -2.5 7.5 -17.4 -2.427 7.5 -18.411 -2.466
5 24 4.821 0 5.745 6.428 0 7.66 5.745 0 4.821 3.75 0 6.495
2 24 5 -19.339 -2.127 5 -19.187 -2.2
5 24 7.5 -21.5 -5 7.5 -8 -6.614 7.5 -8 -7.5 7.5 -16.835 -2.212
5 24 3.75 0 6.495 5 0 8.66 4.821 0 5.745 2.565 0 7.048
5 24 -3.75 -21.463 -3.233 -3.75 -21.5 -3.571 -3.75 -21.5 -3.569 -3.75 -21.181 -2.625
5 24 5 -15.518 -0.301 5 -15.394 -0.316 5 -15.662 -0.887 5 -15.518 0.301
5 24 -5 -16.342 -1.871 -5 -16.259 -1.965 -5 -16.838 -2.214 -5 -15.943 -1.42
5 24 -5 -19.157 2.356 -5 -19.497 2.072 -5 -19.661 2.033 -5 -19.187 2.2
2 24 -5 -19.339 -2.127 -5 -19.497 -2.072
5 24 5 -19.339 2.127 7.5 -19.187 2.2 5 -19.187 2.2 5 -19.497 2.072
2 24 7.5 -21.5 -3.569 7.5 -21.458 -3.213
5 24 3.75 -21.355 2.914 5 -21.181 2.625 3.75 -21.181 2.625 7.5 -21.337 2.875
5 24 -5 -15.546 0.931 -3.75 -15.546 0.931 -5 -15.394 0.316 -5 -15.84 1.491
2 24 -7.5 -21.337 2.875 -7.5 -21.141 2.575
5 24 3.75 -16.259 1.965 3.75 -8 7.5 3.75 -15.84 1.491 3.75 -16.78 2.324
5 24 5 0 8.66 5.159 -8 8.567 3.42 0 9.397 6.428 0 7.66
2 24 -3.75 -16.259 1.965 -3.75 -15.84 1.491
5 24 -7.5 -15.52 0.315 -5 -15.518 0.301 -7.5 -15.517 -0.29 -7.5 -15.668 0.901
5 24 2.565 0 7.048 3.42 0 9.397 3.75 0 6.495 1.302 0 7.386
2 24 5 -19.497 2.072 5 -19.339 2.127
2 24 -7.217 -8 6.922 -6.922 -8 7.217
5 24 -3.75 -8 -7.5 -3.75 -16.259 -1.965 -3.75 -15.84 -1.491 -3.75 -16.78 -2.324
5 24 0 -8 -10 3.75 -8 -7.5 1.797 -8 -9.837 -1.797 -8 -9.837
2 24 5 -17.372 -2.549 5 -16.78 -2.324
2 24 -3.75 -8 -7.5 -3.75 -21.5 -5
2 24 -5 -20.003 2.01 -5 -19.661 2.033
2 24 3.75 -16.259 -1.965 3.75 -15.84 -1.491
5 24 -7.5 -15.938 -1.414 -5 -15.943 -1.42 -7.5 -15.659 -0.877 -7.5 -16.338 -1.867
2 24 -7.5 -8 -6.614 -7.217 -8 -6.922
2 24 8.567 -8 5.159 9.354 -8 3.536
2 24 7.386 -5.5 1.302 7.5 -5.5 0
2 24 -7.5 -18.625 2.421 -7.5 -18.025 2.5
2 24 -5 -21.181 -2.625 -5 -18 -2.625
5 24 -7.5 -16.835 -2.212 -5 -16.838 -2.214 -7.5 -17.4 -2.427 -7.5 -16.338 -1.867
2 24 7.5 -20.882 2.326 7.5 -20.574 2.144
5 24 -1.797 -8 9.837 -1.736 0 9.848 -3.536 -8 9.354 0 -8 10
5 24 3.75 -17.372 2.549 5 -17.372 2.549 3.75 -16.78 2.324 3.75 -18 2.625
2 24 -7.5 -18.625 2.421 -7.5 -19.187 2.2
5 24 -7.66 0 -6.428 -5.745 0 -4.821 -6.428 0 -7.66 -8.66 0 -5
5 24 -7.5 -20.232 -2.036 -5 -20.341 -2.061 -7.5 -19.874 -2.01 -7.5 -20.574 -2.144
2 24 -10 0 0 -9.848 0 1.736
2 24 1.302 0 7.386 2.565 0 7.048
2 24 0 0 7.5 1.302 0 7.386
5 24 -4.821 -5.5 5.745 -4.821 0 5.745 -5.745 -5.5 4.821 -3.75 -5.5 6.495
5 24 -5 -15.394 -0.316 -3.75 -15.394 -0.316 -5 -15.546 -0.931 -5 -15.394 0.316
5 24 5 -20.003 -2.01 7.5 -19.874 -2.01 5 -19.661 -2.033 5 -20.341 -2.061
5 24 5 -18.81 -2.365 7.5 -18.81 -2.365 5 -19.187 -2.2 5 -18.411 -2.466
2 24 -7.386 -5.5 -1.302 -7.048 -5.5 -2.565
5 24 4.821 -5.5 5.745 6.495 -5.5 3.75 5.745 -5.5 4.821 7.386 -5.5 1.302
5 24 -5 -16.78 2.324 -3.75 -16.78 2.324 -5 -16.259 1.965 -5 -17.372 2.549
5 24 1.302 -5.5 7.386 3.75 -5.5 6.495 2.565 -5.5 7.048 0 -5.5 7.5
5 24 -5 -18.594 2.557 -5 -18 2.625 -5 -21.181 2.625 -5 -18.411 2.466
5 24 1.736 0 9.848 1.797 -8 9.837 0 0 10 3.42 0 9.397
5 24 5 -19.187 2.2 7.5 -19.187 2.2 5 -19.339 2.127 5 -18.81 2.365
5 24 -7.5 -15.668 0.901 -5 -15.662 0.887 -7.5 -15.52 0.315 -7.5 -15.953 1.435
2 24 7.048 -5.5 2.565 7.386 -5.5 1.302
2 24 7.5 -21.5 -3.571 7.5 -21.5 -3.569
5 24 3.75 -21.355 -2.914 7.5 -21.337 -2.875 5 -21.181 -2.625 3.75 -21.463 -3.233
5 24 5 -19.187 -2.2 7.5 -19.187 -2.2 5 -19.339 -2.127 5 -18.81 -2.365
2 24 -7.5 -21.141 -2.575 -7.5 -21.337 -2.875
2 24 -5 -17.402 2.427 -5 -16.838 2.214
2 24 7.5 -21.5 5 7.5 -8 7.5
2 24 -7.5 -20.882 -2.326 -7.5 -20.574 -2.144
2 24 7.5 -15.668 0.901 7.5 -15.52 0.315
2 24 -5 -16.342 -1.871 -5 -15.943 -1.42
2 24 7.5 -21.337 -2.875 7.5 -21.141 -2.575
2 24 -2.565 -5.5 -7.048 -1.302 -5.5 -7.386
5 24 -7.5 -19.52 -2.065 -5 -19.497 -2.072 -7.5 -19.187 -2.2 -7.5 -19.874 -2.01
2 24 7.217 -8 6.922 7.5 -8 6.614
5 24 -3.75 -8 7.5 -3.75 -15.394 -0.316 -3.75 -15.394 0.316 -3.75 -8 -7.5
2 24 7.048 0 2.565 7.386 0 1.302
2 24 7.66 0 -6.428 8.66 0 -5
5 24 -5 -15.943 -1.42 -5 -15.84 -1.491 -5 -15.662 -0.887 -5 -16.342 -1.871
2 24 5 -16.342 -1.871 5 -15.943 -1.42
2 24 -5 -19.339 -2.127 -5 -19.187 -2.2
2 24 7.5 -20.882 -2.326 7.5 -20.574 -2.144
2 24 3.75 -8 -7.5 3.75 -8 7.5
5 24 -6.495 -5.5 -3.75 -6.495 0 -3.75 -5.745 -5.5 -4.821 -7.048 -5.5 -2.565
5 24 -9.848 0 -1.736 -9.837 -8 -1.797 -9.397 0 -3.42 -10 0 0
2 24 4.821 0 -5.745 5.745 0 -4.821
2 24 -3.75 -21.181 2.625 -3.75 -18 2.625
2 24 5 -20.661 2.186 5 -20.341 2.061
5 24 -3.75 -5.5 -6.495 -3.75 0 -6.495 -2.565 -5.5 -7.048 -4.821 -5.5 -5.745
2 24 7.5 -21.5 3.569 7.5 -21.458 3.213
5 24 3.75 -18 2.625 5 -18 2.625 3.75 -21.181 2.625 3.75 -17.372 2.549
5 24 -5 -21.181 -2.625 -3.75 -21.355 -2.914 -3.75 -21.181 -2.625 -7.5 -21.141 -2.575
2 24 -3.75 -16.259 -1.965 -3.75 -16.78 -2.324
5 24 5 -15.943 -1.42 5 -15.84 -1.491 5 -16.342 -1.871 5 -15.662 -0.887
5 24 -7.386 -5.5 -1.302 -6.495 -5.5 -3.75 -7.048 -5.5 -2.565 -5.745 -5.5 -4.821
2 24 -7.5 -8 -7.5 -6.614 -8 -7.5
5 24 -3.75 -8 7.5 -3.75 -15.546 0.931 -3.75 -15.84 1.491 -3.75 -15.394 0.316
2 24 -5 -15.518 -0.301 -5 -15.518 0.301
2 24 7.386 0 1.302 7.5 0 0
2 24 5.745 -5.5 4.821 6.495 -5.5 3.75
5 24 -7.66 0 -6.428 -7.217 -8 -6.922 -7.5 -8 -6.614 -6.428 0 -7.66
5 24 -7.5 -21.5 -5 -6.614 -8 -7.5 -7.5 -8 -7.5 -3.75 -21.5 -5
2 24 -3.75 -15.546 -0.931 -3.75 -15.394 -0.316
2 24 5 -21.181 2.625 5 -18 2.625
5 24 -6.922 -8 -7.217 -6.428 0 -7.66 -6.614 -8 -7.5 -7.217 -8 -6.922
2 24 -6.495 -5.5 -3.75 -5.745 -5.5 -4.821
5 24 7.5 -15.52 0.315 7.5 -8 6.614 7.5 -15.668 0.901 7.5 -15.517 -0.29
2 24 5 -16.342 1.871 5 -15.943 1.42
5 24 -7.5 -15.517 -0.29 -7.5 -8 6.614 -7.5 -15.52 0.315 -7.5 -15.659 -0.877
5 24 -7.5 -21.5 5 -7.5 -18.025 2.5 -7.5 -17.424 2.433 -7.5 -18.625 2.421
5 24 2.565 -5.5 -7.048 2.565 0 -7.048 3.75 -5.5 -6.495 1.302 -5.5 -7.386
2 24 7.5 -21.458 3.213 7.5 -21.337 2.875
2 24 -5 -15.84 -1.491 -5 -15.546 -0.931
2 24 3.75 -16.78 2.324 3.75 -16.259 1.965
5 24 5 -16.838 2.214 7.5 -16.857 2.223 5 -16.342 1.871 5 -17.402 2.427
2 24 2.565 0 -7.048 3.75 0 -6.495
5 24 -5 -19.157 -2.356 -5 -19.497 -2.072 -5 -19.661 -2.033 -5 -19.187 -2.2
2 24 -7.5 -19.52 -2.065 -7.5 -19.187 -2.2
2 24 3.75 -15.546 -0.931 3.75 -15.394 -0.316
2 24 -5.745 0 -4.821 -4.821 0 -5.745
5 24 -5 -16.342 1.871 -5 -16.259 1.965 -5 -16.838 2.214 -5 -15.943 1.42
5 24 1.302 -5.5 -7.386 1.302 0 -7.386 0 -5.5 -7.5 2.565 -5.5 -7.048
5 24 -3.75 -21.5 3.571 -3.75 -21.355 2.914 -3.75 -21.463 3.233 -3.75 -21.181 2.625
2 24 6.614 -8 -7.5 7.5 -8 -7.5
5 24 -7.5 -21.5 3.569 -3.75 -21.5 3.569 -7.5 -21.5 3.571 -7.5 -21.458 3.213
5 24 -3.75 -8 -7.5 3.75 -8 -7.5 -1.797 -8 -9.837 -3.75 -8 7.5
5 24 5 -15.662 -0.887 5 -15.546 -0.931 5 -15.518 -0.301 5 -15.943 -1.42
2 24 -7.5 -8 7.5 -6.614 -8 7.5
5 24 -5 -19.157 2.356 -5 -19.661 2.033 -5 -19.497 2.072 -5 -20.341 2.061
2 24 3.42 0 -9.397 5 0 -8.66
2 24 -7.5 -19.874 2.01 -7.5 -19.52 2.065
5 24 5.745 0 -4.821 7.66 0 -6.428 4.821 0 -5.745 6.495 0 -3.75
5 24 7.5 -21.5 -5 7.5 -17.4 -2.427 7.5 -16.835 -2.212 7.5 -18 -2.5
2 24 -5 -21.181 2.625 -5 -18 2.625
2 24 -9.848 0 1.736 -9.397 0 3.42
5 24 -9.397 0 -3.42 -7.048 0 -2.565 -8.66 0 -5 -9.848 0 -1.736
5 24 9.354 -8 3.536 9.397 0 3.42 8.567 -8 5.159 9.837 -8 1.797
2 24 3.75 -16.78 -2.324 3.75 -16.259 -1.965
5 24 -7.386 -5.5 -1.302 -5.745 -5.5 -4.821 -7.5 -5.5 0 -6.495 -5.5 -3.75
5 24 6.428 0 7.66 6.922 -8 7.217 6.614 -8 7.5 7.66 0 6.428
5 24 3.75 -15.84 -1.491 5 -15.84 -1.491 3.75 -16.259 -1.965 3.75 -15.546 -0.931
5 24 -7.5 -15.517 -0.29 -5 -15.518 -0.301 -7.5 -15.659 -0.877 -7.5 -15.52 0.315
5 24 -10 0 0 -7.5 0 0 -9.848 0 -1.736 -9.848 0 1.736
5 24 -5 -15.84 1.491 -3.75 -15.84 1.491 -5 -15.546 0.931 -5 -16.259 1.965
2 24 -7.5 -20.574 2.144 -7.5 -20.882 2.326
5 24 3.42 0 -9.397 3.536 -8 -9.354 5 0 -8.66 1.736 0 -9.848
5 24 -5 -16.259 1.965 -3.75 -16.259 1.965 -5 -15.84 1.491 -5 -16.78 2.324
