0 Etiqueta BCN-5
0 Name: bcn5.dat
0 Author: cpcbegin
0 !LDRAW_ORG Unofficial_Part
0 BFC CERTIFY CW
4 6 105.119 -48 0 104.697 -48 0 104.697 -47.51 0 105.119 -47.51 0
4 8 104.697 -48 0 104.274 -48 0 104.274 -47.51 0 104.697 -47.51 0
4 8 104.274 -48 0 103.852 -48 0 103.852 -47.51 0 104.274 -47.51 0
4 8 103.852 -48 0 103.43 -48 0 103.43 -47.51 0 103.852 -47.51 0
4 6 103.43 -48 0 103.008 -48 0 103.008 -47.51 0 103.43 -47.51 0
4 8 108.496 -47.51 0 108.074 -47.51 0 108.074 -47.02 0 108.496 -47.02 0
4 7 108.074 -47.51 0 107.652 -47.51 0 107.652 -47.02 0 108.074 -47.02 0
4 7 107.652 -47.51 0 107.23 -47.51 0 107.23 -47.02 0 107.652 -47.02 0
4 20 107.23 -47.51 0 106.807 -47.51 0 106.807 -47.02 0 107.23 -47.02 0
4 20 106.807 -47.51 0 106.385 -47.51 0 106.385 -47.02 0 106.807 -47.02 0
4 20 106.385 -47.51 0 101.741 -47.51 0 101.741 -47.02 0 106.385 -47.02 0
4 20 101.741 -47.51 0 101.319 -47.51 0 101.319 -47.02 0 101.741 -47.02 0
4 20 101.319 -47.51 0 100.897 -47.51 0 100.897 -47.02 0 101.319 -47.02 0
4 7 100.897 -47.51 0 100.475 -47.51 0 100.475 -47.02 0 100.897 -47.02 0
4 8 100.475 -47.51 0 100.053 -47.51 0 100.053 -47.02 0 100.475 -47.02 0
4 8 100.053 -47.51 0 99.631 -47.51 0 99.631 -47.02 0 100.053 -47.02 0
4 20 159.578 -47.02 0 141.425 -47.02 0 141.425 -46.531 0 159.578 -46.531 0
4 20 141.425 -47.02 0 141.003 -47.02 0 141.003 -46.531 0 141.425 -46.531 0
4 20 141.003 -47.02 0 140.58 -47.02 0 140.58 -46.531 0 141.003 -46.531 0
4 7 140.58 -47.02 0 140.158 -47.02 0 140.158 -46.531 0 140.58 -46.531 0
4 7 140.158 -47.02 0 139.736 -47.02 0 139.736 -46.531 0 140.158 -46.531 0
4 7 139.736 -47.02 0 139.314 -47.02 0 139.314 -46.531 0 139.736 -46.531 0
4 8 139.314 -47.02 0 138.892 -47.02 0 138.892 -46.531 0 139.314 -46.531 0
4 6 138.892 -47.02 0 138.47 -47.02 0 138.47 -46.531 0 138.892 -46.531 0
4 8 110.185 -47.02 0 109.763 -47.02 0 109.763 -46.531 0 110.185 -46.531 0
4 7 109.763 -47.02 0 109.34 -47.02 0 109.34 -46.531 0 109.763 -46.531 0
4 20 109.34 -47.02 0 108.918 -47.02 0 108.918 -46.531 0 109.34 -46.531 0
4 20 108.918 -47.02 0 99.208 -47.02 0 99.208 -46.531 0 108.918 -46.531 0
4 20 99.208 -47.02 0 98.786 -47.02 0 98.786 -46.531 0 99.208 -46.531 0
4 7 98.786 -47.02 0 98.364 -47.02 0 98.364 -46.531 0 98.786 -46.531 0
4 8 98.364 -47.02 0 97.942 -47.02 0 97.942 -46.531 0 98.364 -46.531 0
4 7 73.456 -47.02 0 73.034 -47.02 0 73.034 -46.531 0 73.456 -46.531 0
4 20 159.578 -46.531 0 138.047 -46.531 0 138.047 -46.041 0 159.578 -46.041 0
4 20 138.047 -46.531 0 137.625 -46.531 0 137.625 -46.041 0 138.047 -46.041 0
4 7 137.625 -46.531 0 137.203 -46.531 0 137.203 -46.041 0 137.625 -46.041 0
4 8 137.203 -46.531 0 136.781 -46.531 0 136.781 -46.041 0 137.203 -46.041 0
4 8 111.451 -46.531 0 111.029 -46.531 0 111.029 -46.041 0 111.451 -46.041 0
4 7 111.029 -46.531 0 110.607 -46.531 0 110.607 -46.041 0 111.029 -46.041 0
4 20 110.607 -46.531 0 110.185 -46.531 0 110.185 -46.041 0 110.607 -46.041 0
4 20 110.185 -46.531 0 97.942 -46.531 0 97.942 -46.041 0 110.185 -46.041 0
4 20 97.942 -46.531 0 97.52 -46.531 0 97.52 -46.041 0 97.942 -46.041 0
4 7 97.52 -46.531 0 97.098 -46.531 0 97.098 -46.041 0 97.52 -46.041 0
4 8 97.098 -46.531 0 96.675 -46.531 0 96.675 -46.041 0 97.098 -46.041 0
4 20 81.055 -47.02 0 73.456 -47.02 0 73.456 -46.041 0 81.055 -46.041 0
4 20 73.456 -46.531 0 73.034 -46.531 0 73.034 -46.041 0 73.456 -46.041 0
4 8 73.034 -46.531 0 72.612 -46.531 0 72.612 -46.041 0 73.034 -46.041 0
4 20 159.578 -46.041 0 136.781 -46.041 0 136.781 -45.551 0 159.578 -45.551 0
4 20 136.781 -46.041 0 136.359 -46.041 0 136.359 -45.551 0 136.781 -45.551 0
4 7 136.359 -46.041 0 135.937 -46.041 0 135.937 -45.551 0 136.359 -45.551 0
4 6 135.937 -46.041 0 135.515 -46.041 0 135.515 -45.551 0 135.937 -45.551 0
4 8 112.296 -46.041 0 111.873 -46.041 0 111.873 -45.551 0 112.296 -45.551 0
4 20 111.873 -46.041 0 111.451 -46.041 0 111.451 -45.551 0 111.873 -45.551 0
4 20 111.451 -46.041 0 96.675 -46.041 0 96.675 -45.551 0 111.451 -45.551 0
4 20 96.675 -46.041 0 96.253 -46.041 0 96.253 -45.551 0 96.675 -45.551 0
4 8 96.253 -46.041 0 95.831 -46.041 0 95.831 -45.551 0 96.253 -45.551 0
4 20 81.055 -46.041 0 73.034 -46.041 0 73.034 -45.551 0 81.055 -45.551 0
4 7 73.034 -46.041 0 72.612 -46.041 0 72.612 -45.551 0 73.034 -45.551 0
4 20 159.578 -45.551 0 135.515 -45.551 0 135.515 -45.061 0 159.578 -45.061 0
4 7 135.515 -45.551 0 135.092 -45.551 0 135.092 -45.061 0 135.515 -45.061 0
4 8 135.092 -45.551 0 134.67 -45.551 0 134.67 -45.061 0 135.092 -45.061 0
4 8 113.14 -45.551 0 112.718 -45.551 0 112.718 -45.061 0 113.14 -45.061 0
4 20 112.718 -45.551 0 112.296 -45.551 0 112.296 -45.061 0 112.718 -45.061 0
4 20 112.296 -45.551 0 95.831 -45.551 0 95.831 -45.061 0 112.296 -45.061 0
4 20 95.831 -45.551 0 95.409 -45.551 0 95.409 -45.061 0 95.831 -45.061 0
4 8 95.409 -45.551 0 94.987 -45.551 0 94.987 -45.061 0 95.409 -45.061 0
4 8 72.612 -45.551 0 72.19 -45.551 0 72.19 -45.061 0 72.612 -45.061 0
4 20 159.578 -45.061 0 134.67 -45.061 0 134.67 -44.571 0 159.578 -44.571 0
4 7 134.67 -45.061 0 134.248 -45.061 0 134.248 -44.571 0 134.67 -44.571 0
4 6 134.248 -45.061 0 133.826 -45.061 0 133.826 -44.571 0 134.248 -44.571 0
4 8 113.984 -45.061 0 113.562 -45.061 0 113.562 -44.571 0 113.984 -44.571 0
4 20 113.562 -45.061 0 113.14 -45.061 0 113.14 -44.571 0 113.562 -44.571 0
4 20 113.14 -45.061 0 94.987 -45.061 0 94.987 -44.571 0 113.14 -44.571 0
4 20 94.987 -45.061 0 94.565 -45.061 0 94.565 -44.571 0 94.987 -44.571 0
4 8 94.565 -45.061 0 94.142 -45.061 0 94.142 -44.571 0 94.565 -44.571 0
4 20 81.055 -45.551 0 72.612 -45.551 0 72.612 -44.571 0 81.055 -44.571 0
4 20 72.612 -45.061 0 72.19 -45.061 0 72.19 -44.571 0 72.612 -44.571 0
4 6 72.19 -45.061 0 71.768 -45.061 0 71.768 -44.571 0 72.19 -44.571 0
4 20 159.578 -44.571 0 134.248 -44.571 0 134.248 -44.082 0 159.578 -44.082 0
4 20 134.248 -44.571 0 133.826 -44.571 0 133.826 -44.082 0 134.248 -44.082 0
4 8 133.826 -44.571 0 133.404 -44.571 0 133.404 -44.082 0 133.826 -44.082 0
4 7 114.406 -44.571 0 113.984 -44.571 0 113.984 -44.082 0 114.406 -44.082 0
4 20 113.984 -44.571 0 113.562 -44.571 0 113.562 -44.082 0 113.984 -44.082 0
4 20 113.562 -44.571 0 94.142 -44.571 0 94.142 -44.082 0 113.562 -44.082 0
4 7 94.142 -44.571 0 93.72 -44.571 0 93.72 -44.082 0 94.142 -44.082 0
4 7 72.19 -44.571 0 71.768 -44.571 0 71.768 -44.082 0 72.19 -44.082 0
4 20 22.375 -45.551 0 21.953 -45.551 0 21.953 -44.082 0 22.375 -44.082 0
4 20 21.953 -45.551 0 2.111 -45.551 0 2.111 -44.082 0 21.953 -44.082 0
4 20 159.578 -44.082 0 133.404 -44.082 0 133.404 -43.592 0 159.578 -43.592 0
4 7 133.404 -44.082 0 132.982 -44.082 0 132.982 -43.592 0 133.404 -43.592 0
4 8 115.251 -44.082 0 114.828 -44.082 0 114.828 -43.592 0 115.251 -43.592 0
4 20 114.828 -44.082 0 114.406 -44.082 0 114.406 -43.592 0 114.828 -43.592 0
4 20 114.406 -44.082 0 93.72 -44.082 0 93.72 -43.592 0 114.406 -43.592 0
4 20 93.72 -44.082 0 93.298 -44.082 0 93.298 -43.592 0 93.72 -43.592 0
4 8 93.298 -44.082 0 92.876 -44.082 0 92.876 -43.592 0 93.298 -43.592 0
4 20 81.055 -44.571 0 72.19 -44.571 0 72.19 -43.592 0 81.055 -43.592 0
4 20 72.19 -44.082 0 71.768 -44.082 0 71.768 -43.592 0 72.19 -43.592 0
4 8 71.768 -44.082 0 71.346 -44.082 0 71.346 -43.592 0 71.768 -43.592 0
4 8 22.797 -45.061 0 22.375 -45.061 0 22.375 -43.592 0 22.797 -43.592 0
4 20 159.578 -43.592 0 132.982 -43.592 0 132.982 -43.102 0 159.578 -43.102 0
4 7 132.982 -43.592 0 132.559 -43.592 0 132.559 -43.102 0 132.982 -43.102 0
4 6 132.559 -43.592 0 132.137 -43.592 0 132.137 -43.102 0 132.559 -43.102 0
4 8 115.673 -43.592 0 115.251 -43.592 0 115.251 -43.102 0 115.673 -43.102 0
4 20 115.251 -43.592 0 114.828 -43.592 0 114.828 -43.102 0 115.251 -43.102 0
4 20 114.828 -43.592 0 93.298 -43.592 0 93.298 -43.102 0 114.828 -43.102 0
4 20 93.298 -43.592 0 92.876 -43.592 0 92.876 -43.102 0 93.298 -43.102 0
4 8 92.876 -43.592 0 92.454 -43.592 0 92.454 -43.102 0 92.876 -43.102 0
4 7 71.768 -43.592 0 71.346 -43.592 0 71.346 -43.102 0 71.768 -43.102 0
4 20 159.578 -43.102 0 132.559 -43.102 0 132.559 -42.612 0 159.578 -42.612 0
4 7 132.559 -43.102 0 132.137 -43.102 0 132.137 -42.612 0 132.559 -42.612 0
4 6 132.137 -43.102 0 131.715 -43.102 0 131.715 -42.612 0 132.137 -42.612 0
4 7 116.095 -43.102 0 115.673 -43.102 0 115.673 -42.612 0 116.095 -42.612 0
4 20 115.673 -43.102 0 115.251 -43.102 0 115.251 -42.612 0 115.673 -42.612 0
4 20 115.251 -43.102 0 92.454 -43.102 0 92.454 -42.612 0 115.251 -42.612 0
4 7 92.454 -43.102 0 92.032 -43.102 0 92.032 -42.612 0 92.454 -42.612 0
4 20 81.055 -43.592 0 71.768 -43.592 0 71.768 -42.612 0 81.055 -42.612 0
4 20 71.768 -43.102 0 71.346 -43.102 0 71.346 -42.612 0 71.768 -42.612 0
4 8 71.346 -43.102 0 70.923 -43.102 0 70.923 -42.612 0 71.346 -42.612 0
4 7 22.797 -43.592 0 22.375 -43.592 0 22.375 -42.612 0 22.797 -42.612 0
4 20 159.578 -42.612 0 132.137 -42.612 0 132.137 -42.122 0 159.578 -42.122 0
4 7 132.137 -42.612 0 131.715 -42.612 0 131.715 -42.122 0 132.137 -42.122 0
4 7 116.517 -42.612 0 116.095 -42.612 0 116.095 -42.122 0 116.517 -42.122 0
4 20 116.095 -42.612 0 92.032 -42.612 0 92.032 -42.122 0 116.095 -42.122 0
4 7 92.032 -42.612 0 91.609 -42.612 0 91.609 -42.122 0 92.032 -42.122 0
4 20 81.055 -42.612 0 71.346 -42.612 0 71.346 -42.122 0 81.055 -42.122 0
4 20 71.346 -42.612 0 70.923 -42.612 0 70.923 -42.122 0 71.346 -42.122 0
4 7 131.715 -42.122 0 131.293 -42.122 0 131.293 -41.633 0 131.715 -41.633 0
4 7 116.939 -42.122 0 116.517 -42.122 0 116.517 -41.633 0 116.939 -41.633 0
4 20 116.517 -42.122 0 91.609 -42.122 0 91.609 -41.633 0 116.517 -41.633 0
4 7 91.609 -42.122 0 91.187 -42.122 0 91.187 -41.633 0 91.609 -41.633 0
4 7 70.923 -42.122 0 70.501 -42.122 0 70.501 -41.633 0 70.923 -41.633 0
4 20 159.578 -42.122 0 131.715 -42.122 0 131.715 -41.143 0 159.578 -41.143 0
4 20 131.715 -41.633 0 131.293 -41.633 0 131.293 -41.143 0 131.715 -41.143 0
4 8 131.293 -41.633 0 130.871 -41.633 0 130.871 -41.143 0 131.293 -41.143 0
4 7 117.361 -41.633 0 116.939 -41.633 0 116.939 -41.143 0 117.361 -41.143 0
4 8 91.187 -41.633 0 90.765 -41.633 0 90.765 -41.143 0 91.187 -41.143 0
4 20 81.055 -42.122 0 70.923 -42.122 0 70.923 -41.143 0 81.055 -41.143 0
4 20 70.923 -41.633 0 70.501 -41.633 0 70.501 -41.143 0 70.923 -41.143 0
4 8 70.501 -41.633 0 70.079 -41.633 0 70.079 -41.143 0 70.501 -41.143 0
4 20 22.797 -42.612 0 22.375 -42.612 0 22.375 -41.143 0 22.797 -41.143 0
4 20 22.375 -44.082 0 2.111 -44.082 0 2.111 -41.143 0 22.375 -41.143 0
4 20 159.578 -41.143 0 131.293 -41.143 0 131.293 -40.653 0 159.578 -40.653 0
4 20 131.293 -41.143 0 130.871 -41.143 0 130.871 -40.653 0 131.293 -40.653 0
4 6 130.871 -41.143 0 130.449 -41.143 0 130.449 -40.653 0 130.871 -40.653 0
4 8 117.784 -41.143 0 117.361 -41.143 0 117.361 -40.653 0 117.784 -40.653 0
4 20 117.361 -41.143 0 116.939 -41.143 0 116.939 -40.653 0 117.361 -40.653 0
4 20 116.939 -41.633 0 91.187 -41.633 0 91.187 -40.653 0 116.939 -40.653 0
4 20 91.187 -41.143 0 90.765 -41.143 0 90.765 -40.653 0 91.187 -40.653 0
4 8 90.765 -41.143 0 90.343 -41.143 0 90.343 -40.653 0 90.765 -40.653 0
4 7 70.501 -41.143 0 70.079 -41.143 0 70.079 -40.653 0 70.501 -40.653 0
4 8 23.219 -42.122 0 22.797 -42.122 0 22.797 -40.653 0 23.219 -40.653 0
4 7 130.871 -40.653 0 130.449 -40.653 0 130.449 -40.163 0 130.871 -40.163 0
4 8 118.206 -40.653 0 117.784 -40.653 0 117.784 -40.163 0 118.206 -40.163 0
4 20 117.784 -40.653 0 117.361 -40.653 0 117.361 -40.163 0 117.784 -40.163 0
4 20 117.361 -40.653 0 90.765 -40.653 0 90.765 -40.163 0 117.361 -40.163 0
4 20 90.765 -40.653 0 90.343 -40.653 0 90.343 -40.163 0 90.765 -40.163 0
4 6 90.343 -40.653 0 89.921 -40.653 0 89.921 -40.163 0 90.343 -40.163 0
4 20 81.055 -41.143 0 70.501 -41.143 0 70.501 -40.163 0 81.055 -40.163 0
4 20 70.501 -40.653 0 70.079 -40.653 0 70.079 -40.163 0 70.501 -40.163 0
4 8 70.079 -40.653 0 69.657 -40.653 0 69.657 -40.163 0 70.079 -40.163 0
4 20 159.578 -40.653 0 130.871 -40.653 0 130.871 -39.673 0 159.578 -39.673 0
4 20 130.871 -40.163 0 130.449 -40.163 0 130.449 -39.673 0 130.871 -39.673 0
4 8 130.449 -40.163 0 130.026 -40.163 0 130.026 -39.673 0 130.449 -39.673 0
4 6 118.628 -40.163 0 118.206 -40.163 0 118.206 -39.673 0 118.628 -39.673 0
4 20 118.206 -40.163 0 117.784 -40.163 0 117.784 -39.673 0 118.206 -39.673 0
4 20 117.784 -40.163 0 90.343 -40.163 0 90.343 -39.673 0 117.784 -39.673 0
4 7 90.343 -40.163 0 89.921 -40.163 0 89.921 -39.673 0 90.343 -39.673 0
4 20 81.055 -40.163 0 70.079 -40.163 0 70.079 -39.673 0 81.055 -39.673 0
4 7 70.079 -40.163 0 69.657 -40.163 0 69.657 -39.673 0 70.079 -39.673 0
4 7 23.219 -40.653 0 22.797 -40.653 0 22.797 -39.673 0 23.219 -39.673 0
4 20 159.578 -39.673 0 130.449 -39.673 0 130.449 -39.184 0 159.578 -39.184 0
4 7 130.449 -39.673 0 130.026 -39.673 0 130.026 -39.184 0 130.449 -39.184 0
4 7 118.628 -39.673 0 118.206 -39.673 0 118.206 -39.184 0 118.628 -39.184 0
4 20 118.206 -39.673 0 106.807 -39.673 0 106.807 -39.184 0 118.206 -39.184 0
4 20 106.807 -39.673 0 106.385 -39.673 0 106.385 -39.184 0 106.807 -39.184 0
4 7 106.385 -39.673 0 105.963 -39.673 0 105.963 -39.184 0 106.385 -39.184 0
4 8 105.963 -39.673 0 105.541 -39.673 0 105.541 -39.184 0 105.963 -39.184 0
4 8 105.541 -39.673 0 105.119 -39.673 0 105.119 -39.184 0 105.541 -39.184 0
4 6 102.586 -39.673 0 102.164 -39.673 0 102.164 -39.184 0 102.586 -39.184 0
4 8 102.164 -39.673 0 101.741 -39.673 0 101.741 -39.184 0 102.164 -39.184 0
4 7 101.741 -39.673 0 101.319 -39.673 0 101.319 -39.184 0 101.741 -39.184 0
4 7 101.319 -39.673 0 100.897 -39.673 0 100.897 -39.184 0 101.319 -39.184 0
4 20 100.897 -39.673 0 100.475 -39.673 0 100.475 -39.184 0 100.897 -39.184 0
4 20 100.475 -39.673 0 90.343 -39.673 0 90.343 -39.184 0 100.475 -39.184 0
4 20 90.343 -39.673 0 89.921 -39.673 0 89.921 -39.184 0 90.343 -39.184 0
4 8 89.921 -39.673 0 89.499 -39.673 0 89.499 -39.184 0 89.921 -39.184 0
4 8 69.657 -39.673 0 69.235 -39.673 0 69.235 -39.184 0 69.657 -39.184 0
4 8 141.425 -39.184 0 141.003 -39.184 0 141.003 -38.694 0 141.425 -38.694 0
4 8 141.003 -39.184 0 140.58 -39.184 0 140.58 -38.694 0 141.003 -38.694 0
4 7 140.58 -39.184 0 140.158 -39.184 0 140.158 -38.694 0 140.58 -38.694 0
4 20 140.158 -39.184 0 139.736 -39.184 0 139.736 -38.694 0 140.158 -38.694 0
4 20 139.736 -39.184 0 130.449 -39.184 0 130.449 -38.694 0 139.736 -38.694 0
4 20 130.449 -39.184 0 130.026 -39.184 0 130.026 -38.694 0 130.449 -38.694 0
4 6 130.026 -39.184 0 129.604 -39.184 0 129.604 -38.694 0 130.026 -38.694 0
4 8 119.05 -39.184 0 118.628 -39.184 0 118.628 -38.694 0 119.05 -38.694 0
4 20 118.628 -39.184 0 118.206 -39.184 0 118.206 -38.694 0 118.628 -38.694 0
4 20 118.206 -39.184 0 108.074 -39.184 0 108.074 -38.694 0 118.206 -38.694 0
4 20 108.074 -39.184 0 107.652 -39.184 0 107.652 -38.694 0 108.074 -38.694 0
4 7 107.652 -39.184 0 107.23 -39.184 0 107.23 -38.694 0 107.652 -38.694 0
4 8 100.475 -39.184 0 100.053 -39.184 0 100.053 -38.694 0 100.475 -38.694 0
4 7 100.053 -39.184 0 99.631 -39.184 0 99.631 -38.694 0 100.053 -38.694 0
4 20 99.631 -39.184 0 89.921 -39.184 0 89.921 -38.694 0 99.631 -38.694 0
4 20 89.921 -39.184 0 89.499 -39.184 0 89.499 -38.694 0 89.921 -38.694 0
4 20 81.055 -39.673 0 69.657 -39.673 0 69.657 -38.694 0 81.055 -38.694 0
4 20 69.657 -39.184 0 69.235 -39.184 0 69.235 -38.694 0 69.657 -38.694 0
4 6 69.235 -39.184 0 68.813 -39.184 0 68.813 -38.694 0 69.235 -38.694 0
4 6 23.641 -39.184 0 23.219 -39.184 0 23.219 -38.694 0 23.641 -38.694 0
4 8 139.736 -38.694 0 139.314 -38.694 0 139.314 -38.204 0 139.736 -38.204 0
4 20 139.314 -38.694 0 138.892 -38.694 0 138.892 -38.204 0 139.314 -38.204 0
4 20 138.892 -38.694 0 130.026 -38.694 0 130.026 -38.204 0 138.892 -38.204 0
4 8 130.026 -38.694 0 129.604 -38.694 0 129.604 -38.204 0 130.026 -38.204 0
4 6 119.472 -38.694 0 119.05 -38.694 0 119.05 -38.204 0 119.472 -38.204 0
4 20 119.05 -38.694 0 118.628 -38.694 0 118.628 -38.204 0 119.05 -38.204 0
4 20 118.628 -38.694 0 108.918 -38.694 0 108.918 -38.204 0 118.628 -38.204 0
4 20 108.918 -38.694 0 108.496 -38.694 0 108.496 -38.204 0 108.918 -38.204 0
4 8 108.496 -38.694 0 108.074 -38.694 0 108.074 -38.204 0 108.496 -38.204 0
4 8 99.631 -38.694 0 99.208 -38.694 0 99.208 -38.204 0 99.631 -38.204 0
4 20 99.208 -38.694 0 98.786 -38.694 0 98.786 -38.204 0 99.208 -38.204 0
4 20 98.786 -38.694 0 89.499 -38.694 0 89.499 -38.204 0 98.786 -38.204 0
4 7 89.499 -38.694 0 89.077 -38.694 0 89.077 -38.204 0 89.499 -38.204 0
4 7 69.235 -38.694 0 68.813 -38.694 0 68.813 -38.204 0 69.235 -38.204 0
4 20 23.219 -39.673 0 22.797 -39.673 0 22.797 -38.204 0 23.219 -38.204 0
4 20 22.797 -41.143 0 2.111 -41.143 0 2.111 -38.204 0 22.797 -38.204 0
4 7 138.892 -38.204 0 138.47 -38.204 0 138.47 -37.714 0 138.892 -37.714 0
4 20 138.47 -38.204 0 130.026 -38.204 0 130.026 -37.714 0 138.47 -37.714 0
4 7 130.026 -38.204 0 129.604 -38.204 0 129.604 -37.714 0 130.026 -37.714 0
4 7 119.472 -38.204 0 119.05 -38.204 0 119.05 -37.714 0 119.472 -37.714 0
4 20 119.05 -38.204 0 109.34 -38.204 0 109.34 -37.714 0 119.05 -37.714 0
4 7 109.34 -38.204 0 108.918 -38.204 0 108.918 -37.714 0 109.34 -37.714 0
4 7 98.786 -38.204 0 98.364 -38.204 0 98.364 -37.714 0 98.786 -37.714 0
4 20 98.364 -38.204 0 89.499 -38.204 0 89.499 -37.714 0 98.364 -37.714 0
4 20 89.499 -38.204 0 89.077 -38.204 0 89.077 -37.714 0 89.499 -37.714 0
4 20 81.055 -38.694 0 69.235 -38.694 0 69.235 -37.714 0 81.055 -37.714 0
4 20 69.235 -38.204 0 68.813 -38.204 0 68.813 -37.714 0 69.235 -37.714 0
4 8 68.813 -38.204 0 68.391 -38.204 0 68.391 -37.714 0 68.813 -37.714 0
4 8 23.641 -38.694 0 23.219 -38.694 0 23.219 -37.714 0 23.641 -37.714 0
4 20 23.219 -38.204 0 2.111 -38.204 0 2.111 -37.714 0 23.219 -37.714 0
4 7 2.111 -45.551 0 1.689 -45.551 0 1.689 -37.714 0 2.111 -37.714 0
4 8 138.47 -37.714 0 138.047 -37.714 0 138.047 -37.224 0 138.47 -37.224 0
4 20 138.047 -37.714 0 137.625 -37.714 0 137.625 -37.224 0 138.047 -37.224 0
4 6 129.604 -37.714 0 129.182 -37.714 0 129.182 -37.224 0 129.604 -37.224 0
4 8 119.894 -37.714 0 119.472 -37.714 0 119.472 -37.224 0 119.894 -37.224 0
4 20 119.472 -37.714 0 119.05 -37.714 0 119.05 -37.224 0 119.472 -37.224 0
4 20 119.05 -37.714 0 110.185 -37.714 0 110.185 -37.224 0 119.05 -37.224 0
4 20 110.185 -37.714 0 109.763 -37.714 0 109.763 -37.224 0 110.185 -37.224 0
4 8 109.763 -37.714 0 109.34 -37.714 0 109.34 -37.224 0 109.763 -37.224 0
4 7 98.364 -37.714 0 97.942 -37.714 0 97.942 -37.224 0 98.364 -37.224 0
4 20 97.942 -37.714 0 97.52 -37.714 0 97.52 -37.224 0 97.942 -37.224 0
4 20 97.52 -37.714 0 89.077 -37.714 0 89.077 -37.224 0 97.52 -37.224 0
4 8 89.077 -37.714 0 88.654 -37.714 0 88.654 -37.224 0 89.077 -37.224 0
4 7 68.813 -37.714 0 68.391 -37.714 0 68.391 -37.224 0 68.813 -37.224 0
4 20 18.153 -37.714 0 17.731 -37.714 0 17.731 -37.224 0 18.153 -37.224 0
4 7 138.047 -37.224 0 137.625 -37.224 0 137.625 -36.735 0 138.047 -36.735 0
4 20 137.625 -37.714 0 130.026 -37.714 0 130.026 -36.735 0 137.625 -36.735 0
4 20 130.026 -37.714 0 129.604 -37.714 0 129.604 -36.735 0 130.026 -36.735 0
4 7 119.894 -37.224 0 119.472 -37.224 0 119.472 -36.735 0 119.894 -36.735 0
4 20 119.472 -37.224 0 110.607 -37.224 0 110.607 -36.735 0 119.472 -36.735 0
4 20 110.607 -37.224 0 110.185 -37.224 0 110.185 -36.735 0 110.607 -36.735 0
4 8 110.185 -37.224 0 109.763 -37.224 0 109.763 -36.735 0 110.185 -36.735 0
4 8 97.942 -37.224 0 97.52 -37.224 0 97.52 -36.735 0 97.942 -36.735 0
4 20 97.52 -37.224 0 97.098 -37.224 0 97.098 -36.735 0 97.52 -36.735 0
4 7 89.077 -37.224 0 88.654 -37.224 0 88.654 -36.735 0 89.077 -36.735 0
4 20 81.055 -37.714 0 68.813 -37.714 0 68.813 -36.735 0 81.055 -36.735 0
4 20 68.813 -37.224 0 68.391 -37.224 0 68.391 -36.735 0 68.813 -36.735 0
4 8 68.391 -37.224 0 67.968 -37.224 0 67.968 -36.735 0 68.391 -36.735 0
4 6 138.047 -36.735 0 137.625 -36.735 0 137.625 -36.245 0 138.047 -36.245 0
4 20 137.625 -36.735 0 137.203 -36.735 0 137.203 -36.245 0 137.625 -36.245 0
4 8 120.317 -36.735 0 119.894 -36.735 0 119.894 -36.245 0 120.317 -36.245 0
4 20 119.894 -36.735 0 119.472 -36.735 0 119.472 -36.245 0 119.894 -36.245 0
4 20 119.472 -36.735 0 111.029 -36.735 0 111.029 -36.245 0 119.472 -36.245 0
4 20 111.029 -36.735 0 110.607 -36.735 0 110.607 -36.245 0 111.029 -36.245 0
4 8 110.607 -36.735 0 110.185 -36.735 0 110.185 -36.245 0 110.607 -36.245 0
4 8 97.52 -36.735 0 97.098 -36.735 0 97.098 -36.245 0 97.52 -36.245 0
4 20 97.098 -37.224 0 89.077 -37.224 0 89.077 -36.245 0 97.098 -36.245 0
4 20 89.077 -36.735 0 88.654 -36.735 0 88.654 -36.245 0 89.077 -36.245 0
4 8 88.654 -36.735 0 88.232 -36.735 0 88.232 -36.245 0 88.654 -36.245 0
4 20 81.055 -36.735 0 68.391 -36.735 0 68.391 -36.245 0 81.055 -36.245 0
4 20 68.391 -36.735 0 67.968 -36.735 0 67.968 -36.245 0 68.391 -36.245 0
4 7 23.641 -37.714 0 23.219 -37.714 0 23.219 -36.245 0 23.641 -36.245 0
4 7 137.625 -36.245 0 137.203 -36.245 0 137.203 -35.755 0 137.625 -35.755 0
4 20 137.203 -36.735 0 129.604 -36.735 0 129.604 -35.755 0 137.203 -35.755 0
4 8 129.604 -37.224 0 129.182 -37.224 0 129.182 -35.755 0 129.604 -35.755 0
4 7 120.317 -36.245 0 119.894 -36.245 0 119.894 -35.755 0 120.317 -35.755 0
4 20 119.894 -36.245 0 111.451 -36.245 0 111.451 -35.755 0 119.894 -35.755 0
4 20 111.451 -36.245 0 111.029 -36.245 0 111.029 -35.755 0 111.451 -35.755 0
4 8 111.029 -36.245 0 110.607 -36.245 0 110.607 -35.755 0 111.029 -35.755 0
4 7 97.098 -36.245 0 96.675 -36.245 0 96.675 -35.755 0 97.098 -35.755 0
4 20 96.675 -36.245 0 88.654 -36.245 0 88.654 -35.755 0 96.675 -35.755 0
4 7 67.968 -36.245 0 67.546 -36.245 0 67.546 -35.755 0 67.968 -35.755 0
4 6 24.063 -36.245 0 23.641 -36.245 0 23.641 -35.755 0 24.063 -35.755 0
4 7 18.153 -37.224 0 17.731 -37.224 0 17.731 -35.755 0 18.153 -35.755 0
4 8 137.625 -35.755 0 137.203 -35.755 0 137.203 -35.265 0 137.625 -35.265 0
4 6 120.739 -35.755 0 120.317 -35.755 0 120.317 -35.265 0 120.739 -35.265 0
4 20 120.317 -35.755 0 119.894 -35.755 0 119.894 -35.265 0 120.317 -35.265 0
4 20 119.894 -35.755 0 111.873 -35.755 0 111.873 -35.265 0 119.894 -35.265 0
4 20 111.873 -35.755 0 111.451 -35.755 0 111.451 -35.265 0 111.873 -35.265 0
4 8 111.451 -35.755 0 111.029 -35.755 0 111.029 -35.265 0 111.451 -35.265 0
4 6 97.098 -35.755 0 96.675 -35.755 0 96.675 -35.265 0 97.098 -35.265 0
4 20 96.675 -35.755 0 96.253 -35.755 0 96.253 -35.265 0 96.675 -35.265 0
4 7 88.654 -36.245 0 88.232 -36.245 0 88.232 -35.265 0 88.654 -35.265 0
4 20 81.055 -36.245 0 67.968 -36.245 0 67.968 -35.265 0 81.055 -35.265 0
4 20 67.968 -35.755 0 67.546 -35.755 0 67.546 -35.265 0 67.968 -35.265 0
4 8 67.546 -35.755 0 67.124 -35.755 0 67.124 -35.265 0 67.546 -35.265 0
4 20 23.641 -36.245 0 23.219 -36.245 0 23.219 -35.265 0 23.641 -35.265 0
4 20 23.219 -37.714 0 18.153 -37.714 0 18.153 -35.265 0 23.219 -35.265 0
4 20 137.203 -35.755 0 136.781 -35.755 0 136.781 -34.776 0 137.203 -34.776 0
4 8 120.739 -35.265 0 120.317 -35.265 0 120.317 -34.776 0 120.739 -34.776 0
4 20 120.317 -35.265 0 111.873 -35.265 0 111.873 -34.776 0 120.317 -34.776 0
4 7 111.873 -35.265 0 111.451 -35.265 0 111.451 -34.776 0 111.873 -34.776 0
4 7 96.675 -35.265 0 96.253 -35.265 0 96.253 -34.776 0 96.675 -34.776 0
4 20 96.253 -35.755 0 88.654 -35.755 0 88.654 -34.776 0 96.253 -34.776 0
4 7 67.546 -35.265 0 67.124 -35.265 0 67.124 -34.776 0 67.546 -34.776 0
4 8 24.063 -35.755 0 23.641 -35.755 0 23.641 -34.776 0 24.063 -34.776 0
4 8 18.153 -35.755 0 17.731 -35.755 0 17.731 -34.776 0 18.153 -34.776 0
4 7 120.739 -34.776 0 120.317 -34.776 0 120.317 -34.286 0 120.739 -34.286 0
4 20 112.296 -34.776 0 111.873 -34.776 0 111.873 -34.286 0 112.296 -34.286 0
4 6 111.873 -34.776 0 111.451 -34.776 0 111.451 -34.286 0 111.873 -34.286 0
4 6 96.675 -34.776 0 96.253 -34.776 0 96.253 -34.286 0 96.675 -34.286 0
4 20 96.253 -34.776 0 95.831 -34.776 0 95.831 -34.286 0 96.253 -34.286 0
4 20 95.831 -34.776 0 88.654 -34.776 0 88.654 -34.286 0 95.831 -34.286 0
4 20 88.654 -35.265 0 88.232 -35.265 0 88.232 -34.286 0 88.654 -34.286 0
4 8 88.232 -35.265 0 87.81 -35.265 0 87.81 -34.286 0 88.232 -34.286 0
4 20 81.055 -35.265 0 67.546 -35.265 0 67.546 -34.286 0 81.055 -34.286 0
4 20 67.546 -34.776 0 67.124 -34.776 0 67.124 -34.286 0 67.546 -34.286 0
4 8 67.124 -34.776 0 66.702 -34.776 0 66.702 -34.286 0 67.124 -34.286 0
4 20 18.575 -35.265 0 18.153 -35.265 0 18.153 -34.286 0 18.575 -34.286 0
4 6 18.153 -34.776 0 17.731 -34.776 0 17.731 -34.286 0 18.153 -34.286 0
4 7 129.604 -35.755 0 129.182 -35.755 0 129.182 -33.796 0 129.604 -33.796 0
4 8 121.161 -34.286 0 120.739 -34.286 0 120.739 -33.796 0 121.161 -33.796 0
4 20 120.739 -34.286 0 120.317 -34.286 0 120.317 -33.796 0 120.739 -33.796 0
4 20 120.317 -34.776 0 112.296 -34.776 0 112.296 -33.796 0 120.317 -33.796 0
4 8 112.296 -34.286 0 111.873 -34.286 0 111.873 -33.796 0 112.296 -33.796 0
4 7 96.253 -34.286 0 95.831 -34.286 0 95.831 -33.796 0 96.253 -33.796 0
4 20 95.831 -34.286 0 88.232 -34.286 0 88.232 -33.796 0 95.831 -33.796 0
4 20 81.055 -34.286 0 67.124 -34.286 0 67.124 -33.796 0 81.055 -33.796 0
4 7 67.124 -34.286 0 66.702 -34.286 0 66.702 -33.796 0 67.124 -33.796 0
4 7 137.203 -34.776 0 136.781 -34.776 0 136.781 -33.306 0 137.203 -33.306 0
4 20 136.781 -35.755 0 129.604 -35.755 0 129.604 -33.306 0 136.781 -33.306 0
4 7 112.718 -33.796 0 112.296 -33.796 0 112.296 -33.306 0 112.718 -33.306 0
4 8 96.253 -33.796 0 95.831 -33.796 0 95.831 -33.306 0 96.253 -33.306 0
4 20 95.831 -33.796 0 95.409 -33.796 0 95.409 -33.306 0 95.831 -33.306 0
4 7 88.232 -34.286 0 87.81 -34.286 0 87.81 -33.306 0 88.232 -33.306 0
4 8 66.702 -33.796 0 66.28 -33.796 0 66.28 -33.306 0 66.702 -33.306 0
4 7 24.063 -34.776 0 23.641 -34.776 0 23.641 -33.306 0 24.063 -33.306 0
4 8 129.604 -33.796 0 129.182 -33.796 0 129.182 -32.816 0 129.604 -32.816 0
4 7 121.161 -33.796 0 120.739 -33.796 0 120.739 -32.816 0 121.161 -32.816 0
4 20 120.739 -33.796 0 112.718 -33.796 0 112.718 -32.816 0 120.739 -32.816 0
4 8 112.718 -33.306 0 112.296 -33.306 0 112.296 -32.816 0 112.718 -32.816 0
4 20 81.055 -33.796 0 66.702 -33.796 0 66.702 -32.816 0 81.055 -32.816 0
4 20 66.702 -33.306 0 66.28 -33.306 0 66.28 -32.816 0 66.702 -32.816 0
4 6 66.28 -33.306 0 65.858 -33.306 0 65.858 -32.816 0 66.28 -32.816 0
4 6 24.485 -33.306 0 24.063 -33.306 0 24.063 -32.816 0 24.485 -32.816 0
4 7 18.575 -34.286 0 18.153 -34.286 0 18.153 -32.816 0 18.575 -32.816 0
4 8 137.625 -32.816 0 137.203 -32.816 0 137.203 -32.327 0 137.625 -32.327 0
4 20 137.203 -33.306 0 136.781 -33.306 0 136.781 -32.327 0 137.203 -32.327 0
4 20 136.781 -33.306 0 130.026 -33.306 0 130.026 -32.327 0 136.781 -32.327 0
4 20 130.026 -33.306 0 129.604 -33.306 0 129.604 -32.327 0 130.026 -32.327 0
4 20 121.161 -32.816 0 120.739 -32.816 0 120.739 -32.327 0 121.161 -32.327 0
4 20 120.739 -32.816 0 113.14 -32.816 0 113.14 -32.327 0 120.739 -32.327 0
4 20 113.14 -32.816 0 112.718 -32.816 0 112.718 -32.327 0 113.14 -32.327 0
4 7 95.831 -33.306 0 95.409 -33.306 0 95.409 -32.327 0 95.831 -32.327 0
4 20 95.409 -33.796 0 88.232 -33.796 0 88.232 -32.327 0 95.409 -32.327 0
4 6 87.81 -32.816 0 87.388 -32.816 0 87.388 -32.327 0 87.81 -32.327 0
4 20 73.879 -32.816 0 73.456 -32.816 0 73.456 -32.327 0 73.879 -32.327 0
4 7 73.456 -32.816 0 73.034 -32.816 0 73.034 -32.327 0 73.456 -32.327 0
4 20 73.034 -32.816 0 66.28 -32.816 0 66.28 -32.327 0 73.034 -32.327 0
4 7 66.28 -32.816 0 65.858 -32.816 0 65.858 -32.327 0 66.28 -32.327 0
4 20 24.063 -33.306 0 23.641 -33.306 0 23.641 -32.327 0 24.063 -32.327 0
4 20 23.641 -35.265 0 18.575 -35.265 0 18.575 -32.327 0 23.641 -32.327 0
4 7 137.625 -32.327 0 137.203 -32.327 0 137.203 -31.837 0 137.625 -31.837 0
4 20 137.203 -32.327 0 130.026 -32.327 0 130.026 -31.837 0 137.203 -31.837 0
4 7 130.026 -32.327 0 129.604 -32.327 0 129.604 -31.837 0 130.026 -31.837 0
4 8 121.583 -32.816 0 121.161 -32.816 0 121.161 -31.837 0 121.583 -31.837 0
4 20 121.161 -32.327 0 113.14 -32.327 0 113.14 -31.837 0 121.161 -31.837 0
4 7 113.14 -32.327 0 112.718 -32.327 0 112.718 -31.837 0 113.14 -31.837 0
4 8 95.831 -32.327 0 95.409 -32.327 0 95.409 -31.837 0 95.831 -31.837 0
4 20 95.409 -32.327 0 94.987 -32.327 0 94.987 -31.837 0 95.409 -31.837 0
4 20 94.987 -32.327 0 88.232 -32.327 0 88.232 -31.837 0 94.987 -31.837 0
4 20 88.232 -33.306 0 87.81 -33.306 0 87.81 -31.837 0 88.232 -31.837 0
4 8 73.456 -32.327 0 73.034 -32.327 0 73.034 -31.837 0 73.456 -31.837 0
4 20 73.034 -32.327 0 72.612 -32.327 0 72.612 -31.837 0 73.034 -31.837 0
4 20 72.612 -32.327 0 66.28 -32.327 0 66.28 -31.837 0 72.612 -31.837 0
4 20 66.28 -32.327 0 65.858 -32.327 0 65.858 -31.837 0 66.28 -31.837 0
4 8 65.858 -32.327 0 65.435 -32.327 0 65.435 -31.837 0 65.858 -31.837 0
4 8 24.485 -32.816 0 24.063 -32.816 0 24.063 -31.837 0 24.485 -31.837 0
4 20 137.625 -31.837 0 137.203 -31.837 0 137.203 -31.347 0 137.625 -31.347 0
4 20 137.203 -31.837 0 130.449 -31.837 0 130.449 -31.347 0 137.203 -31.347 0
4 8 130.026 -31.837 0 129.604 -31.837 0 129.604 -31.347 0 130.026 -31.347 0
4 20 113.562 -31.837 0 113.14 -31.837 0 113.14 -31.347 0 113.562 -31.347 0
4 8 113.14 -31.837 0 112.718 -31.837 0 112.718 -31.347 0 113.14 -31.347 0
4 7 95.409 -31.837 0 94.987 -31.837 0 94.987 -31.347 0 95.409 -31.347 0
4 7 94.987 -31.837 0 88.232 -31.837 0 88.232 -31.347 0 94.987 -31.347 0
4 7 88.232 -31.837 0 87.81 -31.837 0 87.81 -31.347 0 88.232 -31.347 0
4 8 87.81 -32.327 0 87.388 -32.327 0 87.388 -31.347 0 87.81 -31.347 0
4 8 73.034 -31.837 0 72.612 -31.837 0 72.612 -31.347 0 73.034 -31.347 0
4 20 72.612 -31.837 0 65.858 -31.837 0 65.858 -31.347 0 72.612 -31.347 0
4 7 65.858 -31.837 0 65.435 -31.837 0 65.435 -31.347 0 65.858 -31.347 0
4 8 18.575 -32.816 0 18.153 -32.816 0 18.153 -31.347 0 18.575 -31.347 0
4 7 138.047 -31.347 0 137.625 -31.347 0 137.625 -30.857 0 138.047 -30.857 0
4 20 130.449 -31.837 0 130.026 -31.837 0 130.026 -30.857 0 130.449 -30.857 0
4 7 121.583 -31.837 0 121.161 -31.837 0 121.161 -30.857 0 121.583 -30.857 0
4 7 72.612 -31.347 0 72.19 -31.347 0 72.19 -30.857 0 72.612 -30.857 0
4 20 72.19 -31.347 0 65.858 -31.347 0 65.858 -30.857 0 72.19 -30.857 0
4 20 65.858 -31.347 0 65.435 -31.347 0 65.435 -30.857 0 65.858 -30.857 0
4 8 65.435 -31.347 0 65.013 -31.347 0 65.013 -30.857 0 65.435 -30.857 0
4 20 18.997 -32.327 0 18.575 -32.327 0 18.575 -30.857 0 18.997 -30.857 0
4 8 14.776 -31.347 0 14.354 -31.347 0 14.354 -30.857 0 14.776 -30.857 0
4 7 14.354 -31.347 0 13.931 -31.347 0 13.931 -30.857 0 14.354 -30.857 0
4 7 13.931 -31.347 0 13.509 -31.347 0 13.509 -30.857 0 13.931 -30.857 0
4 20 13.509 -31.347 0 13.087 -31.347 0 13.087 -30.857 0 13.509 -30.857 0
4 20 13.087 -31.347 0 12.665 -31.347 0 12.665 -30.857 0 13.087 -30.857 0
4 20 12.665 -31.347 0 12.243 -31.347 0 12.243 -30.857 0 12.665 -30.857 0
4 20 12.243 -31.347 0 11.821 -31.347 0 11.821 -30.857 0 12.243 -30.857 0
4 20 11.821 -31.347 0 11.398 -31.347 0 11.398 -30.857 0 11.821 -30.857 0
4 20 11.398 -31.347 0 10.976 -31.347 0 10.976 -30.857 0 11.398 -30.857 0
4 20 10.976 -31.347 0 10.554 -31.347 0 10.554 -30.857 0 10.976 -30.857 0
4 7 10.554 -31.347 0 10.132 -31.347 0 10.132 -30.857 0 10.554 -30.857 0
4 8 10.132 -31.347 0 9.71 -31.347 0 9.71 -30.857 0 10.132 -30.857 0
4 8 9.71 -31.347 0 9.288 -31.347 0 9.288 -30.857 0 9.71 -30.857 0
4 8 138.47 -30.857 0 138.047 -30.857 0 138.047 -30.367 0 138.47 -30.367 0
4 20 138.047 -30.857 0 137.625 -30.857 0 137.625 -30.367 0 138.047 -30.367 0
4 20 137.625 -31.347 0 130.449 -31.347 0 130.449 -30.367 0 137.625 -30.367 0
4 8 130.449 -30.857 0 130.026 -30.857 0 130.026 -30.367 0 130.449 -30.367 0
4 6 122.005 -30.857 0 121.583 -30.857 0 121.583 -30.367 0 122.005 -30.367 0
4 20 121.161 -31.837 0 113.562 -31.837 0 113.562 -30.367 0 121.161 -30.367 0
4 7 113.562 -31.347 0 113.14 -31.347 0 113.14 -30.367 0 113.562 -30.367 0
4 8 72.612 -30.857 0 72.19 -30.857 0 72.19 -30.367 0 72.612 -30.367 0
4 20 72.19 -30.857 0 71.768 -30.857 0 71.768 -30.367 0 72.19 -30.367 0
4 20 71.768 -30.857 0 65.435 -30.857 0 65.435 -30.367 0 71.768 -30.367 0
4 20 65.435 -30.857 0 65.013 -30.857 0 65.013 -30.367 0 65.435 -30.367 0
4 7 24.485 -31.837 0 24.063 -31.837 0 24.063 -30.367 0 24.485 -30.367 0
4 8 16.042 -30.857 0 15.62 -30.857 0 15.62 -30.367 0 16.042 -30.367 0
4 20 15.62 -30.857 0 15.198 -30.857 0 15.198 -30.367 0 15.62 -30.367 0
4 20 15.198 -30.857 0 8.865 -30.857 0 8.865 -30.367 0 15.198 -30.367 0
4 20 8.865 -30.857 0 8.443 -30.857 0 8.443 -30.367 0 8.865 -30.367 0
4 8 8.443 -30.857 0 8.021 -30.857 0 8.021 -30.367 0 8.443 -30.367 0
4 7 138.892 -30.367 0 138.47 -30.367 0 138.47 -29.878 0 138.892 -29.878 0
4 20 138.47 -30.367 0 138.047 -30.367 0 138.047 -29.878 0 138.47 -29.878 0
4 20 138.047 -30.367 0 130.871 -30.367 0 130.871 -29.878 0 138.047 -29.878 0
4 7 130.871 -30.367 0 130.449 -30.367 0 130.449 -29.878 0 130.871 -29.878 0
4 20 121.583 -30.857 0 121.161 -30.857 0 121.161 -29.878 0 121.583 -29.878 0
4 20 121.161 -30.367 0 113.984 -30.367 0 113.984 -29.878 0 121.161 -29.878 0
4 8 113.562 -30.367 0 113.14 -30.367 0 113.14 -29.878 0 113.562 -29.878 0
4 7 72.19 -30.367 0 71.768 -30.367 0 71.768 -29.878 0 72.19 -29.878 0
4 20 71.768 -30.367 0 65.013 -30.367 0 65.013 -29.878 0 71.768 -29.878 0
4 7 65.013 -30.367 0 64.591 -30.367 0 64.591 -29.878 0 65.013 -29.878 0
4 7 18.997 -30.857 0 18.575 -30.857 0 18.575 -29.878 0 18.997 -29.878 0
4 6 17.309 -30.367 0 16.887 -30.367 0 16.887 -29.878 0 17.309 -29.878 0
4 7 16.887 -30.367 0 16.464 -30.367 0 16.464 -29.878 0 16.887 -29.878 0
4 20 16.464 -30.367 0 16.042 -30.367 0 16.042 -29.878 0 16.464 -29.878 0
4 20 16.042 -30.367 0 7.599 -30.367 0 7.599 -29.878 0 16.042 -29.878 0
4 7 7.599 -30.367 0 7.177 -30.367 0 7.177 -29.878 0 7.599 -29.878 0
4 8 7.177 -30.367 0 6.755 -30.367 0 6.755 -29.878 0 7.177 -29.878 0
4 8 139.736 -29.878 0 139.314 -29.878 0 139.314 -29.388 0 139.736 -29.388 0
4 20 139.314 -29.878 0 138.892 -29.878 0 138.892 -29.388 0 139.314 -29.388 0
4 20 138.892 -29.878 0 131.293 -29.878 0 131.293 -29.388 0 138.892 -29.388 0
4 20 131.293 -29.878 0 130.871 -29.878 0 130.871 -29.388 0 131.293 -29.388 0
4 8 130.871 -29.878 0 130.449 -29.878 0 130.449 -29.388 0 130.871 -29.388 0
4 8 122.005 -30.367 0 121.583 -30.367 0 121.583 -29.388 0 122.005 -29.388 0
4 20 113.984 -30.367 0 113.562 -30.367 0 113.562 -29.388 0 113.984 -29.388 0
4 6 113.562 -29.878 0 113.14 -29.878 0 113.14 -29.388 0 113.562 -29.388 0
4 8 72.19 -29.878 0 71.768 -29.878 0 71.768 -29.388 0 72.19 -29.388 0
4 20 71.768 -29.878 0 71.346 -29.878 0 71.346 -29.388 0 71.768 -29.388 0
4 20 71.346 -29.878 0 65.013 -29.878 0 65.013 -29.388 0 71.346 -29.388 0
4 20 65.013 -29.878 0 64.591 -29.878 0 64.591 -29.388 0 65.013 -29.388 0
4 8 64.591 -29.878 0 64.169 -29.878 0 64.169 -29.388 0 64.591 -29.388 0
4 20 24.063 -32.327 0 18.997 -32.327 0 18.997 -29.388 0 24.063 -29.388 0
4 7 17.731 -29.878 0 17.309 -29.878 0 17.309 -29.388 0 17.731 -29.388 0
4 20 17.309 -29.878 0 6.755 -29.878 0 6.755 -29.388 0 17.309 -29.388 0
4 7 6.755 -29.878 0 6.332 -29.878 0 6.332 -29.388 0 6.755 -29.388 0
4 6 6.332 -29.878 0 5.91 -29.878 0 5.91 -29.388 0 6.332 -29.388 0
4 20 159.578 -39.184 0 151.979 -39.184 0 151.979 -28.898 0 159.578 -28.898 0
4 7 151.979 -39.184 0 151.557 -39.184 0 151.557 -28.898 0 151.979 -28.898 0
4 8 141.425 -29.388 0 141.003 -29.388 0 141.003 -28.898 0 141.425 -28.898 0
4 8 141.003 -29.388 0 140.58 -29.388 0 140.58 -28.898 0 141.003 -28.898 0
4 7 140.58 -29.388 0 140.158 -29.388 0 140.158 -28.898 0 140.58 -28.898 0
4 20 140.158 -29.388 0 139.736 -29.388 0 139.736 -28.898 0 140.158 -28.898 0
4 20 139.736 -29.388 0 131.715 -29.388 0 131.715 -28.898 0 139.736 -28.898 0
4 20 131.715 -29.388 0 131.293 -29.388 0 131.293 -28.898 0 131.715 -28.898 0
4 8 131.293 -29.388 0 130.871 -29.388 0 130.871 -28.898 0 131.293 -28.898 0
4 7 71.768 -29.388 0 71.346 -29.388 0 71.346 -28.898 0 71.768 -28.898 0
4 20 71.346 -29.388 0 64.591 -29.388 0 64.591 -28.898 0 71.346 -28.898 0
4 7 64.591 -29.388 0 64.169 -29.388 0 64.169 -28.898 0 64.591 -28.898 0
4 20 24.485 -30.367 0 24.063 -30.367 0 24.063 -28.898 0 24.485 -28.898 0
4 20 24.063 -29.388 0 19.42 -29.388 0 19.42 -28.898 0 24.063 -28.898 0
4 20 19.42 -29.388 0 18.997 -29.388 0 18.997 -28.898 0 19.42 -28.898 0
4 8 18.997 -29.878 0 18.575 -29.878 0 18.575 -28.898 0 18.997 -28.898 0
4 8 18.575 -29.388 0 18.153 -29.388 0 18.153 -28.898 0 18.575 -28.898 0
4 20 18.153 -29.388 0 17.731 -29.388 0 17.731 -28.898 0 18.153 -28.898 0
4 20 17.731 -29.388 0 6.332 -29.388 0 6.332 -28.898 0 17.731 -28.898 0
4 20 6.332 -29.388 0 5.91 -29.388 0 5.91 -28.898 0 6.332 -28.898 0
4 8 5.91 -29.388 0 5.488 -29.388 0 5.488 -28.898 0 5.91 -28.898 0
4 20 159.578 -28.898 0 132.137 -28.898 0 132.137 -28.408 0 159.578 -28.408 0
4 20 132.137 -28.898 0 131.715 -28.898 0 131.715 -28.408 0 132.137 -28.408 0
4 8 131.715 -28.898 0 131.293 -28.898 0 131.293 -28.408 0 131.715 -28.408 0
4 7 113.984 -29.388 0 113.562 -29.388 0 113.562 -28.408 0 113.984 -28.408 0
4 6 71.768 -28.898 0 71.346 -28.898 0 71.346 -28.408 0 71.768 -28.408 0
4 20 71.346 -28.898 0 70.923 -28.898 0 70.923 -28.408 0 71.346 -28.408 0
4 20 70.923 -28.898 0 64.591 -28.898 0 64.591 -28.408 0 70.923 -28.408 0
4 20 64.591 -28.898 0 64.169 -28.898 0 64.169 -28.408 0 64.591 -28.408 0
4 8 64.169 -28.898 0 63.747 -28.898 0 63.747 -28.408 0 64.169 -28.408 0
4 8 24.908 -29.878 0 24.485 -29.878 0 24.485 -28.408 0 24.908 -28.408 0
4 20 24.485 -28.898 0 18.997 -28.898 0 18.997 -28.408 0 24.485 -28.408 0
4 20 18.997 -28.898 0 18.575 -28.898 0 18.575 -28.408 0 18.997 -28.408 0
4 20 18.575 -28.898 0 5.488 -28.898 0 5.488 -28.408 0 18.575 -28.408 0
4 7 5.488 -28.898 0 5.066 -28.898 0 5.066 -28.408 0 5.488 -28.408 0
4 20 159.578 -28.408 0 132.559 -28.408 0 132.559 -27.918 0 159.578 -27.918 0
4 20 132.559 -28.408 0 132.137 -28.408 0 132.137 -27.918 0 132.559 -27.918 0
4 8 132.137 -28.408 0 131.715 -28.408 0 131.715 -27.918 0 132.137 -27.918 0
4 7 122.005 -29.388 0 121.583 -29.388 0 121.583 -27.918 0 122.005 -27.918 0
4 8 71.346 -28.408 0 70.923 -28.408 0 70.923 -27.918 0 71.346 -27.918 0
4 20 70.923 -28.408 0 70.501 -28.408 0 70.501 -27.918 0 70.923 -27.918 0
4 20 70.501 -28.408 0 64.169 -28.408 0 64.169 -27.918 0 70.501 -27.918 0
4 7 64.169 -28.408 0 63.747 -28.408 0 63.747 -27.918 0 64.169 -27.918 0
4 20 24.485 -28.408 0 5.066 -28.408 0 5.066 -27.918 0 24.485 -27.918 0
4 20 5.066 -28.408 0 4.644 -28.408 0 4.644 -27.918 0 5.066 -27.918 0
4 8 4.644 -28.408 0 4.222 -28.408 0 4.222 -27.918 0 4.644 -27.918 0
4 20 159.578 -27.918 0 132.982 -27.918 0 132.982 -27.429 0 159.578 -27.429 0
4 20 132.982 -27.918 0 132.559 -27.918 0 132.559 -27.429 0 132.982 -27.429 0
4 8 132.559 -27.918 0 132.137 -27.918 0 132.137 -27.429 0 132.559 -27.429 0
4 20 121.583 -29.878 0 113.984 -29.878 0 113.984 -27.429 0 121.583 -27.429 0
4 7 70.923 -27.918 0 70.501 -27.918 0 70.501 -27.429 0 70.923 -27.429 0
4 20 70.501 -27.918 0 63.747 -27.918 0 63.747 -27.429 0 70.501 -27.429 0
4 8 63.747 -27.918 0 63.325 -27.918 0 63.325 -27.429 0 63.747 -27.429 0
4 7 24.908 -28.408 0 24.485 -28.408 0 24.485 -27.429 0 24.908 -27.429 0
4 20 24.485 -27.918 0 4.644 -27.918 0 4.644 -27.429 0 24.485 -27.429 0
4 20 4.644 -27.918 0 4.222 -27.918 0 4.222 -27.429 0 4.644 -27.429 0
4 8 4.222 -27.918 0 3.799 -27.918 0 3.799 -27.429 0 4.222 -27.429 0
4 20 159.578 -27.429 0 133.404 -27.429 0 133.404 -26.939 0 159.578 -26.939 0
4 20 133.404 -27.429 0 132.982 -27.429 0 132.982 -26.939 0 133.404 -26.939 0
4 8 132.982 -27.429 0 132.559 -27.429 0 132.559 -26.939 0 132.982 -26.939 0
4 6 122.427 -27.429 0 122.005 -27.429 0 122.005 -26.939 0 122.427 -26.939 0
4 8 70.923 -27.429 0 70.501 -27.429 0 70.501 -26.939 0 70.923 -26.939 0
4 20 70.501 -27.429 0 70.079 -27.429 0 70.079 -26.939 0 70.501 -26.939 0
4 20 70.079 -27.429 0 63.747 -27.429 0 63.747 -26.939 0 70.079 -26.939 0
4 20 63.747 -27.429 0 63.325 -27.429 0 63.325 -26.939 0 63.747 -26.939 0
4 6 63.325 -27.429 0 62.902 -27.429 0 62.902 -26.939 0 63.325 -26.939 0
4 20 24.485 -27.429 0 4.222 -27.429 0 4.222 -26.939 0 24.485 -26.939 0
4 20 4.222 -27.429 0 3.799 -27.429 0 3.799 -26.939 0 4.222 -26.939 0
4 8 3.799 -27.429 0 3.377 -27.429 0 3.377 -26.939 0 3.799 -26.939 0
4 20 159.578 -26.939 0 133.826 -26.939 0 133.826 -26.449 0 159.578 -26.449 0
4 7 133.826 -26.939 0 133.404 -26.939 0 133.404 -26.449 0 133.826 -26.449 0
4 6 133.404 -26.939 0 132.982 -26.939 0 132.982 -26.449 0 133.404 -26.449 0
4 8 113.984 -28.408 0 113.562 -28.408 0 113.562 -26.449 0 113.984 -26.449 0
4 7 70.501 -26.939 0 70.079 -26.939 0 70.079 -26.449 0 70.501 -26.449 0
4 20 70.079 -26.939 0 63.325 -26.939 0 63.325 -26.449 0 70.079 -26.449 0
4 7 63.325 -26.939 0 62.902 -26.939 0 62.902 -26.449 0 63.325 -26.449 0
4 20 24.485 -26.939 0 3.799 -26.939 0 3.799 -26.449 0 24.485 -26.449 0
4 20 3.799 -26.939 0 3.377 -26.939 0 3.377 -26.449 0 3.799 -26.449 0
4 20 159.578 -26.449 0 134.67 -26.449 0 134.67 -25.959 0 159.578 -25.959 0
4 20 134.67 -26.449 0 134.248 -26.449 0 134.248 -25.959 0 134.67 -25.959 0
4 7 134.248 -26.449 0 133.826 -26.449 0 133.826 -25.959 0 134.248 -25.959 0
4 6 70.501 -26.449 0 70.079 -26.449 0 70.079 -25.959 0 70.501 -25.959 0
4 20 70.079 -26.449 0 69.657 -26.449 0 69.657 -25.959 0 70.079 -25.959 0
4 20 69.657 -26.449 0 63.325 -26.449 0 63.325 -25.959 0 69.657 -25.959 0
4 20 63.325 -26.449 0 62.902 -26.449 0 62.902 -25.959 0 63.325 -25.959 0
4 8 62.902 -26.449 0 62.48 -26.449 0 62.48 -25.959 0 62.902 -25.959 0
4 20 24.908 -27.429 0 24.485 -27.429 0 24.485 -25.959 0 24.908 -25.959 0
4 20 24.485 -26.449 0 3.377 -26.449 0 3.377 -25.959 0 24.485 -25.959 0
4 7 3.377 -26.449 0 2.955 -26.449 0 2.955 -25.959 0 3.377 -25.959 0
4 20 159.578 -25.959 0 135.092 -25.959 0 135.092 -25.469 0 159.578 -25.469 0
4 20 135.092 -25.959 0 134.67 -25.959 0 134.67 -25.469 0 135.092 -25.469 0
4 8 134.67 -25.959 0 134.248 -25.959 0 134.248 -25.469 0 134.67 -25.469 0
4 20 114.406 -27.429 0 113.984 -27.429 0 113.984 -25.469 0 114.406 -25.469 0
4 8 70.079 -25.959 0 69.657 -25.959 0 69.657 -25.469 0 70.079 -25.469 0
4 20 69.657 -25.959 0 62.902 -25.959 0 62.902 -25.469 0 69.657 -25.469 0
4 7 62.902 -25.959 0 62.48 -25.959 0 62.48 -25.469 0 62.902 -25.469 0
4 8 25.33 -26.939 0 24.908 -26.939 0 24.908 -25.469 0 25.33 -25.469 0
4 7 2.955 -25.959 0 2.533 -25.959 0 2.533 -25.469 0 2.955 -25.469 0
4 20 159.578 -25.469 0 134.67 -25.469 0 134.67 -24.98 0 159.578 -24.98 0
4 20 134.67 -25.469 0 134.248 -25.469 0 134.248 -24.98 0 134.67 -24.98 0
4 8 134.248 -25.469 0 133.826 -25.469 0 133.826 -24.98 0 134.248 -24.98 0
4 20 122.005 -27.918 0 121.583 -27.918 0 121.583 -24.98 0 122.005 -24.98 0
4 20 121.583 -27.429 0 114.406 -27.429 0 114.406 -24.98 0 121.583 -24.98 0
4 7 69.657 -25.469 0 69.235 -25.469 0 69.235 -24.98 0 69.657 -24.98 0
4 20 69.235 -25.469 0 62.902 -25.469 0 62.902 -24.98 0 69.235 -24.98 0
4 20 62.902 -25.469 0 62.48 -25.469 0 62.48 -24.98 0 62.902 -24.98 0
4 8 62.48 -25.469 0 62.058 -25.469 0 62.058 -24.98 0 62.48 -24.98 0
4 20 24.908 -25.959 0 2.955 -25.959 0 2.955 -24.98 0 24.908 -24.98 0
4 20 2.955 -25.469 0 2.533 -25.469 0 2.533 -24.98 0 2.955 -24.98 0
4 8 2.533 -25.469 0 2.111 -25.469 0 2.111 -24.98 0 2.533 -24.98 0
4 20 159.578 -24.98 0 133.826 -24.98 0 133.826 -24.49 0 159.578 -24.49 0
4 7 133.826 -24.98 0 133.404 -24.98 0 133.404 -24.49 0 133.826 -24.49 0
4 8 69.657 -24.98 0 69.235 -24.98 0 69.235 -24.49 0 69.657 -24.49 0
4 20 69.235 -24.98 0 68.813 -24.98 0 68.813 -24.49 0 69.235 -24.49 0
4 20 68.813 -24.98 0 62.48 -24.98 0 62.48 -24.49 0 68.813 -24.49 0
4 20 62.48 -24.98 0 62.058 -24.98 0 62.058 -24.49 0 62.48 -24.49 0
4 7 25.33 -25.469 0 24.908 -25.469 0 24.908 -24.49 0 25.33 -24.49 0
4 20 24.908 -24.98 0 2.533 -24.98 0 2.533 -24.49 0 24.908 -24.49 0
4 7 2.533 -24.98 0 2.111 -24.98 0 2.111 -24.49 0 2.533 -24.49 0
4 20 159.578 -24.49 0 133.404 -24.49 0 133.404 -24 0 159.578 -24 0
4 20 133.404 -24.49 0 132.982 -24.49 0 132.982 -24 0 133.404 -24 0
4 8 132.982 -24.49 0 132.559 -24.49 0 132.559 -24 0 132.982 -24 0
4 7 69.235 -24.49 0 68.813 -24.49 0 68.813 -24 0 69.235 -24 0
4 20 68.813 -24.49 0 62.058 -24.49 0 62.058 -24 0 68.813 -24 0
4 7 62.058 -24.49 0 61.636 -24.49 0 61.636 -24 0 62.058 -24 0
4 20 24.908 -24.49 0 16.464 -24.49 0 16.464 -24 0 24.908 -24 0
4 20 16.464 -24.49 0 16.042 -24.49 0 16.042 -24 0 16.464 -24 0
4 7 16.042 -24.49 0 15.62 -24.49 0 15.62 -24 0 16.042 -24 0
4 8 15.62 -24.49 0 15.198 -24.49 0 15.198 -24 0 15.62 -24 0
4 8 15.198 -24.49 0 14.776 -24.49 0 14.776 -24 0 15.198 -24 0
4 6 14.776 -24.49 0 14.354 -24.49 0 14.354 -24 0 14.776 -24 0
4 6 14.354 -24.49 0 13.931 -24.49 0 13.931 -24 0 14.354 -24 0
4 6 13.931 -24.49 0 13.509 -24.49 0 13.509 -24 0 13.931 -24 0
4 8 13.509 -24.49 0 13.087 -24.49 0 13.087 -24 0 13.509 -24 0
4 8 13.087 -24.49 0 12.665 -24.49 0 12.665 -24 0 13.087 -24 0
4 7 12.665 -24.49 0 12.243 -24.49 0 12.243 -24 0 12.665 -24 0
4 20 12.243 -24.49 0 11.821 -24.49 0 11.821 -24 0 12.243 -24 0
4 20 11.821 -24.49 0 2.533 -24.49 0 2.533 -24 0 11.821 -24 0
4 20 2.533 -24.49 0 2.111 -24.49 0 2.111 -24 0 2.533 -24 0
4 8 2.111 -24.49 0 1.689 -24.49 0 1.689 -24 0 2.111 -24 0
4 20 159.578 -24 0 132.982 -24 0 132.982 -23.51 0 159.578 -23.51 0
4 20 132.982 -24 0 132.559 -24 0 132.559 -23.51 0 132.982 -23.51 0
4 8 132.559 -24 0 132.137 -24 0 132.137 -23.51 0 132.559 -23.51 0
4 8 69.235 -24 0 68.813 -24 0 68.813 -23.51 0 69.235 -23.51 0
4 20 68.813 -24 0 68.391 -24 0 68.391 -23.51 0 68.813 -23.51 0
4 20 68.391 -24 0 62.058 -24 0 62.058 -23.51 0 68.391 -23.51 0
4 20 62.058 -24 0 61.636 -24 0 61.636 -23.51 0 62.058 -23.51 0
4 8 61.636 -24 0 61.214 -24 0 61.214 -23.51 0 61.636 -23.51 0
4 20 24.908 -24 0 17.309 -24 0 17.309 -23.51 0 24.908 -23.51 0
4 20 17.309 -24 0 16.887 -24 0 16.887 -23.51 0 17.309 -23.51 0
4 8 16.887 -24 0 16.464 -24 0 16.464 -23.51 0 16.887 -23.51 0
4 8 11.821 -24 0 11.398 -24 0 11.398 -23.51 0 11.821 -23.51 0
4 7 11.398 -24 0 10.976 -24 0 10.976 -23.51 0 11.398 -23.51 0
4 20 10.976 -24 0 2.111 -24 0 2.111 -23.51 0 10.976 -23.51 0
4 7 2.111 -24 0 1.689 -24 0 1.689 -23.51 0 2.111 -23.51 0
4 20 159.578 -23.51 0 132.137 -23.51 0 132.137 -23.02 0 159.578 -23.02 0
4 7 132.137 -23.51 0 131.715 -23.51 0 131.715 -23.02 0 132.137 -23.02 0
4 7 68.813 -23.51 0 68.391 -23.51 0 68.391 -23.02 0 68.813 -23.02 0
4 20 68.391 -23.51 0 61.636 -23.51 0 61.636 -23.02 0 68.391 -23.02 0
4 7 61.636 -23.51 0 61.214 -23.51 0 61.214 -23.02 0 61.636 -23.02 0
4 20 25.33 -24.49 0 24.908 -24.49 0 24.908 -23.02 0 25.33 -23.02 0
4 20 24.908 -23.51 0 18.153 -23.51 0 18.153 -23.02 0 24.908 -23.02 0
4 20 18.153 -23.51 0 17.731 -23.51 0 17.731 -23.02 0 18.153 -23.02 0
4 7 17.731 -23.51 0 17.309 -23.51 0 17.309 -23.02 0 17.731 -23.02 0
4 8 10.976 -23.51 0 10.554 -23.51 0 10.554 -23.02 0 10.976 -23.02 0
4 20 10.554 -23.51 0 10.132 -23.51 0 10.132 -23.02 0 10.554 -23.02 0
4 20 10.132 -23.51 0 2.111 -23.51 0 2.111 -23.02 0 10.132 -23.02 0
4 20 2.111 -23.51 0 1.689 -23.51 0 1.689 -23.02 0 2.111 -23.02 0
4 8 1.689 -23.51 0 1.266 -23.51 0 1.266 -23.02 0 1.689 -23.02 0
4 20 159.578 -23.02 0 131.715 -23.02 0 131.715 -22.531 0 159.578 -22.531 0
4 7 131.715 -23.02 0 131.293 -23.02 0 131.293 -22.531 0 131.715 -22.531 0
4 20 122.005 -24.98 0 114.406 -24.98 0 114.406 -22.531 0 122.005 -22.531 0
4 20 68.391 -23.02 0 67.968 -23.02 0 67.968 -22.531 0 68.391 -22.531 0
4 20 67.968 -23.02 0 61.636 -23.02 0 61.636 -22.531 0 67.968 -22.531 0
4 20 61.636 -23.02 0 61.214 -23.02 0 61.214 -22.531 0 61.636 -22.531 0
4 8 61.214 -23.02 0 60.792 -23.02 0 60.792 -22.531 0 61.214 -22.531 0
4 8 44.749 -23.02 0 30.818 -23.02 0 30.818 -22.531 0 44.749 -22.531 0
4 8 30.818 -23.02 0 30.396 -23.02 0 30.396 -22.531 0 30.818 -22.531 0
4 8 25.752 -24 0 25.33 -24 0 25.33 -22.531 0 25.752 -22.531 0
4 20 18.575 -23.02 0 18.153 -23.02 0 18.153 -22.531 0 18.575 -22.531 0
4 8 18.153 -23.02 0 17.731 -23.02 0 17.731 -22.531 0 18.153 -22.531 0
4 7 10.132 -23.02 0 9.71 -23.02 0 9.71 -22.531 0 10.132 -22.531 0
4 20 9.71 -23.02 0 1.689 -23.02 0 1.689 -22.531 0 9.71 -22.531 0
4 7 1.689 -23.02 0 1.266 -23.02 0 1.266 -22.531 0 1.689 -22.531 0
4 20 159.578 -22.531 0 131.293 -22.531 0 131.293 -22.041 0 159.578 -22.041 0
4 7 131.293 -22.531 0 130.871 -22.531 0 130.871 -22.041 0 131.293 -22.041 0
4 8 68.391 -22.531 0 67.968 -22.531 0 67.968 -22.041 0 68.391 -22.041 0
4 20 67.968 -22.531 0 67.546 -22.531 0 67.546 -22.041 0 67.968 -22.041 0
4 20 67.546 -22.531 0 61.214 -22.531 0 61.214 -22.041 0 67.546 -22.041 0
4 7 61.214 -22.531 0 60.792 -22.531 0 60.792 -22.041 0 61.214 -22.041 0
4 20 25.33 -23.02 0 18.575 -23.02 0 18.575 -22.041 0 25.33 -22.041 0
4 7 18.575 -22.531 0 18.153 -22.531 0 18.153 -22.041 0 18.575 -22.041 0
4 7 9.71 -22.531 0 9.288 -22.531 0 9.288 -22.041 0 9.71 -22.041 0
4 20 9.288 -22.531 0 1.689 -22.531 0 1.689 -22.041 0 9.288 -22.041 0
4 20 1.689 -22.531 0 1.266 -22.531 0 1.266 -22.041 0 1.689 -22.041 0
4 7 130.871 -22.041 0 130.449 -22.041 0 130.449 -21.551 0 130.871 -21.551 0
4 7 114.406 -25.469 0 113.984 -25.469 0 113.984 -21.551 0 114.406 -21.551 0
4 7 67.968 -22.041 0 67.546 -22.041 0 67.546 -21.551 0 67.968 -21.551 0
4 20 67.546 -22.041 0 60.792 -22.041 0 60.792 -21.551 0 67.546 -21.551 0
4 8 60.792 -22.041 0 60.369 -22.041 0 60.369 -21.551 0 60.792 -21.551 0
4 7 25.752 -22.531 0 25.33 -22.531 0 25.33 -21.551 0 25.752 -21.551 0
4 20 18.997 -22.041 0 18.575 -22.041 0 18.575 -21.551 0 18.997 -21.551 0
4 6 9.71 -22.041 0 9.288 -22.041 0 9.288 -21.551 0 9.71 -21.551 0
4 20 9.288 -22.041 0 8.865 -22.041 0 8.865 -21.551 0 9.288 -21.551 0
4 20 8.865 -22.041 0 1.266 -22.041 0 1.266 -21.551 0 8.865 -21.551 0
4 8 1.266 -22.531 0 0.844 -22.531 0 0.844 -21.551 0 1.266 -21.551 0
4 20 159.578 -22.041 0 130.871 -22.041 0 130.871 -21.061 0 159.578 -21.061 0
4 20 130.871 -21.551 0 130.449 -21.551 0 130.449 -21.061 0 130.871 -21.061 0
4 8 130.449 -21.551 0 130.026 -21.551 0 130.026 -21.061 0 130.449 -21.061 0
4 8 67.968 -21.551 0 67.546 -21.551 0 67.546 -21.061 0 67.968 -21.061 0
4 20 67.546 -21.551 0 67.124 -21.551 0 67.124 -21.061 0 67.546 -21.061 0
4 20 67.124 -21.551 0 60.792 -21.551 0 60.792 -21.061 0 67.124 -21.061 0
4 20 60.792 -21.551 0 60.369 -21.551 0 60.369 -21.061 0 60.792 -21.061 0
4 6 60.369 -21.551 0 59.947 -21.551 0 59.947 -21.061 0 60.369 -21.061 0
4 20 25.752 -21.551 0 25.33 -21.551 0 25.33 -21.061 0 25.752 -21.061 0
4 20 25.33 -22.041 0 18.997 -22.041 0 18.997 -21.061 0 25.33 -21.061 0
4 8 18.997 -21.551 0 18.575 -21.551 0 18.575 -21.061 0 18.997 -21.061 0
4 8 9.288 -21.551 0 8.865 -21.551 0 8.865 -21.061 0 9.288 -21.061 0
4 20 8.865 -21.551 0 8.443 -21.551 0 8.443 -21.061 0 8.865 -21.061 0
4 7 1.266 -21.551 0 0.844 -21.551 0 0.844 -21.061 0 1.266 -21.061 0
4 8 140.58 -21.061 0 140.158 -21.061 0 140.158 -20.571 0 140.58 -20.571 0
4 8 140.158 -21.061 0 139.736 -21.061 0 139.736 -20.571 0 140.158 -20.571 0
4 7 139.736 -21.061 0 139.314 -21.061 0 139.314 -20.571 0 139.736 -20.571 0
4 20 139.314 -21.061 0 138.892 -21.061 0 138.892 -20.571 0 139.314 -20.571 0
4 20 138.892 -21.061 0 130.449 -21.061 0 130.449 -20.571 0 138.892 -20.571 0
4 20 130.449 -21.061 0 130.026 -21.061 0 130.026 -20.571 0 130.449 -20.571 0
4 8 130.026 -21.061 0 129.604 -21.061 0 129.604 -20.571 0 130.026 -20.571 0
4 8 122.427 -26.939 0 122.005 -26.939 0 122.005 -20.571 0 122.427 -20.571 0
4 6 113.984 -21.061 0 113.562 -21.061 0 113.562 -20.571 0 113.984 -20.571 0
4 7 67.546 -21.061 0 67.124 -21.061 0 67.124 -20.571 0 67.546 -20.571 0
4 20 67.124 -21.061 0 60.369 -21.061 0 60.369 -20.571 0 67.124 -20.571 0
4 7 60.369 -21.061 0 59.947 -21.061 0 59.947 -20.571 0 60.369 -20.571 0
4 7 8.865 -21.061 0 8.443 -21.061 0 8.443 -20.571 0 8.865 -20.571 0
4 20 8.443 -21.551 0 1.266 -21.551 0 1.266 -20.571 0 8.443 -20.571 0
4 6 0.844 -21.061 0 0.422 -21.061 0 0.422 -20.571 0 0.844 -20.571 0
4 8 138.892 -20.571 0 138.47 -20.571 0 138.47 -20.082 0 138.892 -20.082 0
4 20 138.47 -20.571 0 138.047 -20.571 0 138.047 -20.082 0 138.47 -20.082 0
4 20 138.047 -20.571 0 130.026 -20.571 0 130.026 -20.082 0 138.047 -20.082 0
4 7 130.026 -20.571 0 129.604 -20.571 0 129.604 -20.082 0 130.026 -20.082 0
4 6 122.427 -20.571 0 122.005 -20.571 0 122.005 -20.082 0 122.427 -20.082 0
4 6 67.546 -20.571 0 67.124 -20.571 0 67.124 -20.082 0 67.546 -20.082 0
4 20 67.124 -20.571 0 66.702 -20.571 0 66.702 -20.082 0 67.124 -20.082 0
4 20 66.702 -20.571 0 60.369 -20.571 0 60.369 -20.082 0 66.702 -20.082 0
4 20 60.369 -20.571 0 59.947 -20.571 0 59.947 -20.082 0 60.369 -20.082 0
4 8 59.947 -20.571 0 59.525 -20.571 0 59.525 -20.082 0 59.947 -20.082 0
4 8 8.865 -20.571 0 8.443 -20.571 0 8.443 -20.082 0 8.865 -20.082 0
4 20 8.021 -20.571 0 1.266 -20.571 0 1.266 -20.082 0 8.021 -20.082 0
4 20 1.266 -21.061 0 0.844 -21.061 0 0.844 -20.082 0 1.266 -20.082 0
4 8 138.047 -20.082 0 137.625 -20.082 0 137.625 -19.592 0 138.047 -19.592 0
4 20 137.625 -20.082 0 137.203 -20.082 0 137.203 -19.592 0 137.625 -19.592 0
4 20 137.203 -20.082 0 129.604 -20.082 0 129.604 -19.592 0 137.203 -19.592 0
4 8 129.604 -20.082 0 129.182 -20.082 0 129.182 -19.592 0 129.604 -19.592 0
4 20 122.005 -22.531 0 121.583 -22.531 0 121.583 -19.592 0 122.005 -19.592 0
4 20 121.583 -22.531 0 114.406 -22.531 0 114.406 -19.592 0 121.583 -19.592 0
4 20 114.406 -21.551 0 113.984 -21.551 0 113.984 -19.592 0 114.406 -19.592 0
4 8 67.124 -20.082 0 66.702 -20.082 0 66.702 -19.592 0 67.124 -19.592 0
4 20 66.702 -20.082 0 59.947 -20.082 0 59.947 -19.592 0 66.702 -19.592 0
4 7 59.947 -20.082 0 59.525 -20.082 0 59.525 -19.592 0 59.947 -19.592 0
4 20 8.443 -20.571 0 8.021 -20.571 0 8.021 -19.592 0 8.443 -19.592 0
4 8 0.844 -20.571 0 0.422 -20.571 0 0.422 -19.592 0 0.844 -19.592 0
4 8 137.625 -19.592 0 137.203 -19.592 0 137.203 -19.102 0 137.625 -19.102 0
4 20 137.203 -19.592 0 136.781 -19.592 0 136.781 -19.102 0 137.203 -19.102 0
4 20 136.781 -19.592 0 129.604 -19.592 0 129.604 -19.102 0 136.781 -19.102 0
4 20 129.604 -19.592 0 129.182 -19.592 0 129.182 -19.102 0 129.604 -19.102 0
4 8 113.984 -20.571 0 113.562 -20.571 0 113.562 -19.102 0 113.984 -19.102 0
4 7 66.702 -19.592 0 66.28 -19.592 0 66.28 -19.102 0 66.702 -19.102 0
4 20 66.28 -19.592 0 59.947 -19.592 0 59.947 -19.102 0 66.28 -19.102 0
4 20 59.947 -19.592 0 59.525 -19.592 0 59.525 -19.102 0 59.947 -19.102 0
4 8 59.525 -19.592 0 59.103 -19.592 0 59.103 -19.102 0 59.525 -19.102 0
4 7 8.443 -19.592 0 8.021 -19.592 0 8.021 -19.102 0 8.443 -19.102 0
4 8 137.203 -19.102 0 136.781 -19.102 0 136.781 -18.612 0 137.203 -18.612 0
4 20 136.781 -19.102 0 136.359 -19.102 0 136.359 -18.612 0 136.781 -18.612 0
4 8 129.182 -19.102 0 128.76 -19.102 0 128.76 -18.612 0 129.182 -18.612 0
4 8 66.702 -19.102 0 66.28 -19.102 0 66.28 -18.612 0 66.702 -18.612 0
4 20 66.28 -19.102 0 65.858 -19.102 0 65.858 -18.612 0 66.28 -18.612 0
4 20 65.858 -19.102 0 59.525 -19.102 0 59.525 -18.612 0 65.858 -18.612 0
4 20 59.525 -19.102 0 59.103 -19.102 0 59.103 -18.612 0 59.525 -18.612 0
4 6 59.103 -19.102 0 58.681 -19.102 0 58.681 -18.612 0 59.103 -18.612 0
4 20 8.021 -20.082 0 0.844 -20.082 0 0.844 -18.612 0 8.021 -18.612 0
4 7 136.781 -18.612 0 136.359 -18.612 0 136.359 -18.122 0 136.781 -18.122 0
4 20 136.359 -19.102 0 129.182 -19.102 0 129.182 -18.122 0 136.359 -18.122 0
4 7 129.182 -18.612 0 128.76 -18.612 0 128.76 -18.122 0 129.182 -18.122 0
4 7 122.005 -19.592 0 121.583 -19.592 0 121.583 -18.122 0 122.005 -18.122 0
4 7 113.984 -19.102 0 113.562 -19.102 0 113.562 -18.122 0 113.984 -18.122 0
4 7 66.28 -18.612 0 65.858 -18.612 0 65.858 -18.122 0 66.28 -18.122 0
4 20 65.858 -18.612 0 59.103 -18.612 0 59.103 -18.122 0 65.858 -18.122 0
4 7 59.103 -18.612 0 58.681 -18.612 0 58.681 -18.122 0 59.103 -18.122 0
4 8 8.443 -19.102 0 8.021 -19.102 0 8.021 -18.122 0 8.443 -18.122 0
4 7 0.844 -19.592 0 0.422 -19.592 0 0.422 -18.122 0 0.844 -18.122 0
4 8 136.781 -18.122 0 136.359 -18.122 0 136.359 -17.633 0 136.781 -17.633 0
4 20 136.359 -18.122 0 135.937 -18.122 0 135.937 -17.633 0 136.359 -17.633 0
4 20 135.937 -18.122 0 129.182 -18.122 0 129.182 -17.633 0 135.937 -17.633 0
4 20 129.182 -18.122 0 128.76 -18.122 0 128.76 -17.633 0 129.182 -17.633 0
4 20 121.583 -19.592 0 113.984 -19.592 0 113.984 -17.633 0 121.583 -17.633 0
4 8 66.28 -18.122 0 65.858 -18.122 0 65.858 -17.633 0 66.28 -17.633 0
4 20 65.858 -18.122 0 65.435 -18.122 0 65.435 -17.633 0 65.858 -17.633 0
4 20 65.435 -18.122 0 59.103 -18.122 0 59.103 -17.633 0 65.435 -17.633 0
4 20 59.103 -18.122 0 58.681 -18.122 0 58.681 -17.633 0 59.103 -17.633 0
4 8 58.681 -18.122 0 58.259 -18.122 0 58.259 -17.633 0 58.681 -17.633 0
4 20 8.021 -18.612 0 7.599 -18.612 0 7.599 -17.633 0 8.021 -17.633 0
4 8 128.76 -18.122 0 128.338 -18.122 0 128.338 -17.143 0 128.76 -17.143 0
4 8 122.005 -18.122 0 121.583 -18.122 0 121.583 -17.143 0 122.005 -17.143 0
4 20 121.161 -17.633 0 113.984 -17.633 0 113.984 -17.143 0 121.161 -17.143 0
4 20 113.984 -18.122 0 113.562 -18.122 0 113.562 -17.143 0 113.984 -17.143 0
4 7 65.858 -17.633 0 65.435 -17.633 0 65.435 -17.143 0 65.858 -17.143 0
4 20 65.435 -17.633 0 58.681 -17.633 0 58.681 -17.143 0 65.435 -17.143 0
4 7 58.681 -17.633 0 58.259 -17.633 0 58.259 -17.143 0 58.681 -17.143 0
4 6 0.422 -17.633 0 0 -17.633 0 0 -17.143 0 0.422 -17.143 0
4 7 136.359 -17.633 0 135.937 -17.633 0 135.937 -16.653 0 136.359 -16.653 0
4 7 128.76 -17.143 0 128.338 -17.143 0 128.338 -16.653 0 128.76 -16.653 0
4 6 122.005 -17.143 0 121.583 -17.143 0 121.583 -16.653 0 122.005 -16.653 0
4 20 121.583 -17.633 0 121.161 -17.633 0 121.161 -16.653 0 121.583 -16.653 0
4 8 113.562 -17.633 0 113.14 -17.633 0 113.14 -16.653 0 113.562 -16.653 0
4 7 95.409 -17.143 0 94.987 -17.143 0 94.987 -16.653 0 95.409 -16.653 0
4 7 94.987 -17.143 0 87.81 -17.143 0 87.81 -16.653 0 94.987 -16.653 0
4 8 87.81 -17.143 0 87.388 -17.143 0 87.388 -16.653 0 87.81 -16.653 0
4 20 65.435 -17.143 0 65.013 -17.143 0 65.013 -16.653 0 65.435 -16.653 0
4 20 65.013 -17.143 0 58.681 -17.143 0 58.681 -16.653 0 65.013 -16.653 0
4 20 58.681 -17.143 0 58.259 -17.143 0 58.259 -16.653 0 58.681 -16.653 0
4 8 58.259 -17.143 0 57.836 -17.143 0 57.836 -16.653 0 58.259 -16.653 0
4 20 135.937 -17.633 0 128.76 -17.633 0 128.76 -16.163 0 135.937 -16.163 0
4 7 113.562 -16.653 0 113.14 -16.653 0 113.14 -16.163 0 113.562 -16.163 0
4 8 65.435 -16.653 0 65.013 -16.653 0 65.013 -16.163 0 65.435 -16.163 0
4 20 65.013 -16.653 0 64.591 -16.653 0 64.591 -16.163 0 65.013 -16.163 0
4 20 64.591 -16.653 0 58.259 -16.653 0 58.259 -16.163 0 64.591 -16.163 0
4 20 58.259 -16.653 0 57.836 -16.653 0 57.836 -16.163 0 58.259 -16.163 0
4 7 57.836 -47.02 0 57.414 -47.02 0 57.414 -16.163 0 57.836 -16.163 0
4 20 57.414 -47.02 0 49.815 -47.02 0 49.815 -16.163 0 57.414 -16.163 0
4 6 128.338 -16.163 0 127.916 -16.163 0 127.916 -15.673 0 128.338 -15.673 0
4 7 121.583 -16.653 0 121.161 -16.653 0 121.161 -15.673 0 121.583 -15.673 0
4 6 113.14 -16.163 0 112.718 -16.163 0 112.718 -15.673 0 113.14 -15.673 0
4 20 95.409 -16.653 0 94.987 -16.653 0 94.987 -15.673 0 95.409 -15.673 0
4 20 94.987 -16.653 0 87.81 -16.653 0 87.81 -15.673 0 94.987 -15.673 0
4 7 87.81 -16.653 0 87.388 -16.653 0 87.388 -15.673 0 87.81 -15.673 0
4 7 65.013 -16.163 0 64.591 -16.163 0 64.591 -15.673 0 65.013 -15.673 0
4 20 64.591 -16.163 0 49.815 -16.163 0 49.815 -15.673 0 64.591 -15.673 0
4 20 121.161 -17.143 0 113.562 -17.143 0 113.562 -15.184 0 121.161 -15.184 0
4 20 113.562 -16.163 0 113.14 -16.163 0 113.14 -15.184 0 113.562 -15.184 0
4 8 113.14 -15.673 0 112.718 -15.673 0 112.718 -15.184 0 113.14 -15.184 0
4 8 95.831 -16.653 0 95.409 -16.653 0 95.409 -15.184 0 95.831 -15.184 0
4 20 95.409 -15.673 0 87.81 -15.673 0 87.81 -15.184 0 95.409 -15.184 0
4 8 65.013 -15.673 0 64.591 -15.673 0 64.591 -15.184 0 65.013 -15.184 0
4 20 64.591 -15.673 0 64.169 -15.673 0 64.169 -15.184 0 64.591 -15.184 0
4 8 0.422 -17.143 0 0 -17.143 0 0 -15.184 0 0.422 -15.184 0
4 8 121.583 -15.673 0 121.161 -15.673 0 121.161 -14.694 0 121.583 -14.694 0
4 20 121.161 -15.184 0 120.739 -15.184 0 120.739 -14.694 0 121.161 -14.694 0
4 7 113.14 -15.184 0 112.718 -15.184 0 112.718 -14.694 0 113.14 -14.694 0
4 7 95.831 -15.184 0 95.409 -15.184 0 95.409 -14.694 0 95.831 -14.694 0
4 8 87.81 -15.673 0 87.388 -15.673 0 87.388 -14.694 0 87.81 -14.694 0
4 7 64.591 -15.184 0 64.169 -15.184 0 64.169 -14.694 0 64.591 -14.694 0
4 20 64.169 -15.673 0 49.815 -15.673 0 49.815 -14.694 0 64.169 -14.694 0
4 20 120.739 -15.184 0 113.14 -15.184 0 113.14 -14.204 0 120.739 -14.204 0
4 20 113.14 -14.694 0 112.718 -14.694 0 112.718 -14.204 0 113.14 -14.204 0
4 8 112.718 -14.694 0 112.296 -14.694 0 112.296 -14.204 0 112.718 -14.204 0
4 6 87.81 -14.694 0 87.388 -14.694 0 87.388 -14.204 0 87.81 -14.204 0
4 6 64.591 -14.694 0 64.169 -14.694 0 64.169 -14.204 0 64.591 -14.204 0
4 20 64.169 -14.694 0 63.747 -14.694 0 63.747 -14.204 0 64.169 -14.204 0
4 7 45.172 -22.531 0 44.749 -22.531 0 44.749 -14.204 0 45.172 -14.204 0
4 20 44.749 -22.531 0 30.818 -22.531 0 30.818 -14.204 0 44.749 -14.204 0
4 20 30.818 -22.531 0 30.396 -22.531 0 30.396 -14.204 0 30.818 -14.204 0
4 6 30.396 -22.531 0 29.974 -22.531 0 29.974 -14.204 0 30.396 -14.204 0
4 7 8.021 -17.633 0 7.599 -17.633 0 7.599 -14.204 0 8.021 -14.204 0
4 6 0.422 -15.184 0 0 -15.184 0 0 -14.204 0 0.422 -14.204 0
4 8 136.359 -16.653 0 135.937 -16.653 0 135.937 -13.714 0 136.359 -13.714 0
4 20 135.937 -16.163 0 135.515 -16.163 0 135.515 -13.714 0 135.937 -13.714 0
4 20 135.515 -16.163 0 128.76 -16.163 0 128.76 -13.714 0 135.515 -13.714 0
4 7 121.161 -14.694 0 120.739 -14.694 0 120.739 -13.714 0 121.161 -13.714 0
4 20 120.739 -14.204 0 112.718 -14.204 0 112.718 -13.714 0 120.739 -13.714 0
4 7 112.718 -14.204 0 112.296 -14.204 0 112.296 -13.714 0 112.718 -13.714 0
4 8 96.253 -14.204 0 95.831 -14.204 0 95.831 -13.714 0 96.253 -13.714 0
4 20 95.831 -14.694 0 95.409 -14.694 0 95.409 -13.714 0 95.831 -13.714 0
4 20 95.409 -15.184 0 88.232 -15.184 0 88.232 -13.714 0 95.409 -13.714 0
4 20 88.232 -15.184 0 87.81 -15.184 0 87.81 -13.714 0 88.232 -13.714 0
4 8 64.169 -14.204 0 63.747 -14.204 0 63.747 -13.714 0 64.169 -13.714 0
4 20 63.747 -14.694 0 49.815 -14.694 0 49.815 -13.714 0 63.747 -13.714 0
4 20 0.844 -18.122 0 0.422 -18.122 0 0.422 -13.714 0 0.844 -13.714 0
4 8 128.338 -15.673 0 127.916 -15.673 0 127.916 -13.224 0 128.338 -13.224 0
4 8 121.161 -13.714 0 120.739 -13.714 0 120.739 -13.224 0 121.161 -13.224 0
4 20 120.739 -13.714 0 120.317 -13.714 0 120.317 -13.224 0 120.739 -13.224 0
4 20 120.317 -13.714 0 112.718 -13.714 0 112.718 -13.224 0 120.317 -13.224 0
4 20 112.718 -13.714 0 112.296 -13.714 0 112.296 -13.224 0 112.718 -13.224 0
4 8 112.296 -13.714 0 111.873 -13.714 0 111.873 -13.224 0 112.296 -13.224 0
4 7 96.253 -13.714 0 95.831 -13.714 0 95.831 -13.224 0 96.253 -13.224 0
4 7 88.232 -13.714 0 87.81 -13.714 0 87.81 -13.224 0 88.232 -13.224 0
4 7 63.747 -13.714 0 63.325 -13.714 0 63.325 -13.224 0 63.747 -13.224 0
4 20 63.325 -13.714 0 49.815 -13.714 0 49.815 -13.224 0 63.325 -13.224 0
4 7 136.359 -13.714 0 135.937 -13.714 0 135.937 -12.735 0 136.359 -12.735 0
4 6 128.338 -13.224 0 127.916 -13.224 0 127.916 -12.735 0 128.338 -12.735 0
4 7 120.739 -13.224 0 120.317 -13.224 0 120.317 -12.735 0 120.739 -12.735 0
4 7 112.296 -13.224 0 111.873 -13.224 0 111.873 -12.735 0 112.296 -12.735 0
4 8 96.675 -13.224 0 96.253 -13.224 0 96.253 -12.735 0 96.675 -12.735 0
4 20 96.253 -13.224 0 95.831 -13.224 0 95.831 -12.735 0 96.253 -12.735 0
4 20 95.831 -13.714 0 88.232 -13.714 0 88.232 -12.735 0 95.831 -12.735 0
4 8 63.747 -13.224 0 63.325 -13.224 0 63.325 -12.735 0 63.747 -12.735 0
4 20 63.325 -13.224 0 62.902 -13.224 0 62.902 -12.735 0 63.325 -12.735 0
4 8 27.018 -13.224 0 26.596 -13.224 0 26.596 -12.735 0 27.018 -12.735 0
4 7 26.596 -13.224 0 26.174 -13.224 0 26.174 -12.735 0 26.596 -12.735 0
4 7 26.174 -13.224 0 19.842 -13.224 0 19.842 -12.735 0 26.174 -12.735 0
4 7 19.842 -13.224 0 19.42 -13.224 0 19.42 -12.735 0 19.842 -12.735 0
4 8 8.443 -13.714 0 8.021 -13.714 0 8.021 -12.735 0 8.443 -12.735 0
4 20 8.021 -14.204 0 7.599 -14.204 0 7.599 -12.735 0 8.021 -12.735 0
4 20 7.599 -18.612 0 0.844 -18.612 0 0.844 -12.735 0 7.599 -12.735 0
4 8 136.781 -12.735 0 136.359 -12.735 0 136.359 -12.245 0 136.781 -12.245 0
4 20 136.359 -12.735 0 135.937 -12.735 0 135.937 -12.245 0 136.359 -12.245 0
4 20 135.937 -13.714 0 128.76 -13.714 0 128.76 -12.245 0 135.937 -12.245 0
4 20 128.76 -16.653 0 128.338 -16.653 0 128.338 -12.245 0 128.76 -12.245 0
4 8 120.739 -12.735 0 120.317 -12.735 0 120.317 -12.245 0 120.739 -12.245 0
4 20 120.317 -13.224 0 112.296 -13.224 0 112.296 -12.245 0 120.317 -12.245 0
4 20 112.296 -12.735 0 111.873 -12.735 0 111.873 -12.245 0 112.296 -12.245 0
4 8 111.873 -12.735 0 111.451 -12.735 0 111.451 -12.245 0 111.873 -12.245 0
4 7 96.675 -12.735 0 96.253 -12.735 0 96.253 -12.245 0 96.675 -12.245 0
4 20 88.654 -12.735 0 88.232 -12.735 0 88.232 -12.245 0 88.654 -12.245 0
4 8 88.232 -13.224 0 87.81 -13.224 0 87.81 -12.245 0 88.232 -12.245 0
4 7 63.325 -12.735 0 62.902 -12.735 0 62.902 -12.245 0 63.325 -12.245 0
4 20 62.902 -13.224 0 49.815 -13.224 0 49.815 -12.245 0 62.902 -12.245 0
4 7 27.018 -12.735 0 26.596 -12.735 0 26.596 -12.245 0 27.018 -12.245 0
4 20 26.596 -12.735 0 19.842 -12.735 0 19.842 -12.245 0 26.596 -12.245 0
4 20 19.842 -12.735 0 19.42 -12.735 0 19.42 -12.245 0 19.842 -12.245 0
4 7 8.443 -12.735 0 8.021 -12.735 0 8.021 -12.245 0 8.443 -12.245 0
4 20 8.021 -12.735 0 0.844 -12.735 0 0.844 -12.245 0 8.021 -12.245 0
4 7 0.844 -13.714 0 0.422 -13.714 0 0.422 -12.245 0 0.844 -12.245 0
4 7 136.781 -12.245 0 136.359 -12.245 0 136.359 -11.755 0 136.781 -11.755 0
4 6 120.739 -12.245 0 120.317 -12.245 0 120.317 -11.755 0 120.739 -11.755 0
4 20 120.317 -12.245 0 119.894 -12.245 0 119.894 -11.755 0 120.317 -11.755 0
4 20 119.894 -12.245 0 111.873 -12.245 0 111.873 -11.755 0 119.894 -11.755 0
4 20 111.873 -12.245 0 111.451 -12.245 0 111.451 -11.755 0 111.873 -11.755 0
4 6 111.451 -12.245 0 111.029 -12.245 0 111.029 -11.755 0 111.451 -11.755 0
4 8 97.098 -12.245 0 96.675 -12.245 0 96.675 -11.755 0 97.098 -11.755 0
4 20 96.675 -12.245 0 96.253 -12.245 0 96.253 -11.755 0 96.675 -11.755 0
4 20 96.253 -12.735 0 88.654 -12.735 0 88.654 -11.755 0 96.253 -11.755 0
4 8 63.325 -12.245 0 62.902 -12.245 0 62.902 -11.755 0 63.325 -11.755 0
4 20 62.902 -12.245 0 62.48 -12.245 0 62.48 -11.755 0 62.902 -11.755 0
4 8 19.42 -12.735 0 18.997 -12.735 0 18.997 -11.755 0 19.42 -11.755 0
4 8 137.203 -11.755 0 136.781 -11.755 0 136.781 -11.265 0 137.203 -11.265 0
4 20 136.781 -11.755 0 136.359 -11.755 0 136.359 -11.265 0 136.781 -11.265 0
4 20 136.359 -12.245 0 128.76 -12.245 0 128.76 -11.265 0 136.359 -11.265 0
4 7 128.76 -12.245 0 128.338 -12.245 0 128.338 -11.265 0 128.76 -11.265 0
4 7 120.317 -11.755 0 119.894 -11.755 0 119.894 -11.265 0 120.317 -11.265 0
4 20 119.894 -11.755 0 111.451 -11.755 0 111.451 -11.265 0 119.894 -11.265 0
4 7 111.451 -11.755 0 111.029 -11.755 0 111.029 -11.265 0 111.451 -11.265 0
4 7 97.098 -11.755 0 96.675 -11.755 0 96.675 -11.265 0 97.098 -11.265 0
4 20 96.675 -11.755 0 88.654 -11.755 0 88.654 -11.265 0 96.675 -11.265 0
4 7 88.654 -12.245 0 88.232 -12.245 0 88.232 -11.265 0 88.654 -11.265 0
4 7 62.902 -11.755 0 62.48 -11.755 0 62.48 -11.265 0 62.902 -11.265 0
4 20 62.48 -12.245 0 49.815 -12.245 0 49.815 -11.265 0 62.48 -11.265 0
4 20 26.596 -12.245 0 19.42 -12.245 0 19.42 -11.265 0 26.596 -11.265 0
4 8 8.865 -11.755 0 8.443 -11.755 0 8.443 -11.265 0 8.865 -11.265 0
4 20 8.443 -12.245 0 8.021 -12.245 0 8.021 -11.265 0 8.443 -11.265 0
4 20 8.021 -12.245 0 1.266 -12.245 0 1.266 -11.265 0 8.021 -11.265 0
4 20 1.266 -12.245 0 0.844 -12.245 0 0.844 -11.265 0 1.266 -11.265 0
4 8 0.844 -12.245 0 0.422 -12.245 0 0.422 -11.265 0 0.844 -11.265 0
4 8 137.625 -11.265 0 137.203 -11.265 0 137.203 -10.776 0 137.625 -10.776 0
4 20 137.203 -11.265 0 136.781 -11.265 0 136.781 -10.776 0 137.203 -10.776 0
4 20 136.781 -11.265 0 129.182 -11.265 0 129.182 -10.776 0 136.781 -10.776 0
4 8 128.76 -11.265 0 128.338 -11.265 0 128.338 -10.776 0 128.76 -10.776 0
4 8 120.317 -11.265 0 119.894 -11.265 0 119.894 -10.776 0 120.317 -10.776 0
4 20 119.894 -11.265 0 119.472 -11.265 0 119.472 -10.776 0 119.894 -10.776 0
4 20 119.472 -11.265 0 111.029 -11.265 0 111.029 -10.776 0 119.472 -10.776 0
4 7 111.029 -11.265 0 110.607 -11.265 0 110.607 -10.776 0 111.029 -10.776 0
4 7 97.52 -11.265 0 97.098 -11.265 0 97.098 -10.776 0 97.52 -10.776 0
4 20 97.098 -11.265 0 89.077 -11.265 0 89.077 -10.776 0 97.098 -10.776 0
4 20 89.077 -11.265 0 88.654 -11.265 0 88.654 -10.776 0 89.077 -10.776 0
4 8 88.654 -11.265 0 88.232 -11.265 0 88.232 -10.776 0 88.654 -10.776 0
4 20 62.48 -11.265 0 62.058 -11.265 0 62.058 -10.776 0 62.48 -10.776 0
4 20 62.058 -11.265 0 49.815 -11.265 0 49.815 -10.776 0 62.058 -10.776 0
4 8 27.018 -12.245 0 26.596 -12.245 0 26.596 -10.776 0 27.018 -10.776 0
4 7 19.42 -11.755 0 18.997 -11.755 0 18.997 -10.776 0 19.42 -10.776 0
4 7 8.865 -11.265 0 8.443 -11.265 0 8.443 -10.776 0 8.865 -10.776 0
4 20 8.443 -11.265 0 1.266 -11.265 0 1.266 -10.776 0 8.443 -10.776 0
4 8 138.047 -10.776 0 137.625 -10.776 0 137.625 -10.286 0 138.047 -10.286 0
4 20 137.625 -10.776 0 137.203 -10.776 0 137.203 -10.286 0 137.625 -10.286 0
4 20 137.203 -10.776 0 129.182 -10.776 0 129.182 -10.286 0 137.203 -10.286 0
4 20 129.182 -11.265 0 128.76 -11.265 0 128.76 -10.286 0 129.182 -10.286 0
4 6 128.76 -10.776 0 128.338 -10.776 0 128.338 -10.286 0 128.76 -10.286 0
4 7 119.894 -10.776 0 119.472 -10.776 0 119.472 -10.286 0 119.894 -10.286 0
4 20 119.472 -10.776 0 110.607 -10.776 0 110.607 -10.286 0 119.472 -10.286 0
4 7 110.607 -10.776 0 110.185 -10.776 0 110.185 -10.286 0 110.607 -10.286 0
4 7 97.942 -10.776 0 97.52 -10.776 0 97.52 -10.286 0 97.942 -10.286 0
4 20 97.52 -10.776 0 89.077 -10.776 0 89.077 -10.286 0 97.52 -10.286 0
4 7 89.077 -10.776 0 88.654 -10.776 0 88.654 -10.286 0 89.077 -10.286 0
4 8 62.48 -10.776 0 62.058 -10.776 0 62.058 -10.286 0 62.48 -10.286 0
4 20 62.058 -10.776 0 61.636 -10.776 0 61.636 -10.286 0 62.058 -10.286 0
4 6 27.018 -10.776 0 26.596 -10.776 0 26.596 -10.286 0 27.018 -10.286 0
4 20 26.596 -11.265 0 26.174 -11.265 0 26.174 -10.286 0 26.596 -10.286 0
4 20 26.174 -11.265 0 19.42 -11.265 0 19.42 -10.286 0 26.174 -10.286 0
4 20 19.42 -10.776 0 18.997 -10.776 0 18.997 -10.286 0 19.42 -10.286 0
4 8 18.997 -10.776 0 18.575 -10.776 0 18.575 -10.286 0 18.997 -10.286 0
4 8 9.288 -10.776 0 8.865 -10.776 0 8.865 -10.286 0 9.288 -10.286 0
4 20 8.865 -10.776 0 1.266 -10.776 0 1.266 -10.286 0 8.865 -10.286 0
4 7 1.266 -11.265 0 0.844 -11.265 0 0.844 -10.286 0 1.266 -10.286 0
4 8 138.892 -10.286 0 138.47 -10.286 0 138.47 -9.796 0 138.892 -9.796 0
4 20 138.47 -10.286 0 138.047 -10.286 0 138.047 -9.796 0 138.47 -9.796 0
4 20 138.047 -10.286 0 129.182 -10.286 0 129.182 -9.796 0 138.047 -9.796 0
4 7 129.182 -10.286 0 128.76 -10.286 0 128.76 -9.796 0 129.182 -9.796 0
4 8 119.894 -10.286 0 119.472 -10.286 0 119.472 -9.796 0 119.894 -9.796 0
4 20 119.472 -10.286 0 119.05 -10.286 0 119.05 -9.796 0 119.472 -9.796 0
4 20 119.05 -10.286 0 110.185 -10.286 0 110.185 -9.796 0 119.05 -9.796 0
4 7 110.185 -10.286 0 109.763 -10.286 0 109.763 -9.796 0 110.185 -9.796 0
4 7 98.364 -10.286 0 97.942 -10.286 0 97.942 -9.796 0 98.364 -9.796 0
4 20 97.942 -10.286 0 89.499 -10.286 0 89.499 -9.796 0 97.942 -9.796 0
4 20 89.499 -10.286 0 89.077 -10.286 0 89.077 -9.796 0 89.499 -9.796 0
4 8 89.077 -10.286 0 88.654 -10.286 0 88.654 -9.796 0 89.077 -9.796 0
4 7 62.058 -10.286 0 61.636 -10.286 0 61.636 -9.796 0 62.058 -9.796 0
4 20 61.636 -10.776 0 49.815 -10.776 0 49.815 -9.796 0 61.636 -9.796 0
4 7 18.997 -10.286 0 18.575 -10.286 0 18.575 -9.796 0 18.997 -9.796 0
4 8 9.71 -10.286 0 9.288 -10.286 0 9.288 -9.796 0 9.71 -9.796 0
4 20 9.288 -10.286 0 8.865 -10.286 0 8.865 -9.796 0 9.288 -9.796 0
4 20 8.865 -10.286 0 1.689 -10.286 0 1.689 -9.796 0 8.865 -9.796 0
4 20 1.689 -10.286 0 1.266 -10.286 0 1.266 -9.796 0 1.689 -9.796 0
4 8 1.266 -10.286 0 0.844 -10.286 0 0.844 -9.796 0 1.266 -9.796 0
4 20 159.578 -21.061 0 151.979 -21.061 0 151.979 -9.306 0 159.578 -9.306 0
4 7 151.979 -21.061 0 151.557 -21.061 0 151.557 -9.306 0 151.979 -9.306 0
4 8 140.58 -9.796 0 140.158 -9.796 0 140.158 -9.306 0 140.58 -9.306 0
4 8 140.158 -9.796 0 139.736 -9.796 0 139.736 -9.306 0 140.158 -9.306 0
4 7 139.736 -9.796 0 139.314 -9.796 0 139.314 -9.306 0 139.736 -9.306 0
4 20 139.314 -9.796 0 138.892 -9.796 0 138.892 -9.306 0 139.314 -9.306 0
4 20 138.892 -9.796 0 129.604 -9.796 0 129.604 -9.306 0 138.892 -9.306 0
4 20 129.604 -9.796 0 129.182 -9.796 0 129.182 -9.306 0 129.604 -9.306 0
4 8 129.182 -9.796 0 128.76 -9.796 0 128.76 -9.306 0 129.182 -9.306 0
4 7 119.472 -9.796 0 119.05 -9.796 0 119.05 -9.306 0 119.472 -9.306 0
4 20 119.05 -9.796 0 109.763 -9.796 0 109.763 -9.306 0 119.05 -9.306 0
4 20 109.763 -9.796 0 109.34 -9.796 0 109.34 -9.306 0 109.763 -9.306 0
4 8 109.34 -9.796 0 108.918 -9.796 0 108.918 -9.306 0 109.34 -9.306 0
4 8 99.208 -9.796 0 98.786 -9.796 0 98.786 -9.306 0 99.208 -9.306 0
4 20 98.786 -9.796 0 98.364 -9.796 0 98.364 -9.306 0 98.786 -9.306 0
4 20 98.364 -9.796 0 89.499 -9.796 0 89.499 -9.306 0 98.364 -9.306 0
4 7 89.499 -9.796 0 89.077 -9.796 0 89.077 -9.306 0 89.499 -9.306 0
4 8 62.058 -9.796 0 61.636 -9.796 0 61.636 -9.306 0 62.058 -9.306 0
4 20 61.636 -9.796 0 61.214 -9.796 0 61.214 -9.306 0 61.636 -9.306 0
4 7 26.596 -10.286 0 26.174 -10.286 0 26.174 -9.306 0 26.596 -9.306 0
4 20 26.174 -10.286 0 18.997 -10.286 0 18.997 -9.306 0 26.174 -9.306 0
4 20 18.997 -9.796 0 18.575 -9.796 0 18.575 -9.306 0 18.997 -9.306 0
4 8 18.575 -9.796 0 18.153 -9.796 0 18.153 -9.306 0 18.575 -9.306 0
4 6 10.132 -9.796 0 9.71 -9.796 0 9.71 -9.306 0 10.132 -9.306 0
4 20 9.71 -9.796 0 9.288 -9.796 0 9.288 -9.306 0 9.71 -9.306 0
4 20 9.288 -9.796 0 1.689 -9.796 0 1.689 -9.306 0 9.288 -9.306 0
4 7 1.689 -9.796 0 1.266 -9.796 0 1.266 -9.306 0 1.689 -9.306 0
4 20 159.578 -9.306 0 129.604 -9.306 0 129.604 -8.816 0 159.578 -8.816 0
4 7 129.604 -9.306 0 129.182 -9.306 0 129.182 -8.816 0 129.604 -8.816 0
4 20 119.05 -9.306 0 118.628 -9.306 0 118.628 -8.816 0 119.05 -8.816 0
4 20 118.628 -9.306 0 108.918 -9.306 0 108.918 -8.816 0 118.628 -8.816 0
4 7 108.918 -9.306 0 108.496 -9.306 0 108.496 -8.816 0 108.918 -8.816 0
4 6 108.496 -9.306 0 108.074 -9.306 0 108.074 -8.816 0 108.496 -8.816 0
4 7 99.631 -9.306 0 99.208 -9.306 0 99.208 -8.816 0 99.631 -8.816 0
4 20 99.208 -9.306 0 98.786 -9.306 0 98.786 -8.816 0 99.208 -8.816 0
4 20 98.786 -9.306 0 89.921 -9.306 0 89.921 -8.816 0 98.786 -8.816 0
4 20 89.921 -9.306 0 89.499 -9.306 0 89.499 -8.816 0 89.921 -8.816 0
4 8 89.499 -9.306 0 89.077 -9.306 0 89.077 -8.816 0 89.499 -8.816 0
4 7 61.636 -9.306 0 61.214 -9.306 0 61.214 -8.816 0 61.636 -8.816 0
4 20 61.214 -9.796 0 49.815 -9.796 0 49.815 -8.816 0 61.214 -8.816 0
4 8 26.596 -9.306 0 26.174 -9.306 0 26.174 -8.816 0 26.596 -8.816 0
4 20 25.752 -9.306 0 18.575 -9.306 0 18.575 -8.816 0 25.752 -8.816 0
4 20 18.575 -9.306 0 18.153 -9.306 0 18.153 -8.816 0 18.575 -8.816 0
4 8 18.153 -9.306 0 17.731 -9.306 0 17.731 -8.816 0 18.153 -8.816 0
4 6 10.554 -9.306 0 10.132 -9.306 0 10.132 -8.816 0 10.554 -8.816 0
4 20 10.132 -9.306 0 9.71 -9.306 0 9.71 -8.816 0 10.132 -8.816 0
4 20 9.71 -9.306 0 1.689 -9.306 0 1.689 -8.816 0 9.71 -8.816 0
4 8 1.689 -9.306 0 1.266 -9.306 0 1.266 -8.816 0 1.689 -8.816 0
4 20 130.026 -8.816 0 129.604 -8.816 0 129.604 -8.327 0 130.026 -8.327 0
4 8 129.604 -8.816 0 129.182 -8.816 0 129.182 -8.327 0 129.604 -8.327 0
4 8 119.05 -8.816 0 118.628 -8.816 0 118.628 -8.327 0 119.05 -8.327 0
4 20 118.628 -8.816 0 118.206 -8.816 0 118.206 -8.327 0 118.628 -8.327 0
4 20 118.206 -8.816 0 108.496 -8.816 0 108.496 -8.327 0 118.206 -8.327 0
4 20 108.496 -8.816 0 108.074 -8.816 0 108.074 -8.327 0 108.496 -8.327 0
4 7 108.074 -8.816 0 107.652 -8.816 0 107.652 -8.327 0 108.074 -8.327 0
4 8 107.652 -8.816 0 107.23 -8.816 0 107.23 -8.327 0 107.652 -8.327 0
4 8 100.897 -8.816 0 100.475 -8.816 0 100.475 -8.327 0 100.897 -8.327 0
4 7 100.475 -8.816 0 100.053 -8.816 0 100.053 -8.327 0 100.475 -8.327 0
4 20 100.053 -8.816 0 99.631 -8.816 0 99.631 -8.327 0 100.053 -8.327 0
4 20 99.631 -8.816 0 89.921 -8.816 0 89.921 -8.327 0 99.631 -8.327 0
4 7 89.921 -8.816 0 89.499 -8.816 0 89.499 -8.327 0 89.921 -8.327 0
4 6 61.636 -8.816 0 61.214 -8.816 0 61.214 -8.327 0 61.636 -8.327 0
4 20 61.214 -8.816 0 60.792 -8.816 0 60.792 -8.327 0 61.214 -8.327 0
4 20 26.174 -9.306 0 25.752 -9.306 0 25.752 -8.327 0 26.174 -8.327 0
4 20 25.752 -8.816 0 18.153 -8.816 0 18.153 -8.327 0 25.752 -8.327 0
4 20 18.153 -8.816 0 17.731 -8.816 0 17.731 -8.327 0 18.153 -8.327 0
4 7 17.731 -8.816 0 17.309 -8.816 0 17.309 -8.327 0 17.731 -8.327 0
4 8 10.976 -8.816 0 10.554 -8.816 0 10.554 -8.327 0 10.976 -8.327 0
4 20 10.554 -8.816 0 10.132 -8.816 0 10.132 -8.327 0 10.554 -8.327 0
4 20 10.132 -8.816 0 2.111 -8.816 0 2.111 -8.327 0 10.132 -8.327 0
4 20 2.111 -8.816 0 1.689 -8.816 0 1.689 -8.327 0 2.111 -8.327 0
4 6 1.689 -8.816 0 1.266 -8.816 0 1.266 -8.327 0 1.689 -8.327 0
4 20 159.578 -8.816 0 130.026 -8.816 0 130.026 -7.837 0 159.578 -7.837 0
4 7 130.026 -8.327 0 129.604 -8.327 0 129.604 -7.837 0 130.026 -7.837 0
4 7 118.628 -8.327 0 118.206 -8.327 0 118.206 -7.837 0 118.628 -7.837 0
4 20 118.206 -8.327 0 107.23 -8.327 0 107.23 -7.837 0 118.206 -7.837 0
4 20 107.23 -8.327 0 106.807 -8.327 0 106.807 -7.837 0 107.23 -7.837 0
4 7 106.807 -8.327 0 106.385 -8.327 0 106.385 -7.837 0 106.807 -7.837 0
4 8 106.385 -8.327 0 105.963 -8.327 0 105.963 -7.837 0 106.385 -7.837 0
4 8 105.963 -8.327 0 105.541 -8.327 0 105.541 -7.837 0 105.963 -7.837 0
4 6 103.008 -8.327 0 102.586 -8.327 0 102.586 -7.837 0 103.008 -7.837 0
4 8 102.586 -8.327 0 102.164 -8.327 0 102.164 -7.837 0 102.586 -7.837 0
4 8 102.164 -8.327 0 101.741 -8.327 0 101.741 -7.837 0 102.164 -7.837 0
4 7 101.741 -8.327 0 101.319 -8.327 0 101.319 -7.837 0 101.741 -7.837 0
4 20 101.319 -8.327 0 100.897 -8.327 0 100.897 -7.837 0 101.319 -7.837 0
4 20 100.897 -8.327 0 90.343 -8.327 0 90.343 -7.837 0 100.897 -7.837 0
4 20 90.343 -8.327 0 89.921 -8.327 0 89.921 -7.837 0 90.343 -7.837 0
4 8 89.921 -8.327 0 89.499 -8.327 0 89.499 -7.837 0 89.921 -7.837 0
4 8 61.214 -8.327 0 60.792 -8.327 0 60.792 -7.837 0 61.214 -7.837 0
4 20 60.792 -8.816 0 49.815 -8.816 0 49.815 -7.837 0 60.792 -7.837 0
4 7 26.174 -8.327 0 25.752 -8.327 0 25.752 -7.837 0 26.174 -7.837 0
4 20 25.752 -8.327 0 17.309 -8.327 0 17.309 -7.837 0 25.752 -7.837 0
4 20 17.309 -8.327 0 16.887 -8.327 0 16.887 -7.837 0 17.309 -7.837 0
4 8 16.887 -8.327 0 16.464 -8.327 0 16.464 -7.837 0 16.887 -7.837 0
4 8 11.821 -8.327 0 11.398 -8.327 0 11.398 -7.837 0 11.821 -7.837 0
4 20 11.398 -8.327 0 10.976 -8.327 0 10.976 -7.837 0 11.398 -7.837 0
4 20 10.976 -8.327 0 2.111 -8.327 0 2.111 -7.837 0 10.976 -7.837 0
4 7 2.111 -8.327 0 1.689 -8.327 0 1.689 -7.837 0 2.111 -7.837 0
4 20 130.449 -7.837 0 130.026 -7.837 0 130.026 -7.347 0 130.449 -7.347 0
4 8 130.026 -7.837 0 129.604 -7.837 0 129.604 -7.347 0 130.026 -7.347 0
4 20 118.206 -7.837 0 117.784 -7.837 0 117.784 -7.347 0 118.206 -7.347 0
4 20 117.784 -7.837 0 90.343 -7.837 0 90.343 -7.347 0 117.784 -7.347 0
4 8 90.343 -7.837 0 89.921 -7.837 0 89.921 -7.347 0 90.343 -7.347 0
4 7 60.792 -7.837 0 60.369 -7.837 0 60.369 -7.347 0 60.792 -7.347 0
4 20 60.369 -7.837 0 49.815 -7.837 0 49.815 -7.347 0 60.369 -7.347 0
4 8 26.174 -7.837 0 25.752 -7.837 0 25.752 -7.347 0 26.174 -7.347 0
4 20 25.752 -7.837 0 25.33 -7.837 0 25.33 -7.347 0 25.752 -7.347 0
4 20 25.33 -7.837 0 16.464 -7.837 0 16.464 -7.347 0 25.33 -7.347 0
4 20 16.464 -7.837 0 16.042 -7.837 0 16.042 -7.347 0 16.464 -7.347 0
4 20 16.042 -7.837 0 15.62 -7.837 0 15.62 -7.347 0 16.042 -7.347 0
4 7 15.62 -7.837 0 15.198 -7.837 0 15.198 -7.347 0 15.62 -7.347 0
4 8 15.198 -7.837 0 14.776 -7.837 0 14.776 -7.347 0 15.198 -7.347 0
4 8 14.776 -7.837 0 14.354 -7.837 0 14.354 -7.347 0 14.776 -7.347 0
4 8 14.354 -7.837 0 13.931 -7.837 0 13.931 -7.347 0 14.354 -7.347 0
4 8 13.931 -7.837 0 13.509 -7.837 0 13.509 -7.347 0 13.931 -7.347 0
4 8 13.509 -7.837 0 13.087 -7.837 0 13.087 -7.347 0 13.509 -7.347 0
4 7 13.087 -7.837 0 12.665 -7.837 0 12.665 -7.347 0 13.087 -7.347 0
4 7 12.665 -7.837 0 12.243 -7.837 0 12.243 -7.347 0 12.665 -7.347 0
4 20 12.243 -7.837 0 11.821 -7.837 0 11.821 -7.347 0 12.243 -7.347 0
4 20 11.821 -7.837 0 2.533 -7.837 0 2.533 -7.347 0 11.821 -7.347 0
4 20 2.533 -7.837 0 2.111 -7.837 0 2.111 -7.347 0 2.533 -7.347 0
4 20 159.578 -7.837 0 130.449 -7.837 0 130.449 -6.857 0 159.578 -6.857 0
4 8 130.449 -7.347 0 130.026 -7.347 0 130.026 -6.857 0 130.449 -6.857 0
4 8 118.206 -7.347 0 117.784 -7.347 0 117.784 -6.857 0 118.206 -6.857 0
4 20 117.784 -7.347 0 117.361 -7.347 0 117.361 -6.857 0 117.784 -6.857 0
4 20 117.361 -7.347 0 90.765 -7.347 0 90.765 -6.857 0 117.361 -6.857 0
4 7 90.765 -7.347 0 90.343 -7.347 0 90.343 -6.857 0 90.765 -6.857 0
4 8 60.792 -7.347 0 60.369 -7.347 0 60.369 -6.857 0 60.792 -6.857 0
4 20 60.369 -7.347 0 59.947 -7.347 0 59.947 -6.857 0 60.369 -6.857 0
4 7 25.752 -7.347 0 25.33 -7.347 0 25.33 -6.857 0 25.752 -6.857 0
4 20 25.33 -7.347 0 2.955 -7.347 0 2.955 -6.857 0 25.33 -6.857 0
4 20 2.955 -7.347 0 2.533 -7.347 0 2.533 -6.857 0 2.955 -6.857 0
4 8 2.533 -7.347 0 2.111 -7.347 0 2.111 -6.857 0 2.533 -6.857 0
4 20 159.578 -6.857 0 130.871 -6.857 0 130.871 -6.367 0 159.578 -6.367 0
4 7 130.871 -6.857 0 130.449 -6.857 0 130.449 -6.367 0 130.871 -6.367 0
4 8 117.784 -6.857 0 117.361 -6.857 0 117.361 -6.367 0 117.784 -6.367 0
4 20 117.361 -6.857 0 116.939 -6.857 0 116.939 -6.367 0 117.361 -6.367 0
4 20 116.939 -6.857 0 91.187 -6.857 0 91.187 -6.367 0 116.939 -6.367 0
4 20 91.187 -6.857 0 90.765 -6.857 0 90.765 -6.367 0 91.187 -6.367 0
4 6 90.765 -6.857 0 90.343 -6.857 0 90.343 -6.367 0 90.765 -6.367 0
4 7 60.369 -6.857 0 59.947 -6.857 0 59.947 -6.367 0 60.369 -6.367 0
4 20 59.947 -7.347 0 49.815 -7.347 0 49.815 -6.367 0 59.947 -6.367 0
4 8 25.752 -6.857 0 25.33 -6.857 0 25.33 -6.367 0 25.752 -6.367 0
4 20 25.33 -6.857 0 24.908 -6.857 0 24.908 -6.367 0 25.33 -6.367 0
4 20 24.908 -6.857 0 2.955 -6.857 0 2.955 -6.367 0 24.908 -6.367 0
4 7 2.955 -6.857 0 2.533 -6.857 0 2.533 -6.367 0 2.955 -6.367 0
4 20 159.578 -6.367 0 131.293 -6.367 0 131.293 -5.878 0 159.578 -5.878 0
4 7 131.293 -6.367 0 130.871 -6.367 0 130.871 -5.878 0 131.293 -5.878 0
4 8 117.361 -6.367 0 116.939 -6.367 0 116.939 -5.878 0 117.361 -5.878 0
4 20 116.939 -6.367 0 116.517 -6.367 0 116.517 -5.878 0 116.939 -5.878 0
4 20 116.517 -6.367 0 91.609 -6.367 0 91.609 -5.878 0 116.517 -5.878 0
4 20 91.609 -6.367 0 91.187 -6.367 0 91.187 -5.878 0 91.609 -5.878 0
4 8 91.187 -6.367 0 90.765 -6.367 0 90.765 -5.878 0 91.187 -5.878 0
4 8 60.369 -6.367 0 59.947 -6.367 0 59.947 -5.878 0 60.369 -5.878 0
4 20 59.947 -6.367 0 59.525 -6.367 0 59.525 -5.878 0 59.947 -5.878 0
4 8 25.33 -6.367 0 24.908 -6.367 0 24.908 -5.878 0 25.33 -5.878 0
4 20 24.908 -6.367 0 3.377 -6.367 0 3.377 -5.878 0 24.908 -5.878 0
4 20 3.377 -6.367 0 2.955 -6.367 0 2.955 -5.878 0 3.377 -5.878 0
4 6 2.955 -6.367 0 2.533 -6.367 0 2.533 -5.878 0 2.955 -5.878 0
4 20 159.578 -5.878 0 131.715 -5.878 0 131.715 -5.388 0 159.578 -5.388 0
4 7 131.715 -5.878 0 131.293 -5.878 0 131.293 -5.388 0 131.715 -5.388 0
4 8 116.939 -5.878 0 116.517 -5.878 0 116.517 -5.388 0 116.939 -5.388 0
4 20 116.517 -5.878 0 116.095 -5.878 0 116.095 -5.388 0 116.517 -5.388 0
4 20 116.095 -5.878 0 92.032 -5.878 0 92.032 -5.388 0 116.095 -5.388 0
4 20 92.032 -5.878 0 91.609 -5.878 0 91.609 -5.388 0 92.032 -5.388 0
4 8 91.609 -5.878 0 91.187 -5.878 0 91.187 -5.388 0 91.609 -5.388 0
4 7 59.947 -5.878 0 59.525 -5.878 0 59.525 -5.388 0 59.947 -5.388 0
4 20 59.525 -6.367 0 49.815 -6.367 0 49.815 -5.388 0 59.525 -5.388 0
4 7 24.908 -5.878 0 24.485 -5.878 0 24.485 -5.388 0 24.908 -5.388 0
4 20 24.485 -5.878 0 3.799 -5.878 0 3.799 -5.388 0 24.485 -5.388 0
4 20 3.799 -5.878 0 3.377 -5.878 0 3.377 -5.388 0 3.799 -5.388 0
4 8 3.377 -5.878 0 2.955 -5.878 0 2.955 -5.388 0 3.377 -5.388 0
4 20 159.578 -5.388 0 132.137 -5.388 0 132.137 -4.898 0 159.578 -4.898 0
4 7 132.137 -5.388 0 131.715 -5.388 0 131.715 -4.898 0 132.137 -4.898 0
4 7 116.517 -5.388 0 116.095 -5.388 0 116.095 -4.898 0 116.517 -4.898 0
4 20 116.095 -5.388 0 92.454 -5.388 0 92.454 -4.898 0 116.095 -4.898 0
4 20 92.454 -5.388 0 92.032 -5.388 0 92.032 -4.898 0 92.454 -4.898 0
4 8 92.032 -5.388 0 91.609 -5.388 0 91.609 -4.898 0 92.032 -4.898 0
4 20 59.525 -5.388 0 59.103 -5.388 0 59.103 -4.898 0 59.525 -4.898 0
4 20 59.103 -5.388 0 49.815 -5.388 0 49.815 -4.898 0 59.103 -4.898 0
4 6 24.908 -5.388 0 24.485 -5.388 0 24.485 -4.898 0 24.908 -4.898 0
4 20 24.485 -5.388 0 24.063 -5.388 0 24.063 -4.898 0 24.485 -4.898 0
4 20 24.063 -5.388 0 4.222 -5.388 0 4.222 -4.898 0 24.063 -4.898 0
4 20 4.222 -5.388 0 3.799 -5.388 0 3.799 -4.898 0 4.222 -4.898 0
4 8 3.799 -5.388 0 3.377 -5.388 0 3.377 -4.898 0 3.799 -4.898 0
4 20 159.578 -4.898 0 132.559 -4.898 0 132.559 -4.408 0 159.578 -4.408 0
4 7 132.559 -4.898 0 132.137 -4.898 0 132.137 -4.408 0 132.559 -4.408 0
4 8 116.095 -4.898 0 115.673 -4.898 0 115.673 -4.408 0 116.095 -4.408 0
4 20 115.673 -4.898 0 115.251 -4.898 0 115.251 -4.408 0 115.673 -4.408 0
4 20 115.251 -4.898 0 92.876 -4.898 0 92.876 -4.408 0 115.251 -4.408 0
4 20 92.876 -4.898 0 92.454 -4.898 0 92.454 -4.408 0 92.876 -4.408 0
4 8 92.454 -4.898 0 92.032 -4.898 0 92.032 -4.408 0 92.454 -4.408 0
4 8 59.525 -4.898 0 59.103 -4.898 0 59.103 -4.408 0 59.525 -4.408 0
4 20 59.103 -4.898 0 58.681 -4.898 0 58.681 -4.408 0 59.103 -4.408 0
4 8 24.485 -4.898 0 24.063 -4.898 0 24.063 -4.408 0 24.485 -4.408 0
4 20 24.063 -4.898 0 23.641 -4.898 0 23.641 -4.408 0 24.063 -4.408 0
4 20 23.641 -4.898 0 4.222 -4.898 0 4.222 -4.408 0 23.641 -4.408 0
4 7 4.222 -4.898 0 3.799 -4.898 0 3.799 -4.408 0 4.222 -4.408 0
4 20 159.578 -4.408 0 133.404 -4.408 0 133.404 -3.918 0 159.578 -3.918 0
4 20 133.404 -4.408 0 132.982 -4.408 0 132.982 -3.918 0 133.404 -3.918 0
4 8 132.982 -4.408 0 132.559 -4.408 0 132.559 -3.918 0 132.982 -3.918 0
4 8 115.673 -4.408 0 115.251 -4.408 0 115.251 -3.918 0 115.673 -3.918 0
4 20 115.251 -4.408 0 114.828 -4.408 0 114.828 -3.918 0 115.251 -3.918 0
4 20 114.828 -4.408 0 93.298 -4.408 0 93.298 -3.918 0 114.828 -3.918 0
4 7 93.298 -4.408 0 92.876 -4.408 0 92.876 -3.918 0 93.298 -3.918 0
4 7 59.103 -4.408 0 58.681 -4.408 0 58.681 -3.918 0 59.103 -3.918 0
4 20 58.681 -4.898 0 49.815 -4.898 0 49.815 -3.918 0 58.681 -3.918 0
4 8 24.063 -4.408 0 23.641 -4.408 0 23.641 -3.918 0 24.063 -3.918 0
4 20 23.641 -4.408 0 23.219 -4.408 0 23.219 -3.918 0 23.641 -3.918 0
4 20 23.219 -4.408 0 5.066 -4.408 0 5.066 -3.918 0 23.219 -3.918 0
4 20 5.066 -4.408 0 4.644 -4.408 0 4.644 -3.918 0 5.066 -3.918 0
4 8 4.644 -4.408 0 4.222 -4.408 0 4.222 -3.918 0 4.644 -3.918 0
4 20 159.578 -3.918 0 134.248 -3.918 0 134.248 -3.429 0 159.578 -3.429 0
4 20 134.248 -3.918 0 133.826 -3.918 0 133.826 -3.429 0 134.248 -3.429 0
4 7 133.826 -3.918 0 133.404 -3.918 0 133.404 -3.429 0 133.826 -3.429 0
4 6 115.251 -3.918 0 114.828 -3.918 0 114.828 -3.429 0 115.251 -3.429 0
4 7 114.828 -3.918 0 114.406 -3.918 0 114.406 -3.429 0 114.828 -3.429 0
4 20 114.406 -3.918 0 94.142 -3.918 0 94.142 -3.429 0 114.406 -3.429 0
4 20 94.142 -3.918 0 93.72 -3.918 0 93.72 -3.429 0 94.142 -3.429 0
4 7 93.72 -3.918 0 93.298 -3.918 0 93.298 -3.429 0 93.72 -3.429 0
4 8 59.103 -3.918 0 58.681 -3.918 0 58.681 -3.429 0 59.103 -3.429 0
4 20 58.681 -3.918 0 58.259 -3.918 0 58.259 -3.429 0 58.681 -3.429 0
4 8 23.641 -3.918 0 23.219 -3.918 0 23.219 -3.429 0 23.641 -3.429 0
4 20 23.219 -3.918 0 22.797 -3.918 0 22.797 -3.429 0 23.219 -3.429 0
4 20 22.797 -3.918 0 5.488 -3.918 0 5.488 -3.429 0 22.797 -3.429 0
4 20 5.488 -3.918 0 5.066 -3.918 0 5.066 -3.429 0 5.488 -3.429 0
4 8 5.066 -3.918 0 4.644 -3.918 0 4.644 -3.429 0 5.066 -3.429 0
4 20 159.578 -3.429 0 135.092 -3.429 0 135.092 -2.939 0 159.578 -2.939 0
4 20 135.092 -3.429 0 134.67 -3.429 0 134.67 -2.939 0 135.092 -2.939 0
4 7 134.67 -3.429 0 134.248 -3.429 0 134.248 -2.939 0 134.67 -2.939 0
4 6 134.248 -3.429 0 133.826 -3.429 0 133.826 -2.939 0 134.248 -2.939 0
4 8 114.406 -3.429 0 113.984 -3.429 0 113.984 -2.939 0 114.406 -2.939 0
4 20 113.984 -3.429 0 113.562 -3.429 0 113.562 -2.939 0 113.984 -2.939 0
4 20 113.562 -3.429 0 94.565 -3.429 0 94.565 -2.939 0 113.562 -2.939 0
4 20 94.565 -3.429 0 94.142 -3.429 0 94.142 -2.939 0 94.565 -2.939 0
4 8 94.142 -3.429 0 93.72 -3.429 0 93.72 -2.939 0 94.142 -2.939 0
4 7 58.681 -3.429 0 58.259 -3.429 0 58.259 -2.939 0 58.681 -2.939 0
4 20 58.259 -3.918 0 49.815 -3.918 0 49.815 -2.939 0 58.259 -2.939 0
4 6 23.219 -3.429 0 22.797 -3.429 0 22.797 -2.939 0 23.219 -2.939 0
4 20 22.797 -3.429 0 22.375 -3.429 0 22.375 -2.939 0 22.797 -2.939 0
4 20 22.375 -3.429 0 5.91 -3.429 0 5.91 -2.939 0 22.375 -2.939 0
4 20 5.91 -3.429 0 5.488 -3.429 0 5.488 -2.939 0 5.91 -2.939 0
4 8 5.488 -3.429 0 5.066 -3.429 0 5.066 -2.939 0 5.488 -2.939 0
4 20 159.578 -2.939 0 136.359 -2.939 0 136.359 -2.449 0 159.578 -2.449 0
4 20 136.359 -2.939 0 135.937 -2.939 0 135.937 -2.449 0 136.359 -2.449 0
4 7 135.937 -2.939 0 135.515 -2.939 0 135.515 -2.449 0 135.937 -2.449 0
4 8 135.515 -2.939 0 135.092 -2.939 0 135.092 -2.449 0 135.515 -2.449 0
4 6 113.984 -2.939 0 113.562 -2.939 0 113.562 -2.449 0 113.984 -2.449 0
4 7 113.562 -2.939 0 113.14 -2.939 0 113.14 -2.449 0 113.562 -2.449 0
4 20 113.14 -2.939 0 95.409 -2.939 0 95.409 -2.449 0 113.14 -2.449 0
4 20 95.409 -2.939 0 94.987 -2.939 0 94.987 -2.449 0 95.409 -2.449 0
4 7 94.987 -2.939 0 94.565 -2.939 0 94.565 -2.449 0 94.987 -2.449 0
4 6 58.681 -2.939 0 58.259 -2.939 0 58.259 -2.449 0 58.681 -2.449 0
4 20 58.259 -2.939 0 57.836 -2.939 0 57.836 -2.449 0 58.259 -2.449 0
4 7 22.375 -2.939 0 21.953 -2.939 0 21.953 -2.449 0 22.375 -2.449 0
4 20 21.953 -2.939 0 6.332 -2.939 0 6.332 -2.449 0 21.953 -2.449 0
4 7 6.332 -2.939 0 5.91 -2.939 0 5.91 -2.449 0 6.332 -2.449 0
4 20 159.578 -2.449 0 137.625 -2.449 0 137.625 -1.959 0 159.578 -1.959 0
4 20 137.625 -2.449 0 137.203 -2.449 0 137.203 -1.959 0 137.625 -1.959 0
4 7 137.203 -2.449 0 136.781 -2.449 0 136.781 -1.959 0 137.203 -1.959 0
4 8 136.781 -2.449 0 136.359 -2.449 0 136.359 -1.959 0 136.781 -1.959 0
4 8 113.14 -2.449 0 112.718 -2.449 0 112.718 -1.959 0 113.14 -1.959 0
4 7 112.718 -2.449 0 112.296 -2.449 0 112.296 -1.959 0 112.718 -1.959 0
4 20 112.296 -2.449 0 96.253 -2.449 0 96.253 -1.959 0 112.296 -1.959 0
4 20 96.253 -2.449 0 95.831 -2.449 0 95.831 -1.959 0 96.253 -1.959 0
4 7 95.831 -2.449 0 95.409 -2.449 0 95.409 -1.959 0 95.831 -1.959 0
4 8 58.259 -2.449 0 57.836 -2.449 0 57.836 -1.959 0 58.259 -1.959 0
4 20 57.836 -2.939 0 49.815 -2.939 0 49.815 -1.959 0 57.836 -1.959 0
4 8 21.953 -2.449 0 21.53 -2.449 0 21.53 -1.959 0 21.953 -1.959 0
4 20 21.53 -2.449 0 21.108 -2.449 0 21.108 -1.959 0 21.53 -1.959 0
4 20 21.108 -2.449 0 7.177 -2.449 0 7.177 -1.959 0 21.108 -1.959 0
4 20 7.177 -2.449 0 6.755 -2.449 0 6.755 -1.959 0 7.177 -1.959 0
4 8 6.755 -2.449 0 6.332 -2.449 0 6.332 -1.959 0 6.755 -1.959 0
4 8 160 -47.02 0 159.578 -47.02 0 159.578 -1.469 0 160 -1.469 0
4 20 159.578 -1.959 0 141.425 -1.959 0 141.425 -1.469 0 159.578 -1.469 0
4 20 141.425 -1.959 0 141.003 -1.959 0 141.003 -1.469 0 141.425 -1.469 0
4 20 141.003 -1.959 0 140.58 -1.959 0 140.58 -1.469 0 141.003 -1.469 0
4 20 140.58 -1.959 0 140.158 -1.959 0 140.158 -1.469 0 140.58 -1.469 0
4 7 140.158 -1.959 0 139.736 -1.959 0 139.736 -1.469 0 140.158 -1.469 0
4 7 139.736 -1.959 0 139.314 -1.959 0 139.314 -1.469 0 139.736 -1.469 0
4 7 139.314 -1.959 0 138.892 -1.959 0 138.892 -1.469 0 139.314 -1.469 0
4 8 138.892 -1.959 0 138.47 -1.959 0 138.47 -1.469 0 138.892 -1.469 0
4 8 138.47 -1.959 0 138.047 -1.959 0 138.047 -1.469 0 138.47 -1.469 0
4 8 112.296 -1.959 0 111.873 -1.959 0 111.873 -1.469 0 112.296 -1.469 0
4 7 111.873 -1.959 0 111.451 -1.959 0 111.451 -1.469 0 111.873 -1.469 0
4 20 111.451 -1.959 0 97.098 -1.959 0 97.098 -1.469 0 111.451 -1.469 0
4 20 97.098 -1.959 0 96.675 -1.959 0 96.675 -1.469 0 97.098 -1.469 0
4 7 96.675 -1.959 0 96.253 -1.959 0 96.253 -1.469 0 96.675 -1.469 0
4 8 81.9 -47.02 0 81.478 -47.02 0 81.478 -1.469 0 81.9 -1.469 0
4 20 81.478 -47.02 0 81.055 -47.02 0 81.055 -1.469 0 81.478 -1.469 0
4 20 81.055 -32.816 0 73.879 -32.816 0 73.879 -1.469 0 81.055 -1.469 0
4 7 73.879 -32.327 0 73.456 -32.327 0 73.456 -1.469 0 73.879 -1.469 0
4 7 57.836 -1.959 0 57.414 -1.959 0 57.414 -1.469 0 57.836 -1.469 0
4 20 57.414 -1.959 0 56.992 -1.959 0 56.992 -1.469 0 57.414 -1.469 0
4 20 56.992 -1.959 0 50.237 -1.959 0 50.237 -1.469 0 56.992 -1.469 0
4 20 50.237 -1.959 0 49.815 -1.959 0 49.815 -1.469 0 50.237 -1.469 0
4 7 49.815 -47.02 0 49.393 -47.02 0 49.393 -1.469 0 49.815 -1.469 0
4 8 21.108 -1.959 0 20.686 -1.959 0 20.686 -1.469 0 21.108 -1.469 0
4 20 20.686 -1.959 0 20.264 -1.959 0 20.264 -1.469 0 20.686 -1.469 0
4 20 20.264 -1.959 0 8.021 -1.959 0 8.021 -1.469 0 20.264 -1.469 0
4 20 8.021 -1.959 0 7.599 -1.959 0 7.599 -1.469 0 8.021 -1.469 0
4 8 7.599 -1.959 0 7.177 -1.959 0 7.177 -1.469 0 7.599 -1.469 0
4 8 111.029 -1.469 0 110.607 -1.469 0 110.607 -0.98 0 111.029 -0.98 0
4 20 110.607 -1.469 0 110.185 -1.469 0 110.185 -0.98 0 110.607 -0.98 0
4 20 110.185 -1.469 0 98.364 -1.469 0 98.364 -0.98 0 110.185 -0.98 0
4 20 98.364 -1.469 0 97.942 -1.469 0 97.942 -0.98 0 98.364 -0.98 0
4 7 97.942 -1.469 0 97.52 -1.469 0 97.52 -0.98 0 97.942 -0.98 0
4 8 97.52 -1.469 0 97.098 -1.469 0 97.098 -0.98 0 97.52 -0.98 0
4 8 20.264 -1.469 0 19.842 -1.469 0 19.842 -0.98 0 20.264 -0.98 0
4 20 19.842 -1.469 0 19.42 -1.469 0 19.42 -0.98 0 19.842 -0.98 0
4 20 19.42 -1.469 0 8.865 -1.469 0 8.865 -0.98 0 19.42 -0.98 0
4 7 8.865 -1.469 0 8.443 -1.469 0 8.443 -0.98 0 8.865 -0.98 0
4 8 8.443 -1.469 0 8.021 -1.469 0 8.021 -0.98 0 8.443 -0.98 0
4 6 110.185 -0.98 0 109.763 -0.98 0 109.763 -0.49 0 110.185 -0.49 0
4 8 109.763 -0.98 0 109.34 -0.98 0 109.34 -0.49 0 109.763 -0.49 0
4 7 109.34 -0.98 0 108.918 -0.98 0 108.918 -0.49 0 109.34 -0.49 0
4 20 108.918 -0.98 0 108.496 -0.98 0 108.496 -0.49 0 108.918 -0.49 0
4 20 108.496 -0.98 0 100.053 -0.98 0 100.053 -0.49 0 108.496 -0.49 0
4 20 100.053 -0.98 0 99.631 -0.98 0 99.631 -0.49 0 100.053 -0.49 0
4 7 99.631 -0.98 0 99.208 -0.98 0 99.208 -0.49 0 99.631 -0.49 0
4 7 99.208 -0.98 0 98.786 -0.98 0 98.786 -0.49 0 99.208 -0.49 0
4 8 98.786 -0.98 0 98.364 -0.98 0 98.364 -0.49 0 98.786 -0.49 0
4 6 19.42 -0.98 0 18.997 -0.98 0 18.997 -0.49 0 19.42 -0.49 0
4 8 18.997 -0.98 0 18.575 -0.98 0 18.575 -0.49 0 18.997 -0.49 0
4 7 18.575 -0.98 0 18.153 -0.98 0 18.153 -0.49 0 18.575 -0.49 0
4 20 18.153 -0.98 0 17.731 -0.98 0 17.731 -0.49 0 18.153 -0.49 0
4 20 17.731 -0.98 0 10.554 -0.98 0 10.554 -0.49 0 17.731 -0.49 0
4 20 10.554 -0.98 0 10.132 -0.98 0 10.132 -0.49 0 10.554 -0.49 0
4 7 10.132 -0.98 0 9.71 -0.98 0 9.71 -0.49 0 10.132 -0.49 0
4 8 9.71 -0.98 0 9.288 -0.98 0 9.288 -0.49 0 9.71 -0.49 0
4 8 108.074 -0.49 0 107.652 -0.49 0 107.652 0 0 108.074 0 0
4 8 107.652 -0.49 0 107.23 -0.49 0 107.23 0 0 107.652 0 0
4 7 107.23 -0.49 0 106.807 -0.49 0 106.807 0 0 107.23 0 0
4 7 106.807 -0.49 0 106.385 -0.49 0 106.385 0 0 106.807 0 0
4 20 106.385 -0.49 0 105.963 -0.49 0 105.963 0 0 106.385 0 0
4 20 105.963 -0.49 0 105.541 -0.49 0 105.541 0 0 105.963 0 0
4 20 105.541 -0.49 0 105.119 -0.49 0 105.119 0 0 105.541 0 0
4 20 105.119 -0.49 0 104.697 -0.49 0 104.697 0 0 105.119 0 0
4 20 104.697 -0.49 0 103.852 -0.49 0 103.852 0 0 104.697 0 0
4 20 103.852 -0.49 0 103.43 -0.49 0 103.43 0 0 103.852 0 0
4 20 103.43 -0.49 0 103.008 -0.49 0 103.008 0 0 103.43 0 0
4 20 103.008 -0.49 0 102.586 -0.49 0 102.586 0 0 103.008 0 0
4 20 102.586 -0.49 0 102.164 -0.49 0 102.164 0 0 102.586 0 0
4 7 102.164 -0.49 0 101.741 -0.49 0 101.741 0 0 102.164 0 0
4 7 101.741 -0.49 0 101.319 -0.49 0 101.319 0 0 101.741 0 0
4 8 101.319 -0.49 0 100.897 -0.49 0 100.897 0 0 101.319 0 0
4 8 100.897 -0.49 0 100.475 -0.49 0 100.475 0 0 100.897 0 0
4 6 17.731 -0.49 0 17.309 -0.49 0 17.309 0 0 17.731 0 0
4 8 17.309 -0.49 0 16.887 -0.49 0 16.887 0 0 17.309 0 0
4 7 16.887 -0.49 0 16.464 -0.49 0 16.464 0 0 16.887 0 0
4 7 16.464 -0.49 0 16.042 -0.49 0 16.042 0 0 16.464 0 0
4 20 16.042 -0.49 0 15.62 -0.49 0 15.62 0 0 16.042 0 0
4 20 15.62 -0.49 0 15.198 -0.49 0 15.198 0 0 15.62 0 0
4 20 15.198 -0.49 0 14.776 -0.49 0 14.776 0 0 15.198 0 0
4 20 14.776 -0.49 0 13.509 -0.49 0 13.509 0 0 14.776 0 0
4 20 13.509 -0.49 0 13.087 -0.49 0 13.087 0 0 13.509 0 0
4 20 13.087 -0.49 0 12.665 -0.49 0 12.665 0 0 13.087 0 0
4 20 12.665 -0.49 0 12.243 -0.49 0 12.243 0 0 12.665 0 0
4 7 12.243 -0.49 0 11.821 -0.49 0 11.821 0 0 12.243 0 0
4 7 11.821 -0.49 0 11.398 -0.49 0 11.398 0 0 11.821 0 0
4 8 11.398 -0.49 0 10.976 -0.49 0 10.976 0 0 11.398 0 0
4 6 10.976 -0.49 0 10.554 -0.49 0 10.554 0 0 10.976 0 0
