0 Bisagra Normal Eje    |B:B
0 Name: bisnreje.dat
0 Author: betatron
0 BFC CERTIFY CCW
2 24 -20 -2.5 0 -20 -2.31 0.957
2 24 -20 -2.5 0 -20 -2.31 -0.957
2 24 20 -2.5 0 20 -2.31 -0.957
2 24 20 -2.5 0 20 -2.31 0.957
2 24 -20 -2.31 -0.957 -20 -1.768 -1.768
2 24 -20 -2.31 0.957 -20 -1.768 1.768
2 24 20 -2.31 0.957 20 -1.768 1.768
2 24 20 -2.31 -0.957 20 -1.768 -1.768
2 24 -20 -1.768 -1.768 -20 -0.957 -2.31
2 24 -20 -1.768 1.768 -20 -0.957 2.31
2 24 20 -1.768 1.768 20 -0.957 2.31
2 24 20 -1.768 -1.768 20 -0.957 -2.31
2 24 -20 -0.957 -2.31 -20 0 -2.5
2 24 -20 -0.957 2.31 -20 0 2.5
2 24 20 -0.957 -2.31 20 0 -2.5
2 24 20 -0.957 2.31 20 0 2.5
2 24 -20 0 2.5 -20 0.957 2.31
2 24 -20 0 -2.5 -20 0.957 -2.31
2 24 20 0 -2.5 20 0.957 -2.31
2 24 20 0 2.5 20 0.957 2.31
2 24 -20 0.957 2.31 -20 1.768 1.768
2 24 -20 0.957 -2.31 -20 1.768 -1.768
2 24 20 0.957 -2.31 20 1.768 -1.768
2 24 20 0.957 2.31 20 1.768 1.768
2 24 -20 1.768 -1.768 -20 2.31 -0.957
2 24 -20 1.768 1.768 -20 2.31 0.957
2 24 20 1.768 1.768 20 2.31 0.957
2 24 20 1.768 -1.768 20 2.31 -0.957
2 24 -20 2.31 -0.957 -20 2.5 0
2 24 -20 2.31 0.957 -20 2.5 0
2 24 20 2.31 -0.957 20 2.5 0
2 24 20 2.31 0.957 20 2.5 0
4 16 20 -2.5 0 -20 -2.5 0 -20 -2.31 -0.957 20 -2.31 -0.957
4 16 -20 -2.5 0 20 -2.5 0 20 -2.31 0.957 -20 -2.31 0.957
4 16 20 -2.31 -0.957 -20 -2.31 -0.957 -20 -1.768 -1.768 20 -1.768 -1.768
4 16 -20 -2.31 0.957 20 -2.31 0.957 20 -1.768 1.768 -20 -1.768 1.768
4 16 -20 -1.768 1.768 20 -1.768 1.768 20 -0.957 2.31 -20 -0.957 2.31
4 16 -20 -0.957 -2.31 20 -0.957 -2.31 20 -1.768 -1.768 -20 -1.768 -1.768
4 16 -20 -1.768 1.768 -20 -0.957 2.31 -20 0 2.5 -20 0 0
4 16 -20 -2.5 0 -20 -2.31 0.957 -20 -1.768 1.768 -20 0 0
4 16 -20 -1.768 -1.768 -20 0 0 -20 0 -2.5 -20 -0.957 -2.31
4 16 -20 -2.5 0 -20 0 0 -20 -1.768 -1.768 -20 -2.31 -0.957
4 16 -20 0 -2.5 20 0 -2.5 20 -0.957 -2.31 -20 -0.957 -2.31
4 16 -20 -0.957 2.31 20 -0.957 2.31 20 0 2.5 -20 0 2.5
4 16 20 -1.768 -1.768 20 0 0 20 -2.5 0 20 -2.31 -0.957
4 16 20 -2.5 0 20 0 0 20 -1.768 1.768 20 -2.31 0.957
4 16 20 -1.768 1.768 20 0 0 20 0 2.5 20 -0.957 2.31
4 16 20 -1.768 -1.768 20 -0.957 -2.31 20 0 -2.5 20 0 0
4 16 20 0 -2.5 -20 0 -2.5 -20 0.957 -2.31 20 0.957 -2.31
4 16 -20 0 2.5 20 0 2.5 20 0.957 2.31 -20 0.957 2.31
4 16 -20 0 2.5 -20 0.957 2.31 -20 1.768 1.768 -20 0 0
4 16 -20 0 -2.5 -20 0 0 -20 1.768 -1.768 -20 0.957 -2.31
4 16 20 0 -2.5 20 0.957 -2.31 20 1.768 -1.768 20 0 0
4 16 -20 0.957 2.31 20 0.957 2.31 20 1.768 1.768 -20 1.768 1.768
4 16 20 0.957 -2.31 -20 0.957 -2.31 -20 1.768 -1.768 20 1.768 -1.768
4 16 20 0 2.5 20 0 0 20 1.768 1.768 20 0.957 2.31
4 16 -20 1.768 1.768 20 1.768 1.768 20 2.31 0.957 -20 2.31 0.957
4 16 20 1.768 -1.768 -20 1.768 -1.768 -20 2.31 -0.957 20 2.31 -0.957
4 16 -20 1.768 1.768 -20 2.31 0.957 -20 2.5 0 -20 0 0
4 16 -20 1.768 -1.768 -20 0 0 -20 2.5 0 -20 2.31 -0.957
4 16 20 2.31 -0.957 -20 2.31 -0.957 -20 2.5 0 20 2.5 0
4 16 20 1.768 -1.768 20 2.31 -0.957 20 2.5 0 20 0 0
4 16 20 1.768 1.768 20 0 0 20 2.5 0 20 2.31 0.957
4 16 -20 2.31 0.957 20 2.31 0.957 20 2.5 0 -20 2.5 0
5 24 -20 -2.5 0 20 -2.5 0 -20 -2.31 -0.957 -20 -2.31 0.957
5 24 -20 -2.31 -0.957 20 -2.31 -0.957 -20 -2.5 0 -20 -1.768 -1.768
5 24 -20 -2.31 0.957 20 -2.31 0.957 -20 -2.5 0 -20 -1.768 1.768
5 24 -20 -1.768 1.768 20 -1.768 1.768 -20 -2.31 0.957 -20 -0.957 2.31
5 24 -20 -1.768 -1.768 20 -1.768 -1.768 -20 -2.31 -0.957 -20 -0.957 -2.31
5 24 -20 -0.957 -2.31 20 -0.957 -2.31 -20 -1.768 -1.768 -20 0 -2.5
5 24 -20 -0.957 2.31 20 -0.957 2.31 -20 -1.768 1.768 -20 0 2.5
5 24 -20 0 2.5 20 0 2.5 -20 -0.957 2.31 -20 0.957 2.31
5 24 -20 0 -2.5 20 0 -2.5 -20 -0.957 -2.31 -20 0.957 -2.31
5 24 -20 0.957 -2.31 20 0.957 -2.31 -20 0 -2.5 -20 1.768 -1.768
5 24 -20 0.957 2.31 20 0.957 2.31 -20 0 2.5 -20 1.768 1.768
5 24 -20 1.768 -1.768 20 1.768 -1.768 -20 0.957 -2.31 -20 2.31 -0.957
5 24 -20 1.768 1.768 20 1.768 1.768 -20 0.957 2.31 -20 2.31 0.957
5 24 -20 2.31 0.957 20 2.31 0.957 -20 1.768 1.768 -20 2.5 0
5 24 -20 2.31 -0.957 20 2.31 -0.957 -20 1.768 -1.768 -20 2.5 0
5 24 -20 2.5 0 20 2.5 0 -20 2.31 -0.957 -20 2.31 0.957
