0 Cañón Melara Articulado (base) IUNITS
0 Name: canonmab.dat
0 Author: jasolo
0 !LDRAW_ORG Unofficial_Part
0 BFC CERTIFY CCW
4 16 -4.676 -6 5.864 -3.254 -6 6.757 -3.087 -6 5.882 -4.405 -6 4.972
3 16 9.863 -28.138 -5.458 9.76 -6 -20.5 17.5 -6 -9
3 16 8.961 -30.75 3.25 17.5 -6 3.75 8.961 -30.75 9.937
4 16 8.961 -30.75 3.25 9.863 -28.138 -5.458 17.5 -6 -9 17.5 -6 3.75
4 16 -0.926 -14.375 -4.038 0 -14.375 -4.142 0 0 -4.142 -0.991 0 -4.022
3 16 8.64 -24.017 -5.265 8.25 -25.146 -4.499 8.25 -25.146 -2.5
3 16 -4.156 -21.926 13.75 -5.581 -28.25 10.684 -7.179 -28.25 8.617
3 16 -3.25 -20.625 -10.585 -3.25 -25.175 -7.5 -5.75 -25.175 -7.5
3 16 3.25 -20.625 -10.585 5.75 -25.175 -7.5 3.25 -25.175 -7.5
4 16 -3.25 -20.625 -10.585 -5.75 -25.175 -7.5 -9.863 -28.138 -5.458 -9.76 -6 -20.5
3 16 -5.75 -25.175 -7.5 -5.75 -28.125 -5.5 -9.863 -28.138 -5.458
3 16 -3.25 -14.375 -2.569 -3.25 -20.869 -3.923 -3.25 -20.687 -4.448
3 16 -3.25 -20.687 -4.448 -3.25 -20.625 -5 -3.25 -14.375 -2.569
4 16 17.5 -6 -9 9.76 -6 -20.5 8.574 -6 -17.48 14.855 -6 -8.147
4 16 -6.533 -6 13.75 -14.855 -6 3.05 -17.5 -6 3.75 -7.778 -6 16.25
4 16 -17.5 -6 -9 -17.5 -6 3.75 -14.855 -6 3.05 -14.855 -6 -8.147
4 16 3.409 -27.871 2.353 3.873 -27.606 1.469 -4.112 -27.318 0.499 -3.873 -27.606 1.469
4 16 -5.864 -6 4.676 -4.676 -6 5.864 -4.405 -6 4.972 -5.467 -6 3.773
4 16 7.778 -6 16.25 17.5 -6 3.75 14.855 -6 3.05 6.533 -6 13.75
4 16 5.75 -29.025 -2.5 8.961 -30.75 3.25 -8.961 -30.75 3.25 -5.75 -29.025 -2.5
3 16 17.5 -6 3.75 7.176 -30.75 12.25 8.961 -30.75 9.937
3 16 -8.961 -30.75 3.25 -7.176 -30.75 12.25 -8.961 -30.75 9.937
3 16 -3.873 -26.725 -1.469 -3.873 0 -1.469 -4.112 0 -0.499
3 16 8.961 -30.75 9.937 7.176 -30.75 12.25 8.961 -30.75 3.25
3 16 -7.179 -28.25 3.617 -7.96 -25.986 -3.93 -8.085 -25.625 -2.5
3 16 -8.961 -30.75 9.937 -17.5 -6 3.75 -8.961 -30.75 3.25
4 16 -17.5 -6 -9 -9.863 -28.138 -5.458 -8.961 -30.75 3.25 -17.5 -6 3.75
3 16 -17.5 -6 -9 -9.76 -6 -20.5 -9.863 -28.138 -5.458
3 16 -5.75 -20.643 -4.699 -5.75 -20.788 -4.113 -5.75 -21.067 -6.42
3 16 -5.75 -23.125 -2.5 -5.75 -23.125 -7.5 -5.75 -22.527 -2.573
3 16 -5.75 -23.125 -7.5 -5.75 -22.527 -7.427 -5.75 -21.067 -6.42
3 16 -5.75 -21.067 -6.42 -5.75 -20.788 -5.887 -5.75 -20.643 -5.301
3 16 -5.75 -20.643 -5.301 -5.75 -20.643 -4.699 -5.75 -21.067 -6.42
3 16 5.75 -22.527 -2.573 5.75 -20.788 -4.113 5.75 -21.067 -6.42
3 16 -5.75 -28.125 -5.5 -5.75 -25.175 -7.5 -5.75 -23.125 -2.5
3 16 -5.75 -25.175 -7.5 -5.75 -23.125 -7.5 -5.75 -23.125 -2.5
3 16 -5.75 -22.527 -7.427 -5.75 -21.963 -7.214 -5.75 -21.067 -6.42
3 16 -5.75 -21.963 -7.214 -5.75 -21.467 -6.871 -5.75 -21.067 -6.42
4 16 -3.25 -23.125 -2.5 -3.25 -26.415 -2.5 -5.75 -29.025 -2.5 -5.75 -23.125 -2.5
3 16 5.75 -20.643 -4.699 5.75 -20.643 -5.301 5.75 -21.067 -6.42
3 16 5.75 -20.643 -5.301 5.75 -20.788 -5.887 5.75 -21.067 -6.42
3 16 5.75 -25.175 -7.5 5.75 -28.125 -5.5 5.75 -23.125 -2.5
3 16 5.75 -28.125 -5.5 5.75 -29.025 -2.5 5.75 -23.125 -2.5
3 16 5.75 -21.467 -3.129 5.75 -21.067 -3.58 5.75 -22.527 -2.573
3 16 5.75 -20.788 -4.113 5.75 -20.643 -4.699 5.75 -21.067 -6.42
3 16 5.75 -23.125 -7.5 5.75 -25.175 -7.5 5.75 -23.125 -2.5
4 16 -5.467 -6 -3.773 -6.211 -6 -2.355 -6.211 0 -2.355 -5.467 0 -3.773
3 16 3.25 -20.625 -5 3.25 -20.687 -4.448 3.25 -14.375 -2.569
3 16 3.25 -20.625 -7.564 3.25 -21.467 -6.871 3.25 -21.041 -6.381
3 16 3.25 -20.625 -7.564 3.25 -21.041 -6.381 3.25 -20.813 -5.951
3 16 3.25 -20.625 -7.564 3.25 -22.561 -7.435 3.25 -22.026 -7.245
3 16 3.25 -21.553 -3.056 3.25 -14.375 -2.569 3.25 -21.162 -3.451
4 16 5.467 -6 -3.773 4.405 -6 -4.972 4.405 0 -4.972 5.467 0 -3.773
3 16 -3.25 -14.375 -2.569 -3.25 -21.553 -3.056 -3.25 -21.162 -3.451
3 16 -3.25 -20.813 -5.951 -3.25 -18.125 -6.759 -3.25 -20.672 -5.485
3 16 -3.25 -21.041 -6.381 -3.25 -21.467 -6.871 -3.25 -20.625 -7.564
4 16 3.25 -23.125 -7.5 3.25 -25.175 -7.5 5.75 -25.175 -7.5 5.75 -23.125 -7.5
4 16 6.533 -6 13.75 4.156 -21.926 13.75 -4.156 -21.926 13.75 -6.533 -6 13.75
3 16 -7.176 -30.75 12.25 -17.5 -6 3.75 -8.961 -30.75 9.937
4 16 5.318 -22.5 16.25 7.176 -30.75 12.25 17.5 -6 3.75 7.778 -6 16.25
3 16 -8.574 -6 -17.48 -8.25 -18.125 -9.259 -3.25 -18.125 -9.259
3 16 -8.25 -24.407 -5 -8.25 -18.125 -9.259 -8.64 -24.017 -5.265
4 16 -8.25 -25.146 -2.5 -8.64 -24.017 -5.265 -14.855 -6 -8.147 -14.855 -6 3.05
3 16 -8.574 -6 -17.48 -8.64 -24.017 -5.265 -8.25 -18.125 -9.259
3 16 -8.64 -24.017 -5.265 -8.25 -25.146 -4.499 -8.25 -24.407 -5
3 16 8.64 -24.017 -5.265 8.574 -6 -17.48 8.25 -18.125 -9.259
3 16 -8.64 -24.017 -5.265 -8.574 -6 -17.48 -14.855 -6 -8.147
4 16 7.258 -27.732 1.891 7.5 -27.184 0.062 7.5 -6 0 7.312 -6 1.669
4 16 3.25 -20.625 -7.564 3.25 -18.125 -9.259 -3.25 -18.125 -9.259 -3.25 -20.625 -7.564
3 16 8.25 -18.125 -9.259 8.574 -6 -17.48 3.25 -18.125 -9.259
4 16 4.156 -21.926 13.75 5.581 -28.25 10.684 -5.581 -28.25 10.684 -4.156 -21.926 13.75
3 16 8.25 -18.125 -9.259 8.25 -24.407 -5 8.64 -24.017 -5.265
3 16 5.581 -28.25 10.684 4.156 -21.926 13.75 7.179 -28.25 8.617
3 16 -8.25 -25.146 -2.5 -14.855 -6 3.05 -7.179 -28.25 3.617
3 16 8.25 -25.146 -2.5 7.179 -28.25 3.617 14.855 -6 3.05
3 16 -5.75 -21.067 -6.42 -5.75 -20.788 -4.113 -5.75 -22.527 -2.573
4 16 -4.405 0 -4.972 -3.087 0 -5.882 -3.087 -6 -5.882 -4.405 -6 -4.972
4 16 9.76 -6 -20.5 3.25 -20.625 -10.585 -3.25 -20.625 -10.585 -9.76 -6 -20.5
3 16 14.855 -6 -8.147 8.574 -6 -17.48 8.64 -24.017 -5.265
4 16 7.071 -18.125 -2.5 6.687 -18.125 -3.395 6.757 -6 -3.254 7.312 -6 -1.669
3 16 8.25 -24.407 -5 8.25 -25.146 -4.499 8.64 -24.017 -5.265
4 16 -3.254 -6 -6.757 -3.087 -6 -5.882 -1.59 -6 -6.449 -1.669 -6 -7.312
4 16 -1.925 0 -3.668 -0.991 0 -4.022 -1.59 0 -6.449 -3.087 0 -5.882
3 16 -5.75 -21.467 -3.129 -5.75 -21.963 -2.786 -5.75 -22.527 -2.573
3 16 -5.75 -21.067 -3.58 -5.75 -21.467 -3.129 -5.75 -22.527 -2.573
3 16 -5.75 -23.125 -7.5 -5.75 -21.067 -6.42 -5.75 -22.527 -2.573
3 16 -5.75 -23.125 -2.5 -5.75 -29.025 -2.5 -5.75 -28.125 -5.5
3 16 -5.75 -20.788 -4.113 -5.75 -21.067 -3.58 -5.75 -22.527 -2.573
4 16 1.806 -14.375 -3.728 1.925 0 -3.668 0.991 0 -4.022 0.926 -14.375 -4.038
4 16 -2.593 -14.375 -3.23 -1.806 -14.375 -3.728 -1.925 0 -3.668 -2.747 0 -3.101
4 16 5.75 -21.963 -7.214 5.75 -21.467 -6.871 3.25 -21.467 -6.871 3.25 -22.026 -7.245
4 16 5.75 -21.467 -6.871 5.75 -21.067 -6.42 3.25 -21.041 -6.381 3.25 -21.467 -6.871
4 16 5.75 -22.527 -7.427 5.75 -21.963 -7.214 3.25 -22.026 -7.245 3.25 -22.561 -7.435
4 16 5.75 -20.788 -5.887 5.75 -20.643 -5.301 3.25 -20.672 -5.485 3.25 -20.813 -5.951
4 16 5.318 -22.5 16.25 7.778 -6 16.25 -7.778 -6 16.25 -5.318 -22.5 16.25
4 16 5.75 -20.643 -4.699 5.75 -20.788 -4.113 3.25 -20.869 -3.923 3.25 -20.687 -4.448
3 16 -3.25 -20.625 -5 -3.25 -20.687 -4.448 -5.75 -20.643 -4.699
4 16 3.409 -27.871 2.353 2.747 -28.086 3.101 2.747 0 3.101 3.409 0 2.353
4 16 -3.25 -22.543 -2.569 -3.25 -23.125 -2.5 -5.75 -23.125 -2.5 -5.75 -22.527 -2.573
4 16 5.75 -21.467 -3.129 5.75 -21.963 -2.786 3.25 -22.021 -2.757 3.25 -21.553 -3.056
4 16 5.75 -21.963 -2.786 5.75 -22.527 -2.573 3.25 -22.543 -2.569 3.25 -22.021 -2.757
4 16 5.75 -23.125 -2.5 3.25 -23.125 -2.5 3.25 -22.543 -2.569 5.75 -22.527 -2.573
4 16 0.991 -28.25 4.022 0 -28.25 4.142 0 0 4.142 0.991 0 4.022
4 16 0.991 -28.25 4.022 0.991 0 4.022 1.925 0 3.668 1.925 -28.25 3.668
4 16 5.75 -20.788 -4.113 5.75 -21.067 -3.58 3.25 -21.162 -3.451 3.25 -20.869 -3.923
4 16 -5.467 0 -3.773 -3.409 0 -2.353 -2.747 0 -3.101 -4.405 0 -4.972
4 16 3.873 -27.606 1.469 3.409 -27.871 2.353 3.409 0 2.353 3.873 0 1.469
4 16 4.112 -27.318 0.499 3.873 -27.606 1.469 3.873 0 1.469 4.112 0 0.499
4 16 4.112 -27.017 -0.499 4.112 -27.318 0.499 4.112 0 0.499 4.112 0 -0.499
3 16 -4.112 -27.017 -0.499 -3.873 -26.725 -1.469 -4.112 0 -0.499
4 16 3.873 -26.617 -1.469 4.112 -27.017 -0.499 4.112 0 -0.499 3.873 0 -1.469
4 16 3.25 -14.375 -2.569 3.409 0 -2.353 2.747 0 -3.101 2.593 -14.375 -3.23
3 16 -3.409 -26.455 -2.353 -3.25 -14.375 -2.569 -3.409 0 -2.353
3 16 -3.409 -26.455 -2.353 -3.25 -23.125 -2.5 -3.25 -14.375 -2.569
3 16 -3.409 -26.455 -2.353 -3.25 -26.415 -2.5 -3.25 -23.125 -2.5
4 16 2.593 -14.375 -3.23 2.747 0 -3.101 1.925 0 -3.668 1.806 -14.375 -3.728
4 16 -5.864 -6 4.676 -6.757 -6 3.254 -6.57 -28.25 3.617 -6.016 -28.25 4.479
4 16 0.926 -14.375 -4.038 0.991 0 -4.022 0 0 -4.142 0 -14.375 -4.142
4 16 5.75 -23.125 -7.5 5.75 -22.527 -7.427 3.25 -22.561 -7.435 3.25 -23.125 -7.5
4 16 -1.806 -14.375 -3.728 -0.926 -14.375 -4.038 -0.991 0 -4.022 -1.925 0 -3.668
4 16 5.59 -18.125 -5 4.889 -18.125 -5.687 4.676 -6 -5.864 5.864 -6 -4.676
4 16 5.594 -28.25 4.996 6.57 -28.25 3.617 6.757 -6 3.254 5.864 -6 4.676
3 16 3.25 -14.375 -2.569 3.873 0 -1.469 3.409 0 -2.353
4 16 3.25 -26.415 -2.5 3.25 -23.125 -2.5 5.75 -23.125 -2.5 5.75 -29.025 -2.5
3 16 3.25 -26.415 -2.5 3.873 -26.617 -1.469 3.25 -23.125 -2.5
3 16 3.25 -23.125 -2.5 3.873 -26.617 -1.469 3.25 -14.375 -2.569
3 16 3.25 -14.375 -2.569 3.873 -26.617 -1.469 3.873 0 -1.469
4 16 -6.757 -6 3.254 -7.312 -6 1.669 -7.258 -27.732 1.891 -6.57 -28.25 3.617
4 16 8.25 -18.125 -2.5 8.25 -25.146 -2.5 8.25 -24.407 -5 8.25 -18.125 -9.259
4 16 -2.747 -28.086 3.101 -3.409 -27.871 2.353 -3.409 0 2.353 -2.747 0 3.101
4 16 -1.925 -28.25 3.668 -2.747 -28.086 3.101 -2.747 0 3.101 -1.925 0 3.668
4 16 -6.757 -6 -3.254 -5.864 -6 -4.676 -6.191 -18.125 -4.233 -6.687 -18.125 -3.395
4 16 -3.25 -22.021 -2.757 -3.25 -22.543 -2.569 -5.75 -22.527 -2.573 -5.75 -21.963 -2.786
4 16 -17.5 -6 -9 -14.855 -6 -8.147 -8.574 -6 -17.48 -9.76 -6 -20.5
3 16 3.873 -26.617 -1.469 3.25 -26.415 -2.5 -3.25 -26.415 -2.5
4 16 17.5 -6 3.75 17.5 -6 -9 14.855 -6 -8.147 14.855 -6 3.05
4 16 -3.254 -6 -6.757 -1.669 -6 -7.312 -2.208 -14.375 -7.168 -3.25 -14.375 -6.759
4 16 -4.112 -27.318 0.499 -4.112 0 0.499 -3.873 0 1.469 -3.873 -27.606 1.469
4 16 -17.5 -6 3.75 -7.176 -30.75 12.25 -5.318 -22.5 16.25 -7.778 -6 16.25
3 16 1.925 -28.25 3.668 -2.747 -28.086 3.101 -1.925 -28.25 3.668
3 16 3.409 -27.871 2.353 -3.409 -27.871 2.353 -2.747 -28.086 3.101
3 16 3.409 -27.871 2.353 -3.873 -27.606 1.469 -3.409 -27.871 2.353
3 16 2.747 -28.086 3.101 3.409 -27.871 2.353 -2.747 -28.086 3.101
3 16 2.747 -28.086 3.101 -2.747 -28.086 3.101 1.925 -28.25 3.668
4 16 -3.25 -22.561 -7.435 -5.75 -22.527 -7.427 -5.75 -23.125 -7.5 -3.25 -23.125 -7.5
4 16 -3.25 -22.561 -7.435 -3.25 -22.026 -7.245 -5.75 -21.963 -7.214 -5.75 -22.527 -7.427
4 16 -3.25 -21.553 -3.056 -3.25 -22.021 -2.757 -5.75 -21.963 -2.786 -5.75 -21.467 -3.129
4 16 -4.676 -6 5.864 -5.864 -6 4.676 -5.349 -28.25 5.257 -4.387 -28.25 6.083
4 16 -3.25 -21.041 -6.381 -3.25 -20.813 -5.951 -5.75 -20.788 -5.887 -5.75 -21.067 -6.42
4 16 5.75 -21.067 -3.58 5.75 -21.467 -3.129 3.25 -21.553 -3.056 3.25 -21.162 -3.451
4 16 -3.25 -20.672 -5.485 -3.25 -20.625 -5 -5.75 -20.643 -4.699 -5.75 -20.643 -5.301
3 16 3.25 -20.625 -5 5.75 -20.643 -4.699 3.25 -20.687 -4.448
4 16 -3.409 -27.871 2.353 -3.873 -27.606 1.469 -3.873 0 1.469 -3.409 0 2.353
4 16 -3.25 -20.869 -3.923 -3.25 -21.162 -3.451 -5.75 -21.067 -3.58 -5.75 -20.788 -4.113
4 16 -3.25 -21.162 -3.451 -3.25 -21.553 -3.056 -5.75 -21.467 -3.129 -5.75 -21.067 -3.58
4 16 4.676 -6 5.864 3.254 -6 6.757 3.981 -28.25 6.356 4.835 -28.25 5.733
4 16 5.75 -21.067 -6.42 5.75 -20.788 -5.887 3.25 -20.813 -5.951 3.25 -21.041 -6.381
4 16 2.747 -28.086 3.101 1.925 -28.25 3.668 1.925 0 3.668 2.747 0 3.101
3 16 5.75 -21.067 -6.42 5.75 -21.963 -7.214 5.75 -22.527 -2.573
4 16 5.75 -23.125 -7.5 5.75 -23.125 -2.5 5.75 -22.527 -2.573 5.75 -22.527 -7.427
3 16 5.75 -21.963 -7.214 5.75 -22.527 -7.427 5.75 -22.527 -2.573
4 16 5.467 -6 -3.773 6.211 -6 -2.355 6.757 -6 -3.254 5.864 -6 -4.676
4 16 0.926 -14.375 -4.038 2.208 -14.375 -7.168 3.25 -14.375 -6.759 1.806 -14.375 -3.728
3 16 5.75 -22.527 -2.573 5.75 -21.963 -2.786 5.75 -21.467 -3.129
3 16 5.75 -21.067 -3.58 5.75 -20.788 -4.113 5.75 -22.527 -2.573
3 16 5.75 -21.067 -6.42 5.75 -21.467 -6.871 5.75 -21.963 -7.214
3 16 3.25 -14.375 -6.759 3.25 -18.125 -6.759 3.25 -14.375 -2.569
3 16 -3.873 -26.725 -1.469 4.112 -27.017 -0.499 -3.409 -26.455 -2.353
3 16 -3.25 -14.375 -2.569 -3.25 -21.162 -3.451 -3.25 -20.869 -3.923
3 16 9.863 -28.138 -5.458 5.75 -28.125 -5.5 5.75 -25.175 -7.5
4 16 7.176 -30.75 12.25 5.318 -22.5 16.25 -5.318 -22.5 16.25 -7.176 -30.75 12.25
4 16 -4.156 -21.926 13.75 -7.179 -28.25 8.617 -14.855 -6 3.05 -6.533 -6 13.75
4 16 8.25 -25.146 -2.5 14.855 -6 3.05 14.855 -6 -8.147 8.64 -24.017 -5.265
3 16 -8.25 -25.146 -2.5 -8.25 -25.146 -4.499 -8.64 -24.017 -5.265
3 16 -14.855 -6 3.05 -7.179 -28.25 8.617 -7.179 -28.25 3.617
4 16 7.071 -18.125 -2.5 7.071 -25.625 -2.5 8.25 -25.146 -2.5 8.25 -18.125 -2.5
3 16 -7.96 -25.986 -3.93 -8.085 -25.625 -4.175 -8.085 -25.625 -2.5
3 16 8.085 -25.625 -2.5 8.085 -25.625 -4.175 7.96 -25.986 -3.93
4 16 -8.574 -6 -17.48 -3.25 -18.125 -9.259 3.25 -18.125 -9.259 8.574 -6 -17.48
3 16 7.179 -28.25 3.617 7.179 -28.25 8.617 14.855 -6 3.05
3 16 8.085 -25.625 -2.5 7.179 -28.25 3.617 8.25 -25.146 -2.5
3 16 7.96 -25.986 -3.93 7.179 -28.25 3.617 8.085 -25.625 -2.5
3 16 -7.179 -28.25 3.617 -8.085 -25.625 -2.5 -8.25 -25.146 -2.5
3 16 6.924 -26.3 -2.882 7.96 -25.986 -3.93 6.388 -25.986 -3.93
3 16 7.288 -26.634 -1.77 7.96 -25.986 -3.93 6.924 -26.3 -2.882
3 16 7.179 -28.25 3.617 7.258 -27.732 1.891 6.57 -28.25 3.617
3 16 7.179 -28.25 3.617 7.96 -25.986 -3.93 7.5 -27.184 0.062
3 16 7.5 -27.184 0.062 7.96 -25.986 -3.93 7.288 -26.634 -1.77
3 16 7.179 -28.25 3.617 7.5 -27.184 0.062 7.258 -27.732 1.891
3 16 6.231 -25.625 -4.175 8.085 -25.625 -4.175 6.557 -25.625 -3.64
3 16 6.557 -25.625 -3.64 8.085 -25.625 -4.175 6.838 -25.625 -3.081
3 16 6.838 -25.625 -3.081 8.085 -25.625 -2.5 7.071 -25.625 -2.5
3 16 8.085 -25.625 -4.175 8.085 -25.625 -2.5 6.838 -25.625 -3.081
4 16 -7.071 -25.625 -2.5 -7.071 -18.125 -2.5 -8.25 -18.125 -2.5 -8.25 -25.146 -2.5
3 16 8.25 -25.146 -2.5 7.071 -25.625 -2.5 8.085 -25.625 -2.5
4 16 -8.25 -25.146 -2.5 -8.25 -18.125 -2.5 -8.25 -18.125 -9.259 -8.25 -24.407 -5
3 16 8.25 -24.407 -5 8.25 -25.146 -2.5 8.25 -25.146 -4.499
3 16 3.25 -18.125 -7.5 3.25 -18.125 -6.759 4.105 -18.125 -6.277
3 16 8.25 -18.125 -9.259 4.889 -18.125 -5.687 5.59 -18.125 -5
3 16 8.25 -18.125 -9.259 4.105 -18.125 -6.277 4.889 -18.125 -5.687
3 16 8.25 -18.125 -9.259 3.25 -18.125 -9.259 3.25 -18.125 -7.5
3 16 8.25 -18.125 -9.259 3.25 -18.125 -7.5 4.105 -18.125 -6.277
4 16 14.855 -6 3.05 7.179 -28.25 8.617 4.156 -21.926 13.75 6.533 -6 13.75
3 16 3.25 -20.625 -10.585 3.25 -23.125 -7.5 3.25 -22.561 -7.435
3 16 3.25 -20.625 -7.564 3.25 -22.026 -7.245 3.25 -21.467 -6.871
3 16 -3.25 -18.125 -6.759 -3.25 -18.125 -7.5 -4.105 -18.125 -6.277
3 16 -4.889 -18.125 -5.687 -8.25 -18.125 -9.259 -5.59 -18.125 -5
3 16 -4.105 -18.125 -6.277 -8.25 -18.125 -9.259 -4.889 -18.125 -5.687
3 16 -3.25 -18.125 -9.259 -8.25 -18.125 -9.259 -3.25 -18.125 -7.5
3 16 -3.25 -18.125 -7.5 -8.25 -18.125 -9.259 -4.105 -18.125 -6.277
4 16 5.75 -20.643 -5.301 5.75 -20.643 -4.699 3.25 -20.625 -5 3.25 -20.672 -5.485
3 16 -8.25 -25.146 -2.5 -8.25 -24.407 -5 -8.25 -25.146 -4.499
4 16 8.961 -30.75 3.25 7.176 -30.75 12.25 -7.176 -30.75 12.25 -8.961 -30.75 3.25
3 16 -7.071 -25.625 -2.5 -8.25 -25.146 -2.5 -8.085 -25.625 -2.5
3 16 -8.085 -25.625 -4.175 -6.557 -25.625 -3.64 -6.838 -25.625 -3.081
3 16 -8.085 -25.625 -4.175 -6.231 -25.625 -4.175 -6.557 -25.625 -3.64
3 16 -8.085 -25.625 -2.5 -6.838 -25.625 -3.081 -7.071 -25.625 -2.5
3 16 -8.085 -25.625 -2.5 -8.085 -25.625 -4.175 -6.838 -25.625 -3.081
4 16 7.96 -25.986 -3.93 8.085 -25.625 -4.175 6.231 -25.625 -4.175 6.388 -25.986 -3.93
3 16 -6.924 -26.3 -2.882 -6.388 -25.986 -3.93 -7.96 -25.986 -3.93
3 16 -7.288 -26.634 -1.77 -6.924 -26.3 -2.882 -7.96 -25.986 -3.93
3 16 -7.5 -27.184 0.062 -7.288 -26.634 -1.77 -7.96 -25.986 -3.93
3 16 -6.57 -28.25 3.617 -7.258 -27.732 1.891 -7.179 -28.25 3.617
3 16 -7.96 -25.986 -3.93 -7.179 -28.25 3.617 -7.5 -27.184 0.062
3 16 -7.5 -27.184 0.062 -7.179 -28.25 3.617 -7.258 -27.732 1.891
3 16 -3.25 -18.125 -6.759 -3.25 -14.375 -2.569 -3.25 -20.625 -5
3 16 -3.25 -20.625 -7.564 -3.25 -20.813 -5.951 -3.25 -21.041 -6.381
3 16 3.25 -20.672 -5.485 3.25 -20.625 -5 3.25 -18.125 -6.759
3 16 -3.25 -23.125 -7.5 -3.25 -20.625 -10.585 -3.25 -22.561 -7.435
3 16 -3.25 -20.625 -10.585 -3.25 -20.625 -7.564 -3.25 -22.561 -7.435
3 16 -3.25 -25.175 -7.5 -3.25 -20.625 -10.585 -3.25 -23.125 -7.5
3 16 -3.25 -20.625 -7.564 -3.25 -18.125 -9.259 -3.25 -18.125 -7.5
3 16 -3.25 -14.375 -2.569 -3.25 -23.125 -2.5 -3.25 -22.543 -2.569
3 16 -3.25 -22.026 -7.245 -3.25 -22.561 -7.435 -3.25 -20.625 -7.564
3 16 -3.25 -21.467 -6.871 -3.25 -22.026 -7.245 -3.25 -20.625 -7.564
4 16 4.405 0 4.972 5.467 0 3.773 3.409 0 2.353 2.747 0 3.101
4 16 1.925 0 3.668 3.087 0 5.882 4.405 0 4.972 2.747 0 3.101
4 16 -2.747 0 3.101 -4.405 0 4.972 -3.087 0 5.882 -1.925 0 3.668
4 16 1.925 0 -3.668 2.747 0 -3.101 4.405 0 -4.972 3.087 0 -5.882
4 16 4.112 0 0.499 3.873 0 1.469 6.211 0 2.355 6.594 0 0.801
4 16 -6.594 0 -0.801 -4.112 0 -0.499 -3.873 0 -1.469 -6.211 0 -2.355
4 16 0 0 4.142 0 0 6.642 1.59 0 6.449 0.991 0 4.022
4 16 0 0 -4.142 0.991 0 -4.022 1.59 0 -6.449 0 0 -6.642
4 16 0.991 0 4.022 1.59 0 6.449 3.087 0 5.882 1.925 0 3.668
4 16 3.409 0 -2.353 3.873 0 -1.469 6.211 0 -2.355 5.467 0 -3.773
4 16 3.873 0 1.469 3.409 0 2.353 5.467 0 3.773 6.211 0 2.355
4 16 -6.594 0 0.801 -6.211 0 2.355 -3.873 0 1.469 -4.112 0 0.499
4 16 -5.467 0 3.773 -4.405 0 4.972 -2.747 0 3.101 -3.409 0 2.353
4 16 -6.211 0 -2.355 -3.873 0 -1.469 -3.409 0 -2.353 -5.467 0 -3.773
4 16 4.112 0 -0.499 4.112 0 0.499 6.594 0 0.801 6.594 0 -0.801
4 16 -1.925 0 3.668 -3.087 0 5.882 -1.59 0 6.449 -0.991 0 4.022
4 16 3.873 0 -1.469 4.112 0 -0.499 6.594 0 -0.801 6.211 0 -2.355
4 16 -0.991 0 -4.022 0 0 -4.142 0 0 -6.642 -1.59 0 -6.449
4 16 -0.991 0 4.022 -1.59 0 6.449 0 0 6.642 0 0 4.142
4 16 -6.211 0 2.355 -5.467 0 3.773 -3.409 0 2.353 -3.873 0 1.469
4 16 0.991 0 -4.022 1.925 0 -3.668 3.087 0 -5.882 1.59 0 -6.449
4 16 -2.747 0 -3.101 -1.925 0 -3.668 -3.087 0 -5.882 -4.405 0 -4.972
4 16 -6.594 0 -0.801 -6.594 0 0.801 -4.112 0 0.499 -4.112 0 -0.499
4 16 -3.25 -20.687 -4.448 -3.25 -20.869 -3.923 -5.75 -20.788 -4.113 -5.75 -20.643 -4.699
4 16 2.747 0 -3.101 3.409 0 -2.353 5.467 0 -3.773 4.405 0 -4.972
3 16 1.925 -28.25 3.668 -1.925 -28.25 3.668 0.991 -28.25 4.022
3 16 0.991 -28.25 4.022 -1.925 -28.25 3.668 -0.991 -28.25 4.022
3 16 0.991 -28.25 4.022 -0.991 -28.25 4.022 0 -28.25 4.142
4 16 6.594 -6 0.801 6.594 -6 -0.801 6.594 0 -0.801 6.594 0 0.801
3 16 -3.25 -20.672 -5.485 -3.25 -18.125 -6.759 -3.25 -20.625 -5
4 16 -8.085 -25.625 -4.175 -7.96 -25.986 -3.93 -6.388 -25.986 -3.93 -6.231 -25.625 -4.175
3 16 3.25 -14.375 -2.569 2.593 -14.375 -3.23 3.25 -14.375 -6.759
4 16 -2.208 -14.375 -7.168 -0.926 -14.375 -4.038 -1.806 -14.375 -3.728 -3.25 -14.375 -6.759
3 16 1.806 -14.375 -3.728 3.25 -14.375 -6.759 2.593 -14.375 -3.23
3 16 0.926 -14.375 -4.038 1.116 -14.375 -7.416 2.208 -14.375 -7.168
4 16 1.116 -14.375 -7.416 0.926 -14.375 -4.038 0 -14.375 -4.142 0 -14.375 -7.5
4 16 0 -6 -6.642 1.59 -6 -6.449 1.669 -6 -7.312 0 -6 -7.5
3 16 -0.926 -14.375 -4.038 -2.208 -14.375 -7.168 -1.116 -14.375 -7.416
4 16 -3.25 -21.467 -6.871 -3.25 -21.041 -6.381 -5.75 -21.067 -6.42 -5.75 -21.467 -6.871
3 16 -2.593 -14.375 -3.23 -3.25 -14.375 -6.759 -1.806 -14.375 -3.728
3 16 -3.25 -14.375 -2.569 -3.25 -14.375 -6.759 -2.593 -14.375 -3.23
3 16 3.25 -21.162 -3.451 3.25 -14.375 -2.569 3.25 -20.869 -3.923
3 16 -3.25 -14.375 -2.569 -3.25 -22.021 -2.757 -3.25 -21.553 -3.056
3 16 3.25 -23.125 -2.5 3.25 -14.375 -2.569 3.25 -22.543 -2.569
4 16 3.25 -20.625 -7.564 3.25 -20.813 -5.951 3.25 -18.125 -6.759 3.25 -18.125 -7.5
3 16 3.25 -20.625 -7.564 3.25 -20.625 -10.585 3.25 -22.561 -7.435
3 16 3.25 -20.625 -10.585 3.25 -25.175 -7.5 3.25 -23.125 -7.5
3 16 3.25 -20.672 -5.485 3.25 -18.125 -6.759 3.25 -20.813 -5.951
3 16 3.25 -22.543 -2.569 3.25 -14.375 -2.569 3.25 -22.021 -2.757
3 16 3.25 -14.375 -2.569 3.25 -18.125 -6.759 3.25 -20.625 -5
4 16 0 0 -6.642 1.59 0 -6.449 1.59 -6 -6.449 0 -6 -6.642
4 16 6.211 0 -2.355 6.594 0 -0.801 6.594 -6 -0.801 6.211 -6 -2.355
4 16 -3.273 -28.25 6.748 -1.679 -28.25 7.31 -1.669 -6 7.312 -3.254 -6 6.757
4 16 4.835 -28.25 5.733 5.594 -28.25 4.996 5.864 -6 4.676 4.676 -6 5.864
4 16 -0.926 -14.375 -4.038 -1.116 -14.375 -7.416 0 -14.375 -7.5 0 -14.375 -4.142
3 16 -6.016 -28.25 4.479 -5.349 -28.25 5.257 -5.864 -6 4.676
4 16 -3.254 -6 6.757 -4.676 -6 5.864 -4.387 -28.25 6.083 -3.273 -28.25 6.748
4 16 6.57 -28.25 3.617 7.258 -27.732 1.891 7.312 -6 1.669 6.757 -6 3.254
4 16 3.873 -27.606 1.469 4.112 -27.318 0.499 -4.112 -27.017 -0.499 -4.112 -27.318 0.499
3 16 -7.071 -18.125 -2.5 -7.5 -27.184 0.062 -7.5 -6 0
3 16 -7.071 -18.125 -2.5 -7.5 -6 0 -7.312 -6 -1.669
4 16 -3.25 -20.813 -5.951 -3.25 -20.672 -5.485 -5.75 -20.643 -5.301 -5.75 -20.788 -5.887
3 16 -7.288 -26.634 -1.77 -7.5 -27.184 0.062 -7.071 -18.125 -2.5
3 16 -7.071 -25.625 -2.5 -7.288 -26.634 -1.77 -7.071 -18.125 -2.5
3 16 -6.924 -26.3 -2.882 -7.288 -26.634 -1.77 -7.071 -25.625 -2.5
3 16 -6.838 -25.625 -3.081 -6.924 -26.3 -2.882 -7.071 -25.625 -2.5
4 16 6.687 -18.125 -3.395 6.191 -18.125 -4.233 5.864 -6 -4.676 6.757 -6 -3.254
3 16 -6.557 -25.625 -3.64 -6.924 -26.3 -2.882 -6.838 -25.625 -3.081
3 16 -6.388 -25.986 -3.93 -6.924 -26.3 -2.882 -6.557 -25.625 -3.64
3 16 -5.59 -18.125 -5 -6.191 -18.125 -4.233 -5.864 -6 -4.676
4 16 1.488 -28.25 7.351 2.853 -28.25 6.936 3.254 -6 6.757 1.669 -6 7.312
3 16 -4.105 -18.125 -6.277 -4.889 -18.125 -5.687 -4.676 -6 -5.864
3 16 -3.25 -14.375 -6.759 -4.105 -18.125 -6.277 -4.676 -6 -5.864
3 16 -3.25 -14.375 -6.759 -4.676 -6 -5.864 -3.254 -6 -6.757
3 16 -3.25 -18.125 -6.759 -4.105 -18.125 -6.277 -3.25 -14.375 -6.759
4 16 3.25 -14.375 -6.759 2.208 -14.375 -7.168 1.669 -6 -7.312 3.254 -6 -6.757
3 16 -1.116 -14.375 -7.416 -2.208 -14.375 -7.168 -1.669 -6 -7.312
4 16 1.116 -14.375 -7.416 0 -14.375 -7.5 0 -6 -7.5 1.669 -6 -7.312
4 16 -3.25 -22.026 -7.245 -3.25 -21.467 -6.871 -5.75 -21.467 -6.871 -5.75 -21.963 -7.214
4 16 0 -14.375 -7.5 -1.116 -14.375 -7.416 -1.669 -6 -7.312 0 -6 -7.5
3 16 2.208 -14.375 -7.168 1.116 -14.375 -7.416 1.669 -6 -7.312
3 16 4.676 -6 -5.864 3.25 -14.375 -6.759 3.254 -6 -6.757
3 16 4.105 -18.125 -6.277 3.25 -18.125 -6.759 3.25 -14.375 -6.759
3 16 4.105 -18.125 -6.277 3.25 -14.375 -6.759 4.676 -6 -5.864
3 16 4.889 -18.125 -5.687 4.105 -18.125 -6.277 4.676 -6 -5.864
4 16 -4.889 -18.125 -5.687 -5.59 -18.125 -5 -5.864 -6 -4.676 -4.676 -6 -5.864
4 16 -3.25 -14.375 -2.569 -2.593 -14.375 -3.23 -2.747 0 -3.101 -3.409 0 -2.353
3 16 6.191 -18.125 -4.233 5.59 -18.125 -5 5.864 -6 -4.676
4 16 -6.687 -18.125 -3.395 -7.071 -18.125 -2.5 -7.312 -6 -1.669 -6.757 -6 -3.254
3 16 7.5 -6 0 7.071 -18.125 -2.5 7.312 -6 -1.669
3 16 6.924 -26.3 -2.882 6.388 -25.986 -3.93 6.557 -25.625 -3.64
3 16 6.924 -26.3 -2.882 6.557 -25.625 -3.64 6.838 -25.625 -3.081
3 16 7.071 -25.625 -2.5 6.924 -26.3 -2.882 6.838 -25.625 -3.081
3 16 7.288 -26.634 -1.77 6.924 -26.3 -2.882 7.071 -25.625 -2.5
3 16 7.288 -26.634 -1.77 7.071 -25.625 -2.5 7.071 -18.125 -2.5
3 16 7.5 -27.184 0.062 7.288 -26.634 -1.77 7.071 -18.125 -2.5
3 16 7.5 -27.184 0.062 7.071 -18.125 -2.5 7.5 -6 0
4 16 -7.312 -6 1.669 -7.5 -6 0 -7.5 -27.184 0.062 -7.258 -27.732 1.891
4 16 -4.112 -27.017 -0.499 -4.112 0 -0.499 -4.112 0 0.499 -4.112 -27.318 0.499
4 16 4.112 -27.318 0.499 4.112 -27.017 -0.499 -3.873 -26.725 -1.469 -4.112 -27.017 -0.499
4 16 -0.991 -28.25 4.022 -0.991 0 4.022 0 0 4.142 0 -28.25 4.142
3 16 2.853 -28.25 6.936 3.981 -28.25 6.356 3.254 -6 6.757
4 16 1.669 -6 7.312 0 -6 7.5 0 -28.25 7.5 1.488 -28.25 7.351
4 16 -0.991 -28.25 4.022 -1.925 -28.25 3.668 -1.925 0 3.668 -0.991 0 4.022
3 16 6.231 -25.625 -4.175 6.557 -25.625 -3.64 6.388 -25.986 -3.93
3 16 -6.557 -25.625 -3.64 -6.231 -25.625 -4.175 -6.388 -25.986 -3.93
3 16 8.25 -18.125 -9.259 5.59 -18.125 -5 6.191 -18.125 -4.233
3 16 6.687 -18.125 -3.395 8.25 -18.125 -9.259 6.191 -18.125 -4.233
3 16 8.25 -18.125 -2.5 6.687 -18.125 -3.395 7.071 -18.125 -2.5
3 16 8.25 -18.125 -2.5 8.25 -18.125 -9.259 6.687 -18.125 -3.395
3 16 -5.59 -18.125 -5 -8.25 -18.125 -9.259 -6.191 -18.125 -4.233
3 16 -8.25 -18.125 -9.259 -6.687 -18.125 -3.395 -6.191 -18.125 -4.233
3 16 -6.687 -18.125 -3.395 -8.25 -18.125 -2.5 -7.071 -18.125 -2.5
3 16 -8.25 -18.125 -9.259 -8.25 -18.125 -2.5 -6.687 -18.125 -3.395
4 16 0 -6 6.642 1.59 -6 6.449 1.59 0 6.449 0 0 6.642
4 16 -6.594 -6 0.801 -6.211 -6 2.355 -6.211 0 2.355 -6.594 0 0.801
4 16 3.087 0 -5.882 4.405 0 -4.972 4.405 -6 -4.972 3.087 -6 -5.882
3 16 3.25 -18.125 -7.5 3.25 -18.125 -9.259 3.25 -20.625 -7.564
3 16 3.25 -22.021 -2.757 3.25 -14.375 -2.569 3.25 -21.553 -3.056
4 16 1.59 0 -6.449 3.087 0 -5.882 3.087 -6 -5.882 1.59 -6 -6.449
4 16 -3.25 -25.175 -7.5 -3.25 -23.125 -7.5 -5.75 -23.125 -7.5 -5.75 -25.175 -7.5
4 16 -1.59 -6 -6.449 -3.087 -6 -5.882 -3.087 0 -5.882 -1.59 0 -6.449
4 16 5.467 0 3.773 4.405 0 4.972 4.405 -6 4.972 5.467 -6 3.773
4 16 6.211 -6 -2.355 5.467 -6 -3.773 5.467 0 -3.773 6.211 0 -2.355
3 16 3.25 -20.687 -4.448 3.25 -20.869 -3.923 3.25 -14.375 -2.569
4 16 -6.211 -6 2.355 -5.467 -6 3.773 -5.467 0 3.773 -6.211 0 2.355
4 16 -1.679 -28.25 7.31 0 -28.25 7.5 0 -6 7.5 -1.669 -6 7.312
4 16 -4.405 -6 4.972 -3.087 -6 5.882 -3.087 0 5.882 -4.405 0 4.972
4 16 6.594 0 0.801 6.211 0 2.355 6.211 -6 2.355 6.594 -6 0.801
3 16 -3.25 -14.375 -2.569 -3.25 -22.543 -2.569 -3.25 -22.021 -2.757
4 16 -6.594 -6 -0.801 -6.594 -6 0.801 -6.594 0 0.801 -6.594 0 -0.801
4 16 3.087 -6 5.882 4.405 -6 4.972 4.405 0 4.972 3.087 0 5.882
4 16 -3.087 -6 5.882 -1.59 -6 6.449 -1.59 0 6.449 -3.087 0 5.882
4 16 -6.211 -6 -2.355 -6.594 -6 -0.801 -6.594 0 -0.801 -6.211 0 -2.355
4 16 5.467 -6 3.773 6.211 -6 2.355 6.211 0 2.355 5.467 0 3.773
4 16 -3.25 -18.125 -6.759 -3.25 -20.813 -5.951 -3.25 -20.625 -7.564 -3.25 -18.125 -7.5
3 16 -3.25 -14.375 -2.569 -3.25 -18.125 -6.759 -3.25 -14.375 -6.759
4 16 -4.405 -6 -4.972 -5.467 -6 -3.773 -5.467 0 -3.773 -4.405 0 -4.972
4 16 -1.59 0 -6.449 0 0 -6.642 0 -6 -6.642 -1.59 -6 -6.449
4 16 0 0 6.642 -1.59 0 6.449 -1.59 -6 6.449 0 -6 6.642
4 16 -3.25 -20.625 -7.564 -3.25 -20.625 -10.585 3.25 -20.625 -10.585 3.25 -20.625 -7.564
4 16 1.59 -6 6.449 3.087 -6 5.882 3.087 0 5.882 1.59 0 6.449
4 16 4.405 -6 4.972 4.676 -6 5.864 5.864 -6 4.676 5.467 -6 3.773
4 16 -6.757 -6 -3.254 -6.211 -6 -2.355 -5.467 -6 -3.773 -5.864 -6 -4.676
4 16 3.087 -6 5.882 3.254 -6 6.757 4.676 -6 5.864 4.405 -6 4.972
3 16 6.757 -6 -3.254 6.211 -6 -2.355 7.312 -6 -1.669
4 16 1.59 -6 6.449 1.669 -6 7.312 3.254 -6 6.757 3.087 -6 5.882
3 16 7.312 -6 -1.669 6.594 -6 -0.801 7.5 -6 0
3 16 6.211 -6 -2.355 6.594 -6 -0.801 7.312 -6 -1.669
4 16 -1.669 -6 -7.312 -1.59 -6 -6.449 0 -6 -6.642 0 -6 -7.5
3 16 6.594 -6 -0.801 6.594 -6 0.801 7.5 -6 0
3 16 6.594 -6 0.801 7.312 -6 1.669 7.5 -6 0
4 16 0 -6 6.642 0 -6 7.5 1.669 -6 7.312 1.59 -6 6.449
3 16 6.594 -6 0.801 6.211 -6 2.355 7.312 -6 1.669
3 16 6.211 -6 2.355 6.757 -6 3.254 7.312 -6 1.669
4 16 1.59 -6 -6.449 3.087 -6 -5.882 3.254 -6 -6.757 1.669 -6 -7.312
4 16 3.087 -6 -5.882 4.405 -6 -4.972 4.676 -6 -5.864 3.254 -6 -6.757
4 16 -5.864 -6 -4.676 -5.467 -6 -3.773 -4.405 -6 -4.972 -4.676 -6 -5.864
4 16 6.533 -6 13.75 -6.533 -6 13.75 -7.778 -6 16.25 7.778 -6 16.25
4 16 8.574 -6 -17.48 9.76 -6 -20.5 -9.76 -6 -20.5 -8.574 -6 -17.48
4 16 -6.757 -6 3.254 -5.864 -6 4.676 -5.467 -6 3.773 -6.211 -6 2.355
4 16 -3.254 -6 6.757 -1.669 -6 7.312 -1.59 -6 6.449 -3.087 -6 5.882
3 16 -6.757 -6 -3.254 -7.312 -6 -1.669 -6.211 -6 -2.355
3 16 -7.312 -6 -1.669 -6.594 -6 -0.801 -6.211 -6 -2.355
4 16 -1.59 -6 6.449 -1.669 -6 7.312 0 -6 7.5 0 -6 6.642
3 16 -7.312 -6 -1.669 -7.5 -6 0 -6.594 -6 -0.801
3 16 -6.594 -6 -0.801 -7.5 -6 0 -6.594 -6 0.801
3 16 -6.594 -6 0.801 -7.312 -6 1.669 -6.211 -6 2.355
3 16 -7.5 -6 0 -7.312 -6 1.669 -6.594 -6 0.801
4 16 9.76 -6 -20.5 9.863 -28.138 -5.458 5.75 -25.175 -7.5 3.25 -20.625 -10.585
4 16 5.467 -6 3.773 5.864 -6 4.676 6.757 -6 3.254 6.211 -6 2.355
3 16 -7.312 -6 1.669 -6.757 -6 3.254 -6.211 -6 2.355
4 16 -4.676 -6 -5.864 -4.405 -6 -4.972 -3.087 -6 -5.882 -3.254 -6 -6.757
4 16 4.405 -6 -4.972 5.467 -6 -3.773 5.864 -6 -4.676 4.676 -6 -5.864
4 16 -5.467 -6 3.773 -4.405 -6 4.972 -4.405 0 4.972 -5.467 0 3.773
3 16 3.873 -26.617 -1.469 -3.25 -26.415 -2.5 -3.409 -26.455 -2.353
3 16 4.112 -27.017 -0.499 3.873 -26.617 -1.469 -3.409 -26.455 -2.353
4 16 -3.873 -26.725 -1.469 -3.409 -26.455 -2.353 -3.409 0 -2.353 -3.873 0 -1.469
4 16 3.25 -26.415 -2.5 5.75 -29.025 -2.5 -5.75 -29.025 -2.5 -3.25 -26.415 -2.5
4 16 9.863 -28.138 -5.458 8.961 -30.75 3.25 5.75 -29.025 -2.5 5.75 -28.125 -5.5
4 16 -9.863 -28.138 -5.458 -5.75 -28.125 -5.5 -5.75 -29.025 -2.5 -8.961 -30.75 3.25
3 16 -5.581 -28.25 10.684 5.581 -28.25 10.684 0 -28.25 7.5
3 16 -5.581 -28.25 10.684 0 -28.25 7.5 -1.679 -28.25 7.31
3 16 -5.581 -28.25 10.684 -1.679 -28.25 7.31 -3.273 -28.25 6.748
3 16 -5.581 -28.25 10.684 -3.273 -28.25 6.748 -4.387 -28.25 6.083
3 16 -5.581 -28.25 10.684 -4.387 -28.25 6.083 -5.349 -28.25 5.257
3 16 -5.581 -28.25 10.684 -5.349 -28.25 5.257 -7.179 -28.25 8.617
3 16 -7.179 -28.25 8.617 -6.57 -28.25 3.617 -7.179 -28.25 3.617
3 16 -7.179 -28.25 8.617 -6.016 -28.25 4.479 -6.57 -28.25 3.617
3 16 -7.179 -28.25 8.617 -5.349 -28.25 5.257 -6.016 -28.25 4.479
3 16 7.179 -28.25 8.617 7.179 -28.25 3.617 6.57 -28.25 3.617
3 16 7.179 -28.25 8.617 6.57 -28.25 3.617 5.594 -28.25 4.996
3 16 7.179 -28.25 8.617 5.594 -28.25 4.996 4.835 -28.25 5.733
3 16 5.581 -28.25 10.684 7.179 -28.25 8.617 4.835 -28.25 5.733
3 16 5.581 -28.25 10.684 1.488 -28.25 7.351 0 -28.25 7.5
3 16 5.581 -28.25 10.684 2.853 -28.25 6.936 1.488 -28.25 7.351
3 16 5.581 -28.25 10.684 3.981 -28.25 6.356 2.853 -28.25 6.936
3 16 5.581 -28.25 10.684 4.835 -28.25 5.733 3.981 -28.25 6.356
2 24 5.75 -28.125 -5.5 5.75 -25.175 -7.5
2 24 -5.75 -20.643 -5.301 -5.75 -20.643 -4.699
2 24 -7.5 -6 0 -7.312 -6 1.669
5 24 -17.5 -6 3.75 -7.176 -30.75 12.25 -8.961 -30.75 9.937 -7.778 -6 16.25
2 24 -3.25 -25.175 -7.5 -3.25 -20.625 -10.585
2 24 5.75 -22.527 -2.573 5.75 -21.963 -2.786
5 24 8.961 -30.75 3.25 17.5 -6 3.75 8.961 -30.75 9.937 9.863 -28.138 -5.458
2 24 -1.59 -6 6.449 0 -6 6.642
2 24 8.25 -24.407 -5 8.25 -18.125 -9.259
2 24 2.747 0 3.101 3.409 0 2.353
2 24 0 -6 -7.5 1.669 -6 -7.312
5 24 -3.873 -27.606 1.469 -3.873 0 1.469 -4.112 -27.318 0.499 -3.409 -27.871 2.353
2 24 -17.5 -6 -9 -9.863 -28.138 -5.458
2 24 0 0 -6.642 1.59 0 -6.449
2 24 5.581 -28.25 10.684 7.179 -28.25 8.617
2 24 8.25 -25.146 -4.499 8.64 -24.017 -5.265
2 24 -7.176 -30.75 12.25 7.176 -30.75 12.25
2 24 -3.25 -20.625 -7.564 -3.25 -18.125 -9.259
2 24 3.981 -28.25 6.356 4.835 -28.25 5.733
5 24 3.25 -23.125 -2.5 5.75 -23.125 -2.5 3.25 -22.543 -2.569 3.25 -26.415 -2.5
2 24 3.254 -6 6.757 4.676 -6 5.864
5 24 7.5 -27.184 0.062 7.96 -25.986 -3.93 7.179 -28.25 3.617 7.288 -26.634 -1.77
2 24 -5.75 -22.527 -2.573 -5.75 -21.963 -2.786
5 24 7.5 -27.184 0.062 7.5 -6 0 7.258 -27.732 1.891 7.071 -18.125 -2.5
2 24 0 -6 -6.642 1.59 -6 -6.449
2 24 2.853 -28.25 6.936 3.981 -28.25 6.356
5 24 -6.211 0 -2.355 -3.873 0 -1.469 -6.594 0 -0.801 -5.467 0 -3.773
2 24 -0.926 -14.375 -4.038 0 -14.375 -4.142
2 24 0 -14.375 -7.5 1.116 -14.375 -7.416
5 24 7.179 -28.25 3.617 8.25 -25.146 -2.5 14.855 -6 3.05 8.085 -25.625 -2.5
2 24 5.75 -21.963 -7.214 5.75 -21.467 -6.871
2 24 8.64 -24.017 -5.265 14.855 -6 -8.147
2 24 -3.873 -27.606 1.469 -3.409 -27.871 2.353
5 24 3.25 -22.561 -7.435 5.75 -22.527 -7.427 3.25 -22.026 -7.245 3.25 -23.125 -7.5
2 24 8.961 -30.75 9.937 17.5 -6 3.75
2 24 -5.75 -21.963 -7.214 -5.75 -21.467 -6.871
2 24 -3.25 -14.375 -6.759 -2.208 -14.375 -7.168
5 24 3.25 -14.375 -2.569 3.873 -26.617 -1.469 3.25 -23.125 -2.5 3.873 0 -1.469
5 24 4.405 -6 -4.972 4.405 0 -4.972 5.467 -6 -3.773 3.087 -6 -5.882
2 24 6.533 -6 13.75 14.855 -6 3.05
2 24 -5.75 -21.067 -3.58 -5.75 -20.788 -4.113
5 24 3.25 -20.625 -10.585 9.76 -6 -20.5 -3.25 -20.625 -10.585 5.75 -25.175 -7.5
2 24 -4.112 0 -0.499 -3.873 0 -1.469
2 24 -1.59 0 6.449 0 0 6.642
5 24 -3.409 -27.871 2.353 3.409 -27.871 2.353 -2.747 -28.086 3.101 -3.873 -27.606 1.469
2 24 7.071 -18.125 -2.5 8.25 -18.125 -2.5
2 24 6.388 -25.986 -3.93 7.96 -25.986 -3.93
2 24 6.687 -18.125 -3.395 7.071 -18.125 -2.5
5 24 3.25 -14.375 -2.569 3.873 0 -1.469 3.409 0 -2.353 3.873 -26.617 -1.469
2 24 -6.594 -6 -0.801 -6.594 -6 0.801
5 24 -5.864 -6 -4.676 -5.59 -18.125 -5 -6.191 -18.125 -4.233 -4.676 -6 -5.864
2 24 2.747 -28.086 3.101 3.409 -27.871 2.353
5 24 7.071 -18.125 -2.5 7.5 -6 0 7.312 -6 -1.669 7.5 -27.184 0.062
2 24 -7.071 -25.625 -2.5 -7.071 -18.125 -2.5
2 24 3.087 -6 5.882 4.405 -6 4.972
2 24 5.75 -21.067 -6.42 5.75 -20.788 -5.887
5 24 -3.409 -26.455 -2.353 -3.25 -14.375 -2.569 -3.409 0 -2.353 -3.25 -23.125 -2.5
2 24 1.488 -28.25 7.351 2.853 -28.25 6.936
5 24 1.669 -6 -7.312 2.208 -14.375 -7.168 3.254 -6 -6.757 1.116 -14.375 -7.416
2 24 -8.25 -18.125 -9.259 -3.25 -18.125 -9.259
2 24 -3.25 -25.175 -7.5 -3.25 -23.125 -7.5
2 24 7.179 -28.25 3.617 7.179 -28.25 8.617
2 24 7.071 -25.625 -2.5 7.071 -18.125 -2.5
5 24 1.925 -28.25 3.668 1.925 0 3.668 0.991 -28.25 4.022 2.747 -28.086 3.101
5 24 -4.676 -6 5.864 -4.387 -28.25 6.083 -5.864 -6 4.676 -3.254 -6 6.757
5 24 -0.991 0 -4.022 -0.926 -14.375 -4.038 0 0 -4.142 -1.925 0 -3.668
5 24 0 0 -4.142 0 -14.375 -4.142 -0.991 0 -4.022 0.991 0 -4.022
5 24 3.254 -6 6.757 3.981 -28.25 6.356 4.676 -6 5.864 2.853 -28.25 6.936
2 24 7.778 -6 16.25 17.5 -6 3.75
5 24 -3.273 -28.25 6.748 -3.254 -6 6.757 -1.679 -28.25 7.31 -4.387 -28.25 6.083
2 24 7.179 -28.25 3.617 7.96 -25.986 -3.93
2 24 3.25 -22.543 -2.569 3.25 -22.021 -2.757
5 24 -5.75 -22.527 -2.573 -3.25 -22.543 -2.569 -5.75 -23.125 -2.5 -5.75 -21.963 -2.786
2 24 -4.405 -6 4.972 -3.087 -6 5.882
2 24 -3.273 -28.25 6.748 -1.679 -28.25 7.31
2 24 7.071 -25.625 -2.5 8.085 -25.625 -2.5
2 24 5.75 -21.467 -3.129 5.75 -21.067 -3.58
5 24 -4.889 -18.125 -5.687 -4.676 -6 -5.864 -4.105 -18.125 -6.277 -5.59 -18.125 -5
2 24 -3.25 -20.625 -7.564 3.25 -20.625 -7.564
5 24 3.25 -21.553 -3.056 5.75 -21.467 -3.129 3.25 -22.021 -2.757 3.25 -21.162 -3.451
2 24 3.25 -18.125 -6.759 4.105 -18.125 -6.277
2 24 -3.25 -20.625 -10.585 3.25 -20.625 -10.585
2 24 5.75 -20.788 -4.113 5.75 -20.643 -4.699
5 24 -8.574 -6 -17.48 -8.25 -18.125 -9.259 -3.25 -18.125 -9.259 -8.64 -24.017 -5.265
2 24 -3.25 -20.672 -5.485 -3.25 -20.625 -5
2 24 7.312 -6 1.669 7.5 -6 0
2 24 2.747 0 -3.101 3.409 0 -2.353
2 24 6.757 -6 -3.254 7.312 -6 -1.669
2 24 -7.96 -25.986 -3.93 -7.179 -28.25 3.617
2 24 -4.105 -18.125 -6.277 -3.25 -18.125 -6.759
5 24 6.924 -26.3 -2.882 7.96 -25.986 -3.93 6.388 -25.986 -3.93 7.288 -26.634 -1.77
2 24 -4.889 -18.125 -5.687 -4.105 -18.125 -6.277
5 24 8.25 -24.407 -5 8.64 -24.017 -5.265 8.25 -18.125 -9.259 8.25 -25.146 -4.499
2 24 -6.57 -28.25 3.617 -6.016 -28.25 4.479
2 24 1.669 -6 7.312 3.254 -6 6.757
5 24 6.594 -6 -0.801 6.594 0 -0.801 6.594 -6 0.801 6.211 -6 -2.355
5 24 -7.5 -6 0 -7.5 -27.184 0.062 -7.071 -18.125 -2.5 -7.312 -6 1.669
2 24 -5.75 -25.175 -7.5 -5.75 -23.125 -7.5
5 24 7.258 -27.732 1.891 7.312 -6 1.669 7.5 -27.184 0.062 6.57 -28.25 3.617
2 24 -5.75 -23.125 -2.5 -5.75 -22.527 -2.573
2 24 -3.087 0 -5.882 -1.59 0 -6.449
5 24 3.25 -22.021 -2.757 5.75 -21.963 -2.786 3.25 -21.553 -3.056 3.25 -22.543 -2.569
5 24 -5.75 -21.963 -7.214 -3.25 -22.026 -7.245 -5.75 -22.527 -7.427 -5.75 -21.467 -6.871
2 24 5.318 -22.5 16.25 7.778 -6 16.25
2 24 3.25 -22.026 -7.245 3.25 -21.467 -6.871
2 24 3.25 -26.415 -2.5 3.873 -26.617 -1.469
2 24 8.574 -6 -17.48 8.64 -24.017 -5.265
2 24 3.873 -26.617 -1.469 4.112 -27.017 -0.499
5 24 2.747 -28.086 3.101 2.747 0 3.101 3.409 -27.871 2.353 1.925 -28.25 3.668
2 24 -3.873 0 1.469 -3.409 0 2.353
2 24 3.25 -23.125 -2.5 3.25 -22.543 -2.569
5 24 -6.016 -28.25 4.479 -5.864 -6 4.676 -6.57 -28.25 3.617 -5.349 -28.25 5.257
5 24 0 -6 -6.642 0 0 -6.642 1.59 -6 -6.449 -1.59 -6 -6.449
2 24 1.925 -28.25 3.668 2.747 -28.086 3.101
5 24 0.991 -28.25 4.022 0.991 0 4.022 0 -28.25 4.142 1.925 -28.25 3.668
5 24 -5.75 -21.067 -3.58 -3.25 -21.162 -3.451 -5.75 -20.788 -4.113 -5.75 -21.467 -3.129
2 24 -7.179 -28.25 8.617 -5.581 -28.25 10.684
5 24 3.25 -23.125 -2.5 3.873 -26.617 -1.469 3.25 -26.415 -2.5 3.25 -14.375 -2.569
5 24 -6.191 -18.125 -4.233 -5.864 -6 -4.676 -6.687 -18.125 -3.395 -5.59 -18.125 -5
5 24 -5.75 -21.467 -3.129 -3.25 -21.553 -3.056 -5.75 -21.963 -2.786 -5.75 -21.067 -3.58
2 24 -7.071 -25.625 -2.5 -6.838 -25.625 -3.081
2 24 7.176 -30.75 12.25 8.961 -30.75 9.937
5 24 -5.75 -23.125 -7.5 -3.25 -23.125 -7.5 -5.75 -22.527 -7.427 -5.75 -25.175 -7.5
5 24 3.409 -27.871 2.353 3.409 0 2.353 2.747 -28.086 3.101 3.873 -27.606 1.469
5 24 1.925 0 3.668 3.087 0 5.882 2.747 0 3.101 0.991 0 4.022
5 24 -7.96 -25.986 -3.93 -7.288 -26.634 -1.77 -6.924 -26.3 -2.882 -7.5 -27.184 0.062
5 24 -1.59 0 6.449 -0.991 0 4.022 -3.087 0 5.882 0 0 6.642
5 24 -3.409 -26.455 -2.353 -3.25 -23.125 -2.5 -3.25 -14.375 -2.569 -3.25 -26.415 -2.5
5 24 1.925 0 -3.668 3.087 0 -5.882 2.747 0 -3.101 0.991 0 -4.022
5 24 -5.75 -22.527 -7.427 -3.25 -22.561 -7.435 -5.75 -23.125 -7.5 -5.75 -21.963 -7.214
2 24 4.105 -18.125 -6.277 4.889 -18.125 -5.687
2 24 4.112 -27.318 0.499 4.112 -27.017 -0.499
2 24 -4.405 0 -4.972 -3.087 0 -5.882
2 24 -6.016 -28.25 4.479 -5.349 -28.25 5.257
2 24 5.75 -22.527 -7.427 5.75 -21.963 -7.214
2 24 -3.25 -22.021 -2.757 -3.25 -21.553 -3.056
2 24 -7.5 -6 0 -7.312 -6 -1.669
2 24 -5.75 -21.067 -6.42 -5.75 -20.788 -5.887
2 24 -6.594 -6 0.801 -6.211 -6 2.355
5 24 6.388 -25.986 -3.93 6.557 -25.625 -3.64 6.924 -26.3 -2.882 6.231 -25.625 -4.175
2 24 2.593 -14.375 -3.23 3.25 -14.375 -2.569
2 24 -6.594 0 0.801 -6.211 0 2.355
5 24 3.25 -23.125 -7.5 5.75 -23.125 -7.5 3.25 -25.175 -7.5 3.25 -22.561 -7.435
5 24 -7.5 -6 0 -7.071 -18.125 -2.5 -7.5 -27.184 0.062 -7.312 -6 -1.669
5 24 3.25 -20.687 -4.448 5.75 -20.643 -4.699 3.25 -20.869 -3.923 3.25 -20.625 -5
5 24 6.687 -18.125 -3.395 6.757 -6 -3.254 7.071 -18.125 -2.5 6.191 -18.125 -4.233
2 24 -1.116 -14.375 -7.416 0 -14.375 -7.5
2 24 -5.467 0 -3.773 -4.405 0 -4.972
2 24 3.25 -26.415 -2.5 3.25 -23.125 -2.5
2 24 -5.75 -29.025 -2.5 5.75 -29.025 -2.5
5 24 3.25 -21.041 -6.381 5.75 -21.067 -6.42 3.25 -21.467 -6.871 3.25 -20.813 -5.951
5 24 6.211 0 -2.355 6.211 -6 -2.355 6.594 0 -0.801 5.467 0 -3.773
5 24 -0.991 -28.25 4.022 -0.991 0 4.022 0 -28.25 4.142 -1.925 -28.25 3.668
5 24 -8.961 -30.75 3.25 8.961 -30.75 3.25 -5.75 -29.025 -2.5 -7.176 -30.75 12.25
5 24 6.838 -25.625 -3.081 6.924 -26.3 -2.882 6.557 -25.625 -3.64 7.071 -25.625 -2.5
5 24 6.924 -26.3 -2.882 7.071 -25.625 -2.5 6.838 -25.625 -3.081 7.288 -26.634 -1.77
2 24 -2.747 -28.086 3.101 -1.925 -28.25 3.668
5 24 -6.594 -6 -0.801 -6.594 0 -0.801 -6.594 -6 0.801 -6.211 -6 -2.355
5 24 -1.59 -6 6.449 -1.59 0 6.449 -3.087 -6 5.882 0 -6 6.642
2 24 -14.855 -6 -8.147 -14.855 -6 3.05
5 24 -3.873 -26.725 -1.469 4.112 -27.017 -0.499 -3.409 -26.455 -2.353 -4.112 -27.017 -0.499
2 24 5.59 -18.125 -5 6.191 -18.125 -4.233
2 24 9.76 -6 -20.5 9.863 -28.138 -5.458
2 24 -3.25 -20.687 -4.448 -3.25 -20.625 -5
2 24 5.467 0 3.773 6.211 0 2.355
2 24 -6.687 -18.125 -3.395 -6.191 -18.125 -4.233
2 24 -5.75 -21.467 -3.129 -5.75 -21.067 -3.58
2 24 4.405 -6 -4.972 5.467 -6 -3.773
2 24 -3.25 -26.415 -2.5 3.25 -26.415 -2.5
5 24 5.467 -6 3.773 5.467 0 3.773 4.405 -6 4.972 6.211 -6 2.355
2 24 3.25 -20.625 -10.585 3.25 -20.625 -7.564
2 24 4.112 0 -0.499 4.112 0 0.499
5 24 -5.467 0 3.773 -3.409 0 2.353 -4.405 0 4.972 -6.211 0 2.355
2 24 -8.25 -24.407 -5 -8.25 -18.125 -9.259
5 24 -6.924 -26.3 -2.882 -6.557 -25.625 -3.64 -6.838 -25.625 -3.081 -6.388 -25.986 -3.93
2 24 -6.557 -25.625 -3.64 -6.231 -25.625 -4.175
5 24 -3.409 -26.455 -2.353 4.112 -27.017 -0.499 -3.873 -26.725 -1.469 3.873 -26.617 -1.469
2 24 -8.25 -18.125 -2.5 -7.071 -18.125 -2.5
2 24 8.085 -25.625 -2.5 8.25 -25.146 -2.5
2 24 5.467 -6 -3.773 6.211 -6 -2.355
2 24 -5.75 -29.025 -2.5 -5.75 -28.125 -5.5
5 24 -7.258 -27.732 1.891 -7.179 -28.25 3.617 -6.57 -28.25 3.617 -7.5 -27.184 0.062
5 24 -2.208 -14.375 -7.168 -1.669 -6 -7.312 -3.25 -14.375 -6.759 -1.116 -14.375 -7.416
5 24 4.156 -21.926 13.75 7.179 -28.25 8.617 5.581 -28.25 10.684 6.533 -6 13.75
2 24 3.25 -20.625 -7.564 3.25 -18.125 -9.259
2 24 17.5 -6 -9 17.5 -6 3.75
2 24 -14.855 -6 -8.147 -8.64 -24.017 -5.265
5 24 3.25 -20.625 -10.585 5.75 -25.175 -7.5 3.25 -25.175 -7.5 9.76 -6 -20.5
2 24 8.574 -6 -17.48 14.855 -6 -8.147
5 24 -4.105 -18.125 -6.277 -3.25 -14.375 -6.759 -4.676 -6 -5.864 -3.25 -18.125 -6.759
5 24 7.179 -28.25 3.617 8.085 -25.625 -2.5 8.25 -25.146 -2.5 7.96 -25.986 -3.93
2 24 -7.5 -27.184 0.062 -7.288 -26.634 -1.77
2 24 -7.96 -25.986 -3.93 -6.388 -25.986 -3.93
5 24 -2.747 -28.086 3.101 3.409 -27.871 2.353 -3.409 -27.871 2.353 2.747 -28.086 3.101
2 24 -8.25 -25.146 -4.499 -8.25 -24.407 -5
2 24 3.25 -23.125 -2.5 3.25 -14.375 -2.569
2 24 5.467 -6 3.773 6.211 -6 2.355
5 24 -4.405 0 -4.972 -2.747 0 -3.101 -5.467 0 -3.773 -3.087 0 -5.882
2 24 -9.863 -28.138 -5.458 -8.961 -30.75 3.25
5 24 0 -6 6.642 0 0 6.642 1.59 -6 6.449 -1.59 -6 6.449
5 24 5.864 -6 -4.676 6.191 -18.125 -4.233 6.757 -6 -3.254 5.59 -18.125 -5
5 24 0.991 0 -4.022 1.59 0 -6.449 0 0 -4.142 1.925 0 -3.668
5 24 -5.75 -25.175 -7.5 -3.25 -20.625 -10.585 -3.25 -25.175 -7.5 -9.863 -28.138 -5.458
2 24 -3.25 -22.543 -2.569 -3.25 -22.021 -2.757
2 24 -2.208 -14.375 -7.168 -1.116 -14.375 -7.416
2 24 5.75 -29.025 -2.5 5.75 -28.125 -5.5
2 24 -8.085 -25.625 -2.5 -7.071 -25.625 -2.5
5 24 -7.288 -26.634 -1.77 -7.071 -18.125 -2.5 -7.5 -27.184 0.062 -7.071 -25.625 -2.5
2 24 -6.211 0 2.355 -5.467 0 3.773
2 24 8.25 -25.146 -4.499 8.25 -25.146 -2.5
2 24 -4.112 -27.017 -0.499 -3.873 -26.725 -1.469
5 24 0.991 0 4.022 1.59 0 6.449 0 0 4.142 1.925 0 3.668
2 24 0 -6 6.642 1.59 -6 6.449
2 24 -7.071 -18.125 -2.5 -6.687 -18.125 -3.395
5 24 -7.179 -28.25 3.617 -6.57 -28.25 3.617 -7.258 -27.732 1.891 -7.179 -28.25 8.617
2 24 1.925 0 -3.668 2.747 0 -3.101
2 24 6.757 -6 3.254 7.312 -6 1.669
5 24 -9.76 -6 -20.5 -3.25 -20.625 -10.585 -9.863 -28.138 -5.458 9.76 -6 -20.5
2 24 3.409 0 -2.353 3.873 0 -1.469
2 24 2.208 -14.375 -7.168 3.25 -14.375 -6.759
5 24 -7.5 -27.184 0.062 -7.179 -28.25 3.617 -7.96 -25.986 -3.93 -7.258 -27.732 1.891
5 24 -8.574 -6 -17.48 -3.25 -18.125 -9.259 -8.25 -18.125 -9.259 8.574 -6 -17.48
5 24 -2.747 0 -3.101 -2.593 -14.375 -3.23 -1.925 0 -3.668 -3.409 0 -2.353
5 24 -1.925 0 -3.668 -1.806 -14.375 -3.728 -2.747 0 -3.101 -0.991 0 -4.022
2 24 -7.288 -26.634 -1.77 -6.924 -26.3 -2.882
5 24 -3.087 -6 5.882 -3.087 0 5.882 -4.405 -6 4.972 -1.59 -6 6.449
2 24 -3.873 0 -1.469 -3.409 0 -2.353
2 24 1.806 -14.375 -3.728 2.593 -14.375 -3.23
5 24 -14.855 -6 3.05 -8.25 -25.146 -2.5 -14.855 -6 -8.147 -7.179 -28.25 3.617
5 24 3.873 0 -1.469 6.211 0 -2.355 3.409 0 -2.353 4.112 0 -0.499
5 24 -4.405 -6 -4.972 -4.405 0 -4.972 -3.087 -6 -5.882 -5.467 -6 -3.773
2 24 4.889 -18.125 -5.687 5.59 -18.125 -5
5 24 4.105 -18.125 -6.277 4.676 -6 -5.864 3.25 -14.375 -6.759 4.889 -18.125 -5.687
2 24 -14.855 -6 3.05 -6.533 -6 13.75
2 24 3.25 -25.175 -7.5 5.75 -25.175 -7.5
5 24 -5.75 -21.963 -2.786 -3.25 -22.021 -2.757 -5.75 -22.527 -2.573 -5.75 -21.467 -3.129
2 24 5.75 -21.467 -6.871 5.75 -21.067 -6.42
2 24 -0.991 0 -4.022 0 0 -4.142
5 24 -7.96 -25.986 -3.93 -6.924 -26.3 -2.882 -6.388 -25.986 -3.93 -7.288 -26.634 -1.77
5 24 -5.75 -20.788 -5.887 -3.25 -20.813 -5.951 -5.75 -21.067 -6.42 -5.75 -20.643 -5.301
2 24 -3.087 -6 -5.882 -1.59 -6 -6.449
5 24 -5.467 -6 3.773 -5.467 0 3.773 -6.211 -6 2.355 -4.405 -6 4.972
2 24 -5.75 -23.125 -7.5 -5.75 -22.527 -7.427
2 24 4.156 -21.926 13.75 6.533 -6 13.75
2 24 8.085 -25.625 -4.175 8.085 -25.625 -2.5
2 24 7.96 -25.986 -3.93 8.085 -25.625 -4.175
2 24 -8.25 -25.146 -4.499 -8.25 -25.146 -2.5
2 24 -4.112 0 0.499 -3.873 0 1.469
5 24 3.25 -22.543 -2.569 5.75 -22.527 -2.573 3.25 -22.021 -2.757 3.25 -23.125 -2.5
5 24 -1.925 -28.25 3.668 1.925 -28.25 3.668 -2.747 -28.086 3.101 0.991 -28.25 4.022
2 24 -5.864 -6 4.676 -4.676 -6 5.864
5 24 6.594 -6 0.801 6.594 0 0.801 6.594 -6 -0.801 6.211 -6 2.355
5 24 7.071 -18.125 -2.5 7.312 -6 -1.669 6.687 -18.125 -3.395 7.5 -6 0
5 24 2.593 -14.375 -3.23 2.747 0 -3.101 3.25 -14.375 -2.569 1.806 -14.375 -3.728
5 24 6.57 -28.25 3.617 6.757 -6 3.254 5.594 -28.25 4.996 7.258 -27.732 1.891
2 24 3.409 -27.871 2.353 3.873 -27.606 1.469
2 24 -1.669 -6 7.312 0 -6 7.5
5 24 -1.925 -28.25 3.668 -1.925 0 3.668 -2.747 -28.086 3.101 -0.991 -28.25 4.022
2 24 -5.75 -21.467 -6.871 -5.75 -21.067 -6.42
2 24 -6.191 -18.125 -4.233 -5.59 -18.125 -5
2 24 -9.76 -6 -20.5 9.76 -6 -20.5
5 24 5.75 -29.025 -2.5 8.961 -30.75 3.25 -5.75 -29.025 -2.5 5.75 -28.125 -5.5
2 24 7.258 -27.732 1.891 7.5 -27.184 0.062
2 24 -7.5 -27.184 0.062 -7.258 -27.732 1.891
2 24 0 0 -4.142 0.991 0 -4.022
2 24 4.156 -21.926 13.75 5.581 -28.25 10.684
2 24 5.75 -25.175 -7.5 5.75 -23.125 -7.5
5 24 -6.594 0 0.801 -4.112 0 0.499 -6.211 0 2.355 -6.594 0 -0.801
5 24 5.467 -6 -3.773 5.467 0 -3.773 4.405 -6 -4.972 6.211 -6 -2.355
5 24 -3.409 -26.455 -2.353 -3.409 0 -2.353 -3.25 -14.375 -2.569 -3.873 -26.725 -1.469
2 24 -14.855 -6 3.05 -7.179 -28.25 8.617
2 24 -3.254 -6 6.757 -1.669 -6 7.312
2 24 -6.594 0 -0.801 -6.594 0 0.801
2 24 -3.25 -20.869 -3.923 -3.25 -20.687 -4.448
5 24 1.59 -6 6.449 1.59 0 6.449 0 -6 6.642 3.087 -6 5.882
5 24 6.557 -25.625 -3.64 6.924 -26.3 -2.882 6.388 -25.986 -3.93 6.838 -25.625 -3.081
2 24 3.25 -21.553 -3.056 3.25 -21.162 -3.451
2 24 -8.085 -25.625 -4.175 -8.085 -25.625 -2.5
2 24 -3.25 -22.561 -7.435 -3.25 -22.026 -7.245
5 24 -8.961 -30.75 3.25 -5.75 -29.025 -2.5 8.961 -30.75 3.25 -9.863 -28.138 -5.458
5 24 6.57 -28.25 3.617 7.179 -28.25 3.617 7.258 -27.732 1.891 7.179 -28.25 8.617
2 24 3.087 0 -5.882 4.405 0 -4.972
2 24 -3.25 -20.813 -5.951 -3.25 -20.672 -5.485
5 24 4.676 -6 5.864 4.835 -28.25 5.733 3.254 -6 6.757 5.864 -6 4.676
2 24 3.873 -27.606 1.469 4.112 -27.318 0.499
2 24 5.75 -28.125 -5.5 9.863 -28.138 -5.458
2 24 -0.991 -28.25 4.022 0 -28.25 4.142
5 24 3.25 -21.162 -3.451 5.75 -21.067 -3.58 3.25 -20.869 -3.923 3.25 -21.553 -3.056
2 24 7.312 -6 -1.669 7.5 -6 0
5 24 -14.855 -6 3.05 -7.179 -28.25 3.617 -8.25 -25.146 -2.5 -7.179 -28.25 8.617
2 24 -6.757 -6 -3.254 -5.864 -6 -4.676
5 24 3.25 -14.375 -6.759 4.676 -6 -5.864 3.254 -6 -6.757 4.105 -18.125 -6.277
5 24 -6.211 0 2.355 -3.873 0 1.469 -6.594 0 0.801 -5.467 0 3.773
5 24 3.25 -18.125 -9.259 8.574 -6 -17.48 8.25 -18.125 -9.259 -3.25 -18.125 -9.259
5 24 7.071 -18.125 -2.5 7.288 -26.634 -1.77 7.071 -25.625 -2.5 7.5 -27.184 0.062
2 24 -3.25 -18.125 -7.5 -3.25 -18.125 -6.759
2 24 -4.387 -28.25 6.083 -3.273 -28.25 6.748
2 24 8.25 -18.125 -9.259 8.25 -18.125 -2.5
5 24 -4.112 -27.318 0.499 -4.112 0 0.499 -3.873 -27.606 1.469 -4.112 -27.017 -0.499
2 24 -1.806 -14.375 -3.728 -0.926 -14.375 -4.038
2 24 9.76 -6 -20.5 17.5 -6 -9
2 24 -3.409 -27.871 2.353 -2.747 -28.086 3.101
5 24 7.176 -30.75 12.25 17.5 -6 3.75 8.961 -30.75 9.937 5.318 -22.5 16.25
2 24 6.388 -25.986 -3.93 6.924 -26.3 -2.882
2 24 5.75 -20.788 -5.887 5.75 -20.643 -5.301
5 24 -3.409 0 -2.353 -3.25 -14.375 -2.569 -3.409 -26.455 -2.353 -2.747 0 -3.101
5 24 -8.64 -24.017 -5.265 -8.25 -24.407 -5 -8.25 -18.125 -9.259 -8.25 -25.146 -4.499
2 24 -3.25 -26.415 -2.5 -3.25 -23.125 -2.5
5 24 -5.75 -20.788 -4.113 -3.25 -20.869 -3.923 -5.75 -21.067 -3.58 -5.75 -20.643 -4.699
5 24 3.25 -21.467 -6.871 5.75 -21.467 -6.871 3.25 -22.026 -7.245 3.25 -21.041 -6.381
2 24 -2.747 0 3.101 -1.925 0 3.668
2 24 5.864 -6 4.676 6.757 -6 3.254
5 24 -4.112 -27.017 -0.499 4.112 -27.318 0.499 -4.112 -27.318 0.499 -3.873 -26.725 -1.469
2 24 1.925 0 3.668 2.747 0 3.101
5 24 8.25 -18.125 -9.259 8.574 -6 -17.48 8.64 -24.017 -5.265 3.25 -18.125 -9.259
2 24 5.75 -29.025 -2.5 5.75 -23.125 -2.5
2 24 -7.778 -6 16.25 7.778 -6 16.25
2 24 -17.5 -6 -9 -17.5 -6 3.75
5 24 -8.085 -25.625 -2.5 -7.96 -25.986 -3.93 -7.179 -28.25 3.617 -8.085 -25.625 -4.175
2 24 1.669 -6 -7.312 3.254 -6 -6.757
2 24 -8.64 -24.017 -5.265 -8.574 -6 -17.48
2 24 8.25 -25.146 -2.5 8.25 -18.125 -2.5
2 24 -1.59 0 -6.449 0 0 -6.642
5 24 3.409 0 -2.353 5.467 0 -3.773 3.873 0 -1.469 2.747 0 -3.101
5 24 -6.757 -6 3.254 -6.57 -28.25 3.617 -5.864 -6 4.676 -7.312 -6 1.669
2 24 -5.75 -20.788 -5.887 -5.75 -20.643 -5.301
2 24 -7.258 -27.732 1.891 -6.57 -28.25 3.617
5 24 -17.5 -6 3.75 -8.961 -30.75 3.25 -8.961 -30.75 9.937 -17.5 -6 -9
2 24 3.087 0 5.882 4.405 0 4.972
2 24 -6.211 -6 2.355 -5.467 -6 3.773
5 24 -3.409 -26.455 -2.353 3.873 -26.617 -1.469 -3.25 -26.415 -2.5 4.112 -27.017 -0.499
2 24 -3.25 -20.625 -10.585 -3.25 -20.625 -7.564
2 24 -9.863 -28.138 -5.458 -9.76 -6 -20.5
5 24 -7.96 -25.986 -3.93 -7.5 -27.184 0.062 -7.288 -26.634 -1.77 -7.179 -28.25 3.617
2 24 7.288 -26.634 -1.77 7.5 -27.184 0.062
5 24 7.96 -25.986 -3.93 8.085 -25.625 -2.5 8.085 -25.625 -4.175 7.179 -28.25 3.617
2 24 5.467 0 -3.773 6.211 0 -2.355
2 24 6.211 0 -2.355 6.594 0 -0.801
2 24 -1.669 -6 -7.312 0 -6 -7.5
2 24 6.231 -25.625 -4.175 6.557 -25.625 -3.64
5 24 4.112 0 0.499 6.594 0 0.801 3.873 0 1.469 4.112 0 -0.499
5 24 -6.594 0 -0.801 -4.112 0 -0.499 -6.211 0 -2.355 -6.594 0 0.801
5 24 1.116 -14.375 -7.416 1.669 -6 -7.312 0 -14.375 -7.5 2.208 -14.375 -7.168
5 24 8.25 -18.125 -9.259 8.64 -24.017 -5.265 8.574 -6 -17.48 8.25 -24.407 -5
5 24 4.112 -27.318 0.499 4.112 0 0.499 3.873 -27.606 1.469 4.112 -27.017 -0.499
5 24 -1.59 -6 -6.449 -1.59 0 -6.449 -3.087 -6 -5.882 0 -6 -6.642
5 24 2.747 0 3.101 4.405 0 4.972 3.409 0 2.353 1.925 0 3.668
5 24 -6.757 -6 -3.254 -6.687 -18.125 -3.395 -5.864 -6 -4.676 -7.312 -6 -1.669
5 24 -5.75 -20.643 -4.699 -3.25 -20.625 -5 -3.25 -20.687 -4.448 -5.75 -20.643 -5.301
2 24 -3.409 -26.455 -2.353 -3.25 -26.415 -2.5
2 24 3.25 -18.125 -7.5 3.25 -18.125 -6.759
2 24 3.087 -6 -5.882 4.405 -6 -4.972
2 24 3.25 -18.125 -6.759 3.25 -14.375 -6.759
5 24 0 -6 7.5 0 -28.25 7.5 1.669 -6 7.312 -1.669 -6 7.312
5 24 3.25 -20.625 -5 5.75 -20.643 -4.699 3.25 -20.687 -4.448 3.25 -20.672 -5.485
2 24 -6.211 0 -2.355 -5.467 0 -3.773
2 24 -8.961 -30.75 9.937 -7.176 -30.75 12.25
2 24 -3.254 -6 -6.757 -1.669 -6 -7.312
2 24 4.405 -6 4.972 5.467 -6 3.773
2 24 6.594 -6 -0.801 6.594 -6 0.801
2 24 0.991 0 4.022 1.925 0 3.668
2 24 6.231 -25.625 -4.175 8.085 -25.625 -4.175
5 24 4.405 -6 4.972 4.405 0 4.972 5.467 -6 3.773 3.087 -6 5.882
2 24 3.25 -20.813 -5.951 3.25 -20.672 -5.485
5 24 -4.156 -21.926 13.75 4.156 -21.926 13.75 -6.533 -6 13.75 -5.581 -28.25 10.684
5 24 -3.25 -18.125 -9.259 3.25 -18.125 -9.259 -3.25 -20.625 -7.564 -8.574 -6 -17.48
2 24 6.594 0 -0.801 6.594 0 0.801
5 24 -5.75 -23.125 -2.5 -3.25 -23.125 -2.5 -5.75 -29.025 -2.5 -5.75 -22.527 -2.573
2 24 -5.75 -28.125 -5.5 -5.75 -25.175 -7.5
2 24 6.211 -6 2.355 6.594 -6 0.801
2 24 -6.533 -6 13.75 -4.156 -21.926 13.75
2 24 0 -28.25 4.142 0.991 -28.25 4.022
2 24 5.75 -23.125 -7.5 5.75 -22.527 -7.427
5 24 1.59 0 -6.449 1.59 -6 -6.449 0 0 -6.642 3.087 0 -5.882
5 24 -6.594 -6 0.801 -6.594 0 0.801 -6.211 -6 2.355 -6.594 -6 -0.801
2 24 -6.924 -26.3 -2.882 -6.388 -25.986 -3.93
5 24 3.25 -20.813 -5.951 5.75 -20.788 -5.887 3.25 -20.672 -5.485 3.25 -21.041 -6.381
2 24 5.75 -21.963 -2.786 5.75 -21.467 -3.129
2 24 -8.64 -24.017 -5.265 -8.25 -25.146 -4.499
2 24 -0.991 0 4.022 0 0 4.142
5 24 -5.75 -21.067 -6.42 -3.25 -21.041 -6.381 -5.75 -20.788 -5.887 -5.75 -21.467 -6.871
2 24 0.991 0 -4.022 1.925 0 -3.668
2 24 9.863 -28.138 -5.458 17.5 -6 -9
2 24 -3.25 -18.125 -9.259 -3.25 -18.125 -7.5
2 24 -6.594 -6 -0.801 -6.211 -6 -2.355
5 24 -2.747 -28.086 3.101 -2.747 0 3.101 -3.409 -27.871 2.353 -1.925 -28.25 3.668
2 24 3.25 -18.125 -9.259 8.25 -18.125 -9.259
5 24 -3.873 -27.606 1.469 3.409 -27.871 2.353 -4.112 -27.318 0.499 -3.409 -27.871 2.353
2 24 -7.312 -6 -1.669 -6.757 -6 -3.254
5 24 -4.676 -6 -5.864 -3.25 -14.375 -6.759 -4.105 -18.125 -6.277 -3.254 -6 -6.757
2 24 -3.25 -23.125 -2.5 -3.25 -14.375 -2.569
2 24 -2.747 0 -3.101 -1.925 0 -3.668
2 24 -14.855 -6 -8.147 -8.574 -6 -17.48
5 24 4.112 -27.017 -0.499 4.112 0 -0.499 4.112 -27.318 0.499 3.873 -26.617 -1.469
5 24 -3.087 0 -5.882 -1.925 0 -3.668 -1.59 0 -6.449 -4.405 0 -4.972
2 24 0 -14.375 -4.142 0.926 -14.375 -4.038
5 24 -1.679 -28.25 7.31 -1.669 -6 7.312 -3.273 -28.25 6.748 0 -28.25 7.5
2 24 -6.757 -6 3.254 -5.864 -6 4.676
2 24 4.676 -6 -5.864 5.864 -6 -4.676
2 24 -5.59 -18.125 -5 -4.889 -18.125 -5.687
2 24 -5.75 -25.175 -7.5 -3.25 -25.175 -7.5
5 24 -6.211 -6 2.355 -6.211 0 2.355 -6.594 -6 0.801 -5.467 -6 3.773
2 24 4.676 -6 5.864 5.864 -6 4.676
5 24 -5.75 -20.643 -4.699 -3.25 -20.687 -4.448 -3.25 -20.625 -5 -5.75 -20.788 -4.113
2 24 3.25 -21.162 -3.451 3.25 -20.869 -3.923
2 24 -17.5 -6 -9 -9.76 -6 -20.5
5 24 4.676 -6 -5.864 4.889 -18.125 -5.687 5.864 -6 -4.676 4.105 -18.125 -6.277
5 24 7.179 -28.25 3.617 7.258 -27.732 1.891 6.57 -28.25 3.617 7.5 -27.184 0.062
2 24 -7.312 -6 1.669 -6.757 -6 3.254
2 24 0 0 6.642 1.59 0 6.449
5 24 3.25 -14.375 -6.759 4.105 -18.125 -6.277 3.25 -18.125 -6.759 4.676 -6 -5.864
5 24 7.179 -28.25 3.617 14.855 -6 3.05 8.25 -25.146 -2.5 7.179 -28.25 8.617
2 24 -4.676 -6 5.864 -3.254 -6 6.757
5 24 -7.312 -6 -1.669 -7.071 -18.125 -2.5 -7.5 -6 0 -6.757 -6 -3.254
2 24 6.191 -18.125 -4.233 6.687 -18.125 -3.395
2 24 -6.594 0 -0.801 -6.211 0 -2.355
2 24 3.25 -20.687 -4.448 3.25 -20.625 -5
2 24 -1.925 0 -3.668 -0.991 0 -4.022
2 24 1.59 0 -6.449 3.087 0 -5.882
5 24 -3.409 -27.871 2.353 -3.409 0 2.353 -2.747 -28.086 3.101 -3.873 -27.606 1.469
2 24 4.405 0 -4.972 5.467 0 -3.773
5 24 -6.924 -26.3 -2.882 -6.838 -25.625 -3.081 -7.071 -25.625 -2.5 -6.557 -25.625 -3.64
2 24 -5.75 -22.527 -7.427 -5.75 -21.963 -7.214
5 24 3.25 -20.672 -5.485 5.75 -20.643 -5.301 3.25 -20.813 -5.951 3.25 -20.625 -5
5 24 0 -6 -7.5 0 -14.375 -7.5 1.669 -6 -7.312 -1.669 -6 -7.312
2 24 5.75 -21.067 -3.58 5.75 -20.788 -4.113
2 24 8.25 -25.146 -4.499 8.25 -24.407 -5
5 24 3.873 0 1.469 6.211 0 2.355 4.112 0 0.499 3.409 0 2.353
5 24 3.25 -20.869 -3.923 5.75 -20.788 -4.113 3.25 -20.687 -4.448 3.25 -21.162 -3.451
2 24 -3.25 -21.467 -6.871 -3.25 -21.041 -6.381
2 24 3.409 0 2.353 3.873 0 1.469
2 24 -7.176 -30.75 12.25 -5.318 -22.5 16.25
5 24 -3.873 -26.725 -1.469 -3.873 0 -1.469 -4.112 0 -0.499 -3.409 -26.455 -2.353
5 24 -6.557 -25.625 -3.64 -6.388 -25.986 -3.93 -6.924 -26.3 -2.882 -6.231 -25.625 -4.175
5 24 -4.405 -6 4.972 -4.405 0 4.972 -3.087 -6 5.882 -5.467 -6 3.773
2 24 1.59 -6 6.449 3.087 -6 5.882
5 24 -3.087 -6 -5.882 -3.087 0 -5.882 -4.405 -6 -4.972 -1.59 -6 -6.449
5 24 -4.405 0 4.972 -2.747 0 3.101 -3.087 0 5.882 -5.467 0 3.773
5 24 -5.75 -20.643 -5.301 -3.25 -20.672 -5.485 -5.75 -20.643 -4.699 -5.75 -20.788 -5.887
2 24 -5.581 -28.25 10.684 -4.156 -21.926 13.75
5 24 3.873 -27.606 1.469 3.873 0 1.469 3.409 -27.871 2.353 4.112 -27.318 0.499
5 24 -3.254 -6 -6.757 -3.25 -14.375 -6.759 -1.669 -6 -7.312 -4.676 -6 -5.864
5 24 3.087 -6 5.882 3.087 0 5.882 4.405 -6 4.972 1.59 -6 6.449
5 24 8.25 -25.146 -2.5 14.855 -6 3.05 7.179 -28.25 3.617 8.64 -24.017 -5.265
2 24 5.75 -20.643 -5.301 5.75 -20.643 -4.699
5 24 -9.863 -28.138 -5.458 -5.75 -25.175 -7.5 -9.76 -6 -20.5 -5.75 -28.125 -5.5
2 24 -3.873 -26.725 -1.469 -3.409 -26.455 -2.353
2 24 0 0 4.142 0.991 0 4.022
2 24 -9.863 -28.138 -5.458 -5.75 -28.125 -5.5
2 24 6.211 0 2.355 6.594 0 0.801
5 24 -4.112 -27.017 -0.499 -4.112 0 -0.499 -3.873 -26.725 -1.469 -4.112 -27.318 0.499
5 24 5.75 -25.175 -7.5 9.863 -28.138 -5.458 5.75 -28.125 -5.5 3.25 -20.625 -10.585
5 24 -7.5 -27.184 0.062 -7.071 -18.125 -2.5 -7.5 -6 0 -7.288 -26.634 -1.77
2 24 -3.25 -18.125 -6.759 -3.25 -14.375 -6.759
2 24 -17.5 -6 3.75 -8.961 -30.75 9.937
5 24 2.747 0 -3.101 4.405 0 -4.972 1.925 0 -3.668 3.409 0 -2.353
2 24 -5.467 -6 -3.773 -4.405 -6 -4.972
2 24 -17.5 -6 3.75 -7.778 -6 16.25
5 24 5.59 -18.125 -5 5.864 -6 -4.676 4.889 -18.125 -5.687 6.191 -18.125 -4.233
2 24 6.924 -26.3 -2.882 7.288 -26.634 -1.77
2 24 -8.25 -25.146 -2.5 -8.085 -25.625 -2.5
2 24 -1.679 -28.25 7.31 0 -28.25 7.5
2 24 -8.25 -18.125 -9.259 -8.25 -18.125 -2.5
2 24 -6.838 -25.625 -3.081 -6.557 -25.625 -3.64
5 24 -3.087 0 5.882 -1.925 0 3.668 -4.405 0 4.972 -1.59 0 6.449
5 24 -3.25 -26.415 -2.5 3.873 -26.617 -1.469 3.25 -26.415 -2.5 -3.409 -26.455 -2.353
5 24 7.071 -18.125 -2.5 7.5 -27.184 0.062 7.288 -26.634 -1.77 7.5 -6 0
2 24 -8.961 -30.75 3.25 -8.961 -30.75 9.937
5 24 -7.312 -6 1.669 -7.258 -27.732 1.891 -6.757 -6 3.254 -7.5 -6 0
5 24 2.853 -28.25 6.936 3.254 -6 6.757 1.488 -28.25 7.351 3.981 -28.25 6.356
2 24 -4.676 -6 -5.864 -3.254 -6 -6.757
2 24 4.405 0 4.972 5.467 0 3.773
5 24 7.288 -26.634 -1.77 7.96 -25.986 -3.93 6.924 -26.3 -2.882 7.5 -27.184 0.062
5 24 -5.75 -21.467 -6.871 -3.25 -21.467 -6.871 -5.75 -21.067 -6.42 -5.75 -21.963 -7.214
2 24 -5.864 -6 -4.676 -4.676 -6 -5.864
2 24 -4.112 -27.318 0.499 -3.873 -27.606 1.469
5 24 -5.467 -6 -3.773 -5.467 0 -3.773 -6.211 -6 -2.355 -4.405 -6 -4.972
2 24 -6.388 -25.986 -3.93 -6.231 -25.625 -4.175
2 24 -8.574 -6 -17.48 8.574 -6 -17.48
5 24 1.488 -28.25 7.351 1.669 -6 7.312 2.853 -28.25 6.936 0 -28.25 7.5
2 24 5.318 -22.5 16.25 7.176 -30.75 12.25
2 24 -5.75 -21.963 -2.786 -5.75 -21.467 -3.129
2 24 -3.409 0 2.353 -2.747 0 3.101
2 24 -1.925 -28.25 3.668 -0.991 -28.25 4.022
2 24 3.873 0 -1.469 4.112 0 -0.499
5 24 7.179 -28.25 3.617 7.5 -27.184 0.062 7.96 -25.986 -3.93 7.258 -27.732 1.891
2 24 -5.75 -20.788 -4.113 -5.75 -20.643 -4.699
2 24 -3.409 0 -2.353 -2.747 0 -3.101
2 24 0 -28.25 7.5 1.488 -28.25 7.351
2 24 -7.179 -28.25 3.617 -7.179 -28.25 8.617
2 24 -8.085 -25.625 -4.175 -7.96 -25.986 -3.93
2 24 -4.405 0 4.972 -3.087 0 5.882
2 24 6.557 -25.625 -3.64 6.838 -25.625 -3.081
2 24 0.926 -14.375 -4.038 1.806 -14.375 -3.728
5 24 3.409 0 2.353 5.467 0 3.773 2.747 0 3.101 3.873 0 1.469
2 24 3.25 -25.175 -7.5 3.25 -20.625 -10.585
2 24 5.594 -28.25 4.996 6.57 -28.25 3.617
2 24 1.116 -14.375 -7.416 2.208 -14.375 -7.168
2 24 -5.75 -29.025 -2.5 -5.75 -23.125 -2.5
2 24 3.25 -22.021 -2.757 3.25 -21.553 -3.056
2 24 -4.112 -27.318 0.499 -4.112 -27.017 -0.499
5 24 -7.288 -26.634 -1.77 -7.071 -25.625 -2.5 -7.071 -18.125 -2.5 -6.924 -26.3 -2.882
5 24 3.25 -14.375 -2.569 3.409 0 -2.353 2.593 -14.375 -3.23 3.873 0 -1.469
2 24 3.25 -21.467 -6.871 3.25 -21.041 -6.381
5 24 -2.747 -28.086 3.101 1.925 -28.25 3.668 -1.925 -28.25 3.668 2.747 -28.086 3.101
5 24 1.806 -14.375 -3.728 1.925 0 -3.668 0.926 -14.375 -4.038 2.593 -14.375 -3.23
2 24 8.961 -30.75 3.25 8.961 -30.75 9.937
2 24 6.231 -25.625 -4.175 6.388 -25.986 -3.93
2 24 -5.349 -28.25 5.257 -4.387 -28.25 6.083
5 24 -5.864 -6 4.676 -5.349 -28.25 5.257 -4.676 -6 5.864 -6.016 -28.25 4.479
2 24 3.25 -18.125 -9.259 3.25 -18.125 -7.5
5 24 -2.747 -28.086 3.101 2.747 -28.086 3.101 3.409 -27.871 2.353 1.925 -28.25 3.668
2 24 -3.25 -21.553 -3.056 -3.25 -21.162 -3.451
5 24 -4.112 0 -0.499 -3.873 -26.725 -1.469 -3.873 0 -1.469 -4.112 -27.017 -0.499
5 24 -4.676 -6 -5.864 -4.105 -18.125 -6.277 -4.889 -18.125 -5.687 -3.25 -14.375 -6.759
2 24 -5.467 -6 3.773 -4.405 -6 4.972
2 24 -7.778 -6 16.25 -5.318 -22.5 16.25
2 24 6.57 -28.25 3.617 7.258 -27.732 1.891
2 24 -4.112 0 -0.499 -4.112 0 0.499
2 24 -2.593 -14.375 -3.23 -1.806 -14.375 -3.728
2 24 4.835 -28.25 5.733 5.594 -28.25 4.996
2 24 -3.25 -23.125 -7.5 -3.25 -22.561 -7.435
2 24 5.75 -23.125 -2.5 5.75 -22.527 -2.573
5 24 3.873 -26.617 -1.469 3.873 0 -1.469 4.112 -27.017 -0.499 3.25 -14.375 -2.569
2 24 -8.25 -25.146 -2.5 -8.25 -18.125 -2.5
5 24 -7.179 -28.25 8.617 -4.156 -21.926 13.75 -5.581 -28.25 10.684 -14.855 -6 3.05
2 24 14.855 -6 -8.147 14.855 -6 3.05
5 24 -5.318 -22.5 16.25 5.318 -22.5 16.25 -7.778 -6 16.25 -7.176 -30.75 12.25
2 24 1.59 0 6.449 3.087 0 5.882
5 24 -6.211 -6 -2.355 -6.211 0 -2.355 -5.467 -6 -3.773 -6.594 -6 -0.801
2 24 8.961 -30.75 3.25 9.863 -28.138 -5.458
2 24 -6.211 -6 -2.355 -5.467 -6 -3.773
5 24 -8.64 -24.017 -5.265 -8.25 -18.125 -9.259 -8.25 -24.407 -5 -8.574 -6 -17.48
2 24 -3.087 -6 5.882 -1.59 -6 6.449
2 24 3.254 -6 -6.757 4.676 -6 -5.864
5 24 8.25 -25.146 -2.5 8.64 -24.017 -5.265 8.25 -25.146 -4.499 14.855 -6 3.05
5 24 0 -28.25 4.142 0 0 4.142 0.991 -28.25 4.022 -0.991 -28.25 4.022
2 24 -5.467 0 3.773 -4.405 0 4.972
5 24 3.25 -14.375 -6.759 3.254 -6 -6.757 2.208 -14.375 -7.168 4.676 -6 -5.864
5 24 0.926 -14.375 -4.038 0.991 0 -4.022 1.806 -14.375 -3.728 0 -14.375 -4.142
2 24 -3.25 -22.026 -7.245 -3.25 -21.467 -6.871
2 24 -1.59 -6 -6.449 0 -6 -6.642
2 24 -3.25 -14.375 -2.569 -2.593 -14.375 -3.23
5 24 -5.467 0 -3.773 -3.409 0 -2.353 -4.405 0 -4.972 -6.211 0 -2.355
2 24 0.991 -28.25 4.022 1.925 -28.25 3.668
5 24 3.087 -6 -5.882 3.087 0 -5.882 4.405 -6 -4.972 1.59 -6 -6.449
5 24 7.071 -25.625 -2.5 7.288 -26.634 -1.77 6.924 -26.3 -2.882 7.071 -18.125 -2.5
2 24 -4.405 -6 -4.972 -3.087 -6 -5.882
2 24 -6.533 -6 13.75 6.533 -6 13.75
5 24 5.594 -28.25 4.996 5.864 -6 4.676 6.57 -28.25 3.617 4.835 -28.25 5.733
2 24 5.864 -6 -4.676 6.757 -6 -3.254
5 24 3.25 -22.026 -7.245 5.75 -21.963 -7.214 3.25 -21.467 -6.871 3.25 -22.561 -7.435
5 24 -4.112 -27.318 0.499 3.873 -27.606 1.469 -3.873 -27.606 1.469 -4.112 -27.017 -0.499
2 24 6.838 -25.625 -3.081 7.071 -25.625 -2.5
5 24 4.112 0 -0.499 6.594 0 -0.801 4.112 0 0.499 3.873 0 -1.469
5 24 6.211 0 2.355 6.211 -6 2.355 6.594 0 0.801 5.467 0 3.773
2 24 3.25 -21.041 -6.381 3.25 -20.813 -5.951
5 24 -1.669 -6 -7.312 -1.116 -14.375 -7.416 -2.208 -14.375 -7.168 0 -6 -7.5
5 24 0 0 -6.642 0 0 -4.142 1.59 0 -6.449 -1.59 0 -6.449
2 24 3.25 -14.375 -6.759 3.25 -14.375 -2.569
2 24 -3.25 -23.125 -2.5 -3.25 -22.543 -2.569
2 24 3.25 -25.175 -7.5 3.25 -23.125 -7.5
5 24 -1.59 0 -6.449 -0.991 0 -4.022 -3.087 0 -5.882 0 0 -6.642
2 24 3.25 -20.672 -5.485 3.25 -20.625 -5
2 24 1.59 -6 -6.449 3.087 -6 -5.882
5 24 -8.25 -25.146 -2.5 -7.179 -28.25 3.617 -14.855 -6 3.05 -8.085 -25.625 -2.5
5 24 -8.085 -25.625 -2.5 -7.179 -28.25 3.617 -7.96 -25.986 -3.93 -8.25 -25.146 -2.5
2 24 3.25 -20.869 -3.923 3.25 -20.687 -4.448
2 24 -3.25 -21.162 -3.451 -3.25 -20.869 -3.923
2 24 -3.25 -14.375 -6.759 -3.25 -14.375 -2.569
2 24 0 -6 7.5 1.669 -6 7.312
2 24 -3.087 0 5.882 -1.59 0 6.449
2 24 -3.25 -21.041 -6.381 -3.25 -20.813 -5.951
2 24 3.873 0 1.469 4.112 0 0.499
5 24 -7.071 -25.625 -2.5 -6.924 -26.3 -2.882 -7.288 -26.634 -1.77 -6.838 -25.625 -3.081
2 24 7.179 -28.25 8.617 14.855 -6 3.05
5 24 -8.64 -24.017 -5.265 -8.25 -25.146 -2.5 -14.855 -6 -8.147 -8.25 -25.146 -4.499
2 24 -8.085 -25.625 -4.175 -6.231 -25.625 -4.175
2 24 -5.581 -28.25 10.684 5.581 -28.25 10.684
2 24 6.211 -6 -2.355 6.594 -6 -0.801
2 24 3.25 -22.561 -7.435 3.25 -22.026 -7.245
2 24 -1.925 0 3.668 -0.991 0 4.022
5 24 0 0 4.142 0 0 6.642 0.991 0 4.022 -0.991 0 4.022
2 24 3.25 -23.125 -7.5 3.25 -22.561 -7.435
