0 Cilindro 5 puntos    :X
0 Name: cilindr5.dat
0 Author: rosaspage
0 !LDRAW_ORG Unofficial_Part
0 BFC CERTIFY CCW
4 16 -26.75 -35 -12 -23.75 -35 -10.75 -21 -35 8.75 -23.75 -35 10.75
4 16 -36.25 -35 10.75 -38.75 -35 8.75 -40.75 -35 -6.25 -38.75 -35 -8.75
4 16 -21 -35 -8.75 -19 -35 -6.25 -17.75 -35 3.25 -19 -35 6.25
4 16 -23.75 -35 -10.75 -21 -35 -8.75 -19 -35 6.25 -21 -35 8.75
4 16 -30 -35 -12.5 -26.75 -35 -12 -23.75 -35 10.75 -26.75 -35 12
4 16 -33 -35 -12 -30 -35 -12.5 -26.75 -35 12 -30 -35 12.5
4 16 -36.25 -35 -10.75 -33 -35 -12 -30 -35 12.5 -33 -35 12
4 16 -33 -35 12 -36.25 -35 10.75 -38.75 -35 -8.75 -36.25 -35 -10.75
4 16 -42 -35 -3.25 -40.75 -35 -6.25 -38.75 -35 8.75 -40.75 -35 6.25
4 16 6.25 -35 19.25 9 -35 21.25 11 -35 36.25 9 -35 38.75
4 16 3.25 -35 18 6.25 -35 19.25 9 -35 38.75 6.25 -35 40.75
4 16 0 -35 17.5 3.25 -35 18 6.25 -35 40.75 3.25 -35 42
4 16 -6.25 -35 19.25 -3 -35 18 0 -35 42.5 -3 -35 42
4 16 -8.75 -35 21.25 -6.25 -35 19.25 -3 -35 42 -6.25 -35 40.75
4 16 -12 -35 26.75 -10.75 -35 23.75 -8.75 -35 38.75 -10.75 -35 36.25
4 16 12.25 -35 33.25 11 -35 36.25 9 -35 21.25 11 -35 23.75
4 16 -3 -35 18 0 -35 17.5 3.25 -35 42 0 -35 42.5
4 16 -10.75 -35 23.75 -8.75 -35 21.25 -6.25 -35 40.75 -8.75 -35 38.75
4 16 12.25 -35 -26.75 11 -35 -23.75 9 -35 -38.75 11 -35 -36.25
4 16 6.25 -35 -40.75 9 -35 -38.75 11 -35 -23.75 9 -35 -21.25
4 16 0 -35 -42.5 3.25 -35 -42 6.25 -35 -19.25 3.25 -35 -18
4 16 -3 -35 -42 0 -35 -42.5 3.25 -35 -18 0 -35 -17.5
4 16 -6.25 -35 -40.75 -3 -35 -42 0 -35 -17.5 -3 -35 -18
4 16 9 -35 -21.25 6.25 -35 -19.25 3.25 -35 -42 6.25 -35 -40.75
4 16 -8.75 -35 -38.75 -6.25 -35 -40.75 -3 -35 -18 -6.25 -35 -19.25
4 16 -10.75 -35 -36.25 -8.75 -35 -38.75 -6.25 -35 -19.25 -8.75 -35 -21.25
4 16 -12 -35 -33.25 -10.75 -35 -36.25 -8.75 -35 -21.25 -10.75 -35 -23.75
4 16 3.25 -35 -12 6.25 -35 -10.75 9 -35 8.75 6.25 -35 10.75
4 16 0 -35 -12.5 3.25 -35 -12 6.25 -35 10.75 3.25 -35 12
4 16 -3 -35 -12 0 -35 -12.5 3.25 -35 12 0 -35 12.5
4 16 -8.75 -35 -8.75 -6.25 -35 -10.75 -3 -35 12 -6.25 -35 10.75
4 16 12.25 -35 3.25 11 -35 6.25 9 -35 -8.75 11 -35 -6.25
4 16 6.25 -35 -10.75 9 -35 -8.75 11 -35 6.25 9 -35 8.75
4 16 -6.25 -35 -10.75 -3 -35 -12 0 -35 12.5 -3 -35 12
4 16 -6.25 -35 10.75 -8.75 -35 8.75 -10.75 -35 -6.25 -8.75 -35 -8.75
4 16 -8.75 -35 8.75 -10.75 -35 6.25 -12 -35 -3.25 -10.75 -35 -6.25
4 16 41 -35 6.25 39 -35 8.75 36.25 -35 -10.75 39 -35 -8.75
4 16 33.25 -35 -12 36.25 -35 -10.75 39 -35 8.75 36.25 -35 10.75
4 16 21.25 -35 -8.75 23.75 -35 -10.75 27 -35 12 23.75 -35 10.75
4 16 19.25 -35 -6.25 21.25 -35 -8.75 23.75 -35 10.75 21.25 -35 8.75
4 16 39 -35 -8.75 41 -35 -6.25 42.25 -35 3.25 41 -35 6.25
4 16 30 -35 -12.5 33.25 -35 -12 36.25 -35 10.75 33.25 -35 12
4 16 33.25 -35 12 30 -35 12.5 27 -35 -12 30 -35 -12.5
4 16 23.75 -35 -10.75 27 -35 -12 30 -35 12.5 27 -35 12
4 16 18 -35 -3.25 19.25 -35 -6.25 21.25 -35 8.75 19.25 -35 6.25
3 16 16.25 0 -39 22.5 0 -39 11.75 0 -43.5
3 16 -5.5 0 41.75 -16 0 39 -11.5 0 43.5
3 16 -5.5 0 -41.75 -11.5 0 -43.5 -16 0 -39
3 16 -11.5 -30 -43.5 0 -30 -45 0 -30 0
3 16 0 -30 45 -11.5 -30 43.5 0 -30 0
4 16 -17.75 -30 -3.25 -17.75 -35 -3.25 -19 -35 -6.25 -19 -30 -6.25
4 16 -17.75 -35 -3.25 -17.75 -30 -3.25 -17.5 -30 0 -17.5 -35 0
4 16 -17.75 -30 3.25 -17.75 -35 3.25 -17.5 -35 0 -17.5 -30 0
4 16 27 -35 12 30 -35 12.5 30 -30 12.5 27 -30 12
4 16 23.75 -35 10.75 27 -35 12 27 -30 12 23.75 -30 10.75
4 16 -6.25 -35 40.75 -3 -35 42 -3 -30 42 -6.25 -30 40.75
4 16 11 -35 23.75 11 -30 23.75 12.25 -30 26.75 12.25 -35 26.75
4 16 12.25 -35 26.75 12.25 -30 26.75 12.5 -30 30 12.5 -35 30
4 16 12.5 -35 30 12.5 -30 30 12.25 -30 33.25 12.25 -35 33.25
4 16 11 -30 36.25 11 -35 36.25 12.25 -35 33.25 12.25 -30 33.25
4 16 9 -30 38.75 9 -35 38.75 11 -35 36.25 11 -30 36.25
4 16 6.25 -35 40.75 9 -35 38.75 9 -30 38.75 6.25 -30 40.75
4 16 3.25 -35 42 6.25 -35 40.75 6.25 -30 40.75 3.25 -30 42
4 16 0 -35 42.5 3.25 -35 42 3.25 -30 42 0 -30 42.5
4 16 0 -30 42.5 -3 -30 42 -3 -35 42 0 -35 42.5
4 16 -8.75 -35 38.75 -6.25 -35 40.75 -6.25 -30 40.75 -8.75 -30 38.75
4 16 -10.75 -30 36.25 -10.75 -35 36.25 -8.75 -35 38.75 -8.75 -30 38.75
4 16 -10.75 -35 36.25 -10.75 -30 36.25 -12 -30 33.25 -12 -35 33.25
4 16 -12 -35 33.25 -12 -30 33.25 -12.5 -30 30 -12.5 -35 30
4 16 -12 -30 26.75 -12 -35 26.75 -12.5 -35 30 -12.5 -30 30
4 16 -12 -35 26.75 -12 -30 26.75 -10.75 -30 23.75 -10.75 -35 23.75
4 16 -10.75 -35 23.75 -10.75 -30 23.75 -8.75 -30 21.25 -8.75 -35 21.25
4 16 -8.75 -30 21.25 -6.25 -30 19.25 -6.25 -35 19.25 -8.75 -35 21.25
4 16 -3 -35 18 -6.25 -35 19.25 -6.25 -30 19.25 -3 -30 18
4 16 0 -35 17.5 -3 -35 18 -3 -30 18 0 -30 17.5
4 16 33.25 -35 -12 30 -35 -12.5 30 -30 -12.5 33.25 -30 -12
4 16 33.25 -30 -12 36.25 -30 -10.75 36.25 -35 -10.75 33.25 -35 -12
4 16 39 -35 -8.75 36.25 -35 -10.75 36.25 -30 -10.75 39 -30 -8.75
4 16 39 -35 -8.75 39 -30 -8.75 41 -30 -6.25 41 -35 -6.25
4 16 3.25 -35 -12 0 -35 -12.5 0 -30 -12.5 3.25 -30 -12
4 16 6.25 -35 -10.75 3.25 -35 -12 3.25 -30 -12 6.25 -30 -10.75
4 16 9 -35 -8.75 6.25 -35 -10.75 6.25 -30 -10.75 9 -30 -8.75
4 16 9 -35 -8.75 9 -30 -8.75 11 -30 -6.25 11 -35 -6.25
4 16 0 -27.5 -20 -5 -27.5 -19.25 -5 0 -19.25 0 0 -20
4 16 0 -27.5 -17.5 4.75 -27.5 -17 4.75 0 -17 0 0 -17.5
4 16 -4.5 -27.5 -17 0 -27.5 -17.5 0 0 -17.5 -4.5 0 -17
4 16 -33.25 0 25.75 -33.25 -27.5 25.75 -38.75 -27.5 16.25 -38.75 0 16.25
4 16 -19 -30 6.25 -19 -35 6.25 -17.75 -35 3.25 -17.75 -30 3.25
4 16 -19 -35 6.25 -19 -30 6.25 -21 -30 8.75 -21 -35 8.75
4 16 -23.75 -35 10.75 -21 -35 8.75 -21 -30 8.75 -23.75 -30 10.75
4 16 -26.75 -35 12 -23.75 -35 10.75 -23.75 -30 10.75 -26.75 -30 12
4 16 -30 -35 12.5 -26.75 -35 12 -26.75 -30 12 -30 -30 12.5
4 16 -33 -35 12 -30 -35 12.5 -30 -30 12.5 -33 -30 12
4 16 -36.25 -35 10.75 -33 -35 12 -33 -30 12 -36.25 -30 10.75
4 16 3.25 -35 18 0 -35 17.5 0 -30 17.5 3.25 -30 18
4 16 3.25 -30 18 6.25 -30 19.25 6.25 -35 19.25 3.25 -35 18
4 16 9 -35 21.25 6.25 -35 19.25 6.25 -30 19.25 9 -30 21.25
4 16 9 -35 21.25 9 -30 21.25 11 -30 23.75 11 -35 23.75
4 16 41 -35 -6.25 41 -30 -6.25 42.25 -30 -3.25 42.25 -35 -3.25
4 16 42.25 -35 -3.25 42.25 -30 -3.25 42.5 -30 0 42.5 -35 0
4 16 42.25 -30 3.25 42.25 -35 3.25 42.5 -35 0 42.5 -30 0
4 16 42.25 -35 3.25 42.25 -30 3.25 41 -30 6.25 41 -35 6.25
4 16 41 -35 6.25 41 -30 6.25 39 -30 8.75 39 -35 8.75
4 16 39 -30 8.75 36.25 -30 10.75 36.25 -35 10.75 39 -35 8.75
4 16 33.25 -35 12 36.25 -35 10.75 36.25 -30 10.75 33.25 -30 12
4 16 30 -35 12.5 33.25 -35 12 33.25 -30 12 30 -30 12.5
4 16 21.25 -35 8.75 23.75 -35 10.75 23.75 -30 10.75 21.25 -30 8.75
4 16 19.25 -30 6.25 19.25 -35 6.25 21.25 -35 8.75 21.25 -30 8.75
4 16 18 -30 3.25 18 -35 3.25 19.25 -35 6.25 19.25 -30 6.25
4 16 18 -35 3.25 18 -30 3.25 17.5 -30 0 17.5 -35 0
4 16 17.5 -35 0 17.5 -30 0 18 -30 -3.25 18 -35 -3.25
4 16 19.25 -30 -6.25 19.25 -35 -6.25 18 -35 -3.25 18 -30 -3.25
4 16 21.25 -30 -8.75 21.25 -35 -8.75 19.25 -35 -6.25 19.25 -30 -6.25
4 16 23.75 -35 -10.75 21.25 -35 -8.75 21.25 -30 -8.75 23.75 -30 -10.75
4 16 27 -35 -12 23.75 -35 -10.75 23.75 -30 -10.75 27 -30 -12
4 16 30 -35 -12.5 27 -35 -12 27 -30 -12 30 -30 -12.5
4 16 11 -35 -6.25 11 -30 -6.25 12.25 -30 -3.25 12.25 -35 -3.25
4 16 12.25 -35 -3.25 12.25 -30 -3.25 12.5 -30 0 12.5 -35 0
4 16 12.5 -35 0 12.5 -30 0 12.25 -30 3.25 12.25 -35 3.25
4 16 12.25 -35 3.25 12.25 -30 3.25 11 -30 6.25 11 -35 6.25
4 16 9 -30 8.75 9 -35 8.75 11 -35 6.25 11 -30 6.25
4 16 6.25 -35 10.75 9 -35 8.75 9 -30 8.75 6.25 -30 10.75
4 16 3.25 -35 12 6.25 -35 10.75 6.25 -30 10.75 3.25 -30 12
4 16 0 -35 12.5 3.25 -35 12 3.25 -30 12 0 -30 12.5
4 16 0 -30 12.5 -3 -30 12 -3 -35 12 0 -35 12.5
4 16 -6.25 -35 10.75 -3 -35 12 -3 -30 12 -6.25 -30 10.75
4 16 -26.75 -35 -12 -30 -35 -12.5 -30 -30 -12.5 -26.75 -30 -12
4 16 -23.75 -35 -10.75 -26.75 -35 -12 -26.75 -30 -12 -23.75 -30 -10.75
4 16 -21 -35 -8.75 -23.75 -35 -10.75 -23.75 -30 -10.75 -21 -30 -8.75
4 16 -21 -35 -8.75 -21 -30 -8.75 -19 -30 -6.25 -19 -35 -6.25
4 16 -36.25 -30 10.75 -38.75 -30 8.75 -38.75 -35 8.75 -36.25 -35 10.75
4 16 -40.75 -30 6.25 -40.75 -35 6.25 -38.75 -35 8.75 -38.75 -30 8.75
4 16 -42 -30 3.25 -42 -35 3.25 -40.75 -35 6.25 -40.75 -30 6.25
4 16 -42 -35 3.25 -42 -30 3.25 -42.5 -30 0 -42.5 -35 0
4 16 -42 -30 -3.25 -42 -35 -3.25 -42.5 -35 0 -42.5 -30 0
4 16 -40.75 -30 -6.25 -40.75 -35 -6.25 -42 -35 -3.25 -42 -30 -3.25
4 16 -38.75 -30 -8.75 -38.75 -35 -8.75 -40.75 -35 -6.25 -40.75 -30 -6.25
4 16 -36.25 -35 -10.75 -38.75 -35 -8.75 -38.75 -30 -8.75 -36.25 -30 -10.75
4 16 -33 -35 -12 -36.25 -35 -10.75 -36.25 -30 -10.75 -33 -30 -12
4 16 -33 -30 -12 -30 -30 -12.5 -30 -35 -12.5 -33 -35 -12
4 16 -6.25 -30 10.75 -8.75 -30 8.75 -8.75 -35 8.75 -6.25 -35 10.75
4 16 -10.75 -30 6.25 -10.75 -35 6.25 -8.75 -35 8.75 -8.75 -30 8.75
4 16 -12 -30 3.25 -12 -35 3.25 -10.75 -35 6.25 -10.75 -30 6.25
4 16 -12 -35 3.25 -12 -30 3.25 -12.5 -30 0 -12.5 -35 0
4 16 -12 -30 -3.25 -12 -35 -3.25 -12.5 -35 0 -12.5 -30 0
4 16 -12 -35 -3.25 -12 -30 -3.25 -10.75 -30 -6.25 -10.75 -35 -6.25
4 16 -10.75 -35 -6.25 -10.75 -30 -6.25 -8.75 -30 -8.75 -8.75 -35 -8.75
4 16 -6.25 -35 -10.75 -8.75 -35 -8.75 -8.75 -30 -8.75 -6.25 -30 -10.75
4 16 -6.25 -30 -10.75 -3 -30 -12 -3 -35 -12 -6.25 -35 -10.75
4 16 -3 -30 -12 0 -30 -12.5 0 -35 -12.5 -3 -35 -12
4 16 -12 -30 -26.75 -12 -35 -26.75 -10.75 -35 -23.75 -10.75 -30 -23.75
4 16 -12.5 -30 -30 -12.5 -35 -30 -12 -35 -26.75 -12 -30 -26.75
4 16 -12 -30 -33.25 -12 -35 -33.25 -12.5 -35 -30 -12.5 -30 -30
4 16 -8.75 -27.5 -15.25 -4.5 -27.5 -17 -4.5 0 -17 -8.75 0 -15.25
4 16 -15 -27.5 -8.75 -15 0 -8.75 -16.75 0 -4.5 -16.75 -27.5 -4.5
4 16 -3 -35 -18 0 -35 -17.5 0 -30 -17.5 -3 -30 -18
4 16 -6.25 -35 -19.25 -3 -35 -18 -3 -30 -18 -6.25 -30 -19.25
4 16 -8.75 -35 -21.25 -6.25 -35 -19.25 -6.25 -30 -19.25 -8.75 -30 -21.25
4 16 -10.75 -30 -23.75 -10.75 -35 -23.75 -8.75 -35 -21.25 -8.75 -30 -21.25
4 16 9 -35 -38.75 6.25 -35 -40.75 6.25 -30 -40.75 9 -30 -38.75
4 16 9 -35 -38.75 9 -30 -38.75 11 -30 -36.25 11 -35 -36.25
4 16 12.25 -30 -33.25 12.25 -35 -33.25 11 -35 -36.25 11 -30 -36.25
4 16 12.25 -35 -33.25 12.25 -30 -33.25 12.5 -30 -30 12.5 -35 -30
4 16 12.5 -35 -30 12.5 -30 -30 12.25 -30 -26.75 12.25 -35 -26.75
4 16 12.25 -35 -26.75 12.25 -30 -26.75 11 -30 -23.75 11 -35 -23.75
4 16 11 -35 -23.75 11 -30 -23.75 9 -30 -21.25 9 -35 -21.25
4 16 9 -30 -21.25 6.25 -30 -19.25 6.25 -35 -19.25 9 -35 -21.25
4 16 3.25 -35 -18 6.25 -35 -19.25 6.25 -30 -19.25 3.25 -30 -18
4 16 0 -35 -17.5 3.25 -35 -18 3.25 -30 -18 0 -30 -17.5
4 16 -12.25 -27.5 -12.25 -8.75 -27.5 -15.25 -8.75 0 -15.25 -12.25 0 -12.25
4 16 -12.25 -27.5 -12.25 -12.25 0 -12.25 -15 0 -8.75 -15 -27.5 -8.75
4 16 -19.25 -27.5 5.25 -19.25 0 5.25 -20 0 0 -20 -27.5 0
4 16 -25.5 -27.5 33.5 -33.25 -27.5 25.75 -33.25 0 25.75 -25.5 0 33.5
4 16 -38.75 0 -16 -38.75 -27.5 -16 -33.25 -27.5 -25.5 -33.25 0 -25.5
4 16 -33.25 -27.5 -25.5 -25.5 -27.5 -33.5 -25.5 0 -33.5 -33.25 0 -25.5
4 16 -25.5 -27.5 -33.5 -16 -27.5 -39 -16 0 -39 -25.5 0 -33.5
4 16 -41.75 -27.5 -5.5 -41.75 0 -5.5 -41.75 0 5.5 -41.75 -27.5 5.5
4 16 -41.75 0 -5.5 -41.75 -27.5 -5.5 -38.75 -27.5 -16 -38.75 0 -16
4 16 -25.5 0 33.5 -16 0 39 -16 -27.5 39 -25.5 -27.5 33.5
4 16 0 -35 -42.5 -3 -35 -42 -3 -30 -42 0 -30 -42.5
4 16 3.25 -35 -42 0 -35 -42.5 0 -30 -42.5 3.25 -30 -42
4 16 -5.5 0 -41.75 -16 0 -39 -16 -27.5 -39 -5.5 -27.5 -41.75
4 16 -5.5 -27.5 -41.75 5.5 -27.5 -41.75 5.5 0 -41.75 -5.5 0 -41.75
4 16 -12 -35 -33.25 -12 -30 -33.25 -10.75 -30 -36.25 -10.75 -35 -36.25
4 16 -8.75 -30 -38.75 -8.75 -35 -38.75 -10.75 -35 -36.25 -10.75 -30 -36.25
4 16 -6.25 -35 -40.75 -8.75 -35 -38.75 -8.75 -30 -38.75 -6.25 -30 -40.75
4 16 -16.75 -27.5 -4.5 -16.75 0 -4.5 -17.5 0 0 -17.5 -27.5 0
4 16 -17.5 -27.5 0 -17.5 0 0 -16.75 0 4.5 -16.75 -27.5 4.5
4 16 -3 -35 -42 -6.25 -35 -40.75 -6.25 -30 -40.75 -3 -30 -42
4 16 6.25 -35 -40.75 3.25 -35 -42 3.25 -30 -42 6.25 -30 -40.75
4 16 5.25 -27.5 19.25 10 -27.5 17.25 10 0 17.25 5.25 0 19.25
4 16 14.25 0 14.25 10 0 17.25 10 -27.5 17.25 14.25 -27.5 14.25
4 16 14.25 -27.5 -14.25 10 -27.5 -17.25 10 0 -17.25 14.25 0 -14.25
4 16 17.5 0 0 17.5 -27.5 0 17 -27.5 4.5 17 0 4.5
4 16 -8.75 -27.5 15.25 -12.25 -27.5 12.5 -12.25 0 12.5 -8.75 0 15.25
4 16 -19.25 0 5.25 -19.25 -27.5 5.25 -17.25 -27.5 10 -17.25 0 10
4 16 -17.25 0 10 -17.25 -27.5 10 -14 -27.5 14.25 -14 0 14.25
4 16 -14 -27.5 14.25 -10 -27.5 17.25 -10 0 17.25 -14 0 14.25
4 16 -10 -27.5 17.25 -5 -27.5 19.25 -5 0 19.25 -10 0 17.25
4 16 0 0 20 -5 0 19.25 -5 -27.5 19.25 0 -27.5 20
4 16 0 -27.5 20 5.25 -27.5 19.25 5.25 0 19.25 0 0 20
4 16 14.25 -27.5 -14.25 14.25 0 -14.25 17.5 0 -10 17.5 -27.5 -10
4 16 4.75 0 17 8.75 0 15.25 8.75 -27.5 15.25 4.75 -27.5 17
4 16 12.5 -27.5 12.5 8.75 -27.5 15.25 8.75 0 15.25 12.5 0 12.5
4 16 12.5 -27.5 12.5 12.5 0 12.5 15.25 0 8.75 15.25 -27.5 8.75
4 16 8.75 -27.5 -15.25 12.5 -27.5 -12.25 12.5 0 -12.25 8.75 0 -15.25
4 16 17 0 4.5 17 -27.5 4.5 15.25 -27.5 8.75 15.25 0 8.75
4 16 15.25 -27.5 -8.75 15.25 0 -8.75 12.5 0 -12.25 12.5 -27.5 -12.25
4 16 15.25 0 -8.75 15.25 -27.5 -8.75 17 -27.5 -4.5 17 0 -4.5
4 16 17 0 -4.5 17 -27.5 -4.5 17.5 -27.5 0 17.5 0 0
4 16 14.25 0 14.25 14.25 -27.5 14.25 17.5 -27.5 10 17.5 0 10
4 16 19.5 -27.5 5.25 19.5 0 5.25 17.5 0 10 17.5 -27.5 10
4 16 20 -27.5 0 20 0 0 19.5 0 5.25 19.5 -27.5 5.25
4 16 20 0 0 20 -27.5 0 19.5 -27.5 -5.25 19.5 0 -5.25
4 16 17.5 -27.5 -10 17.5 0 -10 19.5 0 -5.25 19.5 -27.5 -5.25
4 16 0 0 17.5 4.75 0 17 4.75 -27.5 17 0 -27.5 17.5
4 16 0 -27.5 17.5 -4.5 -27.5 17 -4.5 0 17 0 0 17.5
4 16 -4.5 -27.5 17 -8.75 -27.5 15.25 -8.75 0 15.25 -4.5 0 17
4 16 -31.75 -30 31.75 -22.5 -30 39 -22.5 0 39 -31.75 0 31.75
4 16 -38.75 0 22.5 -38.75 -30 22.5 -31.75 -30 31.75 -31.75 0 31.75
4 16 -43.25 0 11.75 -43.25 -30 11.75 -38.75 -30 22.5 -38.75 0 22.5
4 16 -43.25 -30 11.75 -43.25 0 11.75 -45 0 0 -45 -30 0
4 16 -43.25 0 -11.75 -43.25 -30 -11.75 -45 -30 0 -45 0 0
4 16 0 -30 -45 -11.5 -30 -43.5 -11.5 0 -43.5 0 0 -45
4 16 11.75 -30 -43.5 0 -30 -45 0 0 -45 11.75 0 -43.5
4 16 11.75 0 -43.5 22.5 0 -39 22.5 -30 -39 11.75 -30 -43.5
4 16 32 -30 -31.75 22.5 -30 -39 22.5 0 -39 32 0 -31.75
4 16 32 -30 -31.75 32 0 -31.75 39 0 -22.5 39 -30 -22.5
4 16 43.5 0 -11.75 43.5 -30 -11.75 39 -30 -22.5 39 0 -22.5
4 16 -19.25 -27.5 -5.25 -19.25 0 -5.25 -17.25 0 -10 -17.25 -27.5 -10
4 16 -14 0 -14.25 -14 -27.5 -14.25 -17.25 -27.5 -10 -17.25 0 -10
4 16 -10 -27.5 -17.25 -14 -27.5 -14.25 -14 0 -14.25 -10 0 -17.25
4 16 -10 0 -17.25 -5 0 -19.25 -5 -27.5 -19.25 -10 -27.5 -17.25
4 16 4.75 -27.5 -17 8.75 -27.5 -15.25 8.75 0 -15.25 4.75 0 -17
4 16 -11.5 -30 43.5 0 -30 45 0 0 45 -11.5 0 43.5
4 16 -22.5 -30 39 -11.5 -30 43.5 -11.5 0 43.5 -22.5 0 39
4 16 45 0 0 45 -30 0 43.5 -30 -11.75 43.5 0 -11.75
4 16 45 -30 0 45 0 0 43.5 0 11.75 43.5 -30 11.75
4 16 43.5 -30 11.75 43.5 0 11.75 39 0 22.5 39 -30 22.5
4 16 39 -30 22.5 39 0 22.5 32 0 31.75 32 -30 31.75
4 16 -43.25 -30 -11.75 -43.25 0 -11.75 -38.75 0 -22.5 -38.75 -30 -22.5
4 16 -38.75 -30 -22.5 -38.75 0 -22.5 -31.75 0 -31.75 -31.75 -30 -31.75
4 16 -22.5 -30 -39 -31.75 -30 -31.75 -31.75 0 -31.75 -22.5 0 -39
4 16 -11.5 -30 -43.5 -22.5 -30 -39 -22.5 0 -39 -11.5 0 -43.5
4 16 11.75 0 43.5 0 0 45 0 -30 45 11.75 -30 43.5
4 16 11.75 -30 43.5 22.5 -30 39 22.5 0 39 11.75 0 43.5
4 16 -19.25 0 -5.25 -19.25 -27.5 -5.25 -20 -27.5 0 -20 0 0
4 16 22.5 -30 39 32 -30 31.75 32 0 31.75 22.5 0 39
4 16 -15 0 8.75 -15 -27.5 8.75 -16.75 -27.5 4.5 -16.75 0 4.5
4 16 -15 -27.5 8.75 -15 0 8.75 -12.25 0 12.5 -12.25 -27.5 12.5
4 16 14.25 0 14.25 12.5 0 12.5 8.75 0 15.25 10 0 17.25
4 16 10 0 17.25 8.75 0 15.25 4.75 0 17 5.25 0 19.25
4 16 0 0 17.5 0 0 20 5.25 0 19.25 4.75 0 17
4 16 0 0 17.5 -4.5 0 17 -5 0 19.25 0 0 20
4 16 4.75 0 -17 5.25 0 -19.25 0 0 -20 0 0 -17.5
4 16 -8.75 0 -15.25 -10 0 -17.25 -14 0 -14.25 -12.25 0 -12.25
4 16 12.5 0 12.5 14.25 0 14.25 17.5 0 10 15.25 0 8.75
4 16 -10 0 17.25 -5 0 19.25 -4.5 0 17 -8.75 0 15.25
4 16 -8.75 0 15.25 -12.25 0 12.5 -14 0 14.25 -10 0 17.25
4 16 17.5 0 -10 14.25 0 -14.25 12.5 0 -12.25 15.25 0 -8.75
4 16 8.75 0 -15.25 12.5 0 -12.25 14.25 0 -14.25 10 0 -17.25
4 16 10 0 -17.25 5.25 0 -19.25 4.75 0 -17 8.75 0 -15.25
4 16 -5 0 -19.25 -4.5 0 -17 0 0 -17.5 0 0 -20
4 16 -10 0 -17.25 -8.75 0 -15.25 -4.5 0 -17 -5 0 -19.25
4 16 5.5 -27.5 -41.75 16.25 -27.5 -39 16.25 0 -39 5.5 0 -41.75
4 16 16.25 -27.5 -39 25.75 -27.5 -33.5 25.75 0 -33.5 16.25 0 -39
4 16 25.75 -27.5 -33.5 33.5 -27.5 -25.5 33.5 0 -25.5 25.75 0 -33.5
4 16 33.5 0 -25.5 33.5 -27.5 -25.5 39 -27.5 -16 39 0 -16
4 16 39 0 -16 39 -27.5 -16 41.75 -27.5 -5.5 41.75 0 -5.5
4 16 5.25 -27.5 -19.25 0 -27.5 -20 0 0 -20 5.25 0 -19.25
4 16 41.75 0 -5.5 41.75 -27.5 -5.5 41.75 -27.5 5.5 41.75 0 5.5
4 16 41.75 0 5.5 41.75 -27.5 5.5 39 -27.5 16.25 39 0 16.25
4 16 39 0 16.25 39 -27.5 16.25 33.5 -27.5 25.75 33.5 0 25.75
4 16 33.5 -27.5 25.75 25.75 -27.5 33.5 25.75 0 33.5 33.5 0 25.75
4 16 25.75 -27.5 33.5 16.25 -27.5 39 16.25 0 39 25.75 0 33.5
4 16 5.5 0 41.75 16.25 0 39 16.25 -27.5 39 5.5 -27.5 41.75
4 16 5.5 -27.5 41.75 -5.5 -27.5 41.75 -5.5 0 41.75 5.5 0 41.75
4 16 -16 0 39 -5.5 0 41.75 -5.5 -27.5 41.75 -16 -27.5 39
4 16 5.25 0 -19.25 10 0 -17.25 10 -27.5 -17.25 5.25 -27.5 -19.25
4 16 -41.75 -27.5 5.5 -41.75 0 5.5 -38.75 0 16.25 -38.75 -27.5 16.25
4 16 -31.75 -30 31.75 -38.75 -30 22.5 -43.25 -30 11.75 0 -30 0
4 16 -16 -27.5 -39 0 -27.5 0 5.5 -27.5 -41.75 -5.5 -27.5 -41.75
4 16 -25.5 -27.5 33.5 -16 -27.5 39 -5.5 -27.5 41.75 0 -27.5 0
4 16 -33.25 -27.5 -25.5 0 -27.5 0 -16 -27.5 -39 -25.5 -27.5 -33.5
4 16 -25.5 -27.5 33.5 0 -27.5 0 -38.75 -27.5 16.25 -33.25 -27.5 25.75
4 16 -31.75 -30 -31.75 -22.5 -30 -39 -11.5 -30 -43.5 0 -30 0
4 16 -11.5 -30 43.5 -22.5 -30 39 -31.75 -30 31.75 0 -30 0
4 16 22.5 -30 -39 32 -30 -31.75 39 -30 -22.5 0 -30 0
4 16 45 -30 0 43.5 -30 11.75 39 -30 22.5 0 -30 0
4 16 0 -30 45 0 -30 0 22.5 -30 39 11.75 -30 43.5
4 16 22.5 -30 39 0 -30 0 39 -30 22.5 32 -30 31.75
4 16 -31.75 -30 -31.75 0 -30 0 -43.25 -30 -11.75 -38.75 -30 -22.5
4 16 0 -30 -45 11.75 -30 -43.5 22.5 -30 -39 0 -30 0
4 16 45 -30 0 0 -30 0 39 -30 -22.5 43.5 -30 -11.75
4 16 -43.25 -30 -11.75 0 -30 0 -43.25 -30 11.75 -45 -30 0
4 16 -12.25 0 -12.25 -14 0 -14.25 -17.25 0 -10 -15 0 -8.75
4 16 -15 0 -8.75 -17.25 0 -10 -19.25 0 -5.25 -16.75 0 -4.5
4 16 -16.75 0 -4.5 -19.25 0 -5.25 -20 0 0 -17.5 0 0
4 16 -16.75 0 4.5 -17.5 0 0 -20 0 0 -19.25 0 5.25
4 16 -15 0 8.75 -16.75 0 4.5 -19.25 0 5.25 -17.25 0 10
4 16 -12.25 0 12.5 -15 0 8.75 -17.25 0 10 -14 0 14.25
4 16 15.25 0 -8.75 17 0 -4.5 19.5 0 -5.25 17.5 0 -10
4 16 20 0 0 17.5 0 0 17 0 4.5 19.5 0 5.25
4 16 15.25 0 8.75 17.5 0 10 19.5 0 5.25 17 0 4.5
4 16 17 0 -4.5 17.5 0 0 20 0 0 19.5 0 -5.25
4 16 -19 -35 -6.25 -17.75 -35 -3.25 -17.5 -35 0 -17.75 -35 3.25
4 16 -42.5 -35 0 -42 -35 -3.25 -40.75 -35 6.25 -42 -35 3.25
4 16 12.5 -35 30 12.25 -35 33.25 11 -35 23.75 12.25 -35 26.75
4 16 -10.75 -35 36.25 -12 -35 33.25 -12.5 -35 30 -12 -35 26.75
4 16 12.5 -35 -30 12.25 -35 -26.75 11 -35 -36.25 12.25 -35 -33.25
4 16 -10.75 -35 -23.75 -12 -35 -26.75 -12.5 -35 -30 -12 -35 -33.25
4 16 12.5 -35 0 12.25 -35 3.25 11 -35 -6.25 12.25 -35 -3.25
4 16 -12.5 -35 0 -12 -35 -3.25 -10.75 -35 6.25 -12 -35 3.25
4 16 42.5 -35 0 42.25 -35 3.25 41 -35 -6.25 42.25 -35 -3.25
4 16 17.5 -35 0 18 -35 -3.25 19.25 -35 6.25 18 -35 3.25
4 16 25.75 -27.5 -33.5 0 -27.5 0 39 -27.5 -16 33.5 -27.5 -25.5
4 16 -5.5 -27.5 41.75 5.5 -27.5 41.75 16.25 -27.5 39 0 -27.5 0
4 16 33.5 -27.5 25.75 39 -27.5 16.25 41.75 -27.5 5.5 0 -27.5 0
4 16 33.5 -27.5 25.75 0 -27.5 0 16.25 -27.5 39 25.75 -27.5 33.5
4 16 41.75 -27.5 5.5 41.75 -27.5 -5.5 39 -27.5 -16 0 -27.5 0
4 16 5.5 -27.5 -41.75 0 -27.5 0 25.75 -27.5 -33.5 16.25 -27.5 -39
4 16 -33.25 -27.5 -25.5 -38.75 -27.5 -16 -41.75 -27.5 -5.5 0 -27.5 0
4 16 -38.75 -27.5 16.25 0 -27.5 0 -41.75 -27.5 -5.5 -41.75 -27.5 5.5
3 16 43.5 0 11.75 39 0 16.25 39 0 22.5
3 16 -22.5 0 -39 -31.75 0 -31.75 -25.5 0 -33.5
3 16 41.75 0 -5.5 41.75 0 5.5 45 0 0
4 16 39 0 -16 41.75 0 -5.5 45 0 0 43.5 0 -11.75
4 16 33.5 0 -25.5 39 0 -16 43.5 0 -11.75 39 0 -22.5
4 16 -43.25 0 -11.75 -38.75 0 -16 -33.25 0 -25.5 -38.75 0 -22.5
4 16 -38.75 0 -16 -43.25 0 -11.75 -45 0 0 -41.75 0 -5.5
4 16 39 0 16.25 43.5 0 11.75 45 0 0 41.75 0 5.5
4 16 -38.75 0 -22.5 -33.25 0 -25.5 -25.5 0 -33.5 -31.75 0 -31.75
4 16 -11.5 0 -43.5 -22.5 0 -39 -25.5 0 -33.5 -16 0 -39
4 16 5.5 0 -41.75 0 0 -45 -11.5 0 -43.5 -5.5 0 -41.75
4 16 16.25 0 -39 11.75 0 -43.5 0 0 -45 5.5 0 -41.75
4 16 32 0 -31.75 22.5 0 -39 16.25 0 -39 25.75 0 -33.5
4 16 -22.5 0 39 -25.5 0 33.5 -33.25 0 25.75 -31.75 0 31.75
4 16 16.25 0 39 5.5 0 41.75 0 0 45 11.75 0 43.5
4 16 25.75 0 33.5 16.25 0 39 11.75 0 43.5 22.5 0 39
4 16 33.5 0 25.75 25.75 0 33.5 22.5 0 39 32 0 31.75
4 16 32 0 31.75 39 0 22.5 39 0 16.25 33.5 0 25.75
4 16 39 0 -22.5 32 0 -31.75 25.75 0 -33.5 33.5 0 -25.5
4 16 -38.75 0 22.5 -38.75 0 16.25 -41.75 0 5.5 -43.25 0 11.75
4 16 -38.75 0 16.25 -38.75 0 22.5 -31.75 0 31.75 -33.25 0 25.75
4 16 -25.5 0 33.5 -22.5 0 39 -11.5 0 43.5 -16 0 39
4 16 5.5 0 41.75 -5.5 0 41.75 -11.5 0 43.5 0 0 45
4 16 -41.75 0 -5.5 -45 0 0 -43.25 0 11.75 -41.75 0 5.5
5 24 -10.75 -35 6.25 -10.75 -30 6.25 -8.75 -35 8.75 -12 -35 3.25
2 24 12.25 -35 26.75 12.5 -35 30
2 24 14.25 -27.5 14.25 17.5 -27.5 10
2 24 6.25 -35 10.75 9 -35 8.75
2 24 -20 0 0 -19.25 0 -5.25
5 24 32 -30 31.75 32 0 31.75 39 -30 22.5 22.5 -30 39
2 24 -15 -27.5 8.75 -12.25 -27.5 12.5
5 24 15.25 -27.5 -8.75 15.25 0 -8.75 12.5 -27.5 -12.25 17 -27.5 -4.5
2 24 -40.75 -30 6.25 -38.75 -30 8.75
2 24 15.25 0 8.75 17 0 4.5
2 24 22.5 -30 -39 32 -30 -31.75
5 24 -42 -35 3.25 -42 -30 3.25 -40.75 -35 6.25 -42.5 -35 0
5 24 -12 -35 -3.25 -10.75 -35 6.25 -10.75 -35 -6.25 -12.5 -35 0
2 24 -33 -35 -12 -30 -35 -12.5
2 24 -5 -27.5 -19.25 0 -27.5 -20
2 24 -17.75 -30 -3.25 -17.5 -30 0
2 24 9 -30 38.75 11 -30 36.25
2 24 22.5 -30 39 32 -30 31.75
2 24 -14 0 14.25 -10 0 17.25
2 24 12.5 0 -12.25 15.25 0 -8.75
5 24 11.75 -30 43.5 11.75 0 43.5 0 -30 45 22.5 -30 39
2 24 0 -35 42.5 3.25 -35 42
2 24 -26.75 -35 12 -23.75 -35 10.75
5 24 -25.5 0 33.5 -22.5 0 39 -33.25 0 25.75 -16 0 39
2 24 0 -30 12.5 3.25 -30 12
5 24 -16.75 -27.5 4.5 -16.75 0 4.5 -17.5 -27.5 0 -15 -27.5 8.75
5 24 -31.75 -30 31.75 0 -30 0 -38.75 -30 22.5 -22.5 -30 39
2 24 -45 -30 0 -43.25 -30 11.75
5 24 33.25 -35 12 33.25 -30 12 36.25 -35 10.75 30 -35 12.5
5 24 -17.5 -35 0 -17.5 -30 0 -17.75 -35 -3.25 -17.75 -35 3.25
2 24 -4.5 -27.5 17 0 -27.5 17.5
5 24 11 -35 23.75 11 -30 23.75 12.25 -35 26.75 9 -35 21.25
2 24 41 -35 6.25 42.25 -35 3.25
2 24 -12.5 -30 -30 -12 -30 -26.75
2 24 12.25 -30 -33.25 12.5 -30 -30
2 24 -8.75 -35 38.75 -6.25 -35 40.75
5 24 -6.25 -35 -19.25 -6.25 -30 -19.25 -3 -35 -18 -8.75 -35 -21.25
2 24 39 -30 -8.75 41 -30 -6.25
5 24 4.75 -27.5 -17 4.75 0 -17 0 -27.5 -17.5 8.75 -27.5 -15.25
5 24 -11.5 -30 43.5 0 -30 0 0 -30 45 -22.5 -30 39
2 24 18 -30 -3.25 19.25 -30 -6.25
5 24 39 -35 -8.75 41 -35 6.25 36.25 -35 -10.75 41 -35 -6.25
2 24 39 0 -22.5 43.5 0 -11.75
2 24 -6.25 -35 19.25 -3 -35 18
2 24 9 -30 -21.25 11 -30 -23.75
5 24 -31.75 -30 31.75 -31.75 0 31.75 -22.5 -30 39 -38.75 -30 22.5
2 24 -12.25 0 -12.25 -8.75 0 -15.25
2 24 0 0 20 5.25 0 19.25
5 24 -31.75 -30 -31.75 0 -30 0 -22.5 -30 -39 -38.75 -30 -22.5
2 24 3.25 -35 12 6.25 -35 10.75
2 24 0 -30 -45 11.75 -30 -43.5
5 24 -19 -35 -6.25 -19 -30 -6.25 -17.75 -35 -3.25 -21 -35 -8.75
2 24 -33 -35 12 -30 -35 12.5
2 24 -45 0 0 -43.25 0 11.75
2 24 17.5 -35 0 18 -35 -3.25
5 24 39 -27.5 -16 39 0 -16 33.5 -27.5 -25.5 41.75 -27.5 -5.5
2 24 -12.25 -27.5 -12.25 -8.75 -27.5 -15.25
2 24 -45 -30 0 -43.25 -30 -11.75
5 24 -10.75 -35 -23.75 -10.75 -30 -23.75 -12 -35 -26.75 -8.75 -35 -21.25
2 24 32 -30 -31.75 39 -30 -22.5
5 24 -43.25 -30 -11.75 0 -30 0 -38.75 -30 -22.5 -45 -30 0
2 24 -42.5 -35 0 -42 -35 3.25
5 24 11 -35 -36.25 11 -30 -36.25 9 -35 -38.75 12.25 -35 -33.25
5 24 -5.5 -27.5 -41.75 -5.5 0 -41.75 -16 -27.5 -39 5.5 -27.5 -41.75
2 24 22.5 0 -39 32 0 -31.75
2 24 -11.5 0 43.5 0 0 45
5 24 17.5 -27.5 0 17.5 0 0 17 -27.5 4.5 17 -27.5 -4.5
2 24 11 -35 36.25 12.25 -35 33.25
5 24 -38.75 -30 22.5 -38.75 0 22.5 -31.75 -30 31.75 -43.25 -30 11.75
2 24 11 -35 23.75 12.25 -35 26.75
5 24 30 -35 12.5 30 -30 12.5 27 -35 12 33.25 -35 12
2 24 5.5 0 -41.75 16.25 0 -39
5 24 22.5 -30 -39 22.5 0 -39 11.75 -30 -43.5 32 -30 -31.75
5 24 23.75 -35 -10.75 23.75 -30 -10.75 21.25 -35 -8.75 27 -35 -12
2 24 -8.75 -27.5 15.25 -4.5 -27.5 17
2 24 -3 -30 12 0 -30 12.5
5 24 -25.5 -27.5 -33.5 -25.5 0 -33.5 -33.25 -27.5 -25.5 -16 -27.5 -39
2 24 16.25 -27.5 39 25.75 -27.5 33.5
2 24 3.25 -35 -42 6.25 -35 -40.75
5 24 -23.75 -35 -10.75 -21 -35 8.75 -26.75 -35 -12 -21 -35 -8.75
2 24 15.25 -27.5 -8.75 17 -27.5 -4.5
5 24 -6.25 -35 10.75 -6.25 -30 10.75 -3 -35 12 -8.75 -35 8.75
2 24 -10 -27.5 -17.25 -5 -27.5 -19.25
5 24 -8.75 -35 -8.75 -8.75 -30 -8.75 -10.75 -35 -6.25 -6.25 -35 -10.75
5 24 -12.5 -35 -30 -12.5 -30 -30 -12 -35 -26.75 -12 -35 -33.25
2 24 -42 -35 -3.25 -40.75 -35 -6.25
2 24 -33.25 -27.5 -25.5 -25.5 -27.5 -33.5
2 24 -12.5 -30 30 -12 -30 33.25
5 24 -12 -35 3.25 -12 -30 3.25 -10.75 -35 6.25 -12.5 -35 0
2 24 -25.5 0 33.5 -16 0 39
5 24 21.25 -35 -8.75 23.75 -35 10.75 23.75 -35 -10.75 19.25 -35 -6.25
2 24 33.25 -30 12 36.25 -30 10.75
2 24 -5 -27.5 19.25 0 -27.5 20
2 24 9 -30 8.75 11 -30 6.25
2 24 39 -35 -8.75 41 -35 -6.25
5 24 -36.25 -35 10.75 -36.25 -30 10.75 -33 -35 12 -38.75 -35 8.75
2 24 -10 0 -17.25 -5 0 -19.25
2 24 23.75 -30 10.75 27 -30 12
2 24 0 0 -17.5 4.75 0 -17
5 24 -3 -35 -12 -3 -30 -12 -6.25 -35 -10.75 0 -35 -12.5
5 24 -26.75 -35 -12 -23.75 -35 10.75 -23.75 -35 -10.75 -30 -35 -12.5
2 24 -30 -30 -12.5 -26.75 -30 -12
5 24 -3 -35 -12 0 -35 12.5 0 -35 -12.5 -6.25 -35 -10.75
5 24 -3 -35 -42 -3 -30 -42 0 -35 -42.5 -6.25 -35 -40.75
2 24 -22.5 -30 39 -11.5 -30 43.5
2 24 -8.75 -30 38.75 -6.25 -30 40.75
2 24 6.25 -30 40.75 9 -30 38.75
2 24 -6.25 -30 -40.75 -3 -30 -42
2 24 -42 -30 -3.25 -40.75 -30 -6.25
5 24 -33.25 -27.5 25.75 -33.25 0 25.75 -38.75 -27.5 16.25 -25.5 -27.5 33.5
2 24 -31.75 -30 31.75 -22.5 -30 39
5 24 41 -35 6.25 41 -30 6.25 42.25 -35 3.25 39 -35 8.75
5 24 9 -35 -38.75 9 -30 -38.75 6.25 -35 -40.75 11 -35 -36.25
5 24 23.75 -35 10.75 23.75 -30 10.75 27 -35 12 21.25 -35 8.75
2 24 -5.5 -27.5 -41.75 5.5 -27.5 -41.75
2 24 -20 -27.5 0 -19.25 -27.5 -5.25
5 24 19.25 -35 -6.25 19.25 -30 -6.25 18 -35 -3.25 21.25 -35 -8.75
2 24 41.75 0 -5.5 41.75 0 5.5
5 24 -8.75 -35 21.25 -8.75 -30 21.25 -10.75 -35 23.75 -6.25 -35 19.25
2 24 41 -30 -6.25 42.25 -30 -3.25
5 24 -23.75 -35 10.75 -23.75 -30 10.75 -21 -35 8.75 -26.75 -35 12
5 24 -26.75 -35 12 -26.75 -30 12 -23.75 -35 10.75 -30 -35 12.5
2 24 -5 0 -19.25 0 0 -20
5 24 -17.5 -27.5 0 -17.5 0 0 -16.75 -27.5 -4.5 -16.75 -27.5 4.5
2 24 42.25 -30 -3.25 42.5 -30 0
5 24 43.5 -30 11.75 43.5 0 11.75 45 -30 0 39 -30 22.5
5 24 -40.75 -35 -6.25 -40.75 -30 -6.25 -42 -35 -3.25 -38.75 -35 -8.75
2 24 22.5 0 39 32 0 31.75
5 24 12.25 -35 -33.25 12.25 -30 -33.25 11 -35 -36.25 12.5 -35 -30
5 24 -33.25 -27.5 -25.5 -33.25 0 -25.5 -38.75 -27.5 -16 -25.5 -27.5 -33.5
2 24 -25.5 -27.5 -33.5 -16 -27.5 -39
2 24 -8.75 -35 -21.25 -6.25 -35 -19.25
2 24 -14 -27.5 14.25 -10 -27.5 17.25
5 24 3.25 -35 -12 6.25 -35 10.75 6.25 -35 -10.75 0 -35 -12.5
5 24 -19 -35 6.25 -19 -30 6.25 -17.75 -35 3.25 -21 -35 8.75
2 24 5.5 -27.5 -41.75 16.25 -27.5 -39
5 24 11.75 -30 -43.5 11.75 0 -43.5 0 -30 -45 22.5 -30 -39
5 24 32 -30 -31.75 32 0 -31.75 22.5 -30 -39 39 -30 -22.5
2 24 -22.5 -30 -39 -11.5 -30 -43.5
2 24 -25.5 0 -33.5 -16 0 -39
5 24 -31.75 -30 -31.75 -31.75 0 -31.75 -38.75 -30 -22.5 -22.5 -30 -39
2 24 -10.75 -30 6.25 -8.75 -30 8.75
2 24 33.5 0 25.75 39 0 16.25
5 24 22.5 -30 39 22.5 0 39 11.75 -30 43.5 32 -30 31.75
5 24 -10.75 -35 23.75 -10.75 -30 23.75 -12 -35 26.75 -8.75 -35 21.25
2 24 -10.75 -30 -36.25 -8.75 -30 -38.75
5 24 19.5 -27.5 5.25 19.5 0 5.25 17.5 -27.5 10 20 -27.5 0
2 24 -21 -35 -8.75 -19 -35 -6.25
2 24 -10.75 -30 36.25 -8.75 -30 38.75
5 24 -36.25 -35 -10.75 -33 -35 12 -33 -35 -12 -38.75 -35 -8.75
5 24 11 -35 -6.25 11 -30 -6.25 9 -35 -8.75 12.25 -35 -3.25
2 24 -6.25 -30 -19.25 -3 -30 -18
2 24 -17.5 0 0 -16.75 0 4.5
2 24 -42 -30 3.25 -40.75 -30 6.25
2 24 39 -27.5 16.25 41.75 -27.5 5.5
2 24 33.25 -30 -12 36.25 -30 -10.75
5 24 12.25 -35 33.25 12.25 -30 33.25 12.5 -35 30 11 -35 36.25
5 24 -12.25 -27.5 12.5 -12.25 0 12.5 -8.75 -27.5 15.25 -15 -27.5 8.75
2 24 19.5 -27.5 5.25 20 -27.5 0
2 24 19.25 -30 6.25 21.25 -30 8.75
2 24 -33 -30 12 -30 -30 12.5
2 24 -16.75 0 -4.5 -15 0 -8.75
5 24 -38.75 -27.5 16.25 -38.75 0 16.25 -33.25 -27.5 25.75 -41.75 -27.5 5.5
2 24 42.25 -35 3.25 42.5 -35 0
5 24 0 -35 42.5 0 -30 42.5 3.25 -35 42 -3 -35 42
2 24 -36.25 -30 10.75 -33 -30 12
5 24 27 -35 -12 30 -35 12.5 30 -35 -12.5 23.75 -35 -10.75
2 24 -8.75 -35 21.25 -6.25 -35 19.25
5 24 -10.75 -35 -36.25 -10.75 -30 -36.25 -12 -35 -33.25 -8.75 -35 -38.75
2 24 17.5 -35 0 18 -35 3.25
2 24 9 -30 -38.75 11 -30 -36.25
5 24 0 -35 12.5 0 -30 12.5 3.25 -35 12 -3 -35 12
2 24 -6.25 -35 -10.75 -3 -35 -12
2 24 9 -35 -21.25 11 -35 -23.75
5 24 -33.25 -27.5 -25.5 0 -27.5 0 -25.5 -27.5 -33.5 -38.75 -27.5 -16
2 24 4.75 -27.5 -17 8.75 -27.5 -15.25
5 24 18 -35 3.25 18 -30 3.25 19.25 -35 6.25 17.5 -35 0
2 24 -23.75 -35 10.75 -21 -35 8.75
2 24 -11.5 -30 43.5 0 -30 45
2 24 -3 -30 42 0 -30 42.5
2 24 -12.5 -35 -30 -12 -35 -26.75
2 24 0 -27.5 -17.5 4.75 -27.5 -17
2 24 -16 0 39 -5.5 0 41.75
5 24 16.25 -27.5 39 16.25 0 39 25.75 -27.5 33.5 5.5 -27.5 41.75
2 24 42.25 -35 -3.25 42.5 -35 0
5 24 -23.75 -35 -10.75 -23.75 -30 -10.75 -26.75 -35 -12 -21 -35 -8.75
5 24 23.75 -35 -10.75 27 -35 12 21.25 -35 -8.75 27 -35 -12
5 24 6.25 -35 -10.75 9 -35 8.75 3.25 -35 -12 9 -35 -8.75
2 24 -6.25 -30 40.75 -3 -30 42
5 24 0 -30 0 22.5 -30 -39 39 -30 -22.5 0 -30 -45
2 24 19.25 -30 -6.25 21.25 -30 -8.75
5 24 -16 -27.5 -39 0 -27.5 0 -5.5 -27.5 -41.75 -25.5 -27.5 -33.5
5 24 -12.5 -35 0 -12.5 -30 0 -12 -35 3.25 -12 -35 -3.25
2 24 43.5 -30 11.75 45 -30 0
2 24 3.25 -30 -18 6.25 -30 -19.25
2 24 21.25 -35 -8.75 23.75 -35 -10.75
2 24 39 -30 -22.5 43.5 -30 -11.75
2 24 -12 -30 -26.75 -10.75 -30 -23.75
2 24 6.25 -30 -19.25 9 -30 -21.25
5 24 12.25 -35 -3.25 12.25 -30 -3.25 11 -35 -6.25 12.5 -35 0
2 24 -4.5 0 17 0 0 17.5
5 24 -17.25 -27.5 -10 -17.25 0 -10 -19.25 -27.5 -5.25 -14 -27.5 -14.25
2 24 -12 -35 26.75 -10.75 -35 23.75
2 24 -16.75 0 4.5 -15 0 8.75
5 24 33.5 -27.5 25.75 33.5 0 25.75 39 -27.5 16.25 25.75 -27.5 33.5
2 24 -41.75 -27.5 5.5 -38.75 -27.5 16.25
5 24 -16 -27.5 -39 -16 0 -39 -25.5 -27.5 -33.5 -5.5 -27.5 -41.75
2 24 -8.75 0 15.25 -4.5 0 17
2 24 32 0 31.75 39 0 22.5
2 24 -21 -30 -8.75 -19 -30 -6.25
5 24 11 -35 6.25 11 -30 6.25 12.25 -35 3.25 9 -35 8.75
2 24 3.25 -35 -18 6.25 -35 -19.25
2 24 -42 -35 3.25 -40.75 -35 6.25
5 24 12.5 -35 30 12.5 -30 30 12.25 -35 26.75 12.25 -35 33.25
5 24 10 -27.5 17.25 10 0 17.25 5.25 -27.5 19.25 14.25 -27.5 14.25
2 24 41 -30 6.25 42.25 -30 3.25
2 24 -21 -35 8.75 -19 -35 6.25
5 24 9 -35 8.75 9 -30 8.75 11 -35 6.25 6.25 -35 10.75
5 24 -40.75 -35 -6.25 -38.75 -35 8.75 -38.75 -35 -8.75 -42 -35 -3.25
2 24 9 -30 -8.75 11 -30 -6.25
5 24 -19.25 -27.5 -5.25 -19.25 0 -5.25 -17.25 -27.5 -10 -20 -27.5 0
2 24 11 -35 -36.25 12.25 -35 -33.25
2 24 8.75 0 15.25 12.5 0 12.5
2 24 18 -35 -3.25 19.25 -35 -6.25
2 24 33.25 -35 12 36.25 -35 10.75
2 24 43.5 0 -11.75 45 0 0
2 24 6.25 -35 -40.75 9 -35 -38.75
2 24 3.25 -35 42 6.25 -35 40.75
5 24 0 -30 0 39 -30 -22.5 22.5 -30 -39 45 -30 0
2 24 -26.75 -35 -12 -23.75 -35 -10.75
2 24 36.25 -30 10.75 39 -30 8.75
2 24 -16.75 -27.5 -4.5 -15 -27.5 -8.75
2 24 -6.25 -35 40.75 -3 -35 42
5 24 16.25 -27.5 -39 16.25 0 -39 5.5 -27.5 -41.75 25.75 -27.5 -33.5
2 24 15.25 0 -8.75 17 0 -4.5
5 24 -41.75 -27.5 5.5 -41.75 0 5.5 -41.75 -27.5 -5.5 -38.75 -27.5 16.25
2 24 -22.5 0 39 -11.5 0 43.5
2 24 15.25 -27.5 8.75 17 -27.5 4.5
5 24 12.5 -35 -30 12.5 -30 -30 12.25 -35 -33.25 12.25 -35 -26.75
5 24 33.5 -27.5 -25.5 33.5 0 -25.5 25.75 -27.5 -33.5 39 -27.5 -16
2 24 -43.25 -30 11.75 -38.75 -30 22.5
2 24 12.25 -35 33.25 12.5 -35 30
2 24 0 -30 -42.5 3.25 -30 -42
5 24 17.5 -35 0 17.5 -30 0 18 -35 3.25 18 -35 -3.25
2 24 -40.75 -30 -6.25 -38.75 -30 -8.75
2 24 25.75 0 33.5 33.5 0 25.75
2 24 -33.25 -27.5 25.75 -25.5 -27.5 33.5
2 24 -8.75 -30 -21.25 -6.25 -30 -19.25
2 24 -38.75 -30 -8.75 -36.25 -30 -10.75
2 24 -8.75 0 -15.25 -4.5 0 -17
2 24 5.25 0 -19.25 10 0 -17.25
5 24 5.5 -27.5 -41.75 5.5 0 -41.75 -5.5 -27.5 -41.75 16.25 -27.5 -39
2 24 -5.5 -27.5 41.75 5.5 -27.5 41.75
5 24 12.25 -35 -26.75 12.25 -30 -26.75 12.5 -35 -30 11 -35 -23.75
5 24 -38.75 -35 -8.75 -38.75 -30 -8.75 -40.75 -35 -6.25 -36.25 -35 -10.75
5 24 -20 -27.5 0 -20 0 0 -19.25 -27.5 5.25 -19.25 -27.5 -5.25
5 24 25.75 -27.5 -33.5 25.75 0 -33.5 16.25 -27.5 -39 33.5 -27.5 -25.5
2 24 11 -30 6.25 12.25 -30 3.25
2 24 33.25 -35 -12 36.25 -35 -10.75
2 24 19.5 0 5.25 20 0 0
5 24 27 -35 -12 27 -30 -12 23.75 -35 -10.75 30 -35 -12.5
5 24 3.25 -35 -18 3.25 -30 -18 6.25 -35 -19.25 0 -35 -17.5
2 24 12.25 -35 -3.25 12.5 -35 0
2 24 -11.5 0 -43.5 0 0 -45
2 24 9 -35 -38.75 11 -35 -36.25
5 24 -8.75 -35 38.75 -8.75 -30 38.75 -6.25 -35 40.75 -10.75 -35 36.25
2 24 -21 -30 8.75 -19 -30 6.25
2 24 -36.25 -30 -10.75 -33 -30 -12
2 24 25.75 -27.5 -33.5 33.5 -27.5 -25.5
2 24 0 -27.5 -20 5.25 -27.5 -19.25
5 24 -11.5 -30 43.5 -11.5 0 43.5 0 -30 45 -22.5 -30 39
2 24 3.25 -30 42 6.25 -30 40.75
5 24 0 -30 45 0 -30 0 -11.5 -30 43.5 11.75 -30 43.5
2 24 10 -27.5 -17.25 14.25 -27.5 -14.25
2 24 -4.5 -27.5 -17 0 -27.5 -17.5
5 24 6.25 -35 -40.75 6.25 -30 -40.75 9 -35 -38.75 3.25 -35 -42
5 24 -38.75 -27.5 16.25 0 -27.5 0 -33.25 -27.5 25.75 -41.75 -27.5 5.5
5 24 -12 -35 -33.25 -12 -30 -33.25 -12.5 -35 -30 -10.75 -35 -36.25
5 24 17.5 -27.5 10 17.5 0 10 14.25 -27.5 14.25 19.5 -27.5 5.25
2 24 0 -35 -12.5 3.25 -35 -12
2 24 -10.75 -35 23.75 -8.75 -35 21.25
2 24 -43.25 -30 -11.75 -38.75 -30 -22.5
5 24 42.25 -35 3.25 42.25 -30 3.25 42.5 -35 0 41 -35 6.25
2 24 -15 0 -8.75 -12.25 0 -12.25
5 24 0 -27.5 0 41.75 -27.5 5.5 33.5 -27.5 25.75 39 -27.5 -16
5 24 9 -35 -8.75 9 -30 -8.75 6.25 -35 -10.75 11 -35 -6.25
2 24 -3 -30 -42 0 -30 -42.5
2 24 -3 -35 -18 0 -35 -17.5
2 24 39 0 -16 41.75 0 -5.5
2 24 -38.75 -27.5 -16 -33.25 -27.5 -25.5
2 24 6.25 -35 19.25 9 -35 21.25
2 24 23.75 -30 -10.75 27 -30 -12
5 24 17 -27.5 -4.5 17 0 -4.5 15.25 -27.5 -8.75 17.5 -27.5 0
2 24 -12 -30 33.25 -10.75 -30 36.25
2 24 -12 -35 -33.25 -10.75 -35 -36.25
2 24 25.75 0 -33.5 33.5 0 -25.5
2 24 -17.5 -27.5 0 -16.75 -27.5 4.5
5 24 -6.25 -35 19.25 -6.25 -30 19.25 -8.75 -35 21.25 -3 -35 18
5 24 -5.5 -27.5 41.75 0 -27.5 0 -16 -27.5 39 5.5 -27.5 41.75
2 24 17 -27.5 -4.5 17.5 -27.5 0
2 24 -3 -35 -42 0 -35 -42.5
5 24 -3 -35 42 -3 -30 42 -6.25 -35 40.75 0 -35 42.5
5 24 0 -27.5 0 5.5 -27.5 -41.75 -16 -27.5 -39 25.75 -27.5 -33.5
2 24 39 -30 22.5 43.5 -30 11.75
5 24 -16.75 -27.5 -4.5 -16.75 0 -4.5 -15 -27.5 -8.75 -17.5 -27.5 0
2 24 -14 0 -14.25 -10 0 -17.25
2 24 -11.5 -30 -43.5 0 -30 -45
5 24 9 -35 38.75 9 -30 38.75 11 -35 36.25 6.25 -35 40.75
2 24 12.25 -30 33.25 12.5 -30 30
2 24 -30 -30 12.5 -26.75 -30 12
5 24 0 -35 -12.5 3.25 -35 12 3.25 -35 -12 -3 -35 -12
5 24 9 -35 -8.75 11 -35 6.25 11 -35 -6.25 6.25 -35 -10.75
5 24 -30 -35 -12.5 -26.75 -35 12 -26.75 -35 -12 -33 -35 -12
5 24 -22.5 -30 -39 -22.5 0 -39 -31.75 -30 -31.75 -11.5 -30 -43.5
2 24 14.25 0 -14.25 17.5 0 -10
2 24 -15 -27.5 -8.75 -12.25 -27.5 -12.25
2 24 11 -35 -6.25 12.25 -35 -3.25
2 24 -12.5 -30 0 -12 -30 3.25
5 24 -10.75 -35 36.25 -10.75 -30 36.25 -8.75 -35 38.75 -12 -35 33.25
2 24 -36.25 -35 10.75 -33 -35 12
5 24 -14 -27.5 -14.25 -14 0 -14.25 -17.25 -27.5 -10 -10 -27.5 -17.25
2 24 -17.25 -27.5 10 -14 -27.5 14.25
5 24 3.25 -35 42 3.25 -30 42 6.25 -35 40.75 0 -35 42.5
5 24 -33 -35 12 -33 -30 12 -30 -35 12.5 -36.25 -35 10.75
2 24 17.5 0 10 19.5 0 5.25
2 24 17 -27.5 4.5 17.5 -27.5 0
2 24 -19.25 0 -5.25 -17.25 0 -10
5 24 0 -30 0 45 -30 0 39 -30 22.5 39 -30 -22.5
2 24 39 0 16.25 41.75 0 5.5
5 24 41.75 -27.5 5.5 41.75 0 5.5 41.75 -27.5 -5.5 39 -27.5 16.25
2 24 -12.5 -30 0 -12 -30 -3.25
5 24 6.25 -35 -10.75 6.25 -30 -10.75 3.25 -35 -12 9 -35 -8.75
2 24 -33 -30 -12 -30 -30 -12.5
2 24 9 -30 21.25 11 -30 23.75
2 24 -12 -35 -3.25 -10.75 -35 -6.25
2 24 -3 -30 18 0 -30 17.5
2 24 0 -30 -17.5 3.25 -30 -18
2 24 0 -30 -12.5 3.25 -30 -12
2 24 -31.75 0 -31.75 -22.5 0 -39
5 24 30 -35 -12.5 33.25 -35 12 33.25 -35 -12 27 -35 -12
2 24 -25.5 -27.5 33.5 -16 -27.5 39
5 24 -25.5 -27.5 33.5 0 -27.5 0 -16 -27.5 39 -33.25 -27.5 25.75
5 24 25.75 -27.5 33.5 25.75 0 33.5 33.5 -27.5 25.75 16.25 -27.5 39
5 24 -12 -35 -3.25 -12 -30 -3.25 -12.5 -35 0 -10.75 -35 -6.25
2 24 -3 -35 42 0 -35 42.5
2 24 19.25 -35 6.25 21.25 -35 8.75
5 24 30 -35 -12.5 30 -30 -12.5 33.25 -35 -12 27 -35 -12
2 24 33.5 0 -25.5 39 0 -16
5 24 -21 -35 8.75 -21 -30 8.75 -19 -35 6.25 -23.75 -35 10.75
2 24 -12 -30 -3.25 -10.75 -30 -6.25
2 24 -12.5 -35 0 -12 -35 -3.25
5 24 -10 -27.5 -17.25 -10 0 -17.25 -14 -27.5 -14.25 -5 -27.5 -19.25
5 24 -43.25 -30 11.75 0 -30 0 -38.75 -30 22.5 -45 -30 0
2 24 -5.5 0 -41.75 5.5 0 -41.75
2 24 -16 -27.5 39 -5.5 -27.5 41.75
5 24 0 -35 -17.5 0 -30 -17.5 -3 -35 -18 3.25 -35 -18
2 24 -8.75 -30 21.25 -6.25 -30 19.25
5 24 12.25 -35 26.75 12.25 -30 26.75 11 -35 23.75 12.5 -35 30
2 24 4.75 0 -17 8.75 0 -15.25
5 24 39 -35 -8.75 39 -30 -8.75 36.25 -35 -10.75 41 -35 -6.25
5 24 0 -27.5 -17.5 0 0 -17.5 4.75 -27.5 -17 -4.5 -27.5 -17
2 24 -12 -30 3.25 -10.75 -30 6.25
2 24 39 -30 8.75 41 -30 6.25
5 24 -6.25 -35 -10.75 -6.25 -30 -10.75 -8.75 -35 -8.75 -3 -35 -12
2 24 9 -35 -8.75 11 -35 -6.25
2 24 0 -27.5 17.5 4.75 -27.5 17
2 24 10 0 -17.25 14.25 0 -14.25
2 24 -12 -30 26.75 -10.75 -30 23.75
2 24 12.25 -35 3.25 12.5 -35 0
5 24 0 -27.5 -20 0 0 -20 -5 -27.5 -19.25 5.25 -27.5 -19.25
2 24 12.25 -35 -26.75 12.5 -35 -30
2 24 -41.75 -27.5 -5.5 -41.75 -27.5 5.5
5 24 -8.75 -35 -8.75 -6.25 -35 10.75 -6.25 -35 -10.75 -10.75 -35 -6.25
5 24 3.25 -35 -12 3.25 -30 -12 0 -35 -12.5 6.25 -35 -10.75
5 24 0 -27.5 0 39 -27.5 -16 25.75 -27.5 -33.5 41.75 -27.5 5.5
5 24 5.25 -27.5 19.25 5.25 0 19.25 10 -27.5 17.25 0 -27.5 20
2 24 -26.75 -30 -12 -23.75 -30 -10.75
5 24 -3 -35 18 -3 -30 18 -6.25 -35 19.25 0 -35 17.5
5 24 39 -35 8.75 39 -30 8.75 41 -35 6.25 36.25 -35 10.75
2 24 19.5 -27.5 -5.25 20 -27.5 0
2 24 -8.75 -35 8.75 -6.25 -35 10.75
2 24 16.25 0 39 25.75 0 33.5
2 24 6.25 -30 -40.75 9 -30 -38.75
2 24 5.5 -27.5 41.75 16.25 -27.5 39
2 24 -19 -30 6.25 -17.75 -30 3.25
5 24 22.5 0 39 25.75 0 33.5 11.75 0 43.5 32 0 31.75
2 24 -23.75 -30 10.75 -21 -30 8.75
5 24 11 -35 -6.25 12.25 -35 3.25 9 -35 -8.75 12.25 -35 -3.25
2 24 -41.75 0 5.5 -38.75 0 16.25
5 24 -30 -35 12.5 -30 -30 12.5 -26.75 -35 12 -33 -35 12
5 24 39 -27.5 16.25 39 0 16.25 41.75 -27.5 5.5 33.5 -27.5 25.75
2 24 -31.75 -30 -31.75 -22.5 -30 -39
2 24 3.25 -30 -42 6.25 -30 -40.75
5 24 -11.5 -30 -43.5 0 -30 0 0 -30 -45 -22.5 -30 -39
2 24 0 -30 45 11.75 -30 43.5
5 24 -38.75 -35 8.75 -38.75 -30 8.75 -36.25 -35 10.75 -40.75 -35 6.25
5 24 6.25 -35 -19.25 6.25 -30 -19.25 9 -35 -21.25 3.25 -35 -18
5 24 5.25 -27.5 -19.25 5.25 0 -19.25 0 -27.5 -20 10 -27.5 -17.25
2 24 0 -30 42.5 3.25 -30 42
5 24 -42 -35 -3.25 -42 -30 -3.25 -42.5 -35 0 -40.75 -35 -6.25
2 24 17.5 -30 0 18 -30 -3.25
2 24 39 -27.5 -16 41.75 -27.5 -5.5
2 24 -12.5 -35 30 -12 -35 33.25
2 24 -17.5 -27.5 0 -16.75 -27.5 -4.5
2 24 -17.25 0 -10 -14 0 -14.25
5 24 -8.75 -27.5 -15.25 -8.75 0 -15.25 -4.5 -27.5 -17 -12.25 -27.5 -12.25
5 24 41.75 -27.5 -5.5 41.75 0 -5.5 39 -27.5 -16 41.75 -27.5 5.5
2 24 0 0 -20 5.25 0 -19.25
2 24 -3 -35 12 0 -35 12.5
5 24 -10.75 -35 -6.25 -10.75 -30 -6.25 -12 -35 -3.25 -8.75 -35 -8.75
5 24 0 -35 17.5 0 -30 17.5 -3 -35 18 3.25 -35 18
2 24 -42.5 -35 0 -42 -35 -3.25
2 24 33.5 -27.5 -25.5 39 -27.5 -16
2 24 8.75 -27.5 -15.25 12.5 -27.5 -12.25
2 24 39 -35 8.75 41 -35 6.25
2 24 -43.25 0 -11.75 -38.75 0 -22.5
5 24 -10 -27.5 17.25 -10 0 17.25 -14 -27.5 14.25 -5 -27.5 19.25
2 24 27 -35 -12 30 -35 -12.5
2 24 8.75 -27.5 15.25 12.5 -27.5 12.5
2 24 12.5 -27.5 -12.25 15.25 -27.5 -8.75
5 24 36.25 -35 10.75 36.25 -30 10.75 39 -35 8.75 33.25 -35 12
2 24 43.5 -30 -11.75 45 -30 0
5 24 -21 -35 -8.75 -21 -30 -8.75 -23.75 -35 -10.75 -19 -35 -6.25
2 24 -12.5 -30 -30 -12 -30 -33.25
2 24 11 -35 6.25 12.25 -35 3.25
5 24 -17.75 -35 3.25 -17.75 -30 3.25 -17.5 -35 0 -19 -35 6.25
2 24 12.25 -35 -33.25 12.5 -35 -30
5 24 -12 -35 33.25 -12 -30 33.25 -10.75 -35 36.25 -12.5 -35 30
2 24 11 -30 -6.25 12.25 -30 -3.25
5 24 -14 -27.5 14.25 -14 0 14.25 -17.25 -27.5 10 -10 -27.5 17.25
2 24 -41.75 -27.5 -5.5 -38.75 -27.5 -16
2 24 42.25 -30 3.25 42.5 -30 0
2 24 10 -27.5 17.25 14.25 -27.5 14.25
2 24 17.5 -30 0 18 -30 3.25
2 24 -38.75 0 22.5 -31.75 0 31.75
2 24 17.5 -27.5 -10 19.5 -27.5 -5.25
5 24 0 -27.5 20 0 0 20 -5 -27.5 19.25 5.25 -27.5 19.25
2 24 0 -30 17.5 3.25 -30 18
2 24 -22.5 0 -39 -11.5 0 -43.5
2 24 21.25 -30 8.75 23.75 -30 10.75
5 24 -42 -35 -3.25 -40.75 -35 6.25 -40.75 -35 -6.25 -42.5 -35 0
5 24 0 -27.5 0 16.25 -27.5 39 -5.5 -27.5 41.75 33.5 -27.5 25.75
5 24 41 -35 -6.25 41 -30 -6.25 39 -35 -8.75 42.25 -35 -3.25
2 24 -36.25 -35 -10.75 -33 -35 -12
5 24 -6.25 -35 -40.75 -6.25 -30 -40.75 -8.75 -35 -38.75 -3 -35 -42
2 24 -8.75 -30 8.75 -6.25 -30 10.75
2 24 12.25 -30 -26.75 12.5 -30 -30
2 24 -38.75 0 -16 -33.25 0 -25.5
2 24 11 -30 -23.75 12.25 -30 -26.75
2 24 -4.5 0 -17 0 0 -17.5
2 24 -3 -35 18 0 -35 17.5
2 24 5.25 -27.5 -19.25 10 -27.5 -17.25
2 24 -10.75 -35 -6.25 -8.75 -35 -8.75
5 24 -33 -35 -12 -30 -35 12.5 -30 -35 -12.5 -36.25 -35 -10.75
2 24 -30 -35 12.5 -26.75 -35 12
5 24 -41.75 -27.5 -5.5 0 -27.5 0 -38.75 -27.5 -16 -41.75 -27.5 5.5
5 24 42.25 -35 -3.25 42.25 -30 -3.25 41 -35 -6.25 42.5 -35 0
5 24 21.25 -35 -8.75 21.25 -30 -8.75 19.25 -35 -6.25 23.75 -35 -10.75
5 24 -6.25 -35 -10.75 -3 -35 12 -8.75 -35 -8.75 -3 -35 -12
2 24 0 -35 17.5 3.25 -35 18
2 24 -3 -35 -12 0 -35 -12.5
2 24 -12.5 -35 30 -12 -35 26.75
2 24 -16 0 -39 -5.5 0 -41.75
5 24 9 -35 -21.25 9 -30 -21.25 11 -35 -23.75 6.25 -35 -19.25
5 24 -5 -27.5 -19.25 -5 0 -19.25 0 -27.5 -20 -10 -27.5 -17.25
2 24 27 -30 -12 30 -30 -12.5
5 24 19.25 -35 6.25 19.25 -30 6.25 21.25 -35 8.75 18 -35 3.25
5 24 43.5 -30 -11.75 43.5 0 -11.75 39 -30 -22.5 45 -30 0
5 24 33.25 -35 -12 36.25 -35 10.75 36.25 -35 -10.75 30 -35 -12.5
5 24 5.5 -27.5 41.75 5.5 0 41.75 16.25 -27.5 39 -5.5 -27.5 41.75
5 24 17.5 -27.5 -10 17.5 0 -10 14.25 -27.5 -14.25 19.5 -27.5 -5.25
2 24 -19 -35 -6.25 -17.75 -35 -3.25
2 24 -41.75 0 -5.5 -41.75 0 5.5
2 24 -38.75 -30 -22.5 -31.75 -30 -31.75
2 24 21.25 -30 -8.75 23.75 -30 -10.75
2 24 12.25 -30 3.25 12.5 -30 0
5 24 -43.25 -30 -11.75 -43.25 0 -11.75 -45 -30 0 -38.75 -30 -22.5
2 24 4.75 -27.5 17 8.75 -27.5 15.25
2 24 0 -27.5 20 5.25 -27.5 19.25
5 24 12.25 -35 3.25 12.25 -30 3.25 12.5 -35 0 11 -35 6.25
2 24 -10.75 -35 -23.75 -8.75 -35 -21.25
5 24 18 -35 -3.25 18 -30 -3.25 17.5 -35 0 19.25 -35 -6.25
5 24 27 -35 12 27 -30 12 30 -35 12.5 23.75 -35 10.75
5 24 4.75 -27.5 17 4.75 0 17 8.75 -27.5 15.25 0 -27.5 17.5
2 24 -17.25 0 10 -14 0 14.25
2 24 12.25 -30 -3.25 12.5 -30 0
2 24 5.25 0 19.25 10 0 17.25
2 24 0 0 -45 11.75 0 -43.5
2 24 -40.75 -35 6.25 -38.75 -35 8.75
5 24 0 -30 0 22.5 -30 39 0 -30 45 39 -30 22.5
2 24 -42.5 -30 0 -42 -30 -3.25
2 24 -38.75 0 -22.5 -31.75 0 -31.75
5 24 0 -30 -45 0 0 -45 -11.5 -30 -43.5 11.75 -30 -43.5
2 24 6.25 -35 -10.75 9 -35 -8.75
2 24 -19.25 -27.5 -5.25 -17.25 -27.5 -10
2 24 32 0 -31.75 39 0 -22.5
2 24 -12.5 -35 0 -12 -35 3.25
5 24 39 -30 22.5 39 0 22.5 43.5 -30 11.75 32 -30 31.75
5 24 6.25 -35 40.75 6.25 -30 40.75 9 -35 38.75 3.25 -35 42
2 24 14.25 -27.5 -14.25 17.5 -27.5 -10
5 24 -26.75 -35 -12 -26.75 -30 -12 -30 -35 -12.5 -23.75 -35 -10.75
5 24 -25.5 -27.5 33.5 -25.5 0 33.5 -33.25 -27.5 25.75 -16 -27.5 39
2 24 6.25 -35 -19.25 9 -35 -21.25
2 24 19.25 -35 -6.25 21.25 -35 -8.75
2 24 3.25 -30 -12 6.25 -30 -10.75
2 24 8.75 0 -15.25 12.5 0 -12.25
5 24 8.75 -27.5 15.25 8.75 0 15.25 4.75 -27.5 17 12.5 -27.5 12.5
2 24 -19 -30 -6.25 -17.75 -30 -3.25
2 24 -17.5 0 0 -16.75 0 -4.5
2 24 17 0 4.5 17.5 0 0
2 24 30 -35 12.5 33.25 -35 12
2 24 0 -35 12.5 3.25 -35 12
5 24 -3 -35 -18 -3 -30 -18 0 -35 -17.5 -6.25 -35 -19.25
5 24 3.25 -35 18 3.25 -30 18 0 -35 17.5 6.25 -35 19.25
2 24 11 -30 -36.25 12.25 -30 -33.25
2 24 -23.75 -35 -10.75 -21 -35 -8.75
2 24 -12 -30 -33.25 -10.75 -30 -36.25
2 24 36.25 -35 -10.75 39 -35 -8.75
2 24 -8.75 -27.5 -15.25 -4.5 -27.5 -17
5 24 21.25 -35 8.75 21.25 -30 8.75 23.75 -35 10.75 19.25 -35 6.25
5 24 -45 -30 0 -45 0 0 -43.25 -30 11.75 -43.25 -30 -11.75
5 24 0 -35 -12.5 0 -30 -12.5 3.25 -35 -12 -3 -35 -12
2 24 11.75 0 43.5 22.5 0 39
5 24 -15 -27.5 -8.75 -15 0 -8.75 -16.75 -27.5 -4.5 -12.25 -27.5 -12.25
2 24 -38.75 -35 -8.75 -36.25 -35 -10.75
5 24 -8.75 -35 -21.25 -8.75 -30 -21.25 -6.25 -35 -19.25 -10.75 -35 -23.75
2 24 12.5 -27.5 12.5 15.25 -27.5 8.75
2 24 17.5 -27.5 10 19.5 -27.5 5.25
2 24 -10.75 -30 -6.25 -8.75 -30 -8.75
5 24 -5 -27.5 19.25 -5 0 19.25 -10 -27.5 17.25 0 -27.5 20
2 24 -38.75 -35 8.75 -36.25 -35 10.75
2 24 16.25 0 -39 25.75 0 -33.5
5 24 45 -30 0 45 0 0 43.5 -30 -11.75 43.5 -30 11.75
5 24 0 -30 -45 0 -30 0 -11.5 -30 -43.5 11.75 -30 -43.5
5 24 -5.5 -27.5 41.75 -5.5 0 41.75 5.5 -27.5 41.75 -16 -27.5 39
5 24 6.25 -35 19.25 6.25 -30 19.25 3.25 -35 18 9 -35 21.25
2 24 10 0 17.25 14.25 0 14.25
2 24 -17.75 -35 3.25 -17.5 -35 0
2 24 -41.75 0 -5.5 -38.75 0 -16
5 24 -4.5 -27.5 -17 -4.5 0 -17 0 -27.5 -17.5 -8.75 -27.5 -15.25
2 24 30 -35 -12.5 33.25 -35 -12
5 24 -10.75 -35 -6.25 -8.75 -35 8.75 -8.75 -35 -8.75 -12 -35 -3.25
5 24 -17.75 -35 -3.25 -17.75 -30 -3.25 -19 -35 -6.25 -17.5 -35 0
2 24 -40.75 -35 -6.25 -38.75 -35 -8.75
2 24 3.25 -35 18 6.25 -35 19.25
2 24 -19 -35 6.25 -17.75 -35 3.25
2 24 -42.5 -30 0 -42 -30 3.25
2 24 9 -35 8.75 11 -35 6.25
2 24 -31.75 0 31.75 -22.5 0 39
2 24 -19.25 0 5.25 -17.25 0 10
5 24 12.5 -35 0 12.5 -30 0 12.25 -35 -3.25 12.25 -35 3.25
2 24 23.75 -35 -10.75 27 -35 -12
2 24 39 0 22.5 43.5 0 11.75
2 24 -8.75 -35 -8.75 -6.25 -35 -10.75
2 24 6.25 -30 -10.75 9 -30 -8.75
2 24 5.25 -27.5 19.25 10 -27.5 17.25
5 24 -22.5 -30 39 -22.5 0 39 -31.75 -30 31.75 -11.5 -30 43.5
5 24 -16 -27.5 39 -16 0 39 -25.5 -27.5 33.5 -5.5 -27.5 41.75
2 24 -38.75 -30 8.75 -36.25 -30 10.75
2 24 -14 -27.5 -14.25 -10 -27.5 -17.25
2 24 6.25 -30 19.25 9 -30 21.25
2 24 -10 0 17.25 -5 0 19.25
2 24 -30 -35 -12.5 -26.75 -35 -12
2 24 -6.25 -30 -10.75 -3 -30 -12
2 24 -10 -27.5 17.25 -5 -27.5 19.25
2 24 -10.75 -35 36.25 -8.75 -35 38.75
5 24 -38.75 -27.5 -16 -38.75 0 -16 -33.25 -27.5 -25.5 -41.75 -27.5 -5.5
5 24 0 -35 -42.5 0 -30 -42.5 -3 -35 -42 3.25 -35 -42
2 24 -38.75 0 16.25 -33.25 0 25.75
2 24 11.75 -30 43.5 22.5 -30 39
5 24 9 -35 21.25 9 -30 21.25 6.25 -35 19.25 11 -35 23.75
2 24 -6.25 -35 10.75 -3 -35 12
5 24 14.25 -27.5 -14.25 14.25 0 -14.25 10 -27.5 -17.25 17.5 -27.5 -10
2 24 0 0 17.5 4.75 0 17
2 24 17.5 0 -10 19.5 0 -5.25
2 24 -12.25 0 12.5 -8.75 0 15.25
2 24 41 -35 -6.25 42.25 -35 -3.25
5 24 -12.5 -35 30 -12.5 -30 30 -12 -35 33.25 -12 -35 26.75
5 24 0 -30 45 0 0 45 -11.5 -30 43.5 11.75 -30 43.5
5 24 6.25 -35 10.75 6.25 -30 10.75 9 -35 8.75 3.25 -35 12
2 24 33.5 -27.5 25.75 39 -27.5 16.25
2 24 -6.25 -30 19.25 -3 -30 18
5 24 -33 -35 -12 -33 -30 -12 -36.25 -35 -10.75 -30 -35 -12.5
5 24 -30 -35 -12.5 -30 -30 -12.5 -26.75 -35 -12 -33 -35 -12
5 24 12.5 -27.5 12.5 12.5 0 12.5 8.75 -27.5 15.25 15.25 -27.5 8.75
2 24 -8.75 -30 -38.75 -6.25 -30 -40.75
5 24 -19.25 -27.5 5.25 -19.25 0 5.25 -20 -27.5 0 -17.25 -27.5 10
5 24 -15 -27.5 8.75 -15 0 8.75 -16.75 -27.5 4.5 -12.25 -27.5 12.5
2 24 9 -35 38.75 11 -35 36.25
2 24 -20 -27.5 0 -19.25 -27.5 5.25
2 24 -17.75 -30 3.25 -17.5 -30 0
5 24 -12.25 -27.5 -12.25 -12.25 0 -12.25 -8.75 -27.5 -15.25 -15 -27.5 -8.75
2 24 -33.25 0 -25.5 -25.5 0 -33.5
2 24 -23.75 -30 -10.75 -21 -30 -8.75
2 24 4.75 0 17 8.75 0 15.25
2 24 11 -30 36.25 12.25 -30 33.25
2 24 -8.75 -30 -8.75 -6.25 -30 -10.75
2 24 16.25 -27.5 -39 25.75 -27.5 -33.5
5 24 -41.75 -27.5 -5.5 -41.75 0 -5.5 -41.75 -27.5 5.5 -38.75 -27.5 -16
2 24 -43.25 0 11.75 -38.75 0 22.5
5 24 -33.25 0 25.75 -31.75 0 31.75 -25.5 0 33.5 -38.75 0 16.25
2 24 41.75 -27.5 -5.5 41.75 -27.5 5.5
5 24 11 -35 -23.75 11 -30 -23.75 12.25 -35 -26.75 9 -35 -21.25
2 24 -19.25 -27.5 5.25 -17.25 -27.5 10
5 24 12.5 -27.5 -12.25 12.5 0 -12.25 8.75 -27.5 -15.25 15.25 -27.5 -8.75
2 24 -12.5 -35 -30 -12 -35 -33.25
2 24 -12 -35 -26.75 -10.75 -35 -23.75
5 24 41 -35 -6.25 42.25 -35 3.25 39 -35 -8.75 42.25 -35 -3.25
2 24 -16.75 -27.5 4.5 -15 -27.5 8.75
5 24 20 -27.5 0 20 0 0 19.5 -27.5 5.25 19.5 -27.5 -5.25
5 24 -11.5 -30 -43.5 -11.5 0 -43.5 0 -30 -45 -22.5 -30 -39
5 24 -4.5 -27.5 17 -4.5 0 17 0 -27.5 17.5 -8.75 -27.5 15.25
5 24 -8.75 -35 -38.75 -8.75 -30 -38.75 -10.75 -35 -36.25 -6.25 -35 -40.75
2 24 -10.75 -30 23.75 -8.75 -30 21.25
2 24 23.75 -35 10.75 27 -35 12
5 24 19.25 -35 -6.25 21.25 -35 8.75 21.25 -35 -8.75 18 -35 -3.25
2 24 -12 -35 33.25 -10.75 -35 36.25
5 24 0 -30 0 39 -30 22.5 45 -30 0 22.5 -30 39
5 24 -38.75 -35 -8.75 -36.25 -35 10.75 -40.75 -35 -6.25 -36.25 -35 -10.75
2 24 -5 0 19.25 0 0 20
5 24 19.5 -27.5 -5.25 19.5 0 -5.25 20 -27.5 0 17.5 -27.5 -10
5 24 39 -30 -22.5 39 0 -22.5 32 -30 -31.75 43.5 -30 -11.75
2 24 25.75 -27.5 33.5 33.5 -27.5 25.75
2 24 9 -35 21.25 11 -35 23.75
2 24 -15 0 8.75 -12.25 0 12.5
2 24 36.25 -30 -10.75 39 -30 -8.75
2 24 -6.25 -30 10.75 -3 -30 12
2 24 -26.75 -30 12 -23.75 -30 10.75
2 24 0 -35 -17.5 3.25 -35 -18
5 24 -36.25 -35 -10.75 -36.25 -30 -10.75 -38.75 -35 -8.75 -33 -35 -12
5 24 3.25 -35 -42 3.25 -30 -42 0 -35 -42.5 6.25 -35 -40.75
5 24 36.25 -35 -10.75 39 -35 8.75 39 -35 -8.75 33.25 -35 -12
2 24 0 -35 -42.5 3.25 -35 -42
2 24 0 0 45 11.75 0 43.5
2 24 -45 0 0 -43.25 0 -11.75
2 24 6.25 -30 10.75 9 -30 8.75
5 24 42.5 -35 0 42.5 -30 0 42.25 -35 -3.25 42.25 -35 3.25
2 24 -6.25 -35 -19.25 -3 -35 -18
5 24 15.25 -27.5 8.75 15.25 0 8.75 12.5 -27.5 12.5 17 -27.5 4.5
5 24 0 -27.5 0 33.5 -27.5 25.75 41.75 -27.5 5.5 16.25 -27.5 39
2 24 6.25 -35 40.75 9 -35 38.75
5 24 0 -27.5 17.5 0 0 17.5 4.75 -27.5 17 -4.5 -27.5 17
5 24 -43.25 -30 11.75 -43.25 0 11.75 -38.75 -30 22.5 -45 -30 0
5 24 -19 -35 -6.25 -17.75 -35 3.25 -21 -35 -8.75 -17.75 -35 -3.25
2 24 -12.25 -27.5 12.5 -8.75 -27.5 15.25
5 24 11 -35 36.25 11 -30 36.25 12.25 -35 33.25 9 -35 38.75
2 24 -16 -27.5 -39 -5.5 -27.5 -41.75
5 24 -42.5 -35 0 -42.5 -30 0 -42 -35 3.25 -42 -35 -3.25
2 24 -17.75 -35 -3.25 -17.5 -35 0
2 24 -17.25 -27.5 -10 -14 -27.5 -14.25
5 24 -12 -35 -26.75 -12 -30 -26.75 -10.75 -35 -23.75 -12.5 -35 -30
5 24 -3 -35 12 -3 -30 12 0 -35 12.5 -6.25 -35 10.75
5 24 0 -27.5 0 25.75 -27.5 -33.5 39 -27.5 -16 5.5 -27.5 -41.75
2 24 -38.75 -30 22.5 -31.75 -30 31.75
5 24 -6.25 -35 40.75 -6.25 -30 40.75 -3 -35 42 -8.75 -35 38.75
2 24 -38.75 -27.5 16.25 -33.25 -27.5 25.75
2 24 11.75 -30 -43.5 22.5 -30 -39
5 24 8.75 -27.5 -15.25 8.75 0 -15.25 12.5 -27.5 -12.25 4.75 -27.5 -17
5 24 -8.75 -35 8.75 -8.75 -30 8.75 -6.25 -35 10.75 -10.75 -35 6.25
2 24 -10.75 -35 -36.25 -8.75 -35 -38.75
2 24 3.25 -30 12 6.25 -30 10.75
5 24 -17.25 -27.5 10 -17.25 0 10 -19.25 -27.5 5.25 -14 -27.5 14.25
2 24 14.25 0 14.25 17.5 0 10
2 24 11 -35 -23.75 12.25 -35 -26.75
5 24 -38.75 -30 -22.5 -38.75 0 -22.5 -43.25 -30 -11.75 -31.75 -30 -31.75
5 24 -40.75 -35 6.25 -40.75 -30 6.25 -38.75 -35 8.75 -42 -35 3.25
5 24 17 -27.5 4.5 17 0 4.5 17.5 -27.5 0 15.25 -27.5 8.75
2 24 -3 -30 -12 0 -30 -12.5
5 24 -12 -35 26.75 -12 -30 26.75 -12.5 -35 30 -10.75 -35 23.75
5 24 18 -35 -3.25 19.25 -35 6.25 19.25 -35 -6.25 17.5 -35 0
5 24 33.25 -35 -12 33.25 -30 -12 30 -35 -12.5 36.25 -35 -10.75
2 24 3.25 -35 -12 6.25 -35 -10.75
2 24 12.5 0 12.5 15.25 0 8.75
2 24 43.5 0 11.75 45 0 0
5 24 3.25 -35 12 3.25 -30 12 6.25 -35 10.75 0 -35 12.5
2 24 -6.25 -35 -40.75 -3 -35 -42
5 24 36.25 -35 -10.75 36.25 -30 -10.75 33.25 -35 -12 39 -35 -8.75
2 24 11 -30 23.75 12.25 -30 26.75
2 24 -8.75 -35 -38.75 -6.25 -35 -40.75
2 24 3.25 -30 18 6.25 -30 19.25
2 24 32 -30 31.75 39 -30 22.5
2 24 21.25 -35 8.75 23.75 -35 10.75
2 24 -3 -30 -18 0 -30 -17.5
2 24 -33.25 0 25.75 -25.5 0 33.5
5 24 32 0 31.75 33.5 0 25.75 22.5 0 39 39 0 22.5
5 24 -8.75 -27.5 15.25 -8.75 0 15.25 -12.25 -27.5 12.5 -4.5 -27.5 17
2 24 -20 0 0 -19.25 0 5.25
2 24 18 -35 3.25 19.25 -35 6.25
5 24 14.25 -27.5 14.25 14.25 0 14.25 10 -27.5 17.25 17.5 -27.5 10
2 24 5.5 0 41.75 16.25 0 39
2 24 19.5 0 -5.25 20 0 0
2 24 30 -30 -12.5 33.25 -30 -12
2 24 12.25 -30 26.75 12.5 -30 30
5 24 10 -27.5 -17.25 10 0 -17.25 14.25 -27.5 -14.25 5.25 -27.5 -19.25
2 24 36.25 -35 10.75 39 -35 8.75
2 24 -10.75 -35 6.25 -8.75 -35 8.75
2 24 30 -30 12.5 33.25 -30 12
2 24 -12 -35 3.25 -10.75 -35 6.25
2 24 -10.75 -30 -23.75 -8.75 -30 -21.25
5 24 -21 -35 -8.75 -19 -35 6.25 -19 -35 -6.25 -23.75 -35 -10.75
2 24 11.75 0 -43.5 22.5 0 -39
2 24 27 -35 12 30 -35 12.5
2 24 -5.5 0 41.75 5.5 0 41.75
2 24 18 -30 3.25 19.25 -30 6.25
2 24 17 0 -4.5 17.5 0 0
2 24 -12.5 -30 30 -12 -30 26.75
2 24 27 -30 12 30 -30 12.5
