0 Cilindro 3 puntos    :X
0 Name: cilindr3.dat
0 Author: rosaspage
0 !LDRAW_ORG Unofficial_Part
0 BFC CERTIFY CCW
4 16 12.5 -27.5 8.25 12.5 0 8.25 12.5 0 -8.24994 12.5 -27.5 -8.24994
4 16 9 -35 -8.75 10.75 -35 -6.25 12 -35 3.25 10.75 -35 6.25
4 16 6.25 -35 -10.75 9 -35 -8.75 10.75 -35 6.25 9 -35 8.75
4 16 -6.25 -35 -10.75 -3.24997 -35 -12 0 -35 12.5 -3.24997 -35 11.9999
4 16 -8.75 -35 -8.75 -6.25 -35 -10.75 -3.24997 -35 11.9999 -6.25 -35 10.75
4 16 3.25003 -35 -12 6.25 -35 -10.75 9 -35 8.75 6.25 -35 10.75
4 16 0 -35 -12.5 3.25003 -35 -12 6.25 -35 10.75 3.25003 -35 11.9999
4 16 -3.24997 -35 -12 0 -35 -12.5 3.25003 -35 11.9999 0 -35 12.5
4 16 -10.75 -35 -6.25 -8.75 -35 -8.75 -6.25 -35 10.75 -8.75 -35 8.75
4 16 -12 -35 -3.25006 -10.75 -35 -6.25 -8.75 -35 8.75 -10.75 -35 6.25
4 16 9 -35 38.75 6.25 -35 40.75 3.25003 -35 18 6.25 -35 19.25
4 16 -8.75 -35 21.25 -6.25 -35 19.25 -3.24997 -35 42 -6.25 -35 40.75
4 16 -12 -35 26.75 -10.75 -35 23.75 -8.75 -35 38.75 -10.75 -35 36.2499
4 16 12 -35 33.25 10.75 -35 36.2499 9 -35 21.25 10.75 -35 23.75
4 16 6.25 -35 19.25 9 -35 21.25 10.75 -35 36.2499 9 -35 38.75
4 16 0 -35 17.5 3.25003 -35 18 6.25 -35 40.75 3.25003 -35 42
4 16 -3.24997 -35 18 0 -35 17.5 3.25003 -35 42 0 -35 42.5
4 16 -6.25 -35 19.25 -3.24997 -35 18 0 -35 42.5 -3.24997 -35 42
4 16 -10.75 -35 23.75 -8.75 -35 21.25 -6.25 -35 40.75 -8.75 -35 38.75
4 16 0 -35 -42.5 3.25003 -35 -42 6.25 -35 -19.25 3.25003 -35 -18
4 16 3.25003 -35 -18 0 -35 -17.5 -3.24997 -35 -42 0 -35 -42.5
4 16 -8.75 -35 -38.7499 -6.25 -35 -40.75 -3.24997 -35 -18 -6.25 -35 -19.25
4 16 -6.25 -35 -19.25 -8.75 -35 -21.2499 -10.75 -35 -36.25 -8.75 -35 -38.7499
4 16 9 -35 -38.7499 10.75 -35 -36.25 12 -35 -26.75 10.75 -35 -23.75
4 16 6.25 -35 -40.75 9 -35 -38.7499 10.75 -35 -23.75 9 -35 -21.2499
4 16 9 -35 -21.2499 6.25 -35 -19.25 3.25003 -35 -42 6.25 -35 -40.75
4 16 -6.25 -35 -40.75 -3.24997 -35 -42 0 -35 -17.5 -3.24997 -35 -18
4 16 -12 -35 -33.25 -10.75 -35 -36.25 -8.75 -35 -21.2499 -10.75 -35 -23.75
4 16 0 0 17.5 -2.25 0 17.25 -2.25 -27.5 17.25 0 -27.5 17.5
4 16 -10.75 0 14 -12.5 0 12.5 -12.5 -27.5 12.5 -10.75 -27.5 14
4 16 11 -27.5 10 11 0 10 12.5 0 8.25 12.5 -27.5 8.25
4 16 12.5 -27.5 -8.24994 12.5 0 -8.24994 11 0 -10.0001 11 -27.5 -10.0001
4 16 -11 0 10 -11 -27.5 10 -12.5 -27.5 8.25 -12.5 0 8.25
4 16 -2.5 0 -14.75 -4.75 0 -14.25 -4.75 -27.5 -14.25 -2.5 -27.5 -14.75
4 16 0 0 -17.5 2.25 0 -17.25 2.25 -27.5 -17.25 0 -27.5 -17.5
4 16 -15 -30 15 -15 0 15 -15 0 -15 -15 -30 -15
3 16 10.75 -35 -6.25 12 -35 -3.25006 12 -35 3.25
3 16 -12 -35 3.25 -12.5 -35 0 -12 -35 -3.25006
3 16 12.5 -35 0 12 -35 3.25 12 -35 -3.25006
3 16 -10.75 -35 6.25 -12 -35 3.25 -12 -35 -3.25006
3 16 12 -35 26.75 12.5 -35 30 12 -35 33.25
3 16 10.75 -35 23.75 12 -35 26.75 12 -35 33.25
3 16 -12 -35 26.75 -10.75 -35 36.2499 -12 -35 33.25
3 16 -12.5 -35 30 -12 -35 26.75 -12 -35 33.25
3 16 11 0 -10.0001 12.5 0 -8.24994 12.5 0 -12.2501
3 16 -4.75 0 -14.25 -4.5 0 -17 -6.75 0 -16.25
3 16 12.5 0 12.5 12.5 0 8.25 11 0 10
3 16 -11 0 10 -12.5 0 8.25 -12.5 0 12.5
3 16 6.75 0 -16.25 4.5 0 -17 5 0 -14.25
3 16 6.75 0 16.25 5 0 14.2499 4.5 0 17
3 16 -4.5 0 17 -4.75 0 14.2499 -6.75 0 16.25
3 16 12 -35 -33.25 12.5 -35 -30 12 -35 -26.75
3 16 10.75 -35 -36.25 12 -35 -33.25 12 -35 -26.75
3 16 -12 -35 -26.75 -12.5 -35 -30 -12 -35 -33.25
3 16 -10.75 -35 -23.75 -12 -35 -26.75 -12 -35 -33.25
4 16 15 -30 -15 15 -30 15 -15 -30 15 -15 -30 -15
3 16 39 -30 -22.5 42 -30 -15 15 -30 -15
3 16 39 -30 -22.5 15 -30 -15 31.75 -30 -31.75
3 16 31.75 -30 -31.75 15 -30 -15 22.5 -30 -39
3 16 15 -30 -15 11.75 -30 -43.5 22.5 -30 -39
4 16 15 -30 -15 -15 -30 -15 0 -30 -45.0001 11.75 -30 -43.5
3 16 0 -30 -45.0001 -15 -30 -15 -11.5 -30 -43.5
3 16 -11.5 -30 -43.5 -15 -30 -15 -22.5 -30 -39
3 16 -22.5 -30 -39 -15 -30 -15 -31.75 -30 -31.75
3 16 -31.75 -30 -31.75 -15 -30 -15 -39 -30 -22.5
3 16 -15 -30 -15 -42 -30 -15 -39 -30 -22.5
3 16 39 -30 22.5 15 -30 15 42 -30 15
3 16 39 -30 22.5 31.75 -30 31.7499 15 -30 15
3 16 31.75 -30 31.7499 22.5 -30 39 15 -30 15
3 16 15 -30 15 22.5 -30 39 11.75 -30 43.5
3 16 15 -30 15 11.75 -30 43.5 0 -30 45
4 16 15 -30 15 0 -30 45 -11.5 -30 43.5 -15 -30 15
3 16 -11.5 -30 43.5 -22.5 -30 39 -15 -30 15
3 16 -22.5 -30 39 -31.75 -30 31.7499 -15 -30 15
3 16 -31.75 -30 31.7499 -39 -30 22.5 -15 -30 15
3 16 -39 -30 22.5 -42 -30 15 -15 -30 15
4 16 12.5 -27.5 17.5 12.5 -27.5 12.5 -12.5 -27.5 12.5 -12.5 -27.5 17.5
4 16 12.5 -27.5 -12.2501 12.5 -27.5 -17.5 -12.5 -27.5 -17.5 -12.5 -27.5 -12.2501
4 16 12.5 -27.5 12.5 12.5 -27.5 -12.2501 -12.5 -27.5 -12.2501 -12.5 -27.5 12.5
4 16 0 -27.5 -42.5 -11 -27.5 -40.9999 -12.5 -27.5 -17.5 12.5 -27.5 -17.5
3 16 0 -27.5 -42.5 12.5 -27.5 -17.5 11 -27.5 -40.9999
3 16 36.75 -27.5 -21.2499 12.5 -27.5 -17.5 38.5 -27.5 -17.5
3 16 36.75 -27.5 -21.2499 30 -27.5 -30 12.5 -27.5 -17.5
3 16 30 -27.5 -30 21.25 -27.5 -36.75 12.5 -27.5 -17.5
3 16 21.25 -27.5 -36.75 11 -27.5 -40.9999 12.5 -27.5 -17.5
3 16 -11 -27.5 -40.9999 -21.25 -27.5 -36.75 -12.5 -27.5 -17.5
3 16 -21.25 -27.5 -36.75 -30 -27.5 -30 -12.5 -27.5 -17.5
3 16 -30 -27.5 -30 -36.75 -27.5 -21.2499 -12.5 -27.5 -17.5
3 16 -36.75 -27.5 -21.2499 -38.25 -27.5 -17.5 -12.5 -27.5 -17.5
4 16 12.5 -27.5 17.5 -12.5 -27.5 17.5 0 -27.5 42.5 11 -27.5 41
3 16 0 -27.5 42.5 -12.5 -27.5 17.5 -11 -27.5 41
3 16 -21.25 -27.5 36.75 -11 -27.5 41 -12.5 -27.5 17.5
3 16 -21.25 -27.5 36.75 -12.5 -27.5 17.5 -30 -27.5 30
3 16 -30 -27.5 30 -12.5 -27.5 17.5 -36.75 -27.5 21.25
3 16 -36.75 -27.5 21.25 -12.5 -27.5 17.5 -38.25 -27.5 17.5
3 16 21.25 -27.5 36.75 12.5 -27.5 17.5 11 -27.5 41
3 16 30 -27.5 30 12.5 -27.5 17.5 21.25 -27.5 36.75
3 16 36.75 -27.5 21.25 12.5 -27.5 17.5 30 -27.5 30
3 16 36.75 -27.5 21.25 38.5 -27.5 17.5 12.5 -27.5 17.5
3 16 -12.5 0 17.5 -12.5 0 12.5 -15 0 15
3 16 -12.5 0 -8.24994 -12.5 0 -12.2501 -15 0 -15
3 16 -15 0 -15 -12.5 0 -12.2501 -12.5 0 -17.5
3 16 -12.5 0 12.5 -12.5 0 8.25 -15 0 15
4 16 -12.5 0 -8.24994 -15 0 -15 -15 0 15 -12.5 0 8.25
3 16 12.5 0 17.5 15 0 15 12.5 0 12.5
3 16 12.5 0 8.25 12.5 0 12.5 15 0 15
4 16 12.5 0 -8.24994 12.5 0 8.25 15 0 15 15 0 -15
3 16 12.5 0 -8.24994 15 0 -15 12.5 0 -12.2501
3 16 12.5 0 -17.5 12.5 0 -12.2501 15 0 -15
4 16 -2.5 0 14.75 -2.5 -27.5 14.75 -4.75 -27.5 14.2499 -4.75 0 14.2499
4 16 -12.5 -27.5 -8.24994 -11 -27.5 -10.0001 -11 0 -10.0001 -12.5 0 -8.24994
4 16 15 0 -15 15 0 15 15 -30 15 15 -30 -15
4 16 3.25003 -35 -18 6.25 -35 -19.25 6.25 -30 -19.25 3.25003 -30 -18
4 16 0 -35 -17.5 3.25003 -35 -18 3.25003 -30 -18 0 -30 -17.5
4 16 -3.24997 -35 -18 0 -35 -17.5 0 -30 -17.5 -3.24997 -30 -18
4 16 10.75 -30 -23.75 10.75 -35 -23.75 12 -35 -26.75 12 -30 -26.75
4 16 9 -30 -21.2499 9 -35 -21.2499 10.75 -35 -23.75 10.75 -30 -23.75
4 16 6.25 -35 -19.25 9 -35 -21.2499 9 -30 -21.2499 6.25 -30 -19.25
4 16 -8.75 -30 -38.7499 -8.75 -35 -38.7499 -10.75 -35 -36.25 -10.75 -30 -36.25
4 16 -8.75 -30 -38.7499 -6.25 -30 -40.75 -6.25 -35 -40.75 -8.75 -35 -38.7499
4 16 -3.24997 -35 -42 -6.25 -35 -40.75 -6.25 -30 -40.75 -3.24997 -30 -42
4 16 -3.24997 -30 -42 0 -30 -42.5 0 -35 -42.5 -3.24997 -35 -42
4 16 3.25003 -35 -42 0 -35 -42.5 0 -30 -42.5 3.25003 -30 -42
4 16 6.25 -35 -40.75 3.25003 -35 -42 3.25003 -30 -42 6.25 -30 -40.75
4 16 9 -35 -38.7499 6.25 -35 -40.75 6.25 -30 -40.75 9 -30 -38.7499
4 16 9 -35 -38.7499 9 -30 -38.7499 10.75 -30 -36.25 10.75 -35 -36.25
4 16 12 -30 -33.25 12 -35 -33.25 10.75 -35 -36.25 10.75 -30 -36.25
4 16 12 -35 -33.25 12 -30 -33.25 12.5 -30 -30 12.5 -35 -30
4 16 -6.25 -35 -19.25 -3.24997 -35 -18 -3.24997 -30 -18 -6.25 -30 -19.25
4 16 -8.75 -35 -21.2499 -6.25 -35 -19.25 -6.25 -30 -19.25 -8.75 -30 -21.2499
4 16 -10.75 -30 -23.75 -10.75 -35 -23.75 -8.75 -35 -21.2499 -8.75 -30 -21.2499
4 16 -10.75 -35 -23.75 -10.75 -30 -23.75 -12 -30 -26.75 -12 -35 -26.75
4 16 -12.5 -30 -30 -12.5 -35 -30 -12 -35 -26.75 -12 -30 -26.75
4 16 -12 -30 -33.25 -12 -35 -33.25 -12.5 -35 -30 -12.5 -30 -30
4 16 -12 -35 -33.25 -12 -30 -33.25 -10.75 -30 -36.25 -10.75 -35 -36.25
4 16 12.5 -35 0 12.5 -30 0 12 -30 3.25 12 -35 3.25
4 16 12 -35 3.25 12 -30 3.25 10.75 -30 6.25 10.75 -35 6.25
4 16 10.75 -35 6.25 10.75 -30 6.25 9 -30 8.75 9 -35 8.75
4 16 6.25 -35 10.75 9 -35 8.75 9 -30 8.75 6.25 -30 10.75
4 16 -10.75 -35 -6.25 -10.75 -30 -6.25 -8.75 -30 -8.75 -8.75 -35 -8.75
4 16 -6.25 -35 -10.75 -8.75 -35 -8.75 -8.75 -30 -8.75 -6.25 -30 -10.75
4 16 -3.24997 -35 -12 -6.25 -35 -10.75 -6.25 -30 -10.75 -3.24997 -30 -12
4 16 -3.24997 -30 -12 0 -30 -12.5 0 -35 -12.5 -3.24997 -35 -12
4 16 0 -30 -12.5 3.25003 -30 -12 3.25003 -35 -12 0 -35 -12.5
4 16 6.25 -35 -10.75 3.25003 -35 -12 3.25003 -30 -12 6.25 -30 -10.75
4 16 9 -35 -8.75 6.25 -35 -10.75 6.25 -30 -10.75 9 -30 -8.75
4 16 9 -35 -8.75 9 -30 -8.75 10.75 -30 -6.25 10.75 -35 -6.25
4 16 12 -30 -3.25006 12 -35 -3.25006 10.75 -35 -6.25 10.75 -30 -6.25
4 16 12.5 -30 0 12.5 -35 0 12 -35 -3.25006 12 -30 -3.25006
4 16 6.25 -30 10.75 3.25003 -30 11.9999 3.25003 -35 11.9999 6.25 -35 10.75
4 16 3.25003 -30 11.9999 0 -30 12.5 0 -35 12.5 3.25003 -35 11.9999
4 16 -3.24997 -35 11.9999 0 -35 12.5 0 -30 12.5 -3.24997 -30 11.9999
4 16 -6.25 -35 10.75 -3.24997 -35 11.9999 -3.24997 -30 11.9999 -6.25 -30 10.75
4 16 -8.75 -35 8.75 -6.25 -35 10.75 -6.25 -30 10.75 -8.75 -30 8.75
4 16 12.5 -35 -30 12.5 -30 -30 12 -30 -26.75 12 -35 -26.75
4 16 -10.75 -30 6.25 -10.75 -35 6.25 -8.75 -35 8.75 -8.75 -30 8.75
4 16 -12 -30 3.25 -12 -35 3.25 -10.75 -35 6.25 -10.75 -30 6.25
4 16 -12.5 -30 0 -12.5 -35 0 -12 -35 3.25 -12 -30 3.25
4 16 -12 -30 -3.25006 -12 -35 -3.25006 -12.5 -35 0 -12.5 -30 0
4 16 -10.75 -30 -6.25 -10.75 -35 -6.25 -12 -35 -3.25006 -12 -30 -3.25006
4 16 12 -30 33.25 12 -35 33.25 12.5 -35 30 12.5 -30 30
4 16 12 -35 33.25 12 -30 33.25 10.75 -30 36.2499 10.75 -35 36.2499
4 16 -11 -27.5 -40.9999 0 -27.5 -42.5 0 0 -42.5 -11 0 -40.9999
4 16 0 -27.5 -42.5 11 -27.5 -40.9999 11 0 -40.9999 0 0 -42.5
4 16 11 -27.5 -40.9999 21.25 -27.5 -36.75 21.25 0 -36.75 11 0 -40.9999
4 16 21.25 -27.5 -36.75 30 -27.5 -30 30 0 -30 21.25 0 -36.75
4 16 36.75 -27.5 -21.2499 36.75 0 -21.2499 30 0 -30 30 -27.5 -30
4 16 36.75 0 -21.2499 36.75 -27.5 -21.2499 38.5 -27.5 -17.5 38.5 0 -17.5
4 16 38.5 -27.5 -17.5 12.5 -27.5 -17.5 12.5 0 -17.5 38.5 0 -17.5
4 16 12.5 0 -17.5 12.5 -27.5 -17.5 12.5 -27.5 -12.2501 12.5 0 -12.2501
4 16 12.5 -27.5 -12.2501 10.75 -27.5 -14 10.75 0 -14 12.5 0 -12.2501
4 16 -10.75 -27.5 14 -8.75 -27.5 15.25 -8.75 0 15.25 -10.75 0 14
4 16 -6.75 0 16.25 -8.75 0 15.25 -8.75 -27.5 15.25 -6.75 -27.5 16.25
4 16 -6.75 -27.5 16.25 -4.5 -27.5 17 -4.5 0 17 -6.75 0 16.25
4 16 -4.5 -27.5 17 -2.25 -27.5 17.25 -2.25 0 17.25 -4.5 0 17
4 16 4.5 -27.5 17 6.75 -27.5 16.25 6.75 0 16.25 4.5 0 17
4 16 6.75 -27.5 16.25 8.75 -27.5 15.25 8.75 0 15.25 6.75 0 16.25
4 16 8.75 -27.5 15.25 10.75 -27.5 14 10.75 0 14 8.75 0 15.25
4 16 12.5 0 12.5 12.5 -27.5 12.5 12.5 -27.5 17.5 12.5 0 17.5
4 16 12.5 -27.5 17.5 38.5 -27.5 17.5 38.5 0 17.5 12.5 0 17.5
4 16 38.5 0 17.5 38.5 -27.5 17.5 36.75 -27.5 21.25 36.75 0 21.25
4 16 36.75 0 21.25 36.75 -27.5 21.25 30 -27.5 30 30 3.05176e-05 30
4 16 30 -27.5 30 21.25 -27.5 36.75 21.25 3.05176e-05 36.75 30 3.05176e-05 30
4 16 21.25 -27.5 36.75 11 -27.5 41 11 3.05176e-05 41 21.25 3.05176e-05 36.75
4 16 11 -27.5 41 0 -27.5 42.5 0 3.05176e-05 42.5 11 3.05176e-05 41
4 16 0 -27.5 42.5 -11 -27.5 41 -11 3.05176e-05 41 0 3.05176e-05 42.5
4 16 -11 -27.5 41 -21.25 -27.5 36.75 -21.25 3.05176e-05 36.75 -11 3.05176e-05 41
4 16 -21.25 -27.5 36.75 -30 -27.5 30 -30 3.05176e-05 30 -21.25 3.05176e-05 36.75
4 16 -36.75 -27.5 21.25 -36.75 0 21.25 -30 3.05176e-05 30 -30 -27.5 30
4 16 -36.75 0 21.25 -36.75 -27.5 21.25 -38.25 -27.5 17.5 -38.25 0 17.5
4 16 -38.25 -27.5 17.5 -12.5 -27.5 17.5 -12.5 0 17.5 -38.25 0 17.5
4 16 -12.5 0 17.5 -12.5 -27.5 17.5 -12.5 -27.5 12.5 -12.5 0 12.5
4 16 3.25003 -30 42 0 -30 42.5 0 -35 42.5 3.25003 -35 42
4 16 -3.24997 -35 42 0 -35 42.5 0 -30 42.5 -3.24997 -30 42
4 16 -6.25 -35 40.75 -3.24997 -35 42 -3.24997 -30 42 -6.25 -30 40.75
4 16 -8.75 -35 38.75 -6.25 -35 40.75 -6.25 -30 40.75 -8.75 -30 38.75
4 16 -8.75 -35 38.75 -8.75 -30 38.75 -10.75 -30 36.2499 -10.75 -35 36.2499
4 16 -10.75 -35 36.2499 -10.75 -30 36.2499 -12 -30 33.25 -12 -35 33.25
4 16 0 0 -15 -2.5 0 -14.75 -2.5 -27.5 -14.75 0 -27.5 -15
4 16 11 -27.5 10 9.25 -27.5 11.75 9.25 0 11.75 11 0 10
4 16 7.25 0 13.25 9.25 0 11.75 9.25 -27.5 11.75 7.25 -27.5 13.25
4 16 5 0 14.2499 7.25 0 13.25 7.25 -27.5 13.25 5 -27.5 14.2499
4 16 5 -27.5 14.2499 2.5 -27.5 14.75 2.5 0 14.75 5 0 14.2499
4 16 2.5 -27.5 14.75 0 -27.5 15 0 0 15 2.5 0 14.75
4 16 -2.5 0 14.75 0 0 15 0 -27.5 15 -2.5 -27.5 14.75
4 16 9.25 -27.5 -11.75 11 -27.5 -10.0001 11 0 -10.0001 9.25 0 -11.75
4 16 7.25 -27.5 -13.25 9.25 -27.5 -11.75 9.25 0 -11.75 7.25 0 -13.25
4 16 5 -27.5 -14.25 7.25 -27.5 -13.25 7.25 0 -13.25 5 0 -14.25
4 16 2.5 -27.5 -14.75 5 -27.5 -14.25 5 0 -14.25 2.5 0 -14.75
4 16 2.5 0 -14.75 0 0 -15 0 -27.5 -15 2.5 -27.5 -14.75
4 16 -21.25 -27.5 -36.75 -11 -27.5 -40.9999 -11 0 -40.9999 -21.25 0 -36.75
4 16 -30 -27.5 -30 -21.25 -27.5 -36.75 -21.25 0 -36.75 -30 0 -30
4 16 -36.75 0 -21.2499 -36.75 -27.5 -21.2499 -30 -27.5 -30 -30 0 -30
4 16 -38.25 0 -17.5 -38.25 -27.5 -17.5 -36.75 -27.5 -21.2499 -36.75 0 -21.2499
4 16 -12.5 -27.5 -17.5 -38.25 -27.5 -17.5 -38.25 0 -17.5 -12.5 0 -17.5
4 16 -7 0 13.25 -4.75 0 14.2499 -4.75 -27.5 14.2499 -7 -27.5 13.25
4 16 -7 -27.5 13.25 -9.25 -27.5 11.75 -9.25 0 11.75 -7 0 13.25
4 16 -9.25 -27.5 11.75 -11 -27.5 10 -11 0 10 -9.25 0 11.75
4 16 -12.5 -27.5 -8.24994 -12.5 0 -8.24994 -12.5 0 8.25 -12.5 -27.5 8.25
4 16 -7 -27.5 -13.25 -4.75 -27.5 -14.25 -4.75 0 -14.25 -7 0 -13.25
4 16 -11 -27.5 -10.0001 -9.25 -27.5 -11.75 -9.25 0 -11.75 -11 0 -10.0001
4 16 31.75 3.05176e-05 31.7499 30 3.05176e-05 30 21.25 3.05176e-05 36.75 22.5 3.05176e-05 39
4 16 11.75 3.05176e-05 43.5 11 3.05176e-05 41 0 3.05176e-05 42.5 0 3.05176e-05 45
4 16 0 3.05176e-05 42.5 -11 3.05176e-05 41 -11.5 3.05176e-05 43.5 0 3.05176e-05 45
4 16 -21.25 3.05176e-05 36.75 -30 3.05176e-05 30 -31.75 3.05176e-05 31.7499 -22.5 3.05176e-05 39
4 16 -36.75 0 21.25 -38.25 0 17.5 -42 0 15 -39 0 22.5
4 16 -30 3.05176e-05 30 -36.75 0 21.25 -39 0 22.5 -31.75 3.05176e-05 31.7499
4 16 12.5 0 17.5 38.5 0 17.5 42 0 15 15 0 15
4 16 39 0 -22.5 31.75 0 -31.75 30 0 -30 36.75 0 -21.2499
4 16 22.5 0 -39 11.75 0 -43.5 11 0 -40.9999 21.25 0 -36.75
4 16 0 0 -45.0001 0 0 -42.5 11 0 -40.9999 11.75 0 -43.5
4 16 -11 0 -40.9999 -11.5 0 -43.5 -22.5 0 -39 -21.25 0 -36.75
4 16 -21.25 0 -36.75 -22.5 0 -39 -31.75 0 -31.75 -30 0 -30
4 16 12.5 0 -12.2501 10.75 0 -14 9.25 0 -11.75 11 0 -10.0001
4 16 8.75 0 -15.25 6.75 0 -16.25 5 0 -14.25 7.25 0 -13.25
4 16 2.5 0 -14.75 2.25 0 -17.25 0 0 -17.5 0 0 -15
4 16 -2.5 0 -14.75 0 0 -15 0 0 -17.5 -2.25 0 -17.25
4 16 -4.75 0 -14.25 -2.5 0 -14.75 -2.25 0 -17.25 -4.5 0 -17
4 16 -7 0 -13.25 -8.75 0 -15.25 -10.75 0 -14 -9.25 0 -11.75
4 16 9.25 0 11.75 10.75 0 14 12.5 0 12.5 11 0 10
4 16 2.25 0 17.25 4.5 0 17 5 0 14.2499 2.5 0 14.75
4 16 0 0 17.5 0 0 15 -2.5 0 14.75 -2.25 0 17.25
4 16 -12.5 0 12.5 -10.75 0 14 -9.25 0 11.75 -11 0 10
4 16 39 0 22.5 36.75 0 21.25 30 3.05176e-05 30 31.75 3.05176e-05 31.7499
4 16 11 3.05176e-05 41 11.75 3.05176e-05 43.5 22.5 3.05176e-05 39 21.25 3.05176e-05 36.75
4 16 -11 3.05176e-05 41 -21.25 3.05176e-05 36.75 -22.5 3.05176e-05 39 -11.5 3.05176e-05 43.5
4 16 36.75 0 21.25 39 0 22.5 42 0 15 38.5 0 17.5
4 16 42 0 -15 39 0 -22.5 36.75 0 -21.2499 38.5 0 -17.5
4 16 42 0 -15 38.5 0 -17.5 12.5 0 -17.5 15 0 -15
4 16 31.75 0 -31.75 22.5 0 -39 21.25 0 -36.75 30 0 -30
4 16 -11.5 0 -43.5 -11 0 -40.9999 0 0 -42.5 0 0 -45.0001
4 16 -30 0 -30 -31.75 0 -31.75 -39 0 -22.5 -36.75 0 -21.2499
4 16 -36.75 0 -21.2499 -39 0 -22.5 -42 0 -15 -38.25 0 -17.5
4 16 -12.5 0 17.5 -15 0 15 -42 0 15 -38.25 0 17.5
4 16 10.75 0 -14 8.75 0 -15.25 7.25 0 -13.25 9.25 0 -11.75
4 16 5 0 -14.25 4.5 0 -17 2.25 0 -17.25 2.5 0 -14.75
4 16 -4.75 0 -14.25 -6.75 0 -16.25 -8.75 0 -15.25 -7 0 -13.25
4 16 10.75 0 14 9.25 0 11.75 7.25 0 13.25 8.75 0 15.25
4 16 8.75 0 15.25 7.25 0 13.25 5 0 14.2499 6.75 0 16.25
4 16 0 0 15 0 0 17.5 2.25 0 17.25 2.5 0 14.75
4 16 -2.25 0 17.25 -2.5 0 14.75 -4.75 0 14.2499 -4.5 0 17
4 16 -4.75 0 14.2499 -7 0 13.25 -8.75 0 15.25 -6.75 0 16.25
4 16 -7 0 13.25 -9.25 0 11.75 -10.75 0 14 -8.75 0 15.25
4 16 -42 0 -15 -15 0 -15 -12.5 0 -17.5 -38.25 0 -17.5
4 16 -7 0 -13.25 -9.25 0 -11.75 -9.25 -27.5 -11.75 -7 -27.5 -13.25
4 16 -12 -35 26.75 -12 -30 26.75 -10.75 -30 23.75 -10.75 -35 23.75
4 16 9 -30 38.75 9 -35 38.75 10.75 -35 36.2499 10.75 -30 36.2499
4 16 6.25 -35 40.75 9 -35 38.75 9 -30 38.75 6.25 -30 40.75
4 16 3.25003 -35 42 6.25 -35 40.75 6.25 -30 40.75 3.25003 -30 42
4 16 -12.5 -30 30 -12.5 -35 30 -12 -35 33.25 -12 -30 33.25
4 16 -12 -30 26.75 -12 -35 26.75 -12.5 -35 30 -12.5 -30 30
4 16 -8.75 -30 21.25 -8.75 -35 21.25 -10.75 -35 23.75 -10.75 -30 23.75
4 16 -6.25 -35 19.25 -8.75 -35 21.25 -8.75 -30 21.25 -6.25 -30 19.25
4 16 -6.25 -30 19.25 -3.24997 -30 18 -3.24997 -35 18 -6.25 -35 19.25
4 16 0 -35 17.5 -3.24997 -35 18 -3.24997 -30 18 0 -30 17.5
4 16 0 -30 17.5 3.25003 -30 18 3.25003 -35 18 0 -35 17.5
4 16 3.25003 -30 18 6.25 -30 19.25 6.25 -35 19.25 3.25003 -35 18
4 16 6.25 -30 19.25 9 -30 21.25 9 -35 21.25 6.25 -35 19.25
4 16 10.75 -30 23.75 10.75 -35 23.75 9 -35 21.25 9 -30 21.25
4 16 12 -30 26.75 12 -35 26.75 10.75 -35 23.75 10.75 -30 23.75
4 16 12 -35 26.75 12 -30 26.75 12.5 -30 30 12.5 -35 30
4 16 -31.75 0 -31.75 -31.75 -30 -31.75 -39 -30 -22.5 -39 0 -22.5
4 16 -22.5 -30 -39 -31.75 -30 -31.75 -31.75 0 -31.75 -22.5 0 -39
4 16 -11.5 -30 -43.5 -22.5 -30 -39 -22.5 0 -39 -11.5 0 -43.5
4 16 -31.75 -30 31.7499 -22.5 -30 39 -22.5 3.05176e-05 39 -31.75 3.05176e-05 31.7499
4 16 -15 -30 15 -42 -30 15 -42 0 15 -15 0 15
4 16 -42 -30 -15 -15 -30 -15 -15 0 -15 -42 0 -15
4 16 -11.5 3.05176e-05 43.5 -22.5 3.05176e-05 39 -22.5 -30 39 -11.5 -30 43.5
4 16 42 -30 15 42 0 15 39 0 22.5 39 -30 22.5
4 16 -42 0 15 -42 -30 15 -39 -30 22.5 -39 0 22.5
4 16 -39 0 22.5 -39 -30 22.5 -31.75 -30 31.7499 -31.75 3.05176e-05 31.7499
4 16 0 -30 45 11.75 -30 43.5 11.75 3.05176e-05 43.5 0 3.05176e-05 45
4 16 -11.5 -30 43.5 0 -30 45 0 3.05176e-05 45 -11.5 3.05176e-05 43.5
4 16 22.5 3.05176e-05 39 11.75 3.05176e-05 43.5 11.75 -30 43.5 22.5 -30 39
4 16 31.75 3.05176e-05 31.7499 22.5 3.05176e-05 39 22.5 -30 39 31.75 -30 31.7499
4 16 39 -30 22.5 39 0 22.5 31.75 3.05176e-05 31.7499 31.75 -30 31.7499
4 16 0 -30 -45.0001 -11.5 -30 -43.5 -11.5 0 -43.5 0 0 -45.0001
4 16 11.75 -30 -43.5 0 -30 -45.0001 0 0 -45.0001 11.75 0 -43.5
4 16 22.5 0 -39 31.75 0 -31.75 31.75 -30 -31.75 22.5 -30 -39
4 16 22.5 -30 -39 11.75 -30 -43.5 11.75 0 -43.5 22.5 0 -39
4 16 39 0 -22.5 39 -30 -22.5 31.75 -30 -31.75 31.75 0 -31.75
4 16 42 0 -15 42 -30 -15 39 -30 -22.5 39 0 -22.5
4 16 -12.5 -27.5 -17.5 -12.5 0 -17.5 -12.5 0 -12.2501 -12.5 -27.5 -12.2501
4 16 -10.75 -27.5 -14 -12.5 -27.5 -12.2501 -12.5 0 -12.2501 -10.75 0 -14
4 16 -8.75 -27.5 -15.25 -10.75 -27.5 -14 -10.75 0 -14 -8.75 0 -15.25
4 16 -6.75 -27.5 -16.25 -8.75 -27.5 -15.25 -8.75 0 -15.25 -6.75 0 -16.25
4 16 -4.5 -27.5 -17 -6.75 -27.5 -16.25 -6.75 0 -16.25 -4.5 0 -17
4 16 -4.5 0 -17 -2.25 0 -17.25 -2.25 -27.5 -17.25 -4.5 -27.5 -17
4 16 -2.25 0 -17.25 0 0 -17.5 0 -27.5 -17.5 -2.25 -27.5 -17.25
4 16 4.5 -27.5 -17 2.25 -27.5 -17.25 2.25 0 -17.25 4.5 0 -17
4 16 6.75 -27.5 -16.25 4.5 -27.5 -17 4.5 0 -17 6.75 0 -16.25
4 16 8.75 0 -15.25 10.75 0 -14 10.75 -27.5 -14 8.75 -27.5 -15.25
4 16 8.75 -27.5 -15.25 6.75 -27.5 -16.25 6.75 0 -16.25 8.75 0 -15.25
4 16 15 -30 -15 42 -30 -15 42 0 -15 15 0 -15
4 16 42 -30 15 15 -30 15 15 0 15 42 0 15
4 16 -39 0 -22.5 -39 -30 -22.5 -42 -30 -15 -42 0 -15
4 16 12.5 -27.5 12.5 12.5 0 12.5 10.75 0 14 10.75 -27.5 14
4 16 0 -27.5 17.5 2.25 -27.5 17.25 2.25 0 17.25 0 0 17.5
4 16 4.5 0 17 2.25 0 17.25 2.25 -27.5 17.25 4.5 -27.5 17
3 16 -11 0 -10.0001 -12.5 0 -12.2501 -12.5 0 -8.24994
4 16 -9.25 0 -11.75 -10.75 0 -14 -12.5 0 -12.2501 -11 0 -10.0001
2 24 11.75 3.05176e-05 43.5 22.5 3.05176e-05 39
2 24 10.75 -30 23.75 12 -30 26.75
5 24 -30 -27.5 -30 -30 0 -30 -21.25 -27.5 -36.75 -36.75 -27.5 -21.2499
2 24 10.75 -30 6.25 12 -30 3.25
2 24 36.75 -27.5 21.25 38.5 -27.5 17.5
5 24 -8.75 -35 -8.75 -8.75 -30 -8.75 -10.75 -35 -6.25 -6.25 -35 -10.75
2 24 -12.5 -27.5 8.25 -11 -27.5 10
2 24 39 0 -22.5 42 0 -15
2 24 12.5 -27.5 -17.5 12.5 0 -17.5
2 24 -21.25 -27.5 36.75 -11 -27.5 41
2 24 -10.75 -30 6.25 -8.75 -30 8.75
5 24 3.25003 -35 18 3.25003 -30 18 0 -35 17.5 6.25 -35 19.25
5 24 -10.75 -35 -23.75 -10.75 -30 -23.75 -8.75 -35 -21.2499 -12 -35 -26.75
2 24 12 -35 -26.75 12.5 -35 -30
2 24 -11 0 -10.0001 -9.25 0 -11.75
2 24 -38.25 -27.5 -17.5 -38.25 0 -17.5
5 24 6.25 -35 19.25 6.25 -30 19.25 3.25003 -35 18 9 -35 21.25
2 24 6.25 -35 40.75 9 -35 38.75
2 24 0 -27.5 -15 2.5 -27.5 -14.75
2 24 -42 -30 15 -39 -30 22.5
2 24 9 -35 -38.7499 10.75 -35 -36.25
2 24 -42 0 15 -39 0 22.5
2 24 0 -27.5 -42.5 11 -27.5 -40.9999
2 24 -10.75 -30 -36.25 -8.75 -30 -38.7499
2 24 0 -27.5 17.5 2.25 -27.5 17.25
2 24 -22.5 0 -39 -11.5 0 -43.5
5 24 0 -27.5 15 0 0 15 2.5 -27.5 14.75 -2.5 -27.5 14.75
5 24 -12 -35 3.25 -12 -30 3.25 -10.75 -35 6.25 -12.5 -35 0
2 24 -11 -27.5 -40.9999 0 -27.5 -42.5
2 24 21.25 -27.5 36.75 30 -27.5 30
5 24 -39 -30 22.5 -39 0 22.5 -42 -30 15 -31.75 -30 31.7499
2 24 -8.75 0 -15.25 -6.75 0 -16.25
5 24 30 3.05176e-05 30 31.75 3.05176e-05 31.7499 21.25 3.05176e-05 36.75 36.75 0 21.25
5 24 -12 -35 -3.25006 -12 -30 -3.25006 -12.5 -35 0 -10.75 -35 -6.25
5 24 2.5 -27.5 -14.75 2.5 0 -14.75 5 -27.5 -14.25 0 -27.5 -15
2 24 -36.75 -27.5 21.25 -30 -27.5 30
2 24 21.25 0 -36.75 30 0 -30
5 24 0 -27.5 -15 0 0 -15 -2.5 -27.5 -14.75 2.5 -27.5 -14.75
5 24 6.25 -35 -40.75 6.25 -30 -40.75 3.25003 -35 -42 9 -35 -38.7499
2 24 8.75 -27.5 -15.25 10.75 -27.5 -14
2 24 -11 -27.5 10 -9.25 -27.5 11.75
5 24 5 -27.5 14.2499 5 0 14.2499 7.25 -27.5 13.25 2.5 -27.5 14.75
2 24 -12.5 0 8.25 -11 0 10
2 24 6.75 -27.5 -16.25 8.75 -27.5 -15.25
2 24 12.5 -27.5 -17.5 38.5 -27.5 -17.5
2 24 -10.75 -30 23.75 -8.75 -30 21.25
5 24 12 -35 33.25 12 -30 33.25 12.5 -35 30 10.75 -35 36.2499
5 24 -12.5 -35 0 -12.5 -30 0 -12 -35 3.25 -12 -35 -3.25006
5 24 5 -27.5 -14.25 5 0 -14.25 7.25 -27.5 -13.25 2.5 -27.5 -14.75
5 24 0 -27.5 42.5 0 3.05176e-05 42.5 11 -27.5 41 -11 -27.5 41
5 24 10.75 -35 -23.75 10.75 -30 -23.75 12 -35 -26.75 9 -35 -21.2499
2 24 42 -30 -15 42 0 -15
2 24 -12.5 -27.5 -17.5 -12.5 -27.5 -12.2501
2 24 -15 -30 -15 -15 0 -15
2 24 -10.75 -27.5 14 -8.75 -27.5 15.25
5 24 7.25 -27.5 -13.25 7.25 0 -13.25 9.25 -27.5 -11.75 5 -27.5 -14.25
2 24 -38.25 -27.5 17.5 -36.75 -27.5 21.25
2 24 -7 -27.5 13.25 -4.75 -27.5 14.2499
2 24 9 -30 -38.7499 10.75 -30 -36.25
5 24 -21.25 -27.5 36.75 -21.25 3.05176e-05 36.75 -11 -27.5 41 -30 -27.5 30
2 24 12.5 -27.5 -12.2501 12.5 0 -12.2501
5 24 8.75 -27.5 15.25 8.75 0 15.25 6.75 -27.5 16.25 10.75 -27.5 14
2 24 -12 -30 33.25 -10.75 -30 36.2499
5 24 -31.75 3.05176e-05 31.7499 -30 3.05176e-05 30 -22.5 3.05176e-05 39 -39 0 22.5
5 24 10.75 -35 36.2499 10.75 -30 36.2499 12 -35 33.25 9 -35 38.75
2 24 12 -35 -33.25 12.5 -35 -30
2 24 3.25003 -30 -18 6.25 -30 -19.25
2 24 2.25 -27.5 -17.25 4.5 -27.5 -17
2 24 15 -30 -15 42 -30 -15
2 24 -3.24997 -35 -12 0 -35 -12.5
2 24 -42 0 15 -15 0 15
2 24 0 -30 -42.5 3.25003 -30 -42
2 24 4.5 -27.5 -17 6.75 -27.5 -16.25
5 24 -4.5 -27.5 -17 -4.5 0 -17 -6.75 -27.5 -16.25 -2.25 -27.5 -17.25
2 24 -38.25 0 17.5 -36.75 0 21.25
2 24 6.75 0 -16.25 8.75 0 -15.25
5 24 -11 -27.5 41 -11 3.05176e-05 41 0 -27.5 42.5 -21.25 -27.5 36.75
2 24 -3.24997 -35 -42 0 -35 -42.5
2 24 -12.5 -27.5 -17.5 -12.5 0 -17.5
2 24 -8.75 -35 38.75 -6.25 -35 40.75
5 24 -6.25 -35 10.75 -6.25 -30 10.75 -3.24997 -35 11.9999 -8.75 -35 8.75
2 24 -4.75 0 -14.25 -2.5 0 -14.75
2 24 -4.5 0 -17 -2.25 0 -17.25
2 24 12.5 -27.5 -8.24994 12.5 -27.5 8.25
2 24 -36.75 0 -21.2499 -30 0 -30
5 24 -21.25 -27.5 -36.75 -21.25 0 -36.75 -11 -27.5 -40.9999 -30 -27.5 -30
2 24 -6.25 -35 -10.75 -3.24997 -35 -12
5 24 -3.24997 -35 11.9999 -3.24997 -30 11.9999 0 -35 12.5 -6.25 -35 10.75
2 24 11 -27.5 41 21.25 -27.5 36.75
5 24 6.25 -35 10.75 6.25 -30 10.75 9 -35 8.75 3.25003 -35 11.9999
2 24 -21.25 -27.5 -36.75 -11 -27.5 -40.9999
2 24 -8.75 -30 -38.7499 -6.25 -30 -40.75
2 24 -39 -30 22.5 -31.75 -30 31.7499
2 24 12.5 0 -17.5 38.5 0 -17.5
2 24 0 0 -42.5 11 0 -40.9999
5 24 -3.24997 -35 42 -3.24997 -30 42 0 -35 42.5 -6.25 -35 40.75
5 24 0 -35 42.5 0 -30 42.5 3.25003 -35 42 -3.24997 -35 42
2 24 30 -27.5 -30 36.75 -27.5 -21.2499
5 24 -4.75 -27.5 -14.25 -4.75 0 -14.25 -2.5 -27.5 -14.75 -7 -27.5 -13.25
2 24 -12 -30 -33.25 -10.75 -30 -36.25
2 24 -11.5 -30 -43.5 0 -30 -45.0001
2 24 -10.75 0 14 -8.75 0 15.25
2 24 10.75 -30 -23.75 12 -30 -26.75
5 24 10.75 -35 -6.25 10.75 -30 -6.25 9 -35 -8.75 12 -35 -3.25006
2 24 -3.24997 -30 -18 0 -30 -17.5
2 24 -42 -30 15 -15 -30 15
5 24 -36.75 -27.5 -21.2499 -36.75 0 -21.2499 -30 -27.5 -30 -38.25 -27.5 -17.5
5 24 -9.25 -27.5 11.75 -9.25 0 11.75 -7 -27.5 13.25 -11 -27.5 10
5 24 -11 -27.5 -10.0001 -11 0 -10.0001 -12.5 -27.5 -8.24994 -9.25 -27.5 -11.75
2 24 -11 -27.5 -10.0001 -9.25 -27.5 -11.75
5 24 -30 -27.5 30 -30 3.05176e-05 30 -21.25 -27.5 36.75 -36.75 -27.5 21.25
2 24 6.25 -35 -40.75 9 -35 -38.7499
2 24 12.5 -27.5 12.5 12.5 -27.5 17.5
2 24 -8.75 -30 -8.75 -6.25 -30 -10.75
2 24 9 -30 21.25 10.75 -30 23.75
5 24 0 -35 -42.5 0 -30 -42.5 -3.24997 -35 -42 3.25003 -35 -42
2 24 3.25003 -30 42 6.25 -30 40.75
5 24 39 -30 22.5 39 0 22.5 42 -30 15 31.75 -30 31.7499
2 24 -10.75 -30 36.2499 -8.75 -30 38.75
2 24 -12.5 -30 -30 -12 -30 -33.25
2 24 -12.5 -27.5 -12.2501 -12.5 0 -12.2501
2 24 -12 -30 -3.25006 -10.75 -30 -6.25
2 24 6.25 -35 -10.75 9 -35 -8.75
2 24 -6.25 -35 19.25 -3.24997 -35 18
2 24 -12.5 -35 -30 -12 -35 -26.75
2 24 8.75 -27.5 15.25 10.75 -27.5 14
5 24 -2.5 -27.5 -14.75 -2.5 0 -14.75 -4.75 -27.5 -14.25 0 -27.5 -15
2 24 -12 -30 26.75 -10.75 -30 23.75
2 24 9.25 0 11.75 11 0 10
2 24 9.25 0 -11.75 11 0 -10.0001
2 24 12.5 -27.5 12.5 12.5 0 12.5
2 24 -12 -35 -33.25 -10.75 -35 -36.25
2 24 -22.5 -30 39 -11.5 -30 43.5
2 24 -10.75 -35 6.25 -8.75 -35 8.75
2 24 15 -30 -15 15 -30 15
2 24 22.5 0 -39 31.75 0 -31.75
2 24 0 0 15 2.5 0 14.75
2 24 0 -35 12.5 3.25003 -35 11.9999
5 24 0 -30 45 0 3.05176e-05 45 11.75 -30 43.5 -11.5 -30 43.5
2 24 -12 -30 -26.75 -10.75 -30 -23.75
2 24 -4.5 0 17 -2.25 0 17.25
2 24 -12 -35 26.75 -10.75 -35 23.75
2 24 -3.24997 -35 11.9999 0 -35 12.5
5 24 -11 -27.5 -40.9999 -11 0 -40.9999 0 -27.5 -42.5 -21.25 -27.5 -36.75
2 24 30 0 -30 36.75 0 -21.2499
5 24 -10.75 -35 36.2499 -10.75 -30 36.2499 -8.75 -35 38.75 -12 -35 33.25
2 24 -11 0 10 -9.25 0 11.75
2 24 3.25003 -30 -12 6.25 -30 -10.75
2 24 0 0 -45.0001 11.75 0 -43.5
5 24 9 -35 -38.7499 9 -30 -38.7499 6.25 -35 -40.75 10.75 -35 -36.25
2 24 -12.5 -30 -30 -12 -30 -26.75
5 24 -11.5 -30 -43.5 -11.5 0 -43.5 -22.5 -30 -39 0 -30 -45.0001
2 24 11 0 -10.0001 12.5 0 -8.24994
2 24 -6.25 -30 -10.75 -3.24997 -30 -12
2 24 -22.5 3.05176e-05 39 -11.5 3.05176e-05 43.5
2 24 38.5 -27.5 17.5 38.5 0 17.5
5 24 12.5 -35 -30 12.5 -30 -30 12 -35 -33.25 12 -35 -26.75
5 24 -10.75 -35 -6.25 -8.75 -35 8.75 -8.75 -35 -8.75 -12 -35 -3.25006
5 24 9 -35 38.75 9 -30 38.75 10.75 -35 36.2499 6.25 -35 40.75
5 24 6.25 -35 -10.75 9 -35 8.75 9 -35 -8.75 3.25003 -35 -12
2 24 -6.25 -30 10.75 -3.24997 -30 11.9999
5 24 10.75 -35 23.75 10.75 -30 23.75 9 -35 21.25 12 -35 26.75
5 24 9.25 -27.5 11.75 9.25 0 11.75 11 -27.5 10 7.25 -27.5 13.25
2 24 11.75 0 -43.5 22.5 0 -39
2 24 2.5 -27.5 14.75 5 -27.5 14.2499
2 24 -3.24997 -35 42 0 -35 42.5
2 24 -11 0 -40.9999 0 0 -42.5
2 24 -38.25 0 17.5 -12.5 0 17.5
2 24 -42 -30 -15 -39 -30 -22.5
2 24 21.25 3.05176e-05 36.75 30 3.05176e-05 30
2 24 12.5 -27.5 -17.5 12.5 -27.5 -12.2501
2 24 6.25 -30 19.25 9 -30 21.25
5 24 -8.75 -27.5 -15.25 -8.75 0 -15.25 -10.75 -27.5 -14 -6.75 -27.5 -16.25
2 24 -3.24997 -30 18 0 -30 17.5
5 24 -6.25 -35 -10.75 -6.25 -30 -10.75 -8.75 -35 -8.75 -3.24997 -35 -12
2 24 6.25 -35 10.75 9 -35 8.75
5 24 -11 -27.5 10 -11 0 10 -12.5 -27.5 8.25 -9.25 -27.5 11.75
2 24 12.5 0 -8.24994 12.5 0 8.25
2 24 0 3.05176e-05 42.5 11 3.05176e-05 41
2 24 0 -35 42.5 3.25003 -35 42
5 24 -10.75 -27.5 14 -10.75 0 14 -12.5 -27.5 12.5 -8.75 -27.5 15.25
5 24 9 -35 8.75 9 -30 8.75 10.75 -35 6.25 6.25 -35 10.75
5 24 3.25003 -35 -12 6.25 -35 10.75 6.25 -35 -10.75 0 -35 -12.5
2 24 -2.5 -27.5 14.75 0 -27.5 15
2 24 -6.25 -30 19.25 -3.24997 -30 18
2 24 -30 3.05176e-05 30 -21.25 3.05176e-05 36.75
2 24 -11.5 0 -43.5 0 0 -45.0001
5 24 10.75 -35 -6.25 12 -35 3.25 9 -35 -8.75 12 -35 -3.25006
2 24 12 -35 26.75 12.5 -35 30
2 24 -39 0 22.5 -31.75 3.05176e-05 31.7499
2 24 -38.25 -27.5 -17.5 -36.75 -27.5 -21.2499
5 24 4.5 -27.5 -17 4.5 0 -17 2.25 -27.5 -17.25 6.75 -27.5 -16.25
2 24 -8.75 -27.5 -15.25 -6.75 -27.5 -16.25
2 24 15 -30 15 42 -30 15
2 24 3.25003 -35 -18 6.25 -35 -19.25
2 24 22.5 3.05176e-05 39 31.75 3.05176e-05 31.7499
2 24 2.25 0 17.25 4.5 0 17
2 24 -38.25 -27.5 17.5 -38.25 0 17.5
2 24 -4.75 -27.5 14.2499 -2.5 -27.5 14.75
5 24 9.25 -27.5 -11.75 9.25 0 -11.75 11 -27.5 -10.0001 7.25 -27.5 -13.25
2 24 39 -30 -22.5 42 -30 -15
5 24 10.75 -35 -36.25 10.75 -30 -36.25 9 -35 -38.7499 12 -35 -33.25
2 24 -36.75 -27.5 -21.2499 -30 -27.5 -30
5 24 36.75 -27.5 21.25 36.75 0 21.25 38.5 -27.5 17.5 30 -27.5 30
2 24 -8.75 -35 -8.75 -6.25 -35 -10.75
2 24 10.75 -30 -36.25 12 -30 -33.25
2 24 -12.5 -35 -30 -12 -35 -33.25
2 24 12 -35 -3.25006 12.5 -35 0
2 24 9.25 -27.5 -11.75 11 -27.5 -10.0001
2 24 0 -27.5 15 2.5 -27.5 14.75
2 24 4.5 0 17 6.75 0 16.25
2 24 -8.75 -27.5 15.25 -6.75 -27.5 16.25
5 24 4.5 -27.5 17 4.5 0 17 6.75 -27.5 16.25 2.25 -27.5 17.25
5 24 39 -30 -22.5 39 0 -22.5 31.75 -30 -31.75 42 -30 -15
2 24 -2.5 -27.5 -14.75 0 -27.5 -15
2 24 31.75 -30 -31.75 39 -30 -22.5
2 24 -12.5 0 12.5 -12.5 0 17.5
2 24 -31.75 0 -31.75 -22.5 0 -39
5 24 -8.75 -35 -21.2499 -8.75 -30 -21.2499 -6.25 -35 -19.25 -10.75 -35 -23.75
2 24 12 -30 3.25 12.5 -30 0
2 24 0 -30 -45.0001 11.75 -30 -43.5
5 24 0 -35 -12.5 3.25003 -35 11.9999 3.25003 -35 -12 -3.24997 -35 -12
5 24 6.75 -27.5 -16.25 6.75 0 -16.25 4.5 -27.5 -17 8.75 -27.5 -15.25
2 24 6.25 -35 19.25 9 -35 21.25
5 24 -6.25 -35 19.25 -6.25 -30 19.25 -8.75 -35 21.25 -3.24997 -35 18
5 24 11.75 -30 -43.5 11.75 0 -43.5 0 -30 -45.0001 22.5 -30 -39
2 24 10.75 -35 23.75 12 -35 26.75
5 24 11.75 -30 43.5 11.75 3.05176e-05 43.5 0 -30 45 22.5 -30 39
5 24 -39 -30 -22.5 -39 0 -22.5 -31.75 -30 -31.75 -42 -30 -15
5 24 0 -35 -12.5 0 -30 -12.5 -3.24997 -35 -12 3.25003 -35 -12
2 24 -42 -30 -15 -42 0 -15
5 24 22.5 -30 39 22.5 3.05176e-05 39 11.75 -30 43.5 31.75 -30 31.7499
2 24 12.5 0 12.5 12.5 0 17.5
2 24 6.25 -30 10.75 9 -30 8.75
2 24 -6.25 -30 -19.25 -3.24997 -30 -18
2 24 -7 0 13.25 -4.75 0 14.2499
2 24 12.5 -27.5 17.5 12.5 0 17.5
5 24 -10.75 -35 -6.25 -10.75 -30 -6.25 -8.75 -35 -8.75 -12 -35 -3.25006
5 24 -6.25 -35 -40.75 -6.25 -30 -40.75 -8.75 -35 -38.7499 -3.24997 -35 -42
5 24 6.25 -35 40.75 6.25 -30 40.75 9 -35 38.75 3.25003 -35 42
2 24 -12.5 -27.5 -8.24994 -12.5 0 -8.24994
2 24 -8.75 -30 -21.2499 -6.25 -30 -19.25
2 24 0 -35 17.5 3.25003 -35 18
5 24 -36.75 -27.5 21.25 -36.75 0 21.25 -30 -27.5 30 -38.25 -27.5 17.5
2 24 -4.75 0 14.2499 -2.5 0 14.75
2 24 10.75 -27.5 -14 12.5 -27.5 -12.2501
5 24 31.75 -30 -31.75 31.75 0 -31.75 22.5 -30 -39 39 -30 -22.5
2 24 10.75 -35 36.2499 12 -35 33.25
2 24 -12.5 0 -8.24994 -12.5 0 8.25
2 24 -31.75 -30 -31.75 -22.5 -30 -39
5 24 -7 -27.5 -13.25 -7 0 -13.25 -4.75 -27.5 -14.25 -9.25 -27.5 -11.75
2 24 8.75 0 15.25 10.75 0 14
5 24 9 -35 -21.2499 9 -30 -21.2499 10.75 -35 -23.75 6.25 -35 -19.25
2 24 0 -27.5 -17.5 2.25 -27.5 -17.25
2 24 0 -35 -42.5 3.25003 -35 -42
2 24 12 -30 33.25 12.5 -30 30
2 24 -12 -35 33.25 -10.75 -35 36.2499
2 24 -6.75 -27.5 -16.25 -4.5 -27.5 -17
5 24 12 -35 -33.25 12 -30 -33.25 10.75 -35 -36.25 12.5 -35 -30
5 24 -12 -35 -3.25006 -10.75 -35 6.25 -10.75 -35 -6.25 -12 -35 3.25
2 24 -8.75 -35 -38.7499 -6.25 -35 -40.75
2 24 5 -27.5 -14.25 7.25 -27.5 -13.25
2 24 -11.5 3.05176e-05 43.5 0 3.05176e-05 45
2 24 10.75 -30 36.2499 12 -30 33.25
2 24 -9.25 -27.5 11.75 -7 -27.5 13.25
2 24 39 -30 22.5 42 -30 15
2 24 12 -30 -3.25006 12.5 -30 0
2 24 -38.25 -27.5 17.5 -12.5 -27.5 17.5
5 24 12 -35 -3.25006 12 -30 -3.25006 10.75 -35 -6.25 12.5 -35 0
2 24 10.75 0 14 12.5 0 12.5
2 24 4.5 -27.5 17 6.75 -27.5 16.25
5 24 10.75 -35 6.25 10.75 -30 6.25 12 -35 3.25 9 -35 8.75
2 24 3.25003 -35 18 6.25 -35 19.25
2 24 -6.25 -35 40.75 -3.24997 -35 42
2 24 3.25003 -35 11.9999 6.25 -35 10.75
2 24 -12 -35 -3.25006 -10.75 -35 -6.25
5 24 36.75 0 21.25 39 0 22.5 30 3.05176e-05 30 38.5 0 17.5
5 24 -12 -35 26.75 -12 -30 26.75 -10.75 -35 23.75 -12.5 -35 30
2 24 -30 -27.5 -30 -21.25 -27.5 -36.75
2 24 0 -30 -17.5 3.25003 -30 -18
2 24 0 -30 42.5 3.25003 -30 42
5 24 21.25 -27.5 -36.75 21.25 0 -36.75 11 -27.5 -40.9999 30 -27.5 -30
2 24 10.75 -35 6.25 12 -35 3.25
5 24 -3.24997 -35 18 -3.24997 -30 18 -6.25 -35 19.25 0 -35 17.5
2 24 -12.5 -27.5 12.5 -12.5 0 12.5
2 24 -42 -30 15 -42 0 15
5 24 9 -35 -8.75 9 -30 -8.75 6.25 -35 -10.75 10.75 -35 -6.25
2 24 -11 -27.5 41 0 -27.5 42.5
2 24 12.5 -27.5 -8.24994 12.5 0 -8.24994
2 24 -12.5 -30 30 -12 -30 26.75
2 24 -6.25 -30 -40.75 -3.24997 -30 -42
2 24 11 -27.5 -10.0001 12.5 -27.5 -8.24994
5 24 -10.75 -35 6.25 -10.75 -30 6.25 -8.75 -35 8.75 -12 -35 3.25
5 24 12 -35 -3.25006 12 -35 3.25 10.75 -35 -6.25 12.5 -35 0
5 24 10.75 -27.5 14 10.75 0 14 8.75 -27.5 15.25 12.5 -27.5 12.5
2 24 21.25 -27.5 -36.75 30 -27.5 -30
5 24 2.5 -27.5 14.75 2.5 0 14.75 5 -27.5 14.2499 0 -27.5 15
5 24 0 -27.5 17.5 0 0 17.5 -2.25 -27.5 17.25 2.25 -27.5 17.25
2 24 -8.75 -35 8.75 -6.25 -35 10.75
5 24 12.5 -35 0 12.5 -30 0 12 -35 3.25 12 -35 -3.25006
5 24 11 -27.5 -10.0001 11 0 -10.0001 12.5 -27.5 -8.24994 9.25 -27.5 -11.75
2 24 -12.5 -27.5 -12.2501 -12.5 -27.5 12.5
2 24 -12 -30 3.25 -10.75 -30 6.25
2 24 12 -35 33.25 12.5 -35 30
2 24 -3.24997 -35 -18 0 -35 -17.5
2 24 9 -30 -21.2499 10.75 -30 -23.75
2 24 0 3.05176e-05 45 11.75 3.05176e-05 43.5
5 24 0 -27.5 -17.5 0 0 -17.5 2.25 -27.5 -17.25 -2.25 -27.5 -17.25
2 24 -2.5 0 -14.75 0 0 -15
5 24 9 -35 -8.75 10.75 -35 6.25 10.75 -35 -6.25 6.25 -35 -10.75
2 24 -31.75 3.05176e-05 31.7499 -22.5 3.05176e-05 39
2 24 9 -30 -8.75 10.75 -30 -6.25
5 24 -12 -35 33.25 -12 -30 33.25 -10.75 -35 36.2499 -12.5 -35 30
2 24 -12.5 0 12.5 -10.75 0 14
5 24 -8.75 -35 38.75 -8.75 -30 38.75 -6.25 -35 40.75 -10.75 -35 36.2499
2 24 -12.5 -35 0 -12 -35 3.25
5 24 -8.75 -35 21.25 -8.75 -30 21.25 -10.75 -35 23.75 -6.25 -35 19.25
2 24 -12.5 -27.5 8.25 -12.5 0 8.25
2 24 2.25 -27.5 17.25 4.5 -27.5 17
2 24 -10.75 -27.5 -14 -8.75 -27.5 -15.25
5 24 -22.5 -30 -39 -22.5 0 -39 -31.75 -30 -31.75 -11.5 -30 -43.5
2 24 -12.5 -27.5 -8.24994 -12.5 -27.5 8.25
2 24 -12.5 -35 0 -12 -35 -3.25006
2 24 11.75 -30 43.5 22.5 -30 39
5 24 -8.75 -35 -38.7499 -8.75 -30 -38.7499 -10.75 -35 -36.25 -6.25 -35 -40.75
2 24 -8.75 -35 -21.2499 -6.25 -35 -19.25
2 24 -6.75 0 16.25 -4.5 0 17
2 24 11 3.05176e-05 41 21.25 3.05176e-05 36.75
2 24 30 3.05176e-05 30 36.75 0 21.25
2 24 -2.25 0 17.25 0 0 17.5
5 24 6.25 -35 -10.75 6.25 -30 -10.75 3.25003 -35 -12 9 -35 -8.75
2 24 -8.75 -35 21.25 -6.25 -35 19.25
2 24 -31.75 -30 31.7499 -22.5 -30 39
5 24 -3.24997 -35 -42 -3.24997 -30 -42 -6.25 -35 -40.75 0 -35 -42.5
2 24 0 -30 -12.5 3.25003 -30 -12
2 24 -7 -27.5 -13.25 -4.75 -27.5 -14.25
2 24 10.75 0 -14 12.5 0 -12.2501
2 24 7.25 -27.5 -13.25 9.25 -27.5 -11.75
2 24 -22.5 -30 -39 -11.5 -30 -43.5
5 24 -3.24997 -35 -18 -3.24997 -30 -18 0 -35 -17.5 -6.25 -35 -19.25
2 24 -4.75 -27.5 -14.25 -2.5 -27.5 -14.75
2 24 -4.5 -27.5 -17 -2.25 -27.5 -17.25
2 24 -15 -30 15 -15 0 15
2 24 12 -30 -33.25 12.5 -30 -30
2 24 -6.25 -35 -19.25 -3.24997 -35 -18
2 24 6.75 0 16.25 8.75 0 15.25
5 24 22.5 -30 -39 22.5 0 -39 31.75 -30 -31.75 11.75 -30 -43.5
2 24 -3.24997 -30 -42 0 -30 -42.5
5 24 -15 -30 -15 15 -30 -15 -15 -30 15 0 -30 -45.0001
2 24 6.25 -35 -19.25 9 -35 -21.2499
2 24 9 -35 -21.2499 10.75 -35 -23.75
2 24 -39 0 -22.5 -31.75 0 -31.75
2 24 38.5 -27.5 -17.5 38.5 0 -17.5
2 24 -9.25 0 -11.75 -7 0 -13.25
5 24 -12 -35 -33.25 -12 -30 -33.25 -12.5 -35 -30 -10.75 -35 -36.25
2 24 15 0 -15 42 0 -15
5 24 -8.75 -27.5 15.25 -8.75 0 15.25 -10.75 -27.5 14 -6.75 -27.5 16.25
2 24 -10.75 0 -14 -8.75 0 -15.25
2 24 -12 -35 -26.75 -10.75 -35 -23.75
2 24 -2.25 -27.5 17.25 0 -27.5 17.5
2 24 -3.24997 -30 11.9999 0 -30 12.5
5 24 3.25003 -35 11.9999 3.25003 -30 11.9999 6.25 -35 10.75 0 -35 12.5
2 24 15 -30 -15 15 0 -15
2 24 0 0 -15 2.5 0 -14.75
2 24 11.75 -30 -43.5 22.5 -30 -39
5 24 0 -30 -45.0001 0 0 -45.0001 -11.5 -30 -43.5 11.75 -30 -43.5
2 24 -12.5 -27.5 12.5 -12.5 -27.5 17.5
2 24 31.75 3.05176e-05 31.7499 39 0 22.5
5 24 -31.75 -30 -31.75 -31.75 0 -31.75 -39 -30 -22.5 -22.5 -30 -39
2 24 11 -27.5 -40.9999 21.25 -27.5 -36.75
2 24 -15 0 -15 -15 0 15
2 24 3.25003 -35 -12 6.25 -35 -10.75
2 24 -10.75 -35 23.75 -8.75 -35 21.25
5 24 -6.75 -27.5 16.25 -6.75 0 16.25 -8.75 -27.5 15.25 -4.5 -27.5 17
2 24 10.75 -30 -6.25 12 -30 -3.25006
2 24 -30 0 -30 -21.25 0 -36.75
5 24 11 -27.5 41 11 3.05176e-05 41 21.25 -27.5 36.75 0 -27.5 42.5
2 24 0 0 17.5 2.25 0 17.25
5 24 11 -27.5 -40.9999 11 0 -40.9999 0 -27.5 -42.5 21.25 -27.5 -36.75
2 24 -12.5 -27.5 12.5 -10.75 -27.5 14
2 24 2.5 0 14.75 5 0 14.2499
2 24 5 0 14.2499 7.25 0 13.25
5 24 -11.5 -30 43.5 -11.5 3.05176e-05 43.5 -22.5 -30 39 0 -30 45
2 24 -8.75 -30 8.75 -6.25 -30 10.75
2 24 -21.25 3.05176e-05 36.75 -11 3.05176e-05 41
2 24 22.5 -30 39 31.75 -30 31.7499
2 24 9 -35 21.25 10.75 -35 23.75
2 24 3.25003 -30 11.9999 6.25 -30 10.75
2 24 -42 0 -15 -39 0 -22.5
2 24 -3.24997 -30 42 0 -30 42.5
2 24 3.25003 -35 42 6.25 -35 40.75
5 24 3.25003 -35 -42 3.25003 -30 -42 0 -35 -42.5 6.25 -35 -40.75
5 24 -12.5 -35 -30 -12.5 -30 -30 -12 -35 -26.75 -12 -35 -33.25
2 24 10.75 -35 -6.25 12 -35 -3.25006
2 24 9 -30 8.75 10.75 -30 6.25
2 24 -11 3.05176e-05 41 0 3.05176e-05 42.5
2 24 7.25 0 -13.25 9.25 0 -11.75
2 24 36.75 0 -21.2499 38.5 0 -17.5
5 24 -12 -35 -26.75 -12 -30 -26.75 -10.75 -35 -23.75 -12.5 -35 -30
2 24 -10.75 -30 -23.75 -8.75 -30 -21.2499
2 24 12.5 -27.5 8.25 12.5 0 8.25
2 24 -12.5 -35 30 -12 -35 33.25
2 24 -6.25 -35 -40.75 -3.24997 -35 -42
5 24 6.75 -27.5 16.25 6.75 0 16.25 4.5 -27.5 17 8.75 -27.5 15.25
2 24 6.25 -30 -40.75 9 -30 -38.7499
5 24 -10.75 -35 23.75 -10.75 -30 23.75 -12 -35 26.75 -8.75 -35 21.25
2 24 -6.25 -35 10.75 -3.24997 -35 11.9999
5 24 12 -35 3.25 12 -30 3.25 12.5 -35 0 10.75 -35 6.25
2 24 22.5 -30 -39 31.75 -30 -31.75
2 24 -12.5 -30 0 -12 -30 3.25
2 24 12.5 -27.5 17.5 38.5 -27.5 17.5
5 24 36.75 -27.5 -21.2499 36.75 0 -21.2499 30 -27.5 -30 38.5 -27.5 -17.5
5 24 3.25003 -35 -18 3.25003 -30 -18 6.25 -35 -19.25 0 -35 -17.5
2 24 -12.5 -27.5 -8.24994 -11 -27.5 -10.0001
2 24 -10.75 -35 -36.25 -8.75 -35 -38.7499
2 24 6.25 -30 -10.75 9 -30 -8.75
2 24 -8.75 -30 38.75 -6.25 -30 40.75
5 24 -6.25 -35 40.75 -6.25 -30 40.75 -3.24997 -35 42 -8.75 -35 38.75
2 24 -12.5 -27.5 17.5 -12.5 0 17.5
5 24 -31.75 -30 31.7499 -31.75 3.05176e-05 31.7499 -22.5 -30 39 -39 -30 22.5
5 24 12 -35 -26.75 12 -30 -26.75 10.75 -35 -23.75 12.5 -35 -30
2 24 11 0 -40.9999 21.25 0 -36.75
5 24 0 -35 -17.5 0 -30 -17.5 3.25003 -35 -18 -3.24997 -35 -18
2 24 5 0 -14.25 7.25 0 -13.25
2 24 12 -30 -26.75 12.5 -30 -30
2 24 11 0 10 12.5 0 8.25
2 24 -38.25 -27.5 -17.5 -12.5 -27.5 -17.5
5 24 7.25 -27.5 13.25 7.25 0 13.25 9.25 -27.5 11.75 5 -27.5 14.2499
2 24 6.25 -30 -19.25 9 -30 -21.2499
2 24 -6.75 -27.5 16.25 -4.5 -27.5 17
2 24 42 -30 15 42 0 15
2 24 -7 0 -13.25 -4.75 0 -14.25
5 24 -8.75 -35 8.75 -8.75 -30 8.75 -6.25 -35 10.75 -10.75 -35 6.25
2 24 10.75 -35 -23.75 12 -35 -26.75
2 24 3.25003 -30 18 6.25 -30 19.25
2 24 9 -30 38.75 10.75 -30 36.2499
5 24 6.25 -35 -19.25 6.25 -30 -19.25 3.25003 -35 -18 9 -35 -21.2499
2 24 2.5 -27.5 -14.75 5 -27.5 -14.25
2 24 -12.5 0 -17.5 -12.5 0 -12.2501
2 24 -39 -30 -22.5 -31.75 -30 -31.75
5 24 -3.24997 -35 -12 -3.24997 -30 -12 -6.25 -35 -10.75 0 -35 -12.5
5 24 30 -27.5 30 30 3.05176e-05 30 36.75 -27.5 21.25 21.25 -27.5 36.75
2 24 -15 -30 -15 -15 -30 15
5 24 11 -27.5 10 11 0 10 12.5 -27.5 8.25 9.25 -27.5 11.75
5 24 10.75 -27.5 -14 10.75 0 -14 12.5 -27.5 -12.2501 8.75 -27.5 -15.25
2 24 -21.25 0 -36.75 -11 0 -40.9999
2 24 9 -35 8.75 10.75 -35 6.25
2 24 30 -27.5 30 36.75 -27.5 21.25
2 24 9 -35 -8.75 10.75 -35 -6.25
2 24 5 -27.5 14.2499 7.25 -27.5 13.25
2 24 -12.5 -30 30 -12 -30 33.25
2 24 31.75 -30 31.7499 39 -30 22.5
5 24 -10.75 -35 -36.25 -10.75 -30 -36.25 -8.75 -35 -38.7499 -12 -35 -33.25
2 24 12.5 0 -17.5 12.5 0 -12.2501
5 24 -4.75 -27.5 14.2499 -4.75 0 14.2499 -2.5 -27.5 14.75 -7 -27.5 13.25
5 24 3.25003 -35 -12 3.25003 -30 -12 0 -35 -12.5 6.25 -35 -10.75
2 24 -9.25 0 11.75 -7 0 13.25
2 24 -42 -30 -15 -15 -30 -15
5 24 31.75 -30 31.7499 31.75 3.05176e-05 31.7499 22.5 -30 39 39 -30 22.5
2 24 -12.5 -30 0 -12 -30 -3.25006
2 24 15 -30 15 15 0 15
2 24 12.5 0 17.5 38.5 0 17.5
2 24 -10.75 -35 36.2499 -8.75 -35 38.75
2 24 -9.25 -27.5 -11.75 -7 -27.5 -13.25
5 24 0 -27.5 -42.5 0 0 -42.5 -11 -27.5 -40.9999 11 -27.5 -40.9999
2 24 15 0 -15 15 0 15
2 24 -42 0 -15 -15 0 -15
2 24 -12.5 0 -8.24994 -11 0 -10.0001
2 24 0 -30 12.5 3.25003 -30 11.9999
5 24 12 -35 26.75 12 -30 26.75 10.75 -35 23.75 12.5 -35 30
2 24 3.25003 -35 -42 6.25 -35 -40.75
2 24 4.5 0 -17 6.75 0 -16.25
2 24 6.25 -30 40.75 9 -30 38.75
5 24 -9.25 -27.5 -11.75 -9.25 0 -11.75 -11 -27.5 -10.0001 -7 -27.5 -13.25
2 24 0 0 -17.5 2.25 0 -17.25
5 24 3.25003 -35 42 3.25003 -30 42 0 -35 42.5 6.25 -35 40.75
2 24 -10.75 -30 -6.25 -8.75 -30 -8.75
5 24 12.5 -35 30 12.5 -30 30 12 -35 33.25 12 -35 26.75
2 24 7.25 -27.5 13.25 9.25 -27.5 11.75
2 24 9.25 -27.5 11.75 11 -27.5 10
2 24 -3.24997 -30 -12 0 -30 -12.5
2 24 7.25 0 13.25 9.25 0 11.75
5 24 -6.25 -35 -19.25 -6.25 -30 -19.25 -3.24997 -35 -18 -8.75 -35 -21.2499
2 24 0 -30 17.5 3.25003 -30 18
5 24 -8.75 -35 -8.75 -6.25 -35 10.75 -6.25 -35 -10.75 -10.75 -35 -6.25
2 24 10.75 -27.5 14 12.5 -27.5 12.5
2 24 36.75 -27.5 -21.2499 38.5 -27.5 -17.5
5 24 -39 0 22.5 -36.75 0 21.25 -42 0 15 -31.75 3.05176e-05 31.7499
2 24 2.5 0 -14.75 5 0 -14.25
2 24 0 -27.5 42.5 11 -27.5 41
2 24 -36.75 0 21.25 -30 3.05176e-05 30
5 24 -3.24997 -35 -12 0 -35 12.5 -6.25 -35 -10.75 0 -35 -12.5
2 24 36.75 0 21.25 38.5 0 17.5
5 24 21.25 -27.5 36.75 21.25 3.05176e-05 36.75 30 -27.5 30 11 -27.5 41
5 24 -10.75 -27.5 -14 -10.75 0 -14 -12.5 -27.5 -12.2501 -8.75 -27.5 -15.25
2 24 -2.25 -27.5 -17.25 0 -27.5 -17.5
5 24 -12.5 -35 30 -12.5 -30 30 -12 -35 33.25 -12 -35 26.75
5 24 -4.5 -27.5 17 -4.5 0 17 -6.75 -27.5 16.25 -2.25 -27.5 17.25
2 24 12.5 -27.5 -12.2501 12.5 -27.5 12.5
5 24 -6.25 -35 -10.75 -3.24997 -35 11.9999 -3.24997 -35 -12 -8.75 -35 -8.75
2 24 6.75 -27.5 16.25 8.75 -27.5 15.25
2 24 -8.75 -30 21.25 -6.25 -30 19.25
5 24 -22.5 -30 39 -22.5 3.05176e-05 39 -31.75 -30 31.7499 -11.5 -30 43.5
2 24 9 -35 38.75 10.75 -35 36.2499
2 24 -12.5 0 -12.2501 -10.75 0 -14
2 24 -11.5 -30 43.5 0 -30 45
5 24 -7 -27.5 13.25 -7 0 13.25 -4.75 -27.5 14.2499 -9.25 -27.5 11.75
2 24 39 0 22.5 42 0 15
2 24 0 -30 45 11.75 -30 43.5
2 24 -10.75 -35 -6.25 -8.75 -35 -8.75
5 24 -2.5 -27.5 14.75 -2.5 0 14.75 -4.75 -27.5 14.2499 0 -27.5 15
5 24 0 -35 12.5 0 -30 12.5 3.25003 -35 11.9999 -3.24997 -35 11.9999
2 24 0 -35 -12.5 3.25003 -35 -12
2 24 11 -27.5 10 12.5 -27.5 8.25
2 24 -12.5 -27.5 -12.2501 -10.75 -27.5 -14
2 24 -6.75 0 -16.25 -4.5 0 -17
5 24 -12.5 -27.5 -12.2501 12.5 -27.5 -12.2501 -12.5 -27.5 -17.5 -12.5 -27.5 12.5
5 24 -6.75 -27.5 -16.25 -6.75 0 -16.25 -8.75 -27.5 -15.25 -4.5 -27.5 -17
2 24 0 -35 -17.5 3.25003 -35 -18
2 24 3.25003 -30 -42 6.25 -30 -40.75
5 24 -12.5 -27.5 12.5 12.5 -27.5 12.5 -12.5 -27.5 17.5 -12.5 -27.5 -12.2501
5 24 -15 -30 15 15 -30 15 -15 -30 -15 -11.5 -30 43.5
2 24 -38.25 0 -17.5 -36.75 0 -21.2499
2 24 -30 -27.5 30 -21.25 -27.5 36.75
2 24 12 -30 26.75 12.5 -30 30
2 24 2.25 0 -17.25 4.5 0 -17
5 24 9 -35 21.25 9 -30 21.25 6.25 -35 19.25 10.75 -35 23.75
2 24 10.75 -35 -36.25 12 -35 -33.25
2 24 -2.25 0 -17.25 0 0 -17.5
2 24 -2.5 0 14.75 0 0 15
2 24 -12.5 -35 30 -12 -35 26.75
2 24 -38.25 0 -17.5 -12.5 0 -17.5
2 24 -12 -35 3.25 -10.75 -35 6.25
2 24 -10.75 -35 -23.75 -8.75 -35 -21.2499
2 24 15 0 15 42 0 15
5 24 8.75 -27.5 -15.25 8.75 0 -15.25 10.75 -27.5 -14 6.75 -27.5 -16.25
2 24 -4.5 -27.5 17 -2.25 -27.5 17.25
5 24 0 -35 17.5 0 -30 17.5 -3.24997 -35 18 3.25003 -35 18
2 24 -8.75 0 15.25 -6.75 0 16.25
2 24 -3.24997 -35 18 0 -35 17.5
5 24 30 -27.5 -30 30 0 -30 21.25 -27.5 -36.75 36.75 -27.5 -21.2499
2 24 12 -35 3.25 12.5 -35 0
2 24 31.75 0 -31.75 39 0 -22.5
2 24 -6.25 -30 40.75 -3.24997 -30 42
2 24 8.75 0 -15.25 10.75 0 -14
