0 Cilindro      |B:B
0 Name: cilindro.dat
0 Author: betatron & jasolo
0 !LDRAW_ORG Unofficial_Part
0 BFC CERTIFY CCW 
4 16 2.57 -29 -7.05 0.86 -29 -2.35 0 -29 -2.5 0 -29 -7.5
4 16 4.82 -29 5.75 1.61 -29 1.92 2.17 -29 1.25 6.5 -29 3.75
4 16 0 -29 -7.5 0 -29 -2.5 -0.86 -29 -2.35 -2.57 -29 -7.05
4 16 -2.57 -29 -7.05 -0.86 -29 -2.35 -1.61 -29 -1.92 -4.82 -29 -5.75
4 16 2.57 -29 7.05 0.86 -29 2.35 1.61 -29 1.92 4.82 -29 5.75
4 16 7.39 -29 -1.3 2.46 -29 -0.43 2.17 -29 -1.25 6.5 -29 -3.75
4 16 7.39 -29 1.3 2.46 -29 0.43 2.46 -29 -0.43 7.39 -29 -1.3
4 16 6.5 -29 3.75 2.17 -29 1.25 2.46 -29 0.43 7.39 -29 1.3
4 16 0.86 -29 -2.35 2.57 -29 -7.05 4.82 -29 -5.75 1.61 -29 -1.92
4 16 6.5 -29 -3.75 2.17 -29 -1.25 1.61 -29 -1.92 4.82 -29 -5.75
4 16 -4.82 -29 -5.75 -1.61 -29 -1.92 -2.17 -29 -1.25 -6.5 -29 -3.75
4 16 -6.5 -29 3.75 -2.17 -29 1.25 -1.61 -29 1.92 -4.82 -29 5.75
4 16 -7.39 -29 1.3 -2.46 -29 0.43 -2.17 -29 1.25 -6.5 -29 3.75
4 16 -2.57 -29 7.05 -0.86 -29 2.35 0 -29 2.5 0 -29 7.5
4 16 -4.82 -29 5.75 -1.61 -29 1.92 -0.86 -29 2.35 -2.57 -29 7.05
4 16 -6.5 -29 -3.75 -2.17 -29 -1.25 -2.46 -29 -0.43 -7.39 -29 -1.3
4 16 0 -29 7.5 0 -29 2.5 0.86 -29 2.35 2.57 -29 7.05
4 16 -7.39 -29 -1.3 -2.46 -29 -0.43 -2.46 -29 0.43 -7.39 -29 1.3
4 16 2.57 -29 -7.05 2.57 -24 -7.05 4.82 -24 -5.75 4.82 -29 -5.75
4 16 0.86 -29 -2.35 0.86 -24 -2.35 0 -24 -2.5 0 -29 -2.5
4 16 2.46 -29 -0.43 2.46 -24 -0.43 2.17 -24 -1.25 2.17 -29 -1.25
4 16 1.61 -29 -1.92 1.61 -24 -1.92 0.86 -24 -2.35 0.86 -29 -2.35
4 16 2.17 -29 -1.25 2.17 -24 -1.25 1.61 -24 -1.92 1.61 -29 -1.92
4 16 6.5 -24 -3.75 6.5 -29 -3.75 4.82 -29 -5.75 4.82 -24 -5.75
4 16 2.57 -24 -7.05 2.57 -29 -7.05 0 -29 -7.5 0 -24 -7.5
4 16 0.86 -29 2.35 0.86 -24 2.35 1.61 -24 1.92 1.61 -29 1.92
4 16 4.82 -24 5.75 4.82 -29 5.75 6.5 -29 3.75 6.5 -24 3.75
4 16 2.57 -24 7.05 2.57 -29 7.05 4.82 -29 5.75 4.82 -24 5.75
4 16 0 -24 7.5 0 -29 7.5 2.57 -29 7.05 2.57 -24 7.05
4 16 0 -29 2.5 0 -24 2.5 0.86 -24 2.35 0.86 -29 2.35
4 16 1.61 -29 1.92 1.61 -24 1.92 2.17 -24 1.25 2.17 -29 1.25
4 16 2.46 -29 0.43 2.46 -24 0.43 2.46 -24 -0.43 2.46 -29 -0.43
4 16 7.39 -24 -1.3 7.39 -29 -1.3 6.5 -29 -3.75 6.5 -24 -3.75
4 16 7.39 -24 1.3 7.39 -29 1.3 7.39 -29 -1.3 7.39 -24 -1.3
4 16 6.5 -24 3.75 6.5 -29 3.75 7.39 -29 1.3 7.39 -24 1.3
4 16 2.17 -29 1.25 2.17 -24 1.25 2.46 -24 0.43 2.46 -29 0.43
4 16 -2.46 -29 0.43 -2.46 -24 0.43 -2.17 -24 1.25 -2.17 -29 1.25
4 16 -6.5 -24 3.75 -6.5 -29 3.75 -4.82 -29 5.75 -4.82 -24 5.75
4 16 -2.46 -29 -0.43 -2.46 -24 -0.43 -2.46 -24 0.43 -2.46 -29 0.43
4 16 -7.39 -24 1.3 -7.39 -29 1.3 -6.5 -29 3.75 -6.5 -24 3.75
4 16 -2.17 -29 1.25 -2.17 -24 1.25 -1.61 -24 1.92 -1.61 -29 1.92
4 16 -2.57 -24 7.05 -2.57 -29 7.05 0 -29 7.5 0 -24 7.5
4 16 -0.86 -29 2.35 -0.86 -24 2.35 0 -24 2.5 0 -29 2.5
4 16 -4.82 -24 5.75 -4.82 -29 5.75 -2.57 -29 7.05 -2.57 -24 7.05
4 16 -1.61 -29 1.92 -1.61 -24 1.92 -0.86 -24 2.35 -0.86 -29 2.35
4 16 0 -24 -7.5 0 -29 -7.5 -2.57 -29 -7.05 -2.57 -24 -7.05
4 16 0 -29 -2.5 0 -24 -2.5 -0.86 -24 -2.35 -0.86 -29 -2.35
4 16 -0.86 -29 -2.35 -0.86 -24 -2.35 -1.61 -24 -1.92 -1.61 -29 -1.92
4 16 -4.82 -24 -5.75 -4.82 -29 -5.75 -6.5 -29 -3.75 -6.5 -24 -3.75
4 16 -2.57 -24 -7.05 -2.57 -29 -7.05 -4.82 -29 -5.75 -4.82 -24 -5.75
4 16 -2.17 -29 -1.25 -2.17 -24 -1.25 -2.46 -24 -0.43 -2.46 -29 -0.43
4 16 -7.39 -24 -1.3 -7.39 -29 -1.3 -7.39 -29 1.3 -7.39 -24 1.3
4 16 -1.61 -29 -1.92 -1.61 -24 -1.92 -2.17 -24 -1.25 -2.17 -29 -1.25
4 16 -6.5 -24 -3.75 -6.5 -29 -3.75 -7.39 -29 -1.3 -7.39 -24 -1.3
4 16 0 -24 -10 -3.42667 -24 -9.4 -3.42667 0 -9.4 0 0 -10
4 16 -8.66666 -24 5 -6.42667 -24 7.66667 -6.42667 0 7.66667 -8.66666 0 5
4 16 -9.85333 -24 1.73333 -8.66666 -24 5 -8.66666 0 5 -9.85333 0 1.73333
4 16 -3.42667 -24 9.4 0 -24 10 0 0 10 -3.42667 0 9.4
4 16 -6.42667 -24 7.66667 -3.42667 -24 9.4 -3.42667 0 9.4 -6.42667 0 7.66667
4 16 8.66666 -24 -5 6.42667 -24 -7.66667 6.42667 0 -7.66667 8.66666 0 -5
4 16 9.85333 -24 -1.73333 8.66666 -24 -5 8.66666 0 -5 9.85333 0 -1.73333
4 16 3.42667 -24 -9.4 0 -24 -10 0 0 -10 3.42667 0 -9.4
4 16 6.42667 -24 -7.66667 3.42667 -24 -9.4 3.42667 0 -9.4 6.42667 0 -7.66667
4 16 9.85333 -24 1.73333 9.85333 -24 -1.73333 9.85333 0 -1.73333 9.85333 0 1.73333
4 16 3.42667 -24 9.4 6.42667 -24 7.66667 6.42667 0 7.66667 3.42667 0 9.4
4 16 0 -24 10 3.42667 -24 9.4 3.42667 0 9.4 0 0 10
4 16 8.66666 -24 5 9.85333 -24 1.73333 9.85333 0 1.73333 8.66666 0 5
4 16 6.42667 -24 7.66667 8.66666 -24 5 8.66666 0 5 6.42667 0 7.66667
4 16 -6.42667 -24 -7.66667 -8.66666 -24 -5 -8.66666 0 -5 -6.42667 0 -7.66667
4 16 -8.66666 -24 -5 -9.85333 -24 -1.73333 -9.85333 0 -1.73333 -8.66666 0 -5
4 16 -9.85333 -24 -1.73333 -9.85333 -24 1.73333 -9.85333 0 1.73333 -9.85333 0 -1.73333
4 16 -3.42667 -24 -9.4 -6.42667 -24 -7.66667 -6.42667 0 -7.66667 -3.42667 0 -9.4
4 16 0 0 -10 -3.42667 0 -9.4 -2.57 0 -7.05 0 0 -7.5
4 16 -8.66666 0 5 -6.42667 0 7.66667 -4.82 0 5.75 -6.5 0 3.75
4 16 -9.85333 0 1.73333 -8.66666 0 5 -6.5 0 3.75 -7.39 0 1.3
4 16 -3.42667 0 9.4 0 0 10 0 0 7.5 -2.57 0 7.05
4 16 -6.42667 0 7.66667 -3.42667 0 9.4 -2.57 0 7.05 -4.82 0 5.75
4 16 8.66666 0 -5 6.42667 0 -7.66667 4.82 0 -5.75 6.5 0 -3.75
4 16 9.85333 0 -1.73333 8.66666 0 -5 6.5 0 -3.75 7.39 0 -1.3
4 16 3.42667 0 -9.4 0 0 -10 0 0 -7.5 2.57 0 -7.05
4 16 6.42667 0 -7.66667 3.42667 0 -9.4 2.57 0 -7.05 4.82 0 -5.75
4 16 9.85333 0 1.73333 9.85333 0 -1.73333 7.39 0 -1.3 7.39 0 1.3
4 16 3.42667 0 9.4 6.42667 0 7.66667 4.82 0 5.75 2.57 0 7.05
4 16 0 0 10 3.42667 0 9.4 2.57 0 7.05 0 0 7.5
4 16 8.66666 0 5 9.85333 0 1.73333 7.39 0 1.3 6.5 0 3.75
4 16 6.42667 0 7.66667 8.66666 0 5 6.5 0 3.75 4.82 0 5.75
4 16 -6.42667 0 -7.66667 -8.66666 0 -5 -6.5 0 -3.75 -4.82 0 -5.75
4 16 -8.66666 0 -5 -9.85333 0 -1.73333 -7.39 0 -1.3 -6.5 0 -3.75
4 16 -9.85333 0 -1.73333 -9.85333 0 1.73333 -7.39 0 1.3 -7.39 0 -1.3
4 16 -3.42667 0 -9.4 -6.42667 0 -7.66667 -4.82 0 -5.75 -2.57 0 -7.05
4 16 0 0 -7.5 -2.57 0 -7.05 -2.57 -21.5 -7.05 0 -21.5 -7.5
4 16 -6.5 0 3.75 -4.82 0 5.75 -4.82 -21.5 5.75 -6.5 -21.5 3.75
4 16 -7.39 0 1.3 -6.5 0 3.75 -6.5 -21.5 3.75 -7.39 -21.5 1.3
4 16 -2.57 0 7.05 0 0 7.5 0 -21.5 7.5 -2.57 -21.5 7.05
4 16 -4.82 0 5.75 -2.57 0 7.05 -2.57 -21.5 7.05 -4.82 -21.5 5.75
4 16 6.5 0 -3.75 4.82 0 -5.75 4.82 -21.5 -5.75 6.5 -21.5 -3.75
4 16 7.39 0 -1.3 6.5 0 -3.75 6.5 -21.5 -3.75 7.39 -21.5 -1.3
4 16 2.57 0 -7.05 0 0 -7.5 0 -21.5 -7.5 2.57 -21.5 -7.05
4 16 4.82 0 -5.75 2.57 0 -7.05 2.57 -21.5 -7.05 4.82 -21.5 -5.75
4 16 7.39 0 1.3 7.39 0 -1.3 7.39 -21.5 -1.3 7.39 -21.5 1.3
4 16 2.57 0 7.05 4.82 0 5.75 4.82 -21.5 5.75 2.57 -21.5 7.05
4 16 0 0 7.5 2.57 0 7.05 2.57 -21.5 7.05 0 -21.5 7.5
4 16 6.5 0 3.75 7.39 0 1.3 7.39 -21.5 1.3 6.5 -21.5 3.75
4 16 4.82 0 5.75 6.5 0 3.75 6.5 -21.5 3.75 4.82 -21.5 5.75
4 16 -4.82 0 -5.75 -6.5 0 -3.75 -6.5 -21.5 -3.75 -4.82 -21.5 -5.75
4 16 -6.5 0 -3.75 -7.39 0 -1.3 -7.39 -21.5 -1.3 -6.5 -21.5 -3.75
4 16 -7.39 0 -1.3 -7.39 0 1.3 -7.39 -21.5 1.3 -7.39 -21.5 -1.3
4 16 -2.57 0 -7.05 -4.82 0 -5.75 -4.82 -21.5 -5.75 -2.57 -21.5 -7.05
4 16 0 -21.5 -7.5 -2.57 -21.5 -7.05 -2.17602 -21.5 -5.96923 0 -21.5 -6.35025
4 16 -6.5 -21.5 3.75 -4.82 -21.5 5.75 -4.08109 -21.5 4.86852 -5.50355 -21.5 3.17512
4 16 -7.39 -21.5 1.3 -6.5 -21.5 3.75 -5.50355 -21.5 3.17512 -6.25711 -21.5 1.10071
4 16 -2.57 -21.5 7.05 0 -21.5 7.5 0 -21.5 6.35025 -2.17602 -21.5 5.96923
4 16 -4.82 -21.5 5.75 -2.57 -21.5 7.05 -2.17602 -21.5 5.96923 -4.08109 -21.5 4.86852
4 16 6.5 -21.5 -3.75 4.82 -21.5 -5.75 4.08109 -21.5 -4.86852 5.50355 -21.5 -3.17512
4 16 7.39 -21.5 -1.3 6.5 -21.5 -3.75 5.50355 -21.5 -3.17512 6.25711 -21.5 -1.10071
4 16 2.57 -21.5 -7.05 0 -21.5 -7.5 0 -21.5 -6.35025 2.17602 -21.5 -5.96923
4 16 4.82 -21.5 -5.75 2.57 -21.5 -7.05 2.17602 -21.5 -5.96923 4.08109 -21.5 -4.86852
4 16 7.39 -21.5 1.3 7.39 -21.5 -1.3 6.25711 -21.5 -1.10071 6.25711 -21.5 1.10071
4 16 2.57 -21.5 7.05 4.82 -21.5 5.75 4.08109 -21.5 4.86852 2.17602 -21.5 5.96923
4 16 0 -21.5 7.5 2.57 -21.5 7.05 2.17602 -21.5 5.96923 0 -21.5 6.35025
4 16 6.5 -21.5 3.75 7.39 -21.5 1.3 6.25711 -21.5 1.10071 5.50355 -21.5 3.17512
4 16 4.82 -21.5 5.75 6.5 -21.5 3.75 5.50355 -21.5 3.17512 4.08109 -21.5 4.86852
4 16 -4.82 -21.5 -5.75 -6.5 -21.5 -3.75 -5.50355 -21.5 -3.17512 -4.08109 -21.5 -4.86852
4 16 -6.5 -21.5 -3.75 -7.39 -21.5 -1.3 -6.25711 -21.5 -1.10071 -5.50355 -21.5 -3.17512
4 16 -7.39 -21.5 -1.3 -7.39 -21.5 1.3 -6.25711 -21.5 1.10071 -6.25711 -21.5 -1.10071
4 16 -2.57 -21.5 -7.05 -4.82 -21.5 -5.75 -4.08109 -21.5 -4.86852 -2.17602 -21.5 -5.96923
4 16 0 -21.5 -6.35025 -2.17602 -21.5 -5.96923 -2.17602 -23.9 -5.96923 0 -23.9 -6.35025
4 16 -5.50355 -21.5 3.17512 -4.08109 -21.5 4.86852 -4.08109 -23.9 4.86852 -5.50355 -23.9 3.17512
4 16 -6.25711 -21.5 1.10071 -5.50355 -21.5 3.17512 -5.50355 -23.9 3.17512 -6.25711 -23.9 1.10071
4 16 -2.17602 -21.5 5.96923 0 -21.5 6.35025 0 -23.9 6.35025 -2.17602 -23.9 5.96923
4 16 -4.08109 -21.5 4.86852 -2.17602 -21.5 5.96923 -2.17602 -23.9 5.96923 -4.08109 -23.9 4.86852
4 16 5.50355 -21.5 -3.17512 4.08109 -21.5 -4.86852 4.08109 -23.9 -4.86852 5.50355 -23.9 -3.17512
4 16 6.25711 -21.5 -1.10071 5.50355 -21.5 -3.17512 5.50355 -23.9 -3.17512 6.25711 -23.9 -1.10071
4 16 2.17602 -21.5 -5.96923 0 -21.5 -6.35025 0 -23.9 -6.35025 2.17602 -23.9 -5.96923
4 16 4.08109 -21.5 -4.86852 2.17602 -21.5 -5.96923 2.17602 -23.9 -5.96923 4.08109 -23.9 -4.86852
4 16 6.25711 -21.5 1.10071 6.25711 -21.5 -1.10071 6.25711 -23.9 -1.10071 6.25711 -23.9 1.10071
4 16 2.17602 -21.5 5.96923 4.08109 -21.5 4.86852 4.08109 -23.9 4.86852 2.17602 -23.9 5.96923
4 16 0 -21.5 6.35025 2.17602 -21.5 5.96923 2.17602 -23.9 5.96923 0 -23.9 6.35025
4 16 5.50355 -21.5 3.17512 6.25711 -21.5 1.10071 6.25711 -23.9 1.10071 5.50355 -23.9 3.17512
4 16 4.08109 -21.5 4.86852 5.50355 -21.5 3.17512 5.50355 -23.9 3.17512 4.08109 -23.9 4.86852
4 16 -4.08109 -21.5 -4.86852 -5.50355 -21.5 -3.17512 -5.50355 -23.9 -3.17512 -4.08109 -23.9 -4.86852
4 16 -5.50355 -21.5 -3.17512 -6.25711 -21.5 -1.10071 -6.25711 -23.9 -1.10071 -5.50355 -23.9 -3.17512
4 16 -6.25711 -21.5 -1.10071 -6.25711 -21.5 1.10071 -6.25711 -23.9 1.10071 -6.25711 -23.9 -1.10071
4 16 -2.17602 -21.5 -5.96923 -4.08109 -21.5 -4.86852 -4.08109 -23.9 -4.86852 -2.17602 -23.9 -5.96923
4 16 0 -23.9 -6.35025 -2.17602 -23.9 -5.96923 -1.28481 -23.9 -3.52448 0 -23.9 -3.74945
4 16 -5.50355 -23.9 3.17512 -4.08109 -23.9 4.86852 -2.40964 -23.9 2.87458 -3.24952 -23.9 1.87472
4 16 -6.25711 -23.9 1.10071 -5.50355 -23.9 3.17512 -3.24952 -23.9 1.87472 -3.69445 -23.9 0.649904
4 16 -2.17602 -23.9 5.96923 0 -23.9 6.35025 0 -23.9 3.74945 -1.28481 -23.9 3.52448
4 16 -4.08109 -23.9 4.86852 -2.17602 -23.9 5.96923 -1.28481 -23.9 3.52448 -2.40964 -23.9 2.87458
4 16 5.50355 -23.9 -3.17512 4.08109 -23.9 -4.86852 2.40964 -23.9 -2.87458 3.24952 -23.9 -1.87472
4 16 6.25711 -23.9 -1.10071 5.50355 -23.9 -3.17512 3.24952 -23.9 -1.87472 3.69445 -23.9 -0.649904
4 16 2.17602 -23.9 -5.96923 0 -23.9 -6.35025 0 -23.9 -3.74945 1.28481 -23.9 -3.52448
4 16 4.08109 -23.9 -4.86852 2.17602 -23.9 -5.96923 1.28481 -23.9 -3.52448 2.40964 -23.9 -2.87458
4 16 6.25711 -23.9 1.10071 6.25711 -23.9 -1.10071 3.69445 -23.9 -0.649904 3.69445 -23.9 0.649904
4 16 2.17602 -23.9 5.96923 4.08109 -23.9 4.86852 2.40964 -23.9 2.87458 1.28481 -23.9 3.52448
4 16 0 -23.9 6.35025 2.17602 -23.9 5.96923 1.28481 -23.9 3.52448 0 -23.9 3.74945
4 16 5.50355 -23.9 3.17512 6.25711 -23.9 1.10071 3.69445 -23.9 0.649904 3.24952 -23.9 1.87472
4 16 4.08109 -23.9 4.86852 5.50355 -23.9 3.17512 3.24952 -23.9 1.87472 2.40964 -23.9 2.87458
4 16 -4.08109 -23.9 -4.86852 -5.50355 -23.9 -3.17512 -3.24952 -23.9 -1.87472 -2.40964 -23.9 -2.87458
4 16 -5.50355 -23.9 -3.17512 -6.25711 -23.9 -1.10071 -3.69445 -23.9 -0.649904 -3.24952 -23.9 -1.87472
4 16 -6.25711 -23.9 -1.10071 -6.25711 -23.9 1.10071 -3.69445 -23.9 0.649904 -3.69445 -23.9 -0.649904
4 16 -2.17602 -23.9 -5.96923 -4.08109 -23.9 -4.86852 -2.40964 -23.9 -2.87458 -1.28481 -23.9 -3.52448
4 16 0 -23.9 -3.74945 -1.28481 -23.9 -3.52448 -1.28481 -21.5 -3.52448 0 -21.5 -3.74945
4 16 -3.24952 -23.9 1.87472 -2.40964 -23.9 2.87458 -2.40964 -21.5 2.87458 -3.24952 -21.5 1.87472
4 16 -3.69445 -23.9 0.649904 -3.24952 -23.9 1.87472 -3.24952 -21.5 1.87472 -3.69445 -21.5 0.649904
4 16 -1.28481 -23.9 3.52448 0 -23.9 3.74945 0 -21.5 3.74945 -1.28481 -21.5 3.52448
4 16 -2.40964 -23.9 2.87458 -1.28481 -23.9 3.52448 -1.28481 -21.5 3.52448 -2.40964 -21.5 2.87458
4 16 3.24952 -23.9 -1.87472 2.40964 -23.9 -2.87458 2.40964 -21.5 -2.87458 3.24952 -21.5 -1.87472
4 16 3.69445 -23.9 -0.649904 3.24952 -23.9 -1.87472 3.24952 -21.5 -1.87472 3.69445 -21.5 -0.649904
4 16 1.28481 -23.9 -3.52448 0 -23.9 -3.74945 0 -21.5 -3.74945 1.28481 -21.5 -3.52448
4 16 2.40964 -23.9 -2.87458 1.28481 -23.9 -3.52448 1.28481 -21.5 -3.52448 2.40964 -21.5 -2.87458
4 16 3.69445 -23.9 0.649904 3.69445 -23.9 -0.649904 3.69445 -21.5 -0.649904 3.69445 -21.5 0.649904
4 16 1.28481 -23.9 3.52448 2.40964 -23.9 2.87458 2.40964 -21.5 2.87458 1.28481 -21.5 3.52448
4 16 0 -23.9 3.74945 1.28481 -23.9 3.52448 1.28481 -21.5 3.52448 0 -21.5 3.74945
4 16 3.24952 -23.9 1.87472 3.69445 -23.9 0.649904 3.69445 -21.5 0.649904 3.24952 -21.5 1.87472
4 16 2.40964 -23.9 2.87458 3.24952 -23.9 1.87472 3.24952 -21.5 1.87472 2.40964 -21.5 2.87458
4 16 -2.40964 -23.9 -2.87458 -3.24952 -23.9 -1.87472 -3.24952 -21.5 -1.87472 -2.40964 -21.5 -2.87458
4 16 -3.24952 -23.9 -1.87472 -3.69445 -23.9 -0.649904 -3.69445 -21.5 -0.649904 -3.24952 -21.5 -1.87472
4 16 -3.69445 -23.9 -0.649904 -3.69445 -23.9 0.649904 -3.69445 -21.5 0.649904 -3.69445 -21.5 -0.649904
4 16 -1.28481 -23.9 -3.52448 -2.40964 -23.9 -2.87458 -2.40964 -21.5 -2.87458 -1.28481 -21.5 -3.52448
4 16 -1.28481 -21.5 3.52448 0 -21.5 3.74945 1.28481 -21.5 3.52448 0 -21.5 0
4 16 -2.40964 -21.5 -2.87458 -3.24952 -21.5 -1.87472 -3.69445 -21.5 -0.649904 0 -21.5 0
4 16 0 -21.5 -3.74945 0 -21.5 0 2.40964 -21.5 -2.87458 1.28481 -21.5 -3.52448
4 16 2.40964 -21.5 -2.87458 0 -21.5 0 3.69445 -21.5 -0.649904 3.24952 -21.5 -1.87472
4 16 0 -21.5 -3.74945 -1.28481 -21.5 -3.52448 -2.40964 -21.5 -2.87458 0 -21.5 0
4 16 1.28481 -21.5 3.52448 2.40964 -21.5 2.87458 3.24952 -21.5 1.87472 0 -21.5 0
4 16 3.69445 -21.5 -0.649904 0 -21.5 0 3.24952 -21.5 1.87472 3.69445 -21.5 0.649904
4 16 -1.28481 -21.5 3.52448 0 -21.5 0 -3.24952 -21.5 1.87472 -2.40964 -21.5 2.87458
4 16 -3.69445 -21.5 -0.649904 -3.69445 -21.5 0.649904 -3.24952 -21.5 1.87472 0 -21.5 0
4 16 -3.42667 -24 9.4 0 -24 0 3.42667 -24 9.4 0 -24 10
4 16 -8.66666 -24 5 0 -24 0 -3.42667 -24 9.4 -6.42667 -24 7.66667
4 16 -6.42667 -24 -7.66667 0 -24 0 -9.85333 -24 -1.73333 -8.66666 -24 -5
4 16 0 -24 -10 3.42667 -24 -9.4 6.42667 -24 -7.66667 0 -24 0
4 16 9.85333 -24 -1.73333 9.85333 -24 1.73333 8.66666 -24 5 0 -24 0
4 16 3.42667 -24 9.4 0 -24 0 8.66666 -24 5 6.42667 -24 7.66667
4 16 6.42667 -24 -7.66667 8.66666 -24 -5 9.85333 -24 -1.73333 0 -24 0
4 16 -8.66666 -24 5 -9.85333 -24 1.73333 -9.85333 -24 -1.73333 0 -24 0
4 16 0 -24 -10 0 -24 0 -6.42667 -24 -7.66667 -3.42667 -24 -9.4
2 24 -6.5 -21.5 -3.75 -4.82 -21.5 -5.75
2 24 -2.57 -24 -7.05 0 -24 -7.5
2 24 -3.42667 0 -9.4 0 0 -10
2 24 -6.5 -29 -3.75 -4.82 -29 -5.75
2 24 3.24952 -23.9 1.87472 3.69445 -23.9 0.649904
2 24 9.85333 0 -1.73333 9.85333 0 1.73333
5 24 6.25711 -23.9 -1.10071 6.25711 -21.5 -1.10071 5.50355 -23.9 -3.17512 6.25711 -23.9 1.10071
2 24 0 -24 -10 3.42667 -24 -9.4
2 24 2.40964 -23.9 -2.87458 3.24952 -23.9 -1.87472
2 24 0 -23.9 -6.35025 2.17602 -23.9 -5.96923
2 24 -2.40964 -21.5 2.87458 -1.28481 -21.5 3.52448
2 24 0.86 -24 -2.35 1.61 -24 -1.92
5 24 -6.5 -21.5 -3.75 -6.5 0 -3.75 -4.82 -21.5 -5.75 -7.39 -21.5 -1.3
2 24 -3.69445 -23.9 -0.649904 -3.69445 -23.9 0.649904
5 24 0.86 -29 -2.35 0.86 -24 -2.35 0 -29 -2.5 1.61 -29 -1.92
2 24 -6.5 -21.5 3.75 -4.82 -21.5 5.75
2 24 2.57 0 7.05 4.82 0 5.75
5 24 -3.24952 -23.9 1.87472 -3.24952 -21.5 1.87472 -2.40964 -23.9 2.87458 -3.69445 -23.9 0.649904
2 24 1.28481 -21.5 -3.52448 2.40964 -21.5 -2.87458
2 24 -2.46 -29 0.43 -2.17 -29 1.25
5 24 1.28481 -23.9 3.52448 1.28481 -21.5 3.52448 2.40964 -23.9 2.87458 0 -23.9 3.74945
5 24 1.28481 -23.9 -3.52448 1.28481 -21.5 -3.52448 0 -23.9 -3.74945 2.40964 -23.9 -2.87458
2 24 5.50355 -23.9 -3.17512 6.25711 -23.9 -1.10071
2 24 -1.61 -24 1.92 -0.86 -24 2.35
2 24 3.69445 -21.5 -0.649904 3.69445 -21.5 0.649904
2 24 4.82 -24 5.75 6.5 -24 3.75
2 24 2.17602 -23.9 5.96923 4.08109 -23.9 4.86852
5 24 -2.17602 -23.9 -5.96923 -2.17602 -21.5 -5.96923 0 -23.9 -6.35025 -4.08109 -23.9 -4.86852
2 24 0 -29 2.5 0.86 -29 2.35
2 24 6.5 -21.5 3.75 7.39 -21.5 1.3
2 24 2.17 -24 -1.25 2.46 -24 -0.43
5 24 0 -23.9 -3.74945 0 -21.5 -3.74945 -1.28481 -23.9 -3.52448 1.28481 -23.9 -3.52448
2 24 0 -24 -2.5 0.86 -24 -2.35
5 24 -2.40964 -23.9 2.87458 -2.40964 -21.5 2.87458 -3.24952 -23.9 1.87472 -1.28481 -23.9 3.52448
2 24 2.46 -24 -0.43 2.46 -24 0.43
2 24 4.82 -29 -5.75 6.5 -29 -3.75
2 24 -1.28481 -23.9 -3.52448 0 -23.9 -3.74945
5 24 -2.57 -29 -7.05 -2.57 -24 -7.05 0 -29 -7.5 -4.82 -29 -5.75
2 24 -2.17602 -21.5 -5.96923 0 -21.5 -6.35025
2 24 0 0 -7.5 2.57 0 -7.05
2 24 -2.17602 -21.5 5.96923 0 -21.5 6.35025
5 24 4.82 -21.5 5.75 4.82 0 5.75 2.57 -21.5 7.05 6.5 -21.5 3.75
5 24 -7.39 -29 -1.3 -7.39 -24 -1.3 -7.39 -29 1.3 -6.5 -29 -3.75
5 24 -5.50355 -23.9 -3.17512 -5.50355 -21.5 -3.17512 -4.08109 -23.9 -4.86852 -6.25711 -23.9 -1.10071
2 24 2.57 -24 -7.05 4.82 -24 -5.75
5 24 -6.5 -29 -3.75 -6.5 -24 -3.75 -4.82 -29 -5.75 -7.39 -29 -1.3
2 24 0 -29 -2.5 0.86 -29 -2.35
2 24 -6.5 0 3.75 -4.82 0 5.75
5 24 3.24952 -23.9 1.87472 3.24952 -21.5 1.87472 3.69445 -23.9 0.649904 2.40964 -23.9 2.87458
2 24 -2.46 -24 -0.43 -2.17 -24 -1.25
2 24 4.82 0 -5.75 6.5 0 -3.75
5 24 2.17602 -23.9 -5.96923 2.17602 -21.5 -5.96923 0 -23.9 -6.35025 4.08109 -23.9 -4.86852
5 24 -9.85333 -24 -1.73333 -9.85333 0 -1.73333 -8.66666 -24 -5 -9.85333 -24 1.73333
2 24 1.28481 -23.9 -3.52448 2.40964 -23.9 -2.87458
2 24 -7.39 -21.5 1.3 -6.5 -21.5 3.75
2 24 7.39 -29 -1.3 7.39 -29 1.3
2 24 -4.82 -24 5.75 -2.57 -24 7.05
2 24 -6.25711 -21.5 -1.10071 -5.50355 -21.5 -3.17512
2 24 -3.24952 -23.9 -1.87472 -2.40964 -23.9 -2.87458
2 24 -6.42667 -24 -7.66667 -3.42667 -24 -9.4
2 24 2.17602 -21.5 5.96923 4.08109 -21.5 4.86852
2 24 6.5 -24 3.75 7.39 -24 1.3
5 24 -7.39 -29 1.3 -7.39 -24 1.3 -6.5 -29 3.75 -7.39 -29 -1.3
5 24 7.39 -29 1.3 7.39 -24 1.3 7.39 -29 -1.3 6.5 -29 3.75
5 24 -2.40964 -23.9 -2.87458 -2.40964 -21.5 -2.87458 -3.24952 -23.9 -1.87472 -1.28481 -23.9 -3.52448
2 24 -4.82 -21.5 5.75 -2.57 -21.5 7.05
2 24 -2.17602 -23.9 5.96923 0 -23.9 6.35025
2 24 -6.5 -24 3.75 -4.82 -24 5.75
2 24 6.25711 -21.5 -1.10071 6.25711 -21.5 1.10071
2 24 2.40964 -23.9 2.87458 3.24952 -23.9 1.87472
2 24 -8.66666 -24 -5 -6.42667 -24 -7.66667
5 24 3.42667 -24 -9.4 3.42667 0 -9.4 0 -24 -10 6.42667 -24 -7.66667
2 24 0 0 -10 3.42667 0 -9.4
5 24 8.66666 -24 5 8.66666 0 5 9.85333 -24 1.73333 6.42667 -24 7.66667
5 24 2.40964 -23.9 -2.87458 2.40964 -21.5 -2.87458 3.24952 -23.9 -1.87472 1.28481 -23.9 -3.52448
2 24 -6.5 -29 3.75 -4.82 -29 5.75
2 24 -4.82 -21.5 -5.75 -2.57 -21.5 -7.05
2 24 0 -24 2.5 0.86 -24 2.35
2 24 0 -21.5 -3.74945 1.28481 -21.5 -3.52448
2 24 -6.25711 -23.9 -1.10071 -6.25711 -23.9 1.10071
5 24 -5.50355 -23.9 3.17512 -5.50355 -21.5 3.17512 -4.08109 -23.9 4.86852 -6.25711 -23.9 1.10071
2 24 -6.25711 -23.9 -1.10071 -5.50355 -23.9 -3.17512
2 24 -2.46 -24 -0.43 -2.46 -24 0.43
5 24 0 -23.9 -6.35025 0 -21.5 -6.35025 -2.17602 -23.9 -5.96923 2.17602 -23.9 -5.96923
5 24 3.69445 -23.9 0.649904 3.69445 -21.5 0.649904 3.69445 -23.9 -0.649904 3.24952 -23.9 1.87472
2 24 -6.42667 0 -7.66667 -3.42667 0 -9.4
5 24 -4.08109 -23.9 -4.86852 -4.08109 -21.5 -4.86852 -5.50355 -23.9 -3.17512 -2.17602 -23.9 -5.96923
2 24 -7.39 -29 -1.3 -7.39 -29 1.3
2 24 2.40964 -21.5 2.87458 3.24952 -21.5 1.87472
5 24 -1.61 -29 -1.92 -1.61 -24 -1.92 -0.86 -29 -2.35 -2.17 -29 -1.25
2 24 0 0 7.5 2.57 0 7.05
2 24 2.17 -29 1.25 2.46 -29 0.43
5 24 2.57 -29 -7.05 2.57 -24 -7.05 4.82 -29 -5.75 0 -29 -7.5
5 24 -0.86 -29 -2.35 -0.86 -24 -2.35 0 -29 -2.5 -1.61 -29 -1.92
5 24 -2.57 -21.5 -7.05 -2.57 0 -7.05 0 -21.5 -7.5 -4.82 -21.5 -5.75
2 24 6.5 -29 3.75 7.39 -29 1.3
2 24 -4.08109 -21.5 -4.86852 -2.17602 -21.5 -5.96923
5 24 6.25711 -23.9 1.10071 6.25711 -21.5 1.10071 6.25711 -23.9 -1.10071 5.50355 -23.9 3.17512
2 24 -0.86 -24 2.35 0 -24 2.5
2 24 2.57 -29 7.05 4.82 -29 5.75
2 24 -7.39 -24 -1.3 -6.5 -24 -3.75
5 24 2.40964 -23.9 2.87458 2.40964 -21.5 2.87458 1.28481 -23.9 3.52448 3.24952 -23.9 1.87472
2 24 -3.42667 0 9.4 0 0 10
2 24 -2.17 -29 -1.25 -1.61 -29 -1.92
5 24 -2.46 -29 -0.43 -2.46 -24 -0.43 -2.46 -29 0.43 -2.17 -29 -1.25
2 24 -4.82 -29 5.75 -2.57 -29 7.05
5 24 6.42667 -24 -7.66667 6.42667 0 -7.66667 8.66666 -24 -5 3.42667 -24 -9.4
2 24 2.57 0 -7.05 4.82 0 -5.75
5 24 -4.82 -21.5 5.75 -4.82 0 5.75 -6.5 -21.5 3.75 -2.57 -21.5 7.05
5 24 6.5 -21.5 -3.75 6.5 0 -3.75 4.82 -21.5 -5.75 7.39 -21.5 -1.3
2 24 -2.17 -29 1.25 -1.61 -29 1.92
2 24 -2.46 -24 0.43 -2.17 -24 1.25
5 24 5.50355 -23.9 3.17512 5.50355 -21.5 3.17512 6.25711 -23.9 1.10071 4.08109 -23.9 4.86852
5 24 0.86 -29 2.35 0.86 -24 2.35 1.61 -29 1.92 0 -29 2.5
2 24 -2.40964 -23.9 2.87458 -1.28481 -23.9 3.52448
5 24 5.50355 -23.9 -3.17512 5.50355 -21.5 -3.17512 4.08109 -23.9 -4.86852 6.25711 -23.9 -1.10071
2 24 -1.28481 -21.5 -3.52448 0 -21.5 -3.74945
2 24 -2.40964 -21.5 -2.87458 -1.28481 -21.5 -3.52448
2 24 1.28481 -21.5 3.52448 2.40964 -21.5 2.87458
2 24 -2.57 0 -7.05 0 0 -7.5
5 24 2.17 -29 -1.25 2.17 -24 -1.25 2.46 -29 -0.43 1.61 -29 -1.92
5 24 3.24952 -23.9 -1.87472 3.24952 -21.5 -1.87472 2.40964 -23.9 -2.87458 3.69445 -23.9 -0.649904
2 24 2.17 -29 -1.25 2.46 -29 -0.43
2 24 6.5 0 -3.75 7.39 0 -1.3
2 24 8.66666 -24 -5 9.85333 -24 -1.73333
2 24 -3.69445 -23.9 0.649904 -3.24952 -23.9 1.87472
2 24 0 -21.5 3.74945 1.28481 -21.5 3.52448
2 24 -2.17 -24 1.25 -1.61 -24 1.92
2 24 2.17602 -23.9 -5.96923 4.08109 -23.9 -4.86852
2 24 4.08109 -23.9 4.86852 5.50355 -23.9 3.17512
2 24 9.85333 -24 -1.73333 9.85333 -24 1.73333
5 24 -4.08109 -23.9 4.86852 -4.08109 -21.5 4.86852 -5.50355 -23.9 3.17512 -2.17602 -23.9 5.96923
2 24 3.42667 -24 9.4 6.42667 -24 7.66667
5 24 0 -29 -2.5 0 -24 -2.5 0.86 -29 -2.35 -0.86 -29 -2.35
2 24 -7.39 0 -1.3 -7.39 0 1.3
2 24 -9.85333 -24 1.73333 -8.66666 -24 5
5 24 -6.25711 -23.9 -1.10071 -6.25711 -21.5 -1.10071 -5.50355 -23.9 -3.17512 -6.25711 -23.9 1.10071
2 24 5.50355 -23.9 3.17512 6.25711 -23.9 1.10071
5 24 2.46 -29 -0.43 2.46 -24 -0.43 2.17 -29 -1.25 2.46 -29 0.43
2 24 1.61 -24 1.92 2.17 -24 1.25
5 24 -3.24952 -23.9 -1.87472 -3.24952 -21.5 -1.87472 -2.40964 -23.9 -2.87458 -3.69445 -23.9 -0.649904
2 24 0 -21.5 -6.35025 2.17602 -21.5 -5.96923
2 24 -3.69445 -21.5 -0.649904 -3.24952 -21.5 -1.87472
2 24 -5.50355 -23.9 3.17512 -4.08109 -23.9 4.86852
5 24 0 -24 10 0 0 10 -3.42667 -24 9.4 3.42667 -24 9.4
5 24 6.5 -29 3.75 6.5 -24 3.75 4.82 -29 5.75 7.39 -29 1.3
2 24 8.66666 0 -5 9.85333 0 -1.73333
2 24 -4.82 -24 -5.75 -2.57 -24 -7.05
2 24 6.5 -21.5 -3.75 7.39 -21.5 -1.3
2 24 2.17 -24 1.25 2.46 -24 0.43
2 24 6.42667 -24 -7.66667 8.66666 -24 -5
2 24 0 -24 10 3.42667 -24 9.4
2 24 0 -29 -7.5 2.57 -29 -7.05
2 24 0 -24 7.5 2.57 -24 7.05
5 24 -1.61 -29 1.92 -1.61 -24 1.92 -2.17 -29 1.25 -0.86 -29 2.35
2 24 0 -29 7.5 2.57 -29 7.05
5 24 0 -29 7.5 0 -24 7.5 2.57 -29 7.05 -2.57 -29 7.05
2 24 -3.69445 -21.5 -0.649904 -3.69445 -21.5 0.649904
2 24 0.86 -24 2.35 1.61 -24 1.92
2 24 0.86 -29 -2.35 1.61 -29 -1.92
2 24 4.82 -24 -5.75 6.5 -24 -3.75
2 24 -6.42667 0 7.66667 -3.42667 0 9.4
2 24 4.08109 -23.9 -4.86852 5.50355 -23.9 -3.17512
5 24 6.42667 -24 7.66667 6.42667 0 7.66667 3.42667 -24 9.4 8.66666 -24 5
2 24 -9.85333 -24 -1.73333 -9.85333 -24 1.73333
2 24 -5.50355 -23.9 -3.17512 -4.08109 -23.9 -4.86852
5 24 3.42667 -24 9.4 3.42667 0 9.4 6.42667 -24 7.66667 0 -24 10
2 24 -2.57 -21.5 7.05 0 -21.5 7.5
2 24 -6.25711 -23.9 1.10071 -5.50355 -23.9 3.17512
5 24 2.57 -21.5 7.05 2.57 0 7.05 4.82 -21.5 5.75 0 -21.5 7.5
2 24 -5.50355 -21.5 3.17512 -4.08109 -21.5 4.86852
2 24 -7.39 -24 -1.3 -7.39 -24 1.3
5 24 0 -21.5 7.5 0 0 7.5 -2.57 -21.5 7.05 2.57 -21.5 7.05
5 24 0 -24 -10 0 0 -10 -3.42667 -24 -9.4 3.42667 -24 -9.4
5 24 -4.82 -21.5 -5.75 -4.82 0 -5.75 -6.5 -21.5 -3.75 -2.57 -21.5 -7.05
5 24 -2.17602 -23.9 5.96923 -2.17602 -21.5 5.96923 0 -23.9 6.35025 -4.08109 -23.9 4.86852
5 24 -2.17 -29 -1.25 -2.17 -24 -1.25 -2.46 -29 -0.43 -1.61 -29 -1.92
2 24 -7.39 0 1.3 -6.5 0 3.75
2 24 0 -21.5 7.5 2.57 -21.5 7.05
2 24 -1.61 -29 -1.92 -0.86 -29 -2.35
2 24 -6.5 0 -3.75 -4.82 0 -5.75
5 24 -2.46 -29 0.43 -2.46 -24 0.43 -2.17 -29 1.25 -2.46 -29 -0.43
2 24 7.39 0 -1.3 7.39 0 1.3
5 24 4.08109 -23.9 -4.86852 4.08109 -21.5 -4.86852 5.50355 -23.9 -3.17512 2.17602 -23.9 -5.96923
2 24 2.17602 -21.5 -5.96923 4.08109 -21.5 -4.86852
2 24 -7.39 -24 1.3 -6.5 -24 3.75
5 24 -9.85333 -24 1.73333 -9.85333 0 1.73333 -8.66666 -24 5 -9.85333 -24 -1.73333
2 24 -2.46 -29 -0.43 -2.46 -29 0.43
5 24 0 -29 -7.5 0 -24 -7.5 2.57 -29 -7.05 -2.57 -29 -7.05
5 24 8.66666 -24 -5 8.66666 0 -5 6.42667 -24 -7.66667 9.85333 -24 -1.73333
2 24 -7.39 -29 1.3 -6.5 -29 3.75
5 24 -3.42667 -24 -9.4 -3.42667 0 -9.4 0 -24 -10 -6.42667 -24 -7.66667
2 24 5.50355 -21.5 3.17512 6.25711 -21.5 1.10071
2 24 -9.85333 0 1.73333 -8.66666 0 5
5 24 6.5 -21.5 3.75 6.5 0 3.75 7.39 -21.5 1.3 4.82 -21.5 5.75
5 24 0 -23.9 3.74945 0 -21.5 3.74945 -1.28481 -23.9 3.52448 1.28481 -23.9 3.52448
2 24 -5.50355 -21.5 -3.17512 -4.08109 -21.5 -4.86852
5 24 -8.66666 -24 5 -8.66666 0 5 -6.42667 -24 7.66667 -9.85333 -24 1.73333
2 24 7.39 -24 -1.3 7.39 -24 1.3
5 24 -1.28481 -23.9 -3.52448 -1.28481 -21.5 -3.52448 0 -23.9 -3.74945 -2.40964 -23.9 -2.87458
2 24 -8.66666 0 -5 -6.42667 0 -7.66667
2 24 -4.08109 -21.5 4.86852 -2.17602 -21.5 5.96923
2 24 6.42667 0 7.66667 8.66666 0 5
5 24 -6.5 -21.5 3.75 -6.5 0 3.75 -4.82 -21.5 5.75 -7.39 -21.5 1.3
5 24 -6.42667 -24 -7.66667 -6.42667 0 -7.66667 -8.66666 -24 -5 -3.42667 -24 -9.4
2 24 0 -21.5 -7.5 2.57 -21.5 -7.05
2 24 -1.28481 -23.9 3.52448 0 -23.9 3.74945
5 24 -7.39 -21.5 -1.3 -7.39 0 -1.3 -6.5 -21.5 -3.75 -7.39 -21.5 1.3
2 24 -2.17602 -23.9 -5.96923 0 -23.9 -6.35025
2 24 6.42667 -24 7.66667 8.66666 -24 5
5 24 -6.42667 -24 7.66667 -6.42667 0 7.66667 -8.66666 -24 5 -3.42667 -24 9.4
2 24 -4.82 -29 -5.75 -2.57 -29 -7.05
2 24 3.42667 0 9.4 6.42667 0 7.66667
5 24 -3.69445 -23.9 -0.649904 -3.69445 -21.5 -0.649904 -3.24952 -23.9 -1.87472 -3.69445 -23.9 0.649904
2 24 -2.57 -21.5 -7.05 0 -21.5 -7.5
5 24 1.61 -29 -1.92 1.61 -24 -1.92 0.86 -29 -2.35 2.17 -29 -1.25
2 24 0 -23.9 -3.74945 1.28481 -23.9 -3.52448
2 24 2.46 -29 -0.43 2.46 -29 0.43
2 24 2.57 -24 7.05 4.82 -24 5.75
5 24 4.82 -21.5 -5.75 4.82 0 -5.75 6.5 -21.5 -3.75 2.57 -21.5 -7.05
2 24 -0.86 -29 -2.35 0 -29 -2.5
2 24 -9.85333 0 -1.73333 -8.66666 0 -5
5 24 6.5 -29 -3.75 6.5 -24 -3.75 4.82 -29 -5.75 7.39 -29 -1.3
5 24 7.39 -29 -1.3 7.39 -24 -1.3 6.5 -29 -3.75 7.39 -29 1.3
2 24 3.24952 -23.9 -1.87472 3.69445 -23.9 -0.649904
2 24 -3.42667 -24 9.4 0 -24 10
2 24 0 -23.9 6.35025 2.17602 -23.9 5.96923
5 24 4.08109 -23.9 4.86852 4.08109 -21.5 4.86852 2.17602 -23.9 5.96923 5.50355 -23.9 3.17512
2 24 -3.24952 -21.5 -1.87472 -2.40964 -21.5 -2.87458
2 24 -6.5 -24 -3.75 -4.82 -24 -5.75
5 24 9.85333 -24 1.73333 9.85333 0 1.73333 9.85333 -24 -1.73333 8.66666 -24 5
2 24 -2.57 -29 -7.05 0 -29 -7.5
5 24 -4.82 -29 -5.75 -4.82 -24 -5.75 -6.5 -29 -3.75 -2.57 -29 -7.05
5 24 -4.82 -29 5.75 -4.82 -24 5.75 -6.5 -29 3.75 -2.57 -29 7.05
2 24 -3.42667 -24 -9.4 0 -24 -10
2 24 -6.42667 -24 7.66667 -3.42667 -24 9.4
2 24 6.5 -24 -3.75 7.39 -24 -1.3
5 24 -1.28481 -23.9 3.52448 -1.28481 -21.5 3.52448 0 -23.9 3.74945 -2.40964 -23.9 2.87458
2 24 -4.08109 -23.9 4.86852 -2.17602 -23.9 5.96923
2 24 3.42667 0 -9.4 6.42667 0 -7.66667
2 24 -7.39 -21.5 -1.3 -7.39 -21.5 1.3
5 24 -8.66666 -24 -5 -8.66666 0 -5 -6.42667 -24 -7.66667 -9.85333 -24 -1.73333
2 24 -9.85333 -24 -1.73333 -8.66666 -24 -5
2 24 0 -23.9 3.74945 1.28481 -23.9 3.52448
2 24 1.28481 -23.9 3.52448 2.40964 -23.9 2.87458
2 24 -8.66666 0 5 -6.42667 0 7.66667
2 24 -1.28481 -21.5 3.52448 0 -21.5 3.74945
2 24 -0.86 -24 -2.35 0 -24 -2.5
5 24 -7.39 -21.5 1.3 -7.39 0 1.3 -6.5 -21.5 3.75 -7.39 -21.5 -1.3
2 24 4.82 -29 5.75 6.5 -29 3.75
2 24 -7.39 -21.5 -1.3 -6.5 -21.5 -3.75
2 24 4.82 -21.5 -5.75 6.5 -21.5 -3.75
2 24 3.69445 -23.9 -0.649904 3.69445 -23.9 0.649904
5 24 4.82 -29 -5.75 4.82 -24 -5.75 2.57 -29 -7.05 6.5 -29 -3.75
2 24 -4.08109 -23.9 -4.86852 -2.17602 -23.9 -5.96923
2 24 0.86 -29 2.35 1.61 -29 1.92
5 24 7.39 -21.5 1.3 7.39 0 1.3 7.39 -21.5 -1.3 6.5 -21.5 3.75
5 24 2.17602 -23.9 5.96923 2.17602 -21.5 5.96923 4.08109 -23.9 4.86852 0 -23.9 6.35025
2 24 -2.57 0 7.05 0 0 7.5
2 24 0 -21.5 6.35025 2.17602 -21.5 5.96923
2 24 1.61 -29 1.92 2.17 -29 1.25
5 24 -2.57 -29 7.05 -2.57 -24 7.05 0 -29 7.5 -4.82 -29 5.75
2 24 -1.61 -29 1.92 -0.86 -29 2.35
2 24 -3.24952 -23.9 1.87472 -2.40964 -23.9 2.87458
2 24 0 0 10 3.42667 0 9.4
2 24 0 -24 -7.5 2.57 -24 -7.05
2 24 2.57 -29 -7.05 4.82 -29 -5.75
5 24 -0.86 -29 2.35 -0.86 -24 2.35 0 -29 2.5 -1.61 -29 1.92
5 24 1.61 -29 1.92 1.61 -24 1.92 0.86 -29 2.35 2.17 -29 1.25
2 24 5.50355 -21.5 -3.17512 6.25711 -21.5 -1.10071
2 24 4.82 0 5.75 6.5 0 3.75
2 24 4.08109 -21.5 4.86852 5.50355 -21.5 3.17512
5 24 3.69445 -23.9 -0.649904 3.69445 -21.5 -0.649904 3.24952 -23.9 -1.87472 3.69445 -23.9 0.649904
2 24 1.61 -24 -1.92 2.17 -24 -1.25
5 24 -2.57 -21.5 7.05 -2.57 0 7.05 0 -21.5 7.5 -4.82 -21.5 5.75
2 24 -2.57 -29 7.05 0 -29 7.5
5 24 2.17 -29 1.25 2.17 -24 1.25 1.61 -29 1.92 2.46 -29 0.43
5 24 -3.69445 -23.9 0.649904 -3.69445 -21.5 0.649904 -3.24952 -23.9 1.87472 -3.69445 -23.9 -0.649904
2 24 8.66666 0 5 9.85333 0 1.73333
5 24 2.46 -29 0.43 2.46 -24 0.43 2.46 -29 -0.43 2.17 -29 1.25
2 24 -7.39 0 -1.3 -6.5 0 -3.75
2 24 -3.69445 -23.9 -0.649904 -3.24952 -23.9 -1.87472
2 24 7.39 -21.5 -1.3 7.39 -21.5 1.3
5 24 0 -29 2.5 0 -24 2.5 0.86 -29 2.35 -0.86 -29 2.35
5 24 0 -23.9 6.35025 0 -21.5 6.35025 -2.17602 -23.9 5.96923 2.17602 -23.9 5.96923
2 24 6.42667 0 -7.66667 8.66666 0 -5
2 24 3.42667 -24 -9.4 6.42667 -24 -7.66667
2 24 4.08109 -21.5 -4.86852 5.50355 -21.5 -3.17512
2 24 3.24952 -21.5 1.87472 3.69445 -21.5 0.649904
5 24 2.57 -21.5 -7.05 2.57 0 -7.05 0 -21.5 -7.5 4.82 -21.5 -5.75
2 24 -2.17 -24 -1.25 -1.61 -24 -1.92
5 24 0 -21.5 -7.5 0 0 -7.5 -2.57 -21.5 -7.05 2.57 -21.5 -7.05
2 24 8.66666 -24 5 9.85333 -24 1.73333
2 24 2.57 -21.5 -7.05 4.82 -21.5 -5.75
2 24 6.25711 -23.9 -1.10071 6.25711 -23.9 1.10071
5 24 2.57 -29 7.05 2.57 -24 7.05 4.82 -29 5.75 0 -29 7.5
2 24 -4.82 0 -5.75 -2.57 0 -7.05
2 24 -1.61 -24 -1.92 -0.86 -24 -2.35
2 24 4.82 -21.5 5.75 6.5 -21.5 3.75
2 24 -0.86 -29 2.35 0 -29 2.5
2 24 -7.39 -29 -1.3 -6.5 -29 -3.75
2 24 2.57 -21.5 7.05 4.82 -21.5 5.75
2 24 -2.40964 -23.9 -2.87458 -1.28481 -23.9 -3.52448
2 24 -3.69445 -21.5 0.649904 -3.24952 -21.5 1.87472
5 24 7.39 -21.5 -1.3 7.39 0 -1.3 6.5 -21.5 -3.75 7.39 -21.5 1.3
5 24 9.85333 -24 -1.73333 9.85333 0 -1.73333 8.66666 -24 -5 9.85333 -24 1.73333
2 24 -2.46 -29 -0.43 -2.17 -29 -1.25
2 24 -6.25711 -21.5 -1.10071 -6.25711 -21.5 1.10071
2 24 -6.25711 -21.5 1.10071 -5.50355 -21.5 3.17512
2 24 2.40964 -21.5 -2.87458 3.24952 -21.5 -1.87472
5 24 -6.25711 -23.9 1.10071 -6.25711 -21.5 1.10071 -5.50355 -23.9 3.17512 -6.25711 -23.9 -1.10071
5 24 4.82 -29 5.75 4.82 -24 5.75 6.5 -29 3.75 2.57 -29 7.05
2 24 -3.24952 -21.5 1.87472 -2.40964 -21.5 2.87458
2 24 -8.66666 -24 5 -6.42667 -24 7.66667
2 24 -4.82 0 5.75 -2.57 0 7.05
2 24 3.24952 -21.5 -1.87472 3.69445 -21.5 -0.649904
2 24 6.5 0 3.75 7.39 0 1.3
2 24 -2.57 -24 7.05 0 -24 7.5
5 24 -3.42667 -24 9.4 -3.42667 0 9.4 0 -24 10 -6.42667 -24 7.66667
5 24 -6.5 -29 3.75 -6.5 -24 3.75 -4.82 -29 5.75 -7.39 -29 1.3
2 24 6.5 -29 -3.75 7.39 -29 -1.3
5 24 -2.17 -29 1.25 -2.17 -24 1.25 -2.46 -29 0.43 -1.61 -29 1.92
2 24 1.61 -29 -1.92 2.17 -29 -1.25
2 24 -9.85333 0 -1.73333 -9.85333 0 1.73333
