0 Cirrevol Grande Logo     |S:S
0 Name: cirrevos.dat
0 Author: jasolo & cpcbegin
0 !LDRAW_ORG Unofficial_Part
0 BFC CERTIFY CCW
3 16 -74.39 -43.8 27.78 -74.31 -43.82 28 -74.4 -43.79 27.76
3 16 75.81 -37.33 25.58 74.2 -36.15 29.68 75.78 -37.39 25.68
3 16 -74.3 -43.82 28.03 -73.75 -43.95 29.51 -74.31 -43.82 28
3 16 76.3 -37.66 24.32 76.28 -37.63 24.37 76.3 -37.67 24.33
3 16 75.9 -37.13 25.24 73.5 -34.18 30.95 75.89 -37.16 25.3
3 16 -75.59 -39.43 25.93 -75.51 -38 26.65 -75.99 -38 25.29
3 16 74.2 -36.15 29.68 74.21 -36.45 29.76 75.74 -37.46 25.81
3 16 75.78 -37.39 25.68 74.2 -36.15 29.68 75.74 -37.46 25.81
3 16 75.81 -37.33 25.58 74.14 -35.84 29.72 74.2 -36.15 29.68
3 16 -75.24 -38.09 27.38 -73.9 -38.12 31.11 -75.33 -38 27.15
3 16 -73.9 -38.12 31.11 -73.91 -38 31.11 -75.33 -38 27.15
3 16 -73.75 -43.95 29.51 -73.9 -42.56 29.59 -74.4 -43.79 27.76
3 16 -76.24 -36.97 24.25 -75.98 -37.27 25.08 -76.11 -33.96 23.59
3 16 76.32 -37.63 24.26 76.28 -37.63 24.37 76.3 -37.66 24.32
3 16 75.95 -37.03 25.08 76.18 -34.63 23.61 75.95 -37.04 25.1
3 16 76.18 -34.63 23.61 73.5 -34.18 30.95 75.95 -37.04 25.1
3 16 -74.31 -43.82 28 -73.75 -43.95 29.51 -74.4 -43.79 27.76
3 16 -76.56 -38 23.72 -76.24 -36.97 24.25 -76.11 -33.96 23.59
3 16 75.95 -37.04 25.1 73.5 -34.18 30.95 75.9 -37.13 25.24
3 16 76.32 -37.63 24.26 76.03 -37.17 24.9 76.28 -37.63 24.37
3 16 -76.56 -38 23.72 -76.28 -38 24.49 -76.24 -36.97 24.25
3 16 -74.6 -38.32 29.07 -74.04 -38.37 30.62 -75.24 -38.09 27.38
3 16 75.8 -37.59 25.7 74.17 -36.7 29.94 75.84 -37.67 25.6
3 16 -70.09 -20.32 28.51 -70.33 -21.27 29.63 -70.09 -20.32 28.52
3 16 75.83 -37.28 25.5 73.96 -35.41 30.1 74.06 -35.58 29.86
3 16 74.21 -36.45 29.76 74.17 -36.7 29.94 75.8 -37.59 25.7
3 16 75.83 -37.28 25.5 74.06 -35.58 29.86 75.83 -37.29 25.52
3 16 75.84 -37.67 25.6 74.11 -36.86 30.17 75.87 -37.71 25.55
3 16 -76.65 -37.71 23.22 -76.56 -38 23.72 -76.6 -37.43 23.29
3 16 -76.6 -37.43 23.29 -76.56 -38 23.72 -76.56 -37.22 23.32
3 16 74.17 -36.7 29.94 74.11 -36.86 30.17 75.84 -37.67 25.6
3 16 -76.56 -37.22 23.32 -76.56 -38 23.72 -76.54 -37.01 23.33
3 16 75.74 -37.48 25.83 74.21 -36.45 29.76 75.8 -37.59 25.7
3 16 -74.86 -38.28 28.38 -74.6 -38.32 29.07 -75.24 -38.09 27.38
3 16 -72.75 -21.79 23.42 -71.85 -22.48 26.66 -72.85 -21.27 22.6
3 16 75.74 -37.46 25.81 74.21 -36.45 29.76 75.74 -37.48 25.83
3 16 75.83 -37.29 25.52 74.14 -35.84 29.72 75.81 -37.33 25.58
3 16 75.83 -37.29 25.52 74.06 -35.58 29.86 74.14 -35.84 29.72
3 16 -74.6 -41.73 27.92 -75.24 -38.09 27.38 -74.99 -41.67 26.83
3 16 -76.54 -37.01 23.33 -76.56 -38 23.72 -76.11 -33.96 23.59
3 16 -75.04 -43.51 26.07 -74.4 -43.79 27.76 -74.94 -42.37 26.73
3 16 -74.99 -41.67 26.83 -75.24 -38.09 27.38 -75.36 -41.97 25.7
3 16 -74.4 -43.79 27.76 -73.9 -42.56 29.59 -74.94 -42.37 26.73
3 16 76.33 -37.6 24.21 76.18 -34.63 23.61 75.95 -37.03 25.08
3 16 -73.34 -43.9 30.69 -73.32 -43.9 30.74 -73.76 -40.59 30.64
3 16 -73.54 -43.93 30.12 -73.34 -43.9 30.69 -73.76 -40.59 30.64
3 16 73.36 -42.45 31.08 72.85 -42.37 32.18 73.19 -43.8 31.07
3 16 -76.31 -39.24 23.98 -76.26 -39.16 24.16 -76.56 -38 23.72
3 16 74.52 -38.99 29.07 74.19 -38.32 30.23 74.46 -39.34 29.12
3 16 -76.39 -39.52 23.67 -76.35 -39.36 23.82 -76.56 -38 23.72
3 16 -73.76 -40.59 30.64 -73.95 -41.85 29.67 -73.54 -43.93 30.12
3 16 -72.73 -22.35 24.07 -71.85 -22.48 26.66 -72.75 -21.79 23.42
3 16 -76.35 -39.36 23.82 -76.31 -39.24 23.98 -76.56 -38 23.72
3 16 72.85 -42.37 32.18 72.45 -43.51 32.71 73.19 -43.8 31.07
3 16 -72.87 -23.07 24.45 -71.85 -22.48 26.66 -72.73 -22.35 24.07
3 16 74.81 -38.28 28.49 74.19 -38.32 30.23 74.75 -38.37 28.64
3 16 74.75 -38.37 28.64 74.19 -38.32 30.23 74.68 -38.5 28.79
3 16 74.88 -38.2 28.34 74.19 -38.32 30.23 74.81 -38.28 28.49
3 16 -73.32 -43.9 30.74 -73.71 -40.64 30.76 -73.76 -40.59 30.64
3 16 74.5 -40.47 28.62 74.08 -41.85 29.31 74.55 -40.59 28.44
3 16 74.68 -38.5 28.79 74.19 -38.32 30.23 74.58 -38.76 28.98
3 16 74.58 -38.76 28.98 74.19 -38.32 30.23 74.52 -38.99 29.07
3 16 -76.26 -39.16 24.16 -76.15 -39.1 24.48 -76.56 -38 23.72
3 16 -76.15 -39.1 24.48 -76.28 -38 24.49 -76.56 -38 23.72
3 16 -73.01 -23.5 24.52 -71.85 -22.48 26.66 -72.87 -23.07 24.45
3 16 -74.04 -38.37 30.62 -74 -38.28 30.77 -75.24 -38.09 27.38
3 16 -75.51 -38 26.65 -75.5 -37.97 26.66 -76.11 -33.96 23.59
3 16 -75.98 -37.27 25.08 -75.51 -38 26.65 -76.11 -33.96 23.59
3 16 76.37 -37.53 24.09 76.18 -34.63 23.61 76.33 -37.6 24.21
3 16 -75.5 -37.97 26.66 -75.48 -37.91 26.68 -76.11 -33.96 23.59
3 16 76.38 -37.5 24.03 76.18 -34.63 23.61 76.37 -37.53 24.09
3 16 76.33 -37.6 24.21 75.95 -37.03 25.08 76.03 -37.17 24.9
3 16 -73.75 -43.95 29.51 -73.6 -43.93 29.96 -73.9 -42.56 29.59
3 16 -75.99 -38 25.29 -75.51 -38 26.65 -75.98 -37.27 25.08
3 16 -73.9 -42.56 29.59 -73.6 -43.93 29.96 -73.95 -41.85 29.67
3 16 76.33 -37.6 24.21 76.03 -37.17 24.9 76.32 -37.63 24.26
3 16 -75.48 -37.91 26.68 -75.47 -37.84 26.71 -76.11 -33.96 23.59
3 16 -73.56 -43.93 30.05 -73.54 -43.93 30.12 -73.95 -41.85 29.67
3 16 -73.6 -43.93 29.96 -73.56 -43.93 30.05 -73.95 -41.85 29.67
3 16 -75.34 -37.98 27.1 -75.33 -38 27.15 -76.11 -33.96 23.59
3 16 73.19 -43.8 31.07 73.29 -43.82 30.86 73.44 -42.46 30.92
3 16 73.44 -42.46 30.92 73.36 -42.45 31.08 73.19 -43.8 31.07
3 16 -75.47 -37.84 26.71 -75.39 -37.93 26.95 -76.11 -33.96 23.59
3 16 76.18 -34.63 23.61 76.38 -37.5 24.03 76.47 -37.32 23.72
3 16 76.18 -34.63 23.61 76.47 -37.32 23.72 76.48 -37.31 23.7
3 16 -75.39 -37.93 26.95 -75.34 -37.98 27.1 -76.11 -33.96 23.59
3 16 73.94 -38.28 30.94 73.91 -38 31.11 73.69 -40.04 31.02
3 16 -76.69 -37.91 23.14 -76.56 -38 23.72 -76.65 -37.71 23.22
3 16 70.49 -20.24 27.24 70.48 -20.25 27.29 72.49 -21.27 23.62
3 16 70.03 -18.92 26.05 69.99 -19.27 26.81 70.09 -19.4 26.79
3 16 70.46 -20.05 27 70.49 -20.24 27.24 72.49 -21.27 23.62
3 16 70.03 -18.92 26.05 70.09 -19.4 26.79 70.19 -19.54 26.76
3 16 70.35 -19.81 26.83 70.46 -20.05 27 72.49 -21.27 23.62
3 16 -76.94 -35.14 20.83 -77.68 -33.73 17.22 -76.99 -35.25 20.67
3 16 -76.99 -35.25 20.67 -77.68 -33.73 17.22 -76.99 -35.25 20.66
3 16 -76.86 -35.03 21.1 -77.68 -33.73 17.22 -76.94 -35.14 20.83
3 16 70.03 -18.92 26.05 69.8 -19.06 26.97 69.99 -19.27 26.81
3 16 70.03 -18.92 26.05 69.63 -18.94 27.2 69.8 -19.06 26.97
3 16 70.2 -20.2 28 70.33 -21.27 29.63 70.33 -20.3 27.81
3 16 -77.69 -38.81 18.79 -76.38 -40.2 23.37 -77.72 -38.7 18.73
3 16 -76.71 -34.99 21.69 -77.68 -33.73 17.22 -76.78 -34.98 21.41
3 16 -76.38 -40.2 23.37 -76.4 -39.97 23.43 -77.72 -38.7 18.73
3 16 68.34 -26.97 38.33 68.35 -27.02 38.36 69.67 -29.28 37.74
3 16 -76.54 -37.01 23.33 -76.11 -33.96 23.59 -76.51 -36.74 23.32
3 16 -76.5 -41.82 22.13 -76.36 -40.46 23.34 -76.57 -41.67 21.91
3 16 -76.78 -34.98 21.41 -77.68 -33.73 17.22 -76.86 -35.03 21.1
3 16 70.19 -20.2 28 70.33 -21.27 29.63 70.2 -20.2 28
3 16 70.48 -20.25 27.29 70.45 -20.32 27.52 72.49 -21.27 23.62
3 16 -76.5 -41.82 22.13 -76.3 -40.81 23.4 -76.36 -40.46 23.34
3 16 69.48 -19.01 27.76 67.57 -16.57 28.49 69.51 -19.2 28.01
3 16 70.11 -20.12 28.08 70.33 -21.27 29.63 70.19 -20.2 28
3 16 70.03 -18.92 26.05 72.49 -21.27 23.62 72.43 -20.9 23.07
3 16 -77.38 -36.66 19.81 -77.68 -33.73 17.22 -77.43 -36.98 19.75
3 16 69.97 -19.97 28.19 70.33 -21.27 29.63 70.11 -20.12 28.08
3 16 -77.34 -36.46 19.86 -77.68 -33.73 17.22 -77.38 -36.66 19.81
3 16 70.65 -21.9 29.41 70.33 -21.27 29.63 70.59 -21.89 29.57
3 16 70.33 -21.27 29.63 70.56 -21.95 29.73 70.59 -21.89 29.57
3 16 71.08 -22.79 29.15 71.07 -22.94 29.35 71.89 -24.32 28.53
3 16 -76.38 -40.23 23.36 -76.38 -40.2 23.37 -77.69 -38.81 18.79
3 16 71.07 -22.73 29.11 71.08 -22.79 29.15 71.89 -24.32 28.53
3 16 -77.29 -36.25 19.95 -77.68 -33.73 17.22 -77.34 -36.46 19.86
3 16 69.51 -19.2 28.01 67.57 -16.57 28.49 69.62 -19.44 28.18
3 16 -69.95 -20.24 28.75 -70.33 -21.27 29.63 -69.77 -20.05 28.91
3 16 69.51 -19.2 28.01 67.57 -16.57 28.49 69.51 -19.2 28.01
3 16 -76.99 -35.25 20.66 -77.68 -33.73 17.22 -77 -35.26 20.66
3 16 -77 -35.26 20.66 -77.68 -33.73 17.22 -77.11 -35.55 20.35
3 16 69.87 -19.84 28.22 70.33 -21.27 29.63 69.97 -19.97 28.19
3 16 -77.26 -36.12 20.01 -77.68 -33.73 17.22 -77.29 -36.25 19.95
3 16 69.78 -19.72 28.25 70.33 -21.27 29.63 69.87 -19.84 28.22
3 16 -77.11 -35.55 20.35 -77.68 -33.73 17.22 -77.23 -35.99 20.09
3 16 -77.23 -35.99 20.09 -77.68 -33.73 17.22 -77.26 -36.12 20.01
3 16 68.27 -26.78 38.32 68.34 -26.97 38.33 69.67 -29.28 37.74
3 16 73.5 -34.18 30.95 73.65 -36.13 31.16 73.65 -35.83 31.08
3 16 -76.48 -36.13 23.14 -76.11 -33.96 23.59 -76.48 -35.92 23.02
3 16 73.76 -36.55 31.05 73.71 -36.43 31.12 73.91 -38 31.11
3 16 73.5 -34.18 30.95 73.65 -35.83 31.08 73.67 -35.74 31.02
3 16 -76.48 -35.92 23.02 -76.11 -33.96 23.59 -76.49 -35.72 22.89
3 16 -76.06 -42.59 23.5 -76.04 -42.63 23.57 -76.24 -41.02 23.53
3 16 73.5 -34.18 30.95 70.13 -33.81 37.99 73.65 -36.13 31.16
3 16 73.71 -36.43 31.12 73.65 -36.13 31.16 73.91 -38 31.11
3 16 -70.09 -20.32 28.52 -70.33 -21.27 29.63 -69.97 -20.25 28.72
3 16 -76.04 -42.63 23.57 -76.21 -41.09 23.62 -76.24 -41.02 23.53
3 16 -76.49 -35.72 22.89 -76.11 -33.96 23.59 -76.56 -35.41 22.48
3 16 -76.6 -35.22 22.22 -76.11 -33.96 23.59 -76.71 -34.99 21.69
3 16 75.89 -37.16 25.3 73.96 -35.41 30.1 75.83 -37.28 25.5
3 16 74.11 -36.86 30.17 74.01 -36.92 30.47 75.87 -37.71 25.55
3 16 -76.71 -38 23.1 -76.56 -38 23.72 -76.69 -37.91 23.14
3 16 -76.11 -33.96 23.59 -77.68 -33.73 17.22 -76.71 -34.99 21.69
3 16 76.42 -39.26 23.68 76.05 -42.57 23.57 76.6 -40.29 22.44
3 16 -76.56 -35.41 22.48 -76.11 -33.96 23.59 -76.6 -35.22 22.22
3 16 -75.04 -43.51 26.07 -74.94 -42.37 26.73 -75.11 -43.46 25.9
3 16 75.89 -37.16 25.3 73.5 -34.18 30.95 73.96 -35.41 30.1
3 16 75.87 -37.71 25.55 74.01 -36.92 30.47 76.03 -38 25.2
3 16 73.65 -36.13 31.16 70.13 -33.81 37.99 73.91 -38 31.11
3 16 -69.97 -20.25 28.72 -70.33 -21.27 29.63 -69.95 -20.24 28.75
3 16 68.35 -27.33 38.59 68.22 -27.44 38.88 69.67 -29.28 37.74
3 16 68.37 -27.15 38.41 68.35 -27.33 38.59 69.67 -29.28 37.74
3 16 -76.31 -42.22 22.72 -76.3 -40.81 23.4 -76.5 -41.82 22.13
3 16 68.35 -27.02 38.36 68.37 -27.15 38.41 69.67 -29.28 37.74
3 16 -76.51 -36.74 23.32 -76.11 -33.96 23.59 -76.49 -36.54 23.28
3 16 67.96 -26.45 38.63 65.9 -22.81 39.52 67.87 -26.49 38.79
3 16 -76.49 -36.54 23.28 -76.11 -33.96 23.59 -76.48 -36.35 23.23
3 16 68.22 -27.44 38.88 68.11 -27.4 39.02 69.67 -29.28 37.74
3 16 68.04 -26.49 38.5 65.9 -22.81 39.52 67.96 -26.45 38.63
3 16 73.9 -36.86 30.75 73.91 -38 31.11 74.01 -36.92 30.47
3 16 73.85 -35.35 30.38 73.5 -34.18 30.95 73.76 -35.4 30.65
3 16 73.76 -35.4 30.65 73.5 -34.18 30.95 73.69 -35.57 30.9
3 16 -76.09 -42.55 23.41 -76.06 -42.59 23.5 -76.3 -40.81 23.4
3 16 73.96 -35.41 30.1 73.5 -34.18 30.95 73.85 -35.35 30.38
3 16 -76.06 -42.59 23.5 -76.24 -41.02 23.53 -76.3 -40.81 23.4
3 16 -76.48 -36.35 23.23 -76.11 -33.96 23.59 -76.48 -36.13 23.14
3 16 73.8 -36.69 30.98 73.91 -38 31.11 73.9 -36.86 30.75
3 16 73.76 -36.55 31.05 73.91 -38 31.11 73.8 -36.69 30.98
3 16 -76.31 -42.22 22.72 -76.09 -42.55 23.41 -76.3 -40.81 23.4
3 16 73.5 -34.18 30.95 73.67 -35.74 31.02 73.69 -35.57 30.9
3 16 -71.44 -37.59 36.24 -71.78 -38 35.61 -71.46 -38 36.29
3 16 -77.48 -29.28 15.91 -74.45 -25.88 22.96 -74.64 -25.92 22.28
3 16 -73.19 -43.88 31.04 -73.32 -42.17 31.23 -73.39 -42.1 31.12
3 16 71.62 -37.91 35.94 71.61 -38 35.98 72.23 -38 34.67
3 16 73.41 -38.49 32.04 73.91 -38 31.11 73.42 -38.45 32.03
3 16 73.91 -38 31.11 73.43 -38 32.14 73.5 -38.07 31.96
3 16 72.23 -38 34.67 71.61 -38 35.98 72.21 -38.3 34.63
3 16 71.83 -41.45 34.58 71.77 -41.39 34.72 71.71 -42.99 34.41
3 16 -73.19 -43.88 31.04 -73.39 -42.1 31.12 -73.23 -43.89 30.97
3 16 72.23 -41.82 33.64 71.83 -41.45 34.58 71.71 -42.99 34.41
3 16 72.22 -37.94 34.68 71.62 -37.91 35.94 72.23 -38 34.67
3 16 73.91 -38 31.11 73.33 -37.93 32.33 73.4 -37.98 32.19
3 16 -73.84 -39.51 30.78 -73.72 -39.79 31.04 -73.85 -38.98 30.96
3 16 72.03 -36.97 34.81 71.56 -36.54 35.69 71.6 -36.74 35.67
3 16 -73.72 -39.79 31.04 -73.82 -38.87 31.08 -73.85 -38.98 30.96
3 16 76.99 -38 21.98 76.84 -39.86 21.69 77.25 -40.18 19.93
3 16 -73.84 -39.51 30.78 -73.85 -38.98 30.96 -73.87 -39.11 30.86
3 16 -73.84 -39.51 30.78 -73.87 -39.11 30.86 -73.87 -39.26 30.79
3 16 73.91 -38 31.11 73.4 -37.98 32.19 73.43 -38 32.14
3 16 72.19 -37.78 34.7 71.64 -37.71 35.85 72.22 -37.94 34.68
3 16 71.64 -37.71 35.85 71.62 -37.91 35.94 72.22 -37.94 34.68
3 16 -71.24 -39.21 36.43 -71.46 -38 36.29 -71.78 -38 35.61
3 16 -74.33 -41.77 28.64 -73.84 -40.47 30.47 -73.92 -40.29 30.31
3 16 73.42 -38.45 32.03 73.91 -38 31.11 73.45 -38.34 31.99
3 16 72.19 -38.66 34.58 71.98 -39.16 34.88 72.16 -39.09 34.52
3 16 73.5 -38.16 31.93 73.45 -38.34 31.99 73.91 -38 31.11
3 16 -74.08 -38.5 30.46 -74.04 -38.37 30.62 -74.6 -38.32 29.07
3 16 72.88 -39.01 33.01 72.62 -39.27 33.49 72.63 -39.29 33.47
3 16 -74.33 -41.77 28.64 -73.92 -40.29 30.31 -73.99 -40.08 30.19
3 16 72.88 -39.01 33.01 72.63 -39.29 33.47 72.71 -39.38 33.29
3 16 -74.12 -38.76 30.25 -74.08 -38.5 30.46 -74.6 -38.32 29.07
3 16 72.88 -39.01 33.01 72.71 -39.38 33.29 72.75 -39.43 33.18
3 16 73.5 -38.15 31.93 73.5 -38.16 31.93 73.91 -38 31.11
3 16 73.91 -38 31.11 73.52 -38.09 31.92 73.52 -38.09 31.91
3 16 -71.87 -38.14 35.4 -71.24 -39.21 36.43 -71.78 -38 35.61
3 16 -77.48 -29.28 15.91 -74.42 -25.87 23.08 -74.45 -25.88 22.96
3 16 73.91 -38 31.11 73.5 -38.07 31.96 73.52 -38.09 31.92
3 16 73.52 -38.09 31.91 73.52 -38.11 31.92 73.91 -38 31.11
3 16 73.51 -38.15 31.93 73.5 -38.15 31.93 73.91 -38 31.11
3 16 -74.33 -41.77 28.64 -73.76 -40.59 30.64 -73.84 -40.47 30.47
3 16 -73.95 -41.85 29.67 -73.76 -40.59 30.64 -74.33 -41.77 28.64
3 16 73.52 -38.11 31.92 73.51 -38.13 31.92 73.91 -38 31.11
3 16 73.51 -38.13 31.92 73.51 -38.15 31.93 73.91 -38 31.11
3 16 76.99 -38 21.98 77.25 -40.18 19.93 77.97 -38 18.08
3 16 -73.48 -41.97 30.97 -73.34 -41.25 31.44 -73.51 -40.69 31.23
3 16 -73.71 -39.81 31.05 -73.53 -39.82 31.43 -73.75 -38.77 31.25
3 16 74.62 -42.17 27.69 74.03 -43.93 28.75 74.63 -42.18 27.68
3 16 74.7 -42.26 27.46 74.52 -43.87 27.4 74.73 -42.28 27.37
3 16 -73.79 -38.04 31.35 -73.72 -38 31.52 -73.91 -38 31.11
3 16 74.52 -43.87 27.4 74.73 -42.28 27.35 74.73 -42.28 27.37
3 16 -73.06 -21.52 22.1 -72.93 -21.5 22.6 -72.85 -21.27 22.6
3 16 74.19 -38.32 30.23 74.43 -39.67 29.09 74.46 -39.34 29.12
3 16 74.82 -38.98 28.24 74.91 -39.82 27.69 74.88 -38.86 28.12
3 16 74.82 -38.98 28.24 74.78 -39.81 28.08 74.91 -39.82 27.69
3 16 75.24 -38.9 27.09 75.14 -39.75 27.07 75.17 -39.74 27
3 16 74.59 -42.1 27.81 74.03 -43.93 28.75 74.62 -42.17 27.69
3 16 -73.28 -41.39 31.54 -73.35 -40.66 31.58 -73.51 -40.69 31.23
3 16 74.64 -42.19 27.65 74.52 -43.87 27.4 74.7 -42.26 27.46
3 16 -73.18 -43.88 31.07 -73.3 -42.19 31.27 -73.32 -42.18 31.24
3 16 -73.53 -39.82 31.43 -73.42 -39.8 31.67 -73.62 -38.7 31.54
3 16 -73.53 -39.82 31.43 -73.62 -38.7 31.54 -73.75 -38.77 31.25
3 16 73.91 -38 31.11 73.94 -38.28 30.94 74.19 -38.32 30.23
3 16 -73.34 -41.25 31.44 -73.28 -41.39 31.54 -73.51 -40.69 31.23
3 16 75.5 -40.22 25.92 76.25 -38.72 24.33 76.24 -38.69 24.37
3 16 75.5 -40.22 25.92 75.51 -40.29 25.87 76.25 -38.72 24.33
3 16 75.5 -40.22 25.92 76.24 -38.69 24.37 76.21 -38.61 24.47
3 16 74.73 -39.26 28.39 74.71 -39.51 28.38 74.78 -39.81 28.08
3 16 76.84 -39.86 21.69 76.3 -42.21 22.74 77.25 -40.18 19.93
3 16 -73.19 -43.88 31.05 -73.32 -42.17 31.23 -73.19 -43.88 31.04
3 16 -73.71 -39.81 31.05 -73.81 -38.86 31.09 -73.82 -38.87 31.08
3 16 74.73 -39.26 28.39 74.78 -39.81 28.08 74.77 -39.11 28.33
3 16 76.3 -42.21 22.74 76.6 -40.29 22.44 76.05 -42.57 23.57
3 16 -73.48 -41.97 30.97 -73.62 -40.67 31.01 -73.63 -40.66 31
3 16 -72.93 -21.5 22.6 -72.93 -21.51 22.62 -72.85 -21.27 22.6
3 16 -73.71 -39.81 31.05 -73.82 -38.87 31.08 -73.72 -39.79 31.04
3 16 76.84 -39.86 21.69 76.6 -40.29 22.44 76.3 -42.21 22.74
3 16 -73.19 -43.88 31.05 -73.32 -42.18 31.24 -73.32 -42.17 31.23
3 16 -73.9 -38.12 31.11 -73.79 -38.04 31.35 -73.91 -38 31.11
3 16 73.91 -38 31.11 75.05 -38.04 27.92 75.11 -38 27.75
3 16 75.48 -40.06 26.01 76.21 -38.61 24.47 76.21 -38.61 24.47
3 16 -73.18 -43.88 31.07 -73.32 -42.18 31.24 -73.19 -43.88 31.05
3 16 75.48 -40.06 26.01 76.21 -38.61 24.47 75.45 -39.97 26.13
3 16 74.88 -38.86 28.12 74.91 -39.82 27.69 74.94 -38.77 27.96
3 16 -73.48 -41.97 30.97 -73.52 -40.69 31.22 -73.62 -40.67 31.01
3 16 -73.48 -41.97 30.97 -73.51 -40.69 31.23 -73.52 -40.69 31.22
3 16 74.94 -38.13 28.19 74.19 -38.32 30.23 74.93 -38.15 28.23
3 16 -73.71 -39.81 31.05 -73.75 -38.77 31.25 -73.81 -38.86 31.09
3 16 71.5 -40.81 35.46 71.06 -42.22 36 71.53 -41.02 35.32
3 16 75.15 -40.59 26.76 75.11 -40.59 26.89 75.23 -40.81 26.46
3 16 75.23 -40.89 26.43 75.1 -41.39 26.64 75.24 -41.01 26.38
3 16 75.23 -40.65 26.53 75.15 -40.59 26.76 75.23 -40.81 26.46
3 16 74.01 -36.92 30.47 73.91 -38 31.11 75.11 -38 27.75
3 16 76.21 -38.61 24.47 75.48 -40.06 26.01 75.5 -40.22 25.92
3 16 76.03 -38 25.2 75.49 -38.35 26.58 75.52 -38.49 26.46
3 16 76.03 -38 25.2 75.46 -38.22 26.72 75.49 -38.35 26.58
3 16 -73.32 -43.9 30.74 -73.28 -43.89 30.85 -73.71 -40.64 30.76
3 16 74.73 -42.28 27.35 74.52 -43.87 27.4 74.77 -42.3 27.23
3 16 74.77 -42.3 27.23 74.52 -43.87 27.4 74.83 -42.29 27.09
3 16 75.12 -37.99 27.72 74.01 -36.92 30.47 75.11 -38 27.75
3 16 -75.49 -28.97 23.4 -73.59 -24.87 24.34 -74 -25.48 23.86
3 16 -74.6 -41.73 27.92 -74.86 -38.28 28.38 -75.24 -38.09 27.38
3 16 76.03 -38 25.2 75.25 -37.98 27.35 75.31 -38 27.2
3 16 76.03 -38 25.2 75.32 -38 27.18 75.37 -38.05 27.02
3 16 76.03 -38 25.2 75.31 -38 27.2 75.32 -38 27.18
3 16 -73.28 -43.89 30.85 -73.63 -40.66 31 -73.71 -40.64 30.76
3 16 75.19 -37.97 27.53 74.01 -36.92 30.47 75.12 -37.99 27.72
3 16 -75.49 -28.97 23.4 -73.17 -23.99 24.59 -73.59 -24.87 24.34
3 16 76.03 -38 25.2 75.19 -37.97 27.53 75.25 -37.98 27.35
3 16 76.03 -38 25.2 74.01 -36.92 30.47 75.19 -37.97 27.53
3 16 -75.49 -28.97 23.4 -71.85 -22.48 26.66 -73.17 -23.99 24.59
3 16 74.82 -38.98 28.24 74.77 -39.11 28.33 74.78 -39.81 28.08
3 16 -75.82 -39 25.43 -75.79 -39.12 25.47 -75.99 -38 25.29
3 16 -75.79 -39.12 25.47 -75.75 -39.21 25.56 -75.99 -38 25.29
3 16 -75.75 -39.21 25.56 -75.72 -39.27 25.62 -75.99 -38 25.29
3 16 75.05 -38.7 27.68 74.94 -38.77 27.96 74.91 -39.82 27.69
3 16 74.46 -40.29 28.8 74.08 -41.85 29.31 74.5 -40.47 28.62
3 16 -76.15 -39.1 24.48 -76.13 -39.09 24.55 -76.28 -38 24.49
3 16 -74.94 -42.37 26.73 -74.99 -41.67 26.83 -75.36 -41.97 25.7
3 16 74.44 -40.08 28.94 74.08 -41.85 29.31 74.46 -40.29 28.8
3 16 -75.84 -38.94 25.41 -75.82 -39 25.43 -75.99 -38 25.29
3 16 -75.72 -39.27 25.62 -75.71 -39.29 25.64 -75.99 -38 25.29
3 16 76.03 -38 25.2 75.4 -38.11 26.9 75.42 -38.13 26.86
3 16 75.24 -38.9 27.09 75.08 -39.76 27.24 75.14 -39.75 27.07
3 16 76.03 -38 25.2 75.42 -38.13 26.86 75.46 -38.22 26.72
3 16 -75.64 -39.38 25.82 -75.59 -39.43 25.93 -75.99 -38 25.29
3 16 -73.17 -23.99 24.59 -71.85 -22.48 26.66 -73.01 -23.5 24.52
3 16 -75.71 -39.29 25.64 -75.64 -39.38 25.82 -75.99 -38 25.29
3 16 75.05 -38.7 27.68 74.91 -39.82 27.69 75 -39.8 27.45
3 16 75.18 -38.77 27.29 75.05 -38.7 27.68 75 -39.8 27.45
3 16 75.24 -38.9 27.09 75.18 -38.77 27.29 75.08 -39.76 27.24
3 16 75.18 -38.77 27.29 75 -39.8 27.45 75.08 -39.76 27.24
3 16 76.03 -38 25.2 75.37 -38.05 27.02 75.39 -38.09 26.94
3 16 70.12 -38 38.94 69.47 -38.88 39.82 70.13 -38.13 38.9
3 16 70.13 -38.13 38.9 69.47 -38.88 39.82 70.16 -38.32 38.8
3 16 -74.42 -25.87 23.08 -75.49 -28.97 23.4 -74.41 -25.87 23.13
3 16 -72.93 -21.51 22.62 -72.92 -21.53 22.68 -72.85 -21.27 22.6
3 16 -74.33 -41.77 28.64 -74.03 -39.92 30.13 -74.06 -39.79 30.09
3 16 70.51 -39 38.04 70.28 -40.71 38.06 70.61 -39.16 37.78
3 16 70.61 -39.16 37.78 70.28 -40.71 38.06 70.7 -39.2 37.59
3 16 70.17 -38.37 38.77 69.83 -39.88 38.99 70.3 -38.67 38.49
3 16 -73.25 -43.89 30.92 -73.43 -42.05 31.05 -73.48 -41.97 30.97
3 16 70.12 -38 38.94 69.27 -38 40.35 69.47 -38.88 39.82
3 16 -74.12 -39.34 30.07 -74.13 -38.99 30.15 -74.6 -38.32 29.07
3 16 73.91 -38 31.11 73.21 -37.84 32.55 73.33 -37.93 32.33
3 16 -73.23 -43.89 30.97 -73.39 -42.1 31.12 -73.43 -42.05 31.05
3 16 -77.48 -29.28 15.91 -75.49 -28.97 23.4 -74.42 -25.87 23.08
3 16 71.53 -41.02 35.32 71.06 -42.22 36 71.62 -41.21 35.09
3 16 71.62 -41.21 35.09 71.06 -42.22 36 71.68 -41.3 34.93
3 16 -74.33 -41.77 28.64 -73.99 -40.08 30.19 -74.03 -39.92 30.13
3 16 70.13 -33.81 37.99 70.27 -35.26 38.07 70.27 -35.25 38.06
3 16 70.13 -33.81 37.99 70.27 -35.25 38.06 70.27 -35.25 38.06
3 16 -74.13 -38.99 30.15 -74.12 -38.76 30.25 -74.6 -38.32 29.07
3 16 -73.23 -43.89 30.97 -73.43 -42.05 31.05 -73.25 -43.89 30.92
3 16 -73.25 -43.89 30.92 -73.48 -41.97 30.97 -73.27 -43.89 30.87
3 16 76.03 -38 25.2 75.39 -38.09 26.94 75.4 -38.11 26.9
3 16 -73.27 -43.89 30.87 -73.48 -41.97 30.97 -73.28 -43.89 30.85
3 16 70.08 -37.87 38.98 69.27 -38 40.35 70.12 -38 38.94
3 16 -74.33 -41.77 28.64 -74.12 -39.34 30.07 -74.6 -38.32 29.07
3 16 -73.9 -38.13 31.08 -73.9 -38.12 31.11 -75.24 -38.09 27.38
3 16 -73.92 -38.15 31.04 -73.9 -38.13 31.08 -75.24 -38.09 27.38
3 16 -75.49 -28.97 23.4 -74 -25.48 23.86 -74.41 -25.87 23.13
3 16 74.88 -38.19 28.33 74.19 -38.32 30.23 74.88 -38.2 28.34
3 16 74.93 -38.15 28.23 74.19 -38.32 30.23 74.88 -38.19 28.33
3 16 -72.92 -21.53 22.68 -72.75 -21.79 23.42 -72.85 -21.27 22.6
3 16 -74.33 -41.77 28.64 -74.08 -39.67 30.07 -74.12 -39.34 30.07
3 16 70.97 -35.22 36.59 70.13 -33.81 37.99 70.71 -34.99 37.07
3 16 -73.48 -41.97 30.97 -73.63 -40.66 31 -73.28 -43.89 30.85
3 16 70.51 -39 38.04 70.46 -38.92 38.16 70.28 -40.71 38.06
3 16 70.7 -39.2 37.59 70.28 -40.71 38.06 70.84 -39.18 37.3
3 16 -74.33 -41.77 28.64 -74.06 -39.79 30.09 -74.08 -39.67 30.07
3 16 69.96 -37.28 39.04 69.27 -38 40.35 70 -37.54 39.03
3 16 70 -37.54 39.03 69.27 -38 40.35 70.08 -37.87 38.98
3 16 70.45 -35.03 37.63 70.13 -33.81 37.99 70.34 -35.14 37.9
3 16 70.71 -34.99 37.07 70.13 -33.81 37.99 70.58 -34.98 37.34
3 16 70.58 -34.98 37.34 70.13 -33.81 37.99 70.45 -35.03 37.63
3 16 -75.49 -28.97 23.4 -71.89 -22.99 27.11 -71.92 -22.93 26.95
3 16 -73.74 -22.33 20.62 -73.49 -21.91 20.99 -74.21 -21.52 17.52
3 16 -74.31 -21.68 17.37 -73.74 -22.33 20.62 -74.21 -21.52 17.52
3 16 -74.36 -21.76 17.29 -73.86 -22.55 20.47 -74.31 -21.68 17.37
3 16 -73.86 -22.55 20.47 -73.74 -22.33 20.62 -74.31 -21.68 17.37
3 16 -75.49 -28.97 23.4 -71.88 -23.02 27.17 -71.89 -22.99 27.11
3 16 -73.16 -21.55 21.75 -73.06 -21.52 22.1 -74.11 -21.36 17.68
3 16 -74.12 -21.37 17.66 -73.16 -21.55 21.75 -74.11 -21.36 17.68
3 16 -74.21 -21.52 17.52 -73.49 -21.91 20.99 -74.12 -21.37 17.66
3 16 -73.49 -21.91 20.99 -73.16 -21.55 21.75 -74.12 -21.37 17.66
3 16 -73.97 -22.82 20.4 -73.86 -22.55 20.47 -74.36 -21.76 17.29
3 16 -77.48 -29.28 15.91 -74.91 -22.81 16.63 -76.11 -25.45 15.73
3 16 -77.48 -29.28 15.91 -74.51 -22.01 17.06 -74.91 -22.81 16.63
3 16 -68.73 -25.13 36.26 -67.14 -21.27 36.39 -68.74 -24.9 36.04
3 16 -76.28 -25.88 15.67 -77.48 -29.28 15.91 -76.11 -25.45 15.73
3 16 -68.74 -24.9 36.04 -67.14 -21.27 36.39 -68.74 -24.89 36.02
3 16 -74.22 -23.39 20.26 -73.97 -22.82 20.4 -74.41 -21.84 17.21
3 16 -74.41 -21.84 17.21 -73.97 -22.82 20.4 -74.36 -21.76 17.29
3 16 -74.51 -22.01 17.06 -74.22 -23.39 20.26 -74.41 -21.84 17.21
3 16 -77.48 -29.28 15.91 -74.22 -23.39 20.26 -74.51 -22.01 17.06
3 16 -74.51 -22.01 17.06 -74.41 -21.84 17.21 -74.48 -21.96 17.09
3 16 -75.49 -28.97 23.4 -71.69 -22.94 27.6 -71.88 -23.02 27.17
3 16 -72.1 -29.28 32.59 -69.07 -25.8 36.09 -69.17 -25.84 35.9
3 16 -72.1 -29.28 32.59 -69.17 -25.84 35.9 -69.22 -25.8 35.76
3 16 -72.1 -29.28 32.59 -69 -25.74 36.18 -69.07 -25.8 36.09
3 16 -69.05 -16.72 24.64 -68.5 -16.56 25.88 -68.51 -16.57 25.85
3 16 -69.05 -16.72 24.64 -69.51 -19.01 27.69 -68.5 -16.56 25.88
3 16 -72.1 -29.28 32.59 -69.22 -25.8 35.76 -69.26 -25.71 35.61
3 16 -69.51 -19.01 27.69 -69.32 -18.93 28.05 -67.84 -16.71 27.99
3 16 -69.51 -19.01 27.69 -67.84 -16.71 27.99 -67.9 -16.69 27.8
3 16 -69.51 -19.01 27.69 -67.9 -16.69 27.8 -68.5 -16.56 25.88
3 16 -75.49 -28.97 23.4 -71.59 -22.8 27.75 -71.69 -22.94 27.6
3 16 -69.05 -16.72 24.64 -68.51 -16.57 25.85 -68.76 -16.6 25.23
3 16 -72.1 -29.28 32.59 -69.67 -29.28 37.74 -69 -25.74 36.18
3 16 -69.2 -16.79 24.34 -69.87 -19.44 27.47 -69.13 -16.76 24.48
3 16 -73.06 -21.52 22.1 -72.85 -21.27 22.6 -74.06 -21.27 17.76
3 16 -68.77 -25.33 36.33 -67.14 -21.27 36.39 -68.73 -25.13 36.26
3 16 -74.11 -21.36 17.68 -73.06 -21.52 22.1 -74.06 -21.27 17.76
3 16 -69.13 -16.76 24.48 -69.69 -19.2 27.53 -69.05 -16.72 24.64
3 16 -69.69 -19.2 27.53 -69.51 -19.01 27.69 -69.05 -16.72 24.64
3 16 -69.69 -19.2 27.53 -69.69 -19.2 27.53 -69.13 -16.76 24.48
3 16 -69.87 -19.44 27.47 -69.69 -19.2 27.53 -69.13 -16.76 24.48
3 16 -69.13 -16.76 24.48 -69.69 -19.2 27.53 -69.13 -16.76 24.48
3 16 -68.79 -29.28 39.2 -67.01 -29.28 42.17 -66.52 -27.1 41.62
3 16 -69.51 -29.28 37.99 -69.4 -29.09 38.05 -67.14 -21.27 36.39
3 16 -69.67 -29.28 37.74 -69.51 -29.28 37.99 -67.14 -21.27 36.39
3 16 70.55 -38 38.21 70.54 -38 38.23 70.54 -38.01 38.23
3 16 -68.97 -28.87 38.61 -68.85 -28.97 38.89 -67.14 -21.27 36.39
3 16 -69.4 -29.09 38.05 -68.97 -28.87 38.61 -67.14 -21.27 36.39
3 16 70.34 -37.06 38.35 70.35 -37.19 38.38 70.55 -38 38.21
3 16 70.39 -36.58 38.17 70.55 -38 38.21 70.4 -36.52 38.14
3 16 -77.92 -37.93 18.24 -77.51 -37.87 19.86 -77.49 -37.54 19.77
3 16 70.36 -36.86 38.28 70.34 -37.06 38.35 70.55 -38 38.21
3 16 -67.14 -21.27 36.39 -68.16 -21.27 34.22 -68.74 -24.89 36.02
3 16 70.55 -38 38.21 70.54 -38 38.23 70.54 -38 38.23
3 16 -77.91 -38 18.33 -77.51 -37.87 19.86 -77.92 -37.93 18.24
3 16 70.55 -38 38.21 70.54 -38.01 38.23 70.55 -38.01 38.23
3 16 -77.91 -38 18.33 -77.51 -38 19.92 -77.51 -37.87 19.86
3 16 -69.67 -29.28 37.74 -70.08 -33.34 37.96 -69.62 -29.8 37.92
3 16 -69.67 -29.28 37.74 -69.62 -29.8 37.92 -69.6 -29.5 37.9
3 16 -68.85 -28.97 38.89 -68.78 -29.18 39.14 -67.14 -21.27 36.39
3 16 -77.91 -38 18.3 -77.91 -38 18.33 -77.92 -37.93 18.24
3 16 -68.78 -29.18 39.14 -68.79 -29.28 39.2 -67.14 -21.27 36.39
3 16 -75.49 -28.97 23.4 -71.93 -22.77 26.77 -71.88 -22.56 26.66
3 16 70.55 -38 38.21 70.55 -38.01 38.23 70.55 -38.02 38.22
3 16 -68.74 -24.89 36.02 -68.16 -21.27 34.22 -68.76 -24.84 35.94
3 16 71.99 -39.89 34.66 71.87 -40.24 34.83 71.86 -40.31 34.83
3 16 -69 -25.74 36.18 -69.67 -29.28 37.74 -68.96 -25.7 36.23
3 16 -77.93 -37.74 18.12 -77.49 -37.54 19.77 -77.47 -37.28 19.74
3 16 72.59 -40.13 33.33 72.26 -41.01 33.8 72.32 -41.07 33.64
3 16 72.16 -39.72 34.34 71.99 -39.89 34.66 72.25 -39.79 34.15
3 16 -77.93 -37.74 18.12 -77.47 -37.28 19.74 -77.93 -37.62 18.04
3 16 -75.49 -28.97 23.4 -71.92 -22.93 26.95 -71.92 -22.92 26.94
3 16 72.59 -40.06 33.35 72.59 -40.13 33.33 72.61 -40.08 33.31
3 16 72.15 -39.71 34.37 72.02 -39.8 34.62 72.16 -39.72 34.34
3 16 72.02 -39.8 34.62 71.99 -39.89 34.66 72.16 -39.72 34.34
3 16 -68.96 -25.7 36.23 -69.67 -29.28 37.74 -68.85 -25.54 36.32
3 16 70.36 -36.8 38.26 70.36 -36.86 38.28 70.55 -38 38.21
3 16 70.55 -38 38.21 70.4 -36.51 38.13 70.4 -36.52 38.14
3 16 -68.76 -24.84 35.94 -68.16 -21.27 34.22 -68.83 -24.8 35.77
3 16 -77.92 -37.93 18.24 -77.49 -37.54 19.77 -77.93 -37.74 18.12
3 16 70.39 -36.58 38.17 70.36 -36.8 38.26 70.55 -38 38.21
3 16 -68.85 -25.54 36.32 -69.67 -29.28 37.74 -68.77 -25.33 36.33
3 16 -75.49 -28.97 23.4 -71.92 -22.92 26.94 -71.93 -22.77 26.77
3 16 70.4 -36.51 38.13 70.55 -38 38.21 70.4 -36.51 38.13
3 16 -68.77 -25.33 36.33 -69.67 -29.28 37.74 -67.14 -21.27 36.39
3 16 -77.92 -37.86 18.19 -77.92 -37.93 18.24 -77.93 -37.74 18.12
3 16 -68.83 -24.79 35.74 -68.83 -24.8 35.77 -68.16 -21.27 34.22
3 16 -71.58 -22.79 27.76 -70.33 -21.27 29.63 -71.55 -22.73 27.78
3 16 -68.62 -35.06 40.78 -67.02 -29.35 42.17 -68.76 -29.45 39.29
3 16 -68.79 -29.28 39.2 -66.52 -27.1 41.62 -66.11 -23.87 39.91
3 16 -71.55 -22.73 27.78 -70.33 -21.27 29.63 -71.48 -22.59 27.83
3 16 -77.85 -38.22 18.43 -77.43 -38.37 20.07 -77.44 -38.32 20.05
3 16 -71.42 -21.9 27.28 -71.39 -21.91 27.34 -72.85 -21.27 22.6
3 16 -67.36 -32.59 42.33 -67.29 -32.15 42.35 -67.18 -31.29 42.33
3 16 -67.36 -32.59 42.33 -67.18 -31.29 42.33 -67.02 -29.35 42.17
3 16 -71.59 -22.8 27.75 -70.33 -21.27 29.63 -71.58 -22.79 27.76
3 16 -68.62 -35.06 40.78 -67.36 -32.59 42.33 -67.02 -29.35 42.17
3 16 -77.81 -38.38 18.53 -77.43 -38.37 20.07 -77.85 -38.22 18.43
3 16 -67.14 -21.27 36.39 -68.79 -29.28 39.2 -66.15 -22.61 38.97
3 16 -68.79 -29.28 39.2 -66.12 -23.54 39.66 -66.15 -22.61 38.97
3 16 -71.48 -22.59 27.83 -70.33 -21.27 29.63 -71.4 -22.37 27.82
3 16 -71.4 -22.37 27.82 -70.33 -21.27 29.63 -71.36 -22.2 27.73
3 16 -67.14 -21.27 36.39 -66.15 -22.61 38.97 -66.33 -21.27 37.73
3 16 -71.8 -22.33 26.65 -71.7 -22.13 26.74 -72.85 -21.27 22.6
3 16 -77.81 -38.38 18.53 -77.32 -38.67 20.37 -77.43 -38.37 20.07
3 16 -68.79 -29.28 39.2 -66.11 -23.87 39.91 -66.12 -23.54 39.66
3 16 -77.8 -38.43 18.56 -77.28 -38.76 20.46 -77.32 -38.67 20.37
3 16 -77.8 -38.43 18.56 -77.32 -38.67 20.37 -77.81 -38.38 18.53
3 16 -77.85 -38.22 18.43 -77.44 -38.32 20.05 -77.86 -38.19 18.42
3 16 -77.76 -38.56 18.64 -77.16 -39 20.85 -77.77 -38.53 18.62
3 16 -77.89 -38.07 18.35 -77.51 -38 19.92 -77.91 -38 18.33
3 16 -77.77 -38.53 18.62 -77.16 -39 20.85 -77.19 -38.93 20.75
3 16 -77.72 -38.7 18.73 -76.4 -39.97 23.43 -77.07 -39.16 21.1
3 16 -77.77 -38.53 18.62 -77.19 -38.93 20.75 -77.78 -38.5 18.61
3 16 -77.78 -38.5 18.61 -77.19 -38.93 20.74 -77.78 -38.5 18.6
3 16 -71.57 -21.98 26.91 -71.54 -21.95 26.98 -72.85 -21.27 22.6
3 16 -77.76 -38.56 18.64 -77.11 -39.08 20.99 -77.16 -39 20.85
3 16 -71.58 -21.98 26.9 -71.57 -21.98 26.91 -72.85 -21.27 22.6
3 16 -77.78 -38.5 18.61 -77.19 -38.93 20.75 -77.19 -38.93 20.74
3 16 -77.89 -38.07 18.35 -77.48 -38.13 19.95 -77.51 -38 19.92
3 16 -71.47 -21.89 27.11 -71.42 -21.9 27.28 -72.85 -21.27 22.6
3 16 -77.86 -38.19 18.42 -77.44 -38.32 20.05 -77.48 -38.13 19.95
3 16 -77.75 -38.59 18.66 -77.11 -39.08 20.99 -77.76 -38.56 18.64
3 16 -68.76 -29.45 39.29 -67.01 -29.28 42.17 -68.79 -29.28 39.2
3 16 -68.76 -29.45 39.29 -67.02 -29.35 42.17 -67.01 -29.28 42.17
3 16 -71.7 -22.13 26.74 -71.58 -21.98 26.9 -72.85 -21.27 22.6
3 16 -77.72 -38.7 18.73 -77.07 -39.16 21.1 -77.75 -38.59 18.66
3 16 -77.86 -38.19 18.42 -77.48 -38.13 19.95 -77.89 -38.07 18.35
3 16 -77.75 -38.59 18.66 -77.07 -39.16 21.1 -77.11 -39.08 20.99
3 16 -71.54 -21.95 26.98 -71.47 -21.89 27.11 -72.85 -21.27 22.6
3 16 -69.87 -19.44 27.47 -69.87 -19.44 27.47 -69.2 -16.79 24.34
3 16 -72.85 -21.27 22.6 -71.85 -22.48 26.66 -71.8 -22.33 26.65
3 16 -69.25 -19.06 28.48 -69.31 -19.27 28.73 -67.74 -16.73 28.32
3 16 -69.05 -24.93 35.41 -68.94 -24.82 35.56 -68.16 -21.27 34.22
3 16 -67.77 -16.72 28.21 -69.25 -19.06 28.48 -67.74 -16.73 28.32
3 16 -72.1 -29.28 32.59 -69.26 -25.71 35.61 -69.29 -25.67 35.52
3 16 -69.31 -19.27 28.73 -69.36 -19.4 28.81 -67.73 -16.74 28.35
3 16 -69.15 -25.1 35.33 -69.05 -24.94 35.41 -68.16 -21.27 34.22
3 16 -69.05 -24.94 35.41 -69.05 -24.93 35.41 -68.16 -21.27 34.22
3 16 -67.74 -16.73 28.32 -69.31 -19.27 28.73 -67.73 -16.74 28.35
3 16 -72.1 -29.28 32.59 -69.29 -25.67 35.52 -69.28 -25.5 35.39
3 16 -77.78 -38.5 18.6 -77.19 -38.93 20.74 -77.2 -38.92 20.72
3 16 -75.49 -28.97 23.4 -71.05 -23.45 29.93 -71.59 -22.8 27.75
3 16 -68.94 -24.82 35.56 -68.83 -24.79 35.74 -68.16 -21.27 34.22
3 16 -77.96 -36.93 17.63 -77.93 -37.62 18.04 -77.68 -33.73 17.22
3 16 -69.32 -18.93 28.05 -67.82 -16.71 28.06 -67.84 -16.71 27.99
3 16 -77.93 -37.62 18.04 -77.47 -37.28 19.74 -77.68 -33.73 17.22
3 16 -78 -35.51 16.76 -77.96 -36.93 17.63 -77.68 -33.73 17.22
3 16 -67.77 -16.72 28.21 -67.74 -16.73 28.32 -67.75 -16.73 28.3
3 16 -69.27 -18.94 28.2 -69.25 -19.06 28.48 -67.77 -16.72 28.21
3 16 -69.32 -18.93 28.05 -69.27 -18.94 28.2 -67.82 -16.71 28.06
3 16 -69.27 -18.94 28.2 -67.77 -16.72 28.21 -67.82 -16.71 28.06
3 16 -77.78 -38.5 18.6 -77.2 -38.92 20.72 -77.78 -38.5 18.6
3 16 -71.36 -22.2 27.73 -70.33 -21.27 29.63 -71.35 -21.99 27.55
3 16 -70.54 -17.47 21.9 -72.85 -21.27 22.6 -70.39 -17.38 22.13
3 16 -69.59 -19.81 28.97 -70.33 -21.27 29.63 -67.69 -16.78 28.54
3 16 -71.39 -21.91 27.34 -70.33 -21.27 29.63 -72.85 -21.27 22.6
3 16 -71.35 -21.99 27.55 -70.33 -21.27 29.63 -71.39 -21.91 27.34
3 16 -72.85 -21.27 22.6 -69.2 -16.79 24.34 -69.76 -17.03 23.24
3 16 -72.85 -21.27 22.6 -69.87 -19.44 27.47 -69.2 -16.79 24.34
3 16 -77.79 -38.44 18.57 -77.28 -38.76 20.46 -77.8 -38.43 18.56
3 16 -72.85 -21.27 22.6 -69.76 -17.03 23.24 -70.39 -17.38 22.13
3 16 -77.79 -38.44 18.57 -77.27 -38.79 20.51 -77.28 -38.76 20.46
3 16 -71.59 -22.8 27.75 -71.05 -23.45 29.93 -70.33 -21.27 29.63
3 16 -69.43 -19.54 28.9 -69.59 -19.81 28.97 -67.73 -16.75 28.39
3 16 -67.73 -16.75 28.39 -69.59 -19.81 28.97 -67.69 -16.78 28.54
3 16 -67.73 -16.75 28.38 -69.43 -19.54 28.9 -67.73 -16.75 28.39
3 16 -67.73 -16.74 28.35 -69.36 -19.4 28.81 -67.73 -16.75 28.38
3 16 -69.36 -19.4 28.81 -69.43 -19.54 28.9 -67.73 -16.75 28.38
3 16 -69.24 -25.3 35.32 -69.15 -25.1 35.33 -68.16 -21.27 34.22
3 16 -72.1 -29.28 32.59 -69.24 -25.3 35.32 -68.16 -21.27 34.22
3 16 -72.1 -29.28 32.59 -69.28 -25.5 35.39 -69.24 -25.3 35.32
3 16 -77.78 -38.5 18.6 -77.2 -38.92 20.72 -77.27 -38.79 20.51
3 16 -77.78 -38.5 18.6 -77.27 -38.79 20.51 -77.79 -38.44 18.57
3 16 77.48 -29.28 15.91 76.79 -29.45 18.72 76.83 -29.75 18.72
3 16 77.48 -29.28 15.91 76.75 -29.28 18.8 76.79 -29.45 18.72
3 16 77.48 -29.28 15.91 76.7 -29.18 18.84 76.75 -29.28 18.8
3 16 74.49 -25.3 21.99 75.59 -29.28 23.43 74.56 -25.5 21.97
3 16 -77 -40.71 20.67 -76.81 -41.17 21.21 -77.65 -38.95 18.89
3 16 -76.94 -39.18 21.61 -76.39 -39.66 23.59 -76.91 -39.14 21.78
3 16 -72.85 -21.27 22.6 -70.19 -20.12 27.88 -70.15 -19.97 27.71
3 16 76.59 -30.28 19.93 76.58 -32.9 21.21 76.67 -30.39 19.64
3 16 76.83 -30.03 18.84 77.48 -29.28 15.91 76.83 -29.75 18.72
3 16 -77.2 -40.24 20.07 -77 -40.71 20.67 -77.65 -38.95 18.89
3 16 73.26 -22.48 22.72 75.59 -29.28 23.43 74.49 -25.3 21.99
3 16 -76.39 -39.52 23.67 -76.39 -39.52 23.67 -76.9 -39.14 21.79
3 16 74.4 -24.93 21.79 73.26 -22.48 22.72 74.4 -24.94 21.79
3 16 74.4 -24.9 21.73 73.26 -22.48 22.72 74.4 -24.93 21.79
3 16 -76.75 -41.31 21.39 -76.57 -41.67 21.91 -77.65 -38.95 18.89
3 16 -76.9 -39.14 21.79 -76.39 -39.52 23.67 -76.9 -39.14 21.81
3 16 -76.39 -39.66 23.59 -76.39 -39.52 23.67 -76.91 -39.14 21.78
3 16 -76.81 -41.17 21.21 -76.75 -41.31 21.39 -77.65 -38.95 18.89
3 16 74.43 -25.1 21.93 73.26 -22.48 22.72 74.49 -25.3 21.99
3 16 -76.91 -39.14 21.78 -76.39 -39.52 23.67 -76.9 -39.14 21.79
3 16 74.4 -24.94 21.79 73.26 -22.48 22.72 74.43 -25.1 21.93
3 16 76.42 -29.28 20.14 75.59 -29.28 23.43 76.41 -29.5 20.27
3 16 -72.85 -21.27 22.6 -70.2 -20.2 27.99 -70.19 -20.12 27.88
3 16 -77.07 -39.16 21.1 -76.4 -39.97 23.43 -77.02 -39.2 21.3
3 16 -75.84 -42.86 24.05 -75.94 -41.45 24.27 -75.99 -41.39 24.13
3 16 70.9 -18.07 22.01 72.36 -20.47 22.45 72.13 -19.65 21.25
3 16 73.26 -22.48 22.72 74.7 -29.28 25.91 75.59 -29.28 23.43
3 16 68.33 -33.73 40.96 67.86 -34.57 41.93 68.82 -36.93 40.86
3 16 65.91 -19.11 35.76 66.09 -21.27 38.15 67.14 -21.27 36.39
3 16 75.59 -29.28 23.43 74.7 -29.28 25.91 75.8 -31.19 23.49
3 16 -75.84 -42.86 24.05 -75.99 -41.39 24.13 -75.89 -42.81 23.95
3 16 70.81 -29.28 35.31 69.67 -29.28 37.74 69.87 -31.28 37.85
3 16 -75.84 -42.86 24.05 -75.73 -42.99 24.32 -75.94 -41.45 24.27
3 16 72.39 -20.65 22.71 70.07 -17.5 23.27 72.41 -20.77 22.89
3 16 -76.98 -39.19 21.47 -76.39 -39.66 23.59 -76.94 -39.18 21.61
3 16 -75.42 -43.22 25.1 -75.36 -41.97 25.7 -75.94 -41.45 24.27
3 16 75.59 -29.28 23.43 75.8 -31.19 23.49 75.96 -31.53 23.03
3 16 -77.34 -39.88 19.68 -77.2 -40.24 20.07 -77.65 -38.95 18.89
3 16 -77.02 -39.2 21.3 -76.4 -39.97 23.43 -76.98 -39.19 21.47
3 16 -75.73 -42.99 24.32 -75.42 -43.22 25.1 -75.94 -41.45 24.27
3 16 70.9 -18.07 22.01 70.07 -17.5 23.27 72.39 -20.65 22.71
3 16 70.9 -18.07 22.01 72.39 -20.65 22.71 72.36 -20.47 22.45
3 16 -76.4 -39.97 23.43 -76.39 -39.66 23.59 -76.98 -39.19 21.47
3 16 -72.85 -21.27 22.6 -70.15 -19.97 27.71 -70.09 -19.84 27.62
3 16 70.33 -21.27 29.63 68.92 -21.79 33.06 69.37 -22.35 32.58
3 16 70.33 -21.27 29.63 68.52 -21.53 33.69 68.92 -21.79 33.06
3 16 -76.75 -38.55 22.69 -76.39 -39.52 23.67 -76.73 -38.44 22.8
3 16 71.05 -22.59 29.02 71.07 -22.73 29.11 71.89 -24.32 28.53
3 16 -77.67 -38.9 18.85 -76.37 -40.37 23.34 -77.69 -38.83 18.8
3 16 -72.85 -21.27 22.6 -70.04 -19.72 27.53 -69.87 -19.44 27.47
3 16 -76.36 -40.46 23.34 -76.37 -40.37 23.34 -77.67 -38.9 18.85
3 16 70.33 -21.27 29.63 68.47 -21.5 33.76 68.52 -21.53 33.69
3 16 -77.68 -38.88 18.83 -77.67 -38.9 18.85 -77.69 -38.83 18.8
3 16 -76.77 -38.74 22.5 -76.39 -39.52 23.67 -76.75 -38.55 22.69
3 16 -76.73 -38.44 22.8 -76.39 -39.52 23.67 -76.71 -38 23.1
3 16 -77.43 -36.98 19.75 -77.68 -33.73 17.22 -77.47 -37.28 19.74
3 16 70.82 -22.93 30 71.72 -25.46 30.21 70.9 -22.99 29.87
3 16 -69.77 -20.05 28.91 -70.33 -21.27 29.63 -69.59 -19.81 28.97
3 16 71.07 -22.94 29.35 70.93 -23.02 29.81 71.89 -24.32 28.53
3 16 70.33 -21.27 29.63 70.54 -21.98 29.79 70.56 -21.95 29.73
3 16 -77.69 -38.83 18.8 -76.38 -40.23 23.36 -77.69 -38.81 18.79
3 16 -76.37 -40.37 23.34 -76.38 -40.23 23.36 -77.69 -38.83 18.8
3 16 -76.39 -39.52 23.67 -76.56 -38 23.72 -76.71 -38 23.1
3 16 70.33 -21.27 29.63 70.53 -21.98 29.8 70.54 -21.98 29.79
3 16 70.33 -21.27 29.63 70.5 -22.13 30 70.53 -21.98 29.8
3 16 68.25 -21.52 34.23 67.14 -21.27 36.39 68.1 -21.55 34.58
3 16 74.83 -25.54 20.95 74.85 -25.65 21.05 76.46 -28.87 19.35
3 16 74.45 -24.79 21.38 73.26 -22.48 22.72 74.43 -24.81 21.49
3 16 68.4 -24.58 36.49 69.67 -29.28 37.74 68.46 -24.71 36.46
3 16 -76.9 -39.14 21.81 -76.39 -39.52 23.67 -76.86 -39.07 21.98
3 16 68.23 -24.26 36.57 69.67 -29.28 37.74 68.4 -24.58 36.49
3 16 74.43 -24.81 21.49 73.26 -22.48 22.72 74.41 -24.82 21.6
3 16 74.41 -24.82 21.6 73.26 -22.48 22.72 74.4 -24.9 21.73
3 16 -72.85 -21.27 22.6 -70.09 -19.84 27.62 -70.04 -19.72 27.53
3 16 74.86 -25.7 21.09 74.85 -25.8 21.28 76.37 -29.09 20.03
3 16 74.85 -25.8 21.28 74.83 -25.82 21.36 76.37 -29.09 20.03
3 16 67.14 -21.27 36.39 69.67 -29.28 37.74 68.23 -24.26 36.57
3 16 67.81 -22.33 35.85 67.14 -21.27 36.39 67.8 -22.55 36.05
3 16 67.8 -22.55 36.05 67.14 -21.27 36.39 67.85 -22.82 36.18
3 16 67.86 -21.91 35.38 67.14 -21.27 36.39 67.81 -22.33 35.85
3 16 68.1 -21.55 34.58 67.14 -21.27 36.39 67.86 -21.91 35.38
3 16 -77.65 -38.95 18.89 -76.36 -40.46 23.34 -77.67 -38.9 18.85
3 16 67.14 -21.27 36.39 68.23 -24.26 36.57 67.94 -23.39 36.46
3 16 -76.86 -39.07 21.98 -76.39 -39.52 23.67 -76.81 -38.92 22.27
3 16 -76.81 -38.92 22.27 -76.39 -39.52 23.67 -76.77 -38.74 22.5
3 16 -76.57 -41.67 21.91 -76.36 -40.46 23.34 -77.65 -38.95 18.89
3 16 67.14 -21.27 36.39 67.94 -23.39 36.46 67.85 -22.82 36.18
3 16 -75.33 -38 27.15 -74.62 -36.92 28.77 -74.71 -36.86 28.49
3 16 70.42 -36.38 38.06 70.4 -36.51 38.13 71.21 -38 36.83
3 16 70.4 -36.51 38.13 70.55 -38 38.21 71.21 -38 36.83
3 16 70.45 -36.21 37.95 70.42 -36.38 38.06 71.21 -38 36.83
3 16 70.5 -36 37.78 70.45 -36.21 37.95 71.21 -38 36.83
3 16 -70.08 -33.34 37.96 -69.01 -30.25 39.05 -69.17 -30.38 38.81
3 16 -70.08 -33.34 37.96 -69.17 -30.38 38.81 -69.34 -30.39 38.53
3 16 71.28 -37.15 36.45 70.75 -35.79 37.21 71.28 -37.26 36.48
3 16 70.63 -35.8 37.46 70.58 -35.88 37.59 71.28 -37.32 36.5
3 16 71.28 -37.26 36.48 70.63 -35.8 37.46 71.28 -37.32 36.5
3 16 -76 -42.68 23.67 -75.95 -42.73 23.79 -76.15 -41.21 23.76
3 16 70.58 -35.88 37.59 70.5 -36 37.78 71.21 -38 36.83
3 16 70.35 -37.23 38.39 70.36 -37.32 38.39 70.55 -38 38.21
3 16 -70.08 -33.34 37.96 -68.62 -35.06 40.78 -68.87 -30.03 39.23
3 16 70.35 -37.19 38.38 70.35 -37.23 38.39 70.55 -38 38.21
3 16 -75.95 -42.74 23.8 -76.08 -41.3 23.92 -75.95 -42.73 23.79
3 16 -68.87 -30.03 39.23 -68.62 -35.06 40.78 -68.79 -29.75 39.31
3 16 71.28 -37.32 36.5 71.21 -38 36.83 71.24 -37.85 36.73
3 16 71.28 -37.32 36.5 70.58 -35.88 37.59 71.21 -38 36.83
3 16 -70.08 -33.34 37.96 -68.87 -30.03 39.23 -69.01 -30.25 39.05
3 16 -75.95 -42.73 23.79 -76.08 -41.3 23.92 -76.15 -41.21 23.76
3 16 71.28 -37.32 36.5 71.24 -37.85 36.73 71.28 -37.48 36.54
3 16 70.75 -35.79 37.21 70.64 -35.77 37.42 71.28 -37.26 36.48
3 16 -69.6 -29.5 37.9 -69.51 -29.28 37.99 -69.67 -29.28 37.74
3 16 -75.11 -43.46 25.9 -74.94 -42.37 26.73 -75.36 -41.97 25.7
3 16 71.05 -36.01 36.63 70.98 -35.9 36.74 71.28 -36.89 36.38
3 16 71.28 -36.88 36.38 71.12 -36.15 36.51 71.28 -36.89 36.38
3 16 71.12 -36.15 36.51 71.05 -36.01 36.63 71.28 -36.89 36.38
3 16 70.55 -38 38.21 70.55 -38.02 38.22 70.55 -38.02 38.22
3 16 -75.42 -43.22 25.1 -75.11 -43.46 25.9 -75.36 -41.97 25.7
3 16 -70.08 -33.34 37.96 -69.61 -29.92 37.98 -69.62 -29.8 37.92
3 16 70.55 -38 38.21 70.55 -38.02 38.22 70.55 -38.04 38.21
3 16 70.55 -38 38.21 70.55 -38.02 38.22 70.55 -38.02 38.22
3 16 70.94 -35.84 36.81 70.87 -35.82 36.96 71.28 -37.02 36.42
3 16 -70.08 -33.34 37.96 -69.48 -30.28 38.26 -69.59 -30.07 38.05
3 16 -76.04 -42.63 23.57 -76 -42.68 23.67 -76.21 -41.09 23.62
3 16 -70.08 -33.34 37.96 -69.34 -30.39 38.53 -69.48 -30.28 38.26
3 16 70.64 -35.77 37.42 70.63 -35.8 37.46 71.28 -37.26 36.48
3 16 -76 -42.68 23.67 -76.15 -41.21 23.76 -76.21 -41.09 23.62
3 16 70.98 -35.9 36.74 70.94 -35.84 36.81 71.28 -37.02 36.42
3 16 -70.08 -33.34 37.96 -69.59 -30.07 38.05 -69.61 -29.92 37.98
3 16 71.28 -36.89 36.38 70.98 -35.9 36.74 71.28 -37.02 36.42
3 16 71.28 -37.02 36.42 70.87 -35.82 36.96 71.28 -37.15 36.45
3 16 70.87 -35.82 36.96 70.75 -35.79 37.21 71.28 -37.15 36.45
3 16 70.36 -37.32 38.39 70.37 -37.43 38.39 70.55 -38 38.21
3 16 67.3 -16.6 29.09 66.62 -17.03 31.17 70.33 -21.27 29.63
3 16 67.3 -16.6 29.09 70.33 -21.27 29.63 67.57 -16.57 28.49
3 16 -74.73 -35.83 28.09 -74.7 -35.74 28.14 -76.11 -33.96 23.59
3 16 -72.85 -21.27 22.6 -70.2 -20.2 28 -70.2 -20.2 27.99
3 16 -75.33 -38 27.15 -74.78 -36.55 28.18 -74.8 -36.43 28.1
3 16 76.54 -38.11 23.72 76.53 -38.13 23.76 76.53 -38.18 23.72
3 16 -75.33 -38 27.15 -74.8 -36.43 28.1 -74.79 -36.13 28.02
3 16 76.75 -27.1 15.5 76.48 -26.43 15.71 77.54 -29.28 15.49
3 16 -72.85 -21.27 22.6 -70.18 -20.3 28.23 -70.2 -20.2 28
3 16 76.48 -26.43 15.71 77.48 -29.28 15.91 77.54 -29.28 15.49
3 16 66.62 -17.03 31.17 66.3 -17.38 32.39 70.33 -21.27 29.63
3 16 65.91 -19.11 35.76 67.14 -21.27 36.39 70.33 -21.27 29.63
3 16 -75.33 -38 27.15 -74.73 -36.8 28.41 -74.77 -36.69 28.26
3 16 -74.64 -35.57 28.24 -74.54 -35.4 28.47 -76.11 -33.96 23.59
3 16 -75.89 -42.81 23.95 -75.99 -41.39 24.13 -76.08 -41.3 23.93
3 16 -75.33 -38 27.15 -74.71 -36.86 28.49 -74.73 -36.8 28.41
3 16 -74.7 -35.74 28.14 -74.64 -35.57 28.24 -76.11 -33.96 23.59
3 16 66.3 -17.38 32.39 66.21 -17.52 32.78 70.33 -21.27 29.63
3 16 -75.95 -42.74 23.8 -75.89 -42.81 23.95 -76.08 -41.3 23.93
3 16 -75.33 -38 27.15 -74.77 -36.69 28.26 -74.78 -36.55 28.18
3 16 66.21 -17.52 32.78 65.91 -19.11 35.76 70.33 -21.27 29.63
3 16 76.53 -38.13 23.76 76.52 -38.14 23.76 76.53 -38.18 23.72
3 16 76.53 -38.13 23.76 76.52 -38.14 23.77 76.52 -38.14 23.76
3 16 70.55 -38 38.21 70.45 -37.79 38.35 70.54 -38 38.23
3 16 -68.79 -29.75 39.31 -68.62 -35.06 40.78 -68.76 -29.45 39.29
3 16 -75.95 -42.74 23.8 -76.08 -41.3 23.93 -76.08 -41.3 23.92
3 16 76.73 -37.59 22.82 76.72 -37.63 22.89 76.74 -37.67 22.81
3 16 -75.49 -28.97 23.4 -71.88 -22.56 26.66 -71.85 -22.48 26.66
3 16 70.37 -37.43 38.39 70.37 -37.47 38.4 70.41 -37.62 38.37
3 16 70.55 -38 38.21 70.37 -37.43 38.39 70.41 -37.62 38.37
3 16 70.55 -38 38.21 70.43 -37.73 38.35 70.45 -37.79 38.35
3 16 70.55 -38 38.21 70.41 -37.62 38.37 70.43 -37.73 38.35
3 16 76.72 -37.63 22.89 76.6 -38 23.53 76.8 -38 22.75
3 16 76.6 -38 23.53 76.53 -38.18 23.72 76.64 -38.78 23.03
3 16 -74.79 -36.13 28.02 -74.73 -35.83 28.09 -76.11 -33.96 23.59
3 16 76.8 -38 22.75 76.6 -38 23.53 76.64 -38.78 23.03
3 16 76.8 -38 22.75 76.64 -38.78 23.03 76.76 -38.51 22.66
3 16 -72.85 -21.27 22.6 -70.09 -20.32 28.51 -70.18 -20.3 28.23
3 16 -75.33 -38 27.15 -74.79 -36.13 28.02 -76.11 -33.96 23.59
3 16 76.74 -37.67 22.81 76.72 -37.63 22.89 76.8 -38 22.75
3 16 76.76 -38.51 22.66 76.64 -38.78 23.03 76.71 -39.21 22.54
3 16 76.6 -38 23.53 76.54 -38.11 23.72 76.53 -38.18 23.72
3 16 -72.85 -21.27 22.6 -70.33 -21.27 29.63 -70.09 -20.32 28.51
3 16 75.03 -42.15 26.56 74.97 -43.6 26.24 75.13 -42.04 26.33
3 16 -77.3 -37.43 20.48 -76.76 -35.82 21.88 -76.79 -35.81 21.73
3 16 78.01 -33.95 16.02 77.86 -32.15 15.55 77.48 -29.28 15.91
3 16 75.59 -29.28 23.43 74.65 -25.67 21.88 74.56 -25.5 21.97
3 16 74.86 -25.7 21.09 76.37 -29.09 20.03 76.46 -28.87 19.35
3 16 -77.3 -37.43 20.48 -76.79 -35.81 21.73 -77.29 -37.32 20.48
3 16 -77.3 -37.43 20.48 -76.72 -35.84 22.03 -76.76 -35.82 21.88
3 16 77.86 -32.15 15.55 77.77 -31.29 15.48 77.48 -29.28 15.91
3 16 -67.01 -19.65 34.26 -67.14 -21.27 36.39 -66.37 -19.9 35.97
3 16 -77.48 -29.28 15.91 -76.12 -27.21 18.3 -76.1 -27.15 18.25
3 16 78.01 -33.95 16.02 77.92 -32.72 15.63 77.86 -32.15 15.55
3 16 74.86 -25.7 21.09 76.46 -28.87 19.35 74.85 -25.65 21.05
3 16 74.45 -24.79 21.38 74.52 -24.84 21.18 73.06 -21.64 22.29
3 16 74.81 -25.84 21.5 74.76 -25.8 21.64 75.59 -29.28 23.43
3 16 74.45 -24.79 21.38 73.06 -21.64 22.29 73.26 -22.48 22.72
3 16 -77.31 -37.55 20.51 -76.69 -36.01 22.25 -76.71 -35.9 22.12
3 16 -70.28 -40.67 38.07 -69.96 -40.18 38.71 -70.55 -38 38.21
3 16 74.76 -25.8 21.64 74.65 -25.67 21.88 75.59 -29.28 23.43
3 16 74.82 -25.83 21.45 76.37 -29.09 20.03 74.83 -25.82 21.36
3 16 -77.29 -37.32 20.48 -77.3 -37.43 20.48 -77.29 -37.32 20.48
3 16 74.81 -25.84 21.5 76.37 -29.09 20.03 74.82 -25.83 21.45
3 16 -77.31 -37.55 20.51 -76.68 -36.13 22.36 -76.69 -36.01 22.25
3 16 -75.71 -26.6 19 -74.66 -24.9 20.72 -75.71 -26.54 18.92
3 16 -75.71 -26.6 19 -74.7 -25.05 20.79 -74.66 -24.9 20.72
3 16 -77.29 -37.32 20.48 -76.93 -35.88 21.22 -76.96 -35.93 21.14
3 16 -77.29 -37.32 20.48 -76.96 -35.93 21.14 -77.23 -36.95 20.53
3 16 76.97 -33.57 19.96 77.75 -35.06 17.57 78.01 -33.95 16.02
3 16 76.45 -29.8 20.26 75.59 -29.28 23.43 75.96 -31.53 23.03
3 16 -77.29 -37.32 20.48 -76.88 -35.77 21.39 -76.89 -35.8 21.35
3 16 76.8 -30.25 19.05 78.01 -33.95 16.02 76.83 -30.03 18.84
3 16 76.59 -35.46 22.37 76.99 -38 21.98 76.91 -34.81 20.78
3 16 76.59 -35.46 22.37 76.91 -34.81 20.78 76.84 -34.79 21.06
3 16 -77.29 -37.32 20.48 -76.89 -35.8 21.35 -76.93 -35.88 21.22
3 16 -77.29 -37.32 20.48 -77.23 -36.95 20.53 -77.25 -37.06 20.5
3 16 76.45 -29.8 20.26 76.23 -32.1 22.21 76.47 -29.92 20.21
3 16 76.45 -29.8 20.26 75.96 -31.53 23.03 76.23 -32.1 22.21
3 16 -67.01 -19.65 34.26 -66.37 -18.84 34.4 -66.38 -18.76 34.26
3 16 -67.01 -19.65 34.26 -66.37 -19.9 35.97 -66.37 -18.84 34.4
3 16 77.48 -29.28 15.91 77.77 -31.29 15.48 77.54 -29.28 15.49
3 16 -77.29 -37.32 20.48 -77.27 -37.19 20.48 -77.28 -37.23 20.48
3 16 -77.29 -37.32 20.48 -77.25 -37.06 20.5 -77.27 -37.19 20.48
3 16 76.97 -33.57 19.96 78.01 -33.95 16.02 76.8 -30.25 19.05
3 16 -77.3 -37.43 20.48 -76.72 -35.84 22.04 -76.72 -35.84 22.03
3 16 76.23 -32.1 22.21 76.51 -30.07 20.15 76.47 -29.92 20.21
3 16 -77.31 -37.55 20.51 -76.71 -35.9 22.12 -76.72 -35.84 22.04
3 16 74.69 -22.61 17.22 74.7 -25.13 20.91 75.16 -23.54 16.71
3 16 74.69 -22.61 17.22 74.57 -24.9 21.09 74.7 -25.13 20.91
3 16 74.78 -25.33 20.89 75.33 -23.87 16.52 75.16 -23.54 16.71
3 16 74.78 -25.33 20.89 75.16 -23.54 16.71 74.7 -25.13 20.91
3 16 -76.89 -37.85 22.3 -76.68 -36.32 22.42 -77.31 -37.6 20.52
3 16 -76.78 -37.32 22.5 -76.77 -37.26 22.51 -76.68 -36.32 22.42
3 16 -76.77 -37.26 22.51 -76.75 -37.15 22.53 -76.68 -36.32 22.42
3 16 73.95 -21.27 18.21 74.57 -24.9 21.09 74.69 -22.61 17.22
3 16 -76.89 -37.85 22.3 -76.81 -37.48 22.47 -76.68 -36.32 22.42
3 16 -76.81 -37.48 22.47 -76.78 -37.32 22.5 -76.68 -36.32 22.42
3 16 74.52 -24.84 21.18 74.57 -24.9 21.09 73.95 -21.27 18.21
3 16 -77.31 -38 20.73 -76.94 -38 22.2 -77.31 -37.6 20.52
3 16 71.18 -18.3 21.48 70.9 -18.07 22.01 72.13 -19.65 21.25
3 16 -75.71 -26.54 18.92 -74.62 -24.71 20.61 -75.71 -26.49 18.86
3 16 -77.31 -37.62 20.53 -77.31 -38 20.73 -77.31 -37.6 20.52
3 16 70.33 -21.27 29.63 72.49 -21.27 23.62 70.45 -20.32 27.52
3 16 -76.94 -38 22.2 -76.89 -37.85 22.3 -77.31 -37.6 20.52
3 16 73.06 -21.64 22.29 74.52 -24.84 21.18 73.95 -21.27 18.21
3 16 73.06 -21.64 22.29 73.95 -21.27 18.21 72.98 -21.27 22.1
3 16 70.07 -17.5 23.27 72.42 -20.81 22.95 72.41 -20.77 22.89
3 16 -74.06 -21.27 17.76 -70.54 -17.47 21.9 -70.6 -17.52 21.78
3 16 -75.71 -26.49 18.86 -74.62 -24.71 20.61 -75.72 -26.48 18.79
3 16 -77.31 -37.6 20.52 -76.68 -36.32 22.42 -76.67 -36.15 22.38
3 16 76.7 -29.18 18.84 77.48 -29.28 15.91 76.48 -26.43 15.71
3 16 -67.14 -21.27 36.39 -66.29 -20.4 36.73 -66.37 -19.9 35.97
3 16 -75.71 -26.54 18.92 -74.66 -24.9 20.72 -74.62 -24.71 20.61
3 16 -77.31 -37.6 20.52 -76.67 -36.15 22.38 -76.68 -36.13 22.36
3 16 -69.96 -40.18 38.71 -69.15 -38 40.56 -70.55 -38 38.21
3 16 -77.31 -37.55 20.51 -76.72 -35.84 22.04 -77.3 -37.43 20.48
3 16 76.37 -29.09 20.03 74.81 -25.84 21.5 75.59 -29.28 23.43
3 16 -77.3 -37.47 20.49 -77.31 -37.55 20.51 -77.3 -37.43 20.48
3 16 76.37 -29.09 20.03 75.59 -29.28 23.43 76.42 -29.28 20.14
3 16 -77.31 -37.6 20.52 -76.68 -36.13 22.36 -77.31 -37.55 20.51
3 16 74.83 -25.54 20.95 76.46 -28.87 19.35 76.48 -26.43 15.71
3 16 76.46 -28.87 19.35 76.57 -28.97 19.06 76.48 -26.43 15.71
3 16 -74.06 -21.27 17.76 -70.6 -17.52 21.78 -72.24 -19.11 19.39
3 16 74.78 -25.33 20.89 76.48 -26.43 15.71 75.33 -23.87 16.52
3 16 74.83 -25.54 20.95 76.48 -26.43 15.71 74.78 -25.33 20.89
3 16 76.7 -29.18 18.84 76.48 -26.43 15.71 76.57 -28.97 19.06
3 16 -67.14 -21.27 36.39 -66.31 -20.87 37.28 -66.29 -20.4 36.73
3 16 -76.73 -37.02 22.55 -76.71 -36.88 22.58 -76.68 -36.32 22.42
3 16 -76.75 -37.15 22.53 -76.73 -37.02 22.55 -76.68 -36.32 22.42
3 16 -67.14 -21.27 36.39 -66.33 -21.27 37.73 -66.31 -20.87 37.28
3 16 77.12 -34.87 20 76.99 -38 21.98 77.97 -38 18.08
3 16 -70.33 -21.27 29.63 -66.55 -18.07 32.87 -66.86 -17.5 31.39
3 16 -77.48 -29.28 15.91 -76.11 -27.44 18.67 -76.14 -27.4 18.49
3 16 -70.33 -21.27 29.63 -66.44 -18.3 33.45 -66.55 -18.07 32.87
3 16 70.55 -38 38.21 71.16 -38.09 36.9 71.21 -38 36.83
3 16 -76.09 -40.49 24.16 -76.07 -40.57 24.2 -76.13 -40.19 24.15
3 16 -76.1 -40.46 24.15 -76.09 -40.49 24.16 -76.13 -40.19 24.15
3 16 -77.48 -29.28 15.91 -76.08 -27.42 18.74 -76.11 -27.44 18.67
3 16 71.01 -38.33 37.16 70.72 -38.38 37.75 70.92 -38.41 37.33
3 16 70.65 -38.33 37.92 70.55 -38 38.21 70.56 -38.08 38.19
3 16 70.65 -38.33 37.92 70.72 -38.38 37.75 70.55 -38 38.21
3 16 -70.33 -21.27 29.63 -67.01 -19.65 34.26 -66.44 -18.3 33.45
3 16 -67.96 -35.03 41.88 -68.62 -35.06 40.78 -68.2 -35.65 41.62
3 16 -77.48 -29.28 15.91 -76.14 -27.4 18.49 -76.13 -27.28 18.34
3 16 -76.07 -40.57 24.2 -76.06 -40.59 24.23 -76.13 -40.09 24.21
3 16 69.47 -38.88 39.82 70.17 -38.37 38.77 70.16 -38.32 38.8
3 16 -76.12 -40.41 24.12 -76.1 -40.46 24.15 -76.13 -40.31 24.12
3 16 -76.07 -40.57 24.2 -76.13 -40.09 24.21 -76.13 -40.19 24.15
3 16 -67.01 -19.65 34.26 -66.38 -18.76 34.26 -66.44 -18.3 33.45
3 16 71.09 -38.22 37.03 71.16 -38.09 36.9 70.55 -38 38.21
3 16 69.47 -38.88 39.82 69.83 -39.88 38.99 70.17 -38.37 38.77
3 16 71.09 -38.22 37.03 70.55 -38 38.21 70.72 -38.38 37.75
3 16 -76.01 -40.67 24.34 -76.09 -39.79 24.42 -76.1 -39.8 24.38
3 16 -76.06 -40.59 24.23 -76.02 -40.64 24.3 -76.13 -40.09 24.21
3 16 71.98 -39.16 34.88 72.19 -38.64 34.58 72.19 -38.58 34.59
3 16 72.21 -38.37 34.62 71.61 -38 35.98 71.89 -39.24 35.04
3 16 -68.99 -37.71 40.75 -68.2 -35.65 41.62 -68.62 -35.06 40.78
3 16 72.21 -38.37 34.62 71.89 -39.24 35.04 72.2 -38.48 34.6
3 16 -75.89 -27.15 19.12 -74.7 -25.05 20.79 -75.81 -26.97 19.15
3 16 70.48 -41.17 37.51 70.55 -41.31 37.33 70.93 -39.14 37.11
3 16 -75.98 -40.72 24.41 -76.01 -39.71 24.65 -76.09 -39.79 24.42
3 16 71.98 -39.16 34.88 72.19 -38.66 34.58 72.19 -38.64 34.58
3 16 70.48 -41.17 37.51 70.93 -39.14 37.11 70.84 -39.18 37.3
3 16 72.2 -38.48 34.6 71.89 -39.24 35.04 71.98 -39.16 34.88
3 16 -75.89 -27.15 19.12 -75.81 -26.97 19.15 -75.83 -27.02 19.14
3 16 -76.02 -40.64 24.3 -76.01 -40.67 24.34 -76.11 -39.89 24.33
3 16 -70.33 -21.27 29.63 -66.86 -17.5 31.39 -67.45 -16.93 29.28
3 16 -76.01 -40.67 24.34 -76.1 -39.8 24.38 -76.11 -39.89 24.33
3 16 71.01 -38.33 37.16 71.09 -38.22 37.03 70.72 -38.38 37.75
3 16 70.72 -38.38 37.75 70.79 -38.44 37.6 70.92 -38.41 37.33
3 16 72.2 -38.48 34.6 71.98 -39.16 34.88 72.19 -38.58 34.59
3 16 70.55 -38 38.21 70.55 -38.04 38.21 70.56 -38.08 38.19
3 16 -76.02 -40.64 24.3 -76.11 -39.89 24.33 -76.13 -40.09 24.21
3 16 -67.69 -16.78 28.54 -70.33 -21.27 29.63 -67.45 -16.93 29.28
3 16 69.83 -39.88 38.99 70.34 -38.76 38.4 70.3 -38.67 38.49
3 16 78.01 -33.95 16.02 77.48 -29.28 15.91 76.83 -30.03 18.84
3 16 -77.23 -36.95 20.53 -77.14 -36.51 20.7 -77.14 -36.51 20.7
3 16 -77.23 -36.95 20.53 -77.14 -36.51 20.7 -77.14 -36.52 20.7
3 16 -77.23 -36.95 20.53 -77.15 -36.58 20.67 -77.2 -36.8 20.58
3 16 -77.23 -36.95 20.53 -77.14 -36.52 20.7 -77.15 -36.58 20.67
3 16 76.67 -30.39 19.64 76.97 -33.57 19.96 76.75 -30.38 19.34
3 16 -78.04 -34.57 16.18 -77.48 -29.28 15.91 -77.98 -33.75 16.01
3 16 78.05 -35.03 16.35 78.01 -33.95 16.02 77.75 -35.06 17.57
3 16 76.59 -30.28 19.93 76.23 -32.1 22.21 76.58 -32.9 21.21
3 16 76.59 -30.28 19.93 76.51 -30.07 20.15 76.23 -32.1 22.21
3 16 77.99 -37.71 17.84 78.05 -35.03 16.35 77.75 -35.06 17.57
3 16 -77.29 -37.32 20.48 -76.82 -35.79 21.61 -76.88 -35.77 21.39
3 16 -77.68 -33.73 17.22 -77.48 -29.28 15.91 -78 -35.51 16.76
3 16 77.12 -34.87 20 77.97 -38 18.08 77.99 -37.71 17.84
3 16 77.12 -34.87 20 76.91 -34.81 20.78 76.99 -38 21.98
3 16 77.12 -34.87 20 77.99 -37.71 17.84 77.75 -35.06 17.57
3 16 -78 -35.51 16.76 -77.48 -29.28 15.91 -78.04 -34.57 16.18
3 16 76.72 -33.24 20.79 76.97 -33.57 19.96 76.67 -30.39 19.64
3 16 76.72 -33.24 20.79 76.67 -30.39 19.64 76.58 -32.9 21.21
3 16 -77.29 -37.32 20.48 -76.79 -35.81 21.73 -76.82 -35.79 21.61
3 16 -77.23 -36.95 20.53 -77.2 -36.8 20.58 -77.21 -36.86 20.56
3 16 -77.23 -36.95 20.53 -77.1 -36.38 20.77 -77.14 -36.51 20.7
3 16 70.46 -38.92 38.16 69.83 -39.88 38.99 70 -40.24 38.63
3 16 70.46 -38.92 38.16 70.36 -38.79 38.36 69.83 -39.88 38.99
3 16 -77.48 -29.28 15.91 -76.13 -27.28 18.34 -76.12 -27.21 18.3
3 16 75.59 -29.28 23.43 76.45 -29.8 20.26 76.41 -29.5 20.27
3 16 -77.23 -36.95 20.53 -76.96 -35.93 21.14 -76.99 -36 21.03
3 16 70.36 -38.79 38.36 70.34 -38.76 38.4 69.83 -39.88 38.99
3 16 70 -40.24 38.63 70.28 -40.71 38.06 70.46 -38.92 38.16
3 16 -67.68 -33.95 42.1 -68.62 -35.06 40.78 -67.96 -35.03 41.88
3 16 -76.1 -40.46 24.15 -76.13 -40.19 24.15 -76.14 -40.24 24.12
3 16 -76.13 -40.31 24.12 -76.1 -40.46 24.15 -76.14 -40.24 24.12
3 16 -77.23 -36.95 20.53 -76.99 -36 21.03 -77.06 -36.21 20.86
3 16 76.54 -34.7 22.22 76.21 -34.64 23.49 76.59 -35.46 22.37
3 16 -67.38 -32.72 42.32 -68.62 -35.06 40.78 -67.68 -33.95 42.1
3 16 76.84 -34.79 21.06 76.54 -34.7 22.22 76.59 -35.46 22.37
3 16 -67.36 -32.59 42.33 -68.62 -35.06 40.78 -67.38 -32.72 42.32
3 16 76.75 -30.38 19.34 76.97 -33.57 19.96 76.8 -30.25 19.05
3 16 76.48 -37.31 23.7 76.46 -35.89 23.11 76.18 -34.63 23.61
3 16 76.48 -37.31 23.7 76.62 -36.87 22.94 76.46 -35.89 23.11
3 16 76.46 -35.89 23.11 76.59 -35.46 22.37 76.21 -34.64 23.49
3 16 -77.23 -36.95 20.53 -77.06 -36.21 20.86 -77.1 -36.38 20.77
3 16 76.46 -35.89 23.11 76.21 -34.64 23.49 76.18 -34.63 23.61
3 16 70.13 -33.81 37.99 71.1 -35.41 36.36 73.91 -38 31.11
3 16 70.81 -29.28 35.31 71.72 -25.46 30.21 70.18 -24.87 32.97
3 16 70.34 -35.14 37.9 70.13 -33.81 37.99 70.27 -35.25 38.06
3 16 71.39 -35.92 35.88 71.46 -36.13 35.79 72.03 -36.97 34.81
3 16 71.39 -35.92 35.88 72.03 -36.97 34.81 72.07 -37 34.74
3 16 -75.96 -26.75 18.24 -77.48 -29.28 15.91 -76.04 -26.93 18.2
3 16 68.27 -26.78 38.32 69.67 -29.28 37.74 67.14 -21.27 36.39
3 16 -75.88 -26.59 18.34 -77.48 -29.28 15.91 -75.96 -26.75 18.24
3 16 70.05 -23.99 32.51 70.18 -24.87 32.97 71.72 -25.46 30.21
3 16 -74 -38.28 30.77 -73.95 -38.2 30.93 -75.24 -38.09 27.38
3 16 71.31 -35.72 35.99 72.07 -37 34.74 72.43 -37.27 34.04
3 16 72.46 -37.37 34.02 72.49 -37.51 34 73.21 -37.84 32.55
3 16 72.43 -37.27 34.04 72.46 -37.37 34.02 73.21 -37.84 32.55
3 16 72.03 -36.98 34.81 71.64 -37.22 35.71 72.08 -37.21 34.78
3 16 72.03 -36.97 34.81 71.62 -37.01 35.68 72.03 -36.98 34.81
3 16 72.03 -36.98 34.81 71.62 -37.01 35.68 71.64 -37.22 35.71
3 16 72.03 -36.97 34.81 71.46 -36.13 35.79 71.52 -36.35 35.72
3 16 71.31 -35.72 35.99 71.39 -35.92 35.88 72.07 -37 34.74
3 16 71.31 -35.72 35.99 72.43 -37.27 34.04 73.91 -38 31.11
3 16 72.43 -37.27 34.04 73.21 -37.84 32.55 73.91 -38 31.11
3 16 72.03 -36.97 34.81 71.52 -36.35 35.72 71.56 -36.54 35.69
3 16 -77.3 -38.01 20.73 -77.3 -38.01 20.73 -77.31 -38 20.73
3 16 69.37 -22.35 32.58 69.73 -23.07 32.41 70.52 -22.33 30.13
3 16 69.88 -23.5 32.45 70.05 -23.99 32.51 70.69 -22.77 30.13
3 16 69.37 -22.35 32.58 70.52 -22.33 30.13 70.5 -22.13 30
3 16 69.73 -23.07 32.41 69.88 -23.5 32.45 70.69 -22.77 30.13
3 16 70.05 -23.99 32.51 70.81 -22.92 30.01 70.69 -22.77 30.13
3 16 69.91 -25.87 34.37 70.81 -29.28 35.31 70.13 -25.48 33.57
3 16 -77.3 -38.04 20.74 -77.26 -38.14 20.82 -77.3 -38.02 20.74
3 16 -77.29 -38.08 20.77 -77.26 -38.14 20.82 -77.3 -38.04 20.74
3 16 70.59 -22.56 30.18 70.52 -22.33 30.13 69.73 -23.07 32.41
3 16 -75.74 -26.46 18.7 -74.51 -24.26 20.37 -75.74 -26.45 18.68
3 16 69.73 -23.07 32.41 70.69 -22.77 30.13 70.59 -22.56 30.18
3 16 67.91 -27.13 39.17 66.67 -28.1 41.91 68 -27.28 39.13
3 16 -74.34 -35.41 29.01 -73.52 -34.36 30.95 -76.11 -33.96 23.59
3 16 -77.3 -38.02 20.74 -77.3 -38.02 20.74 -77.3 -38.02 20.74
3 16 67.81 -26.75 39.08 66.14 -25.45 40.96 67.83 -26.93 39.16
3 16 -77.48 -29.28 15.91 -76.04 -26.96 18.21 -76.04 -26.93 18.2
3 16 -74.28 -35.58 29.25 -73.52 -34.36 30.95 -74.34 -35.41 29.01
3 16 70.82 -22.93 30 70.81 -22.92 30.01 70.05 -23.99 32.51
3 16 71.72 -25.46 30.21 70.82 -22.93 30 70.05 -23.99 32.51
3 16 67.1 -29.28 42.02 68 -27.28 39.13 66.67 -28.1 41.91
3 16 67.14 -21.27 36.39 66.09 -21.27 38.15 65.92 -21.96 38.9
3 16 72.03 -36.97 34.81 71.6 -36.74 35.67 71.62 -37.01 35.68
3 16 70.27 -35.26 38.07 70.13 -33.81 37.99 68.33 -33.73 40.96
3 16 70.27 -35.26 38.07 68.33 -33.73 40.96 70.13 -35.55 38.36
3 16 67.36 -32.02 42.2 67.86 -34.57 41.93 68.33 -33.73 40.96
3 16 68.04 -26.49 38.5 67.14 -21.27 36.39 65.9 -22.81 39.52
3 16 69.87 -31.28 37.85 69.67 -29.28 37.74 67.1 -29.28 42.02
3 16 68.82 -36.93 40.86 69.94 -36.66 38.93 69.96 -36.46 38.86
3 16 69.96 -37.28 39.04 69.94 -36.98 39 69.2 -37.86 40.44
3 16 69.98 -36.25 38.77 68.82 -36.93 40.86 69.96 -36.46 38.86
3 16 69.87 -31.28 37.85 67.1 -29.28 42.02 67.36 -32.02 42.2
3 16 69.87 -31.28 37.85 67.36 -32.02 42.2 68.33 -33.73 40.96
3 16 68.04 -26.49 38.5 68.06 -26.49 38.47 67.14 -21.27 36.39
3 16 67.82 -26.59 38.95 66.14 -25.45 40.96 67.81 -26.75 39.08
3 16 68.11 -27.4 39.02 68 -27.28 39.13 67.1 -29.28 42.02
3 16 67.83 -26.93 39.16 66.67 -28.1 41.91 67.91 -27.13 39.17
3 16 68.17 -26.61 38.37 68.27 -26.78 38.32 67.14 -21.27 36.39
3 16 67.83 -26.93 39.16 66.14 -25.45 40.96 66.67 -28.1 41.91
3 16 67.87 -26.49 38.79 66.14 -25.45 40.96 67.82 -26.59 38.95
3 16 65.9 -22.81 39.52 67.14 -21.27 36.39 65.92 -21.96 38.9
3 16 67.87 -26.49 38.79 65.9 -22.81 39.52 66.14 -25.45 40.96
3 16 68.11 -27.4 39.02 67.1 -29.28 42.02 69.67 -29.28 37.74
3 16 68.06 -26.49 38.47 68.17 -26.61 38.37 67.14 -21.27 36.39
3 16 69.96 -37.28 39.04 69.2 -37.86 40.44 69.27 -38 40.35
3 16 71.64 -37.22 35.71 72.11 -37.38 34.75 72.08 -37.21 34.78
3 16 73.21 -37.84 32.55 72.49 -37.51 34 72.51 -37.65 33.97
3 16 72.58 -37.95 33.91 73.2 -38 32.61 73.2 -37.97 32.6
3 16 72.55 -37.83 33.94 73.2 -37.97 32.6 73.21 -37.91 32.58
3 16 72.58 -37.95 33.91 72.59 -38 33.9 73.2 -38 32.61
3 16 71.1 -35.41 36.36 71.2 -35.56 36.19 71.31 -35.72 35.99
3 16 71.1 -35.41 36.36 71.31 -35.72 35.99 73.91 -38 31.11
3 16 70.13 -33.81 37.99 70.97 -35.22 36.59 71.1 -35.41 36.36
3 16 71.64 -37.71 35.85 72.19 -37.78 34.7 72.14 -37.55 34.73
3 16 71.64 -37.71 35.85 72.14 -37.55 34.73 71.64 -37.43 35.75
3 16 72.55 -37.83 33.94 72.58 -37.95 33.91 73.2 -37.97 32.6
3 16 68.33 -33.73 40.96 70 -36.12 38.71 70.03 -35.99 38.63
3 16 69.98 -36.25 38.77 70 -36.12 38.71 68.33 -33.73 40.96
3 16 70.13 -35.55 38.36 68.33 -33.73 40.96 70.03 -35.99 38.63
3 16 69.94 -36.98 39 69.94 -36.66 38.93 68.82 -36.93 40.86
3 16 69.94 -36.98 39 68.82 -36.93 40.86 69.2 -37.86 40.44
3 16 71.64 -37.43 35.75 72.14 -37.55 34.73 72.11 -37.38 34.75
3 16 71.64 -37.43 35.75 72.11 -37.38 34.75 71.64 -37.22 35.71
3 16 72.55 -37.83 33.94 73.21 -37.84 32.55 72.51 -37.65 33.97
3 16 69.98 -36.25 38.77 68.33 -33.73 40.96 68.82 -36.93 40.86
3 16 72.55 -37.83 33.94 73.21 -37.91 32.58 73.21 -37.84 32.55
3 16 -74.26 -35.84 29.41 -73.52 -34.36 30.95 -74.28 -35.58 29.25
3 16 -77.19 -38.33 21.03 -77.14 -38.38 21.2 -77.2 -38.31 21.01
3 16 -77.14 -38.38 21.2 -77.1 -38.44 21.36 -77.2 -38.31 21.01
3 16 -77.03 -38.41 21.64 -77.01 -38.36 21.74 -77.24 -38.19 20.88
3 16 72.98 -21.27 22.1 73.21 -20.4 18.89 72.13 -19.65 21.25
3 16 -75.72 -26.48 18.79 -74.58 -24.58 20.55 -75.74 -26.46 18.7
3 16 68.55 -16.73 26.06 69.57 -18.93 27.35 69.63 -18.94 27.2
3 16 68.55 -16.73 26.06 67.58 -16.56 28.46 69.57 -18.93 27.35
3 16 -77.52 -29.28 15.6 -77.48 -29.28 15.91 -76.28 -25.88 15.67
3 16 -77.1 -38.44 21.36 -77.08 -38.43 21.42 -77.2 -38.31 21.01
3 16 72.98 -21.27 22.1 73.61 -20.87 18.51 73.21 -20.4 18.89
3 16 72.43 -20.9 23.07 70.03 -18.92 26.05 72.43 -20.9 23.07
3 16 -74.27 -36.15 29.48 -73.52 -34.36 30.95 -74.25 -35.84 29.41
3 16 71.72 -25.46 30.21 71.89 -24.32 28.53 70.93 -23.02 29.81
3 16 -74.25 -35.84 29.41 -73.52 -34.36 30.95 -74.26 -35.84 29.41
3 16 -76.99 -38.33 21.83 -76.98 -38.3 21.87 -77.26 -38.14 20.82
3 16 -75.33 -38 27.15 -73.91 -38 31.11 -74.5 -36.86 29.06
3 16 72.42 -20.81 22.95 70.07 -17.5 23.27 70.03 -18.92 26.05
3 16 -75.33 -38 27.15 -74.5 -36.86 29.06 -74.62 -36.92 28.77
3 16 -77.08 -38.43 21.42 -77.03 -38.41 21.64 -77.24 -38.19 20.88
3 16 -77.2 -38.31 21.01 -77.08 -38.43 21.42 -77.24 -38.19 20.88
3 16 72.42 -20.81 22.95 70.03 -18.92 26.05 72.43 -20.9 23.07
3 16 70.03 -18.92 26.05 70.07 -17.5 23.27 69.01 -16.93 25.15
3 16 -74.06 -21.27 17.76 -72.85 -21.27 22.6 -70.54 -17.47 21.9
3 16 70.33 -21.27 29.63 69.78 -19.72 28.25 69.62 -19.44 28.18
3 16 70.33 -21.27 29.63 69.62 -19.44 28.18 67.57 -16.57 28.49
3 16 -77.83 -32.02 15.65 -77.98 -33.75 16.01 -77.48 -29.28 15.91
3 16 -77.83 -32.02 15.65 -77.48 -29.28 15.91 -77.52 -29.28 15.6
3 16 70.33 -21.27 29.63 70.45 -20.32 27.52 70.33 -20.3 27.81
3 16 -77.48 -29.28 15.91 -76.1 -27.15 18.25 -76.1 -27.13 18.24
3 16 -77.32 -37.79 20.57 -77.31 -38 20.73 -77.31 -37.62 20.53
3 16 70.35 -19.81 26.83 70.03 -18.92 26.05 70.19 -19.54 26.76
3 16 70.35 -19.81 26.83 72.49 -21.27 23.62 70.03 -18.92 26.05
3 16 -77.48 -29.28 15.91 -76.1 -27.13 18.24 -76.07 -27.03 18.22
3 16 69.48 -19.01 27.76 67.58 -16.56 28.46 67.57 -16.57 28.49
3 16 69.48 -19.01 27.76 69.57 -18.93 27.35 67.58 -16.56 28.46
3 16 -77.52 -29.28 15.6 -76.28 -25.88 15.67 -77.13 -28.1 15.4
3 16 -75.72 -26.48 18.79 -74.62 -24.71 20.61 -74.58 -24.58 20.55
3 16 73.21 -20.4 18.89 71.73 -18.84 20.7 72.13 -19.65 21.25
3 16 70.03 -18.92 26.05 69.01 -16.93 25.15 68.55 -16.73 26.06
3 16 71.73 -18.84 20.7 71.18 -18.3 21.48 72.13 -19.65 21.25
3 16 68.55 -16.73 26.06 69.63 -18.94 27.2 70.03 -18.92 26.05
3 16 -77.32 -37.73 20.56 -77.32 -37.79 20.57 -77.31 -37.62 20.53
3 16 72.98 -21.27 22.1 73.95 -21.27 18.21 73.61 -20.87 18.51
3 16 -77.48 -29.28 15.91 -76.07 -27.03 18.22 -76.04 -26.96 18.21
3 16 69.54 -25.92 35.18 69.67 -29.28 37.74 70.81 -29.28 35.31
3 16 -74.27 -36.15 29.48 -73.91 -38 31.11 -73.52 -34.36 30.95
3 16 69.84 -25.88 34.53 70.81 -29.28 35.31 69.91 -25.87 34.37
3 16 -76.94 -38.09 22.12 -77.31 -38 20.73 -76.97 -38.22 21.98
3 16 70.13 -25.48 33.57 70.81 -29.28 35.31 70.18 -24.87 32.97
3 16 69.18 -25.68 35.75 69.15 -25.66 35.8 69.67 -29.28 37.74
3 16 69.15 -25.66 35.8 69.1 -25.62 35.89 69.67 -29.28 37.74
3 16 -74.32 -36.45 29.43 -73.91 -38 31.11 -74.27 -36.15 29.48
3 16 69.54 -25.92 35.18 69.18 -25.68 35.75 69.67 -29.28 37.74
3 16 -76.94 -38 22.2 -77.31 -38 20.73 -76.94 -38.09 22.12
3 16 -76.97 -38.22 21.98 -77.31 -38 20.73 -76.98 -38.3 21.87
3 16 -74.44 -35.35 28.73 -74.34 -35.41 29.01 -76.11 -33.96 23.59
3 16 -74.54 -35.4 28.47 -74.44 -35.35 28.73 -76.11 -33.96 23.59
3 16 -77.3 -38.01 20.73 -77.26 -38.14 20.82 -77.31 -38 20.73
3 16 -77.3 -38.02 20.74 -77.26 -38.14 20.82 -77.3 -38.02 20.74
3 16 -77.3 -38.02 20.74 -77.26 -38.14 20.82 -77.3 -38.01 20.73
3 16 -75.74 -26.45 18.68 -74.51 -24.26 20.37 -75.8 -26.49 18.49
3 16 69.37 -22.35 32.58 70.5 -22.13 30 70.33 -21.27 29.63
3 16 -76.98 -38.3 21.87 -77.31 -38 20.73 -77.26 -38.14 20.82
3 16 69.54 -25.92 35.18 70.81 -29.28 35.31 69.84 -25.88 34.53
3 16 -77.26 -38.14 20.82 -77.31 -38 20.73 -77.31 -38 20.73
3 16 67.14 -21.27 36.39 68.47 -21.5 33.76 70.33 -21.27 29.63
3 16 -77.01 -38.36 21.74 -76.99 -38.33 21.83 -77.26 -38.14 20.82
3 16 70.78 -21.99 29.15 70.33 -21.27 29.63 70.68 -21.91 29.34
3 16 70.91 -22.2 29.02 70.99 -22.37 28.97 72.15 -23.07 26.47
3 16 70.78 -21.99 29.15 70.91 -22.2 29.02 72.15 -23.07 26.47
3 16 -74.5 -36.86 29.06 -73.91 -38 31.11 -74.41 -36.7 29.28
3 16 70.33 -21.27 29.63 70.65 -21.9 29.41 70.68 -21.91 29.34
3 16 71.72 -25.46 30.21 70.93 -23.02 29.81 70.9 -22.99 29.87
3 16 71.05 -22.59 29.02 71.89 -24.32 28.53 72.15 -23.07 26.47
3 16 -75.74 -26.46 18.7 -74.58 -24.58 20.55 -74.51 -24.26 20.37
3 16 71.05 -22.59 29.02 72.15 -23.07 26.47 70.99 -22.37 28.97
3 16 72.39 -21.92 24.57 70.78 -21.99 29.15 72.15 -23.07 26.47
3 16 69.67 -29.28 37.74 69.1 -25.62 35.89 68.64 -25.05 36.37
3 16 69.67 -29.28 37.74 68.56 -24.9 36.41 68.46 -24.71 36.46
3 16 -77.24 -38.19 20.88 -77.01 -38.36 21.74 -77.26 -38.14 20.82
3 16 67.14 -21.27 36.39 68.25 -21.52 34.23 68.47 -21.5 33.76
3 16 -75.8 -26.49 18.49 -74.51 -24.26 20.37 -75.88 -26.59 18.34
3 16 -74.41 -36.7 29.28 -73.91 -38 31.11 -74.32 -36.45 29.43
3 16 -74.51 -24.26 20.37 -77.48 -29.28 15.91 -75.88 -26.59 18.34
3 16 70.33 -21.27 29.63 70.78 -21.99 29.15 72.39 -21.92 24.57
3 16 69.67 -29.28 37.74 68.64 -25.05 36.37 68.56 -24.9 36.41
3 16 70.33 -21.27 29.63 72.39 -21.92 24.57 72.49 -21.27 23.62
3 16 -72.92 -39.81 32.72 -72.84 -39.91 32.87 -73.08 -38.49 32.75
3 16 -72.92 -39.81 32.72 -73.08 -38.49 32.75 -73.33 -38.9 32.09
3 16 75.01 -40.61 27.15 74.98 -41.51 26.91 75.05 -40.6 27.04
3 16 -72.83 -39.91 32.88 -72.8 -39.96 32.93 -73.08 -38.49 32.75
3 16 -72.84 -39.91 32.87 -72.83 -39.91 32.88 -73.08 -38.49 32.75
3 16 -72.95 -43.82 31.58 -72.93 -42.26 32.04 -73.03 -42.29 31.81
3 16 75.53 -40.49 25.74 76.42 -39.26 23.68 76.33 -38.99 24.01
3 16 -72.9 -41.39 32.33 -72.82 -41.01 32.61 -72.85 -40.89 32.57
3 16 -73 -39.76 32.56 -72.92 -39.81 32.72 -73.33 -38.9 32.09
3 16 75.01 -40.61 27.15 74.94 -41.53 27.03 74.98 -41.51 26.91
3 16 -72.8 -39.96 32.93 -72.8 -39.96 32.94 -73.08 -38.49 32.75
3 16 74.55 -40.59 28.44 74.55 -41.97 27.98 74.59 -40.64 28.3
3 16 74.55 -40.59 28.44 74.08 -41.85 29.31 74.55 -41.97 27.98
3 16 -72.79 -39.97 32.94 -72.73 -40.06 33.05 -73.08 -38.49 32.75
3 16 -72.87 -43.78 31.77 -72.8 -42.15 32.34 -72.93 -42.26 32.04
3 16 -72.73 -40.06 33.05 -72.68 -40.2 33.12 -73.08 -38.49 32.75
3 16 -72.8 -39.96 32.94 -72.8 -39.97 32.94 -73.08 -38.49 32.75
3 16 -72.87 -43.78 31.77 -72.93 -42.26 32.04 -72.95 -43.82 31.58
3 16 75.05 -40.6 27.04 74.98 -41.51 26.91 75.1 -41.39 26.64
3 16 75.05 -40.6 27.04 75.1 -41.39 26.64 75.1 -40.59 26.92
3 16 -72.8 -39.97 32.94 -72.79 -39.97 32.94 -73.08 -38.49 32.75
3 16 75.36 -41.6 25.82 76.05 -42.57 23.57 75.44 -41.33 25.7
3 16 75.36 -41.6 25.82 75.36 -43.29 25.25 76.05 -42.57 23.57
3 16 75.52 -40.4 25.8 75.52 -40.43 25.78 76.3 -38.89 24.12
3 16 -72.9 -41.39 32.33 -72.87 -40.81 32.55 -72.92 -40.65 32.5
3 16 -72.9 -41.39 32.33 -72.92 -40.65 32.5 -73.03 -40.59 32.27
3 16 75.1 -41.39 26.64 75.1 -40.59 26.89 75.1 -40.59 26.9
3 16 -73.02 -41.51 32.05 -72.9 -41.39 32.33 -73.03 -40.59 32.27
3 16 75.53 -40.49 25.74 76.33 -38.99 24.01 76.3 -38.89 24.12
3 16 -77.48 -29.28 15.91 -74.51 -24.26 20.37 -74.22 -23.39 20.26
3 16 74.68 -40.67 28.05 74.78 -41.25 27.56 74.76 -40.69 27.83
3 16 75.52 -40.4 25.8 76.3 -38.89 24.12 76.28 -38.81 24.23
3 16 76.05 -42.57 23.57 76.42 -39.26 23.68 75.51 -40.93 25.65
3 16 -72.9 -41.39 32.33 -72.85 -40.89 32.57 -72.87 -40.81 32.55
3 16 76.05 -42.57 23.57 75.51 -40.93 25.65 75.5 -41.03 25.65
3 16 75.53 -40.49 25.74 75.52 -40.78 25.66 76.42 -39.26 23.68
3 16 75.1 -41.39 26.64 75.1 -40.59 26.9 75.1 -40.59 26.92
3 16 74.55 -41.97 27.98 74.08 -41.85 29.31 74.03 -42.25 29.33
3 16 -73.13 -39.73 32.3 -73 -39.76 32.56 -73.33 -38.9 32.09
3 16 75.52 -40.78 25.66 75.51 -40.93 25.65 76.42 -39.26 23.68
3 16 -72.95 -43.82 31.58 -73.03 -42.29 31.81 -73.02 -43.86 31.43
3 16 -75.98 -27.3 18.99 -74.72 -25.68 21.62 -74.72 -25.66 21.56
3 16 71.77 -41.39 34.72 71.69 -41.3 34.93 71.06 -42.22 36
3 16 -72.8 -43.75 31.9 -72.7 -42.04 32.58 -72.77 -42.12 32.42
3 16 -77.48 -29.28 15.91 -75.99 -27.33 18.97 -76.01 -27.35 18.93
3 16 71.77 -41.39 34.72 71.06 -42.22 36 71.71 -42.99 34.41
3 16 -72.51 -40.78 33.34 -72.58 -38 33.93 -72.57 -40.49 33.28
3 16 71.71 -42.99 34.41 72.45 -43.51 32.71 72.41 -41.99 33.2
3 16 -73.45 -38 32.08 -72.58 -38 33.93 -73.46 -38 32.06
3 16 71.71 -42.99 34.41 72.41 -41.99 33.2 72.23 -41.82 33.64
3 16 -72.8 -43.75 31.9 -72.77 -42.12 32.42 -72.85 -43.77 31.81
3 16 72.96 -41.67 32.14 73.44 -41.73 31.1 73.49 -41.41 31.09
3 16 72.59 -38 33.9 73.15 -38.17 32.68 73.16 -38.13 32.67
3 16 -72.8 -43.74 31.91 -72.7 -42.04 32.58 -72.8 -43.75 31.9
3 16 72.59 -40.13 33.33 72.59 -40.06 33.35 72.55 -40.02 33.45
3 16 -72.8 -43.74 31.91 -72.7 -42.03 32.59 -72.7 -42.04 32.58
3 16 -72.78 -43.73 31.96 -72.66 -41.98 32.69 -72.7 -42.03 32.59
3 16 -72.78 -43.73 31.96 -72.7 -42.03 32.59 -72.8 -43.74 31.91
3 16 71.5 -40.81 35.46 70.55 -41.31 37.33 71.06 -42.22 36
3 16 71.5 -40.81 35.46 71.5 -40.46 35.55 70.55 -41.31 37.33
3 16 -72.57 -40.49 33.28 -72.58 -38 33.93 -72.59 -40.43 33.24
3 16 -72.61 -40.4 33.23 -72.58 -38 33.93 -72.65 -40.29 33.17
3 16 -72.59 -40.43 33.24 -72.58 -38 33.93 -72.61 -40.4 33.23
3 16 -75.99 -27.33 18.97 -74.72 -25.68 21.62 -75.98 -27.3 18.99
3 16 -73.22 -38.22 32.51 -72.58 -38 33.93 -73.3 -38.13 32.38
3 16 71.86 -40.31 34.83 71.85 -40.41 34.82 71.86 -40.49 34.77
3 16 -73.3 -38.13 32.38 -72.58 -38 33.93 -73.32 -38.11 32.34
3 16 72.57 -39 33.69 72.57 -39.12 33.64 72.6 -39.21 33.55
3 16 -73.08 -38.49 32.75 -72.58 -38 33.93 -73.15 -38.35 32.63
3 16 -72.68 -40.2 33.12 -72.58 -38 33.93 -73.08 -38.49 32.75
3 16 74.68 -40.67 28.05 74.59 -40.64 28.3 74.55 -41.97 27.98
3 16 -73.15 -38.35 32.63 -72.58 -38 33.93 -73.22 -38.22 32.51
3 16 74.68 -40.67 28.05 74.55 -41.97 27.98 74.78 -41.25 27.56
3 16 -77.48 -29.28 15.91 -74.72 -25.68 21.62 -75.99 -27.33 18.97
3 16 72.59 -38 33.9 73.16 -38.13 32.67 73.2 -38 32.61
3 16 71.06 -42.22 36 71.69 -41.3 34.93 71.68 -41.3 34.93
3 16 70.55 -41.31 37.33 71.5 -40.46 35.55 71.51 -40.37 35.55
3 16 -72.85 -43.77 31.81 -72.77 -42.12 32.42 -72.8 -42.15 32.34
3 16 -73.37 -38.05 32.23 -72.58 -38 33.93 -73.45 -38 32.08
3 16 -72.85 -43.77 31.81 -72.8 -42.15 32.34 -72.87 -43.78 31.77
3 16 72.21 -38.37 34.62 72.21 -38.3 34.63 71.61 -38 35.98
3 16 -73.32 -38.11 32.34 -72.58 -38 33.93 -73.34 -38.09 32.3
3 16 72.6 -39.21 33.55 72.62 -39.27 33.49 72.88 -39.01 33.01
3 16 -73.34 -38.09 32.3 -72.58 -38 33.93 -73.37 -38.05 32.23
3 16 75.18 -41.98 26.22 75.36 -43.29 25.25 75.21 -41.93 26.15
3 16 74.83 -42.29 27.09 74.97 -43.6 26.24 74.91 -42.26 26.86
3 16 -73.13 -43.88 31.19 -73.21 -42.26 31.45 -73.3 -42.19 31.27
3 16 -73.11 -41.54 31.86 -73.07 -41.53 31.93 -73.21 -40.61 31.89
3 16 -73.33 -39.76 31.87 -73.44 -38.77 31.9 -73.62 -38.7 31.54
3 16 75.39 -39.81 26.37 75.52 -38.49 26.46 75.33 -39.76 26.54
3 16 -73.11 -41.54 31.86 -73.21 -40.61 31.89 -73.35 -40.66 31.58
3 16 75.45 -39.97 26.13 76.21 -38.61 24.47 76.03 -38 25.2
3 16 74.83 -42.29 27.09 74.52 -43.87 27.4 74.97 -43.6 26.24
3 16 75.45 -39.97 26.13 76.03 -38 25.2 75.45 -39.97 26.13
3 16 74.44 -40.08 28.94 74.43 -39.92 29.01 73.71 -41.77 30.38
3 16 -73.1 -43.87 31.25 -73.16 -42.28 31.54 -73.21 -42.26 31.45
3 16 -73.1 -43.87 31.25 -73.21 -42.26 31.45 -73.13 -43.88 31.19
3 16 75.23 -40.89 26.43 75.11 -40.59 26.89 75.1 -41.39 26.64
3 16 75.33 -39.76 26.54 75.24 -38.9 27.09 75.24 -39.73 26.8
3 16 75.33 -39.76 26.54 75.52 -38.49 26.46 75.24 -38.9 27.09
3 16 -73.07 -41.53 31.93 -73.16 -40.6 32 -73.21 -40.61 31.89
3 16 74.44 -40.08 28.94 73.71 -41.77 30.38 74.08 -41.85 29.31
3 16 74.81 -41.39 27.45 75.01 -40.61 27.15 74.78 -41.25 27.56
3 16 75.23 -40.89 26.43 75.23 -40.81 26.46 75.11 -40.59 26.89
3 16 74.89 -40.66 27.46 74.78 -41.25 27.56 75.01 -40.61 27.15
3 16 75.21 -39.73 26.89 75.24 -38.9 27.09 75.17 -39.74 27
3 16 -77.48 -29.28 15.91 -74.64 -25.92 22.28 -74.72 -25.68 21.62
3 16 -73.11 -41.54 31.85 -73.11 -41.54 31.86 -73.35 -40.66 31.58
3 16 74.63 -42.18 27.68 74.03 -43.93 28.75 74.52 -43.87 27.4
3 16 75.45 -39.97 26.13 76.03 -38 25.2 75.45 -39.96 26.13
3 16 -73.28 -41.39 31.54 -73.11 -41.54 31.85 -73.35 -40.66 31.58
3 16 75.45 -39.96 26.13 76.03 -38 25.2 75.45 -39.96 26.14
3 16 73.44 -42.46 30.92 73.29 -43.82 30.86 73.3 -43.82 30.83
3 16 74.91 -41.54 27.12 74.91 -41.54 27.1 74.94 -41.53 27.03
3 16 73.44 -42.46 30.92 73.3 -43.82 30.83 73.89 -42.54 29.62
3 16 74.63 -42.18 27.68 74.52 -43.87 27.4 74.64 -42.19 27.65
3 16 74.94 -38.13 28.19 73.91 -38 31.11 74.19 -38.32 30.23
3 16 -73.42 -39.8 31.67 -73.33 -39.76 31.87 -73.62 -38.7 31.54
3 16 75.24 -39.73 26.8 75.24 -38.9 27.09 75.21 -39.73 26.89
3 16 74.43 -39.67 29.09 73.71 -41.77 30.38 74.43 -39.79 29.06
3 16 74.43 -39.67 29.09 74.19 -38.32 30.23 73.71 -41.77 30.38
3 16 -73.13 -43.88 31.19 -73.3 -42.19 31.27 -73.18 -43.88 31.07
3 16 74.91 -42.26 26.86 74.97 -43.6 26.24 75.03 -42.15 26.56
3 16 75.21 -41.93 26.15 75.36 -43.29 25.25 75.36 -41.6 25.82
3 16 74.94 -38.13 28.19 75.05 -38.04 27.92 73.91 -38 31.11
3 16 74.43 -39.92 29.01 74.43 -39.79 29.06 73.71 -41.77 30.38
3 16 75.45 -39.96 26.14 75.52 -38.49 26.46 75.44 -39.91 26.19
3 16 75.45 -39.96 26.14 76.03 -38 25.2 75.52 -38.49 26.46
3 16 -73.06 -43.87 31.33 -73.1 -42.3 31.67 -73.16 -42.28 31.56
3 16 -73.02 -41.51 32.05 -73.09 -40.59 32.15 -73.09 -40.59 32.15
3 16 74.55 -41.97 27.98 74.03 -42.25 29.33 73.99 -42.56 29.34
3 16 74.91 -41.54 27.12 75.01 -40.61 27.15 74.81 -41.39 27.45
3 16 74.91 -41.54 27.12 74.94 -41.53 27.03 75.01 -40.61 27.15
3 16 -73.02 -41.51 32.05 -73.1 -40.59 32.13 -73.1 -40.59 32.12
3 16 74.76 -40.69 27.83 74.78 -41.25 27.56 74.76 -40.69 27.82
3 16 -73.02 -41.51 32.05 -73.09 -40.59 32.15 -73.1 -40.59 32.13
3 16 74.59 -42.1 27.81 74.57 -42.05 27.89 73.99 -42.56 29.34
3 16 75.49 -41.08 25.66 76.05 -42.57 23.57 75.5 -41.03 25.65
3 16 -73.02 -43.86 31.43 -73.1 -42.3 31.67 -73.06 -43.87 31.33
3 16 -73.02 -43.86 31.43 -73.03 -42.29 31.81 -73.1 -42.3 31.67
3 16 75.44 -41.33 25.7 76.05 -42.57 23.57 75.49 -41.08 25.66
3 16 75.52 -40.43 25.78 75.53 -40.49 25.74 76.3 -38.89 24.12
3 16 -73.02 -41.51 32.05 -73.03 -40.59 32.27 -73.09 -40.59 32.15
3 16 -73.22 -39.74 32.1 -73.17 -39.73 32.22 -73.33 -38.9 32.09
3 16 74.59 -42.1 27.81 73.99 -42.56 29.34 74.03 -43.93 28.75
3 16 -73.04 -43.87 31.37 -73.02 -43.86 31.43 -73.06 -43.87 31.33
3 16 -73.17 -39.73 32.22 -73.13 -39.73 32.3 -73.33 -38.9 32.09
3 16 73.89 -42.54 29.62 73.3 -43.82 30.83 73.83 -43.95 29.3
3 16 75.14 -42.03 26.31 75.36 -43.29 25.25 75.18 -41.98 26.22
3 16 73.89 -42.54 29.62 73.83 -43.95 29.3 73.99 -42.56 29.34
3 16 75.51 -40.29 25.87 75.52 -40.4 25.8 76.28 -38.81 24.23
3 16 -73.09 -43.87 31.26 -73.16 -42.28 31.56 -73.16 -42.28 31.54
3 16 -73.33 -39.76 31.87 -73.25 -39.75 32.04 -73.44 -38.77 31.9
3 16 -73.09 -43.87 31.26 -73.16 -42.28 31.54 -73.1 -43.87 31.25
3 16 -73.07 -41.53 31.93 -73.02 -41.51 32.05 -73.16 -40.6 32
3 16 74.03 -43.93 28.75 73.99 -42.56 29.34 73.83 -43.95 29.3
3 16 75.43 -39.91 26.2 75.52 -38.49 26.46 75.39 -39.81 26.37
3 16 -73.25 -39.75 32.04 -73.33 -38.9 32.09 -73.44 -38.77 31.9
3 16 75.13 -42.04 26.33 74.97 -43.6 26.24 75.36 -43.29 25.25
3 16 75.44 -39.91 26.19 75.52 -38.49 26.46 75.43 -39.91 26.2
3 16 75.13 -42.04 26.33 75.36 -43.29 25.25 75.14 -42.03 26.31
3 16 -73.02 -41.51 32.05 -73.1 -40.59 32.12 -73.16 -40.6 32
3 16 74.57 -42.05 27.89 74.55 -41.97 27.98 73.99 -42.56 29.34
3 16 75.51 -40.29 25.87 76.28 -38.81 24.23 76.25 -38.72 24.33
3 16 -73.25 -39.75 32.04 -73.22 -39.74 32.1 -73.33 -38.9 32.09
3 16 74.76 -40.69 27.82 74.78 -41.25 27.56 74.89 -40.66 27.46
3 16 -73.06 -43.87 31.33 -73.16 -42.28 31.56 -73.09 -43.87 31.26
3 16 75.1 -41.39 26.64 75.11 -40.59 26.89 75.1 -40.59 26.89
3 16 -72.65 -40.29 33.17 -72.58 -38 33.93 -72.68 -40.22 33.13
3 16 -68.85 -21.27 32.77 -70.33 -21.27 29.63 -71.05 -23.45 29.93
3 16 72.59 -38 33.9 73.12 -38.27 32.72 73.13 -38.22 32.7
3 16 72.59 -40.13 33.33 72.55 -40.02 33.45 72.55 -40.02 33.45
3 16 -72.78 -37.48 33.35 -73.91 -38 31.11 -73.61 -37.97 31.73
3 16 72.57 -38.45 33.82 72.57 -38.5 33.81 72.98 -38.69 32.89
3 16 72.28 -39.81 34.06 72.04 -40.8 34.32 72.32 -39.85 33.97
3 16 72.59 -40.13 33.33 72.55 -40.02 33.45 72.53 -40.01 33.49
3 16 -72.11 -37.67 34.84 -71.42 -36.87 36.07 -71.41 -35.89 35.84
3 16 71.53 -40.2 35.55 71.58 -39.97 35.51 71.01 -39.07 36.95
3 16 -70.28 -40.67 38.07 -70.55 -38 38.21 -70.82 -39.86 37.14
3 16 -75.71 -26.61 19.01 -74.7 -25.05 20.79 -75.71 -26.6 19
3 16 72.28 -39.81 34.06 72.03 -40.79 34.34 72.04 -40.8 34.32
3 16 -70.08 -33.34 37.96 -69.67 -29.28 37.74 -72.1 -29.28 32.59
3 16 -75.49 -28.97 23.4 -77.48 -29.28 15.91 -77.68 -33.73 17.22
3 16 70.93 -39.14 37.11 71.51 -40.37 35.55 71.53 -40.23 35.55
3 16 -72.53 -43.6 32.53 -72.48 -41.33 33.25 -72.7 -43.69 32.14
3 16 72.59 -40.13 33.33 72.53 -40.01 33.49 72.26 -41.01 33.8
3 16 71.95 -40.72 34.52 71.99 -39.89 34.66 71.91 -40.64 34.62
3 16 73.49 -41.41 31.09 73.69 -40.04 31.02 72.89 -40.31 32.64
3 16 -71.06 -42.21 36 -70.59 -41.26 37.27 -70.82 -39.86 37.14
3 16 72.32 -39.85 33.97 72.04 -40.8 34.32 72.1 -40.86 34.17
3 16 72.88 -39.01 33.01 72.56 -38.94 33.71 72.57 -39 33.69
3 16 72.57 -38.5 33.81 72.57 -38.51 33.81 72.98 -38.69 32.89
3 16 72.89 -40.31 32.64 73.69 -40.04 31.02 73.29 -38.92 32.19
3 16 71.86 -40.31 34.83 71.91 -40.64 34.62 71.99 -39.89 34.66
3 16 -71.41 -35.89 35.84 -71.05 -35.46 36.47 -73.52 -34.36 30.95
3 16 -73.53 -37.98 31.91 -72.78 -37.48 33.35 -73.61 -37.97 31.73
3 16 -70.55 -38 38.21 -69.15 -38 40.56 -70.23 -34.82 38.04
3 16 71.86 -40.49 34.77 71.87 -40.57 34.73 71.91 -40.64 34.62
3 16 73.49 -41.41 31.09 72.89 -40.31 32.64 72.96 -41.67 32.14
3 16 71.86 -40.31 34.83 71.86 -40.49 34.77 71.91 -40.64 34.62
3 16 70.55 -41.31 37.33 71.51 -40.37 35.55 70.93 -39.14 37.11
3 16 -72.11 -37.67 34.84 -71.41 -35.89 35.84 -73.52 -34.36 30.95
3 16 72.59 -38 33.9 73.1 -38.31 32.73 73.11 -38.3 32.73
3 16 -72.78 -37.48 33.35 -72.4 -37.03 34.05 -73.52 -34.36 30.95
3 16 72.15 -40.9 34.06 72.46 -39.95 33.67 72.42 -39.92 33.75
3 16 71.53 -40.23 35.55 71.01 -39.07 36.95 70.93 -39.14 37.11
3 16 71.38 -38.55 36.32 71.27 -38.74 36.49 71.73 -39.52 35.32
3 16 -73.91 -38 31.11 -72.78 -37.48 33.35 -73.52 -34.36 30.95
3 16 71.53 -40.23 35.55 71.53 -40.2 35.55 71.01 -39.07 36.95
3 16 72.59 -38 33.9 73.11 -38.3 32.73 73.12 -38.27 32.72
3 16 -71.81 -43 34.21 -71.1 -40.29 36.43 -71.93 -43.12 33.92
3 16 -77.48 -29.28 15.91 -76.01 -27.35 18.93 -76.08 -27.42 18.74
3 16 71.99 -39.89 34.66 71.98 -40.74 34.46 72.25 -39.79 34.15
3 16 71.58 -39.97 35.51 71.16 -38.92 36.69 71.01 -39.07 36.95
3 16 -71.93 -43.12 33.92 -71.1 -40.29 36.43 -72.48 -41.33 33.25
3 16 71.99 -39.89 34.66 71.95 -40.72 34.52 71.98 -40.74 34.46
3 16 72.58 -38.38 33.83 72.57 -38.44 33.82 72.98 -38.69 32.89
3 16 -75.91 -27.19 19.09 -74.74 -25.62 21.46 -75.89 -27.15 19.12
3 16 72.58 -38.38 33.83 72.98 -38.69 32.89 73.1 -38.31 32.74
3 16 -70.59 -41.26 37.27 -70.28 -40.67 38.07 -70.82 -39.86 37.14
3 16 -72.4 -37.03 34.05 -72.11 -37.67 34.84 -73.52 -34.36 30.95
3 16 -75.98 -27.3 18.99 -74.74 -25.62 21.46 -75.91 -27.19 19.09
3 16 73.1 -38.31 32.74 72.58 -38.29 33.85 72.58 -38.38 33.83
3 16 71.95 -40.72 34.52 71.96 -40.72 34.51 71.96 -40.72 34.51
3 16 71.98 -39.16 34.88 72.19 -38.66 34.58 72.19 -38.66 34.58
3 16 -73.46 -38 32.06 -72.58 -38 33.93 -72.78 -37.48 33.35
3 16 -72.1 -43.29 33.52 -71.93 -43.12 33.92 -72.48 -41.33 33.25
3 16 71.99 -40.76 34.43 72.25 -39.79 34.15 71.98 -40.74 34.46
3 16 72.03 -40.79 34.34 72.28 -39.81 34.06 72.03 -40.79 34.35
3 16 71.98 -40.74 34.46 71.95 -40.72 34.52 71.96 -40.72 34.51
3 16 72.58 -38.23 33.86 72.58 -38.29 33.85 73.1 -38.31 32.74
3 16 72.57 -38.44 33.82 72.57 -38.45 33.82 72.98 -38.69 32.89
3 16 -72.53 -43.6 32.53 -72.1 -43.29 33.52 -72.48 -41.33 33.25
3 16 -70.82 -39.86 37.14 -70.55 -38 38.21 -71.19 -38 36.86
3 16 -75.98 -40.72 24.41 -75.62 -41.07 25.3 -76.01 -39.71 24.65
3 16 -75.75 -26.78 19.11 -74.7 -25.05 20.79 -75.71 -26.61 19.01
3 16 -72.49 -40.93 33.33 -71.1 -40.29 36.43 -72.51 -40.78 33.34
3 16 -72.48 -41.03 33.32 -71.1 -40.29 36.43 -72.49 -40.93 33.33
3 16 -72.76 -43.72 32 -72.66 -41.98 32.69 -72.78 -43.73 31.96
3 16 -75.62 -41.07 25.3 -75.61 -41.07 25.3 -76.01 -39.71 24.65
3 16 -68.99 -37.71 40.75 -68.62 -35.06 40.78 -70.23 -34.82 38.04
3 16 -75.81 -26.97 19.15 -74.7 -25.05 20.79 -75.75 -26.78 19.11
3 16 73.41 -38.49 32.04 73.29 -38.92 32.19 73.69 -40.04 31.02
3 16 -72.51 -40.78 33.34 -71.1 -40.29 36.43 -72.58 -38 33.93
3 16 -72.76 -43.72 32 -72.63 -41.93 32.76 -72.66 -41.98 32.69
3 16 71.44 -38.44 36.23 71.81 -39.36 35.19 71.89 -39.24 35.04
3 16 -69.15 -38 40.56 -68.99 -37.71 40.75 -70.23 -34.82 38.04
3 16 72.57 -38.51 33.81 72.57 -38.52 33.81 72.98 -38.69 32.89
3 16 -71.19 -38 36.86 -70.23 -34.82 38.04 -71.05 -35.46 36.47
3 16 71.68 -39.66 35.38 71.73 -39.52 35.32 71.27 -38.74 36.49
3 16 72.15 -40.9 34.06 72.36 -39.87 33.9 72.11 -40.86 34.15
3 16 -72.48 -41.33 33.25 -71.1 -40.29 36.43 -72.48 -41.08 33.31
3 16 -72.68 -40.22 33.13 -72.58 -38 33.93 -72.68 -40.2 33.12
3 16 -72.48 -41.08 33.31 -71.1 -40.29 36.43 -72.48 -41.03 33.32
3 16 -71.19 -38 36.86 -70.55 -38 38.21 -70.23 -34.82 38.04
3 16 -75.98 -40.72 24.41 -76.09 -39.79 24.42 -76.01 -40.67 24.34
3 16 71.61 -38 35.98 71.44 -38.44 36.23 71.89 -39.24 35.04
3 16 72.26 -41.01 33.8 72.46 -39.95 33.67 72.15 -40.9 34.06
3 16 -75.98 -27.3 18.99 -74.72 -25.66 21.56 -74.74 -25.62 21.46
3 16 72.41 -41.99 33.2 72.45 -43.51 32.71 72.85 -42.37 32.18
3 16 72.59 -38 33.9 73.1 -38.31 32.74 73.1 -38.31 32.73
3 16 72.59 -38 33.9 72.58 -38.23 33.86 73.1 -38.31 32.74
3 16 -71.05 -35.46 36.47 -70.23 -34.82 38.04 -73.52 -34.36 30.95
3 16 72.57 -38.52 33.81 72.56 -38.72 33.77 72.98 -38.69 32.89
3 16 72.88 -39.01 33.01 72.57 -39 33.69 72.6 -39.21 33.55
3 16 72.26 -41.01 33.8 72.53 -40.01 33.49 72.46 -39.95 33.67
3 16 -75.89 -27.15 19.12 -74.74 -25.62 21.46 -74.7 -25.05 20.79
3 16 73.41 -38.49 32.04 73.69 -40.04 31.02 73.91 -38 31.11
3 16 72.56 -38.72 33.77 72.91 -38.92 32.98 72.98 -38.69 32.89
3 16 72.96 -41.67 32.14 72.89 -40.31 32.64 72.41 -41.99 33.2
3 16 -73.46 -38 32.06 -72.78 -37.48 33.35 -73.53 -37.98 31.91
3 16 71.58 -39.97 35.51 71.68 -39.66 35.38 71.27 -38.74 36.49
3 16 -72.7 -43.69 32.14 -72.51 -41.6 33.1 -72.7 -43.69 32.13
3 16 71.58 -39.97 35.51 71.27 -38.74 36.49 71.16 -38.92 36.69
3 16 72.03 -40.79 34.35 72.25 -39.79 34.15 71.99 -40.76 34.43
3 16 -76.01 -39.71 24.65 -75.61 -41.07 25.3 -75.58 -40.08 25.73
3 16 72.03 -40.79 34.35 72.28 -39.81 34.06 72.25 -39.79 34.15
3 16 72.88 -39.01 33.01 72.91 -38.92 32.98 72.56 -38.94 33.71
3 16 -68.16 -21.27 34.22 -67.14 -21.27 36.39 -67.01 -19.65 34.26
3 16 72.32 -39.85 33.97 72.1 -40.86 34.17 72.35 -39.86 33.91
3 16 72.96 -41.67 32.14 72.41 -41.99 33.2 72.85 -42.37 32.18
3 16 70.48 -41.17 37.51 70.84 -39.18 37.3 70.28 -40.71 38.06
3 16 -72.7 -43.69 32.14 -72.48 -41.33 33.25 -72.51 -41.6 33.1
3 16 -73.61 -37.97 31.73 -73.91 -38 31.11 -73.7 -37.99 31.55
3 16 -67.01 -19.65 34.26 -70.33 -21.27 29.63 -68.85 -21.27 32.77
3 16 -72.7 -43.69 32.13 -72.63 -41.93 32.76 -72.76 -43.72 32
3 16 -71.06 -42.21 36 -70.82 -39.86 37.14 -71.81 -43 34.21
3 16 71.44 -38.44 36.23 71.73 -39.52 35.32 71.81 -39.36 35.19
3 16 72.15 -40.9 34.06 72.42 -39.92 33.75 72.36 -39.87 33.9
3 16 -73.7 -37.99 31.55 -73.91 -38 31.11 -73.72 -38 31.52
3 16 72.59 -38 33.9 73.13 -38.22 32.7 73.15 -38.17 32.68
3 16 -71.81 -43 34.21 -70.82 -39.86 37.14 -71.1 -40.29 36.43
3 16 72.35 -39.86 33.91 72.1 -40.86 34.17 72.11 -40.86 34.15
3 16 72.56 -38.72 33.77 72.56 -38.94 33.71 72.91 -38.92 32.98
3 16 -71.38 -42.57 35.23 -71.06 -42.21 36 -71.81 -43 34.21
3 16 -72.7 -43.69 32.13 -72.51 -41.6 33.1 -72.63 -41.93 32.76
3 16 71.44 -38.44 36.23 71.38 -38.55 36.32 71.73 -39.52 35.32
3 16 72.35 -39.86 33.91 72.11 -40.86 34.15 72.36 -39.87 33.9
4 16 -73.92 -38.15 31.04 -75.24 -38.09 27.38 -73.95 -38.2 30.93 -73.95 -38.19 30.94
0
