0 Etiqueta Ref. 270 Comet (right)
0 Name: cometr.dat
0 Author: cpcbegin
0 BFC CERTIFY CW
4 0 75.971 20.182 0 44.316 20.182 0 44.316 19.636 0 75.971 19.636 0
4 0 37.698 20.182 0 36.834 20.182 0 36.834 19.636 0 37.698 19.636 0
4 0 75.971 19.636 0 43.166 19.636 0 43.166 19.091 0 75.971 19.091 0
4 0 39.137 19.636 0 35.684 19.636 0 35.684 19.091 0 39.137 19.091 0
4 0 30.791 19.636 0 29.065 19.636 0 29.065 19.091 0 30.791 19.091 0
4 0 24.748 19.636 0 23.022 19.636 0 23.022 19.091 0 24.748 19.091 0
4 0 20.719 19.636 0 15.54 19.636 0 15.54 19.091 0 20.719 19.091 0
4 0 12.662 19.636 0 5.18 19.636 0 5.18 19.091 0 12.662 19.091 0
4 16 75.396 19.091 0 49.209 19.091 0 49.209 18.546 0 75.396 18.546 0
4 0 49.209 19.091 0 47.482 19.091 0 47.482 18.546 0 49.209 18.546 0
4 15 47.482 19.091 0 44.316 19.091 0 44.316 18.546 0 47.482 18.546 0
4 0 44.316 19.091 0 42.878 19.091 0 42.878 18.546 0 44.316 18.546 0
4 0 39.712 19.091 0 34.82 19.091 0 34.82 18.546 0 39.712 18.546 0
4 0 31.655 19.091 0 28.201 19.091 0 28.201 18.546 0 31.655 18.546 0
4 0 25.611 19.091 0 22.158 19.091 0 22.158 18.546 0 25.611 18.546 0
4 0 21.295 19.091 0 14.389 19.091 0 14.389 18.546 0 21.295 18.546 0
4 0 13.237 19.091 0 4.029 19.091 0 4.029 18.546 0 13.237 18.546 0
4 16 75.396 18.546 0 49.784 18.546 0 49.784 18 0 75.396 18 0
4 0 49.784 18.546 0 48.633 18.546 0 48.633 18 0 49.784 18 0
4 15 48.633 18.546 0 43.741 18.546 0 43.741 18 0 48.633 18 0
4 0 43.741 18.546 0 42.878 18.546 0 42.878 18 0 43.741 18 0
4 0 40.575 18.546 0 39.425 18.546 0 39.425 18 0 40.575 18 0
4 15 39.425 18.546 0 35.684 18.546 0 35.684 18 0 39.425 18 0
4 0 35.684 18.546 0 34.245 18.546 0 34.245 18 0 35.684 18 0
4 0 31.655 18.546 0 31.079 18.546 0 31.079 18 0 31.655 18 0
4 15 31.079 18.546 0 29.065 18.546 0 29.065 18 0 31.079 18 0
4 0 29.065 18.546 0 27.914 18.546 0 27.914 18 0 29.065 18 0
4 0 25.899 18.546 0 25.036 18.546 0 25.036 18 0 25.899 18 0
4 15 25.036 18.546 0 23.309 18.546 0 23.309 18 0 25.036 18 0
4 0 23.309 18.546 0 22.158 18.546 0 22.158 18 0 23.309 18 0
4 0 21.583 18.546 0 20.719 18.546 0 20.719 18 0 21.583 18 0
4 15 20.719 18.546 0 15.54 18.546 0 15.54 18 0 20.719 18 0
4 0 15.54 18.546 0 14.389 18.546 0 14.389 18 0 15.54 18 0
4 0 13.525 18.546 0 12.374 18.546 0 12.374 18 0 13.525 18 0
4 15 12.374 18.546 0 5.18 18.546 0 5.18 18 0 12.374 18 0
4 0 5.18 18.546 0 4.029 18.546 0 4.029 18 0 5.18 18 0
4 16 75.396 18 0 50.072 18 0 50.072 17.454 0 75.396 17.454 0
4 0 50.072 18 0 49.209 18 0 49.209 17.454 0 50.072 17.454 0
4 15 49.209 18 0 43.741 18 0 43.741 17.454 0 49.209 17.454 0
4 0 43.741 18 0 43.166 18 0 43.166 17.454 0 43.741 17.454 0
4 0 40.863 18 0 40 18 0 40 17.454 0 40.863 17.454 0
4 15 40 18 0 35.108 18 0 35.108 17.454 0 40 17.454 0
4 0 35.108 18 0 33.957 18 0 33.957 17.454 0 35.108 17.454 0
4 0 31.655 18 0 31.367 18 0 31.367 17.454 0 31.655 17.454 0
4 0 25.899 18 0 25.324 18 0 25.324 17.454 0 25.899 17.454 0
4 15 25.324 18 0 23.022 18 0 23.022 17.454 0 25.324 17.454 0
4 0 23.022 18 0 22.158 18 0 22.158 17.454 0 23.022 17.454 0
4 0 21.583 18 0 21.007 18 0 21.007 17.454 0 21.583 17.454 0
4 15 21.007 18 0 15.252 18 0 15.252 17.454 0 21.007 17.454 0
4 0 13.525 18 0 12.95 18 0 12.95 17.454 0 13.525 17.454 0
4 15 12.95 18 0 4.892 18 0 4.892 17.454 0 12.95 17.454 0
4 0 4.892 18 0 4.317 18 0 4.317 17.454 0 4.892 17.454 0
4 16 75.396 17.454 0 50.647 17.454 0 50.647 16.909 0 75.396 16.909 0
4 0 50.647 17.454 0 49.496 17.454 0 49.496 16.909 0 50.647 16.909 0
4 15 49.496 17.454 0 47.482 17.454 0 47.482 16.909 0 49.496 16.909 0
4 0 47.482 17.454 0 44.604 17.454 0 44.604 16.909 0 47.482 16.909 0
4 15 44.604 17.454 0 44.316 17.454 0 44.316 16.909 0 44.604 16.909 0
4 0 44.316 17.454 0 43.166 17.454 0 43.166 16.909 0 44.316 16.909 0
4 0 41.439 17.454 0 40.575 17.454 0 40.575 16.909 0 41.439 16.909 0
4 15 40.575 17.454 0 34.82 17.454 0 34.82 16.909 0 40.575 16.909 0
4 0 34.82 17.454 0 33.669 17.454 0 33.669 16.909 0 34.82 16.909 0
4 15 31.367 18 0 28.777 18 0 28.777 16.909 0 31.367 16.909 0
4 0 28.777 18 0 27.626 18 0 27.626 16.909 0 28.777 16.909 0
4 0 26.187 17.454 0 25.611 17.454 0 25.611 16.909 0 26.187 16.909 0
4 15 25.611 17.454 0 23.309 17.454 0 23.309 16.909 0 25.611 16.909 0
4 15 21.295 17.454 0 15.252 17.454 0 15.252 16.909 0 21.295 16.909 0
4 0 15.252 18 0 14.389 18 0 14.389 16.909 0 15.252 16.909 0
4 0 14.101 17.454 0 12.95 17.454 0 12.95 16.909 0 14.101 16.909 0
4 15 12.95 17.454 0 5.18 17.454 0 5.18 16.909 0 12.95 16.909 0
4 0 5.18 17.454 0 4.317 17.454 0 4.317 16.909 0 5.18 16.909 0
4 16 75.396 16.909 0 50.935 16.909 0 50.935 16.364 0 75.396 16.364 0
4 0 50.935 16.909 0 50.072 16.909 0 50.072 16.364 0 50.935 16.364 0
4 15 50.072 16.909 0 47.77 16.909 0 47.77 16.364 0 50.072 16.364 0
4 0 47.77 16.909 0 46.331 16.909 0 46.331 16.364 0 47.77 16.364 0
4 0 45.18 16.909 0 43.166 16.909 0 43.166 16.364 0 45.18 16.364 0
4 0 41.727 16.909 0 41.151 16.909 0 41.151 16.364 0 41.727 16.364 0
4 15 41.151 16.909 0 38.849 16.909 0 38.849 16.364 0 41.151 16.364 0
4 0 38.849 16.909 0 36.834 16.909 0 36.834 16.364 0 38.849 16.364 0
4 15 36.834 16.909 0 34.532 16.909 0 34.532 16.364 0 36.834 16.364 0
4 0 34.532 16.909 0 33.381 16.909 0 33.381 16.364 0 34.532 16.364 0
4 0 31.942 17.454 0 31.367 17.454 0 31.367 16.364 0 31.942 16.364 0
4 0 26.475 16.909 0 25.899 16.909 0 25.899 16.364 0 26.475 16.364 0
4 15 25.899 16.909 0 23.309 16.909 0 23.309 16.364 0 25.899 16.364 0
4 15 21.295 16.909 0 18.993 16.909 0 18.993 16.364 0 21.295 16.364 0
4 0 18.993 16.909 0 14.389 16.909 0 14.389 16.364 0 18.993 16.364 0
4 0 14.101 16.909 0 10.072 16.909 0 10.072 16.364 0 14.101 16.364 0
4 15 10.072 16.909 0 7.77 16.909 0 7.77 16.364 0 10.072 16.364 0
4 0 7.77 16.909 0 4.317 16.909 0 4.317 16.364 0 7.77 16.364 0
4 16 75.396 16.364 0 51.223 16.364 0 51.223 15.818 0 75.396 15.818 0
4 0 51.223 16.364 0 50.36 16.364 0 50.36 15.818 0 51.223 15.818 0
4 15 50.36 16.364 0 48.058 16.364 0 48.058 15.818 0 50.36 15.818 0
4 0 48.058 16.364 0 46.907 16.364 0 46.907 15.818 0 48.058 15.818 0
4 0 44.604 16.364 0 43.453 16.364 0 43.453 15.818 0 44.604 15.818 0
4 0 42.014 16.364 0 41.439 16.364 0 41.439 15.818 0 42.014 15.818 0
4 15 41.439 16.364 0 39.137 16.364 0 39.137 15.818 0 41.439 15.818 0
4 0 39.137 16.364 0 36.547 16.364 0 36.547 15.818 0 39.137 15.818 0
4 0 32.23 16.364 0 31.367 16.364 0 31.367 15.818 0 32.23 15.818 0
4 15 31.367 16.909 0 28.489 16.909 0 28.489 15.818 0 31.367 15.818 0
4 0 28.489 16.909 0 27.626 16.909 0 27.626 15.818 0 28.489 15.818 0
4 0 26.763 16.364 0 26.187 16.364 0 26.187 15.818 0 26.763 15.818 0
4 15 26.187 16.364 0 23.309 16.364 0 23.309 15.818 0 26.187 15.818 0
4 0 19.281 16.364 0 14.389 16.364 0 14.389 15.818 0 19.281 15.818 0
4 0 13.525 16.364 0 10.072 16.364 0 10.072 15.818 0 13.525 15.818 0
4 0 8.058 16.364 0 4.604 16.364 0 4.604 15.818 0 8.058 15.818 0
4 0 75.971 19.091 0 75.396 19.091 0 75.396 15.273 0 75.971 15.273 0
4 16 75.396 15.818 0 51.511 15.818 0 51.511 15.273 0 75.396 15.273 0
4 0 51.511 15.818 0 50.647 15.818 0 50.647 15.273 0 51.511 15.273 0
4 15 50.647 15.818 0 48.345 15.818 0 48.345 15.273 0 50.647 15.273 0
4 0 48.345 15.818 0 47.194 15.818 0 47.194 15.273 0 48.345 15.273 0
4 0 44.029 15.818 0 43.453 15.818 0 43.453 15.273 0 44.029 15.273 0
4 0 42.302 15.818 0 41.727 15.818 0 41.727 15.273 0 42.302 15.273 0
4 15 41.727 15.818 0 39.425 15.818 0 39.425 15.273 0 41.727 15.273 0
4 0 39.425 15.818 0 38.561 15.818 0 38.561 15.273 0 39.425 15.273 0
4 0 37.122 15.818 0 36.547 15.818 0 36.547 15.273 0 37.122 15.273 0
4 15 36.547 16.364 0 34.245 16.364 0 34.245 15.273 0 36.547 15.273 0
4 0 34.245 16.364 0 33.381 16.364 0 33.381 15.273 0 34.245 15.273 0
4 0 28.489 15.818 0 27.338 15.818 0 27.338 15.273 0 28.489 15.273 0
4 0 27.05 15.818 0 26.475 15.818 0 26.475 15.273 0 27.05 15.273 0
4 15 26.475 15.818 0 23.309 15.818 0 23.309 15.273 0 26.475 15.273 0
4 0 23.309 17.454 0 22.446 17.454 0 22.446 15.273 0 23.309 15.273 0
4 0 21.87 17.454 0 21.295 17.454 0 21.295 15.273 0 21.87 15.273 0
4 15 21.295 16.364 0 19.281 16.364 0 19.281 15.273 0 21.295 15.273 0
4 0 19.281 15.818 0 18.417 15.818 0 18.417 15.273 0 19.281 15.273 0
4 0 11.223 15.818 0 10.072 15.818 0 10.072 15.273 0 11.223 15.273 0
4 0 8.058 15.818 0 6.906 15.818 0 6.906 15.273 0 8.058 15.273 0
4 0 75.971 15.273 0 50.647 15.273 0 50.647 14.727 0 75.971 14.727 0
4 15 50.647 15.273 0 48.633 15.273 0 48.633 14.727 0 50.647 14.727 0
4 0 48.633 15.273 0 47.77 15.273 0 47.77 14.727 0 48.633 14.727 0
4 0 42.59 15.273 0 41.727 15.273 0 41.727 14.727 0 42.59 14.727 0
4 15 41.727 15.273 0 39.712 15.273 0 39.712 14.727 0 41.727 14.727 0
4 0 39.712 15.273 0 38.849 15.273 0 38.849 14.727 0 39.712 14.727 0
4 0 32.23 15.818 0 31.655 15.818 0 31.655 14.727 0 32.23 14.727 0
4 15 31.655 15.818 0 28.489 15.818 0 28.489 14.727 0 31.655 14.727 0
4 0 28.489 15.273 0 26.475 15.273 0 26.475 14.727 0 28.489 14.727 0
4 15 26.475 15.273 0 23.597 15.273 0 23.597 14.727 0 26.475 14.727 0
4 0 21.87 15.273 0 21.583 15.273 0 21.583 14.727 0 21.87 14.727 0
4 0 10.648 15.273 0 10.072 15.273 0 10.072 14.727 0 10.648 14.727 0
4 15 10.072 16.364 0 8.058 16.364 0 8.058 14.727 0 10.072 14.727 0
4 0 8.058 15.273 0 7.482 15.273 0 7.482 14.727 0 8.058 14.727 0
4 0 75.971 14.727 0 50.935 14.727 0 50.935 14.182 0 75.971 14.182 0
4 15 50.935 14.727 0 48.921 14.727 0 48.921 14.182 0 50.935 14.182 0
4 0 48.921 14.727 0 47.77 14.727 0 47.77 14.182 0 48.921 14.182 0
4 0 42.878 14.727 0 42.014 14.727 0 42.014 14.182 0 42.878 14.182 0
4 15 42.014 14.727 0 39.712 14.727 0 39.712 14.182 0 42.014 14.182 0
4 0 39.712 14.727 0 39.137 14.727 0 39.137 14.182 0 39.712 14.182 0
4 15 31.655 14.727 0 28.201 14.727 0 28.201 14.182 0 31.655 14.182 0
4 0 28.201 14.727 0 26.763 14.727 0 26.763 14.182 0 28.201 14.182 0
4 15 26.763 14.727 0 23.597 14.727 0 23.597 14.182 0 26.763 14.182 0
4 15 21.583 15.273 0 19.281 15.273 0 19.281 14.182 0 21.583 14.182 0
4 0 19.281 15.273 0 18.705 15.273 0 18.705 14.182 0 19.281 14.182 0
4 0 52.086 14.182 0 51.223 14.182 0 51.223 13.636 0 52.086 13.636 0
4 15 51.223 14.182 0 48.921 14.182 0 48.921 13.636 0 51.223 13.636 0
4 0 48.921 14.182 0 48.058 14.182 0 48.058 13.636 0 48.921 13.636 0
4 0 42.878 14.182 0 42.302 14.182 0 42.302 13.636 0 42.878 13.636 0
4 15 42.302 14.182 0 40 14.182 0 40 13.636 0 42.302 13.636 0
4 0 40 14.182 0 39.425 14.182 0 39.425 13.636 0 40 13.636 0
4 0 32.518 14.727 0 31.655 14.727 0 31.655 13.636 0 32.518 13.636 0
4 15 31.655 14.182 0 30.791 14.182 0 30.791 13.636 0 31.655 13.636 0
4 0 30.791 14.182 0 30.504 14.182 0 30.504 13.636 0 30.791 13.636 0
4 0 27.914 14.182 0 27.05 14.182 0 27.05 13.636 0 27.914 13.636 0
4 15 27.05 14.182 0 25.899 14.182 0 25.899 13.636 0 27.05 13.636 0
4 0 25.899 14.182 0 25.611 14.182 0 25.611 13.636 0 25.899 13.636 0
4 15 25.611 14.182 0 23.597 14.182 0 23.597 13.636 0 25.611 13.636 0
4 0 23.597 15.273 0 22.734 15.273 0 22.734 13.636 0 23.597 13.636 0
4 0 19.568 14.182 0 18.705 14.182 0 18.705 13.636 0 19.568 13.636 0
4 0 8.345 14.727 0 7.482 14.727 0 7.482 13.636 0 8.345 13.636 0
4 15 75.396 14.182 0 52.086 14.182 0 52.086 13.091 0 75.396 13.091 0
4 0 43.166 13.636 0 42.59 13.636 0 42.59 13.091 0 43.166 13.091 0
4 0 40.288 13.636 0 39.425 13.636 0 39.425 13.091 0 40.288 13.091 0
4 0 36.834 15.273 0 36.259 15.273 0 36.259 13.091 0 36.834 13.091 0
4 15 36.259 15.273 0 33.957 15.273 0 33.957 13.091 0 36.259 13.091 0
4 15 30.504 14.182 0 27.914 14.182 0 27.914 13.091 0 30.504 13.091 0
4 0 27.914 13.636 0 27.338 13.636 0 27.338 13.091 0 27.914 13.091 0
4 15 27.338 13.636 0 26.187 13.636 0 26.187 13.091 0 27.338 13.091 0
4 0 26.187 13.636 0 25.611 13.636 0 25.611 13.091 0 26.187 13.091 0
4 0 22.158 14.727 0 21.583 14.727 0 21.583 13.091 0 22.158 13.091 0
4 15 21.583 14.182 0 19.568 14.182 0 19.568 13.091 0 21.583 13.091 0
4 0 19.568 13.636 0 16.403 13.636 0 16.403 13.091 0 19.568 13.091 0
4 0 52.086 13.636 0 51.511 13.636 0 51.511 12.546 0 52.086 12.546 0
4 15 51.511 13.636 0 49.209 13.636 0 49.209 12.546 0 51.511 12.546 0
4 0 49.209 13.636 0 48.345 13.636 0 48.345 12.546 0 49.209 12.546 0
4 0 43.453 13.091 0 42.59 13.091 0 42.59 12.546 0 43.453 12.546 0
4 15 42.59 13.636 0 40.288 13.636 0 40.288 12.546 0 42.59 12.546 0
4 0 36.834 13.091 0 36.547 13.091 0 36.547 12.546 0 36.834 12.546 0
4 0 33.957 15.273 0 33.093 15.273 0 33.093 12.546 0 33.957 12.546 0
4 0 32.806 13.636 0 31.942 13.636 0 31.942 12.546 0 32.806 12.546 0
4 15 31.942 13.636 0 31.079 13.636 0 31.079 12.546 0 31.942 12.546 0
4 0 31.079 13.636 0 30.504 13.636 0 30.504 12.546 0 31.079 12.546 0
4 15 30.504 13.091 0 26.475 13.091 0 26.475 12.546 0 30.504 12.546 0
4 0 26.475 13.091 0 25.611 13.091 0 25.611 12.546 0 26.475 12.546 0
4 15 25.611 13.636 0 23.885 13.636 0 23.885 12.546 0 25.611 12.546 0
4 15 21.87 13.091 0 19.568 13.091 0 19.568 12.546 0 21.87 12.546 0
4 0 19.568 13.091 0 16.115 13.091 0 16.115 12.546 0 19.568 12.546 0
4 0 10.935 14.727 0 10.36 14.727 0 10.36 12.546 0 10.935 12.546 0
4 15 10.36 14.727 0 8.345 14.727 0 8.345 12.546 0 10.36 12.546 0
4 0 8.345 13.636 0 7.77 13.636 0 7.77 12.546 0 8.345 12.546 0
4 15 51.799 12.546 0 49.209 12.546 0 49.209 12 0 51.799 12 0
4 0 49.209 12.546 0 48.633 12.546 0 48.633 12 0 49.209 12 0
4 15 42.878 12.546 0 40.288 12.546 0 40.288 12 0 42.878 12 0
4 0 40.288 13.091 0 39.712 13.091 0 39.712 12 0 40.288 12 0
4 15 36.547 13.091 0 33.957 13.091 0 33.957 12 0 36.547 12 0
4 0 33.957 12.546 0 33.381 12.546 0 33.381 12 0 33.957 12 0
4 15 30.216 12.546 0 26.763 12.546 0 26.763 12 0 30.216 12 0
4 0 26.763 12.546 0 25.899 12.546 0 25.899 12 0 26.763 12 0
4 0 23.885 13.636 0 23.022 13.636 0 23.022 12 0 23.885 12 0
4 15 21.87 12.546 0 19.281 12.546 0 19.281 12 0 21.87 12 0
4 0 19.281 12.546 0 16.115 12.546 0 16.115 12 0 19.281 12 0
4 0 10.935 12.546 0 10.648 12.546 0 10.648 12 0 10.935 12 0
4 15 10.648 12.546 0 8.633 12.546 0 8.633 12 0 10.648 12 0
4 0 8.633 12.546 0 7.77 12.546 0 7.77 12 0 8.633 12 0
4 0 43.453 12.546 0 42.878 12.546 0 42.878 11.454 0 43.453 11.454 0
4 15 42.878 12 0 40.575 12 0 40.575 11.454 0 42.878 11.454 0
4 0 40.575 12 0 39.712 12 0 39.712 11.454 0 40.575 11.454 0
4 0 37.122 12.546 0 36.547 12.546 0 36.547 11.454 0 37.122 11.454 0
4 15 36.547 12 0 34.245 12 0 34.245 11.454 0 36.547 11.454 0
4 0 32.806 12.546 0 32.23 12.546 0 32.23 11.454 0 32.806 11.454 0
4 0 31.367 12.546 0 30.216 12.546 0 30.216 11.454 0 31.367 11.454 0
4 15 30.216 12 0 27.05 12 0 27.05 11.454 0 30.216 11.454 0
4 0 27.05 12 0 25.899 12 0 25.899 11.454 0 27.05 11.454 0
4 0 16.978 12 0 16.115 12 0 16.115 11.454 0 16.978 11.454 0
4 0 8.921 12 0 7.77 12 0 7.77 11.454 0 8.921 11.454 0
4 15 75.396 13.091 0 52.374 13.091 0 52.374 10.909 0 75.396 10.909 0
4 0 52.086 12.546 0 51.799 12.546 0 51.799 10.909 0 52.086 10.909 0
4 15 51.799 12 0 49.496 12 0 49.496 10.909 0 51.799 10.909 0
4 15 43.166 11.454 0 40.575 11.454 0 40.575 10.909 0 43.166 10.909 0
4 0 40.575 11.454 0 40 11.454 0 40 10.909 0 40.575 10.909 0
4 0 37.122 11.454 0 36.834 11.454 0 36.834 10.909 0 37.122 10.909 0
4 0 34.245 12 0 33.381 12 0 33.381 10.909 0 34.245 10.909 0
4 0 33.093 11.454 0 32.23 11.454 0 32.23 10.909 0 33.093 10.909 0
4 15 32.23 12.546 0 31.367 12.546 0 31.367 10.909 0 32.23 10.909 0
4 0 31.367 11.454 0 29.928 11.454 0 29.928 10.909 0 31.367 10.909 0
4 15 29.928 11.454 0 27.338 11.454 0 27.338 10.909 0 29.928 10.909 0
4 0 27.338 11.454 0 25.899 11.454 0 25.899 10.909 0 27.338 10.909 0
4 0 22.446 13.091 0 21.87 13.091 0 21.87 10.909 0 22.446 10.909 0
4 15 21.87 12 0 16.978 12 0 16.978 10.909 0 21.87 10.909 0
4 0 16.978 11.454 0 16.403 11.454 0 16.403 10.909 0 16.978 10.909 0
4 0 11.223 12 0 10.648 12 0 10.648 10.909 0 11.223 10.909 0
4 15 10.648 12 0 8.921 12 0 8.921 10.909 0 10.648 10.909 0
4 0 75.971 14.182 0 75.396 14.182 0 75.396 10.364 0 75.971 10.364 0
4 15 75.396 10.909 0 52.662 10.909 0 52.662 10.364 0 75.396 10.364 0
4 0 52.662 10.909 0 52.374 10.909 0 52.374 10.364 0 52.662 10.364 0
4 0 52.374 13.091 0 52.086 13.091 0 52.086 10.364 0 52.374 10.364 0
4 15 36.834 11.454 0 34.245 11.454 0 34.245 10.364 0 36.834 10.364 0
4 0 34.245 10.909 0 33.669 10.909 0 33.669 10.364 0 34.245 10.364 0
4 15 29.928 10.909 0 27.626 10.909 0 27.626 10.364 0 29.928 10.364 0
4 0 27.626 10.909 0 25.899 10.909 0 25.899 10.364 0 27.626 10.364 0
4 15 25.899 12.546 0 23.885 12.546 0 23.885 10.364 0 25.899 10.364 0
4 0 23.885 12 0 23.309 12 0 23.309 10.364 0 23.885 10.364 0
4 0 22.446 10.909 0 22.158 10.909 0 22.158 10.364 0 22.446 10.364 0
4 15 22.158 10.909 0 19.856 10.909 0 19.856 10.364 0 22.158 10.364 0
4 0 19.856 10.909 0 16.403 10.909 0 16.403 10.364 0 19.856 10.364 0
4 0 37.41 10.909 0 36.834 10.909 0 36.834 9.818 0 37.41 9.818 0
4 15 36.834 10.364 0 34.532 10.364 0 34.532 9.818 0 36.834 9.818 0
4 0 34.532 10.364 0 33.669 10.364 0 33.669 9.818 0 34.532 9.818 0
4 0 33.093 10.909 0 32.518 10.909 0 32.518 9.818 0 33.093 9.818 0
4 0 31.655 10.909 0 29.928 10.909 0 29.928 9.818 0 31.655 9.818 0
4 15 29.928 10.364 0 27.914 10.364 0 27.914 9.818 0 29.928 9.818 0
4 0 27.914 10.364 0 26.187 10.364 0 26.187 9.818 0 27.914 9.818 0
4 0 24.173 10.364 0 23.309 10.364 0 23.309 9.818 0 24.173 9.818 0
4 0 22.734 10.364 0 22.158 10.364 0 22.158 9.818 0 22.734 9.818 0
4 0 20.144 10.364 0 16.691 10.364 0 16.691 9.818 0 20.144 9.818 0
4 0 8.921 11.454 0 8.058 11.454 0 8.058 9.818 0 8.921 9.818 0
4 0 75.971 10.364 0 52.086 10.364 0 52.086 9.273 0 75.971 9.273 0
4 0 43.741 11.454 0 43.166 11.454 0 43.166 9.273 0 43.741 9.273 0
4 15 43.166 10.909 0 40.863 10.909 0 40.863 9.273 0 43.166 9.273 0
4 0 37.698 9.818 0 37.122 9.818 0 37.122 9.273 0 37.698 9.273 0
4 15 37.122 9.818 0 34.532 9.818 0 34.532 9.273 0 37.122 9.273 0
4 0 34.532 9.818 0 33.957 9.818 0 33.957 9.273 0 34.532 9.273 0
4 0 33.381 9.818 0 32.518 9.818 0 32.518 9.273 0 33.381 9.273 0
4 15 32.518 10.909 0 31.655 10.909 0 31.655 9.273 0 32.518 9.273 0
4 0 31.655 9.818 0 31.079 9.818 0 31.079 9.273 0 31.655 9.273 0
4 0 30.504 9.818 0 29.64 9.818 0 29.64 9.273 0 30.504 9.273 0
4 15 29.64 9.818 0 28.201 9.818 0 28.201 9.273 0 29.64 9.273 0
4 0 28.201 9.818 0 27.338 9.818 0 27.338 9.273 0 28.201 9.273 0
4 15 26.187 10.364 0 24.173 10.364 0 24.173 9.273 0 26.187 9.273 0
4 0 24.173 9.818 0 23.597 9.818 0 23.597 9.273 0 24.173 9.273 0
4 0 23.022 9.818 0 22.158 9.818 0 22.158 9.273 0 23.022 9.273 0
4 15 22.158 10.364 0 20.144 10.364 0 20.144 9.273 0 22.158 9.273 0
4 0 11.511 10.909 0 10.935 10.909 0 10.935 9.273 0 11.511 9.273 0
4 15 10.935 10.909 0 8.921 10.909 0 8.921 9.273 0 10.935 9.273 0
4 15 52.086 10.909 0 49.496 10.909 0 49.496 8.727 0 52.086 8.727 0
4 0 37.698 9.273 0 37.41 9.273 0 37.41 8.727 0 37.698 8.727 0
4 0 34.82 9.273 0 33.957 9.273 0 33.957 8.727 0 34.82 8.727 0
4 15 29.64 9.273 0 28.489 9.273 0 28.489 8.727 0 29.64 8.727 0
4 0 28.489 9.273 0 27.626 9.273 0 27.626 8.727 0 28.489 8.727 0
4 0 26.763 9.818 0 26.187 9.818 0 26.187 8.727 0 26.763 8.727 0
4 15 26.187 9.273 0 24.46 9.273 0 24.46 8.727 0 26.187 8.727 0
4 15 22.446 9.273 0 20.144 9.273 0 20.144 8.727 0 22.446 8.727 0
4 0 20.144 9.818 0 19.568 9.818 0 19.568 8.727 0 20.144 8.727 0
4 16 75.396 9.273 0 52.662 9.273 0 52.662 8.182 0 75.396 8.182 0
4 0 52.662 9.273 0 52.374 9.273 0 52.374 8.182 0 52.662 8.182 0
4 15 51.799 8.727 0 49.496 8.727 0 49.496 8.182 0 51.799 8.182 0
4 0 49.496 12 0 48.633 12 0 48.633 8.182 0 49.496 8.182 0
4 0 44.892 8.727 0 44.604 8.727 0 44.604 8.182 0 44.892 8.182 0
4 0 43.741 9.273 0 43.453 9.273 0 43.453 8.182 0 43.741 8.182 0
4 15 43.453 9.273 0 40.863 9.273 0 40.863 8.182 0 43.453 8.182 0
4 0 37.986 8.727 0 37.41 8.727 0 37.41 8.182 0 37.986 8.182 0
4 15 37.41 9.273 0 34.82 9.273 0 34.82 8.182 0 37.41 8.182 0
4 0 34.82 8.727 0 34.245 8.727 0 34.245 8.182 0 34.82 8.182 0
4 0 33.381 9.273 0 32.806 9.273 0 32.806 8.182 0 33.381 8.182 0
4 15 32.806 9.273 0 31.942 9.273 0 31.942 8.182 0 32.806 8.182 0
4 0 31.942 9.273 0 31.079 9.273 0 31.079 8.182 0 31.942 8.182 0
4 0 30.216 9.273 0 29.64 9.273 0 29.64 8.182 0 30.216 8.182 0
4 15 29.64 8.727 0 28.777 8.727 0 28.777 8.182 0 29.64 8.182 0
4 0 28.777 8.727 0 27.914 8.727 0 27.914 8.182 0 28.777 8.182 0
4 0 24.46 9.273 0 23.597 9.273 0 23.597 8.182 0 24.46 8.182 0
4 0 11.799 9.273 0 11.223 9.273 0 11.223 8.182 0 11.799 8.182 0
4 15 11.223 9.273 0 8.921 9.273 0 8.921 8.182 0 11.223 8.182 0
4 0 8.921 9.818 0 8.345 9.818 0 8.345 8.182 0 8.921 8.182 0
4 0 52.086 8.727 0 51.799 8.727 0 51.799 7.636 0 52.086 7.636 0
4 15 51.799 8.182 0 49.209 8.182 0 49.209 7.636 0 51.799 7.636 0
4 0 49.209 8.182 0 48.345 8.182 0 48.345 7.636 0 49.209 7.636 0
4 0 45.755 8.182 0 44.604 8.182 0 44.604 7.636 0 45.755 7.636 0
4 0 38.273 8.182 0 37.698 8.182 0 37.698 7.636 0 38.273 7.636 0
4 15 37.698 8.182 0 35.108 8.182 0 35.108 7.636 0 37.698 7.636 0
4 0 35.108 8.182 0 34.532 8.182 0 34.532 7.636 0 35.108 7.636 0
4 0 32.23 8.182 0 31.079 8.182 0 31.079 7.636 0 32.23 7.636 0
4 0 30.216 8.182 0 29.352 8.182 0 29.352 7.636 0 30.216 7.636 0
4 15 29.352 8.182 0 29.065 8.182 0 29.065 7.636 0 29.352 7.636 0
4 0 29.065 8.182 0 28.201 8.182 0 28.201 7.636 0 29.065 7.636 0
4 0 27.05 8.727 0 26.475 8.727 0 26.475 7.636 0 27.05 7.636 0
4 15 26.475 8.727 0 24.46 8.727 0 24.46 7.636 0 26.475 7.636 0
4 0 23.022 9.273 0 22.446 9.273 0 22.446 7.636 0 23.022 7.636 0
4 15 22.446 8.727 0 20.432 8.727 0 20.432 7.636 0 22.446 7.636 0
4 0 52.086 7.636 0 51.511 7.636 0 51.511 7.091 0 52.086 7.091 0
4 15 51.511 7.636 0 49.209 7.636 0 49.209 7.091 0 51.511 7.091 0
4 0 49.209 7.636 0 47.77 7.636 0 47.77 7.091 0 49.209 7.091 0
4 0 46.619 7.636 0 44.604 7.636 0 44.604 7.091 0 46.619 7.091 0
4 0 43.741 8.182 0 43.166 8.182 0 43.166 7.091 0 43.741 7.091 0
4 15 43.166 8.182 0 40.863 8.182 0 40.863 7.091 0 43.166 7.091 0
4 0 40.863 10.909 0 40 10.909 0 40 7.091 0 40.863 7.091 0
4 0 38.273 7.636 0 37.986 7.636 0 37.986 7.091 0 38.273 7.091 0
4 15 37.986 7.636 0 35.396 7.636 0 35.396 7.091 0 37.986 7.091 0
4 0 35.396 7.636 0 34.82 7.636 0 34.82 7.091 0 35.396 7.091 0
4 0 33.669 8.182 0 32.806 8.182 0 32.806 7.091 0 33.669 7.091 0
4 15 32.806 8.182 0 32.23 8.182 0 32.23 7.091 0 32.806 7.091 0
4 0 30.216 7.636 0 28.489 7.636 0 28.489 7.091 0 30.216 7.091 0
4 0 20.432 8.727 0 19.856 8.727 0 19.856 7.091 0 20.432 7.091 0
4 0 12.086 8.182 0 11.223 8.182 0 11.223 7.091 0 12.086 7.091 0
4 15 11.223 8.182 0 9.209 8.182 0 9.209 7.091 0 11.223 7.091 0
4 0 9.209 8.182 0 8.633 8.182 0 8.633 7.091 0 9.209 7.091 0
4 16 75.396 8.182 0 52.374 8.182 0 52.374 6.545 0 75.396 6.545 0
4 0 52.374 9.273 0 52.086 9.273 0 52.086 6.545 0 52.374 6.545 0
4 15 51.223 7.091 0 48.633 7.091 0 48.633 6.545 0 51.223 6.545 0
4 0 48.633 7.091 0 46.043 7.091 0 46.043 6.545 0 48.633 6.545 0
4 15 46.043 7.091 0 45.755 7.091 0 45.755 6.545 0 46.043 6.545 0
4 0 43.741 7.091 0 42.878 7.091 0 42.878 6.545 0 43.741 6.545 0
4 15 42.878 7.091 0 40.575 7.091 0 40.575 6.545 0 42.878 6.545 0
4 0 40.575 7.091 0 39.712 7.091 0 39.712 6.545 0 40.575 6.545 0
4 0 38.849 7.091 0 38.273 7.091 0 38.273 6.545 0 38.849 6.545 0
4 15 38.273 7.091 0 35.684 7.091 0 35.684 6.545 0 38.273 6.545 0
4 0 35.684 7.091 0 35.108 7.091 0 35.108 6.545 0 35.684 6.545 0
4 0 30.216 7.091 0 28.777 7.091 0 28.777 6.545 0 30.216 6.545 0
4 15 26.763 7.636 0 24.46 7.636 0 24.46 6.545 0 26.763 6.545 0
4 0 24.46 8.182 0 23.885 8.182 0 23.885 6.545 0 24.46 6.545 0
4 0 23.309 7.636 0 22.734 7.636 0 22.734 6.545 0 23.309 6.545 0
4 15 22.734 7.636 0 20.432 7.636 0 20.432 6.545 0 22.734 6.545 0
4 0 20.432 7.091 0 16.403 7.091 0 16.403 6.545 0 20.432 6.545 0
4 16 75.396 6.545 0 52.086 6.545 0 52.086 6 0 75.396 6 0
4 0 52.086 7.091 0 51.223 7.091 0 51.223 6 0 52.086 6 0
4 15 51.223 6.545 0 45.755 6.545 0 45.755 6 0 51.223 6 0
4 0 43.453 6.545 0 42.878 6.545 0 42.878 6 0 43.453 6 0
4 15 42.878 6.545 0 40.288 6.545 0 40.288 6 0 42.878 6 0
4 0 40.288 6.545 0 38.849 6.545 0 38.849 6 0 40.288 6 0
4 15 38.849 6.545 0 36.259 6.545 0 36.259 6 0 38.849 6 0
4 0 36.259 6.545 0 35.396 6.545 0 35.396 6 0 36.259 6 0
4 15 33.093 7.091 0 32.23 7.091 0 32.23 6 0 33.093 6 0
4 0 32.23 7.636 0 31.367 7.636 0 31.367 6 0 32.23 6 0
4 0 27.05 7.636 0 26.763 7.636 0 26.763 6 0 27.05 6 0
4 0 23.309 6.545 0 23.022 6.545 0 23.022 6 0 23.309 6 0
4 15 23.022 6.545 0 17.842 6.545 0 17.842 6 0 23.022 6 0
4 0 17.842 6.545 0 16.403 6.545 0 16.403 6 0 17.842 6 0
4 0 12.086 7.091 0 11.511 7.091 0 11.511 6 0 12.086 6 0
4 15 11.511 7.091 0 9.496 7.091 0 9.496 6 0 11.511 6 0
4 0 9.496 7.091 0 8.633 7.091 0 8.633 6 0 9.496 6 0
4 0 51.799 6 0 50.935 6 0 50.935 5.455 0 51.799 5.455 0
4 15 50.935 6 0 45.755 6 0 45.755 5.455 0 50.935 5.455 0
4 0 45.755 7.091 0 44.892 7.091 0 44.892 5.455 0 45.755 5.455 0
4 0 43.166 6 0 42.59 6 0 42.59 5.455 0 43.166 5.455 0
4 15 42.59 6 0 39.712 6 0 39.712 5.455 0 42.59 5.455 0
4 0 39.712 6 0 39.137 6 0 39.137 5.455 0 39.712 5.455 0
4 15 39.137 6 0 36.547 6 0 36.547 5.455 0 39.137 5.455 0
4 0 36.547 6 0 35.684 6 0 35.684 5.455 0 36.547 5.455 0
4 0 32.518 6 0 31.367 6 0 31.367 5.455 0 32.518 5.455 0
4 0 29.928 6.545 0 29.065 6.545 0 29.065 5.455 0 29.928 5.455 0
4 15 26.763 6.545 0 24.748 6.545 0 24.748 5.455 0 26.763 5.455 0
4 0 24.748 6.545 0 24.173 6.545 0 24.173 5.455 0 24.748 5.455 0
4 15 23.022 6 0 17.554 6 0 17.554 5.455 0 23.022 5.455 0
4 0 17.554 6 0 16.403 6 0 16.403 5.455 0 17.554 5.455 0
4 15 11.799 6 0 9.496 6 0 9.496 5.455 0 11.799 5.455 0
4 0 9.496 6 0 8.921 6 0 8.921 5.455 0 9.496 5.455 0
4 0 75.971 9.273 0 75.396 9.273 0 75.396 4.909 0 75.971 4.909 0
4 16 75.396 6 0 51.799 6 0 51.799 4.909 0 75.396 4.909 0
4 0 51.799 5.455 0 50.647 5.455 0 50.647 4.909 0 51.799 4.909 0
4 15 50.647 5.455 0 46.043 5.455 0 46.043 4.909 0 50.647 4.909 0
4 0 46.043 5.455 0 45.18 5.455 0 45.18 4.909 0 46.043 4.909 0
4 0 42.878 5.455 0 42.302 5.455 0 42.302 4.909 0 42.878 4.909 0
4 15 42.302 5.455 0 37.122 5.455 0 37.122 4.909 0 42.302 4.909 0
4 0 37.122 5.455 0 36.259 5.455 0 36.259 4.909 0 37.122 4.909 0
4 0 33.669 7.091 0 33.093 7.091 0 33.093 4.909 0 33.669 4.909 0
4 15 33.093 6 0 32.518 6 0 32.518 4.909 0 33.093 4.909 0
4 0 32.518 5.455 0 31.655 5.455 0 31.655 4.909 0 32.518 4.909 0
4 0 29.64 5.455 0 29.352 5.455 0 29.352 4.909 0 29.64 4.909 0
4 0 23.597 6 0 23.022 6 0 23.022 4.909 0 23.597 4.909 0
4 15 23.022 5.455 0 17.266 5.455 0 17.266 4.909 0 23.022 4.909 0
4 0 17.266 5.455 0 16.403 5.455 0 16.403 4.909 0 17.266 4.909 0
4 15 11.799 5.455 0 9.784 5.455 0 9.784 4.909 0 11.799 4.909 0
4 0 9.784 5.455 0 8.921 5.455 0 8.921 4.909 0 9.784 4.909 0
4 0 75.971 4.909 0 48.633 4.909 0 48.633 4.364 0 75.971 4.364 0
4 15 48.633 4.909 0 47.482 4.909 0 47.482 4.364 0 48.633 4.364 0
4 0 47.482 4.909 0 45.18 4.909 0 45.18 4.364 0 47.482 4.364 0
4 0 42.59 4.909 0 41.727 4.909 0 41.727 4.364 0 42.59 4.364 0
4 15 41.727 4.909 0 37.986 4.909 0 37.986 4.364 0 41.727 4.364 0
4 0 37.986 4.909 0 36.547 4.909 0 36.547 4.364 0 37.986 4.364 0
4 0 33.669 4.909 0 31.655 4.909 0 31.655 4.364 0 33.669 4.364 0
4 0 27.338 6 0 26.763 6 0 26.763 4.364 0 27.338 4.364 0
4 15 26.763 5.455 0 25.036 5.455 0 25.036 4.364 0 26.763 4.364 0
4 0 25.036 5.455 0 24.173 5.455 0 24.173 4.364 0 25.036 4.364 0
4 0 23.597 4.909 0 22.734 4.909 0 22.734 4.364 0 23.597 4.364 0
4 15 22.734 4.909 0 17.266 4.909 0 17.266 4.364 0 22.734 4.364 0
4 0 17.266 4.909 0 16.691 4.909 0 16.691 4.364 0 17.266 4.364 0
4 0 12.374 6 0 11.799 6 0 11.799 4.364 0 12.374 4.364 0
4 15 11.799 4.909 0 10.072 4.909 0 10.072 4.364 0 11.799 4.364 0
4 0 10.072 4.909 0 8.921 4.909 0 8.921 4.364 0 10.072 4.364 0
4 0 75.971 4.364 0 46.043 4.364 0 46.043 3.818 0 75.971 3.818 0
4 0 42.302 4.364 0 37.41 4.364 0 37.41 3.818 0 42.302 3.818 0
4 0 33.669 4.364 0 31.942 4.364 0 31.942 3.818 0 33.669 3.818 0
4 0 27.338 4.364 0 24.46 4.364 0 24.46 3.818 0 27.338 3.818 0
4 0 23.597 4.364 0 16.691 4.364 0 16.691 3.818 0 23.597 3.818 0
4 0 12.374 4.364 0 9.209 4.364 0 9.209 3.818 0 12.374 3.818 0
4 0 48.921 3.818 0 47.194 3.818 0 47.194 3.273 0 48.921 3.273 0
4 0 41.727 3.818 0 37.986 3.818 0 37.986 3.273 0 41.727 3.273 0
0 
