0 Compuerta    |B:B|E:E|V:V
0 Name: compuert.dat
0 Author: betatron & jasolo
0 !LDRAW_ORG Unofficial_Part
0 BFC CERTIFY CCW
2 24 5 -5 35 5 -5 30
2 24 5 -5 30 5 -5 27.5
2 24 5 -5 27.5 0 -5 27.5
2 24 5 -5 35 0 -5 35
2 24 -5 -5 35 -5 -5 30
2 24 -5 -5 30 -5 -5 27.5
2 24 0 -5 27.5 -5 -5 27.5
2 24 0 -5 35 -5 -5 35
2 24 20 -5 0 20 -4.619 1.913
2 24 20 -5 0 20 -4.619 -1.913
2 24 16.25 -5 0 16.25 -4.619 -1.913
2 24 16.25 -5 0 16.25 -4.619 1.913
2 24 3.75 -5 0 3.75 -4.619 1.913
2 24 3.75 -5 0 3.75 -4.619 -1.913
2 24 -3.75 -5 0 -3.75 -4.619 -1.913
2 24 -3.75 -5 0 -3.75 -4.619 1.913
2 24 -16.25 -5 0 -16.25 -4.619 -1.913
2 24 -16.25 -5 0 -16.25 -4.619 1.913
2 24 -20 -5 0 -20 -4.619 1.913
2 24 -20 -5 0 -20 -4.619 -1.913
2 24 20 -4.619 -1.913 20 -3.536 -3.536
2 24 18.125 -4.619 1.913 18.125 -3.536 3.536
2 24 16.25 -4.619 -1.913 16.25 -3.536 -3.536
2 24 16.25 -4.619 1.913 16.25 -3.536 3.536
2 24 3.75 -4.619 -1.913 3.75 -3.536 -3.536
2 24 3.75 -4.619 1.913 3.75 -3.536 3.536
2 24 -3.75 -4.619 1.913 -3.75 -3.536 3.536
2 24 -3.75 -4.619 -1.913 -3.75 -3.536 -3.536
2 24 -16.25 -4.619 1.913 -16.25 -3.536 3.536
2 24 -16.25 -4.619 -1.913 -16.25 -3.536 -3.536
2 24 -18.125 -4.619 1.913 -18.125 -3.536 3.536
2 24 -20 -4.619 -1.913 -20 -3.536 -3.536
2 24 20 -2.75 0 20 -2.541 -1.052
2 24 20 -2.75 0 20 -2.541 1.052
2 24 16.25 -2.75 0 16.25 -2.541 -1.052
2 24 16.25 -2.75 0 16.25 -2.541 1.052
2 24 3.75 -2.75 0 3.75 -2.541 1.052
2 24 3.75 -2.75 0 3.75 -2.541 -1.052
2 24 -3.75 -2.75 0 -3.75 -2.541 1.052
2 24 -3.75 -2.75 0 -3.75 -2.541 -1.052
2 24 -16.25 -2.75 0 -16.25 -2.541 1.052
2 24 -16.25 -2.75 0 -16.25 -2.541 -1.052
2 24 -20 -2.75 0 -20 -2.541 -1.052
2 24 -20 -2.75 0 -20 -2.541 1.052
2 24 5 -5 35 5 -2.5 35
2 24 5 -2.5 35 5 -2.5 30
2 24 5 -5 27.5 5 -2.5 27.5
2 24 5 -2.5 35 0 -2.5 35
2 24 5 -2.5 30 0 -2.5 30
2 24 0 -2.5 30 -5 -2.5 30
2 24 -5 -5 27.5 -5 -2.5 27.5
2 24 0 -2.5 35 -5 -2.5 35
2 24 -5 -5 35 -5 -2.5 35
2 24 -5 -2.5 35 -5 -2.5 30
2 24 20 -2.541 -1.052 20 -1.945 -1.945
2 24 20 -2.541 1.052 20 -1.945 1.945
2 24 16.25 -2.541 1.052 16.25 -1.945 1.945
2 24 16.25 -2.541 -1.052 16.25 -1.945 -1.945
2 24 3.75 -2.541 -1.052 3.75 -1.945 -1.945
2 24 3.75 -2.541 1.052 3.75 -1.945 1.945
2 24 -3.75 -2.541 -1.052 -3.75 -1.945 -1.945
2 24 -3.75 -2.541 1.052 -3.75 -1.945 1.945
2 24 -16.25 -2.541 -1.052 -16.25 -1.945 -1.945
2 24 -16.25 -2.541 1.052 -16.25 -1.945 1.945
2 24 -20 -2.541 1.052 -20 -1.945 1.945
2 24 -20 -2.541 -1.052 -20 -1.945 -1.945
2 24 20 -3.536 -3.536 20 -1.913 -4.619
2 24 18.125 -3.536 3.536 18.125 -1.913 4.619
2 24 16.25 -3.536 -3.536 16.25 -1.913 -4.619
2 24 16.25 -3.536 3.536 16.25 -1.913 4.619
2 24 3.75 -3.536 -3.536 3.75 -1.913 -4.619
2 24 3.75 -3.536 3.536 3.75 -1.913 4.619
2 24 -3.75 -3.536 3.536 -3.75 -1.913 4.619
2 24 -3.75 -3.536 -3.536 -3.75 -1.913 -4.619
2 24 -16.25 -3.536 3.536 -16.25 -1.913 4.619
2 24 -16.25 -3.536 -3.536 -16.25 -1.913 -4.619
2 24 -18.125 -3.536 3.536 -18.125 -1.913 4.619
2 24 -20 -3.536 -3.536 -20 -1.913 -4.619
2 24 20 -1.945 1.945 20 -1.052 2.541
2 24 20 -1.945 -1.945 20 -1.052 -2.541
2 24 16.25 -1.945 -1.945 16.25 -1.052 -2.541
2 24 16.25 -1.945 1.945 16.25 -1.052 2.541
2 24 3.75 -1.945 1.945 3.75 -1.052 2.541
2 24 3.75 -1.945 -1.945 3.75 -1.052 -2.541
2 24 -3.75 -1.945 -1.945 -3.75 -1.052 -2.541
2 24 -3.75 -1.945 1.945 -3.75 -1.052 2.541
2 24 -16.25 -1.945 -1.945 -16.25 -1.052 -2.541
2 24 -16.25 -1.945 1.945 -16.25 -1.052 2.541
2 24 -20 -1.945 1.945 -20 -1.052 2.541
2 24 -20 -1.945 -1.945 -20 -1.052 -2.541
2 24 12.5 -0.884 31.616 12.433 -0.884 31.278
2 24 12.5 -0.884 31.616 12.433 -0.884 31.954
2 24 12.5 -0.884 8.384 12.433 -0.884 8.046
2 24 12.5 -0.884 8.384 12.433 -0.884 8.722
2 24 12.433 -0.884 31.278 12.241 -0.884 30.991
2 24 12.433 -0.884 8.046 12.241 -0.884 7.759
2 24 12.433 -0.884 8.722 12.241 -0.884 9.009
2 24 12.433 -0.884 31.954 12.241 -0.884 32.241
2 24 12.241 -0.884 32.241 11.954 -0.884 32.433
2 24 12.241 -0.884 7.759 11.954 -0.884 7.567
2 24 11.954 -0.884 7.567 11.616 -0.884 7.5
2 24 11.954 -0.884 32.433 11.616 -0.884 32.5
2 24 11.616 -0.884 32.5 11.278 -0.884 32.433
2 24 11.616 -0.884 7.5 11.278 -0.884 7.567
2 24 11.278 -0.884 7.567 10.991 -0.884 7.759
2 24 11.278 -0.884 32.433 10.991 -0.884 32.241
2 24 12.241 -0.884 9.009 5 -0.884 16.25
2 24 10.991 -0.884 7.759 5 -0.884 13.75
2 24 12.241 -0.884 30.991 5 -0.884 23.75
2 24 10.991 -0.884 32.241 5 -0.884 26.25
2 24 5 -0.884 23.75 1.25 -0.884 20
2 24 5 -0.884 16.25 1.25 -0.884 20
2 24 1.25 -0.884 20 0 -1.25 20
2 24 0 -1.25 20 0 -0.884 21.25
2 24 5 -0.884 26.25 0 -0.884 21.25
2 24 0 -1.25 20 0 -0.884 18.75
2 24 5 -0.884 13.75 0 -0.884 18.75
2 24 0 -1.25 20 -1.25 -0.884 20
2 24 0 -0.884 21.25 -5 -0.884 26.25
2 24 -1.25 -0.884 20 -5 -0.884 16.25
2 24 -1.25 -0.884 20 -5 -0.884 23.75
2 24 0 -0.884 18.75 -5 -0.884 13.75
2 24 -5 -0.884 26.25 -10.991 -0.884 32.241
2 24 -5 -0.884 13.75 -10.991 -0.884 7.759
2 24 -10.991 -0.884 7.759 -11.278 -0.884 7.567
2 24 -10.991 -0.884 32.241 -11.278 -0.884 32.433
2 24 -11.278 -0.884 7.567 -11.616 -0.884 7.5
2 24 -11.278 -0.884 32.433 -11.616 -0.884 32.5
2 24 -11.616 -0.884 7.5 -11.954 -0.884 7.567
2 24 -11.616 -0.884 32.5 -11.954 -0.884 32.433
2 24 -11.954 -0.884 32.433 -12.241 -0.884 32.241
2 24 -11.954 -0.884 7.567 -12.241 -0.884 7.759
2 24 -5 -0.884 23.75 -12.241 -0.884 30.991
2 24 -5 -0.884 16.25 -12.241 -0.884 9.009
2 24 -12.241 -0.884 30.991 -12.433 -0.884 31.278
2 24 -12.241 -0.884 7.759 -12.433 -0.884 8.046
2 24 -12.241 -0.884 9.009 -12.433 -0.884 8.722
2 24 -12.241 -0.884 32.241 -12.433 -0.884 31.954
2 24 -12.433 -0.884 8.722 -12.5 -0.884 8.384
2 24 -12.433 -0.884 31.954 -12.5 -0.884 31.616
2 24 -12.433 -0.884 8.046 -12.5 -0.884 8.384
2 24 -12.433 -0.884 31.278 -12.5 -0.884 31.616
2 24 20 -1.052 2.541 20 0 2.75
2 24 20 0 -2.75 20 0 -5
2 24 20 -4.619 1.913 20 0 10
2 24 20 0 35 20 0 10
2 24 20 -1.913 -4.619 20 0 -5
2 24 20 -1.052 -2.541 20 0 -2.75
2 24 18.125 -1.913 4.619 18.125 0 5
2 24 20 0 -5 18.125 0 -5
2 24 20 0 -2.75 18.125 0 -2.75
2 24 18.125 -4.619 1.913 18.125 0 10
2 24 18.125 0 10 18.125 0 5
2 24 16.25 -1.052 2.541 16.25 0 2.75
2 24 18.125 0 -5 16.25 0 -5
2 24 16.25 -1.052 -2.541 16.25 0 -2.75
2 24 16.25 0 -2.75 16.25 0 -5
2 24 16.25 0 5 16.25 0 2.75
2 24 16.25 -1.913 -4.619 16.25 0 -5
2 24 16.25 -1.913 4.619 16.25 0 5
2 24 18.125 0 -2.75 16.25 0 -2.75
2 24 12.866 0 31.616 12.771 0 31.138
2 24 12.866 0 8.384 12.771 0 8.862
2 24 12.866 0 31.616 12.771 0 32.094
2 24 12.866 0 8.384 12.771 0 7.906
2 24 12.771 0 8.862 12.5 0 9.268
2 24 12.771 0 32.094 12.5 0 32.5
2 24 12.771 0 7.906 12.5 0 7.5
2 24 12.771 0 31.138 12.5 0 30.732
2 24 12.5 0 32.5 12.094 0 32.771
2 24 12.5 0 7.5 12.094 0 7.229
2 24 12.094 0 7.229 11.616 0 7.134
2 24 12.094 0 32.771 11.616 0 32.866
2 24 11.616 0 7.134 11.138 0 7.229
2 24 11.616 0 32.866 11.138 0 32.771
2 24 11.138 0 32.771 10.732 0 32.5
2 24 11.138 0 7.229 10.732 0 7.5
2 24 12.5 0 9.268 5 0 16.768
2 24 10.732 0 7.5 5 0 13.232
2 24 5 0 28.75 5 0 27
2 24 5 -2.5 27.5 5 0 27
2 24 5 0 35 5 0 28.75
2 24 12.5 0 30.732 5 0 23.232
2 24 5 -2.5 30 5 0 28.75
2 24 10.732 0 32.5 5 0 26.768
2 24 3.75 -1.052 2.541 3.75 0 2.75
2 24 3.75 0 5 3.75 0 2.75
2 24 3.75 -1.052 -2.541 3.75 0 -2.75
2 24 3.75 -1.913 4.619 3.75 0 5
2 24 3.75 -1.913 -4.619 3.75 0 -5
2 24 16.25 0 2.75 3.75 0 2.75
2 24 3.75 0 -2.75 3.75 0 -5
2 24 5 0 16.768 1.768 0 20
2 24 5 0 23.232 1.768 0 20
2 24 1.768 0 20 1.25 -0.884 20
2 24 0 -0.884 18.75 0 0 18.232
2 24 3.75 0 -5 0 0 -5
2 24 5 0 35 0 0 35
2 24 3.75 0 5 0 0 5
2 24 0 -0.884 21.25 0 0 21.768
2 24 5 0 26.768 0 0 21.768
2 24 5 0 13.232 0 0 18.232
2 24 5 0 27 0 0 27
2 24 3.75 0 -2.75 0 0 -2.75
2 24 -1.25 -0.884 20 -1.768 0 20
2 24 -3.75 0 5 -3.75 0 2.75
2 24 0 0 -2.75 -3.75 0 -2.75
2 24 -3.75 -1.052 -2.541 -3.75 0 -2.75
2 24 0 0 5 -3.75 0 5
2 24 -3.75 -1.913 -4.619 -3.75 0 -5
2 24 0 0 -5 -3.75 0 -5
2 24 -3.75 0 -2.75 -3.75 0 -5
2 24 -3.75 -1.913 4.619 -3.75 0 5
2 24 -3.75 -1.052 2.541 -3.75 0 2.75
2 24 0 0 21.768 -5 0 26.768
2 24 -5 -2.5 30 -5 0 28.75
2 24 -1.768 0 20 -5 0 23.232
2 24 0 0 27 -5 0 27
2 24 -5 -2.5 27.5 -5 0 27
2 24 -5 0 28.75 -5 0 27
2 24 0 0 35 -5 0 35
2 24 -1.768 0 20 -5 0 16.768
2 24 0 0 18.232 -5 0 13.232
2 24 -5 0 35 -5 0 28.75
2 24 -5 0 26.768 -10.732 0 32.5
2 24 -5 0 13.232 -10.732 0 7.5
2 24 -10.732 0 32.5 -11.138 0 32.771
2 24 -10.732 0 7.5 -11.138 0 7.229
2 24 -11.138 0 7.229 -11.616 0 7.134
2 24 -11.138 0 32.771 -11.616 0 32.866
2 24 -11.616 0 32.866 -12.094 0 32.771
2 24 -11.616 0 7.134 -12.094 0 7.229
2 24 -5 0 16.768 -12.5 0 9.268
2 24 -12.094 0 32.771 -12.5 0 32.5
2 24 -12.094 0 7.229 -12.5 0 7.5
2 24 -5 0 23.232 -12.5 0 30.732
2 24 -12.5 0 7.5 -12.771 0 7.906
2 24 -12.5 0 30.732 -12.771 0 31.138
2 24 -12.5 0 9.268 -12.771 0 8.862
2 24 -12.5 0 32.5 -12.771 0 32.094
2 24 -12.771 0 31.138 -12.866 0 31.616
2 24 -12.771 0 32.094 -12.866 0 31.616
2 24 -12.771 0 8.862 -12.866 0 8.384
2 24 -12.771 0 7.906 -12.866 0 8.384
2 24 -16.25 -1.913 -4.619 -16.25 0 -5
2 24 -16.25 0 -2.75 -16.25 0 -5
2 24 -16.25 0 5 -16.25 0 2.75
2 24 -3.75 0 2.75 -16.25 0 2.75
2 24 -16.25 -1.052 2.541 -16.25 0 2.75
2 24 -16.25 -1.913 4.619 -16.25 0 5
2 24 -16.25 -1.052 -2.541 -16.25 0 -2.75
2 24 -18.125 -1.913 4.619 -18.125 0 5
2 24 -16.25 0 -5 -18.125 0 -5
2 24 -16.25 0 -2.75 -18.125 0 -2.75
2 24 -18.125 -4.619 1.913 -18.125 0 10
2 24 -18.125 0 10 -18.125 0 5
2 24 -20 -4.619 1.913 -20 0 10
2 24 -18.125 0 -5 -20 0 -5
2 24 -18.125 0 -2.75 -20 0 -2.75
2 24 -20 -1.052 2.541 -20 0 2.75
2 24 -20 0 35 -20 0 10
2 24 -20 0 -2.75 -20 0 -5
2 24 -20 -1.052 -2.541 -20 0 -2.75
2 24 -20 -1.913 -4.619 -20 0 -5
2 24 20 0 35 20 0.245 36.545
2 24 -20 0 35 -20 0.245 36.545
2 24 20 0.245 36.545 20 0.955 37.939
2 24 -20 0.245 36.545 -20 0.955 37.939
2 24 20 0 2.75 20 1.052 2.541
2 24 -20 0 2.75 -20 1.052 2.541
2 24 12.5 1.616 8.384 12.433 1.616 8.046
2 24 12.5 1.616 8.384 12.433 1.616 8.722
2 24 12.5 1.616 31.616 12.433 1.616 31.278
2 24 12.5 1.616 31.616 12.433 1.616 31.954
2 24 12.433 1.616 8.722 12.241 1.616 9.009
2 24 12.433 1.616 31.278 12.241 1.616 30.991
2 24 12.433 1.616 8.046 12.241 1.616 7.759
2 24 12.433 1.616 31.954 12.241 1.616 32.241
2 24 12.241 1.616 7.759 11.954 1.616 7.567
2 24 12.241 1.616 32.241 11.954 1.616 32.433
2 24 11.954 1.616 7.567 11.616 1.616 7.5
2 24 11.954 1.616 32.433 11.616 1.616 32.5
2 24 11.616 1.616 32.5 11.278 1.616 32.433
2 24 11.616 1.616 7.5 11.278 1.616 7.567
2 24 11.278 1.616 32.433 10.991 1.616 32.241
2 24 11.278 1.616 7.567 10.991 1.616 7.759
2 24 12.241 1.616 30.991 5 1.616 23.75
2 24 10.991 1.616 7.759 5 1.616 13.75
2 24 10.991 1.616 32.241 5 1.616 26.25
2 24 12.241 1.616 9.009 5 1.616 16.25
2 24 5 1.616 16.25 1.25 1.616 20
2 24 5 1.616 23.75 1.25 1.616 20
2 24 5 1.616 13.75 0 1.616 18.75
2 24 0 1.25 20 0 1.616 21.25
2 24 0 1.25 20 0 1.616 18.75
2 24 1.25 1.616 20 0 1.25 20
2 24 5 1.616 26.25 0 1.616 21.25
2 24 0 1.25 20 -1.25 1.616 20
2 24 0 1.616 21.25 -5 1.616 26.25
2 24 -1.25 1.616 20 -5 1.616 16.25
2 24 0 1.616 18.75 -5 1.616 13.75
2 24 -1.25 1.616 20 -5 1.616 23.75
2 24 -5 1.616 26.25 -10.991 1.616 32.241
2 24 -5 1.616 13.75 -10.991 1.616 7.759
2 24 -10.991 1.616 32.241 -11.278 1.616 32.433
2 24 -10.991 1.616 7.759 -11.278 1.616 7.567
2 24 -11.278 1.616 7.567 -11.616 1.616 7.5
2 24 -11.278 1.616 32.433 -11.616 1.616 32.5
2 24 -11.616 1.616 7.5 -11.954 1.616 7.567
2 24 -11.616 1.616 32.5 -11.954 1.616 32.433
2 24 -11.954 1.616 32.433 -12.241 1.616 32.241
2 24 -5 1.616 23.75 -12.241 1.616 30.991
2 24 -5 1.616 16.25 -12.241 1.616 9.009
2 24 -11.954 1.616 7.567 -12.241 1.616 7.759
2 24 -12.241 1.616 32.241 -12.433 1.616 31.954
2 24 -12.241 1.616 9.009 -12.433 1.616 8.722
2 24 -12.241 1.616 7.759 -12.433 1.616 8.046
2 24 -12.241 1.616 30.991 -12.433 1.616 31.278
2 24 -12.433 1.616 31.954 -12.5 1.616 31.616
2 24 -12.433 1.616 8.046 -12.5 1.616 8.384
2 24 -12.433 1.616 8.722 -12.5 1.616 8.384
2 24 -12.433 1.616 31.278 -12.5 1.616 31.616
2 24 20 1.052 2.541 20 1.945 1.945
2 24 -20 1.052 2.541 -20 1.945 1.945
2 24 20 0.955 37.939 20 2.061 39.045
2 24 -20 0.955 37.939 -20 2.061 39.045
2 24 17.5 2.5 35 17.5 2.5 2.5
2 24 12.866 2.5 31.616 12.771 2.5 31.138
2 24 12.866 2.5 8.384 12.771 2.5 8.862
2 24 12.866 2.5 31.616 12.771 2.5 32.094
2 24 12.866 2.5 8.384 12.771 2.5 7.906
2 24 12.771 2.5 32.094 12.5 2.5 32.5
2 24 12.771 2.5 31.138 12.5 2.5 30.732
2 24 12.771 2.5 8.862 12.5 2.5 9.268
2 24 12.771 2.5 7.906 12.5 2.5 7.5
2 24 12.5 2.5 32.5 12.094 2.5 32.771
2 24 12.5 2.5 7.5 12.094 2.5 7.229
2 24 12.094 2.5 7.229 11.616 2.5 7.134
2 24 12.094 2.5 32.771 11.616 2.5 32.866
2 24 11.616 2.5 32.866 11.138 2.5 32.771
2 24 11.616 2.5 7.134 11.138 2.5 7.229
2 24 11.138 2.5 7.229 10.732 2.5 7.5
2 24 11.138 2.5 32.771 10.732 2.5 32.5
2 24 12.5 2.5 9.268 5 2.5 16.768
2 24 5 0 28.75 5 2.5 27.5
2 24 10.732 2.5 32.5 5 2.5 26.768
2 24 12.5 2.5 30.732 5 2.5 23.232
2 24 5 2.5 35 5 2.5 27.5
2 24 5 0 35 5 2.5 35
2 24 10.732 2.5 7.5 5 2.5 13.232
2 24 5 2.5 23.232 1.768 2.5 20
2 24 5 2.5 16.768 1.768 2.5 20
2 24 1.768 2.5 20 1.25 1.616 20
2 24 5 2.5 13.232 0 2.5 18.232
2 24 5 2.5 27.5 0 2.5 27.5
2 24 17.5 2.5 2.5 0 2.5 2.5
2 24 0 1.616 18.75 0 2.5 18.232
2 24 5 2.5 26.768 0 2.5 21.768
2 24 0 1.616 21.25 0 2.5 21.768
2 24 5 2.5 35 0 2.5 35
2 24 -1.25 1.616 20 -1.768 2.5 20
2 24 0 2.5 21.768 -5 2.5 26.768
2 24 -1.768 2.5 20 -5 2.5 16.768
2 24 -5 2.5 35 -5 2.5 27.5
2 24 -5 0 35 -5 2.5 35
2 24 0 2.5 35 -5 2.5 35
2 24 0 2.5 27.5 -5 2.5 27.5
2 24 0 2.5 18.232 -5 2.5 13.232
2 24 -5 0 28.75 -5 2.5 27.5
2 24 -1.768 2.5 20 -5 2.5 23.232
2 24 -5 2.5 26.768 -10.732 2.5 32.5
2 24 -5 2.5 13.232 -10.732 2.5 7.5
2 24 -10.732 2.5 7.5 -11.138 2.5 7.229
2 24 -10.732 2.5 32.5 -11.138 2.5 32.771
2 24 -11.138 2.5 32.771 -11.616 2.5 32.866
2 24 -11.138 2.5 7.229 -11.616 2.5 7.134
2 24 -11.616 2.5 32.866 -12.094 2.5 32.771
2 24 -11.616 2.5 7.134 -12.094 2.5 7.229
2 24 -5 2.5 16.768 -12.5 2.5 9.268
2 24 -5 2.5 23.232 -12.5 2.5 30.732
2 24 -12.094 2.5 7.229 -12.5 2.5 7.5
2 24 -12.094 2.5 32.771 -12.5 2.5 32.5
2 24 -12.5 2.5 7.5 -12.771 2.5 7.906
2 24 -12.5 2.5 30.732 -12.771 2.5 31.138
2 24 -12.5 2.5 32.5 -12.771 2.5 32.094
2 24 -12.5 2.5 9.268 -12.771 2.5 8.862
2 24 -12.771 2.5 32.094 -12.866 2.5 31.616
2 24 -12.771 2.5 7.906 -12.866 2.5 8.384
2 24 -12.771 2.5 31.138 -12.866 2.5 31.616
2 24 -12.771 2.5 8.862 -12.866 2.5 8.384
2 24 -17.5 2.5 35 -17.5 2.5 2.5
2 24 0 2.5 2.5 -17.5 2.5 2.5
2 24 20 1.945 1.945 20 2.541 1.052
2 24 -20 1.945 1.945 -20 2.541 1.052
2 24 17.5 2.5 35 17.5 2.622 35.773
2 24 -17.5 2.5 35 -17.5 2.622 35.773
2 24 20 2.541 1.052 20 2.75 0
2 24 20 2.75 0 0 2.75 0
2 24 0 2.75 0 -20 2.75 0
2 24 -20 2.541 1.052 -20 2.75 0
2 24 17.5 2.622 35.773 17.5 2.977 36.469
2 24 -17.5 2.622 35.773 -17.5 2.977 36.469
2 24 20 2.061 39.045 20 3.455 39.755
2 24 -20 2.061 39.045 -20 3.455 39.755
2 24 17.5 2.977 36.469 17.5 3.531 37.023
2 24 -17.5 2.977 36.469 -17.5 3.531 37.023
2 24 17.5 3.531 37.023 17.5 4.227 37.378
2 24 -17.5 3.531 37.023 -17.5 4.227 37.378
2 24 20 3.455 39.755 20 5 40
2 24 17.5 4.227 37.378 17.5 5 37.5
2 24 -17.5 4.227 37.378 -17.5 5 37.5
2 24 -20 3.455 39.755 -20 5 40
2 24 20 8 2.75 20 8 0
2 24 20 8 35 20 8 2.75
2 24 20 5 40 20 8 40
2 24 20 8 40 20 8 35
2 24 20 2.75 0 20 8 0
2 24 17.5 8 37.5 17.5 8 35
2 24 17.5 2.5 2.5 17.5 8 2.5
2 24 17.5 8 35 17.5 8 2.5
2 24 17.5 5 37.5 17.5 8 37.5
2 24 17.5 8 37.5 0 8 37.5
2 24 17.5 8 2.5 0 8 2.5
2 24 20 8 0 0 8 0
2 24 20 8 40 0 8 40
2 24 0 8 2.5 -17.5 8 2.5
2 24 -17.5 8 35 -17.5 8 2.5
2 24 -17.5 8 37.5 -17.5 8 35
2 24 -17.5 5 37.5 -17.5 8 37.5
2 24 0 8 37.5 -17.5 8 37.5
2 24 -17.5 2.5 2.5 -17.5 8 2.5
2 24 -20 5 40 -20 8 40
2 24 -20 2.75 0 -20 8 0
2 24 -20 8 35 -20 8 2.75
2 24 0 8 0 -20 8 0
2 24 -20 8 2.75 -20 8 0
2 24 0 8 40 -20 8 40
2 24 -20 8 40 -20 8 35
3 16 0 -5 27.5 5 -5 30 0 -5 30
3 16 5 -5 30 0 -5 27.5 5 -5 27.5
3 16 0 -5 30 5 -5 35 0 -5 35
3 16 5 -5 35 0 -5 30 5 -5 30
3 16 0 -5 27.5 0 -5 30 -5 -5 30
3 16 -5 -5 35 -5 -5 30 0 -5 30
3 16 -5 -5 30 -5 -5 27.5 0 -5 27.5
3 16 0 -5 30 0 -5 35 -5 -5 35
3 16 16.25 -4.619 1.913 18.125 -3.536 3.536 16.25 -3.536 3.536
3 16 18.125 -3.536 3.536 16.25 -4.619 1.913 18.125 -4.619 1.913
3 16 -18.125 -3.536 3.536 -18.125 -4.619 1.913 -16.25 -4.619 1.913
3 16 -16.25 -4.619 1.913 -16.25 -3.536 3.536 -18.125 -3.536 3.536
3 16 5 -2.5 35 5 -5 35 5 -5 30
3 16 5 -2.5 30 5 -5 27.5 5 -2.5 27.5
3 16 5 -2.5 35 5 -5 30 5 -2.5 30
3 16 5 -5 27.5 5 -2.5 30 5 -5 30
3 16 5 -2.5 35 0 -2.5 30 0 -2.5 35
3 16 0 -5 27.5 5 -2.5 27.5 5 -5 27.5
3 16 0 -2.5 35 5 -5 35 5 -2.5 35
3 16 0 -2.5 30 5 -2.5 35 5 -2.5 30
3 16 5 -2.5 27.5 0 -5 27.5 0 -2.5 27.5
3 16 5 -5 35 0 -2.5 35 0 -5 35
3 16 0 -2.5 35 -5 -2.5 35 -5 -5 35
3 16 -5 -5 35 0 -5 35 0 -2.5 35
3 16 -5 -2.5 35 0 -2.5 35 0 -2.5 30
3 16 -5 -2.5 27.5 0 -2.5 27.5 0 -5 27.5
3 16 0 -5 27.5 -5 -5 27.5 -5 -2.5 27.5
3 16 -5 -2.5 35 -5 -2.5 30 -5 -5 30
3 16 -5 -2.5 30 -5 -2.5 27.5 -5 -5 27.5
3 16 -5 -5 30 -5 -5 35 -5 -2.5 35
3 16 0 -2.5 30 -5 -2.5 30 -5 -2.5 35
3 16 -5 -5 27.5 -5 -5 30 -5 -2.5 30
3 16 20 -4.619 1.913 20 -2.541 1.052 20 -1.945 1.945
3 16 -20 -4.619 1.913 -20 -1.945 1.945 -20 -2.541 1.052
3 16 18.125 -1.913 4.619 16.25 -3.536 3.536 18.125 -3.536 3.536
3 16 16.25 -3.536 3.536 18.125 -1.913 4.619 16.25 -1.913 4.619
3 16 -16.25 -3.536 3.536 -16.25 -1.913 4.619 -18.125 -1.913 4.619
3 16 -18.125 -1.913 4.619 -18.125 -3.536 3.536 -16.25 -3.536 3.536
3 16 11.616 -1.25 31.616 11.954 -0.884 32.433 11.616 -0.884 32.5
3 16 11.616 -1.25 31.616 12.433 -0.884 31.954 12.241 -0.884 32.241
3 16 11.616 -1.25 8.384 11.616 -0.884 7.5 11.954 -0.884 7.567
3 16 11.616 -1.25 8.384 12.5 -0.884 8.384 12.433 -0.884 8.722
3 16 11.616 -1.25 31.616 12.241 -0.884 32.241 11.954 -0.884 32.433
3 16 11.616 -1.25 8.384 12.433 -0.884 8.722 12.241 -0.884 9.009
3 16 11.616 -1.25 8.384 12.433 -0.884 8.046 12.5 -0.884 8.384
3 16 11.616 -1.25 31.616 12.241 -0.884 30.991 12.433 -0.884 31.278
3 16 11.616 -1.25 31.616 12.433 -0.884 31.278 12.5 -0.884 31.616
3 16 11.616 -1.25 31.616 12.5 -0.884 31.616 12.433 -0.884 31.954
3 16 11.616 -1.25 8.384 12.241 -0.884 7.759 12.433 -0.884 8.046
3 16 11.616 -1.25 8.384 11.954 -0.884 7.567 12.241 -0.884 7.759
3 16 11.616 -1.25 8.384 11.278 -0.884 7.567 11.616 -0.884 7.5
3 16 11.616 -1.25 31.616 11.616 -0.884 32.5 11.278 -0.884 32.433
3 16 11.616 -1.25 31.616 11.278 -0.884 32.433 10.991 -0.884 32.241
3 16 11.616 -1.25 8.384 10.991 -0.884 7.759 11.278 -0.884 7.567
3 16 5 -1.25 25 12.241 -0.884 30.991 11.616 -1.25 31.616
3 16 5 -1.25 15 12.241 -0.884 9.009 5 -0.884 16.25
3 16 11.616 -1.25 31.616 5 -0.884 26.25 5 -1.25 25
3 16 11.616 -1.25 8.384 5 -0.884 13.75 10.991 -0.884 7.759
3 16 12.241 -0.884 9.009 5 -1.25 15 11.616 -1.25 8.384
3 16 5 -0.884 13.75 11.616 -1.25 8.384 5 -1.25 15
3 16 5 -0.884 26.25 11.616 -1.25 31.616 10.991 -0.884 32.241
3 16 12.241 -0.884 30.991 5 -1.25 25 5 -0.884 23.75
3 16 5 -1.25 25 1.25 -0.884 20 5 -0.884 23.75
3 16 1.25 -0.884 20 5 -1.25 25 0 -1.25 20
3 16 5 -1.25 15 0 -0.884 18.75 5 -0.884 13.75
3 16 0 -1.25 20 5 -0.884 16.25 1.25 -0.884 20
3 16 0 -0.884 18.75 5 -1.25 15 0 -1.25 20
3 16 5 -1.25 25 0 -0.884 21.25 0 -1.25 20
3 16 0 -0.884 21.25 5 -1.25 25 5 -0.884 26.25
3 16 5 -0.884 16.25 0 -1.25 20 5 -1.25 15
3 16 0 -0.884 21.25 -5 -0.884 26.25 -5 -1.25 25
3 16 -5 -1.25 25 0 -1.25 20 0 -0.884 21.25
3 16 -5 -1.25 25 -5 -0.884 23.75 -1.25 -0.884 20
3 16 -1.25 -0.884 20 0 -1.25 20 -5 -1.25 25
3 16 -5 -0.884 16.25 -5 -1.25 15 0 -1.25 20
3 16 0 -1.25 20 -1.25 -0.884 20 -5 -0.884 16.25
3 16 0 -0.884 18.75 0 -1.25 20 -5 -1.25 15
3 16 -5 -1.25 15 -5 -0.884 13.75 0 -0.884 18.75
3 16 -11.616 -1.25 8.384 -11.278 -0.884 7.567 -10.991 -0.884 7.759
3 16 -5 -0.884 13.75 -5 -1.25 15 -11.616 -1.25 8.384
3 16 -5 -0.884 26.25 -10.991 -0.884 32.241 -11.616 -1.25 31.616
3 16 -11.616 -1.25 31.616 -11.278 -0.884 32.433 -11.616 -0.884 32.5
3 16 -11.616 -1.25 8.384 -11.616 -0.884 7.5 -11.278 -0.884 7.567
3 16 -11.616 -1.25 31.616 -10.991 -0.884 32.241 -11.278 -0.884 32.433
3 16 -11.616 -1.25 8.384 -10.991 -0.884 7.759 -5 -0.884 13.75
3 16 -11.616 -1.25 31.616 -5 -1.25 25 -5 -0.884 26.25
3 16 -11.616 -1.25 8.384 -11.954 -0.884 7.567 -11.616 -0.884 7.5
3 16 -11.616 -1.25 31.616 -11.616 -0.884 32.5 -11.954 -0.884 32.433
3 16 -12.241 -0.884 30.991 -5 -0.884 23.75 -5 -1.25 25
3 16 -12.241 -0.884 9.009 -11.616 -1.25 8.384 -5 -1.25 15
3 16 -11.616 -1.25 31.616 -11.954 -0.884 32.433 -12.241 -0.884 32.241
3 16 -11.616 -1.25 8.384 -12.241 -0.884 7.759 -11.954 -0.884 7.567
3 16 -5 -1.25 15 -5 -0.884 16.25 -12.241 -0.884 9.009
3 16 -5 -1.25 25 -11.616 -1.25 31.616 -12.241 -0.884 30.991
3 16 -11.616 -1.25 8.384 -12.241 -0.884 9.009 -12.433 -0.884 8.722
3 16 -11.616 -1.25 31.616 -12.241 -0.884 32.241 -12.433 -0.884 31.954
3 16 -11.616 -1.25 8.384 -12.433 -0.884 8.046 -12.241 -0.884 7.759
3 16 -11.616 -1.25 31.616 -12.433 -0.884 31.278 -12.241 -0.884 30.991
3 16 -11.616 -1.25 31.616 -12.433 -0.884 31.954 -12.5 -0.884 31.616
3 16 -11.616 -1.25 8.384 -12.5 -0.884 8.384 -12.433 -0.884 8.046
3 16 -11.616 -1.25 31.616 -12.5 -0.884 31.616 -12.433 -0.884 31.278
3 16 -11.616 -1.25 8.384 -12.433 -0.884 8.722 -12.5 -0.884 8.384
3 16 20 -4.619 1.913 20 -1.945 1.945 20 0 10
3 16 20 0 10 20 -1.052 2.541 20 0 2.75
3 16 20 -1.945 1.945 20 -1.052 2.541 20 0 10
3 16 18.125 -4.619 1.913 20 0 10 18.125 0 10
3 16 18.125 -3.536 3.536 18.125 0 10 18.125 -1.913 4.619
3 16 18.125 -1.913 4.619 18.125 0 10 18.125 0 5
3 16 20 0 35 18.125 0 10 20 0 10
3 16 18.125 -4.619 1.913 18.125 0 10 18.125 -3.536 3.536
3 16 20 0 10 18.125 -4.619 1.913 20 -4.619 1.913
3 16 16.25 -1.913 4.619 18.125 0 5 16.25 0 5
3 16 18.125 0 5 16.25 -1.913 4.619 18.125 -1.913 4.619
3 16 16.25 0 5 18.125 0 5 18.125 0 10
3 16 14.902 0 8.605 16.25 0 5 18.125 0 10
3 16 20 0 35 14.632 0 31.395 18.125 0 10
3 16 18.125 0 10 14.632 0 31.395 14.902 0 8.605
3 16 13.649 0 33.351 14.632 0 31.395 20 0 35
3 16 12.771 0 31.138 14.632 0 31.395 12.866 0 31.616
3 16 12.866 0 31.616 14.632 0 31.395 12.771 0 32.094
3 16 12.771 0 7.906 14.902 0 8.605 12.866 0 8.384
3 16 12.771 0 32.094 14.632 0 31.395 13.649 0 33.351
3 16 12.866 0 8.384 14.902 0 8.605 12.771 0 8.862
3 16 14.902 0 8.605 12.5 0 30.732 12.5 0 9.268
3 16 14.902 0 8.605 14.632 0 31.395 12.5 0 30.732
3 16 12.771 0 8.862 14.902 0 8.605 12.5 0 9.268
3 16 12.771 0 32.094 13.649 0 33.351 12.5 0 32.5
3 16 12.5 -0.884 31.616 12.771 0 31.138 12.866 0 31.616
3 16 12.5 0 30.732 14.632 0 31.395 12.771 0 31.138
3 16 12.5 -0.884 8.384 12.771 0 7.906 12.866 0 8.384
3 16 12.771 0 7.906 12.455 0 6.609 14.902 0 8.605
3 16 14.902 0 8.605 12.455 0 6.609 16.25 0 5
3 16 12.5 0 7.5 12.455 0 6.609 12.771 0 7.906
3 16 12.433 -0.884 31.278 12.5 0 30.732 12.771 0 31.138
3 16 12.433 -0.884 8.722 12.866 0 8.384 12.771 0 8.862
3 16 12.866 0 31.616 12.433 -0.884 31.954 12.5 -0.884 31.616
3 16 12.771 0 31.138 12.5 -0.884 31.616 12.433 -0.884 31.278
3 16 12.433 -0.884 8.046 12.5 0 7.5 12.771 0 7.906
3 16 12.866 0 8.384 12.433 -0.884 8.722 12.5 -0.884 8.384
3 16 12.771 0 7.906 12.5 -0.884 8.384 12.433 -0.884 8.046
3 16 12.433 -0.884 31.954 12.866 0 31.616 12.771 0 32.094
3 16 12.241 -0.884 32.241 12.771 0 32.094 12.5 0 32.5
3 16 12.771 0 8.862 12.241 -0.884 9.009 12.433 -0.884 8.722
3 16 12.241 -0.884 9.009 12.771 0 8.862 12.5 0 9.268
3 16 12.771 0 32.094 12.241 -0.884 32.241 12.433 -0.884 31.954
3 16 12.5 0 7.5 12.433 -0.884 8.046 12.241 -0.884 7.759
3 16 12.5 0 30.732 12.433 -0.884 31.278 12.241 -0.884 30.991
3 16 12.094 0 7.229 12.455 0 6.609 12.5 0 7.5
3 16 12.5 0 32.5 13.649 0 33.351 12.094 0 32.771
3 16 12.241 -0.884 7.759 12.094 0 7.229 12.5 0 7.5
3 16 12.5 0 32.5 11.954 -0.884 32.433 12.241 -0.884 32.241
3 16 11.954 -0.884 32.433 12.5 0 32.5 12.094 0 32.771
3 16 12.094 0 7.229 12.241 -0.884 7.759 11.954 -0.884 7.567
3 16 11.954 -0.884 7.567 11.616 0 7.134 12.094 0 7.229
3 16 11.616 0 7.134 11.954 -0.884 7.567 11.616 -0.884 7.5
3 16 12.094 0 32.771 11.616 -0.884 32.5 11.954 -0.884 32.433
3 16 11.616 -0.884 32.5 12.094 0 32.771 11.616 0 32.866
3 16 11.616 0 7.134 11.395 0 5.56 12.094 0 7.229
3 16 12.094 0 32.771 11.395 0 33.698 11.616 0 32.866
3 16 12.094 0 32.771 13.649 0 33.351 11.395 0 33.698
3 16 12.455 0 6.609 11.395 0 5.56 16.25 0 5
3 16 12.094 0 7.229 11.395 0 5.56 12.455 0 6.609
3 16 11.616 0 32.866 11.278 -0.884 32.433 11.616 -0.884 32.5
3 16 11.278 -0.884 32.433 11.616 0 32.866 11.138 0 32.771
3 16 11.616 -0.884 7.5 11.138 0 7.229 11.616 0 7.134
3 16 11.138 0 7.229 11.616 -0.884 7.5 11.278 -0.884 7.567
3 16 11.616 0 32.866 11.395 0 33.698 11.138 0 32.771
3 16 11.138 0 7.229 11.395 0 5.56 11.616 0 7.134
3 16 11.138 0 32.771 10.991 -0.884 32.241 11.278 -0.884 32.433
3 16 11.278 -0.884 7.567 10.732 0 7.5 11.138 0 7.229
3 16 11.138 0 32.771 11.395 0 33.698 10.732 0 32.5
3 16 10.991 -0.884 32.241 11.138 0 32.771 10.732 0 32.5
3 16 10.732 0 7.5 11.278 -0.884 7.567 10.991 -0.884 7.759
3 16 10.732 0 7.5 11.395 0 5.56 11.138 0 7.229
3 16 5 0 35 11.395 0 33.698 13.649 0 33.351
3 16 10.991 -0.884 7.759 5 0 13.232 10.732 0 7.5
3 16 5 0 23.232 12.5 0 9.268 12.5 0 30.732
3 16 5 0 35 13.649 0 33.351 20 0 35
3 16 5 0 27 10.732 0 32.5 11.395 0 33.698
3 16 5 0 28.75 11.395 0 33.698 5 0 35
3 16 5 0 13.232 10.991 -0.884 7.759 5 -0.884 13.75
3 16 5 0 27 5 0 26.768 10.732 0 32.5
3 16 5 0 26.768 10.991 -0.884 32.241 10.732 0 32.5
3 16 10.991 -0.884 32.241 5 0 26.768 5 -0.884 26.25
3 16 5 0 23.232 5 0 16.768 12.5 0 9.268
3 16 12.5 0 9.268 5 -0.884 16.25 12.241 -0.884 9.009
3 16 5 -0.884 16.25 12.5 0 9.268 5 0 16.768
3 16 5 0 28.75 5 -2.5 27.5 5 0 27
3 16 12.5 0 30.732 5 -0.884 23.75 5 0 23.232
3 16 5 -2.5 27.5 5 0 28.75 5 -2.5 30
3 16 5 0 28.75 5 0 27 11.395 0 33.698
3 16 5 -0.884 23.75 12.5 0 30.732 12.241 -0.884 30.991
3 16 11.395 0 5.56 3.75 0 5 16.25 0 5
3 16 3.75 0 2.75 16.25 0 2.75 16.25 0 5
3 16 3.75 0 5 11.395 0 5.56 10.732 0 7.5
3 16 10.732 0 7.5 5 0 13.232 3.75 0 5
3 16 3.75 0 2.75 16.25 0 5 3.75 0 5
3 16 1.768 0 20 5 0 16.768 5 0 23.232
3 16 5 -0.884 23.75 1.768 0 20 5 0 23.232
3 16 1.25 -0.884 20 5 0 16.768 1.768 0 20
3 16 5 0 16.768 1.25 -0.884 20 5 -0.884 16.25
3 16 1.768 0 20 5 -0.884 23.75 1.25 -0.884 20
3 16 0 -2.5 30 5 0 28.75 0 0 28.75
3 16 0 0 21.768 5 -0.884 26.25 5 0 26.768
3 16 5 -0.884 13.75 0 0 18.232 5 0 13.232
3 16 3.75 0 5 5 0 13.232 0 0 18.232
3 16 0 -2.5 27.5 5 0 27 5 -2.5 27.5
3 16 5 -0.884 26.25 0 0 21.768 0 -0.884 21.25
3 16 5 0 27 0 0 27 0 0 21.768
3 16 0 0 18.232 5 -0.884 13.75 0 -0.884 18.75
3 16 3.75 0 5 0 0 18.232 0 0 5
3 16 5 0 28.75 0 -2.5 30 5 -2.5 30
3 16 5 0 27 0 0 21.768 5 0 26.768
3 16 5 0 27 0 -2.5 27.5 0 0 27
3 16 -3.75 0 5 0 0 5 0 0 18.232
3 16 -1.25 -0.884 20 -1.768 0 20 -5 0 16.768
3 16 -5 -2.5 27.5 -5 -2.5 30 -5 0 28.75
3 16 -5 0 16.768 -5 -0.884 16.25 -1.25 -0.884 20
3 16 0 0 21.768 -5 0 26.768 -5 -0.884 26.25
3 16 -3.75 0 5 0 0 18.232 -5 0 13.232
3 16 -1.768 0 20 -5 0 23.232 -5 0 16.768
3 16 -5 0 28.75 -5 -2.5 30 0 -2.5 30
3 16 0 -2.5 30 0 0 28.75 -5 0 28.75
3 16 -5 0 28.75 -5 0 27 -5 -2.5 27.5
3 16 -5 0 27 0 0 21.768 0 0 27
3 16 -5 0 27 -5 0 26.768 0 0 21.768
3 16 -5 0 27 0 0 27 0 -2.5 27.5
3 16 0 -2.5 27.5 -5 -2.5 27.5 -5 0 27
3 16 -5 -0.884 26.25 0 -0.884 21.25 0 0 21.768
3 16 -1.768 0 20 -1.25 -0.884 20 -5 -0.884 23.75
3 16 -5 -0.884 23.75 -5 0 23.232 -1.768 0 20
3 16 0 0 18.232 0 -0.884 18.75 -5 -0.884 13.75
3 16 -5 -0.884 13.75 -5 0 13.232 0 0 18.232
3 16 -5 0 27 -10.732 0 32.5 -5 0 26.768
3 16 -10.732 0 7.5 -3.75 0 5 -5 0 13.232
3 16 -10.991 -0.884 7.759 -10.732 0 7.5 -5 0 13.232
3 16 -5 0 26.768 -10.732 0 32.5 -10.991 -0.884 32.241
3 16 -5 0 13.232 -5 -0.884 13.75 -10.991 -0.884 7.759
3 16 -10.991 -0.884 32.241 -5 -0.884 26.25 -5 0 26.768
3 16 -10.991 -0.884 32.241 -10.732 0 32.5 -11.138 0 32.771
3 16 -11.138 0 32.771 -11.278 -0.884 32.433 -10.991 -0.884 32.241
3 16 -11.278 -0.884 7.567 -11.138 0 7.229 -10.732 0 7.5
3 16 -10.732 0 7.5 -10.991 -0.884 7.759 -11.278 -0.884 7.567
3 16 -5 0 28.75 -11.395 0 33.698 -5 0 27
3 16 -10.732 0 7.5 -11.138 0 7.229 -11.395 0 5.559
3 16 -3.75 0 5 -10.732 0 7.5 -11.395 0 5.559
3 16 -5 0 28.75 -5 0 35 -11.395 0 33.698
3 16 -5 0 27 -11.395 0 33.698 -10.732 0 32.5
3 16 -11.138 0 32.771 -10.732 0 32.5 -11.395 0 33.698
3 16 -11.138 0 7.229 -11.278 -0.884 7.567 -11.616 -0.884 7.5
3 16 -11.616 -0.884 7.5 -11.616 0 7.134 -11.138 0 7.229
3 16 -11.138 0 7.229 -11.616 0 7.134 -11.395 0 5.559
3 16 -11.616 0 32.866 -11.138 0 32.771 -11.395 0 33.698
3 16 -11.616 0 32.866 -11.616 -0.884 32.5 -11.278 -0.884 32.433
3 16 -11.278 -0.884 32.433 -11.138 0 32.771 -11.616 0 32.866
3 16 -11.616 0 7.134 -11.616 -0.884 7.5 -11.954 -0.884 7.567
3 16 -11.954 -0.884 7.567 -12.094 0 7.229 -11.616 0 7.134
3 16 -12.094 0 32.771 -11.954 -0.884 32.433 -11.616 -0.884 32.5
3 16 -12.094 0 32.771 -11.616 0 32.866 -11.395 0 33.698
3 16 -11.616 -0.884 32.5 -11.616 0 32.866 -12.094 0 32.771
3 16 -11.616 0 7.134 -12.094 0 7.229 -11.395 0 5.559
3 16 -12.094 0 7.229 -11.954 -0.884 7.567 -12.241 -0.884 7.759
3 16 -12.094 0 7.229 -12.455 0 6.609 -11.395 0 5.559
3 16 -12.5 0 9.268 -12.241 -0.884 9.009 -5 -0.884 16.25
3 16 -12.5 0 30.732 -5 0 23.232 -5 -0.884 23.75
3 16 -5 -0.884 16.25 -5 0 16.768 -12.5 0 9.268
3 16 -12.5 0 30.732 -12.241 -0.884 30.991 -12.433 -0.884 31.278
3 16 -12.094 0 7.229 -12.5 0 7.5 -12.455 0 6.609
3 16 -12.241 -0.884 7.759 -12.5 0 7.5 -12.094 0 7.229
3 16 -12.5 0 7.5 -12.241 -0.884 7.759 -12.433 -0.884 8.046
3 16 -11.954 -0.884 32.433 -12.094 0 32.771 -12.5 0 32.5
3 16 -5 -0.884 23.75 -12.241 -0.884 30.991 -12.5 0 30.732
3 16 -12.5 0 32.5 -12.241 -0.884 32.241 -11.954 -0.884 32.433
3 16 -5 0 23.232 -12.5 0 30.732 -12.5 0 9.268
3 16 -5 0 23.232 -12.5 0 9.268 -5 0 16.768
3 16 -12.771 0 32.094 -12.433 -0.884 31.954 -12.241 -0.884 32.241
3 16 -12.771 0 8.862 -12.433 -0.884 8.722 -12.241 -0.884 9.009
3 16 -12.771 0 31.138 -12.433 -0.884 31.278 -12.5 -0.884 31.616
3 16 -12.241 -0.884 32.241 -12.5 0 32.5 -12.771 0 32.094
3 16 -12.433 -0.884 31.278 -12.771 0 31.138 -12.5 0 30.732
3 16 -12.771 0 7.906 -12.433 -0.884 8.046 -12.5 -0.884 8.384
3 16 -12.433 -0.884 8.046 -12.771 0 7.906 -12.5 0 7.5
3 16 -12.241 -0.884 9.009 -12.5 0 9.268 -12.771 0 8.862
3 16 -12.5 0 7.5 -12.771 0 7.906 -12.455 0 6.609
3 16 -12.433 -0.884 31.954 -12.771 0 32.094 -12.866 0 31.616
3 16 -12.866 0 31.616 -12.5 -0.884 31.616 -12.433 -0.884 31.954
3 16 -12.433 -0.884 8.722 -12.771 0 8.862 -12.866 0 8.384
3 16 -12.5 -0.884 31.616 -12.866 0 31.616 -12.771 0 31.138
3 16 -12.5 -0.884 8.384 -12.866 0 8.384 -12.771 0 7.906
3 16 -12.866 0 8.384 -12.5 -0.884 8.384 -12.433 -0.884 8.722
3 16 -5 0 35 -13.649 0 33.351 -11.395 0 33.698
3 16 -12.5 0 32.5 -12.094 0 32.771 -13.649 0 33.351
3 16 -12.771 0 32.094 -12.5 0 32.5 -13.649 0 33.351
3 16 -12.094 0 32.771 -11.395 0 33.698 -13.649 0 33.351
3 16 -12.771 0 32.094 -13.649 0 33.351 -14.632 0 31.395
3 16 -12.5 0 30.732 -12.771 0 31.138 -14.632 0 31.395
3 16 -12.866 0 31.616 -12.771 0 32.094 -14.632 0 31.395
3 16 -12.771 0 31.138 -12.866 0 31.616 -14.632 0 31.395
3 16 -12.866 0 8.384 -12.771 0 8.862 -14.902 0 8.605
3 16 -12.771 0 7.906 -12.866 0 8.384 -14.902 0 8.605
3 16 -12.771 0 8.862 -12.5 0 9.268 -14.902 0 8.605
3 16 -14.902 0 8.605 -12.5 0 9.268 -12.5 0 30.732
3 16 -14.902 0 8.605 -12.5 0 30.732 -14.632 0 31.395
3 16 -12.771 0 7.906 -14.902 0 8.605 -12.455 0 6.609
3 16 -3.75 0 2.75 -16.25 0 5 -16.25 0 2.75
3 16 -14.902 0 8.605 -16.25 0 5 -12.455 0 6.609
3 16 -3.75 0 2.75 -3.75 0 5 -16.25 0 5
3 16 -11.395 0 5.559 -16.25 0 5 -3.75 0 5
3 16 -12.455 0 6.609 -16.25 0 5 -11.395 0 5.559
3 16 -18.125 0 10 -14.902 0 8.605 -14.632 0 31.395
3 16 -14.902 0 8.605 -18.125 0 10 -16.25 0 5
3 16 -18.125 -3.536 3.536 -18.125 -1.913 4.619 -18.125 0 10
3 16 -18.125 -1.913 4.619 -18.125 0 5 -18.125 0 10
3 16 -18.125 -4.619 1.913 -18.125 -3.536 3.536 -18.125 0 10
3 16 -16.25 0 5 -18.125 0 10 -18.125 0 5
3 16 -16.25 -1.913 4.619 -16.25 0 5 -18.125 0 5
3 16 -18.125 0 5 -18.125 -1.913 4.619 -16.25 -1.913 4.619
3 16 -13.649 0 33.351 -20 0 35 -14.632 0 31.395
3 16 -20 0 10 -20 -4.619 1.913 -18.125 -4.619 1.913
3 16 -18.125 -4.619 1.913 -18.125 0 10 -20 0 10
3 16 -20 0 35 -20 0 10 -18.125 0 10
3 16 -5 0 35 -20 0 35 -13.649 0 33.351
3 16 -20 -1.945 1.945 -20 0 10 -20 -1.052 2.541
3 16 -20 -4.619 1.913 -20 0 10 -20 -1.945 1.945
3 16 -20 0 10 -20 0 2.75 -20 -1.052 2.541
3 16 -20 0 35 -18.125 0 10 -14.632 0 31.395
3 16 20 0 2.75 18.125 0 2.75 20 1.052 2.541
3 16 16.25 0 2.75 20 1.052 2.541 18.125 0 2.75
3 16 16.25 0 2.75 0 1.052 2.541 20 1.052 2.541
3 16 16.25 0 2.75 3.75 0 2.75 0 1.052 2.541
3 16 3.75 0 2.75 0 0 2.75 0 1.052 2.541
3 16 -3.75 0 2.75 0 1.052 2.541 0 0 2.75
3 16 -3.75 0 2.75 -16.25 0 2.75 0 1.052 2.541
3 16 -16.25 0 2.75 -20 1.052 2.541 0 1.052 2.541
3 16 -18.125 0 2.75 -20 1.052 2.541 -16.25 0 2.75
3 16 -18.125 0 2.75 -20 0 2.75 -20 1.052 2.541
3 16 12.241 1.616 7.759 11.954 1.616 7.567 11.616 1.25 8.384
3 16 12.5 1.616 31.616 12.433 1.616 31.278 11.616 1.25 31.616
3 16 12.433 1.616 8.046 12.241 1.616 7.759 11.616 1.25 8.384
3 16 11.954 1.616 7.567 11.616 1.616 7.5 11.616 1.25 8.384
3 16 12.433 1.616 31.278 12.241 1.616 30.991 11.616 1.25 31.616
3 16 12.241 1.616 9.009 12.433 1.616 8.722 11.616 1.25 8.384
3 16 12.433 1.616 8.722 12.5 1.616 8.384 11.616 1.25 8.384
3 16 12.5 1.616 8.384 12.433 1.616 8.046 11.616 1.25 8.384
3 16 12.241 1.616 32.241 12.433 1.616 31.954 11.616 1.25 31.616
3 16 11.954 1.616 32.433 12.241 1.616 32.241 11.616 1.25 31.616
3 16 11.616 1.616 32.5 11.954 1.616 32.433 11.616 1.25 31.616
3 16 12.433 1.616 31.954 12.5 1.616 31.616 11.616 1.25 31.616
3 16 11.278 1.616 32.433 11.616 1.616 32.5 11.616 1.25 31.616
3 16 11.616 1.616 7.5 11.278 1.616 7.567 11.616 1.25 8.384
3 16 10.991 1.616 32.241 11.278 1.616 32.433 11.616 1.25 31.616
3 16 11.278 1.616 7.567 10.991 1.616 7.759 11.616 1.25 8.384
3 16 5 1.25 15 12.241 1.616 9.009 11.616 1.25 8.384
3 16 12.241 1.616 9.009 5 1.25 15 5 1.616 16.25
3 16 12.241 1.616 30.991 5 1.25 25 11.616 1.25 31.616
3 16 5 1.25 25 12.241 1.616 30.991 5 1.616 23.75
3 16 11.616 1.25 31.616 5 1.616 26.25 10.991 1.616 32.241
3 16 5 1.616 13.75 11.616 1.25 8.384 10.991 1.616 7.759
3 16 11.616 1.25 8.384 5 1.616 13.75 5 1.25 15
3 16 5 1.616 26.25 11.616 1.25 31.616 5 1.25 25
3 16 5 1.25 15 1.25 1.616 20 5 1.616 16.25
3 16 5 1.616 23.75 0 1.25 20 5 1.25 25
3 16 0 1.25 20 5 1.616 23.75 1.25 1.616 20
3 16 5 1.25 15 0 1.616 18.75 0 1.25 20
3 16 0 1.616 21.25 5 1.25 25 0 1.25 20
3 16 1.25 1.616 20 5 1.25 15 0 1.25 20
3 16 5 1.25 25 0 1.616 21.25 5 1.616 26.25
3 16 0 1.616 18.75 5 1.25 15 5 1.616 13.75
3 16 0 1.616 18.75 -5 1.616 13.75 -5 1.25 15
3 16 -5 1.25 25 -5 1.616 26.25 0 1.616 21.25
3 16 -5 1.616 23.75 -5 1.25 25 0 1.25 20
3 16 -5 1.25 15 0 1.25 20 0 1.616 18.75
3 16 -1.25 1.616 20 0 1.25 20 -5 1.25 15
3 16 0 1.25 20 -1.25 1.616 20 -5 1.616 23.75
3 16 0 1.616 21.25 0 1.25 20 -5 1.25 25
3 16 -5 1.25 15 -5 1.616 16.25 -1.25 1.616 20
3 16 -11.616 1.25 8.384 -5 1.25 15 -5 1.616 13.75
3 16 -11.616 1.616 7.5 -11.616 1.25 8.384 -11.278 1.616 7.567
3 16 -5 1.616 26.25 -5 1.25 25 -11.616 1.25 31.616
3 16 -10.991 1.616 32.241 -11.616 1.25 31.616 -11.278 1.616 32.433
3 16 -11.278 1.616 32.433 -11.616 1.25 31.616 -11.616 1.616 32.5
3 16 -11.278 1.616 7.567 -11.616 1.25 8.384 -10.991 1.616 7.759
3 16 -5 1.616 13.75 -10.991 1.616 7.759 -11.616 1.25 8.384
3 16 -11.616 1.25 31.616 -10.991 1.616 32.241 -5 1.616 26.25
3 16 -11.616 1.616 32.5 -11.616 1.25 31.616 -11.954 1.616 32.433
3 16 -11.954 1.616 7.567 -11.616 1.25 8.384 -11.616 1.616 7.5
3 16 -12.241 1.616 30.991 -11.616 1.25 31.616 -5 1.25 25
3 16 -5 1.25 15 -11.616 1.25 8.384 -12.241 1.616 9.009
3 16 -5 1.25 25 -5 1.616 23.75 -12.241 1.616 30.991
3 16 -12.241 1.616 9.009 -5 1.616 16.25 -5 1.25 15
3 16 -12.241 1.616 7.759 -11.616 1.25 8.384 -11.954 1.616 7.567
3 16 -11.954 1.616 32.433 -11.616 1.25 31.616 -12.241 1.616 32.241
3 16 -12.433 1.616 31.278 -11.616 1.25 31.616 -12.241 1.616 30.991
3 16 -12.241 1.616 32.241 -11.616 1.25 31.616 -12.433 1.616 31.954
3 16 -12.433 1.616 8.046 -11.616 1.25 8.384 -12.241 1.616 7.759
3 16 -12.241 1.616 9.009 -11.616 1.25 8.384 -12.433 1.616 8.722
3 16 -12.5 1.616 31.616 -11.616 1.25 31.616 -12.433 1.616 31.278
3 16 -12.433 1.616 31.954 -11.616 1.25 31.616 -12.5 1.616 31.616
3 16 -12.433 1.616 8.722 -11.616 1.25 8.384 -12.5 1.616 8.384
3 16 -12.5 1.616 8.384 -11.616 1.25 8.384 -12.433 1.616 8.046
3 16 17.5 2.5 2.5 14.36 2.5 6.64 14.66 2.5 8.605
3 16 13.76 2.5 32.455 17.5 2.5 35 13.709 2.5 31.395
3 16 13.709 2.5 31.395 17.5 2.5 35 17.5 2.5 2.5
3 16 13.709 2.5 31.395 17.5 2.5 2.5 14.66 2.5 8.605
3 16 12.866 2.5 31.616 13.709 2.5 31.395 12.771 2.5 31.138
3 16 13.76 2.5 32.455 13.709 2.5 31.395 12.771 2.5 32.094
3 16 12.771 2.5 32.094 13.709 2.5 31.395 12.866 2.5 31.616
3 16 12.771 2.5 8.862 14.66 2.5 8.605 12.866 2.5 8.384
3 16 14.66 2.5 8.605 14.36 2.5 6.64 12.771 2.5 7.906
3 16 12.866 2.5 8.384 14.66 2.5 8.605 12.771 2.5 7.906
3 16 12.5 2.5 32.5 13.76 2.5 32.455 12.771 2.5 32.094
3 16 12.771 2.5 31.138 13.709 2.5 31.395 12.5 2.5 30.732
3 16 12.5 2.5 9.268 14.66 2.5 8.605 12.771 2.5 8.862
3 16 12.771 2.5 7.906 14.36 2.5 6.64 12.5 2.5 7.5
3 16 12.5 2.5 30.732 14.66 2.5 8.605 12.5 2.5 9.268
3 16 12.771 2.5 31.138 12.5 1.616 31.616 12.866 2.5 31.616
3 16 12.771 2.5 7.906 12.5 1.616 8.384 12.866 2.5 8.384
3 16 12.5 2.5 30.732 13.709 2.5 31.395 14.66 2.5 8.605
3 16 12.5 1.616 8.384 12.771 2.5 7.906 12.433 1.616 8.046
3 16 12.5 1.616 31.616 12.771 2.5 31.138 12.433 1.616 31.278
3 16 12.5 2.5 7.5 12.433 1.616 8.046 12.771 2.5 7.906
3 16 12.433 1.616 31.954 12.866 2.5 31.616 12.5 1.616 31.616
3 16 12.866 2.5 8.384 12.433 1.616 8.722 12.771 2.5 8.862
3 16 12.433 1.616 8.722 12.866 2.5 8.384 12.5 1.616 8.384
3 16 12.5 2.5 30.732 12.433 1.616 31.278 12.771 2.5 31.138
3 16 12.866 2.5 31.616 12.433 1.616 31.954 12.771 2.5 32.094
3 16 12.241 1.616 9.009 12.771 2.5 8.862 12.433 1.616 8.722
3 16 12.771 2.5 8.862 12.241 1.616 9.009 12.5 2.5 9.268
3 16 12.771 2.5 32.094 12.241 1.616 32.241 12.5 2.5 32.5
3 16 12.241 1.616 32.241 12.771 2.5 32.094 12.433 1.616 31.954
3 16 12.433 1.616 8.046 12.5 2.5 7.5 12.241 1.616 7.759
3 16 12.433 1.616 31.278 12.5 2.5 30.732 12.241 1.616 30.991
3 16 12.094 2.5 7.229 12.241 1.616 7.759 12.5 2.5 7.5
3 16 12.5 2.5 7.5 14.36 2.5 6.64 12.094 2.5 7.229
3 16 12.094 2.5 32.771 13.76 2.5 32.455 12.5 2.5 32.5
3 16 12.241 1.616 7.759 12.094 2.5 7.229 11.954 1.616 7.567
3 16 12.5 2.5 32.5 11.954 1.616 32.433 12.094 2.5 32.771
3 16 11.954 1.616 32.433 12.5 2.5 32.5 12.241 1.616 32.241
3 16 11.954 1.616 7.567 11.616 2.5 7.134 11.616 1.616 7.5
3 16 11.616 2.5 7.134 11.954 1.616 7.567 12.094 2.5 7.229
3 16 11.616 1.616 32.5 12.094 2.5 32.771 11.954 1.616 32.433
3 16 12.094 2.5 32.771 11.616 1.616 32.5 11.616 2.5 32.866
3 16 14.36 2.5 6.64 11.395 2.5 5.472 12.094 2.5 7.229
3 16 11.395 2.5 33.892 17.5 2.5 35 13.76 2.5 32.455
3 16 12.094 2.5 7.229 11.395 2.5 5.472 11.616 2.5 7.134
3 16 13.76 2.5 32.455 12.094 2.5 32.771 11.395 2.5 33.892
3 16 11.616 2.5 32.866 11.395 2.5 33.892 12.094 2.5 32.771
3 16 17.5 2.5 2.5 11.395 2.5 5.472 14.36 2.5 6.64
3 16 11.278 1.616 32.433 11.616 2.5 32.866 11.616 1.616 32.5
3 16 11.616 1.616 7.5 11.138 2.5 7.229 11.278 1.616 7.567
3 16 11.616 2.5 32.866 11.278 1.616 32.433 11.138 2.5 32.771
3 16 11.616 2.5 7.134 11.395 2.5 5.472 11.138 2.5 7.229
3 16 11.138 2.5 32.771 11.395 2.5 33.892 11.616 2.5 32.866
3 16 11.138 2.5 7.229 11.616 1.616 7.5 11.616 2.5 7.134
3 16 10.991 1.616 32.241 11.138 2.5 32.771 11.278 1.616 32.433
3 16 11.138 2.5 32.771 10.991 1.616 32.241 10.732 2.5 32.5
3 16 10.732 2.5 7.5 11.278 1.616 7.567 11.138 2.5 7.229
3 16 11.138 2.5 7.229 11.395 2.5 5.472 10.732 2.5 7.5
3 16 10.732 2.5 32.5 11.395 2.5 33.892 11.138 2.5 32.771
3 16 11.278 1.616 7.567 10.732 2.5 7.5 10.991 1.616 7.759
3 16 12.5 2.5 30.732 5 1.616 23.75 12.241 1.616 30.991
3 16 5 2.5 13.232 10.991 1.616 7.759 10.732 2.5 7.5
3 16 10.991 1.616 7.759 5 2.5 13.232 5 1.616 13.75
3 16 5 1.616 23.75 12.5 2.5 30.732 5 2.5 23.232
3 16 5 2.5 27.5 10.732 2.5 32.5 5 2.5 26.768
3 16 10.991 1.616 32.241 5 2.5 26.768 10.732 2.5 32.5
3 16 12.5 2.5 9.268 5 1.616 16.25 5 2.5 16.768
3 16 5 2.5 26.768 10.991 1.616 32.241 5 1.616 26.25
3 16 5 0 28.75 5 2.5 35 5 2.5 27.5
3 16 5 2.5 27.5 5 2.5 35 11.395 2.5 33.892
3 16 5 2.5 27.5 11.395 2.5 33.892 10.732 2.5 32.5
3 16 5 0 28.75 5 0 35 5 2.5 35
3 16 11.395 2.5 33.892 5 2.5 35 17.5 2.5 35
3 16 5 1.616 16.25 12.5 2.5 9.268 12.241 1.616 9.009
3 16 5 2.5 23.232 12.5 2.5 30.732 12.5 2.5 9.268
3 16 5 2.5 23.232 12.5 2.5 9.268 5 2.5 16.768
3 16 5 2.5 23.232 5 2.5 16.768 1.768 2.5 20
3 16 5 1.616 16.25 1.768 2.5 20 5 2.5 16.768
3 16 5 2.5 23.232 1.25 1.616 20 5 1.616 23.75
3 16 1.768 2.5 20 5 1.616 16.25 1.25 1.616 20
3 16 1.25 1.616 20 5 2.5 23.232 1.768 2.5 20
3 16 5 0 28.75 0 2.5 27.5 0 0 28.75
3 16 0 2.5 27.5 5 0 28.75 5 2.5 27.5
3 16 5 1.616 26.25 0 2.5 21.768 5 2.5 26.768
3 16 0 2.5 27.5 5 2.5 27.5 5 2.5 26.768
3 16 5 0 35 0 0 35 0 2.5 35
3 16 5 0 35 0 2.5 35 5 2.5 35
3 16 0 2.5 27.5 5 2.5 26.768 0 2.5 21.768
3 16 0 2.5 2.5 5 2.5 13.232 10.732 2.5 7.5
3 16 17.5 2.5 2.5 0 2.5 2.5 11.395 2.5 5.472
3 16 0 2.5 2.5 10.732 2.5 7.5 11.395 2.5 5.472
3 16 0 2.5 18.232 5 1.616 13.75 5 2.5 13.232
3 16 0 2.5 21.768 5 1.616 26.25 0 1.616 21.25
3 16 0 2.5 2.5 0 2.5 18.232 5 2.5 13.232
3 16 5 1.616 13.75 0 2.5 18.232 0 1.616 18.75
3 16 -5 0 35 0 2.5 35 0 0 35
3 16 0 2.5 27.5 -5 2.5 27.5 -5 0 28.75
3 16 0 2.5 27.5 0 2.5 21.768 -5 2.5 26.768
3 16 -5 1.616 26.25 -5 2.5 26.768 0 2.5 21.768
3 16 0 2.5 27.5 -5 2.5 26.768 -5 2.5 27.5
3 16 -5 0 35 -5 2.5 35 0 2.5 35
3 16 -5 0 28.75 0 0 28.75 0 2.5 27.5
3 16 -5 0 28.75 -5 2.5 27.5 -5 2.5 35
3 16 -5 0 28.75 -5 2.5 35 -5 0 35
3 16 -5 1.616 13.75 0 1.616 18.75 0 2.5 18.232
3 16 -1.25 1.616 20 -1.768 2.5 20 -5 2.5 23.232
3 16 -1.768 2.5 20 -1.25 1.616 20 -5 1.616 16.25
3 16 0 2.5 18.232 -5 2.5 13.232 -5 1.616 13.75
3 16 -5 2.5 23.232 -5 1.616 23.75 -1.25 1.616 20
3 16 -5 1.616 16.25 -5 2.5 16.768 -1.768 2.5 20
3 16 -5 2.5 23.232 -1.768 2.5 20 -5 2.5 16.768
3 16 0 2.5 21.768 0 1.616 21.25 -5 1.616 26.25
3 16 0 2.5 2.5 -5 2.5 13.232 0 2.5 18.232
3 16 -5 2.5 27.5 -5 2.5 26.768 -10.732 2.5 32.5
3 16 0 2.5 2.5 -10.732 2.5 7.5 -5 2.5 13.232
3 16 -10.991 1.616 32.241 -10.732 2.5 32.5 -5 2.5 26.768
3 16 -10.991 1.616 7.759 -5 1.616 13.75 -5 2.5 13.232
3 16 -5 2.5 13.232 -10.732 2.5 7.5 -10.991 1.616 7.759
3 16 -5 2.5 26.768 -5 1.616 26.25 -10.991 1.616 32.241
3 16 -11.138 2.5 32.771 -10.732 2.5 32.5 -10.991 1.616 32.241
3 16 -10.732 2.5 7.5 -11.138 2.5 7.229 -11.278 1.616 7.567
3 16 -11.278 1.616 7.567 -10.991 1.616 7.759 -10.732 2.5 7.5
3 16 -10.991 1.616 32.241 -11.278 1.616 32.433 -11.138 2.5 32.771
3 16 -5 2.5 27.5 -11.395 2.5 33.892 -5 2.5 35
3 16 -5 2.5 27.5 -10.732 2.5 32.5 -11.395 2.5 33.892
3 16 -10.732 2.5 32.5 -11.138 2.5 32.771 -11.395 2.5 33.892
3 16 0 2.5 2.5 -11.395 2.5 5.472 -10.732 2.5 7.5
3 16 -11.138 2.5 7.229 -10.732 2.5 7.5 -11.395 2.5 5.472
3 16 -11.278 1.616 32.433 -11.616 1.616 32.5 -11.616 2.5 32.866
3 16 -11.616 2.5 7.134 -11.138 2.5 7.229 -11.395 2.5 5.472
3 16 -11.616 2.5 32.866 -11.138 2.5 32.771 -11.278 1.616 32.433
3 16 -11.138 2.5 7.229 -11.616 2.5 7.134 -11.616 1.616 7.5
3 16 -11.616 1.616 7.5 -11.278 1.616 7.567 -11.138 2.5 7.229
3 16 -11.138 2.5 32.771 -11.616 2.5 32.866 -11.395 2.5 33.892
3 16 -11.954 1.616 7.567 -11.616 1.616 7.5 -11.616 2.5 7.134
3 16 -11.616 2.5 32.866 -12.094 2.5 32.771 -11.395 2.5 33.892
3 16 -12.094 2.5 7.229 -11.616 2.5 7.134 -11.395 2.5 5.472
3 16 -11.616 2.5 7.134 -12.094 2.5 7.229 -11.954 1.616 7.567
3 16 -11.616 1.616 32.5 -11.954 1.616 32.433 -12.094 2.5 32.771
3 16 -12.094 2.5 32.771 -11.616 2.5 32.866 -11.616 1.616 32.5
3 16 -12.241 1.616 7.759 -11.954 1.616 7.567 -12.094 2.5 7.229
3 16 -12.433 1.616 31.278 -12.241 1.616 30.991 -12.5 2.5 30.732
3 16 -12.5 2.5 9.268 -5 2.5 16.768 -5 1.616 16.25
3 16 -5 2.5 23.232 -5 2.5 16.768 -12.5 2.5 9.268
3 16 -12.433 1.616 8.046 -12.241 1.616 7.759 -12.5 2.5 7.5
3 16 -5 2.5 23.232 -12.5 2.5 9.268 -12.5 2.5 30.732
3 16 -12.5 2.5 32.5 -12.094 2.5 32.771 -11.954 1.616 32.433
3 16 -12.5 2.5 30.732 -12.241 1.616 30.991 -5 1.616 23.75
3 16 -5 1.616 23.75 -5 2.5 23.232 -12.5 2.5 30.732
3 16 -12.094 2.5 7.229 -12.5 2.5 7.5 -12.241 1.616 7.759
3 16 -11.954 1.616 32.433 -12.241 1.616 32.241 -12.5 2.5 32.5
3 16 -5 1.616 16.25 -12.241 1.616 9.009 -12.5 2.5 9.268
3 16 -12.5 2.5 30.732 -12.771 2.5 31.138 -12.433 1.616 31.278
3 16 -12.771 2.5 32.094 -12.5 2.5 32.5 -12.241 1.616 32.241
3 16 -12.241 1.616 32.241 -12.433 1.616 31.954 -12.771 2.5 32.094
3 16 -12.5 2.5 7.5 -12.771 2.5 7.906 -12.433 1.616 8.046
3 16 -12.5 1.616 31.616 -12.433 1.616 31.278 -12.771 2.5 31.138
3 16 -12.241 1.616 9.009 -12.433 1.616 8.722 -12.771 2.5 8.862
3 16 -12.771 2.5 8.862 -12.5 2.5 9.268 -12.241 1.616 9.009
3 16 -12.5 1.616 8.384 -12.433 1.616 8.046 -12.771 2.5 7.906
3 16 -12.866 2.5 31.616 -12.771 2.5 32.094 -12.433 1.616 31.954
3 16 -12.433 1.616 31.954 -12.5 1.616 31.616 -12.866 2.5 31.616
3 16 -12.866 2.5 8.384 -12.771 2.5 8.862 -12.433 1.616 8.722
3 16 -12.771 2.5 31.138 -12.866 2.5 31.616 -12.5 1.616 31.616
3 16 -12.433 1.616 8.722 -12.5 1.616 8.384 -12.866 2.5 8.384
3 16 -12.771 2.5 7.906 -12.866 2.5 8.384 -12.5 1.616 8.384
3 16 -12.866 2.5 31.616 -12.771 2.5 31.138 -13.709 2.5 31.395
3 16 -12.771 2.5 32.094 -12.866 2.5 31.616 -13.709 2.5 31.395
3 16 -12.771 2.5 31.138 -12.5 2.5 30.732 -13.709 2.5 31.395
3 16 -13.76 2.5 32.455 -11.395 2.5 33.892 -12.094 2.5 32.771
3 16 -12.5 2.5 32.5 -12.771 2.5 32.094 -13.76 2.5 32.455
3 16 -13.76 2.5 32.455 -12.771 2.5 32.094 -13.709 2.5 31.395
3 16 -12.094 2.5 32.771 -12.5 2.5 32.5 -13.76 2.5 32.455
3 16 -14.36 2.5 6.64 -12.094 2.5 7.229 -11.395 2.5 5.472
3 16 -12.771 2.5 7.906 -12.5 2.5 7.5 -14.36 2.5 6.64
3 16 -12.5 2.5 7.5 -12.094 2.5 7.229 -14.36 2.5 6.64
3 16 -12.771 2.5 8.862 -12.866 2.5 8.384 -14.66 2.5 8.605
3 16 -12.866 2.5 8.384 -12.771 2.5 7.906 -14.66 2.5 8.605
3 16 -14.66 2.5 8.605 -12.771 2.5 7.906 -14.36 2.5 6.64
3 16 -12.5 2.5 9.268 -12.771 2.5 8.862 -14.66 2.5 8.605
3 16 -12.5 2.5 30.732 -14.66 2.5 8.605 -13.709 2.5 31.395
3 16 -12.5 2.5 30.732 -12.5 2.5 9.268 -14.66 2.5 8.605
3 16 -13.76 2.5 32.455 -13.709 2.5 31.395 -17.5 2.5 35
3 16 -13.709 2.5 31.395 -17.5 2.5 2.5 -17.5 2.5 35
3 16 -11.395 2.5 33.892 -13.76 2.5 32.455 -17.5 2.5 35
3 16 -17.5 2.5 2.5 -14.66 2.5 8.605 -14.36 2.5 6.64
3 16 -11.395 2.5 33.892 -17.5 2.5 35 -5 2.5 35
3 16 -17.5 2.5 2.5 -14.36 2.5 6.64 -11.395 2.5 5.472
3 16 -13.709 2.5 31.395 -14.66 2.5 8.605 -17.5 2.5 2.5
3 16 -17.5 2.5 2.5 -11.395 2.5 5.472 0 2.5 2.5
3 16 17.5 2.622 35.773 17.5 2.5 35 0 2.5 35
3 16 17.5 2.622 35.773 0 2.5 35 0 2.622 35.773
3 16 -17.5 2.622 35.773 0 2.622 35.773 0 2.5 35
3 16 -17.5 2.622 35.773 0 2.5 35 -17.5 2.5 35
3 16 17.5 2.977 36.469 17.5 2.622 35.773 0 2.622 35.773
3 16 17.5 2.977 36.469 0 2.622 35.773 0 2.977 36.469
3 16 -17.5 2.977 36.469 0 2.977 36.469 0 2.622 35.773
3 16 -17.5 2.977 36.469 0 2.622 35.773 -17.5 2.622 35.773
3 16 17.5 3.531 37.023 0 2.977 36.469 0 3.531 37.023
3 16 17.5 3.531 37.023 17.5 2.977 36.469 0 2.977 36.469
3 16 -17.5 3.531 37.023 0 3.531 37.023 0 2.977 36.469
3 16 -17.5 3.531 37.023 0 2.977 36.469 -17.5 2.977 36.469
3 16 17.5 4.227 37.378 0 3.531 37.023 0 4.227 37.378
3 16 17.5 4.227 37.378 17.5 3.531 37.023 0 3.531 37.023
3 16 -17.5 4.227 37.378 0 4.227 37.378 0 3.531 37.023
3 16 -17.5 4.227 37.378 0 3.531 37.023 -17.5 3.531 37.023
3 16 17.5 5 37.5 0 4.227 37.378 0 5 37.5
3 16 17.5 5 37.5 17.5 4.227 37.378 0 4.227 37.378
3 16 -17.5 5 37.5 0 5 37.5 0 4.227 37.378
3 16 -17.5 5 37.5 0 4.227 37.378 -17.5 4.227 37.378
3 16 20 5 40 20 8 35 20 8 40
3 16 20 3.455 39.755 20 8 35 20 5 40
3 16 20 8 2.75 20 8 35 20 0 35
3 16 20 8 2.75 20 0 35 20 0 10
3 16 20 8 2.75 20 1.945 1.945 20 2.541 1.052
3 16 20 8 2.75 20 0 10 20 0 2.75
3 16 20 8 2.75 20 0 2.75 20 1.052 2.541
3 16 20 1.945 1.945 20 8 2.75 20 1.052 2.541
3 16 20 2.061 39.045 20 8 35 20 3.455 39.755
3 16 20 0.955 37.939 20 8 35 20 2.061 39.045
3 16 20 0 35 20 8 35 20 0.245 36.545
3 16 20 0.245 36.545 20 8 35 20 0.955 37.939
3 16 17.5 2.977 36.469 17.5 8 35 17.5 2.622 35.773
3 16 17.5 5 37.5 17.5 8 35 17.5 4.227 37.378
3 16 17.5 8 2.5 17.5 2.5 35 17.5 8 35
3 16 17.5 4.227 37.378 17.5 8 35 17.5 3.531 37.023
3 16 17.5 3.531 37.023 17.5 8 35 17.5 2.977 36.469
3 16 17.5 2.622 35.773 17.5 8 35 17.5 2.5 35
3 16 17.5 2.5 35 17.5 8 2.5 17.5 2.5 2.5
3 16 17.5 8 37.5 20 8 35 17.5 8 35
3 16 17.5 8 2.5 20 8 2.75 20 8 0
3 16 17.5 8 35 20 8 35 20 8 2.75
3 16 17.5 8 35 17.5 5 37.5 17.5 8 37.5
3 16 17.5 8 37.5 20 8 40 20 8 35
3 16 17.5 8 35 20 8 2.75 17.5 8 2.5
3 16 0 8 40 17.5 8 37.5 0 8 37.5
3 16 17.5 2.5 2.5 0 8 2.5 0 2.5 2.5
3 16 0 8 40 20 8 40 17.5 8 37.5
3 16 0 8 2.5 17.5 2.5 2.5 17.5 8 2.5
3 16 0 5 37.5 17.5 8 37.5 17.5 5 37.5
3 16 17.5 8 37.5 0 5 37.5 0 8 37.5
3 16 0 5 37.5 -17.5 5 37.5 -17.5 8 37.5
3 16 -17.5 4.227 37.378 -17.5 3.531 37.023 -17.5 8 35
3 16 -17.5 3.531 37.023 -17.5 2.977 36.469 -17.5 8 35
3 16 -17.5 8 2.5 -17.5 8 35 -17.5 2.5 35
3 16 -17.5 2.5 35 -17.5 2.5 2.5 -17.5 8 2.5
3 16 -17.5 2.622 35.773 -17.5 2.5 35 -17.5 8 35
3 16 -17.5 8 35 -17.5 8 37.5 -17.5 5 37.5
3 16 -17.5 5 37.5 -17.5 4.227 37.378 -17.5 8 35
3 16 -17.5 2.977 36.469 -17.5 2.622 35.773 -17.5 8 35
3 16 0 8 2.5 -17.5 8 2.5 -17.5 2.5 2.5
3 16 -17.5 2.5 2.5 0 2.5 2.5 0 8 2.5
3 16 0 8 40 0 8 37.5 -17.5 8 37.5
3 16 -17.5 8 37.5 0 8 37.5 0 5 37.5
3 16 -20 5 40 -20 8 40 -20 8 35
3 16 -20 2.061 39.045 -20 3.455 39.755 -20 8 35
3 16 -20 8 2.75 -20 0 2.75 -20 0 10
3 16 -17.5 8 37.5 -17.5 8 35 -20 8 35
3 16 0 8 40 -17.5 8 37.5 -20 8 40
3 16 -17.5 8 2.5 -20 8 0 -20 8 2.75
3 16 -17.5 8 37.5 -20 8 35 -20 8 40
3 16 -17.5 8 35 -20 8 2.75 -20 8 35
3 16 -20 1.945 1.945 -20 1.052 2.541 -20 8 2.75
3 16 -17.5 8 35 -17.5 8 2.5 -20 8 2.75
3 16 -20 3.455 39.755 -20 5 40 -20 8 35
3 16 -20 8 2.75 -20 2.541 1.052 -20 1.945 1.945
3 16 -20 0 35 -20 0.245 36.545 -20 8 35
3 16 -20 8 2.75 -20 0 35 -20 8 35
3 16 -20 8 2.75 -20 0 10 -20 0 35
3 16 -20 8 2.75 -20 1.052 2.541 -20 0 2.75
3 16 -20 0.245 36.545 -20 0.955 37.939 -20 8 35
3 16 -20 0.955 37.939 -20 2.061 39.045 -20 8 35
4 16 18.125 -4.619 1.913 18.125 -5 0 20 -5 0 20 -4.619 1.913
4 16 18.125 -5 0 18.125 -4.619 -1.913 20 -4.619 -1.913 20 -5 0
4 16 16.25 -4.619 1.913 16.25 -5 0 18.125 -5 0 18.125 -4.619 1.913
4 16 18.125 -4.619 -1.913 18.125 -5 0 16.25 -5 0 16.25 -4.619 -1.913
4 16 3.75 -4.619 1.913 0 -4.619 1.913 0 -5 0 3.75 -5 0
4 16 0 -4.619 -1.913 3.75 -4.619 -1.913 3.75 -5 0 0 -5 0
4 16 0 -5 0 0 -4.619 1.913 -3.75 -4.619 1.913 -3.75 -5 0
4 16 0 -4.619 -1.913 0 -5 0 -3.75 -5 0 -3.75 -4.619 -1.913
4 16 -16.25 -5 0 -18.125 -5 0 -18.125 -4.619 -1.913 -16.25 -4.619 -1.913
4 16 -18.125 -5 0 -16.25 -5 0 -16.25 -4.619 1.913 -18.125 -4.619 1.913
4 16 -20 -5 0 -18.125 -5 0 -18.125 -4.619 1.913 -20 -4.619 1.913
4 16 -20 -4.619 -1.913 -18.125 -4.619 -1.913 -18.125 -5 0 -20 -5 0
4 16 20 -3.536 -3.536 20 -4.619 -1.913 18.125 -4.619 -1.913 18.125 -3.536 -3.536
4 16 18.125 -3.536 -3.536 18.125 -4.619 -1.913 16.25 -4.619 -1.913 16.25 -3.536 -3.536
4 16 0 -4.619 1.913 3.75 -4.619 1.913 3.75 -3.536 3.536 0 -3.536 3.536
4 16 3.75 -4.619 -1.913 0 -4.619 -1.913 0 -3.536 -3.536 3.75 -3.536 -3.536
4 16 0 -3.536 -3.536 0 -4.619 -1.913 -3.75 -4.619 -1.913 -3.75 -3.536 -3.536
4 16 -3.75 -3.536 3.536 -3.75 -4.619 1.913 0 -4.619 1.913 0 -3.536 3.536
4 16 -18.125 -3.536 -3.536 -16.25 -3.536 -3.536 -16.25 -4.619 -1.913 -18.125 -4.619 -1.913
4 16 -18.125 -4.619 -1.913 -20 -4.619 -1.913 -20 -3.536 -3.536 -18.125 -3.536 -3.536
4 16 20 -2.75 0 20 -5 0 20 -4.619 -1.913 20 -2.541 -1.052
4 16 20 -5 0 20 -2.75 0 20 -2.541 1.052 20 -4.619 1.913
4 16 20 -2.541 1.052 20 -2.75 0 18.125 -2.75 0 18.125 -2.541 1.052
4 16 18.125 -2.541 -1.052 18.125 -2.75 0 20 -2.75 0 20 -2.541 -1.052
4 16 16.25 -2.75 0 16.25 -2.541 1.052 18.125 -2.541 1.052 18.125 -2.75 0
4 16 18.125 -2.75 0 18.125 -2.541 -1.052 16.25 -2.541 -1.052 16.25 -2.75 0
4 16 16.25 -5 0 16.25 -2.75 0 16.25 -2.541 -1.052 16.25 -4.619 -1.913
4 16 16.25 -2.75 0 16.25 -5 0 16.25 -4.619 1.913 16.25 -2.541 1.052
4 16 3.75 -2.75 0 3.75 -5 0 3.75 -4.619 -1.913 3.75 -2.541 -1.052
4 16 3.75 -5 0 3.75 -2.75 0 3.75 -2.541 1.052 3.75 -4.619 1.913
4 16 3.75 -2.75 0 0 -2.75 0 0 -2.541 1.052 3.75 -2.541 1.052
4 16 3.75 -2.541 -1.052 0 -2.541 -1.052 0 -2.75 0 3.75 -2.75 0
4 16 -3.75 -2.75 0 -3.75 -2.541 -1.052 -3.75 -4.619 -1.913 -3.75 -5 0
4 16 0 -2.541 1.052 0 -2.75 0 -3.75 -2.75 0 -3.75 -2.541 1.052
4 16 -3.75 -5 0 -3.75 -4.619 1.913 -3.75 -2.541 1.052 -3.75 -2.75 0
4 16 -3.75 -2.541 -1.052 -3.75 -2.75 0 0 -2.75 0 0 -2.541 -1.052
4 16 -16.25 -2.75 0 -16.25 -2.541 1.052 -16.25 -4.619 1.913 -16.25 -5 0
4 16 -16.25 -5 0 -16.25 -4.619 -1.913 -16.25 -2.541 -1.052 -16.25 -2.75 0
4 16 -16.25 -2.541 -1.052 -18.125 -2.541 -1.052 -18.125 -2.75 0 -16.25 -2.75 0
4 16 -16.25 -2.75 0 -18.125 -2.75 0 -18.125 -2.541 1.052 -16.25 -2.541 1.052
4 16 -20 -5 0 -20 -4.619 1.913 -20 -2.541 1.052 -20 -2.75 0
4 16 -20 -2.75 0 -18.125 -2.75 0 -18.125 -2.541 -1.052 -20 -2.541 -1.052
4 16 -18.125 -2.75 0 -20 -2.75 0 -20 -2.541 1.052 -18.125 -2.541 1.052
4 16 -20 -4.619 -1.913 -20 -5 0 -20 -2.75 0 -20 -2.541 -1.052
4 16 20 -2.541 -1.052 20 -4.619 -1.913 20 -3.536 -3.536 20 -1.945 -1.945
4 16 18.125 -2.541 1.052 18.125 -1.945 1.945 20 -1.945 1.945 20 -2.541 1.052
4 16 20 -2.541 -1.052 20 -1.945 -1.945 18.125 -1.945 -1.945 18.125 -2.541 -1.052
4 16 16.25 -2.541 1.052 16.25 -4.619 1.913 16.25 -3.536 3.536 16.25 -1.945 1.945
4 16 18.125 -2.541 -1.052 18.125 -1.945 -1.945 16.25 -1.945 -1.945 16.25 -2.541 -1.052
4 16 16.25 -4.619 -1.913 16.25 -2.541 -1.052 16.25 -1.945 -1.945 16.25 -3.536 -3.536
4 16 18.125 -1.945 1.945 18.125 -2.541 1.052 16.25 -2.541 1.052 16.25 -1.945 1.945
4 16 3.75 -3.536 -3.536 3.75 -1.945 -1.945 3.75 -2.541 -1.052 3.75 -4.619 -1.913
4 16 3.75 -4.619 1.913 3.75 -2.541 1.052 3.75 -1.945 1.945 3.75 -3.536 3.536
4 16 3.75 -2.541 1.052 0 -2.541 1.052 0 -1.945 1.945 3.75 -1.945 1.945
4 16 3.75 -1.945 -1.945 0 -1.945 -1.945 0 -2.541 -1.052 3.75 -2.541 -1.052
4 16 0 -1.945 1.945 0 -2.541 1.052 -3.75 -2.541 1.052 -3.75 -1.945 1.945
4 16 -3.75 -4.619 1.913 -3.75 -3.536 3.536 -3.75 -1.945 1.945 -3.75 -2.541 1.052
4 16 -3.75 -2.541 -1.052 -3.75 -1.945 -1.945 -3.75 -3.536 -3.536 -3.75 -4.619 -1.913
4 16 -3.75 -1.945 -1.945 -3.75 -2.541 -1.052 0 -2.541 -1.052 0 -1.945 -1.945
4 16 -16.25 -2.541 1.052 -16.25 -1.945 1.945 -16.25 -3.536 3.536 -16.25 -4.619 1.913
4 16 -16.25 -4.619 -1.913 -16.25 -3.536 -3.536 -16.25 -1.945 -1.945 -16.25 -2.541 -1.052
4 16 -16.25 -2.541 1.052 -18.125 -2.541 1.052 -18.125 -1.945 1.945 -16.25 -1.945 1.945
4 16 -18.125 -2.541 -1.052 -16.25 -2.541 -1.052 -16.25 -1.945 -1.945 -18.125 -1.945 -1.945
4 16 -20 -3.536 -3.536 -20 -4.619 -1.913 -20 -2.541 -1.052 -20 -1.945 -1.945
4 16 -18.125 -2.541 1.052 -20 -2.541 1.052 -20 -1.945 1.945 -18.125 -1.945 1.945
4 16 -20 -2.541 -1.052 -18.125 -2.541 -1.052 -18.125 -1.945 -1.945 -20 -1.945 -1.945
4 16 20 -1.913 -4.619 20 -3.536 -3.536 18.125 -3.536 -3.536 18.125 -1.913 -4.619
4 16 18.125 -1.913 -4.619 18.125 -3.536 -3.536 16.25 -3.536 -3.536 16.25 -1.913 -4.619
4 16 3.75 -1.913 4.619 0 -1.913 4.619 0 -3.536 3.536 3.75 -3.536 3.536
4 16 3.75 -3.536 -3.536 0 -3.536 -3.536 0 -1.913 -4.619 3.75 -1.913 -4.619
4 16 0 -3.536 3.536 0 -1.913 4.619 -3.75 -1.913 4.619 -3.75 -3.536 3.536
4 16 0 -1.913 -4.619 0 -3.536 -3.536 -3.75 -3.536 -3.536 -3.75 -1.913 -4.619
4 16 -18.125 -1.913 -4.619 -16.25 -1.913 -4.619 -16.25 -3.536 -3.536 -18.125 -3.536 -3.536
4 16 -20 -1.913 -4.619 -18.125 -1.913 -4.619 -18.125 -3.536 -3.536 -20 -3.536 -3.536
4 16 20 -1.913 -4.619 20 -1.052 -2.541 20 -1.945 -1.945 20 -3.536 -3.536
4 16 18.125 -1.945 1.945 18.125 -1.052 2.541 20 -1.052 2.541 20 -1.945 1.945
4 16 20 -1.945 -1.945 20 -1.052 -2.541 18.125 -1.052 -2.541 18.125 -1.945 -1.945
4 16 16.25 -1.945 1.945 16.25 -3.536 3.536 16.25 -1.913 4.619 16.25 -1.052 2.541
4 16 16.25 -3.536 -3.536 16.25 -1.945 -1.945 16.25 -1.052 -2.541 16.25 -1.913 -4.619
4 16 16.25 -1.945 1.945 16.25 -1.052 2.541 18.125 -1.052 2.541 18.125 -1.945 1.945
4 16 18.125 -1.945 -1.945 18.125 -1.052 -2.541 16.25 -1.052 -2.541 16.25 -1.945 -1.945
4 16 3.75 -1.945 -1.945 3.75 -3.536 -3.536 3.75 -1.913 -4.619 3.75 -1.052 -2.541
4 16 3.75 -3.536 3.536 3.75 -1.945 1.945 3.75 -1.052 2.541 3.75 -1.913 4.619
4 16 3.75 -1.945 1.945 0 -1.945 1.945 0 -1.052 2.541 3.75 -1.052 2.541
4 16 3.75 -1.052 -2.541 0 -1.052 -2.541 0 -1.945 -1.945 3.75 -1.945 -1.945
4 16 -3.75 -3.536 3.536 -3.75 -1.913 4.619 -3.75 -1.052 2.541 -3.75 -1.945 1.945
4 16 -3.75 -1.945 1.945 -3.75 -1.052 2.541 0 -1.052 2.541 0 -1.945 1.945
4 16 0 -1.945 -1.945 0 -1.052 -2.541 -3.75 -1.052 -2.541 -3.75 -1.945 -1.945
4 16 -3.75 -1.945 -1.945 -3.75 -1.052 -2.541 -3.75 -1.913 -4.619 -3.75 -3.536 -3.536
4 16 -16.25 -1.945 1.945 -16.25 -1.052 2.541 -16.25 -1.913 4.619 -16.25 -3.536 3.536
4 16 -16.25 -3.536 -3.536 -16.25 -1.913 -4.619 -16.25 -1.052 -2.541 -16.25 -1.945 -1.945
4 16 -16.25 -1.945 1.945 -18.125 -1.945 1.945 -18.125 -1.052 2.541 -16.25 -1.052 2.541
4 16 -18.125 -1.945 -1.945 -16.25 -1.945 -1.945 -16.25 -1.052 -2.541 -18.125 -1.052 -2.541
4 16 -20 -1.913 -4.619 -20 -3.536 -3.536 -20 -1.945 -1.945 -20 -1.052 -2.541
4 16 -18.125 -1.052 -2.541 -20 -1.052 -2.541 -20 -1.945 -1.945 -18.125 -1.945 -1.945
4 16 -18.125 -1.945 1.945 -20 -1.945 1.945 -20 -1.052 2.541 -18.125 -1.052 2.541
4 16 20 0 -5 20 0 -2.75 20 -1.052 -2.541 20 -1.913 -4.619
4 16 20 -1.052 -2.541 20 0 -2.75 18.125 0 -2.75 18.125 -1.052 -2.541
4 16 18.125 0 -2.75 20 0 -2.75 20 0 -5 18.125 0 -5
4 16 18.125 -1.052 2.541 18.125 0 2.75 20 0 2.75 20 -1.052 2.541
4 16 20 0 -5 20 -1.913 -4.619 18.125 -1.913 -4.619 18.125 0 -5
4 16 18.125 -1.052 -2.541 18.125 0 -2.75 16.25 0 -2.75 16.25 -1.052 -2.541
4 16 16.25 0 5 16.25 0 2.75 16.25 -1.052 2.541 16.25 -1.913 4.619
4 16 16.25 -1.913 -4.619 16.25 -1.052 -2.541 16.25 0 -2.75 16.25 0 -5
4 16 18.125 0 2.75 18.125 -1.052 2.541 16.25 -1.052 2.541 16.25 0 2.75
4 16 16.25 0 -2.75 18.125 0 -2.75 18.125 0 -5 16.25 0 -5
4 16 18.125 0 -5 18.125 -1.913 -4.619 16.25 -1.913 -4.619 16.25 0 -5
4 16 3.75 0 -5 3.75 0 -2.75 3.75 -1.052 -2.541 3.75 -1.913 -4.619
4 16 3.75 -1.913 4.619 3.75 -1.052 2.541 3.75 0 2.75 3.75 0 5
4 16 3.75 -1.052 2.541 0 -1.052 2.541 0 0 2.75 3.75 0 2.75
4 16 3.75 0 5 0 0 5 0 -1.913 4.619 3.75 -1.913 4.619
4 16 0 -1.052 -2.541 3.75 -1.052 -2.541 3.75 0 -2.75 0 0 -2.75
4 16 3.75 -1.913 -4.619 0 -1.913 -4.619 0 0 -5 3.75 0 -5
4 16 3.75 0 -5 0 0 -5 0 0 -2.75 3.75 0 -2.75
4 16 -3.75 -1.913 -4.619 -3.75 0 -5 0 0 -5 0 -1.913 -4.619
4 16 -3.75 0 2.75 -3.75 -1.052 2.541 -3.75 -1.913 4.619 -3.75 0 5
4 16 -3.75 0 -5 -3.75 -1.913 -4.619 -3.75 -1.052 -2.541 -3.75 0 -2.75
4 16 -3.75 0 5 -3.75 -1.913 4.619 0 -1.913 4.619 0 0 5
4 16 -3.75 -1.052 2.541 -3.75 0 2.75 0 0 2.75 0 -1.052 2.541
4 16 -3.75 0 -5 -3.75 0 -2.75 0 0 -2.75 0 0 -5
4 16 -3.75 0 -2.75 -3.75 -1.052 -2.541 0 -1.052 -2.541 0 0 -2.75
4 16 -16.25 0 -2.75 -16.25 -1.052 -2.541 -16.25 -1.913 -4.619 -16.25 0 -5
4 16 -16.25 -1.052 2.541 -16.25 0 2.75 -16.25 0 5 -16.25 -1.913 4.619
4 16 -16.25 -1.052 2.541 -18.125 -1.052 2.541 -18.125 0 2.75 -16.25 0 2.75
4 16 -18.125 0 -5 -18.125 0 -2.75 -16.25 0 -2.75 -16.25 0 -5
4 16 -18.125 0 -5 -16.25 0 -5 -16.25 -1.913 -4.619 -18.125 -1.913 -4.619
4 16 -18.125 -1.052 -2.541 -16.25 -1.052 -2.541 -16.25 0 -2.75 -18.125 0 -2.75
4 16 -18.125 -1.913 -4.619 -20 -1.913 -4.619 -20 0 -5 -18.125 0 -5
4 16 -20 0 2.75 -18.125 0 2.75 -18.125 -1.052 2.541 -20 -1.052 2.541
4 16 -20 -1.052 -2.541 -20 0 -2.75 -20 0 -5 -20 -1.913 -4.619
4 16 -18.125 0 -2.75 -18.125 0 -5 -20 0 -5 -20 0 -2.75
4 16 -20 -1.052 -2.541 -18.125 -1.052 -2.541 -18.125 0 -2.75 -20 0 -2.75
4 16 0 0 35 20 0 35 20 0.245 36.545 0 0.245 36.545
4 16 -20 0.245 36.545 -20 0 35 0 0 35 0 0.245 36.545
4 16 0 0.245 36.545 20 0.245 36.545 20 0.955 37.939 0 0.955 37.939
4 16 -20 0.955 37.939 -20 0.245 36.545 0 0.245 36.545 0 0.955 37.939
4 16 20 1.052 2.541 0 1.052 2.541 0 1.945 1.945 20 1.945 1.945
4 16 0 1.945 1.945 0 1.052 2.541 -20 1.052 2.541 -20 1.945 1.945
4 16 0 0.955 37.939 20 0.955 37.939 20 2.061 39.045 0 2.061 39.045
4 16 0 0.955 37.939 0 2.061 39.045 -20 2.061 39.045 -20 0.955 37.939
4 16 0 1.945 1.945 0 2.541 1.052 20 2.541 1.052 20 1.945 1.945
4 16 0 1.945 1.945 -20 1.945 1.945 -20 2.541 1.052 0 2.541 1.052
4 16 20 2.75 0 20 2.541 1.052 0 2.541 1.052 0 2.75 0
4 16 -20 2.75 0 0 2.75 0 0 2.541 1.052 -20 2.541 1.052
4 16 0 2.061 39.045 20 2.061 39.045 20 3.455 39.755 0 3.455 39.755
4 16 -20 3.455 39.755 -20 2.061 39.045 0 2.061 39.045 0 3.455 39.755
4 16 20 5 40 0 5 40 0 3.455 39.755 20 3.455 39.755
4 16 -20 5 40 -20 3.455 39.755 0 3.455 39.755 0 5 40
4 16 20 2.75 0 20 8 0 20 8 2.75 20 2.541 1.052
4 16 0 2.75 0 0 8 0 20 8 0 20 2.75 0
4 16 0 5 40 20 5 40 20 8 40 0 8 40
4 16 0 8 0 0 8 2.5 17.5 8 2.5 20 8 0
4 16 0 5 40 0 8 40 -20 8 40 -20 5 40
4 16 0 8 0 -20 8 0 -17.5 8 2.5 0 8 2.5
4 16 -20 2.75 0 -20 2.541 1.052 -20 8 2.75 -20 8 0
4 16 0 2.75 0 -20 2.75 0 -20 8 0 0 8 0
5 24 20 -5 0 18.125 -5 0 20 -4.619 1.913 20 -4.619 -1.913
5 24 18.125 -5 0 16.25 -5 0 18.125 -4.619 1.913 18.125 -4.619 -1.913
5 24 3.75 -5 0 0 -5 0 3.75 -4.619 1.913 3.75 -4.619 -1.913
5 24 0 -5 0 -3.75 -5 0 0 -4.619 -1.913 0 -4.619 1.913
5 24 -16.25 -5 0 -18.125 -5 0 -16.25 -4.619 1.913 -16.25 -4.619 -1.913
5 24 -18.125 -5 0 -20 -5 0 -18.125 -4.619 1.913 -18.125 -4.619 -1.913
5 24 20 -4.619 1.913 18.125 -4.619 1.913 20 0 10 20 -5 0
5 24 20 -4.619 -1.913 18.125 -4.619 -1.913 20 -3.536 -3.536 20 -5 0
5 24 18.125 -4.619 -1.913 16.25 -4.619 -1.913 18.125 -3.536 -3.536 18.125 -5 0
5 24 18.125 -4.619 1.913 16.25 -4.619 1.913 18.125 -3.536 3.536 18.125 -5 0
5 24 3.75 -4.619 -1.913 0 -4.619 -1.913 3.75 -3.536 -3.536 3.75 -5 0
5 24 3.75 -4.619 1.913 0 -4.619 1.913 3.75 -3.536 3.536 3.75 -5 0
5 24 0 -4.619 -1.913 -3.75 -4.619 -1.913 0 -3.536 -3.536 0 -5 0
5 24 0 -4.619 1.913 -3.75 -4.619 1.913 0 -3.536 3.536 0 -5 0
5 24 -16.25 -4.619 1.913 -18.125 -4.619 1.913 -18.125 -3.536 3.536 -16.25 -5 0
5 24 -16.25 -4.619 -1.913 -18.125 -4.619 -1.913 -16.25 -3.536 -3.536 -16.25 -5 0
5 24 -18.125 -4.619 1.913 -20 -4.619 1.913 -20 0 10 -18.125 -5 0
5 24 -18.125 -4.619 -1.913 -20 -4.619 -1.913 -18.125 -3.536 -3.536 -18.125 -5 0
5 24 20 -3.536 -3.536 18.125 -3.536 -3.536 20 -1.913 -4.619 20 -4.619 -1.913
5 24 18.125 -3.536 3.536 16.25 -3.536 3.536 16.25 -4.619 1.913 18.125 -1.913 4.619
5 24 18.125 -3.536 -3.536 16.25 -3.536 -3.536 18.125 -1.913 -4.619 18.125 -4.619 -1.913
5 24 3.75 -3.536 3.536 0 -3.536 3.536 3.75 -1.913 4.619 3.75 -4.619 1.913
5 24 3.75 -3.536 -3.536 0 -3.536 -3.536 3.75 -1.913 -4.619 3.75 -4.619 -1.913
5 24 0 -3.536 -3.536 -3.75 -3.536 -3.536 0 -1.913 -4.619 0 -4.619 -1.913
5 24 0 -3.536 3.536 -3.75 -3.536 3.536 0 -1.913 4.619 0 -4.619 1.913
5 24 -16.25 -3.536 -3.536 -18.125 -3.536 -3.536 -16.25 -1.913 -4.619 -16.25 -4.619 -1.913
5 24 -16.25 -3.536 3.536 -18.125 -3.536 3.536 -16.25 -4.619 1.913 -18.125 -1.913 4.619
5 24 -18.125 -3.536 -3.536 -20 -3.536 -3.536 -18.125 -1.913 -4.619 -18.125 -4.619 -1.913
5 24 20 -2.75 0 18.125 -2.75 0 20 -2.541 1.052 20 -2.541 -1.052
5 24 18.125 -2.75 0 16.25 -2.75 0 18.125 -2.541 1.052 18.125 -2.541 -1.052
5 24 3.75 -2.75 0 0 -2.75 0 3.75 -2.541 1.052 3.75 -2.541 -1.052
5 24 0 -2.75 0 -3.75 -2.75 0 0 -2.541 1.052 0 -2.541 -1.052
5 24 -16.25 -2.75 0 -18.125 -2.75 0 -16.25 -2.541 -1.052 -16.25 -2.541 1.052
5 24 -18.125 -2.75 0 -20 -2.75 0 -18.125 -2.541 -1.052 -18.125 -2.541 1.052
5 24 20 -2.541 -1.052 18.125 -2.541 -1.052 20 -1.945 -1.945 20 -2.75 0
5 24 20 -2.541 1.052 18.125 -2.541 1.052 20 -1.945 1.945 20 -2.75 0
5 24 18.125 -2.541 -1.052 16.25 -2.541 -1.052 18.125 -1.945 -1.945 18.125 -2.75 0
5 24 18.125 -2.541 1.052 16.25 -2.541 1.052 18.125 -1.945 1.945 18.125 -2.75 0
5 24 3.75 -2.541 1.052 0 -2.541 1.052 3.75 -1.945 1.945 3.75 -2.75 0
5 24 3.75 -2.541 -1.052 0 -2.541 -1.052 3.75 -1.945 -1.945 3.75 -2.75 0
5 24 0 -2.541 -1.052 -3.75 -2.541 -1.052 0 -1.945 -1.945 0 -2.75 0
5 24 0 -2.541 1.052 -3.75 -2.541 1.052 0 -1.945 1.945 0 -2.75 0
5 24 -16.25 -2.541 -1.052 -18.125 -2.541 -1.052 -16.25 -1.945 -1.945 -16.25 -2.75 0
5 24 -16.25 -2.541 1.052 -18.125 -2.541 1.052 -16.25 -1.945 1.945 -16.25 -2.75 0
5 24 -18.125 -2.541 -1.052 -20 -2.541 -1.052 -18.125 -1.945 -1.945 -18.125 -2.75 0
5 24 -18.125 -2.541 1.052 -20 -2.541 1.052 -18.125 -1.945 1.945 -18.125 -2.75 0
5 24 5 -2.5 27.5 0 -2.5 27.5 0 -5 27.5 5 0 27
5 24 0 -2.5 27.5 -5 -2.5 27.5 0 -5 27.5 -5 0 27
5 24 20 -1.945 1.945 18.125 -1.945 1.945 20 -1.052 2.541 20 -2.541 1.052
5 24 20 -1.945 -1.945 18.125 -1.945 -1.945 20 -1.052 -2.541 20 -2.541 -1.052
5 24 18.125 -1.945 -1.945 16.25 -1.945 -1.945 18.125 -1.052 -2.541 18.125 -2.541 -1.052
5 24 18.125 -1.945 1.945 16.25 -1.945 1.945 18.125 -1.052 2.541 18.125 -2.541 1.052
5 24 3.75 -1.945 -1.945 0 -1.945 -1.945 3.75 -1.052 -2.541 3.75 -2.541 -1.052
5 24 3.75 -1.945 1.945 0 -1.945 1.945 3.75 -1.052 2.541 3.75 -2.541 1.052
5 24 0 -1.945 -1.945 -3.75 -1.945 -1.945 0 -1.052 -2.541 0 -2.541 -1.052
5 24 0 -1.945 1.945 -3.75 -1.945 1.945 0 -1.052 2.541 0 -2.541 1.052
5 24 -16.25 -1.945 1.945 -18.125 -1.945 1.945 -16.25 -1.052 2.541 -16.25 -2.541 1.052
5 24 -16.25 -1.945 -1.945 -18.125 -1.945 -1.945 -16.25 -1.052 -2.541 -16.25 -2.541 -1.052
5 24 -18.125 -1.945 -1.945 -20 -1.945 -1.945 -18.125 -1.052 -2.541 -18.125 -2.541 -1.052
5 24 -18.125 -1.945 1.945 -20 -1.945 1.945 -18.125 -1.052 2.541 -18.125 -2.541 1.052
5 24 20 -1.913 -4.619 18.125 -1.913 -4.619 20 0 -5 20 -3.536 -3.536
5 24 18.125 -1.913 4.619 16.25 -1.913 4.619 16.25 -3.536 3.536 18.125 0 5
5 24 18.125 -1.913 -4.619 16.25 -1.913 -4.619 18.125 0 -5 18.125 -3.536 -3.536
5 24 3.75 -1.913 4.619 0 -1.913 4.619 3.75 0 5 3.75 -3.536 3.536
5 24 3.75 -1.913 -4.619 0 -1.913 -4.619 3.75 0 -5 3.75 -3.536 -3.536
5 24 0 -1.913 4.619 -3.75 -1.913 4.619 0 0 5 0 -3.536 3.536
5 24 0 -1.913 -4.619 -3.75 -1.913 -4.619 0 0 -5 0 -3.536 -3.536
5 24 -16.25 -1.913 -4.619 -18.125 -1.913 -4.619 -16.25 0 -5 -16.25 -3.536 -3.536
5 24 -16.25 -1.913 4.619 -18.125 -1.913 4.619 -16.25 -3.536 3.536 -18.125 0 5
5 24 -18.125 -1.913 -4.619 -20 -1.913 -4.619 -18.125 0 -5 -18.125 -3.536 -3.536
5 24 20 -1.052 2.541 18.125 -1.052 2.541 20 0 2.75 20 -1.945 1.945
5 24 20 -1.052 -2.541 18.125 -1.052 -2.541 20 0 -2.75 20 -1.945 -1.945
5 24 18.125 -1.052 2.541 16.25 -1.052 2.541 18.125 0 2.75 18.125 -1.945 1.945
5 24 18.125 -1.052 -2.541 16.25 -1.052 -2.541 18.125 0 -2.75 18.125 -1.945 -1.945
5 24 3.75 -1.052 -2.541 0 -1.052 -2.541 3.75 0 -2.75 3.75 -1.945 -1.945
5 24 3.75 -1.052 2.541 0 -1.052 2.541 3.75 0 2.75 3.75 -1.945 1.945
5 24 0 -1.052 2.541 -3.75 -1.052 2.541 0 0 2.75 0 -1.945 1.945
5 24 0 -1.052 -2.541 -3.75 -1.052 -2.541 0 0 -2.75 0 -1.945 -1.945
5 24 -16.25 -1.052 2.541 -18.125 -1.052 2.541 -16.25 0 2.75 -16.25 -1.945 1.945
5 24 -16.25 -1.052 -2.541 -18.125 -1.052 -2.541 -16.25 0 -2.75 -16.25 -1.945 -1.945
5 24 -18.125 -1.052 2.541 -20 -1.052 2.541 -18.125 0 2.75 -18.125 -1.945 1.945
5 24 -18.125 -1.052 -2.541 -20 -1.052 -2.541 -18.125 0 -2.75 -18.125 -1.945 -1.945
5 24 12.433 -0.884 31.278 11.616 -1.25 31.616 12.241 -0.884 30.991 12.5 -0.884 31.616
5 24 12.241 -0.884 7.759 11.616 -1.25 8.384 11.954 -0.884 7.567 12.433 -0.884 8.046
5 24 12.5 -0.884 8.384 11.616 -1.25 8.384 12.433 -0.884 8.722 12.433 -0.884 8.046
5 24 12.433 -0.884 31.954 11.616 -1.25 31.616 12.5 -0.884 31.616 12.241 -0.884 32.241
5 24 12.433 -0.884 8.722 11.616 -1.25 8.384 12.5 -0.884 8.384 12.241 -0.884 9.009
5 24 11.954 -0.884 7.567 11.616 -1.25 8.384 11.616 -0.884 7.5 12.241 -0.884 7.759
5 24 12.5 -0.884 31.616 11.616 -1.25 31.616 12.433 -0.884 31.954 12.433 -0.884 31.278
5 24 12.433 -0.884 8.046 11.616 -1.25 8.384 12.241 -0.884 7.759 12.5 -0.884 8.384
5 24 12.241 -0.884 30.991 11.616 -1.25 31.616 12.433 -0.884 31.278 5 -1.25 25
5 24 12.241 -0.884 9.009 11.616 -1.25 8.384 12.433 -0.884 8.722 5 -1.25 15
5 24 11.616 -1.25 8.384 11.616 -0.884 7.5 11.954 -0.884 7.567 11.278 -0.884 7.567
5 24 11.616 -1.25 31.616 11.616 -0.884 32.5 11.954 -0.884 32.433 11.278 -0.884 32.433
5 24 12.241 -0.884 32.241 11.616 -1.25 31.616 11.954 -0.884 32.433 12.433 -0.884 31.954
5 24 11.954 -0.884 32.433 11.616 -1.25 31.616 11.616 -0.884 32.5 12.241 -0.884 32.241
5 24 11.616 -1.25 8.384 11.278 -0.884 7.567 11.616 -0.884 7.5 10.991 -0.884 7.759
5 24 11.616 -1.25 31.616 11.278 -0.884 32.433 11.616 -0.884 32.5 10.991 -0.884 32.241
5 24 11.616 -1.25 31.616 10.991 -0.884 32.241 11.278 -0.884 32.433 5 -0.884 26.25
5 24 11.616 -1.25 8.384 10.991 -0.884 7.759 11.278 -0.884 7.567 5 -0.884 13.75
5 24 -11.278 -0.884 32.433 -11.616 -1.25 31.616 -10.991 -0.884 32.241 -11.616 -0.884 32.5
5 24 -11.616 -1.25 8.384 -11.616 -0.884 7.5 -11.278 -0.884 7.567 -11.954 -0.884 7.567
5 24 -10.991 -0.884 32.241 -11.616 -1.25 31.616 -11.278 -0.884 32.433 -5 -0.884 26.25
5 24 -10.991 -0.884 7.759 -11.616 -1.25 8.384 -11.278 -0.884 7.567 -5 -0.884 13.75
5 24 -11.278 -0.884 7.567 -11.616 -1.25 8.384 -10.991 -0.884 7.759 -11.616 -0.884 7.5
5 24 -11.616 -1.25 31.616 -11.616 -0.884 32.5 -11.278 -0.884 32.433 -11.954 -0.884 32.433
5 24 -11.616 -1.25 31.616 -11.954 -0.884 32.433 -11.616 -0.884 32.5 -12.241 -0.884 32.241
5 24 -11.616 -1.25 8.384 -11.954 -0.884 7.567 -11.616 -0.884 7.5 -12.241 -0.884 7.759
5 24 -11.616 -1.25 31.616 -12.241 -0.884 30.991 -5 -1.25 25 -12.433 -0.884 31.278
5 24 -11.616 -1.25 8.384 -12.241 -0.884 9.009 -5 -1.25 15 -12.433 -0.884 8.722
5 24 -11.616 -1.25 8.384 -12.241 -0.884 7.759 -11.954 -0.884 7.567 -12.433 -0.884 8.046
5 24 -11.616 -1.25 31.616 -12.241 -0.884 32.241 -11.954 -0.884 32.433 -12.433 -0.884 31.954
5 24 -11.616 -1.25 8.384 -12.433 -0.884 8.722 -12.241 -0.884 9.009 -12.5 -0.884 8.384
5 24 -11.616 -1.25 31.616 -12.433 -0.884 31.278 -12.241 -0.884 30.991 -12.5 -0.884 31.616
5 24 -11.616 -1.25 31.616 -12.433 -0.884 31.954 -12.241 -0.884 32.241 -12.5 -0.884 31.616
5 24 -11.616 -1.25 8.384 -12.433 -0.884 8.046 -12.241 -0.884 7.759 -12.5 -0.884 8.384
5 24 -11.616 -1.25 31.616 -12.5 -0.884 31.616 -12.433 -0.884 31.278 -12.433 -0.884 31.954
5 24 -11.616 -1.25 8.384 -12.5 -0.884 8.384 -12.433 -0.884 8.046 -12.433 -0.884 8.722
5 24 20 0 2.75 18.125 0 2.75 20 -1.052 2.541 20 1.052 2.541
5 24 20 0 10 18.125 0 10 18.125 -4.619 1.913 20 0 35
5 24 18.125 0 2.75 16.25 0 2.75 18.125 -1.052 2.541 20 0 2.75
5 24 12.866 0 31.616 12.5 -0.884 31.616 12.771 0 31.138 12.433 -0.884 31.954
5 24 12.866 0 8.384 12.5 -0.884 8.384 12.771 0 7.906 12.433 -0.884 8.722
5 24 12.771 0 8.862 12.433 -0.884 8.722 12.866 0 8.384 12.241 -0.884 9.009
5 24 12.771 0 32.094 12.433 -0.884 31.954 12.866 0 31.616 12.241 -0.884 32.241
5 24 12.771 0 7.906 12.433 -0.884 8.046 12.5 -0.884 8.384 12.5 0 7.5
5 24 12.771 0 31.138 12.433 -0.884 31.278 12.5 0 30.732 12.5 -0.884 31.616
5 24 12.5 0 9.268 12.241 -0.884 9.009 12.771 0 8.862 5 -0.884 16.25
5 24 12.5 0 32.5 12.241 -0.884 32.241 12.771 0 32.094 11.954 -0.884 32.433
5 24 12.5 0 30.732 12.241 -0.884 30.991 12.433 -0.884 31.278 5 -0.884 23.75
5 24 12.5 0 7.5 12.241 -0.884 7.759 12.433 -0.884 8.046 12.094 0 7.229
5 24 12.094 0 7.229 11.954 -0.884 7.567 12.241 -0.884 7.759 11.616 0 7.134
5 24 12.094 0 32.771 11.954 -0.884 32.433 12.5 0 32.5 11.616 -0.884 32.5
5 24 11.616 -0.884 32.5 11.616 0 32.866 12.094 0 32.771 11.278 -0.884 32.433
5 24 11.616 -0.884 7.5 11.616 0 7.134 11.954 -0.884 7.567 11.138 0 7.229
5 24 11.278 -0.884 32.433 11.138 0 32.771 11.616 0 32.866 10.991 -0.884 32.241
5 24 11.278 -0.884 7.567 11.138 0 7.229 11.616 -0.884 7.5 10.732 0 7.5
5 24 10.991 -0.884 32.241 10.732 0 32.5 11.138 0 32.771 5 0 26.768
5 24 10.991 -0.884 7.759 10.732 0 7.5 11.278 -0.884 7.567 5 0 13.232
5 24 3.75 0 2.75 0 0 2.75 16.25 0 2.75 3.75 -1.052 2.541
5 24 0 0 2.75 -3.75 0 2.75 0 -1.052 2.541 0 1.052 2.541
5 24 -10.732 0 32.5 -10.991 -0.884 32.241 -5 0 26.768 -11.138 0 32.771
5 24 -10.732 0 7.5 -10.991 -0.884 7.759 -5 0 13.232 -11.278 -0.884 7.567
5 24 -11.138 0 32.771 -11.278 -0.884 32.433 -10.991 -0.884 32.241 -11.616 0 32.866
5 24 -11.138 0 7.229 -11.278 -0.884 7.567 -10.732 0 7.5 -11.616 -0.884 7.5
5 24 -11.616 -0.884 7.5 -11.616 0 7.134 -11.138 0 7.229 -11.954 -0.884 7.567
5 24 -11.616 -0.884 32.5 -11.616 0 32.866 -11.278 -0.884 32.433 -12.094 0 32.771
5 24 -11.954 -0.884 7.567 -12.094 0 7.229 -11.616 0 7.134 -12.241 -0.884 7.759
5 24 -11.954 -0.884 32.433 -12.094 0 32.771 -11.616 -0.884 32.5 -12.5 0 32.5
5 24 -12.241 -0.884 32.241 -12.5 0 32.5 -11.954 -0.884 32.433 -12.771 0 32.094
5 24 -12.241 -0.884 7.759 -12.5 0 7.5 -12.094 0 7.229 -12.433 -0.884 8.046
5 24 -12.241 -0.884 30.991 -12.5 0 30.732 -12.433 -0.884 31.278 -5 -0.884 23.75
5 24 -12.241 -0.884 9.009 -12.5 0 9.268 -5 -0.884 16.25 -12.771 0 8.862
5 24 -12.433 -0.884 8.722 -12.771 0 8.862 -12.241 -0.884 9.009 -12.866 0 8.384
5 24 -12.433 -0.884 8.046 -12.771 0 7.906 -12.5 -0.884 8.384 -12.5 0 7.5
5 24 -12.433 -0.884 31.278 -12.771 0 31.138 -12.5 0 30.732 -12.5 -0.884 31.616
5 24 -12.433 -0.884 31.954 -12.771 0 32.094 -12.241 -0.884 32.241 -12.866 0 31.616
5 24 -12.5 -0.884 31.616 -12.866 0 31.616 -12.771 0 31.138 -12.433 -0.884 31.954
5 24 -12.5 -0.884 8.384 -12.866 0 8.384 -12.771 0 7.906 -12.433 -0.884 8.722
5 24 -16.25 0 2.75 -18.125 0 2.75 -16.25 -1.052 2.541 -20 1.052 2.541
5 24 -18.125 0 10 -20 0 10 -18.125 -4.619 1.913 -20 0 35
5 24 -18.125 0 2.75 -20 0 2.75 -18.125 -1.052 2.541 -16.25 0 2.75
5 24 20 0.245 36.545 0 0.245 36.545 20 0.955 37.939 20 0 35
5 24 0 0.245 36.545 -20 0.245 36.545 0 0.955 37.939 0 0 35
5 24 20 0.955 37.939 0 0.955 37.939 20 2.061 39.045 20 0.245 36.545
5 24 0 0.955 37.939 -20 0.955 37.939 0 2.061 39.045 0 0.245 36.545
5 24 20 1.052 2.541 0 1.052 2.541 16.25 0 2.75 20 1.945 1.945
5 24 0 1.052 2.541 -20 1.052 2.541 -16.25 0 2.75 0 1.945 1.945
5 24 11.616 1.25 31.616 11.616 1.616 32.5 11.954 1.616 32.433 11.278 1.616 32.433
5 24 12.241 1.616 30.991 11.616 1.25 31.616 12.433 1.616 31.278 5 1.25 25
5 24 12.241 1.616 32.241 11.616 1.25 31.616 11.954 1.616 32.433 12.433 1.616 31.954
5 24 12.5 1.616 31.616 11.616 1.25 31.616 12.433 1.616 31.278 12.433 1.616 31.954
5 24 12.241 1.616 7.759 11.616 1.25 8.384 12.433 1.616 8.046 11.954 1.616 7.567
5 24 12.433 1.616 8.722 11.616 1.25 8.384 12.241 1.616 9.009 12.5 1.616 8.384
5 24 11.616 1.25 8.384 11.616 1.616 7.5 11.954 1.616 7.567 11.278 1.616 7.567
5 24 12.5 1.616 8.384 11.616 1.25 8.384 12.433 1.616 8.722 12.433 1.616 8.046
5 24 12.433 1.616 31.954 11.616 1.25 31.616 12.5 1.616 31.616 12.241 1.616 32.241
5 24 11.954 1.616 32.433 11.616 1.25 31.616 12.241 1.616 32.241 11.616 1.616 32.5
5 24 12.241 1.616 9.009 11.616 1.25 8.384 12.433 1.616 8.722 5 1.25 15
5 24 12.433 1.616 31.278 11.616 1.25 31.616 12.241 1.616 30.991 12.5 1.616 31.616
5 24 12.433 1.616 8.046 11.616 1.25 8.384 12.241 1.616 7.759 12.5 1.616 8.384
5 24 11.954 1.616 7.567 11.616 1.25 8.384 11.616 1.616 7.5 12.241 1.616 7.759
5 24 11.616 1.25 8.384 11.278 1.616 7.567 11.616 1.616 7.5 10.991 1.616 7.759
5 24 11.616 1.25 31.616 11.278 1.616 32.433 11.616 1.616 32.5 10.991 1.616 32.241
5 24 11.616 1.25 31.616 10.991 1.616 32.241 11.278 1.616 32.433 5 1.616 26.25
5 24 11.616 1.25 8.384 10.991 1.616 7.759 11.278 1.616 7.567 5 1.616 13.75
5 24 -11.616 1.25 8.384 -11.616 1.616 7.5 -11.278 1.616 7.567 -11.954 1.616 7.567
5 24 -11.616 1.25 31.616 -11.616 1.616 32.5 -11.278 1.616 32.433 -11.954 1.616 32.433
5 24 -10.991 1.616 32.241 -11.616 1.25 31.616 -11.278 1.616 32.433 -5 1.616 26.25
5 24 -11.278 1.616 32.433 -11.616 1.25 31.616 -10.991 1.616 32.241 -11.616 1.616 32.5
5 24 -10.991 1.616 7.759 -11.616 1.25 8.384 -11.278 1.616 7.567 -5 1.616 13.75
5 24 -11.278 1.616 7.567 -11.616 1.25 8.384 -10.991 1.616 7.759 -11.616 1.616 7.5
5 24 -11.616 1.25 31.616 -11.954 1.616 32.433 -11.616 1.616 32.5 -12.241 1.616 32.241
5 24 -11.616 1.25 8.384 -11.954 1.616 7.567 -11.616 1.616 7.5 -12.241 1.616 7.759
5 24 -11.616 1.25 8.384 -12.241 1.616 9.009 -5 1.25 15 -12.433 1.616 8.722
5 24 -11.616 1.25 31.616 -12.241 1.616 30.991 -5 1.25 25 -12.433 1.616 31.278
5 24 -11.616 1.25 31.616 -12.241 1.616 32.241 -11.954 1.616 32.433 -12.433 1.616 31.954
5 24 -11.616 1.25 8.384 -12.241 1.616 7.759 -11.954 1.616 7.567 -12.433 1.616 8.046
5 24 -11.616 1.25 8.384 -12.433 1.616 8.722 -12.241 1.616 9.009 -12.5 1.616 8.384
5 24 -11.616 1.25 31.616 -12.433 1.616 31.278 -12.241 1.616 30.991 -12.5 1.616 31.616
5 24 -11.616 1.25 31.616 -12.433 1.616 31.954 -12.241 1.616 32.241 -12.5 1.616 31.616
5 24 -11.616 1.25 8.384 -12.433 1.616 8.046 -12.241 1.616 7.759 -12.5 1.616 8.384
5 24 -11.616 1.25 8.384 -12.5 1.616 8.384 -12.433 1.616 8.046 -12.433 1.616 8.722
5 24 -11.616 1.25 31.616 -12.5 1.616 31.616 -12.433 1.616 31.954 -12.433 1.616 31.278
5 24 20 1.945 1.945 0 1.945 1.945 20 1.052 2.541 20 2.541 1.052
5 24 0 1.945 1.945 -20 1.945 1.945 0 1.052 2.541 0 2.541 1.052
5 24 20 2.061 39.045 0 2.061 39.045 20 3.455 39.755 20 0.955 37.939
5 24 0 2.061 39.045 -20 2.061 39.045 0 3.455 39.755 0 0.955 37.939
5 24 12.866 2.5 8.384 12.5 1.616 8.384 12.771 2.5 7.906 12.433 1.616 8.722
5 24 12.866 2.5 31.616 12.5 1.616 31.616 12.771 2.5 31.138 12.433 1.616 31.954
5 24 12.771 2.5 7.906 12.433 1.616 8.046 12.5 1.616 8.384 12.5 2.5 7.5
5 24 12.771 2.5 32.094 12.433 1.616 31.954 12.866 2.5 31.616 12.241 1.616 32.241
5 24 12.771 2.5 8.862 12.433 1.616 8.722 12.866 2.5 8.384 12.241 1.616 9.009
5 24 12.771 2.5 31.138 12.433 1.616 31.278 12.5 2.5 30.732 12.5 1.616 31.616
5 24 12.5 2.5 7.5 12.241 1.616 7.759 12.433 1.616 8.046 12.094 2.5 7.229
5 24 12.5 2.5 9.268 12.241 1.616 9.009 12.771 2.5 8.862 5 1.616 16.25
5 24 12.5 2.5 30.732 12.241 1.616 30.991 12.433 1.616 31.278 5 1.616 23.75
5 24 12.5 2.5 32.5 12.241 1.616 32.241 12.771 2.5 32.094 11.954 1.616 32.433
5 24 12.094 2.5 7.229 11.954 1.616 7.567 12.241 1.616 7.759 11.616 2.5 7.134
5 24 12.094 2.5 32.771 11.954 1.616 32.433 12.5 2.5 32.5 11.616 1.616 32.5
5 24 11.616 1.616 7.5 11.616 2.5 7.134 11.954 1.616 7.567 11.138 2.5 7.229
5 24 11.616 1.616 32.5 11.616 2.5 32.866 12.094 2.5 32.771 11.278 1.616 32.433
5 24 11.278 1.616 32.433 11.138 2.5 32.771 11.616 2.5 32.866 10.991 1.616 32.241
5 24 11.278 1.616 7.567 11.138 2.5 7.229 11.616 1.616 7.5 10.732 2.5 7.5
5 24 10.991 1.616 32.241 10.732 2.5 32.5 11.138 2.5 32.771 5 2.5 26.768
5 24 10.991 1.616 7.759 10.732 2.5 7.5 11.278 1.616 7.567 5 2.5 13.232
5 24 -10.732 2.5 7.5 -10.991 1.616 7.759 -5 2.5 13.232 -11.278 1.616 7.567
5 24 -10.732 2.5 32.5 -10.991 1.616 32.241 -5 2.5 26.768 -11.138 2.5 32.771
5 24 -11.138 2.5 32.771 -11.278 1.616 32.433 -10.991 1.616 32.241 -11.616 2.5 32.866
5 24 -11.138 2.5 7.229 -11.278 1.616 7.567 -10.732 2.5 7.5 -11.616 1.616 7.5
5 24 -11.616 1.616 7.5 -11.616 2.5 7.134 -11.138 2.5 7.229 -11.954 1.616 7.567
5 24 -11.616 1.616 32.5 -11.616 2.5 32.866 -11.278 1.616 32.433 -12.094 2.5 32.771
5 24 -11.954 1.616 32.433 -12.094 2.5 32.771 -11.616 1.616 32.5 -12.5 2.5 32.5
5 24 -11.954 1.616 7.567 -12.094 2.5 7.229 -11.616 2.5 7.134 -12.241 1.616 7.759
5 24 -12.241 1.616 9.009 -12.5 2.5 9.268 -5 1.616 16.25 -12.771 2.5 8.862
5 24 -12.241 1.616 7.759 -12.5 2.5 7.5 -12.094 2.5 7.229 -12.433 1.616 8.046
5 24 -12.241 1.616 32.241 -12.5 2.5 32.5 -11.954 1.616 32.433 -12.771 2.5 32.094
5 24 -12.241 1.616 30.991 -12.5 2.5 30.732 -5 1.616 23.75 -12.433 1.616 31.278
5 24 -12.433 1.616 8.046 -12.771 2.5 7.906 -12.5 1.616 8.384 -12.5 2.5 7.5
5 24 -12.433 1.616 31.278 -12.771 2.5 31.138 -12.5 1.616 31.616 -12.5 2.5 30.732
5 24 -12.433 1.616 8.722 -12.771 2.5 8.862 -12.241 1.616 9.009 -12.866 2.5 8.384
5 24 -12.433 1.616 31.954 -12.771 2.5 32.094 -12.241 1.616 32.241 -12.866 2.5 31.616
5 24 -12.5 1.616 8.384 -12.866 2.5 8.384 -12.433 1.616 8.722 -12.771 2.5 7.906
5 24 -12.5 1.616 31.616 -12.866 2.5 31.616 -12.771 2.5 31.138 -12.433 1.616 31.954
5 24 20 2.541 1.052 0 2.541 1.052 20 1.945 1.945 20 2.75 0
5 24 0 2.541 1.052 -20 2.541 1.052 0 1.945 1.945 0 2.75 0
5 24 17.5 2.622 35.773 0 2.622 35.773 0 2.5 35 17.5 2.977 36.469
5 24 0 2.622 35.773 -17.5 2.622 35.773 0 2.5 35 -17.5 2.977 36.469
5 24 17.5 2.977 36.469 0 2.977 36.469 0 2.622 35.773 17.5 3.531 37.023
5 24 0 2.977 36.469 -17.5 2.977 36.469 0 2.622 35.773 -17.5 3.531 37.023
5 24 20 3.455 39.755 0 3.455 39.755 20 5 40 20 2.061 39.045
5 24 0 3.455 39.755 -20 3.455 39.755 0 5 40 0 2.061 39.045
5 24 17.5 3.531 37.023 0 3.531 37.023 0 2.977 36.469 17.5 4.227 37.378
5 24 0 3.531 37.023 -17.5 3.531 37.023 0 2.977 36.469 -17.5 4.227 37.378
5 24 17.5 4.227 37.378 0 4.227 37.378 0 3.531 37.023 17.5 5 37.5
5 24 0 4.227 37.378 -17.5 4.227 37.378 0 3.531 37.023 -17.5 5 37.5
5 24 17.5 5 37.5 0 5 37.5 0 4.227 37.378 17.5 8 37.5
5 24 20 5 40 0 5 40 20 8 40 20 3.455 39.755
5 24 0 5 37.5 -17.5 5 37.5 0 4.227 37.378 -17.5 8 37.5
5 24 0 5 40 -20 5 40 0 8 40 0 3.455 39.755
0
