0 Cornisa 3 puntos    :X
0 Name: cornisa3.dat
0 Author: jasolo & rosaspage
0 !LDRAW_ORG Unofficial_Part
0 BFC CERTIFY CCW
4 16 12.5 2.5 14.75 12.5 2.5 -12.5 -12.5 2.5 -12.5 -12.5 2.5 14.75
4 16 -12.5 29.75 -12.5 -12.5 2.5 -12.5 12.5 2.5 -12.5 12.5 29.75 -12.5
4 16 15 0 -15 -15 0 -15 -15 30 -15 15 30 -15
4 16 -2 -5 7.25 -3.25 -5 12 -6.25 -5 10.75 -3.75 -5 6.5
4 16 -2 -5 -7.25 -3.75 -5 -6.5 -6.25 -5 -10.75 -3.25 -5 -12
4 16 0 -5 -12.5 0 -5 -7.5 -2 -5 -7.25 -3.25 -5 -12
4 16 3.25 -5 -12 1.75 -5 -7.25 0 -5 -7.5 0 -5 -12.5
4 16 0 -5 7.5 0 -5 12.5 -3.25 -5 12 -2 -5 7.25
4 16 3.25 -5 12 0 -5 12.5 0 -5 7.5 1.75 -5 7.25
4 16 15 30 -15 -15 30 -15 -12.5 29.75 -12.5 12.5 29.75 -12.5
3 16 12.5 2.5 14.75 15 0 15 15 2.5 14.75
4 16 15 0 15 -15 0 15 -15 0 -15 15 0 -15
4 16 -15 0 15 15 0 15 12.5 2.5 14.75 -12.5 2.5 14.75
4 16 12.5 15 0 15 15 0 15 19 -0.5 12.5 19 -0.5
4 16 15 14.5 3.75 15 15 0 12.5 15 0 12.5 14.5 3.75
4 16 15 28 -7.5 15 29.5 -11.25 12.5 29.5 -11.25 12.5 28 -7.5
4 16 12.5 28 -7.5 12.5 25.5 -4.5 15 25.5 -4.5 15 28 -7.5
4 16 12.5 22.5 -2 15 22.5 -2 15 25.5 -4.5 12.5 25.5 -4.5
4 16 12.5 19 -0.5 15 19 -0.5 15 22.5 -2 12.5 22.5 -2
4 16 12.5 13 7.5 15 13 7.5 15 14.5 3.75 12.5 14.5 3.75
4 16 12.5 13 7.5 12.5 10.5 10.5 15 10.5 10.5 15 13 7.5
4 16 12.5 7.5 13 15 7.5 13 15 10.5 10.5 12.5 10.5 10.5
4 16 12.5 4 14.5 15 4 14.5 15 7.5 13 12.5 7.5 13
4 16 12.5 2.5 14.75 15 2.5 14.75 15 4 14.5 12.5 4 14.5
3 16 12.5 29.75 -12.5 15 29.75 -12.5 15 30 -15
4 16 15 29.5 -11.25 15 29.75 -12.5 12.5 29.75 -12.5 12.5 29.5 -11.25
4 16 -12.5 29.75 -12.5 -12.5 29.5 -11.25 -12.5 28 -7.5 -12.5 2.5 -12.5
4 16 -12.5 22.5 -2 -12.5 19 -0.5 -12.5 15 0 -12.5 2.5 -12.5
4 16 -12.5 13 7.5 -12.5 10.5 10.5 -12.5 7.5 13 -12.5 2.5 -12.5
4 16 -12.5 28 -7.5 -12.5 25.5 -4.5 -12.5 22.5 -2 -12.5 2.5 -12.5
4 16 -12.5 15 0 -12.5 14.5 3.75 -12.5 13 7.5 -12.5 2.5 -12.5
4 16 -12.5 7.5 13 -12.5 4 14.5 -12.5 2.5 14.75 -12.5 2.5 -12.5
4 16 12.5 29.75 -12.5 12.5 2.5 -12.5 12.5 28 -7.5 12.5 29.5 -11.25
4 16 12.5 22.5 -2 12.5 2.5 -12.5 12.5 15 0 12.5 19 -0.5
4 16 12.5 13 7.5 12.5 2.5 -12.5 12.5 7.5 13 12.5 10.5 10.5
4 16 12.5 28 -7.5 12.5 2.5 -12.5 12.5 22.5 -2 12.5 25.5 -4.5
4 16 12.5 15 0 12.5 2.5 -12.5 12.5 13 7.5 12.5 14.5 3.75
4 16 12.5 7.5 13 12.5 2.5 -12.5 12.5 2.5 14.75 12.5 4 14.5
3 16 15 2.5 14.75 15 0 15 15 0 -15
4 16 15 7.5 13 15 4 14.5 15 2.5 14.75 15 0 -15
4 16 15 7.5 13 15 0 -15 15 13 7.5 15 10.5 10.5
4 16 15 13 7.5 15 0 -15 15 15 0 15 14.5 3.75
4 16 15 19 -0.5 15 15 0 15 0 -15 15 22.5 -2
4 16 15 22.5 -2 15 0 -15 15 28 -7.5 15 25.5 -4.5
4 16 15 28 -7.5 15 0 -15 15 29.75 -12.5 15 29.5 -11.25
3 16 15 29.75 -12.5 15 0 -15 15 30 -15
4 16 -3.75 -5 -6.5 -2 -5 -7.25 -2 0 -7.25 -3.75 0 -6.5
4 16 -3.75 0 -6.5 -5.25 0 -5.25 -5.25 -5 -5.25 -3.75 -5 -6.5
4 16 -6.5 0 -3.75 -6.5 -5 -3.75 -5.25 -5 -5.25 -5.25 0 -5.25
4 16 -7.25 0 -2 -7.25 -5 -2 -6.5 -5 -3.75 -6.5 0 -3.75
4 16 -7.5 0 0 -7.5 -5 0 -7.25 -5 -2 -7.25 0 -2
4 16 -7.25 0 2 -7.25 -5 2 -7.5 -5 0 -7.5 0 0
4 16 -6.5 0 3.75 -6.5 -5 3.75 -7.25 -5 2 -7.25 0 2
4 16 -5.25 0 5.25 -5.25 -5 5.25 -6.5 -5 3.75 -6.5 0 3.75
4 16 -3.75 -5 6.5 -5.25 -5 5.25 -5.25 0 5.25 -3.75 0 6.5
4 16 -2 -5 7.25 -3.75 -5 6.5 -3.75 0 6.5 -2 0 7.25
4 16 0 -5 7.5 -2 -5 7.25 -2 0 7.25 0 0 7.5
4 16 1.75 -5 7.25 0 -5 7.5 0 0 7.5 1.75 0 7.25
4 16 3.75 -5 6.5 1.75 -5 7.25 1.75 0 7.25 3.75 0 6.5
4 16 5.25 -5 5.25 3.75 -5 6.5 3.75 0 6.5 5.25 0 5.25
4 16 5.25 -5 5.25 5.25 0 5.25 6.5 0 3.75 6.5 -5 3.75
4 16 7.25 0 2 7.25 -5 2 6.5 -5 3.75 6.5 0 3.75
4 16 7.25 -5 2 7.25 0 2 7.5 0 0 7.5 -5 0
4 16 7.5 -5 0 7.5 0 0 7.25 0 -2 7.25 -5 -2
4 16 7.25 -5 -2 7.25 0 -2 6.5 0 -3.75 6.5 -5 -3.75
4 16 6.5 -5 -3.75 6.5 0 -3.75 5.25 0 -5.25 5.25 -5 -5.25
4 16 5.25 0 -5.25 3.75 0 -6.5 3.75 -5 -6.5 5.25 -5 -5.25
4 16 3.75 0 -6.5 1.75 0 -7.25 1.75 -5 -7.25 3.75 -5 -6.5
4 16 0 -5 -7.5 1.75 -5 -7.25 1.75 0 -7.25 0 0 -7.5
4 16 -2 -5 -7.25 0 -5 -7.5 0 0 -7.5 -2 0 -7.25
4 16 -12.5 -5 0 -12.5 0 0 -12.25 0 -3.25 -12.25 -5 -3.25
4 16 -12.25 -5 -3.25 -12.25 0 -3.25 -11 0 -6.25 -11 -5 -6.25
4 16 -11 -5 -6.25 -11 0 -6.25 -9 0 -8.75 -9 -5 -8.75
4 16 -9 0 -8.75 -6.25 0 -10.75 -6.25 -5 -10.75 -9 -5 -8.75
4 16 -3.25 -5 -12 -6.25 -5 -10.75 -6.25 0 -10.75 -3.25 0 -12
4 16 0 -5 -12.5 -3.25 -5 -12 -3.25 0 -12 0 0 -12.5
4 16 3.25 -5 -12 0 -5 -12.5 0 0 -12.5 3.25 0 -12
4 16 6.25 -5 -10.75 3.25 -5 -12 3.25 0 -12 6.25 0 -10.75
4 16 8.75 -5 -8.75 6.25 -5 -10.75 6.25 0 -10.75 8.75 0 -8.75
4 16 10.75 0 -6.25 10.75 -5 -6.25 8.75 -5 -8.75 8.75 0 -8.75
4 16 12 0 -3.25 12 -5 -3.25 10.75 -5 -6.25 10.75 0 -6.25
4 16 12.5 0 0 12.5 -5 0 12 -5 -3.25 12 0 -3.25
4 16 12 0 3.25 12 -5 3.25 12.5 -5 0 12.5 0 0
4 16 10.75 0 6.25 10.75 -5 6.25 12 -5 3.25 12 0 3.25
4 16 8.75 0 8.75 8.75 -5 8.75 10.75 -5 6.25 10.75 0 6.25
4 16 6.25 -5 10.75 8.75 -5 8.75 8.75 0 8.75 6.25 0 10.75
4 16 6.25 0 10.75 3.25 0 12 3.25 -5 12 6.25 -5 10.75
4 16 0 -5 12.5 3.25 -5 12 3.25 0 12 0 0 12.5
4 16 -3.25 -5 12 0 -5 12.5 0 0 12.5 -3.25 0 12
4 16 -6.25 -5 10.75 -3.25 -5 12 -3.25 0 12 -6.25 0 10.75
4 16 -9 -5 8.75 -6.25 -5 10.75 -6.25 0 10.75 -9 0 8.75
4 16 -11 0 6.25 -11 -5 6.25 -9 -5 8.75 -9 0 8.75
4 16 -11 -5 6.25 -11 0 6.25 -12.25 0 3.25 -12.25 -5 3.25
4 16 -12.5 0 0 -12.5 -5 0 -12.25 -5 3.25 -12.25 0 3.25
4 16 3.75 -5 6.5 5.25 -5 5.25 8.75 -5 8.75 6.25 -5 10.75
4 16 1.75 -5 7.25 3.75 -5 6.5 6.25 -5 10.75 3.25 -5 12
4 16 -3.75 -5 6.5 -6.25 -5 10.75 -9 -5 8.75 -5.25 -5 5.25
4 16 -3.75 -5 -6.5 -5.25 -5 -5.25 -9 -5 -8.75 -6.25 -5 -10.75
4 16 12 -5 3.25 7.25 -5 2 7.5 -5 0 12.5 -5 0
4 16 1.75 -5 -7.25 3.25 -5 -12 6.25 -5 -10.75 3.75 -5 -6.5
4 16 -12.25 -5 3.25 -12.5 -5 0 -7.5 -5 0 -7.25 -5 2
4 16 8.75 -5 8.75 5.25 -5 5.25 6.5 -5 3.75 10.75 -5 6.25
4 16 -7.5 -5 0 -12.5 -5 0 -12.25 -5 -3.25 -7.25 -5 -2
4 16 12.5 -5 0 7.5 -5 0 7.25 -5 -2 12 -5 -3.25
4 16 -9 -5 -8.75 -5.25 -5 -5.25 -6.5 -5 -3.75 -11 -5 -6.25
4 16 7.25 -5 2 12 -5 3.25 10.75 -5 6.25 6.5 -5 3.75
4 16 -6.5 -5 3.75 -5.25 -5 5.25 -9 -5 8.75 -11 -5 6.25
4 16 -7.25 -5 2 -6.5 -5 3.75 -11 -5 6.25 -12.25 -5 3.25
4 16 3.75 -5 -6.5 6.25 -5 -10.75 8.75 -5 -8.75 5.25 -5 -5.25
4 16 -6.5 -5 -3.75 -7.25 -5 -2 -12.25 -5 -3.25 -11 -5 -6.25
4 16 6.5 -5 -3.75 10.75 -5 -6.25 12 -5 -3.25 7.25 -5 -2
4 16 6.5 -5 -3.75 5.25 -5 -5.25 8.75 -5 -8.75 10.75 -5 -6.25
4 16 -53.5 -5 -3.75 -54.75 -5 -5.25 -51.25 -5 -8.75 -49.25 -5 -6.25
4 16 -53.5 -5 -3.75 -49.25 -5 -6.25 -48 -5 -3.25 -52.75 -5 -2
4 16 -66.5 -5 -3.75 -67.25 -5 -2 -72.25 -5 -3.25 -71 -5 -6.25
4 16 -56.25 -5 -6.5 -53.75 -5 -10.75 -51.25 -5 -8.75 -54.75 -5 -5.25
4 16 -67.25 -5 2 -66.5 -5 3.75 -71 -5 6.25 -72.25 -5 3.25
4 16 -66.5 -5 3.75 -65.25 -5 5.25 -69 -5 8.75 -71 -5 6.25
4 16 -52.75 -5 2 -48 -5 3.25 -49.25 -5 6.25 -53.5 -5 3.75
4 16 -69 -5 -8.75 -65.25 -5 -5.25 -66.5 -5 -3.75 -71 -5 -6.25
4 16 -47.5 -5 0 -52.5 -5 0 -52.75 -5 -2 -48 -5 -3.25
4 16 -67.5 -5 0 -72.5 -5 0 -72.25 -5 -3.25 -67.25 -5 -2
4 16 -51.25 -5 8.75 -54.75 -5 5.25 -53.5 -5 3.75 -49.25 -5 6.25
4 16 -72.25 -5 3.25 -72.5 -5 0 -67.5 -5 0 -67.25 -5 2
4 16 -58.25 -5 -7.25 -56.75 -5 -12 -53.75 -5 -10.75 -56.25 -5 -6.5
4 16 -48 -5 3.25 -52.75 -5 2 -52.5 -5 0 -47.5 -5 0
4 16 -63.75 -5 -6.5 -65.25 -5 -5.25 -69 -5 -8.75 -66.25 -5 -10.75
4 16 -63.75 -5 6.5 -66.25 -5 10.75 -69 -5 8.75 -65.25 -5 5.25
4 16 -58.25 -5 7.25 -56.25 -5 6.5 -53.75 -5 10.75 -56.75 -5 12
4 16 -56.25 -5 6.5 -54.75 -5 5.25 -51.25 -5 8.75 -53.75 -5 10.75
4 16 -72.5 0 0 -72.5 -5 0 -72.25 -5 3.25 -72.25 0 3.25
4 16 -71 -5 6.25 -71 0 6.25 -72.25 0 3.25 -72.25 -5 3.25
4 16 -71 0 6.25 -71 -5 6.25 -69 -5 8.75 -69 0 8.75
4 16 -69 -5 8.75 -66.25 -5 10.75 -66.25 0 10.75 -69 0 8.75
4 16 -66.25 -5 10.75 -63.25 -5 12 -63.25 0 12 -66.25 0 10.75
4 16 -63.25 -5 12 -60 -5 12.5 -60 0 12.5 -63.25 0 12
4 16 -60 -5 12.5 -56.75 -5 12 -56.75 0 12 -60 0 12.5
4 16 -53.75 0 10.75 -56.75 0 12 -56.75 -5 12 -53.75 -5 10.75
4 16 -53.75 -5 10.75 -51.25 -5 8.75 -51.25 0 8.75 -53.75 0 10.75
4 16 -51.25 0 8.75 -51.25 -5 8.75 -49.25 -5 6.25 -49.25 0 6.25
4 16 -49.25 0 6.25 -49.25 -5 6.25 -48 -5 3.25 -48 0 3.25
4 16 -48 0 3.25 -48 -5 3.25 -47.5 -5 0 -47.5 0 0
4 16 -47.5 0 0 -47.5 -5 0 -48 -5 -3.25 -48 0 -3.25
4 16 -48 0 -3.25 -48 -5 -3.25 -49.25 -5 -6.25 -49.25 0 -6.25
4 16 -49.25 0 -6.25 -49.25 -5 -6.25 -51.25 -5 -8.75 -51.25 0 -8.75
4 16 -51.25 -5 -8.75 -53.75 -5 -10.75 -53.75 0 -10.75 -51.25 0 -8.75
4 16 -53.75 -5 -10.75 -56.75 -5 -12 -56.75 0 -12 -53.75 0 -10.75
4 16 -56.75 -5 -12 -60 -5 -12.5 -60 0 -12.5 -56.75 0 -12
4 16 -60 -5 -12.5 -63.25 -5 -12 -63.25 0 -12 -60 0 -12.5
4 16 -63.25 -5 -12 -66.25 -5 -10.75 -66.25 0 -10.75 -63.25 0 -12
4 16 -69 0 -8.75 -66.25 0 -10.75 -66.25 -5 -10.75 -69 -5 -8.75
4 16 -71 -5 -6.25 -71 0 -6.25 -69 0 -8.75 -69 -5 -8.75
4 16 -72.25 -5 -3.25 -72.25 0 -3.25 -71 0 -6.25 -71 -5 -6.25
4 16 -72.5 -5 0 -72.5 0 0 -72.25 0 -3.25 -72.25 -5 -3.25
4 16 -62 -5 -7.25 -60 -5 -7.5 -60 0 -7.5 -62 0 -7.25
4 16 -60 -5 -7.5 -58.25 -5 -7.25 -58.25 0 -7.25 -60 0 -7.5
4 16 -56.25 0 -6.5 -58.25 0 -7.25 -58.25 -5 -7.25 -56.25 -5 -6.5
4 16 -54.75 0 -5.25 -56.25 0 -6.5 -56.25 -5 -6.5 -54.75 -5 -5.25
4 16 -53.5 -5 -3.75 -53.5 0 -3.75 -54.75 0 -5.25 -54.75 -5 -5.25
4 16 -52.75 -5 -2 -52.75 0 -2 -53.5 0 -3.75 -53.5 -5 -3.75
4 16 -52.5 -5 0 -52.5 0 0 -52.75 0 -2 -52.75 -5 -2
4 16 -52.75 -5 2 -52.75 0 2 -52.5 0 0 -52.5 -5 0
4 16 -52.75 0 2 -52.75 -5 2 -53.5 -5 3.75 -53.5 0 3.75
4 16 -54.75 -5 5.25 -54.75 0 5.25 -53.5 0 3.75 -53.5 -5 3.75
4 16 -54.75 -5 5.25 -56.25 -5 6.5 -56.25 0 6.5 -54.75 0 5.25
4 16 -56.25 -5 6.5 -58.25 -5 7.25 -58.25 0 7.25 -56.25 0 6.5
4 16 -58.25 -5 7.25 -60 -5 7.5 -60 0 7.5 -58.25 0 7.25
4 16 -60 -5 7.5 -62 -5 7.25 -62 0 7.25 -60 0 7.5
4 16 -62 -5 7.25 -63.75 -5 6.5 -63.75 0 6.5 -62 0 7.25
4 16 -63.75 -5 6.5 -65.25 -5 5.25 -65.25 0 5.25 -63.75 0 6.5
4 16 -65.25 0 5.25 -65.25 -5 5.25 -66.5 -5 3.75 -66.5 0 3.75
4 16 -66.5 0 3.75 -66.5 -5 3.75 -67.25 -5 2 -67.25 0 2
4 16 -67.25 0 2 -67.25 -5 2 -67.5 -5 0 -67.5 0 0
4 16 -67.5 0 0 -67.5 -5 0 -67.25 -5 -2 -67.25 0 -2
4 16 -67.25 0 -2 -67.25 -5 -2 -66.5 -5 -3.75 -66.5 0 -3.75
4 16 -66.5 0 -3.75 -66.5 -5 -3.75 -65.25 -5 -5.25 -65.25 0 -5.25
4 16 -63.75 0 -6.5 -65.25 0 -5.25 -65.25 -5 -5.25 -63.75 -5 -6.5
4 16 -63.75 -5 -6.5 -62 -5 -7.25 -62 0 -7.25 -63.75 0 -6.5
4 16 -75 7.5 13 -75 0 -15 -75 2.5 14.75 -75 4 14.5
4 16 -75 15 0 -75 0 -15 -75 13 7.5 -75 14.5 3.75
4 16 -75 28 -7.5 -75 0 -15 -75 22.5 -2 -75 25.5 -4.5
4 16 -75 13 7.5 -75 0 -15 -75 7.5 13 -75 10.5 10.5
4 16 -75 22.5 -2 -75 0 -15 -75 15 0 -75 19 -0.5
4 16 -75 29.75 -12.5 -75 0 -15 -75 28 -7.5 -75 29.5 -11.25
3 16 -75 2.5 14.75 -75 0 -15 -75 0 15
4 16 -47.5 7.5 13 -47.5 2.5 -12.5 -47.5 2.5 14.75 -47.5 4 14.5
4 16 -47.5 15 0 -47.5 2.5 -12.5 -47.5 13 7.5 -47.5 14.5 3.75
4 16 -47.5 28 -7.5 -47.5 2.5 -12.5 -47.5 22.5 -2 -47.5 25.5 -4.5
4 16 -47.5 13 7.5 -47.5 2.5 -12.5 -47.5 7.5 13 -47.5 10.5 10.5
4 16 -47.5 22.5 -2 -47.5 2.5 -12.5 -47.5 15 0 -47.5 19 -0.5
4 16 -47.5 29.75 -12.5 -47.5 2.5 -12.5 -47.5 28 -7.5 -47.5 29.5 -11.25
4 16 -72.5 7.5 13 -72.5 4 14.5 -72.5 2.5 14.75 -72.5 2.5 -12.5
4 16 -72.5 15 0 -72.5 14.5 3.75 -72.5 13 7.5 -72.5 2.5 -12.5
4 16 -72.5 28 -7.5 -72.5 25.5 -4.5 -72.5 22.5 -2 -72.5 2.5 -12.5
4 16 -72.5 13 7.5 -72.5 10.5 10.5 -72.5 7.5 13 -72.5 2.5 -12.5
4 16 -72.5 22.5 -2 -72.5 19 -0.5 -72.5 15 0 -72.5 2.5 -12.5
4 16 -72.5 29.75 -12.5 -72.5 29.5 -11.25 -72.5 28 -7.5 -72.5 2.5 -12.5
3 16 -72.5 29.75 -12.5 -75 30 -15 -75 29.75 -12.5
3 16 -72.5 29.75 -12.5 -75 29.75 -12.5 -75 29.5 -11.25
3 16 -75 29.5 -11.25 -72.5 29.5 -11.25 -72.5 29.75 -12.5
4 16 -42.5 29.5 -11.25 -42.5 29.75 -12.5 -47.5 29.75 -12.5 -47.5 29.5 -11.25
3 16 -47.5 29.75 -12.5 -42.5 29.75 -12.5 -45 30 -15
4 16 -75 15 0 -72.5 15 0 -72.5 19 -0.5 -75 19 -0.5
4 16 -75 15 0 -75 14.5 3.75 -72.5 14.5 3.75 -72.5 15 0
4 16 -75 14.5 3.75 -75 13 7.5 -72.5 13 7.5 -72.5 14.5 3.75
4 16 -72.5 10.5 10.5 -72.5 13 7.5 -75 13 7.5 -75 10.5 10.5
4 16 -75 7.5 13 -72.5 7.5 13 -72.5 10.5 10.5 -75 10.5 10.5
4 16 -75 4 14.5 -72.5 4 14.5 -72.5 7.5 13 -75 7.5 13
4 16 -47.5 2.5 14.75 -42.5 2.5 14.75 -42.5 4 14.5 -47.5 4 14.5
4 16 -75 2.5 14.75 -72.5 2.5 14.75 -72.5 4 14.5 -75 4 14.5
4 16 -75 29.5 -11.25 -75 28 -7.5 -72.5 28 -7.5 -72.5 29.5 -11.25
4 16 -75 28 -7.5 -75 25.5 -4.5 -72.5 25.5 -4.5 -72.5 28 -7.5
4 16 -75 22.5 -2 -72.5 22.5 -2 -72.5 25.5 -4.5 -75 25.5 -4.5
4 16 -75 19 -0.5 -72.5 19 -0.5 -72.5 22.5 -2 -75 22.5 -2
4 16 -47.5 4 14.5 -42.5 4 14.5 -42.5 7.5 13 -47.5 7.5 13
4 16 -47.5 7.5 13 -42.5 7.5 13 -42.5 10.5 10.5 -47.5 10.5 10.5
4 16 -47.5 13 7.5 -47.5 10.5 10.5 -42.5 10.5 10.5 -42.5 13 7.5
4 16 -47.5 13 7.5 -42.5 13 7.5 -42.5 14.5 3.75 -47.5 14.5 3.75
4 16 -47.5 19 -0.5 -42.5 19 -0.5 -42.5 22.5 -2 -47.5 22.5 -2
4 16 -47.5 22.5 -2 -42.5 22.5 -2 -42.5 25.5 -4.5 -47.5 25.5 -4.5
4 16 -47.5 28 -7.5 -47.5 25.5 -4.5 -42.5 25.5 -4.5 -42.5 28 -7.5
4 16 -42.5 28 -7.5 -42.5 29.5 -11.25 -47.5 29.5 -11.25 -47.5 28 -7.5
4 16 -42.5 14.5 3.75 -42.5 15 0 -47.5 15 0 -47.5 14.5 3.75
4 16 -47.5 15 0 -42.5 15 0 -42.5 19 -0.5 -47.5 19 -0.5
4 16 -47.5 2.5 14.75 -72.5 2.5 14.75 -75 0 15 -45 0 15
3 16 -75 0 15 -72.5 2.5 14.75 -75 2.5 14.75
4 16 -75 0 -15 -45 0 -15 -45 0 15 -75 0 15
3 16 -75 30 -15 -75 0 -15 -75 29.75 -12.5
3 16 -47.5 2.5 14.75 -45 0 15 -42.5 2.5 14.75
4 16 -45 30 -15 -75 30 -15 -72.5 29.75 -12.5 -47.5 29.75 -12.5
4 16 -56.75 -5 12 -60 -5 12.5 -60 -5 7.5 -58.25 -5 7.25
4 16 -60 -5 7.5 -60 -5 12.5 -63.25 -5 12 -62 -5 7.25
4 16 -56.75 -5 -12 -58.25 -5 -7.25 -60 -5 -7.5 -60 -5 -12.5
4 16 -60 -5 -12.5 -60 -5 -7.5 -62 -5 -7.25 -63.25 -5 -12
4 16 -62 -5 -7.25 -63.75 -5 -6.5 -66.25 -5 -10.75 -63.25 -5 -12
4 16 -62 -5 7.25 -63.25 -5 12 -66.25 -5 10.75 -63.75 -5 6.5
4 16 -45 0 -15 -75 0 -15 -75 30 -15 -45 30 -15
4 16 -72.5 29.75 -12.5 -72.5 2.5 -12.5 -47.5 2.5 -12.5 -47.5 29.75 -12.5
4 16 -47.5 2.5 14.75 -47.5 2.5 -12.5 -72.5 2.5 -12.5 -72.5 2.5 14.75
4 16 -17.5 2.5 14.75 -17.5 2.5 -12.5 -42.5 2.5 -12.5 -42.5 2.5 14.75
4 16 -42.5 29.75 -12.5 -42.5 2.5 -12.5 -17.5 2.5 -12.5 -17.5 29.75 -12.5
4 16 -15 0 -15 -45 0 -15 -45 30 -15 -15 30 -15
4 16 -32 -5 7.25 -33.25 -5 12 -36.25 -5 10.75 -33.75 -5 6.5
4 16 -32 -5 -7.25 -33.75 -5 -6.5 -36.25 -5 -10.75 -33.25 -5 -12
4 16 -30 -5 -12.5 -30 -5 -7.5 -32 -5 -7.25 -33.25 -5 -12
4 16 -26.75 -5 -12 -28.25 -5 -7.25 -30 -5 -7.5 -30 -5 -12.5
4 16 -30 -5 7.5 -30 -5 12.5 -33.25 -5 12 -32 -5 7.25
4 16 -26.75 -5 12 -30 -5 12.5 -30 -5 7.5 -28.25 -5 7.25
4 16 -15 30 -15 -45 30 -15 -42.5 29.75 -12.5 -17.5 29.75 -12.5
3 16 -17.5 2.5 14.75 -15 0 15 -12.5 2.5 14.75
4 16 -15 0 15 -45 0 15 -45 0 -15 -15 0 -15
4 16 -45 0 15 -15 0 15 -17.5 2.5 14.75 -42.5 2.5 14.75
4 16 -17.5 15 0 -12.5 15 0 -12.5 19 -0.5 -17.5 19 -0.5
4 16 -12.5 14.5 3.75 -12.5 15 0 -17.5 15 0 -17.5 14.5 3.75
4 16 -12.5 28 -7.5 -12.5 29.5 -11.25 -17.5 29.5 -11.25 -17.5 28 -7.5
4 16 -17.5 28 -7.5 -17.5 25.5 -4.5 -12.5 25.5 -4.5 -12.5 28 -7.5
4 16 -17.5 22.5 -2 -12.5 22.5 -2 -12.5 25.5 -4.5 -17.5 25.5 -4.5
4 16 -17.5 19 -0.5 -12.5 19 -0.5 -12.5 22.5 -2 -17.5 22.5 -2
4 16 -17.5 13 7.5 -12.5 13 7.5 -12.5 14.5 3.75 -17.5 14.5 3.75
4 16 -17.5 13 7.5 -17.5 10.5 10.5 -12.5 10.5 10.5 -12.5 13 7.5
4 16 -17.5 7.5 13 -12.5 7.5 13 -12.5 10.5 10.5 -17.5 10.5 10.5
4 16 -17.5 4 14.5 -12.5 4 14.5 -12.5 7.5 13 -17.5 7.5 13
4 16 -17.5 2.5 14.75 -12.5 2.5 14.75 -12.5 4 14.5 -17.5 4 14.5
3 16 -17.5 29.75 -12.5 -12.5 29.75 -12.5 -15 30 -15
4 16 -12.5 29.5 -11.25 -12.5 29.75 -12.5 -17.5 29.75 -12.5 -17.5 29.5 -11.25
4 16 -42.5 29.75 -12.5 -42.5 29.5 -11.25 -42.5 28 -7.5 -42.5 2.5 -12.5
4 16 -42.5 22.5 -2 -42.5 19 -0.5 -42.5 15 0 -42.5 2.5 -12.5
4 16 -42.5 13 7.5 -42.5 10.5 10.5 -42.5 7.5 13 -42.5 2.5 -12.5
4 16 -42.5 28 -7.5 -42.5 25.5 -4.5 -42.5 22.5 -2 -42.5 2.5 -12.5
4 16 -42.5 15 0 -42.5 14.5 3.75 -42.5 13 7.5 -42.5 2.5 -12.5
4 16 -42.5 7.5 13 -42.5 4 14.5 -42.5 2.5 14.75 -42.5 2.5 -12.5
4 16 -17.5 29.75 -12.5 -17.5 2.5 -12.5 -17.5 28 -7.5 -17.5 29.5 -11.25
4 16 -17.5 22.5 -2 -17.5 2.5 -12.5 -17.5 15 0 -17.5 19 -0.5
4 16 -17.5 13 7.5 -17.5 2.5 -12.5 -17.5 7.5 13 -17.5 10.5 10.5
4 16 -17.5 28 -7.5 -17.5 2.5 -12.5 -17.5 22.5 -2 -17.5 25.5 -4.5
4 16 -17.5 15 0 -17.5 2.5 -12.5 -17.5 13 7.5 -17.5 14.5 3.75
4 16 -17.5 7.5 13 -17.5 2.5 -12.5 -17.5 2.5 14.75 -17.5 4 14.5
4 16 -33.75 -5 -6.5 -32 -5 -7.25 -32 0 -7.25 -33.75 0 -6.5
4 16 -33.75 0 -6.5 -35.25 0 -5.25 -35.25 -5 -5.25 -33.75 -5 -6.5
4 16 -36.5 0 -3.75 -36.5 -5 -3.75 -35.25 -5 -5.25 -35.25 0 -5.25
4 16 -37.25 0 -2 -37.25 -5 -2 -36.5 -5 -3.75 -36.5 0 -3.75
4 16 -37.5 0 0 -37.5 -5 0 -37.25 -5 -2 -37.25 0 -2
4 16 -37.25 0 2 -37.25 -5 2 -37.5 -5 0 -37.5 0 0
4 16 -36.5 0 3.75 -36.5 -5 3.75 -37.25 -5 2 -37.25 0 2
4 16 -35.25 0 5.25 -35.25 -5 5.25 -36.5 -5 3.75 -36.5 0 3.75
4 16 -33.75 -5 6.5 -35.25 -5 5.25 -35.25 0 5.25 -33.75 0 6.5
4 16 -32 -5 7.25 -33.75 -5 6.5 -33.75 0 6.5 -32 0 7.25
4 16 -30 -5 7.5 -32 -5 7.25 -32 0 7.25 -30 0 7.5
4 16 -28.25 -5 7.25 -30 -5 7.5 -30 0 7.5 -28.25 0 7.25
4 16 -26.25 -5 6.5 -28.25 -5 7.25 -28.25 0 7.25 -26.25 0 6.5
4 16 -24.75 -5 5.25 -26.25 -5 6.5 -26.25 0 6.5 -24.75 0 5.25
4 16 -24.75 -5 5.25 -24.75 0 5.25 -23.5 0 3.75 -23.5 -5 3.75
4 16 -22.75 0 2 -22.75 -5 2 -23.5 -5 3.75 -23.5 0 3.75
4 16 -22.75 -5 2 -22.75 0 2 -22.5 0 0 -22.5 -5 0
4 16 -22.5 -5 0 -22.5 0 0 -22.75 0 -2 -22.75 -5 -2
4 16 -22.75 -5 -2 -22.75 0 -2 -23.5 0 -3.75 -23.5 -5 -3.75
4 16 -23.5 -5 -3.75 -23.5 0 -3.75 -24.75 0 -5.25 -24.75 -5 -5.25
4 16 -24.75 0 -5.25 -26.25 0 -6.5 -26.25 -5 -6.5 -24.75 -5 -5.25
4 16 -26.25 0 -6.5 -28.25 0 -7.25 -28.25 -5 -7.25 -26.25 -5 -6.5
4 16 -30 -5 -7.5 -28.25 -5 -7.25 -28.25 0 -7.25 -30 0 -7.5
4 16 -32 -5 -7.25 -30 -5 -7.5 -30 0 -7.5 -32 0 -7.25
4 16 -42.5 -5 0 -42.5 0 0 -42.25 0 -3.25 -42.25 -5 -3.25
4 16 -42.25 -5 -3.25 -42.25 0 -3.25 -41 0 -6.25 -41 -5 -6.25
4 16 -41 -5 -6.25 -41 0 -6.25 -39 0 -8.75 -39 -5 -8.75
4 16 -39 0 -8.75 -36.25 0 -10.75 -36.25 -5 -10.75 -39 -5 -8.75
4 16 -33.25 -5 -12 -36.25 -5 -10.75 -36.25 0 -10.75 -33.25 0 -12
4 16 -30 -5 -12.5 -33.25 -5 -12 -33.25 0 -12 -30 0 -12.5
4 16 -26.75 -5 -12 -30 -5 -12.5 -30 0 -12.5 -26.75 0 -12
4 16 -23.75 -5 -10.75 -26.75 -5 -12 -26.75 0 -12 -23.75 0 -10.75
4 16 -21.25 -5 -8.75 -23.75 -5 -10.75 -23.75 0 -10.75 -21.25 0 -8.75
4 16 -19.25 0 -6.25 -19.25 -5 -6.25 -21.25 -5 -8.75 -21.25 0 -8.75
4 16 -18 0 -3.25 -18 -5 -3.25 -19.25 -5 -6.25 -19.25 0 -6.25
4 16 -17.5 0 0 -17.5 -5 0 -18 -5 -3.25 -18 0 -3.25
4 16 -18 0 3.25 -18 -5 3.25 -17.5 -5 0 -17.5 0 0
4 16 -19.25 0 6.25 -19.25 -5 6.25 -18 -5 3.25 -18 0 3.25
4 16 -21.25 0 8.75 -21.25 -5 8.75 -19.25 -5 6.25 -19.25 0 6.25
4 16 -23.75 -5 10.75 -21.25 -5 8.75 -21.25 0 8.75 -23.75 0 10.75
4 16 -23.75 0 10.75 -26.75 0 12 -26.75 -5 12 -23.75 -5 10.75
4 16 -30 -5 12.5 -26.75 -5 12 -26.75 0 12 -30 0 12.5
4 16 -33.25 -5 12 -30 -5 12.5 -30 0 12.5 -33.25 0 12
4 16 -36.25 -5 10.75 -33.25 -5 12 -33.25 0 12 -36.25 0 10.75
4 16 -39 -5 8.75 -36.25 -5 10.75 -36.25 0 10.75 -39 0 8.75
4 16 -41 0 6.25 -41 -5 6.25 -39 -5 8.75 -39 0 8.75
4 16 -41 -5 6.25 -41 0 6.25 -42.25 0 3.25 -42.25 -5 3.25
4 16 -42.5 0 0 -42.5 -5 0 -42.25 -5 3.25 -42.25 0 3.25
4 16 -26.25 -5 6.5 -24.75 -5 5.25 -21.25 -5 8.75 -23.75 -5 10.75
4 16 -28.25 -5 7.25 -26.25 -5 6.5 -23.75 -5 10.75 -26.75 -5 12
4 16 -33.75 -5 6.5 -36.25 -5 10.75 -39 -5 8.75 -35.25 -5 5.25
4 16 -33.75 -5 -6.5 -35.25 -5 -5.25 -39 -5 -8.75 -36.25 -5 -10.75
4 16 -18 -5 3.25 -22.75 -5 2 -22.5 -5 0 -17.5 -5 0
4 16 -28.25 -5 -7.25 -26.75 -5 -12 -23.75 -5 -10.75 -26.25 -5 -6.5
4 16 -42.25 -5 3.25 -42.5 -5 0 -37.5 -5 0 -37.25 -5 2
4 16 -21.25 -5 8.75 -24.75 -5 5.25 -23.5 -5 3.75 -19.25 -5 6.25
4 16 -37.5 -5 0 -42.5 -5 0 -42.25 -5 -3.25 -37.25 -5 -2
4 16 -17.5 -5 0 -22.5 -5 0 -22.75 -5 -2 -18 -5 -3.25
4 16 -39 -5 -8.75 -35.25 -5 -5.25 -36.5 -5 -3.75 -41 -5 -6.25
4 16 -22.75 -5 2 -18 -5 3.25 -19.25 -5 6.25 -23.5 -5 3.75
4 16 -36.5 -5 3.75 -35.25 -5 5.25 -39 -5 8.75 -41 -5 6.25
4 16 -37.25 -5 2 -36.5 -5 3.75 -41 -5 6.25 -42.25 -5 3.25
4 16 -26.25 -5 -6.5 -23.75 -5 -10.75 -21.25 -5 -8.75 -24.75 -5 -5.25
4 16 -36.5 -5 -3.75 -37.25 -5 -2 -42.25 -5 -3.25 -41 -5 -6.25
4 16 -23.5 -5 -3.75 -19.25 -5 -6.25 -18 -5 -3.25 -22.75 -5 -2
4 16 -23.5 -5 -3.75 -24.75 -5 -5.25 -21.25 -5 -8.75 -19.25 -5 -6.25
2 24 -54.75 0 5.25 -53.5 0 3.75
2 24 -62 0 -7.25 -60 0 -7.5
2 24 10.75 0 6.25 12 0 3.25
2 24 -67.25 -5 -2 -66.5 -5 -3.75
2 24 -75 0 -15 -75 30 -15
2 24 -42.5 2.5 -12.5 -42.5 2.5 14.75
2 24 -42.5 2.5 -12.5 -17.5 2.5 -12.5
2 24 12.5 28 -7.5 12.5 29.5 -11.25
2 24 -62 0 7.25 -60 0 7.5
2 24 -19.25 -5 -6.25 -18 -5 -3.25
5 24 5.25 -5 5.25 5.25 0 5.25 3.75 -5 6.5 6.5 -5 3.75
5 24 -28.25 -5 7.25 -28.25 0 7.25 -30 -5 7.5 -26.25 -5 6.5
2 24 -39 0 -8.75 -36.25 0 -10.75
5 24 -69 -5 -8.75 -69 0 -8.75 -66.25 -5 -10.75 -71 -5 -6.25
2 24 12.5 2.5 14.75 12.5 4 14.5
2 24 -37.5 0 0 -37.25 0 -2
5 24 -36.5 -5 -3.75 -36.5 0 -3.75 -35.25 -5 -5.25 -37.25 -5 -2
2 24 -28.25 0 7.25 -26.25 0 6.5
5 24 -17.5 19 -0.5 -12.5 19 -0.5 -17.5 15 0 -17.5 22.5 -2
2 24 -18 0 -3.25 -17.5 0 0
5 24 12.5 29.5 -11.25 15 29.5 -11.25 12.5 28 -7.5 12.5 29.75 -12.5
2 24 -36.25 0 -10.75 -33.25 0 -12
5 24 -12.25 -5 -3.25 -12.25 0 -3.25 -12.5 -5 0 -11 -5 -6.25
5 24 -58.25 -5 -7.25 -58.25 0 -7.25 -60 -5 -7.5 -56.25 -5 -6.5
2 24 -22.75 -5 -2 -22.5 -5 0
2 24 -17.5 19 -0.5 -17.5 22.5 -2
5 24 -17.5 29.75 -12.5 -12.5 29.75 -12.5 -15 30 -15 -17.5 29.5 -11.25
2 24 12.5 13 7.5 12.5 14.5 3.75
5 24 -36.25 -5 -10.75 -36.25 0 -10.75 -39 -5 -8.75 -33.25 -5 -12
2 24 -75 0 -15 -45 0 -15
2 24 -47.5 2.5 -12.5 -47.5 2.5 14.75
2 24 -36.5 -5 3.75 -35.25 -5 5.25
2 24 -12.5 28 -7.5 -12.5 29.5 -11.25
5 24 -6.25 -5 10.75 -6.25 0 10.75 -3.25 -5 12 -9 -5 8.75
2 24 12 -5 3.25 12.5 -5 0
5 24 12 -5 3.25 12 0 3.25 12.5 -5 0 10.75 -5 6.25
2 24 -23.5 -5 3.75 -22.75 -5 2
5 24 -53.75 -5 10.75 -53.75 0 10.75 -56.75 -5 12 -51.25 -5 8.75
2 24 -26.75 -5 -12 -23.75 -5 -10.75
5 24 1.75 -5 -7.25 1.75 0 -7.25 3.75 -5 -6.5 0 -5 -7.5
2 24 0 0 -12.5 3.25 0 -12
2 24 -18 -5 -3.25 -17.5 -5 0
2 24 -67.25 0 -2 -66.5 0 -3.75
2 24 5.25 -5 -5.25 6.5 -5 -3.75
2 24 -19.25 -5 6.25 -18 -5 3.25
2 24 -51.25 0 8.75 -49.25 0 6.25
2 24 -75 29.75 -12.5 -75 30 -15
2 24 -35.25 -5 -5.25 -33.75 -5 -6.5
5 24 -52.75 -5 2 -52.75 0 2 -52.5 -5 0 -53.5 -5 3.75
2 24 -23.75 -5 -10.75 -21.25 -5 -8.75
2 24 -17.5 15 0 -12.5 15 0
2 24 -32 0 7.25 -30 0 7.5
2 24 -7.25 0 2 -6.5 0 3.75
2 24 -42.5 -5 0 -42.25 -5 -3.25
5 24 12.5 22.5 -2 15 22.5 -2 12.5 25.5 -4.5 12.5 19 -0.5
2 24 -48 -5 3.25 -47.5 -5 0
2 24 -17.5 29.5 -11.25 -17.5 29.75 -12.5
2 24 -51.25 0 -8.75 -49.25 0 -6.25
2 24 -17.5 14.5 3.75 -17.5 15 0
2 24 -23.75 0 -10.75 -21.25 0 -8.75
2 24 0 0 7.5 1.75 0 7.25
5 24 -9 -5 -8.75 -9 0 -8.75 -11 -5 -6.25 -6.25 -5 -10.75
2 24 6.5 -5 3.75 7.25 -5 2
2 24 -12.5 19 -0.5 -12.5 22.5 -2
5 24 -60 -5 7.5 -60 0 7.5 -58.25 -5 7.25 -62 -5 7.25
2 24 -69 0 -8.75 -66.25 0 -10.75
2 24 -32 -5 7.25 -30 -5 7.5
2 24 3.25 0 12 6.25 0 10.75
5 24 12.5 25.5 -4.5 15 25.5 -4.5 12.5 28 -7.5 12.5 22.5 -2
2 24 -15 30 -15 15 30 -15
2 24 15 4 14.5 15 7.5 13
2 24 -21.25 0 -8.75 -19.25 0 -6.25
2 24 -60 0 -7.5 -58.25 0 -7.25
2 24 -17.5 4 14.5 -17.5 7.5 13
2 24 -42.25 -5 3.25 -41 -5 6.25
2 24 -39 0 8.75 -36.25 0 10.75
2 24 15 0 -15 15 30 -15
2 24 3.75 0 6.5 5.25 0 5.25
5 24 -75 28 -7.5 -72.5 28 -7.5 -75 29.5 -11.25 -75 25.5 -4.5
2 24 6.5 -5 -3.75 7.25 -5 -2
5 24 -30 -5 12.5 -30 0 12.5 -26.75 -5 12 -33.25 -5 12
2 24 -12.25 0 -3.25 -11 0 -6.25
5 24 -24.75 -5 5.25 -24.75 0 5.25 -26.25 -5 6.5 -23.5 -5 3.75
2 24 -72.5 -5 0 -72.25 -5 3.25
2 24 -52.75 -5 2 -52.5 -5 0
2 24 -75 19 -0.5 -75 22.5 -2
5 24 -7.5 -5 0 -7.5 0 0 -7.25 -5 -2 -7.25 -5 2
2 24 -7.5 -5 0 -7.25 -5 -2
5 24 -2 -5 7.25 -2 0 7.25 -3.75 -5 6.5 0 -5 7.5
2 24 -67.5 -5 0 -67.25 -5 -2
2 24 -37.25 0 2 -36.5 0 3.75
2 24 12.5 19 -0.5 12.5 22.5 -2
2 24 12.5 15 0 12.5 19 -0.5
2 24 -30 0 -12.5 -26.75 0 -12
2 24 -30 -5 -7.5 -28.25 -5 -7.25
2 24 12.5 25.5 -4.5 12.5 28 -7.5
5 24 10.75 -5 6.25 10.75 0 6.25 12 -5 3.25 8.75 -5 8.75
2 24 -42.5 4 14.5 -42.5 7.5 13
5 24 -47.5 -5 0 -47.5 0 0 -48 -5 3.25 -48 -5 -3.25
5 24 0 -5 -7.5 0 0 -7.5 1.75 -5 -7.25 -2 -5 -7.25
2 24 -75 7.5 13 -75 10.5 10.5
5 24 -17.5 14.5 3.75 -12.5 14.5 3.75 -17.5 15 0 -17.5 13 7.5
2 24 -36.5 0 -3.75 -35.25 0 -5.25
5 24 -12.5 -5 0 -12.5 0 0 -12.25 -5 -3.25 -12.25 -5 3.25
2 24 -26.75 0 -12 -23.75 0 -10.75
5 24 -23.75 -5 10.75 -23.75 0 10.75 -21.25 -5 8.75 -26.75 -5 12
2 24 -66.25 -5 10.75 -63.25 -5 12
2 24 -49.25 -5 6.25 -48 -5 3.25
2 24 -47.5 14.5 3.75 -47.5 15 0
2 24 -72.5 4 14.5 -72.5 7.5 13
2 24 0 -5 -12.5 3.25 -5 -12
2 24 -12.5 22.5 -2 -12.5 25.5 -4.5
2 24 -33.25 0 -12 -30 0 -12.5
2 24 -42.5 22.5 -2 -42.5 25.5 -4.5
2 24 6.25 0 -10.75 8.75 0 -8.75
2 24 -11 -5 6.25 -9 -5 8.75
5 24 -47.5 29.5 -11.25 -42.5 29.5 -11.25 -47.5 29.75 -12.5 -47.5 28 -7.5
2 24 12 -5 -3.25 12.5 -5 0
5 24 6.25 -5 -10.75 6.25 0 -10.75 3.25 -5 -12 8.75 -5 -8.75
2 24 3.75 0 -6.5 5.25 0 -5.25
2 24 -54.75 -5 -5.25 -53.5 -5 -3.75
2 24 -3.75 0 -6.5 -2 0 -7.25
2 24 -56.25 0 -6.5 -54.75 0 -5.25
2 24 -33.25 -5 12 -30 -5 12.5
5 24 -26.75 -5 12 -26.75 0 12 -23.75 -5 10.75 -30 -5 12.5
2 24 -17.5 2.5 -12.5 -17.5 29.75 -12.5
2 24 -12.5 -5 0 -12.25 -5 3.25
5 24 -5.25 -5 5.25 -5.25 0 5.25 -6.5 -5 3.75 -3.75 -5 6.5
2 24 -24.75 -5 -5.25 -23.5 -5 -3.75
2 24 -6.5 0 -3.75 -5.25 0 -5.25
2 24 -54.75 0 -5.25 -53.5 0 -3.75
5 24 -11 -5 6.25 -11 0 6.25 -9 -5 8.75 -12.25 -5 3.25
5 24 7.5 -5 0 7.5 0 0 7.25 -5 2 7.25 -5 -2
5 24 -63.75 -5 6.5 -63.75 0 6.5 -62 -5 7.25 -65.25 -5 5.25
2 24 3.25 0 -12 6.25 0 -10.75
2 24 8.75 -5 8.75 10.75 -5 6.25
2 24 -42.5 19 -0.5 -42.5 22.5 -2
2 24 -19.25 0 6.25 -18 0 3.25
5 24 -60 -5 -7.5 -60 0 -7.5 -62 -5 -7.25 -58.25 -5 -7.25
2 24 -75 2.5 14.75 -75 4 14.5
2 24 15 10.5 10.5 15 13 7.5
2 24 -42.5 13 7.5 -42.5 14.5 3.75
5 24 3.75 -5 6.5 3.75 0 6.5 1.75 -5 7.25 5.25 -5 5.25
5 24 -47.5 22.5 -2 -42.5 22.5 -2 -47.5 19 -0.5 -47.5 25.5 -4.5
2 24 -71 0 -6.25 -69 0 -8.75
2 24 -17.5 10.5 10.5 -17.5 13 7.5
2 24 0 0 -7.5 1.75 0 -7.25
2 24 -42.25 0 3.25 -41 0 6.25
2 24 -63.75 -5 6.5 -62 -5 7.25
2 24 -47.5 13 7.5 -47.5 14.5 3.75
5 24 -41 -5 -6.25 -41 0 -6.25 -42.25 -5 -3.25 -39 -5 -8.75
2 24 5.25 0 5.25 6.5 0 3.75
2 24 -37.5 -5 0 -37.25 -5 -2
2 24 -75 30 -15 -45 30 -15
2 24 -17.5 2.5 -12.5 -17.5 2.5 14.75
2 24 0 -5 7.5 1.75 -5 7.25
5 24 7.25 -5 -2 7.25 0 -2 7.5 -5 0 6.5 -5 -3.75
2 24 -7.25 -5 -2 -6.5 -5 -3.75
2 24 -23.5 0 -3.75 -22.75 0 -2
2 24 -11 0 -6.25 -9 0 -8.75
5 24 -47.5 7.5 13 -42.5 7.5 13 -47.5 4 14.5 -47.5 10.5 10.5
5 24 12.5 28 -7.5 15 28 -7.5 12.5 29.5 -11.25 12.5 25.5 -4.5
2 24 -12.5 14.5 3.75 -12.5 15 0
2 24 -26.25 -5 6.5 -24.75 -5 5.25
5 24 -3.25 -5 -12 -3.25 0 -12 -6.25 -5 -10.75 0 -5 -12.5
2 24 -66.5 0 3.75 -65.25 0 5.25
2 24 -75 10.5 10.5 -75 13 7.5
2 24 -5.25 0 -5.25 -3.75 0 -6.5
2 24 -72.5 0 0 -72.25 0 -3.25
2 24 -6.25 -5 -10.75 -3.25 -5 -12
2 24 8.75 0 -8.75 10.75 0 -6.25
2 24 -71 -5 6.25 -69 -5 8.75
5 24 -65.25 -5 -5.25 -65.25 0 -5.25 -66.5 -5 -3.75 -63.75 -5 -6.5
2 24 0 -5 -7.5 1.75 -5 -7.25
2 24 -42.5 0 0 -42.25 0 -3.25
2 24 -33.75 0 -6.5 -32 0 -7.25
2 24 -66.5 -5 -3.75 -65.25 -5 -5.25
5 24 -37.25 -5 2 -37.25 0 2 -37.5 -5 0 -36.5 -5 3.75
2 24 -37.25 -5 -2 -36.5 -5 -3.75
2 24 -18 0 3.25 -17.5 0 0
2 24 -42.5 -5 0 -42.25 -5 3.25
2 24 -30 -5 12.5 -26.75 -5 12
2 24 -72.25 -5 3.25 -71 -5 6.25
2 24 -60 -5 12.5 -56.75 -5 12
5 24 12.5 19 -0.5 15 19 -0.5 12.5 15 0 12.5 22.5 -2
2 24 12.5 22.5 -2 12.5 25.5 -4.5
2 24 -63.75 0 6.5 -62 0 7.25
2 24 1.75 0 -7.25 3.75 0 -6.5
2 24 -35.25 -5 5.25 -33.75 -5 6.5
5 24 -17.5 29.5 -11.25 -12.5 29.5 -11.25 -17.5 28 -7.5 -17.5 29.75 -12.5
2 24 -26.75 0 12 -23.75 0 10.75
5 24 -54.75 -5 5.25 -54.75 0 5.25 -53.5 -5 3.75 -56.25 -5 6.5
5 24 -22.75 -5 2 -22.75 0 2 -23.5 -5 3.75 -22.5 -5 0
2 24 -75 0 -15 -75 0 15
5 24 -17.5 22.5 -2 -12.5 22.5 -2 -17.5 25.5 -4.5 -17.5 19 -0.5
2 24 -41 -5 -6.25 -39 -5 -8.75
5 24 -47.5 19 -0.5 -42.5 19 -0.5 -47.5 22.5 -2 -47.5 15 0
5 24 10.75 -5 -6.25 10.75 0 -6.25 8.75 -5 -8.75 12 -5 -3.25
2 24 -65.25 -5 -5.25 -63.75 -5 -6.5
5 24 -23.5 -5 -3.75 -23.5 0 -3.75 -22.75 -5 -2 -24.75 -5 -5.25
2 24 -21.25 0 8.75 -19.25 0 6.25
5 24 -66.5 -5 3.75 -66.5 0 3.75 -65.25 -5 5.25 -67.25 -5 2
5 24 -51.25 -5 8.75 -51.25 0 8.75 -53.75 -5 10.75 -49.25 -5 6.25
2 24 12.5 29.5 -11.25 12.5 29.75 -12.5
5 24 -47.5 29.75 -12.5 -42.5 29.75 -12.5 -47.5 29.5 -11.25 -45 30 -15
2 24 -30 0 -7.5 -28.25 0 -7.25
5 24 -33.75 -5 6.5 -33.75 0 6.5 -35.25 -5 5.25 -32 -5 7.25
5 24 -56.75 -5 -12 -56.75 0 -12 -53.75 -5 -10.75 -60 -5 -12.5
2 24 -5.25 -5 -5.25 -3.75 -5 -6.5
5 24 -7.25 -5 2 -7.25 0 2 -7.5 -5 0 -6.5 -5 3.75
2 24 -12.5 7.5 13 -12.5 10.5 10.5
2 24 -12.5 10.5 10.5 -12.5 13 7.5
2 24 -12.5 2.5 14.75 -12.5 4 14.5
5 24 -75 7.5 13 -72.5 7.5 13 -75 10.5 10.5 -75 4 14.5
2 24 -63.75 -5 -6.5 -62 -5 -7.25
5 24 -17.5 2.5 14.75 -12.5 2.5 14.75 -15 0 15 -17.5 4 14.5
2 24 3.25 -5 -12 6.25 -5 -10.75
5 24 -66.25 -5 -10.75 -66.25 0 -10.75 -63.25 -5 -12 -69 -5 -8.75
2 24 15 28 -7.5 15 29.5 -11.25
5 24 12.5 4 14.5 15 4 14.5 12.5 7.5 13 12.5 2.5 14.75
2 24 -32 -5 -7.25 -30 -5 -7.5
2 24 -75 14.5 3.75 -75 15 0
2 24 -60 -5 -7.5 -58.25 -5 -7.25
2 24 -60 -5 7.5 -58.25 -5 7.25
2 24 -17.5 22.5 -2 -17.5 25.5 -4.5
5 24 -5.25 -5 -5.25 -5.25 0 -5.25 -3.75 -5 -6.5 -6.5 -5 -3.75
2 24 8.75 -5 -8.75 10.75 -5 -6.25
2 24 -53.75 0 10.75 -51.25 0 8.75
2 24 -60 0 12.5 -56.75 0 12
2 24 -62 -5 7.25 -60 -5 7.5
5 24 -17.5 -5 0 -17.5 0 0 -18 -5 -3.25 -18 -5 3.25
2 24 -72.5 2.5 -12.5 -72.5 2.5 14.75
2 24 12 0 3.25 12.5 0 0
2 24 -47.5 15 0 -47.5 19 -0.5
5 24 12.5 2.5 14.75 15 2.5 14.75 15 0 15 12.5 4 14.5
2 24 -35.25 0 -5.25 -33.75 0 -6.5
2 24 -47.5 7.5 13 -47.5 10.5 10.5
2 24 -71 -5 -6.25 -69 -5 -8.75
2 24 -28.25 -5 -7.25 -26.25 -5 -6.5
5 24 -36.25 -5 10.75 -36.25 0 10.75 -33.25 -5 12 -39 -5 8.75
2 24 -75 15 0 -75 19 -0.5
5 24 -75 29.75 -12.5 -72.5 29.75 -12.5 -75 30 -15 -75 29.5 -11.25
5 24 -65.25 -5 5.25 -65.25 0 5.25 -63.75 -5 6.5 -66.5 -5 3.75
5 24 -47.5 2.5 14.75 -42.5 2.5 14.75 -47.5 4 14.5 -45 0 15
5 24 3.75 -5 -6.5 3.75 0 -6.5 5.25 -5 -5.25 1.75 -5 -7.25
2 24 -72.5 28 -7.5 -72.5 29.5 -11.25
2 24 -6.25 0 10.75 -3.25 0 12
2 24 -6.5 -5 -3.75 -5.25 -5 -5.25
2 24 -37.5 -5 0 -37.25 -5 2
5 24 -3.75 -5 6.5 -3.75 0 6.5 -5.25 -5 5.25 -2 -5 7.25
2 24 -65.25 -5 5.25 -63.75 -5 6.5
2 24 15 25.5 -4.5 15 28 -7.5
2 24 -6.25 -5 10.75 -3.25 -5 12
5 24 -63.25 -5 12 -63.25 0 12 -66.25 -5 10.75 -60 -5 12.5
2 24 -36.5 0 3.75 -35.25 0 5.25
2 24 -49.25 0 -6.25 -48 0 -3.25
5 24 -72.25 -5 -3.25 -72.25 0 -3.25 -71 -5 -6.25 -72.5 -5 0
5 24 -35.25 -5 5.25 -35.25 0 5.25 -36.5 -5 3.75 -33.75 -5 6.5
2 24 7.25 -5 2 7.5 -5 0
2 24 -72.5 19 -0.5 -72.5 22.5 -2
5 24 -21.25 -5 -8.75 -21.25 0 -8.75 -23.75 -5 -10.75 -19.25 -5 -6.25
2 24 -12.5 2.5 -12.5 -12.5 2.5 14.75
2 24 -9 0 -8.75 -6.25 0 -10.75
2 24 -26.25 0 -6.5 -24.75 0 -5.25
2 24 7.25 0 2 7.5 0 0
2 24 -66.5 -5 3.75 -65.25 -5 5.25
5 24 -37.25 -5 -2 -37.25 0 -2 -36.5 -5 -3.75 -37.5 -5 0
2 24 1.75 -5 -7.25 3.75 -5 -6.5
2 24 15 0 15 15 2.5 14.75
2 24 15 2.5 14.75 15 4 14.5
2 24 3.25 -5 12 6.25 -5 10.75
2 24 -48 -5 -3.25 -47.5 -5 0
2 24 -72.5 29.75 -12.5 -47.5 29.75 -12.5
2 24 -37.25 0 -2 -36.5 0 -3.75
5 24 -7.25 -5 -2 -7.25 0 -2 -6.5 -5 -3.75 -7.5 -5 0
2 24 -42.5 25.5 -4.5 -42.5 28 -7.5
2 24 -72.25 0 3.25 -71 0 6.25
5 24 -71 -5 -6.25 -71 0 -6.25 -69 -5 -8.75 -72.25 -5 -3.25
2 24 -36.25 -5 -10.75 -33.25 -5 -12
2 24 -47.5 4 14.5 -47.5 7.5 13
5 24 -66.5 -5 -3.75 -66.5 0 -3.75 -67.25 -5 -2 -65.25 -5 -5.25
2 24 -7.25 0 -2 -6.5 0 -3.75
2 24 -3.75 -5 6.5 -2 -5 7.25
5 24 -75 22.5 -2 -72.5 22.5 -2 -75 25.5 -4.5 -75 19 -0.5
2 24 6.25 -5 -10.75 8.75 -5 -8.75
5 24 -75 19 -0.5 -72.5 19 -0.5 -75 15 0 -75 22.5 -2
2 24 -63.25 0 -12 -60 0 -12.5
2 24 -39 -5 8.75 -36.25 -5 10.75
2 24 12.5 7.5 13 12.5 10.5 10.5
5 24 -17.5 7.5 13 -12.5 7.5 13 -17.5 10.5 10.5 -17.5 4 14.5
5 24 -30 -5 -7.5 -30 0 -7.5 -28.25 -5 -7.25 -32 -5 -7.25
2 24 -62 -5 -7.25 -60 -5 -7.5
2 24 7.25 -5 -2 7.5 -5 0
2 24 -6.5 0 3.75 -5.25 0 5.25
2 24 -42.5 7.5 13 -42.5 10.5 10.5
2 24 -72.5 2.5 14.75 -47.5 2.5 14.75
5 24 -51.25 -5 -8.75 -51.25 0 -8.75 -49.25 -5 -6.25 -53.75 -5 -10.75
2 24 -41 0 6.25 -39 0 8.75
5 24 -75 14.5 3.75 -72.5 14.5 3.75 -75 15 0 -75 13 7.5
2 24 -23.75 -5 10.75 -21.25 -5 8.75
2 24 -36.5 -5 -3.75 -35.25 -5 -5.25
5 24 -39 -5 -8.75 -39 0 -8.75 -41 -5 -6.25 -36.25 -5 -10.75
5 24 -17.5 28 -7.5 -12.5 28 -7.5 -17.5 29.5 -11.25 -17.5 25.5 -4.5
2 24 -9 0 8.75 -6.25 0 10.75
2 24 -9 -5 -8.75 -6.25 -5 -10.75
5 24 -9 -5 8.75 -9 0 8.75 -6.25 -5 10.75 -11 -5 6.25
5 24 -75 25.5 -4.5 -72.5 25.5 -4.5 -75 28 -7.5 -75 22.5 -2
2 24 -42.5 2.5 14.75 -17.5 2.5 14.75
2 24 15 13 7.5 15 14.5 3.75
2 24 5.25 0 -5.25 6.5 0 -3.75
5 24 -54.75 -5 -5.25 -54.75 0 -5.25 -56.25 -5 -6.5 -53.5 -5 -3.75
2 24 10.75 0 -6.25 12 0 -3.25
5 24 -75 29.5 -11.25 -72.5 29.5 -11.25 -72.5 29.75 -12.5 -75 28 -7.5
2 24 -72.5 14.5 3.75 -72.5 15 0
5 24 -24.75 -5 -5.25 -24.75 0 -5.25 -23.5 -5 -3.75 -26.25 -5 -6.5
2 24 -75 29.5 -11.25 -75 29.75 -12.5
2 24 10.75 -5 6.25 12 -5 3.25
5 24 12 -5 -3.25 12 0 -3.25 10.75 -5 -6.25 12.5 -5 0
5 24 -75 4 14.5 -72.5 4 14.5 -75 7.5 13 -75 2.5 14.75
5 24 -72.5 -5 0 -72.5 0 0 -72.25 -5 3.25 -72.25 -5 -3.25
2 24 -23.75 0 10.75 -21.25 0 8.75
2 24 -12.5 2.5 -12.5 12.5 2.5 -12.5
2 24 -42.25 -5 -3.25 -41 -5 -6.25
2 24 -66.5 0 -3.75 -65.25 0 -5.25
5 24 -22.75 -5 -2 -22.75 0 -2 -22.5 -5 0 -23.5 -5 -3.75
2 24 -54.75 -5 5.25 -53.5 -5 3.75
5 24 -52.5 -5 0 -52.5 0 0 -52.75 -5 -2 -52.75 -5 2
5 24 -36.5 -5 3.75 -36.5 0 3.75 -37.25 -5 2 -35.25 -5 5.25
5 24 -18 -5 3.25 -18 0 3.25 -17.5 -5 0 -19.25 -5 6.25
2 24 -18 -5 3.25 -17.5 -5 0
2 24 -11 -5 -6.25 -9 -5 -8.75
2 24 15 7.5 13 15 10.5 10.5
2 24 -72.5 10.5 10.5 -72.5 13 7.5
5 24 -56.25 -5 -6.5 -56.25 0 -6.5 -58.25 -5 -7.25 -54.75 -5 -5.25
2 24 -51.25 -5 8.75 -49.25 -5 6.25
2 24 -6.25 0 -10.75 -3.25 0 -12
5 24 -72.25 -5 3.25 -72.25 0 3.25 -72.5 -5 0 -71 -5 6.25
5 24 -75 10.5 10.5 -72.5 10.5 10.5 -75 13 7.5 -75 7.5 13
2 24 12.5 4 14.5 12.5 7.5 13
2 24 -3.25 0 12 0 0 12.5
5 24 3.25 -5 12 3.25 0 12 6.25 -5 10.75 0 -5 12.5
2 24 -30 0 12.5 -26.75 0 12
2 24 -60 0 -12.5 -56.75 0 -12
5 24 12.5 14.5 3.75 15 14.5 3.75 12.5 15 0 12.5 13 7.5
5 24 12.5 13 7.5 15 13 7.5 12.5 14.5 3.75 12.5 10.5 10.5
2 24 -17.5 13 7.5 -17.5 14.5 3.75
2 24 -56.75 0 -12 -53.75 0 -10.75
2 24 -12.5 4 14.5 -12.5 7.5 13
2 24 12.5 10.5 10.5 12.5 13 7.5
2 24 -24.75 0 -5.25 -23.5 0 -3.75
5 24 -12.25 -5 3.25 -12.25 0 3.25 -11 -5 6.25 -12.5 -5 0
5 24 12.5 29.75 -12.5 15 29.75 -12.5 15 30 -15 12.5 29.5 -11.25
5 24 -71 -5 6.25 -71 0 6.25 -72.25 -5 3.25 -69 -5 8.75
5 24 8.75 -5 8.75 8.75 0 8.75 10.75 -5 6.25 6.25 -5 10.75
2 24 -7.5 0 0 -7.25 0 2
5 24 -30 -5 7.5 -30 0 7.5 -32 -5 7.25 -28.25 -5 7.25
2 24 -21.25 -5 8.75 -19.25 -5 6.25
2 24 -58.25 0 -7.25 -56.25 0 -6.5
5 24 -33.75 -5 -6.5 -33.75 0 -6.5 -32 -5 -7.25 -35.25 -5 -5.25
2 24 -42.5 0 0 -42.25 0 3.25
2 24 -7.5 -5 0 -7.25 -5 2
2 24 -32 0 -7.25 -30 0 -7.5
5 24 -62 -5 7.25 -62 0 7.25 -60 -5 7.5 -63.75 -5 6.5
2 24 -72.5 15 0 -72.5 19 -0.5
5 24 -3.25 -5 12 -3.25 0 12 0 -5 12.5 -6.25 -5 10.75
5 24 -48 -5 3.25 -48 0 3.25 -49.25 -5 6.25 -47.5 -5 0
2 24 -3.25 -5 12 0 -5 12.5
2 24 -72.5 2.5 14.75 -72.5 4 14.5
5 24 6.25 -5 10.75 6.25 0 10.75 8.75 -5 8.75 3.25 -5 12
2 24 15 29.75 -12.5 15 30 -15
2 24 -53.75 -5 -10.75 -51.25 -5 -8.75
5 24 -48 -5 -3.25 -48 0 -3.25 -47.5 -5 0 -49.25 -5 -6.25
5 24 -17.5 13 7.5 -12.5 13 7.5 -17.5 14.5 3.75 -17.5 10.5 10.5
2 24 -58.25 -5 -7.25 -56.25 -5 -6.5
5 24 -60 -5 -12.5 -60 0 -12.5 -56.75 -5 -12 -63.25 -5 -12
2 24 -65.25 0 5.25 -63.75 0 6.5
2 24 -48 0 -3.25 -47.5 0 0
2 24 -33.75 0 6.5 -32 0 7.25
5 24 -47.5 25.5 -4.5 -42.5 25.5 -4.5 -47.5 22.5 -2 -47.5 28 -7.5
5 24 -26.75 -5 -12 -26.75 0 -12 -30 -5 -12.5 -23.75 -5 -10.75
2 24 -60 0 7.5 -58.25 0 7.25
5 24 0 -5 12.5 0 0 12.5 3.25 -5 12 -3.25 -5 12
2 24 -7.5 0 0 -7.25 0 -2
2 24 -69 0 8.75 -66.25 0 10.75
2 24 -48 0 3.25 -47.5 0 0
5 24 -28.25 -5 -7.25 -28.25 0 -7.25 -26.25 -5 -6.5 -30 -5 -7.5
2 24 -72.5 13 7.5 -72.5 14.5 3.75
2 24 -2 -5 7.25 0 -5 7.5
2 24 -2 0 7.25 0 0 7.5
2 24 -12.5 0 0 -12.25 0 -3.25
2 24 -75 15 0 -72.5 15 0
2 24 -45 0 15 -15 0 15
5 24 -6.25 -5 -10.75 -6.25 0 -10.75 -9 -5 -8.75 -3.25 -5 -12
2 24 -42.5 28 -7.5 -42.5 29.5 -11.25
5 24 -3.75 -5 -6.5 -3.75 0 -6.5 -2 -5 -7.25 -5.25 -5 -5.25
2 24 -33.25 -5 -12 -30 -5 -12.5
2 24 6.5 0 -3.75 7.25 0 -2
2 24 -67.5 0 0 -67.25 0 -2
2 24 -42.5 15 0 -42.5 19 -0.5
2 24 -72.25 0 -3.25 -71 0 -6.25
2 24 -2 0 -7.25 0 0 -7.5
2 24 -17.5 28 -7.5 -17.5 29.5 -11.25
2 24 -15 0 15 15 0 15
5 24 -35.25 -5 -5.25 -35.25 0 -5.25 -33.75 -5 -6.5 -36.5 -5 -3.75
5 24 -30 -5 -12.5 -30 0 -12.5 -33.25 -5 -12 -26.75 -5 -12
5 24 -32 -5 -7.25 -32 0 -7.25 -33.75 -5 -6.5 -30 -5 -7.5
2 24 -66.25 0 -10.75 -63.25 0 -12
2 24 -69 -5 8.75 -66.25 -5 10.75
2 24 -41 0 -6.25 -39 0 -8.75
2 24 -3.25 -5 -12 0 -5 -12.5
2 24 -66.25 -5 -10.75 -63.25 -5 -12
2 24 -63.25 -5 12 -60 -5 12.5
2 24 -72.25 -5 -3.25 -71 -5 -6.25
2 24 15 19 -0.5 15 22.5 -2
2 24 15 14.5 3.75 15 15 0
2 24 -5.25 -5 5.25 -3.75 -5 6.5
2 24 -22.75 -5 2 -22.5 -5 0
2 24 -9 -5 8.75 -6.25 -5 10.75
2 24 -37.5 0 0 -37.25 0 2
2 24 5.25 -5 5.25 6.5 -5 3.75
2 24 -12.5 0 0 -12.25 0 3.25
2 24 -53.75 0 -10.75 -51.25 0 -8.75
2 24 -15 0 -15 15 0 -15
2 24 -35.25 0 5.25 -33.75 0 6.5
2 24 15 15 0 15 19 -0.5
2 24 -47.5 10.5 10.5 -47.5 13 7.5
2 24 -72.5 2.5 -12.5 -72.5 29.75 -12.5
2 24 -47.5 19 -0.5 -47.5 22.5 -2
2 24 -52.75 0 2 -52.5 0 0
2 24 -69 -5 -8.75 -66.25 -5 -10.75
2 24 -3.75 0 6.5 -2 0 7.25
5 24 12.5 -5 0 12.5 0 0 12 -5 -3.25 12 -5 3.25
5 24 -75 13 7.5 -72.5 13 7.5 -75 14.5 3.75 -75 10.5 10.5
5 24 -53.5 -5 -3.75 -53.5 0 -3.75 -54.75 -5 -5.25 -52.75 -5 -2
5 24 -63.75 -5 -6.5 -63.75 0 -6.5 -65.25 -5 -5.25 -62 -5 -7.25
5 24 -58.25 -5 7.25 -58.25 0 7.25 -56.25 -5 6.5 -60 -5 7.5
2 24 -12.5 29.5 -11.25 -12.5 29.75 -12.5
5 24 3.25 -5 -12 3.25 0 -12 0 -5 -12.5 6.25 -5 -10.75
2 24 -63.75 0 -6.5 -62 0 -7.25
2 24 8.75 0 8.75 10.75 0 6.25
2 24 -67.5 -5 0 -67.25 -5 2
5 24 -53.5 -5 3.75 -53.5 0 3.75 -52.75 -5 2 -54.75 -5 5.25
5 24 -52.75 -5 -2 -52.75 0 -2 -53.5 -5 -3.75 -52.5 -5 0
5 24 1.75 -5 7.25 1.75 0 7.25 0 -5 7.5 3.75 -5 6.5
5 24 -49.25 -5 6.25 -49.25 0 6.25 -51.25 -5 8.75 -48 -5 3.25
2 24 -47.5 25.5 -4.5 -47.5 28 -7.5
5 24 6.5 -5 -3.75 6.5 0 -3.75 7.25 -5 -2 5.25 -5 -5.25
2 24 6.25 0 10.75 8.75 0 8.75
2 24 -41 -5 6.25 -39 -5 8.75
2 24 7.25 0 -2 7.5 0 0
2 24 -42.5 29.5 -11.25 -42.5 29.75 -12.5
5 24 5.25 -5 -5.25 5.25 0 -5.25 6.5 -5 -3.75 3.75 -5 -6.5
2 24 -3.75 -5 -6.5 -2 -5 -7.25
2 24 -67.25 -5 2 -66.5 -5 3.75
2 24 -72.5 0 0 -72.25 0 3.25
2 24 10.75 -5 -6.25 12 -5 -3.25
5 24 -47.5 10.5 10.5 -42.5 10.5 10.5 -47.5 7.5 13 -47.5 13 7.5
2 24 -72.5 7.5 13 -72.5 10.5 10.5
2 24 -36.25 -5 10.75 -33.25 -5 12
5 24 -33.25 -5 12 -33.25 0 12 -30 -5 12.5 -36.25 -5 10.75
2 24 -56.75 0 12 -53.75 0 10.75
2 24 -28.25 -5 7.25 -26.25 -5 6.5
5 24 -17.5 10.5 10.5 -12.5 10.5 10.5 -17.5 13 7.5 -17.5 7.5 13
5 24 12.5 10.5 10.5 15 10.5 10.5 12.5 13 7.5 12.5 7.5 13
2 24 -5.25 0 5.25 -3.75 0 6.5
5 24 -19.25 -5 6.25 -19.25 0 6.25 -18 -5 3.25 -21.25 -5 8.75
2 24 -72.5 29.5 -11.25 -72.5 29.75 -12.5
5 24 -26.25 -5 -6.5 -26.25 0 -6.5 -24.75 -5 -5.25 -28.25 -5 -7.25
5 24 -19.25 -5 -6.25 -19.25 0 -6.25 -21.25 -5 -8.75 -18 -5 -3.25
5 24 -62 -5 -7.25 -62 0 -7.25 -60 -5 -7.5 -63.75 -5 -6.5
5 24 -60 -5 12.5 -60 0 12.5 -63.25 -5 12 -56.75 -5 12
2 24 -67.25 0 2 -66.5 0 3.75
2 24 -6.5 -5 3.75 -5.25 -5 5.25
2 24 12 0 -3.25 12.5 0 0
2 24 -2 -5 -7.25 0 -5 -7.5
2 24 -17.5 15 0 -17.5 19 -0.5
2 24 -52.75 0 -2 -52.5 0 0
2 24 -30 0 7.5 -28.25 0 7.25
5 24 -42.25 -5 3.25 -42.25 0 3.25 -41 -5 6.25 -42.5 -5 0
2 24 1.75 0 7.25 3.75 0 6.5
2 24 12.5 15 0 15 15 0
2 24 -42.5 2.5 -12.5 -42.5 29.75 -12.5
2 24 -42.5 14.5 3.75 -42.5 15 0
5 24 -17.5 4 14.5 -12.5 4 14.5 -17.5 7.5 13 -17.5 2.5 14.75
2 24 -33.75 -5 -6.5 -32 -5 -7.25
2 24 -56.25 0 6.5 -54.75 0 5.25
2 24 -65.25 0 -5.25 -63.75 0 -6.5
2 24 -47.5 22.5 -2 -47.5 25.5 -4.5
2 24 -33.75 -5 6.5 -32 -5 7.25
5 24 -42.5 -5 0 -42.5 0 0 -42.25 -5 -3.25 -42.25 -5 3.25
2 24 1.75 -5 7.25 3.75 -5 6.5
2 24 -42.5 2.5 14.75 -42.5 4 14.5
2 24 -52.75 -5 -2 -52.5 -5 0
5 24 -41 -5 6.25 -41 0 6.25 -39 -5 8.75 -42.25 -5 3.25
5 24 -17.5 25.5 -4.5 -12.5 25.5 -4.5 -17.5 28 -7.5 -17.5 22.5 -2
2 24 -12.25 -5 -3.25 -11 -5 -6.25
2 24 15 29.5 -11.25 15 29.75 -12.5
2 24 0 0 12.5 3.25 0 12
2 24 -22.75 0 2 -22.5 0 0
2 24 -53.5 0 3.75 -52.75 0 2
2 24 -12.5 -5 0 -12.25 -5 -3.25
5 24 -23.5 -5 3.75 -23.5 0 3.75 -24.75 -5 5.25 -22.75 -5 2
5 24 6.5 -5 3.75 6.5 0 3.75 5.25 -5 5.25 7.25 -5 2
2 24 -30 -5 -12.5 -26.75 -5 -12
5 24 -6.5 -5 -3.75 -6.5 0 -3.75 -5.25 -5 -5.25 -7.25 -5 -2
5 24 -47.5 14.5 3.75 -42.5 14.5 3.75 -47.5 13 7.5 -47.5 15 0
2 24 -12.5 29.75 -12.5 12.5 29.75 -12.5
2 24 -75 13 7.5 -75 14.5 3.75
2 24 -42.5 29.75 -12.5 -17.5 29.75 -12.5
5 24 -69 -5 8.75 -69 0 8.75 -71 -5 6.25 -66.25 -5 10.75
2 24 -21.25 -5 -8.75 -19.25 -5 -6.25
5 24 -2 -5 -7.25 -2 0 -7.25 -3.75 -5 -6.5 0 -5 -7.5
2 24 -12.5 13 7.5 -12.5 14.5 3.75
2 24 -22.75 0 -2 -22.5 0 0
5 24 -67.5 -5 0 -67.5 0 0 -67.25 -5 2 -67.25 -5 -2
5 24 8.75 -5 -8.75 8.75 0 -8.75 6.25 -5 -10.75 10.75 -5 -6.25
2 24 15 22.5 -2 15 25.5 -4.5
2 24 -47.5 2.5 -12.5 -47.5 29.75 -12.5
2 24 -12.25 -5 3.25 -11 -5 6.25
2 24 -53.5 -5 -3.75 -52.75 -5 -2
5 24 12.5 7.5 13 15 7.5 13 12.5 10.5 10.5 12.5 4 14.5
2 24 -17.5 25.5 -4.5 -17.5 28 -7.5
2 24 3.75 -5 6.5 5.25 -5 5.25
2 24 -56.25 -5 -6.5 -54.75 -5 -5.25
2 24 -26.25 0 6.5 -24.75 0 5.25
2 24 -63.25 -5 -12 -60 -5 -12.5
2 24 -12.25 0 3.25 -11 0 6.25
2 24 -23.5 0 3.75 -22.75 0 2
2 24 -47.5 2.5 14.75 -47.5 4 14.5
5 24 -66.25 -5 10.75 -66.25 0 10.75 -69 -5 8.75 -63.25 -5 12
2 24 -53.5 0 -3.75 -52.75 0 -2
2 24 12.5 2.5 -12.5 12.5 2.5 14.75
5 24 -33.25 -5 -12 -33.25 0 -12 -36.25 -5 -10.75 -30 -5 -12.5
2 24 -36.25 0 10.75 -33.25 0 12
5 24 0 -5 -12.5 0 0 -12.5 -3.25 -5 -12 3.25 -5 -12
5 24 -11 -5 -6.25 -11 0 -6.25 -12.25 -5 -3.25 -9 -5 -8.75
2 24 -3.25 0 -12 0 0 -12.5
2 24 -33.25 0 12 -30 0 12.5
2 24 -71 0 6.25 -69 0 8.75
2 24 -42.25 0 -3.25 -41 0 -6.25
2 24 -11 0 6.25 -9 0 8.75
5 24 -37.5 -5 0 -37.5 0 0 -37.25 -5 -2 -37.25 -5 2
5 24 -56.75 -5 12 -56.75 0 12 -60 -5 12.5 -53.75 -5 10.75
2 24 -47.5 28 -7.5 -47.5 29.5 -11.25
2 24 -67.5 0 0 -67.25 0 2
5 24 0 -5 7.5 0 0 7.5 -2 -5 7.25 1.75 -5 7.25
5 24 -21.25 -5 8.75 -21.25 0 8.75 -19.25 -5 6.25 -23.75 -5 10.75
5 24 -39 -5 8.75 -39 0 8.75 -36.25 -5 10.75 -41 -5 6.25
5 24 -63.25 -5 -12 -63.25 0 -12 -60 -5 -12.5 -66.25 -5 -10.75
2 24 -56.25 -5 6.5 -54.75 -5 5.25
2 24 -63.25 0 12 -60 0 12.5
2 24 -45 0 -15 -15 0 -15
5 24 -22.5 -5 0 -22.5 0 0 -22.75 -5 2 -22.75 -5 -2
2 24 -12.5 15 0 -12.5 19 -0.5
2 24 -26.25 -5 -6.5 -24.75 -5 -5.25
2 24 -7.25 -5 2 -6.5 -5 3.75
2 24 -51.25 -5 -8.75 -49.25 -5 -6.25
2 24 -66.25 0 10.75 -63.25 0 12
2 24 -60 -5 -12.5 -56.75 -5 -12
2 24 0 -5 12.5 3.25 -5 12
2 24 -49.25 0 6.25 -48 0 3.25
2 24 -42.5 10.5 10.5 -42.5 13 7.5
2 24 -75 28 -7.5 -75 29.5 -11.25
2 24 -30 -5 7.5 -28.25 -5 7.25
2 24 -12.5 25.5 -4.5 -12.5 28 -7.5
2 24 -12.5 2.5 -12.5 -12.5 29.75 -12.5
5 24 -53.75 -5 -10.75 -53.75 0 -10.75 -51.25 -5 -8.75 -56.75 -5 -12
2 24 -39 -5 -8.75 -36.25 -5 -10.75
2 24 -72.5 -5 0 -72.25 -5 -3.25
2 24 -72.5 2.5 -12.5 -47.5 2.5 -12.5
2 24 -12.5 2.5 14.75 12.5 2.5 14.75
2 24 -75 22.5 -2 -75 25.5 -4.5
2 24 -24.75 0 5.25 -23.5 0 3.75
2 24 -23.5 -5 -3.75 -22.75 -5 -2
2 24 -75 0 15 -45 0 15
5 24 -18 -5 -3.25 -18 0 -3.25 -19.25 -5 -6.25 -17.5 -5 0
2 24 -47.5 29.5 -11.25 -47.5 29.75 -12.5
2 24 -56.75 -5 -12 -53.75 -5 -10.75
5 24 -67.25 -5 2 -67.25 0 2 -66.5 -5 3.75 -67.5 -5 0
2 24 3.75 -5 -6.5 5.25 -5 -5.25
2 24 -17.5 7.5 13 -17.5 10.5 10.5
2 24 6.25 -5 10.75 8.75 -5 8.75
2 24 -53.5 -5 3.75 -52.75 -5 2
2 24 6.5 0 3.75 7.25 0 2
2 24 -53.75 -5 10.75 -51.25 -5 8.75
5 24 -47.5 13 7.5 -42.5 13 7.5 -47.5 10.5 10.5 -47.5 14.5 3.75
5 24 -6.5 -5 3.75 -6.5 0 3.75 -7.25 -5 2 -5.25 -5 5.25
2 24 -58.25 0 7.25 -56.25 0 6.5
2 24 -56.75 -5 12 -53.75 -5 10.75
5 24 -26.25 -5 6.5 -26.25 0 6.5 -28.25 -5 7.25 -24.75 -5 5.25
2 24 -75 0 15 -75 2.5 14.75
5 24 -56.25 -5 6.5 -56.25 0 6.5 -54.75 -5 5.25 -58.25 -5 7.25
2 24 -58.25 -5 7.25 -56.25 -5 6.5
2 24 -47.5 15 0 -42.5 15 0
2 24 12.5 14.5 3.75 12.5 15 0
2 24 15 0 -15 15 0 15
2 24 -24.75 -5 5.25 -23.5 -5 3.75
5 24 -42.25 -5 -3.25 -42.25 0 -3.25 -42.5 -5 0 -41 -5 -6.25
2 24 -37.25 -5 2 -36.5 -5 3.75
5 24 -67.25 -5 -2 -67.25 0 -2 -67.5 -5 0 -66.5 -5 -3.75
2 24 -75 25.5 -4.5 -75 28 -7.5
2 24 -28.25 0 -7.25 -26.25 0 -6.5
5 24 -32 -5 7.25 -32 0 7.25 -33.75 -5 6.5 -30 -5 7.5
2 24 -72.5 25.5 -4.5 -72.5 28 -7.5
2 24 -17.5 2.5 14.75 -17.5 4 14.5
5 24 -75 2.5 14.75 -72.5 2.5 14.75 -75 4 14.5 -75 0 15
2 24 12.5 2.5 -12.5 12.5 29.75 -12.5
2 24 -19.25 0 -6.25 -18 0 -3.25
2 24 -72.5 22.5 -2 -72.5 25.5 -4.5
5 24 -47.5 28 -7.5 -42.5 28 -7.5 -47.5 25.5 -4.5 -47.5 29.5 -11.25
5 24 -23.75 -5 -10.75 -23.75 0 -10.75 -26.75 -5 -12 -21.25 -5 -8.75
5 24 -47.5 4 14.5 -42.5 4 14.5 -47.5 2.5 14.75 -47.5 7.5 13
2 24 -49.25 -5 -6.25 -48 -5 -3.25
2 24 -75 4 14.5 -75 7.5 13
2 24 -45 30 -15 -15 30 -15
5 24 7.25 -5 2 7.25 0 2 6.5 -5 3.75 7.5 -5 0
2 24 -26.75 -5 12 -23.75 -5 10.75
5 24 -49.25 -5 -6.25 -49.25 0 -6.25 -48 -5 -3.25 -51.25 -5 -8.75
