0 Etiqueta Ref. 270 Faros dumptruck
0 Name: dtfaros.dat
0 Author: cpcbegin
0 BFC CERTIFY CW
4 16 80 24 0 0 24 0 0 23.213 0 80 23.213 0
4 0 79.373 23.213 0 0.627 23.213 0 0.627 22.426 0 79.373 22.426 0
4 16 78.745 22.426 0 1.569 22.426 0 1.569 21.639 0 78.745 21.639 0
4 0 1.569 22.426 0 0.627 22.426 0 0.627 21.639 0 1.569 21.639 0
4 0 78.745 21.639 0 78.431 21.639 0 78.431 21.246 0 78.745 21.246 0
4 6 78.431 21.639 0 78.118 21.639 0 78.118 21.246 0 78.431 21.246 0
4 8 77.804 21.639 0 77.49 21.639 0 77.49 21.246 0 77.804 21.246 0
4 8 77.49 21.639 0 77.176 21.639 0 77.176 21.246 0 77.49 21.246 0
4 8 77.176 21.639 0 76.863 21.639 0 76.863 21.246 0 77.176 21.246 0
4 8 76.863 21.639 0 76.549 21.639 0 76.549 21.246 0 76.863 21.246 0
4 8 76.549 21.639 0 76.235 21.639 0 76.235 21.246 0 76.549 21.246 0
4 0 75.922 21.639 0 75.608 21.639 0 75.608 21.246 0 75.922 21.246 0
4 6 75.608 21.639 0 75.294 21.639 0 75.294 21.246 0 75.608 21.246 0
4 8 75.294 21.639 0 74.98 21.639 0 74.98 21.246 0 75.294 21.246 0
4 0 74.98 21.639 0 74.667 21.639 0 74.667 21.246 0 74.98 21.246 0
4 8 74.667 21.639 0 74.353 21.639 0 74.353 21.246 0 74.667 21.246 0
4 6 74.039 21.639 0 73.725 21.639 0 73.725 21.246 0 74.039 21.246 0
4 6 73.725 21.639 0 73.412 21.639 0 73.412 21.246 0 73.725 21.246 0
4 6 73.098 21.639 0 72.784 21.639 0 72.784 21.246 0 73.098 21.246 0
4 0 72.784 21.639 0 72.471 21.639 0 72.471 21.246 0 72.784 21.246 0
4 0 72.157 21.639 0 71.843 21.639 0 71.843 21.246 0 72.157 21.246 0
4 0 71.843 21.639 0 71.529 21.639 0 71.529 21.246 0 71.843 21.246 0
4 0 71.529 21.639 0 0.627 21.639 0 0.627 21.246 0 71.529 21.246 0
4 8 78.745 21.246 0 78.431 21.246 0 78.431 20.852 0 78.745 20.852 0
4 7 78.431 21.246 0 78.118 21.246 0 78.118 20.852 0 78.431 20.852 0
4 20 77.804 21.246 0 77.49 21.246 0 77.49 20.852 0 77.804 20.852 0
4 7 77.176 21.246 0 76.863 21.246 0 76.863 20.852 0 77.176 20.852 0
4 7 76.863 21.246 0 76.549 21.246 0 76.549 20.852 0 76.863 20.852 0
4 15 76.549 21.246 0 76.235 21.246 0 76.235 20.852 0 76.549 20.852 0
4 6 75.922 21.246 0 75.608 21.246 0 75.608 20.852 0 75.922 20.852 0
4 7 75.294 21.246 0 74.98 21.246 0 74.98 20.852 0 75.294 20.852 0
4 7 74.98 21.246 0 74.667 21.246 0 74.667 20.852 0 74.98 20.852 0
4 20 74.667 21.246 0 74.353 21.246 0 74.353 20.852 0 74.667 20.852 0
4 7 73.725 21.246 0 73.412 21.246 0 73.412 20.852 0 73.725 20.852 0
4 6 73.412 21.639 0 73.098 21.639 0 73.098 20.852 0 73.412 20.852 0
4 8 72.784 21.246 0 72.471 21.246 0 72.471 20.852 0 72.784 20.852 0
4 6 72.157 21.246 0 71.843 21.246 0 71.843 20.852 0 72.157 20.852 0
4 0 71.843 21.246 0 0.627 21.246 0 0.627 20.852 0 71.843 20.852 0
4 20 78.745 20.852 0 78.431 20.852 0 78.431 20.459 0 78.745 20.459 0
4 20 78.431 20.852 0 78.118 20.852 0 78.118 20.459 0 78.431 20.459 0
4 7 77.804 20.852 0 77.49 20.852 0 77.49 20.459 0 77.804 20.459 0
4 15 77.49 21.246 0 77.176 21.246 0 77.176 20.459 0 77.49 20.459 0
4 8 77.176 20.852 0 76.863 20.852 0 76.863 20.459 0 77.176 20.459 0
4 20 76.549 20.852 0 76.235 20.852 0 76.235 20.459 0 76.549 20.459 0
4 8 75.922 20.852 0 75.608 20.852 0 75.608 20.459 0 75.922 20.459 0
4 20 75.608 21.246 0 75.294 21.246 0 75.294 20.459 0 75.608 20.459 0
4 8 75.294 20.852 0 74.98 20.852 0 74.98 20.459 0 75.294 20.459 0
4 8 74.98 20.852 0 74.667 20.852 0 74.667 20.459 0 74.98 20.459 0
4 15 74.667 20.852 0 74.353 20.852 0 74.353 20.459 0 74.667 20.459 0
4 15 73.725 20.852 0 73.412 20.852 0 73.412 20.459 0 73.725 20.459 0
4 20 72.784 20.852 0 72.471 20.852 0 72.471 20.459 0 72.784 20.459 0
4 0 8.471 20.852 0 8.157 20.852 0 8.157 20.459 0 8.471 20.459 0
4 0 8.157 20.852 0 7.843 20.852 0 7.843 20.459 0 8.157 20.459 0
4 0 7.843 20.852 0 7.529 20.852 0 7.529 20.459 0 7.843 20.459 0
4 0 7.216 20.852 0 6.902 20.852 0 6.902 20.459 0 7.216 20.459 0
4 0 6.902 20.852 0 6.588 20.852 0 6.588 20.459 0 6.902 20.459 0
4 0 5.647 20.852 0 5.333 20.852 0 5.333 20.459 0 5.647 20.459 0
4 8 5.333 20.852 0 5.02 20.852 0 5.02 20.459 0 5.333 20.459 0
4 0 4.706 20.852 0 4.392 20.852 0 4.392 20.459 0 4.706 20.459 0
4 0 4.392 20.852 0 4.078 20.852 0 4.078 20.459 0 4.392 20.459 0
4 0 3.765 20.852 0 3.451 20.852 0 3.451 20.459 0 3.765 20.459 0
4 7 3.451 20.852 0 3.137 20.852 0 3.137 20.459 0 3.451 20.459 0
4 8 3.137 20.852 0 2.824 20.852 0 2.824 20.459 0 3.137 20.459 0
4 8 2.824 20.852 0 2.51 20.852 0 2.51 20.459 0 2.824 20.459 0
4 0 2.51 20.852 0 2.196 20.852 0 2.196 20.459 0 2.51 20.459 0
4 0 1.882 20.852 0 1.569 20.852 0 1.569 20.459 0 1.882 20.459 0
4 8 78.745 20.459 0 78.431 20.459 0 78.431 20.066 0 78.745 20.066 0
4 8 78.431 20.459 0 78.118 20.459 0 78.118 20.066 0 78.431 20.066 0
4 8 77.804 20.459 0 77.49 20.459 0 77.49 20.066 0 77.804 20.066 0
4 8 77.49 20.459 0 77.176 20.459 0 77.176 20.066 0 77.49 20.066 0
4 8 76.863 20.852 0 76.549 20.852 0 76.549 20.066 0 76.863 20.066 0
4 7 76.549 20.459 0 76.235 20.459 0 76.235 20.066 0 76.549 20.066 0
4 8 75.608 20.459 0 75.294 20.459 0 75.294 20.066 0 75.608 20.066 0
4 6 74.98 20.459 0 74.667 20.459 0 74.667 20.066 0 74.98 20.066 0
4 8 74.667 20.459 0 74.353 20.459 0 74.353 20.066 0 74.667 20.066 0
4 8 74.039 21.246 0 73.725 21.246 0 73.725 20.066 0 74.039 20.066 0
4 7 73.725 20.459 0 73.412 20.459 0 73.412 20.066 0 73.725 20.066 0
4 8 73.412 20.852 0 73.098 20.852 0 73.098 20.066 0 73.412 20.066 0
4 8 72.784 20.459 0 72.471 20.459 0 72.471 20.066 0 72.784 20.066 0
4 0 71.843 20.852 0 71.529 20.852 0 71.529 20.066 0 71.843 20.066 0
4 8 71.529 20.852 0 71.216 20.852 0 71.216 20.066 0 71.529 20.066 0
4 0 8.157 20.459 0 7.529 20.459 0 7.529 20.066 0 8.157 20.066 0
4 20 6.902 20.459 0 6.588 20.459 0 6.588 20.066 0 6.902 20.066 0
4 0 4.078 20.852 0 3.765 20.852 0 3.765 20.066 0 4.078 20.066 0
4 8 3.765 20.459 0 3.451 20.459 0 3.451 20.066 0 3.765 20.066 0
4 15 3.451 20.459 0 3.137 20.459 0 3.137 20.066 0 3.451 20.066 0
4 7 3.137 20.459 0 2.824 20.459 0 2.824 20.066 0 3.137 20.066 0
4 15 2.824 20.459 0 2.51 20.459 0 2.51 20.066 0 2.824 20.066 0
4 0 78.745 20.066 0 78.431 20.066 0 78.431 19.672 0 78.745 19.672 0
4 0 78.431 20.066 0 78.118 20.066 0 78.118 19.672 0 78.431 19.672 0
4 0 78.118 21.639 0 77.804 21.639 0 77.804 19.672 0 78.118 19.672 0
4 0 77.804 20.066 0 77.49 20.066 0 77.49 19.672 0 77.804 19.672 0
4 0 77.49 20.066 0 77.176 20.066 0 77.176 19.672 0 77.49 19.672 0
4 0 77.176 20.459 0 76.863 20.459 0 76.863 19.672 0 77.176 19.672 0
4 0 76.863 20.066 0 76.549 20.066 0 76.549 19.672 0 76.863 19.672 0
4 6 76.549 20.066 0 76.235 20.066 0 76.235 19.672 0 76.549 19.672 0
4 0 76.235 21.639 0 75.922 21.639 0 75.922 19.672 0 76.235 19.672 0
4 0 75.922 20.459 0 75.608 20.459 0 75.608 19.672 0 75.922 19.672 0
4 0 75.608 20.066 0 75.294 20.066 0 75.294 19.672 0 75.608 19.672 0
4 0 75.294 20.459 0 74.98 20.459 0 74.98 19.672 0 75.294 19.672 0
4 0 74.98 20.066 0 74.667 20.066 0 74.667 19.672 0 74.98 19.672 0
4 6 74.667 20.066 0 74.353 20.066 0 74.353 19.672 0 74.667 19.672 0
4 0 74.353 21.639 0 74.039 21.639 0 74.039 19.672 0 74.353 19.672 0
4 0 74.039 20.066 0 73.725 20.066 0 73.725 19.672 0 74.039 19.672 0
4 0 73.725 20.066 0 73.412 20.066 0 73.412 19.672 0 73.725 19.672 0
4 0 73.412 20.066 0 73.098 20.066 0 73.098 19.672 0 73.412 19.672 0
4 0 73.098 21.246 0 72.784 21.246 0 72.784 19.672 0 73.098 19.672 0
4 0 72.784 20.066 0 72.471 20.066 0 72.471 19.672 0 72.784 19.672 0
4 0 72.471 21.639 0 72.157 21.639 0 72.157 19.672 0 72.471 19.672 0
4 8 72.157 20.852 0 71.843 20.852 0 71.843 19.672 0 72.157 19.672 0
4 6 71.843 20.066 0 71.529 20.066 0 71.529 19.672 0 71.843 19.672 0
4 0 71.529 20.066 0 71.216 20.066 0 71.216 19.672 0 71.529 19.672 0
4 16 71.216 20.852 0 8.471 20.852 0 8.471 19.672 0 71.216 19.672 0
4 8 8.471 20.459 0 8.157 20.459 0 8.157 19.672 0 8.471 19.672 0
4 0 8.157 20.066 0 7.843 20.066 0 7.843 19.672 0 8.157 19.672 0
4 0 7.843 20.066 0 7.529 20.066 0 7.529 19.672 0 7.843 19.672 0
4 0 7.529 20.852 0 7.216 20.852 0 7.216 19.672 0 7.529 19.672 0
4 7 7.216 20.459 0 6.902 20.459 0 6.902 19.672 0 7.216 19.672 0
4 7 6.902 20.066 0 6.588 20.066 0 6.588 19.672 0 6.902 19.672 0
4 8 6.588 20.852 0 6.275 20.852 0 6.275 19.672 0 6.588 19.672 0
4 0 6.275 20.852 0 5.961 20.852 0 5.961 19.672 0 6.275 19.672 0
4 0 5.961 20.852 0 5.647 20.852 0 5.647 19.672 0 5.961 19.672 0
4 7 5.647 20.459 0 5.333 20.459 0 5.333 19.672 0 5.647 19.672 0
4 15 5.333 20.459 0 5.02 20.459 0 5.02 19.672 0 5.333 19.672 0
4 0 5.02 20.852 0 4.706 20.852 0 4.706 19.672 0 5.02 19.672 0
4 7 4.706 20.459 0 4.392 20.459 0 4.392 19.672 0 4.706 19.672 0
4 7 4.392 20.459 0 4.078 20.459 0 4.078 19.672 0 4.392 19.672 0
4 6 4.078 20.066 0 3.765 20.066 0 3.765 19.672 0 4.078 19.672 0
4 6 3.765 20.066 0 3.451 20.066 0 3.451 19.672 0 3.765 19.672 0
4 7 3.451 20.066 0 3.137 20.066 0 3.137 19.672 0 3.451 19.672 0
4 20 2.824 20.066 0 2.51 20.066 0 2.51 19.672 0 2.824 19.672 0
4 8 2.51 20.459 0 2.196 20.459 0 2.196 19.672 0 2.51 19.672 0
4 8 1.882 20.459 0 1.569 20.459 0 1.569 19.672 0 1.882 19.672 0
4 6 78.745 19.672 0 78.431 19.672 0 78.431 19.279 0 78.745 19.279 0
4 7 78.431 19.672 0 78.118 19.672 0 78.118 19.279 0 78.431 19.279 0
4 7 78.118 19.672 0 77.804 19.672 0 77.804 19.279 0 78.118 19.279 0
4 8 77.804 19.672 0 77.49 19.672 0 77.49 19.279 0 77.804 19.279 0
4 6 2.824 19.672 0 2.196 19.672 0 2.196 19.279 0 2.824 19.279 0
4 0 2.196 20.852 0 1.882 20.852 0 1.882 19.279 0 2.196 19.279 0
4 6 1.882 19.672 0 1.569 19.672 0 1.569 19.279 0 1.882 19.279 0
4 0 77.49 19.672 0 3.137 19.672 0 3.137 18.885 0 77.49 18.885 0
4 0 2.824 19.279 0 2.51 19.279 0 2.51 18.885 0 2.824 18.885 0
4 0 2.51 19.279 0 2.196 19.279 0 2.196 18.885 0 2.51 18.885 0
4 6 2.196 19.279 0 1.882 19.279 0 1.882 18.885 0 2.196 18.885 0
4 0 1.882 19.279 0 1.569 19.279 0 1.569 18.885 0 1.882 18.885 0
4 16 76.863 18.885 0 3.451 18.885 0 3.451 17.705 0 76.863 17.705 0
4 16 76.863 17.705 0 69.333 17.705 0 69.333 17.311 0 76.863 17.311 0
4 7 69.333 17.705 0 69.02 17.705 0 69.02 17.311 0 69.333 17.311 0
4 7 69.02 17.705 0 68.706 17.705 0 68.706 17.311 0 69.02 17.311 0
4 8 68.706 17.705 0 68.392 17.705 0 68.392 17.311 0 68.706 17.311 0
4 6 68.392 17.705 0 68.078 17.705 0 68.078 17.311 0 68.392 17.311 0
4 6 67.451 17.705 0 67.137 17.705 0 67.137 17.311 0 67.451 17.311 0
4 6 67.137 17.705 0 66.824 17.705 0 66.824 17.311 0 67.137 17.311 0
4 6 66.824 17.705 0 66.51 17.705 0 66.51 17.311 0 66.824 17.311 0
4 8 66.51 17.705 0 66.196 17.705 0 66.196 17.311 0 66.51 17.311 0
4 8 66.196 17.705 0 65.882 17.705 0 65.882 17.311 0 66.196 17.311 0
4 8 65.882 17.705 0 65.569 17.705 0 65.569 17.311 0 65.882 17.311 0
4 20 65.569 17.705 0 65.255 17.705 0 65.255 17.311 0 65.569 17.311 0
4 16 65.255 17.705 0 14.118 17.705 0 14.118 17.311 0 65.255 17.311 0
4 20 14.118 17.705 0 13.804 17.705 0 13.804 17.311 0 14.118 17.311 0
4 16 13.804 17.705 0 3.451 17.705 0 3.451 17.311 0 13.804 17.311 0
4 16 76.863 17.311 0 69.961 17.311 0 69.961 16.918 0 76.863 16.918 0
4 7 69.961 17.311 0 69.647 17.311 0 69.647 16.918 0 69.961 16.918 0
4 8 69.647 17.311 0 69.333 17.311 0 69.333 16.918 0 69.647 16.918 0
4 8 69.333 17.311 0 69.02 17.311 0 69.02 16.918 0 69.333 16.918 0
4 0 68.706 17.311 0 68.078 17.311 0 68.078 16.918 0 68.706 16.918 0
4 0 67.137 17.311 0 66.824 17.311 0 66.824 16.918 0 67.137 16.918 0
4 0 66.824 17.311 0 66.51 17.311 0 66.51 16.918 0 66.824 16.918 0
4 0 66.51 17.311 0 65.882 17.311 0 65.882 16.918 0 66.51 16.918 0
4 0 65.882 17.311 0 65.569 17.311 0 65.569 16.918 0 65.882 16.918 0
4 8 65.569 17.311 0 65.255 17.311 0 65.255 16.918 0 65.569 16.918 0
4 8 65.255 17.311 0 64.941 17.311 0 64.941 16.918 0 65.255 16.918 0
4 7 64.941 17.311 0 64.627 17.311 0 64.627 16.918 0 64.941 16.918 0
4 16 64.627 17.311 0 15.686 17.311 0 15.686 16.918 0 64.627 16.918 0
4 7 15.686 17.311 0 15.373 17.311 0 15.373 16.918 0 15.686 16.918 0
4 7 15.373 17.311 0 15.059 17.311 0 15.059 16.918 0 15.373 16.918 0
4 7 15.059 17.311 0 14.745 17.311 0 14.745 16.918 0 15.059 16.918 0
4 7 14.745 17.311 0 14.431 17.311 0 14.431 16.918 0 14.745 16.918 0
4 8 14.431 17.311 0 14.118 17.311 0 14.118 16.918 0 14.431 16.918 0
4 8 14.118 17.311 0 13.804 17.311 0 13.804 16.918 0 14.118 16.918 0
4 8 13.804 17.311 0 13.49 17.311 0 13.49 16.918 0 13.804 16.918 0
4 8 13.49 17.311 0 13.176 17.311 0 13.176 16.918 0 13.49 16.918 0
4 8 13.176 17.311 0 12.863 17.311 0 12.863 16.918 0 13.176 16.918 0
4 7 12.863 17.311 0 12.549 17.311 0 12.549 16.918 0 12.863 16.918 0
4 16 12.549 17.311 0 3.451 17.311 0 3.451 16.918 0 12.549 16.918 0
4 16 76.863 16.918 0 70.275 16.918 0 70.275 16.525 0 76.863 16.525 0
4 7 70.275 16.918 0 69.961 16.918 0 69.961 16.525 0 70.275 16.525 0
4 6 69.961 16.918 0 69.647 16.918 0 69.647 16.525 0 69.961 16.525 0
4 0 69.647 16.918 0 69.333 16.918 0 69.333 16.525 0 69.647 16.525 0
4 0 69.333 16.918 0 69.02 16.918 0 69.02 16.525 0 69.333 16.525 0
4 0 69.02 17.311 0 68.706 17.311 0 68.706 16.525 0 69.02 16.525 0
4 0 68.706 16.918 0 68.392 16.918 0 68.392 16.525 0 68.706 16.525 0
4 0 68.392 16.918 0 68.078 16.918 0 68.078 16.525 0 68.392 16.525 0
4 0 67.765 17.705 0 67.451 17.705 0 67.451 16.525 0 67.765 16.525 0
4 0 67.451 17.311 0 67.137 17.311 0 67.137 16.525 0 67.451 16.525 0
4 6 67.137 16.918 0 66.824 16.918 0 66.824 16.525 0 67.137 16.525 0
4 6 66.824 16.918 0 66.51 16.918 0 66.51 16.525 0 66.824 16.525 0
4 6 66.196 16.918 0 65.882 16.918 0 65.882 16.525 0 66.196 16.525 0
4 6 65.882 16.918 0 65.569 16.918 0 65.569 16.525 0 65.882 16.525 0
4 0 65.569 16.918 0 65.255 16.918 0 65.255 16.525 0 65.569 16.525 0
4 0 65.255 16.918 0 64.941 16.918 0 64.941 16.525 0 65.255 16.525 0
4 8 64.627 16.918 0 64.314 16.918 0 64.314 16.525 0 64.627 16.525 0
4 16 64.314 16.918 0 16.627 16.918 0 16.627 16.525 0 64.314 16.525 0
4 20 16.627 16.918 0 16.314 16.918 0 16.314 16.525 0 16.627 16.525 0
4 7 16.314 16.918 0 16 16.918 0 16 16.525 0 16.314 16.525 0
4 8 16 16.918 0 15.686 16.918 0 15.686 16.525 0 16 16.525 0
4 8 15.059 16.918 0 14.745 16.918 0 14.745 16.525 0 15.059 16.525 0
4 0 13.49 16.918 0 13.176 16.918 0 13.176 16.525 0 13.49 16.525 0
4 0 12.863 16.918 0 12.549 16.918 0 12.549 16.525 0 12.863 16.525 0
4 8 12.549 16.918 0 12.235 16.918 0 12.235 16.525 0 12.549 16.525 0
4 8 12.235 16.918 0 11.922 16.918 0 11.922 16.525 0 12.235 16.525 0
4 20 11.922 16.918 0 11.608 16.918 0 11.608 16.525 0 11.922 16.525 0
4 16 11.608 16.918 0 3.451 16.918 0 3.451 16.525 0 11.608 16.525 0
4 16 76.863 16.525 0 70.588 16.525 0 70.588 16.131 0 76.863 16.131 0
4 7 70.588 16.525 0 70.275 16.525 0 70.275 16.131 0 70.588 16.131 0
4 6 70.275 16.525 0 69.961 16.525 0 69.961 16.131 0 70.275 16.131 0
4 0 69.961 16.525 0 69.647 16.525 0 69.647 16.131 0 69.961 16.131 0
4 8 69.647 16.525 0 69.333 16.525 0 69.333 16.131 0 69.647 16.131 0
4 8 69.333 16.525 0 69.02 16.525 0 69.02 16.131 0 69.333 16.131 0
4 8 69.02 16.525 0 68.706 16.525 0 68.706 16.131 0 69.02 16.131 0
4 8 68.706 16.525 0 68.392 16.525 0 68.392 16.131 0 68.706 16.131 0
4 8 68.392 16.525 0 68.078 16.525 0 68.078 16.131 0 68.392 16.131 0
4 0 68.078 17.705 0 67.765 17.705 0 67.765 16.131 0 68.078 16.131 0
4 8 67.765 16.525 0 67.451 16.525 0 67.451 16.131 0 67.765 16.131 0
4 8 67.451 16.525 0 67.137 16.525 0 67.137 16.131 0 67.451 16.131 0
4 8 67.137 16.525 0 66.824 16.525 0 66.824 16.131 0 67.137 16.131 0
4 0 66.824 16.525 0 66.51 16.525 0 66.51 16.131 0 66.824 16.131 0
4 8 66.196 16.525 0 65.882 16.525 0 65.882 16.131 0 66.196 16.131 0
4 8 65.882 16.525 0 65.569 16.525 0 65.569 16.131 0 65.882 16.131 0
4 8 65.569 16.525 0 65.255 16.525 0 65.255 16.131 0 65.569 16.131 0
4 8 65.255 16.525 0 64.941 16.525 0 64.941 16.131 0 65.255 16.131 0
4 0 64.941 16.918 0 64.627 16.918 0 64.627 16.131 0 64.941 16.131 0
4 7 64.314 16.525 0 64 16.525 0 64 16.131 0 64.314 16.131 0
4 20 64 16.525 0 63.686 16.525 0 63.686 16.131 0 64 16.131 0
4 16 63.686 16.525 0 16.941 16.525 0 16.941 16.131 0 63.686 16.131 0
4 20 16.941 16.525 0 16.627 16.525 0 16.627 16.131 0 16.941 16.131 0
4 8 16.627 16.525 0 16.314 16.525 0 16.314 16.131 0 16.627 16.131 0
4 0 16.314 16.525 0 16 16.525 0 16 16.131 0 16.314 16.131 0
4 0 16 16.525 0 15.686 16.525 0 15.686 16.131 0 16 16.131 0
4 0 15.686 16.918 0 15.373 16.918 0 15.373 16.131 0 15.686 16.131 0
4 0 15.059 16.525 0 14.745 16.525 0 14.745 16.131 0 15.059 16.131 0
4 0 14.745 16.918 0 14.431 16.918 0 14.431 16.131 0 14.745 16.131 0
4 0 14.431 16.918 0 14.118 16.918 0 14.118 16.131 0 14.431 16.131 0
4 6 13.49 16.525 0 13.176 16.525 0 13.176 16.131 0 13.49 16.131 0
4 6 12.863 16.525 0 12.549 16.525 0 12.549 16.131 0 12.863 16.131 0
4 0 12.549 16.525 0 12.235 16.525 0 12.235 16.131 0 12.549 16.131 0
4 8 11.922 16.525 0 11.608 16.525 0 11.608 16.131 0 11.922 16.131 0
4 7 11.608 16.525 0 11.294 16.525 0 11.294 16.131 0 11.608 16.131 0
4 20 11.294 16.525 0 10.98 16.525 0 10.98 16.131 0 11.294 16.131 0
4 16 10.98 16.525 0 3.451 16.525 0 3.451 16.131 0 10.98 16.131 0
4 16 76.863 16.131 0 70.902 16.131 0 70.902 15.738 0 76.863 15.738 0
4 20 70.902 16.131 0 70.588 16.131 0 70.588 15.738 0 70.902 15.738 0
4 0 70.275 16.131 0 69.961 16.131 0 69.961 15.738 0 70.275 15.738 0
4 7 69.961 16.131 0 69.647 16.131 0 69.647 15.738 0 69.961 15.738 0
4 15 69.647 16.131 0 69.333 16.131 0 69.333 15.738 0 69.647 15.738 0
4 7 69.02 16.131 0 68.706 16.131 0 68.706 15.738 0 69.02 15.738 0
4 22 67.451 16.131 0 67.137 16.131 0 67.137 15.738 0 67.451 15.738 0
4 1 66.824 16.131 0 66.51 16.131 0 66.51 15.738 0 66.824 15.738 0
4 0 66.51 16.918 0 66.196 16.918 0 66.196 15.738 0 66.51 15.738 0
4 8 64 16.131 0 63.686 16.131 0 63.686 15.738 0 64 15.738 0
4 16 63.686 16.131 0 17.255 16.131 0 17.255 15.738 0 63.686 15.738 0
4 20 17.255 16.131 0 16.941 16.131 0 16.941 15.738 0 17.255 15.738 0
4 0 16.627 16.131 0 16.314 16.131 0 16.314 15.738 0 16.627 15.738 0
4 8 16.314 16.131 0 16 16.131 0 16 15.738 0 16.314 15.738 0
4 8 16 16.131 0 15.686 16.131 0 15.686 15.738 0 16 15.738 0
4 6 15.686 16.131 0 15.373 16.131 0 15.373 15.738 0 15.686 15.738 0
4 0 15.373 16.918 0 15.059 16.918 0 15.059 15.738 0 15.373 15.738 0
4 15 12.863 16.131 0 12.549 16.131 0 12.549 15.738 0 12.863 15.738 0
4 6 11.294 16.131 0 10.98 16.131 0 10.98 15.738 0 11.294 15.738 0
4 20 10.98 16.131 0 10.667 16.131 0 10.667 15.738 0 10.98 15.738 0
4 16 10.667 16.131 0 3.451 16.131 0 3.451 15.738 0 10.667 15.738 0
4 20 71.216 15.738 0 70.902 15.738 0 70.902 15.344 0 71.216 15.344 0
4 8 70.902 15.738 0 70.588 15.738 0 70.588 15.344 0 70.902 15.344 0
4 0 70.588 16.131 0 70.275 16.131 0 70.275 15.344 0 70.588 15.344 0
4 20 70.275 15.738 0 69.961 15.738 0 69.961 15.344 0 70.275 15.344 0
4 20 69.647 15.738 0 69.333 15.738 0 69.333 15.344 0 69.647 15.344 0
4 20 69.02 15.738 0 68.706 15.738 0 68.706 15.344 0 69.02 15.344 0
4 7 68.706 16.131 0 68.392 16.131 0 68.392 15.344 0 68.706 15.344 0
4 1 68.392 16.131 0 68.078 16.131 0 68.078 15.344 0 68.392 15.344 0
4 1 68.078 16.131 0 67.765 16.131 0 67.765 15.344 0 68.078 15.344 0
4 11 66.824 15.738 0 66.51 15.738 0 66.51 15.344 0 66.824 15.344 0
4 0 66.196 16.131 0 65.882 16.131 0 65.882 15.344 0 66.196 15.344 0
4 7 65.255 16.131 0 64.941 16.131 0 64.941 15.344 0 65.255 15.344 0
4 20 64.941 16.131 0 64.627 16.131 0 64.627 15.344 0 64.941 15.344 0
4 0 64.314 16.131 0 64 16.131 0 64 15.344 0 64.314 15.344 0
4 7 63.686 15.738 0 63.373 15.738 0 63.373 15.344 0 63.686 15.344 0
4 16 63.373 15.738 0 17.569 15.738 0 17.569 15.344 0 63.373 15.344 0
4 7 17.569 15.738 0 17.255 15.738 0 17.255 15.344 0 17.569 15.344 0
4 0 16.941 16.131 0 16.627 16.131 0 16.627 15.344 0 16.941 15.344 0
4 20 16.627 15.738 0 16.314 15.738 0 16.314 15.344 0 16.627 15.344 0
4 15 16.314 15.738 0 15.686 15.738 0 15.686 15.344 0 16.314 15.344 0
4 20 15.686 15.738 0 15.373 15.738 0 15.373 15.344 0 15.686 15.344 0
4 7 15.373 15.738 0 15.059 15.738 0 15.059 15.344 0 15.373 15.344 0
4 8 15.059 16.131 0 14.745 16.131 0 14.745 15.344 0 15.059 15.344 0
4 0 14.118 16.918 0 13.804 16.918 0 13.804 15.344 0 14.118 15.344 0
4 0 13.804 16.918 0 13.49 16.918 0 13.49 15.344 0 13.804 15.344 0
4 0 13.49 16.131 0 13.176 16.131 0 13.176 15.344 0 13.49 15.344 0
4 20 12.863 15.738 0 12.549 15.738 0 12.549 15.344 0 12.863 15.344 0
4 7 12.549 16.131 0 12.235 16.131 0 12.235 15.344 0 12.549 15.344 0
4 0 11.922 16.131 0 11.608 16.131 0 11.608 15.344 0 11.922 15.344 0
4 0 11.608 16.131 0 11.294 16.131 0 11.294 15.344 0 11.608 15.344 0
4 8 10.98 15.738 0 10.667 15.738 0 10.667 15.344 0 10.98 15.344 0
4 20 10.667 15.738 0 10.353 15.738 0 10.353 15.344 0 10.667 15.344 0
4 16 10.353 15.738 0 3.451 15.738 0 3.451 15.344 0 10.353 15.344 0
4 7 71.216 15.344 0 70.902 15.344 0 70.902 14.951 0 71.216 14.951 0
4 7 70.588 15.344 0 70.275 15.344 0 70.275 14.951 0 70.588 14.951 0
4 20 68.706 15.344 0 68.392 15.344 0 68.392 14.951 0 68.706 14.951 0
4 7 68.392 15.344 0 68.078 15.344 0 68.078 14.951 0 68.392 14.951 0
4 1 67.765 16.131 0 67.451 16.131 0 67.451 14.951 0 67.765 14.951 0
4 22 66.824 15.344 0 66.51 15.344 0 66.51 14.951 0 66.824 14.951 0
4 8 66.51 15.738 0 66.196 15.738 0 66.196 14.951 0 66.51 14.951 0
4 0 65.882 16.131 0 65.569 16.131 0 65.569 14.951 0 65.882 14.951 0
4 0 65.569 16.131 0 65.255 16.131 0 65.255 14.951 0 65.569 14.951 0
4 8 65.255 15.344 0 64.941 15.344 0 64.941 14.951 0 65.255 14.951 0
4 6 64.941 15.344 0 64.627 15.344 0 64.627 14.951 0 64.941 14.951 0
4 0 64.627 16.525 0 64.314 16.525 0 64.314 14.951 0 64.627 14.951 0
4 8 64.314 15.344 0 64 15.344 0 64 14.951 0 64.314 14.951 0
4 0 64 15.738 0 63.686 15.738 0 63.686 14.951 0 64 14.951 0
4 7 63.373 15.344 0 63.059 15.344 0 63.059 14.951 0 63.373 14.951 0
4 16 63.059 15.344 0 17.882 15.344 0 17.882 14.951 0 63.059 14.951 0
4 7 17.882 15.344 0 17.569 15.344 0 17.569 14.951 0 17.882 14.951 0
4 0 17.255 15.738 0 16.941 15.738 0 16.941 14.951 0 17.255 14.951 0
4 20 16.941 15.344 0 16.627 15.344 0 16.627 14.951 0 16.941 14.951 0
4 15 16.627 15.344 0 15.373 15.344 0 15.373 14.951 0 16.627 14.951 0
4 15 15.373 15.344 0 15.059 15.344 0 15.059 14.951 0 15.373 14.951 0
4 7 15.059 15.344 0 14.745 15.344 0 14.745 14.951 0 15.059 14.951 0
4 8 14.745 16.131 0 14.431 16.131 0 14.431 14.951 0 14.745 14.951 0
4 8 14.118 15.344 0 13.804 15.344 0 13.804 14.951 0 14.118 14.951 0
4 8 13.49 15.344 0 13.176 15.344 0 13.176 14.951 0 13.49 14.951 0
4 0 13.176 16.918 0 12.863 16.918 0 12.863 14.951 0 13.176 14.951 0
4 8 11.922 15.344 0 11.608 15.344 0 11.608 14.951 0 11.922 14.951 0
4 7 10.353 15.344 0 10.039 15.344 0 10.039 14.951 0 10.353 14.951 0
4 0 3.451 18.885 0 3.137 18.885 0 3.137 14.951 0 3.451 14.951 0
4 0 3.137 20.066 0 2.824 20.066 0 2.824 14.951 0 3.137 14.951 0
4 16 76.863 15.738 0 71.216 15.738 0 71.216 14.557 0 76.863 14.557 0
4 8 71.216 14.951 0 70.902 14.951 0 70.902 14.557 0 71.216 14.557 0
4 0 70.902 15.344 0 70.588 15.344 0 70.588 14.557 0 70.902 14.557 0
4 20 68.392 14.951 0 68.078 14.951 0 68.078 14.557 0 68.392 14.557 0
4 7 68.078 15.344 0 67.765 15.344 0 67.765 14.557 0 68.078 14.557 0
4 1 67.451 15.738 0 67.137 15.738 0 67.137 14.557 0 67.451 14.557 0
4 8 66.196 15.344 0 65.882 15.344 0 65.882 14.557 0 66.196 14.557 0
4 1 65.569 14.951 0 65.255 14.951 0 65.255 14.557 0 65.569 14.557 0
4 20 64.627 14.951 0 64.314 14.951 0 64.314 14.557 0 64.627 14.557 0
4 15 64.314 14.951 0 64 14.951 0 64 14.557 0 64.314 14.557 0
4 8 63.373 14.951 0 63.059 14.951 0 63.059 14.557 0 63.373 14.557 0
4 16 63.059 14.951 0 18.196 14.951 0 18.196 14.557 0 63.059 14.557 0
4 7 18.196 14.951 0 17.882 14.951 0 17.882 14.557 0 18.196 14.557 0
4 0 17.569 15.344 0 17.255 15.344 0 17.255 14.557 0 17.569 14.557 0
4 20 17.255 14.951 0 16.941 14.951 0 16.941 14.557 0 17.255 14.557 0
4 15 16.941 14.951 0 15.059 14.951 0 15.059 14.557 0 16.941 14.557 0
4 20 15.059 14.951 0 14.745 14.951 0 14.745 14.557 0 15.059 14.557 0
4 7 14.745 14.951 0 14.431 14.951 0 14.431 14.557 0 14.745 14.557 0
4 0 14.118 14.951 0 13.804 14.951 0 13.804 14.557 0 14.118 14.557 0
4 22 13.804 15.344 0 13.49 15.344 0 13.49 14.557 0 13.804 14.557 0
4 7 13.49 14.951 0 13.176 14.951 0 13.176 14.557 0 13.49 14.557 0
4 1 13.176 14.951 0 12.863 14.951 0 12.863 14.557 0 13.176 14.557 0
4 0 12.863 15.344 0 12.549 15.344 0 12.549 14.557 0 12.863 14.557 0
4 0 12.549 15.344 0 12.235 15.344 0 12.235 14.557 0 12.549 14.557 0
4 7 11.922 14.951 0 11.608 14.951 0 11.608 14.557 0 11.922 14.557 0
4 7 11.608 15.344 0 11.294 15.344 0 11.294 14.557 0 11.608 14.557 0
4 0 10.98 15.344 0 10.667 15.344 0 10.667 14.557 0 10.98 14.557 0
4 8 10.353 14.951 0 10.039 14.951 0 10.039 14.557 0 10.353 14.557 0
4 16 10.039 15.344 0 3.451 15.344 0 3.451 14.557 0 10.039 14.557 0
4 0 3.451 14.951 0 2.824 14.951 0 2.824 14.557 0 3.451 14.557 0
4 7 71.529 14.557 0 71.216 14.557 0 71.216 14.164 0 71.529 14.164 0
4 8 70.902 14.557 0 70.588 14.557 0 70.588 14.164 0 70.902 14.164 0
4 15 69.961 15.738 0 69.647 15.738 0 69.647 14.164 0 69.961 14.164 0
4 7 67.765 14.951 0 67.451 14.951 0 67.451 14.164 0 67.765 14.164 0
4 22 67.451 14.557 0 67.137 14.557 0 67.137 14.164 0 67.451 14.164 0
4 1 67.137 16.131 0 66.824 16.131 0 66.824 14.164 0 67.137 14.164 0
4 1 66.824 14.951 0 66.51 14.951 0 66.51 14.164 0 66.824 14.164 0
4 1 66.51 14.951 0 66.196 14.951 0 66.196 14.164 0 66.51 14.164 0
4 8 65.882 14.951 0 65.569 14.951 0 65.569 14.164 0 65.882 14.164 0
4 8 65.569 14.557 0 65.255 14.557 0 65.255 14.164 0 65.569 14.164 0
4 0 65.255 14.951 0 64.941 14.951 0 64.941 14.164 0 65.255 14.164 0
4 7 64.627 14.557 0 64.314 14.557 0 64.314 14.164 0 64.627 14.164 0
4 20 64.314 14.557 0 64 14.557 0 64 14.164 0 64.314 14.164 0
4 8 64 14.951 0 63.686 14.951 0 63.686 14.164 0 64 14.164 0
4 6 63.373 14.557 0 63.059 14.557 0 63.059 14.164 0 63.373 14.164 0
4 20 63.059 14.557 0 62.745 14.557 0 62.745 14.164 0 63.059 14.164 0
4 16 62.745 14.557 0 58.98 14.557 0 58.98 14.164 0 62.745 14.164 0
4 0 58.98 14.557 0 57.725 14.557 0 57.725 14.164 0 58.98 14.164 0
4 16 57.725 14.557 0 23.216 14.557 0 23.216 14.164 0 57.725 14.164 0
4 0 23.216 14.557 0 21.961 14.557 0 21.961 14.164 0 23.216 14.164 0
4 16 21.961 14.557 0 18.51 14.557 0 18.51 14.164 0 21.961 14.164 0
4 7 18.51 14.557 0 18.196 14.557 0 18.196 14.164 0 18.51 14.164 0
4 0 17.882 14.951 0 17.569 14.951 0 17.569 14.164 0 17.882 14.164 0
4 7 17.569 14.557 0 17.255 14.557 0 17.255 14.164 0 17.569 14.164 0
4 15 17.255 14.557 0 14.745 14.557 0 14.745 14.164 0 17.255 14.164 0
4 8 14.431 16.131 0 14.118 16.131 0 14.118 14.164 0 14.431 14.164 0
4 22 13.49 14.557 0 13.176 14.557 0 13.176 14.164 0 13.49 14.164 0
4 7 12.863 14.557 0 12.549 14.557 0 12.549 14.164 0 12.863 14.164 0
4 8 11.922 14.557 0 11.608 14.557 0 11.608 14.164 0 11.922 14.164 0
4 8 11.608 14.557 0 11.294 14.557 0 11.294 14.164 0 11.608 14.164 0
4 0 11.294 15.738 0 10.98 15.738 0 10.98 14.164 0 11.294 14.164 0
4 6 10.98 14.557 0 10.667 14.557 0 10.667 14.164 0 10.98 14.164 0
4 0 10.667 15.344 0 10.353 15.344 0 10.353 14.164 0 10.667 14.164 0
4 6 10.353 14.557 0 10.039 14.557 0 10.039 14.164 0 10.353 14.164 0
4 7 10.039 14.557 0 9.725 14.557 0 9.725 14.164 0 10.039 14.164 0
4 0 71.216 14.557 0 70.902 14.557 0 70.902 13.77 0 71.216 13.77 0
4 20 70.902 14.164 0 70.588 14.164 0 70.588 13.77 0 70.902 13.77 0
4 20 69.961 14.164 0 69.647 14.164 0 69.647 13.77 0 69.961 13.77 0
4 15 69.647 15.344 0 69.333 15.344 0 69.333 13.77 0 69.647 13.77 0
4 15 69.333 16.131 0 69.02 16.131 0 69.02 13.77 0 69.333 13.77 0
4 20 68.078 14.557 0 67.765 14.557 0 67.765 13.77 0 68.078 13.77 0
4 20 67.765 14.164 0 67.451 14.164 0 67.451 13.77 0 67.765 13.77 0
4 23 66.824 14.164 0 66.51 14.164 0 66.51 13.77 0 66.824 13.77 0
4 1 65.255 14.164 0 64.941 14.164 0 64.941 13.77 0 65.255 13.77 0
4 8 64.314 14.164 0 64 14.164 0 64 13.77 0 64.314 13.77 0
4 6 64 14.164 0 63.686 14.164 0 63.686 13.77 0 64 13.77 0
4 0 63.686 15.344 0 63.373 15.344 0 63.373 13.77 0 63.686 13.77 0
4 16 62.745 14.164 0 59.608 14.164 0 59.608 13.77 0 62.745 13.77 0
4 0 59.608 14.164 0 57.098 14.164 0 57.098 13.77 0 59.608 13.77 0
4 16 57.098 14.164 0 52.078 14.164 0 52.078 13.77 0 57.098 13.77 0
4 0 52.078 14.164 0 51.451 14.164 0 51.451 13.77 0 52.078 13.77 0
4 8 51.451 14.164 0 51.137 14.164 0 51.137 13.77 0 51.451 13.77 0
4 8 51.137 14.164 0 50.824 14.164 0 50.824 13.77 0 51.137 13.77 0
4 8 50.824 14.164 0 50.51 14.164 0 50.51 13.77 0 50.824 13.77 0
4 6 50.51 14.164 0 50.196 14.164 0 50.196 13.77 0 50.51 13.77 0
4 8 50.196 14.164 0 49.882 14.164 0 49.882 13.77 0 50.196 13.77 0
4 8 49.882 14.164 0 49.569 14.164 0 49.569 13.77 0 49.882 13.77 0
4 8 49.569 14.164 0 49.255 14.164 0 49.255 13.77 0 49.569 13.77 0
4 8 49.255 14.164 0 48.941 14.164 0 48.941 13.77 0 49.255 13.77 0
4 8 48.941 14.164 0 48.627 14.164 0 48.627 13.77 0 48.941 13.77 0
4 6 48.627 14.164 0 48.314 14.164 0 48.314 13.77 0 48.627 13.77 0
4 0 48.314 14.164 0 48 14.164 0 48 13.77 0 48.314 13.77 0
4 0 48 14.164 0 47.686 14.164 0 47.686 13.77 0 48 13.77 0
4 0 47.686 14.164 0 47.373 14.164 0 47.373 13.77 0 47.686 13.77 0
4 0 47.373 14.164 0 47.059 14.164 0 47.059 13.77 0 47.373 13.77 0
4 6 47.059 14.164 0 46.745 14.164 0 46.745 13.77 0 47.059 13.77 0
4 0 46.745 14.164 0 46.431 14.164 0 46.431 13.77 0 46.745 13.77 0
4 0 46.431 14.164 0 46.118 14.164 0 46.118 13.77 0 46.431 13.77 0
4 0 46.118 14.164 0 45.804 14.164 0 45.804 13.77 0 46.118 13.77 0
4 0 45.804 14.164 0 45.49 14.164 0 45.49 13.77 0 45.804 13.77 0
4 0 45.49 14.164 0 45.176 14.164 0 45.176 13.77 0 45.49 13.77 0
4 6 45.176 14.164 0 44.863 14.164 0 44.863 13.77 0 45.176 13.77 0
4 6 44.863 14.164 0 44.549 14.164 0 44.549 13.77 0 44.863 13.77 0
4 6 44.549 14.164 0 44.235 14.164 0 44.235 13.77 0 44.549 13.77 0
4 6 44.235 14.164 0 43.922 14.164 0 43.922 13.77 0 44.235 13.77 0
4 6 43.922 14.164 0 43.608 14.164 0 43.608 13.77 0 43.922 13.77 0
4 6 43.608 14.164 0 43.294 14.164 0 43.294 13.77 0 43.608 13.77 0
4 6 43.294 14.164 0 42.667 14.164 0 42.667 13.77 0 43.294 13.77 0
4 6 42.667 14.164 0 42.353 14.164 0 42.353 13.77 0 42.667 13.77 0
4 6 42.353 14.164 0 42.039 14.164 0 42.039 13.77 0 42.353 13.77 0
4 6 42.039 14.164 0 41.725 14.164 0 41.725 13.77 0 42.039 13.77 0
4 6 41.725 14.164 0 41.412 14.164 0 41.412 13.77 0 41.725 13.77 0
4 6 41.412 14.164 0 41.098 14.164 0 41.098 13.77 0 41.412 13.77 0
4 6 41.098 14.164 0 40.784 14.164 0 40.784 13.77 0 41.098 13.77 0
4 6 40.784 14.164 0 40.471 14.164 0 40.471 13.77 0 40.784 13.77 0
4 8 40.471 14.164 0 40.157 14.164 0 40.157 13.77 0 40.471 13.77 0
4 6 40.157 14.164 0 39.843 14.164 0 39.843 13.77 0 40.157 13.77 0
4 0 39.843 14.164 0 39.529 14.164 0 39.529 13.77 0 39.843 13.77 0
4 0 39.529 14.164 0 39.216 14.164 0 39.216 13.77 0 39.529 13.77 0
4 0 39.216 14.164 0 38.902 14.164 0 38.902 13.77 0 39.216 13.77 0
4 0 38.902 14.164 0 38.588 14.164 0 38.588 13.77 0 38.902 13.77 0
4 0 38.588 14.164 0 38.275 14.164 0 38.275 13.77 0 38.588 13.77 0
4 0 38.275 14.164 0 37.961 14.164 0 37.961 13.77 0 38.275 13.77 0
4 0 37.961 14.164 0 37.333 14.164 0 37.333 13.77 0 37.961 13.77 0
4 0 37.333 14.164 0 37.02 14.164 0 37.02 13.77 0 37.333 13.77 0
4 0 37.02 14.164 0 36.706 14.164 0 36.706 13.77 0 37.02 13.77 0
4 6 36.706 14.164 0 36.392 14.164 0 36.392 13.77 0 36.706 13.77 0
4 6 36.392 14.164 0 36.078 14.164 0 36.078 13.77 0 36.392 13.77 0
4 0 36.078 14.164 0 35.765 14.164 0 35.765 13.77 0 36.078 13.77 0
4 0 35.765 14.164 0 35.451 14.164 0 35.451 13.77 0 35.765 13.77 0
4 0 35.451 14.164 0 35.137 14.164 0 35.137 13.77 0 35.451 13.77 0
4 0 35.137 14.164 0 34.824 14.164 0 34.824 13.77 0 35.137 13.77 0
4 0 34.824 14.164 0 34.51 14.164 0 34.51 13.77 0 34.824 13.77 0
4 0 34.51 14.164 0 34.196 14.164 0 34.196 13.77 0 34.51 13.77 0
4 0 34.196 14.164 0 33.882 14.164 0 33.882 13.77 0 34.196 13.77 0
4 0 33.882 14.164 0 33.569 14.164 0 33.569 13.77 0 33.882 13.77 0
4 0 33.569 14.164 0 33.255 14.164 0 33.255 13.77 0 33.569 13.77 0
4 0 33.255 14.164 0 32.941 14.164 0 32.941 13.77 0 33.255 13.77 0
4 0 32.941 14.164 0 32.627 14.164 0 32.627 13.77 0 32.941 13.77 0
4 0 32.627 14.164 0 32.314 14.164 0 32.314 13.77 0 32.627 13.77 0
4 0 32.314 14.164 0 32 14.164 0 32 13.77 0 32.314 13.77 0
4 0 32 14.164 0 31.686 14.164 0 31.686 13.77 0 32 13.77 0
4 0 31.686 14.164 0 31.373 14.164 0 31.373 13.77 0 31.686 13.77 0
4 0 31.373 14.164 0 31.059 14.164 0 31.059 13.77 0 31.373 13.77 0
4 0 31.059 14.164 0 30.745 14.164 0 30.745 13.77 0 31.059 13.77 0
4 0 30.745 14.164 0 30.431 14.164 0 30.431 13.77 0 30.745 13.77 0
4 6 30.431 14.164 0 30.118 14.164 0 30.118 13.77 0 30.431 13.77 0
4 6 30.118 14.164 0 29.804 14.164 0 29.804 13.77 0 30.118 13.77 0
4 6 29.804 14.164 0 29.49 14.164 0 29.49 13.77 0 29.804 13.77 0
4 6 29.49 14.164 0 29.176 14.164 0 29.176 13.77 0 29.49 13.77 0
4 0 29.176 14.164 0 28.863 14.164 0 28.863 13.77 0 29.176 13.77 0
4 0 28.863 14.164 0 27.922 14.164 0 27.922 13.77 0 28.863 13.77 0
4 16 27.922 14.164 0 23.843 14.164 0 23.843 13.77 0 27.922 13.77 0
4 0 23.843 14.164 0 21.333 14.164 0 21.333 13.77 0 23.843 13.77 0
4 16 21.333 14.164 0 18.51 14.164 0 18.51 13.77 0 21.333 13.77 0
4 15 17.569 14.164 0 14.745 14.164 0 14.745 13.77 0 17.569 13.77 0
4 20 14.745 14.557 0 14.431 14.557 0 14.431 13.77 0 14.745 13.77 0
4 8 14.118 14.557 0 13.804 14.557 0 13.804 13.77 0 14.118 13.77 0
4 11 12.863 14.164 0 12.549 14.164 0 12.549 13.77 0 12.863 13.77 0
4 1 12.549 14.557 0 12.235 14.557 0 12.235 13.77 0 12.549 13.77 0
4 0 12.235 16.525 0 11.922 16.525 0 11.922 13.77 0 12.235 13.77 0
4 6 10.667 14.164 0 10.353 14.164 0 10.353 13.77 0 10.667 13.77 0
4 8 71.216 13.77 0 70.902 13.77 0 70.902 13.377 0 71.216 13.377 0
4 15 69.647 13.77 0 69.02 13.77 0 69.02 13.377 0 69.647 13.377 0
4 15 68.706 14.951 0 68.392 14.951 0 68.392 13.377 0 68.706 13.377 0
4 7 67.765 13.77 0 67.451 13.77 0 67.451 13.377 0 67.765 13.377 0
4 7 67.451 14.164 0 67.137 14.164 0 67.137 13.377 0 67.451 13.377 0
4 11 67.137 14.164 0 66.824 14.164 0 66.824 13.377 0 67.137 13.377 0
4 1 66.824 13.77 0 66.51 13.77 0 66.51 13.377 0 66.824 13.377 0
4 11 66.51 14.164 0 66.196 14.164 0 66.196 13.377 0 66.51 13.377 0
4 0 64.941 14.951 0 64.627 14.951 0 64.627 13.377 0 64.941 13.377 0
4 0 64.314 13.77 0 64 13.77 0 64 13.377 0 64.314 13.377 0
4 8 64 13.77 0 63.686 13.77 0 63.686 13.377 0 64 13.377 0
4 16 62.745 13.77 0 59.922 13.77 0 59.922 13.377 0 62.745 13.377 0
4 0 59.922 13.77 0 58.667 13.77 0 58.667 13.377 0 59.922 13.377 0
4 15 58.667 13.77 0 58.039 13.77 0 58.039 13.377 0 58.667 13.377 0
4 0 58.039 13.77 0 56.784 13.77 0 56.784 13.377 0 58.039 13.377 0
4 16 56.784 13.77 0 52.706 13.77 0 52.706 13.377 0 56.784 13.377 0
4 0 52.706 13.77 0 51.765 13.77 0 51.765 13.377 0 52.706 13.377 0
4 16 51.765 13.77 0 28.235 13.77 0 28.235 13.377 0 51.765 13.377 0
4 0 28.235 13.77 0 27.294 13.77 0 27.294 13.377 0 28.235 13.377 0
4 16 27.294 13.77 0 24.157 13.77 0 24.157 13.377 0 27.294 13.377 0
4 0 24.157 13.77 0 22.902 13.77 0 22.902 13.377 0 24.157 13.377 0
4 15 22.902 13.77 0 22.275 13.77 0 22.275 13.377 0 22.902 13.377 0
4 0 22.275 13.77 0 21.02 13.77 0 21.02 13.377 0 22.275 13.377 0
4 16 21.02 13.77 0 18.51 13.77 0 18.51 13.377 0 21.02 13.377 0
4 15 17.569 13.77 0 14.431 13.77 0 14.431 13.377 0 17.569 13.377 0
4 20 14.431 14.164 0 14.118 14.164 0 14.118 13.377 0 14.431 13.377 0
4 7 14.118 13.77 0 13.804 13.77 0 13.804 13.377 0 14.118 13.377 0
4 8 13.804 14.557 0 13.49 14.557 0 13.49 13.377 0 13.804 13.377 0
4 8 12.235 13.77 0 11.922 13.77 0 11.922 13.377 0 12.235 13.377 0
4 0 11.922 14.164 0 11.608 14.164 0 11.608 13.377 0 11.922 13.377 0
4 8 11.294 14.164 0 10.98 14.164 0 10.98 13.377 0 11.294 13.377 0
4 8 10.98 14.164 0 10.667 14.164 0 10.667 13.377 0 10.98 13.377 0
4 8 10.667 13.77 0 10.353 13.77 0 10.353 13.377 0 10.667 13.377 0
4 16 9.725 14.557 0 3.451 14.557 0 3.451 13.377 0 9.725 13.377 0
4 20 68.706 13.377 0 68.392 13.377 0 68.392 12.984 0 68.706 12.984 0
4 20 67.765 13.377 0 67.451 13.377 0 67.451 12.984 0 67.765 12.984 0
4 20 67.451 13.377 0 67.137 13.377 0 67.137 12.984 0 67.451 12.984 0
4 23 66.824 13.377 0 66.51 13.377 0 66.51 12.984 0 66.824 12.984 0
4 23 66.51 13.377 0 66.196 13.377 0 66.196 12.984 0 66.51 12.984 0
4 0 64.627 14.164 0 64.314 14.164 0 64.314 12.984 0 64.627 12.984 0
4 8 64.314 13.377 0 64 13.377 0 64 12.984 0 64.314 12.984 0
4 20 64 13.377 0 63.686 13.377 0 63.686 12.984 0 64 12.984 0
4 8 63.059 14.164 0 62.745 14.164 0 62.745 12.984 0 63.059 12.984 0
4 0 60.235 13.377 0 59.294 13.377 0 59.294 12.984 0 60.235 12.984 0
4 15 59.294 13.377 0 57.412 13.377 0 57.412 12.984 0 59.294 12.984 0
4 0 57.412 13.377 0 56.471 13.377 0 56.471 12.984 0 57.412 12.984 0
4 16 56.471 13.377 0 53.02 13.377 0 53.02 12.984 0 56.471 12.984 0
4 0 53.02 13.377 0 52.078 13.377 0 52.078 12.984 0 53.02 12.984 0
4 16 52.078 13.377 0 27.922 13.377 0 27.922 12.984 0 52.078 12.984 0
4 0 27.922 13.377 0 26.98 13.377 0 26.98 12.984 0 27.922 12.984 0
4 16 26.98 13.377 0 24.471 13.377 0 24.471 12.984 0 26.98 12.984 0
4 0 24.471 13.377 0 23.529 13.377 0 23.529 12.984 0 24.471 12.984 0
4 15 23.529 13.377 0 21.647 13.377 0 21.647 12.984 0 23.529 12.984 0
4 0 21.647 13.377 0 20.706 13.377 0 20.706 12.984 0 21.647 12.984 0
4 8 18.51 14.164 0 18.196 14.164 0 18.196 12.984 0 18.51 12.984 0
4 8 17.882 14.164 0 17.569 14.164 0 17.569 12.984 0 17.882 12.984 0
4 7 13.804 13.377 0 13.49 13.377 0 13.49 12.984 0 13.804 12.984 0
4 1 13.49 14.164 0 13.176 14.164 0 13.176 12.984 0 13.49 12.984 0
4 11 12.549 13.77 0 12.235 13.77 0 12.235 12.984 0 12.549 12.984 0
4 22 12.235 13.377 0 11.922 13.377 0 11.922 12.984 0 12.235 12.984 0
4 8 11.922 13.377 0 11.608 13.377 0 11.608 12.984 0 11.922 12.984 0
4 8 10.039 14.164 0 9.725 14.164 0 9.725 12.984 0 10.039 12.984 0
4 7 9.725 13.377 0 9.412 13.377 0 9.412 12.984 0 9.725 12.984 0
4 6 71.216 13.377 0 70.902 13.377 0 70.902 12.59 0 71.216 12.59 0
4 7 67.137 13.377 0 66.824 13.377 0 66.824 12.59 0 67.137 12.59 0
4 22 66.824 12.984 0 66.51 12.984 0 66.51 12.59 0 66.824 12.59 0
4 11 66.51 12.984 0 66.196 12.984 0 66.196 12.59 0 66.51 12.59 0
4 11 65.569 14.164 0 65.255 14.164 0 65.255 12.59 0 65.569 12.59 0
4 8 64 12.984 0 63.686 12.984 0 63.686 12.59 0 64 12.59 0
4 8 63.686 13.77 0 63.373 13.77 0 63.373 12.59 0 63.686 12.59 0
4 16 56.471 12.984 0 53.333 12.984 0 53.333 12.59 0 56.471 12.59 0
4 0 53.333 12.984 0 52.706 12.984 0 52.706 12.59 0 53.333 12.59 0
4 16 52.706 12.984 0 27.608 12.984 0 27.608 12.59 0 52.706 12.59 0
4 0 27.608 12.984 0 26.667 12.984 0 26.667 12.59 0 27.608 12.59 0
4 6 18.51 12.984 0 18.196 12.984 0 18.196 12.59 0 18.51 12.59 0
4 0 18.196 14.557 0 17.882 14.557 0 17.882 12.59 0 18.196 12.59 0
4 7 17.882 12.984 0 17.569 12.984 0 17.569 12.59 0 17.882 12.59 0
4 15 17.569 13.377 0 14.118 13.377 0 14.118 12.59 0 17.569 12.59 0
4 20 14.118 13.377 0 13.804 13.377 0 13.804 12.59 0 14.118 12.59 0
4 8 13.804 12.984 0 13.49 12.984 0 13.49 12.59 0 13.804 12.59 0
4 1 12.863 13.77 0 12.549 13.77 0 12.549 12.59 0 12.863 12.59 0
4 0 10.667 13.377 0 10.353 13.377 0 10.353 12.59 0 10.667 12.59 0
4 8 9.725 12.984 0 9.412 12.984 0 9.412 12.59 0 9.725 12.59 0
4 0 3.137 14.557 0 2.824 14.557 0 2.824 12.59 0 3.137 12.59 0
4 8 71.216 12.59 0 70.902 12.59 0 70.902 12.197 0 71.216 12.197 0
4 7 66.824 12.59 0 66.51 12.59 0 66.51 12.197 0 66.824 12.197 0
4 23 66.51 12.59 0 66.196 12.59 0 66.196 12.197 0 66.51 12.197 0
4 7 65.569 12.59 0 65.255 12.59 0 65.255 12.197 0 65.569 12.197 0
4 1 64.941 13.377 0 64.627 13.377 0 64.627 12.197 0 64.941 12.197 0
4 6 63.686 12.59 0 63.373 12.59 0 63.373 12.197 0 63.686 12.197 0
4 16 56.471 12.59 0 53.647 12.59 0 53.647 12.197 0 56.471 12.197 0
4 0 53.647 12.59 0 53.02 12.59 0 53.02 12.197 0 53.647 12.197 0
4 8 18.196 12.59 0 17.882 12.59 0 17.882 12.197 0 18.196 12.197 0
4 7 14.118 12.59 0 13.804 12.59 0 13.804 12.197 0 14.118 12.197 0
4 7 13.804 12.59 0 13.49 12.59 0 13.49 12.197 0 13.804 12.197 0
4 11 13.49 12.984 0 13.176 12.984 0 13.176 12.197 0 13.49 12.197 0
4 23 13.176 14.557 0 12.863 14.557 0 12.863 12.197 0 13.176 12.197 0
4 1 12.549 12.984 0 12.235 12.984 0 12.235 12.197 0 12.549 12.197 0
4 6 10.667 12.59 0 10.353 12.59 0 10.353 12.197 0 10.667 12.197 0
4 0 10.353 14.164 0 10.039 14.164 0 10.039 12.197 0 10.353 12.197 0
4 6 71.216 12.197 0 70.902 12.197 0 70.902 11.803 0 71.216 11.803 0
4 15 70.902 13.77 0 70.588 13.77 0 70.588 11.803 0 70.902 11.803 0
4 20 66.824 12.197 0 66.51 12.197 0 66.51 11.803 0 66.824 11.803 0
4 22 66.51 12.197 0 66.196 12.197 0 66.196 11.803 0 66.51 11.803 0
4 1 65.569 12.197 0 65.255 12.197 0 65.255 11.803 0 65.569 11.803 0
4 0 64 12.59 0 63.686 12.59 0 63.686 11.803 0 64 11.803 0
4 0 60.235 12.984 0 59.608 12.984 0 59.608 11.803 0 60.235 11.803 0
4 15 59.608 12.984 0 57.098 12.984 0 57.098 11.803 0 59.608 11.803 0
4 0 57.098 12.984 0 56.471 12.984 0 56.471 11.803 0 57.098 11.803 0
4 0 53.961 12.197 0 53.02 12.197 0 53.02 11.803 0 53.961 11.803 0
4 16 53.02 12.59 0 27.294 12.59 0 27.294 11.803 0 53.02 11.803 0
4 0 27.294 12.59 0 26.667 12.59 0 26.667 11.803 0 27.294 11.803 0
4 0 24.471 12.984 0 23.843 12.984 0 23.843 11.803 0 24.471 11.803 0
4 15 23.843 12.984 0 21.333 12.984 0 21.333 11.803 0 23.843 11.803 0
4 0 21.333 12.984 0 20.706 12.984 0 20.706 11.803 0 21.333 11.803 0
4 0 18.51 12.59 0 18.196 12.59 0 18.196 11.803 0 18.51 11.803 0
4 7 18.196 12.197 0 17.882 12.197 0 17.882 11.803 0 18.196 11.803 0
4 20 14.118 12.197 0 13.804 12.197 0 13.804 11.803 0 14.118 11.803 0
4 23 12.549 12.197 0 12.235 12.197 0 12.235 11.803 0 12.549 11.803 0
4 6 9.725 12.59 0 9.412 12.59 0 9.412 11.803 0 9.725 11.803 0
4 6 3.137 12.59 0 2.824 12.59 0 2.824 11.803 0 3.137 11.803 0
4 8 71.529 14.164 0 71.216 14.164 0 71.216 11.41 0 71.529 11.41 0
4 7 70.902 11.803 0 70.588 11.803 0 70.588 11.41 0 70.902 11.41 0
4 15 69.961 13.77 0 69.647 13.77 0 69.647 11.41 0 69.961 11.41 0
4 7 66.824 11.803 0 66.51 11.803 0 66.51 11.41 0 66.824 11.41 0
4 1 66.196 14.557 0 65.882 14.557 0 65.882 11.41 0 66.196 11.41 0
4 22 65.569 11.803 0 65.255 11.803 0 65.255 11.41 0 65.569 11.41 0
4 23 64.941 12.197 0 64.627 12.197 0 64.627 11.41 0 64.941 11.41 0
4 6 64 11.803 0 63.686 11.803 0 63.686 11.41 0 64 11.41 0
4 16 62.745 13.377 0 60.235 13.377 0 60.235 11.41 0 62.745 11.41 0
4 0 60.235 11.803 0 59.294 11.803 0 59.294 11.41 0 60.235 11.41 0
4 15 59.294 11.803 0 57.412 11.803 0 57.412 11.41 0 59.294 11.41 0
4 0 57.412 11.803 0 56.471 11.803 0 56.471 11.41 0 57.412 11.41 0
4 16 56.471 12.197 0 53.961 12.197 0 53.961 11.41 0 56.471 11.41 0
4 0 53.961 11.803 0 53.333 11.803 0 53.333 11.41 0 53.961 11.41 0
4 16 53.333 11.803 0 26.98 11.803 0 26.98 11.41 0 53.333 11.41 0
4 16 26.667 12.984 0 24.471 12.984 0 24.471 11.41 0 26.667 11.41 0
4 0 24.471 11.803 0 23.529 11.803 0 23.529 11.41 0 24.471 11.41 0
4 15 23.529 11.803 0 21.647 11.803 0 21.647 11.41 0 23.529 11.41 0
4 0 21.647 11.803 0 20.706 11.803 0 20.706 11.41 0 21.647 11.41 0
4 16 20.706 13.377 0 18.51 13.377 0 18.51 11.41 0 20.706 11.41 0
4 8 18.51 11.803 0 18.196 11.803 0 18.196 11.41 0 18.51 11.41 0
4 8 18.196 11.803 0 17.882 11.803 0 17.882 11.41 0 18.196 11.41 0
4 15 17.882 12.59 0 14.118 12.59 0 14.118 11.41 0 17.882 11.41 0
4 15 14.118 11.803 0 13.804 11.803 0 13.804 11.41 0 14.118 11.41 0
4 1 13.176 12.197 0 12.863 12.197 0 12.863 11.41 0 13.176 11.41 0
4 23 12.863 12.59 0 12.549 12.59 0 12.549 11.41 0 12.863 11.41 0
4 8 10.353 12.197 0 10.039 12.197 0 10.039 11.41 0 10.353 11.41 0
4 8 9.725 11.803 0 9.412 11.803 0 9.412 11.41 0 9.725 11.41 0
4 16 76.863 14.557 0 71.529 14.557 0 71.529 11.016 0 76.863 11.016 0
4 7 71.529 11.41 0 71.216 11.41 0 71.216 11.016 0 71.529 11.016 0
4 0 71.216 11.803 0 70.902 11.803 0 70.902 11.016 0 71.216 11.016 0
4 15 70.588 14.951 0 70.275 14.951 0 70.275 11.016 0 70.588 11.016 0
4 15 70.275 15.344 0 69.961 15.344 0 69.961 11.016 0 70.275 11.016 0
4 20 69.961 11.41 0 69.647 11.41 0 69.647 11.016 0 69.961 11.016 0
4 8 66.824 11.41 0 66.51 11.41 0 66.51 11.016 0 66.824 11.016 0
4 23 66.196 11.41 0 65.882 11.41 0 65.882 11.016 0 66.196 11.016 0
4 7 65.569 11.41 0 65.255 11.41 0 65.255 11.016 0 65.569 11.016 0
4 0 64 11.41 0 63.686 11.41 0 63.686 11.016 0 64 11.016 0
4 8 63.686 12.197 0 63.373 12.197 0 63.373 11.016 0 63.686 11.016 0
4 6 63.059 12.984 0 62.745 12.984 0 62.745 11.016 0 63.059 11.016 0
4 16 62.745 11.41 0 59.922 11.41 0 59.922 11.016 0 62.745 11.016 0
4 0 59.922 11.41 0 58.98 11.41 0 58.98 11.016 0 59.922 11.016 0
4 15 58.98 11.41 0 57.725 11.41 0 57.725 11.016 0 58.98 11.016 0
4 0 57.725 11.41 0 56.784 11.41 0 56.784 11.016 0 57.725 11.016 0
4 16 56.784 11.41 0 53.961 11.41 0 53.961 11.016 0 56.784 11.016 0
4 16 26.667 11.41 0 24.157 11.41 0 24.157 11.016 0 26.667 11.016 0
4 0 24.157 11.41 0 23.216 11.41 0 23.216 11.016 0 24.157 11.016 0
4 15 23.216 11.41 0 21.961 11.41 0 21.961 11.016 0 23.216 11.016 0
4 0 21.961 11.41 0 21.02 11.41 0 21.02 11.016 0 21.961 11.016 0
4 16 21.02 11.41 0 18.51 11.41 0 18.51 11.016 0 21.02 11.016 0
4 0 18.51 11.41 0 18.196 11.41 0 18.196 11.016 0 18.51 11.016 0
4 20 17.882 11.41 0 17.569 11.41 0 17.569 11.016 0 17.882 11.016 0
4 15 17.569 11.41 0 13.804 11.41 0 13.804 11.016 0 17.569 11.016 0
4 20 13.804 12.197 0 13.49 12.197 0 13.49 11.016 0 13.804 11.016 0
4 7 13.49 12.197 0 13.176 12.197 0 13.176 11.016 0 13.49 11.016 0
4 0 10.98 13.377 0 10.667 13.377 0 10.667 11.016 0 10.98 11.016 0
4 0 10.039 12.984 0 9.725 12.984 0 9.725 11.016 0 10.039 11.016 0
4 7 9.725 11.41 0 9.412 11.41 0 9.412 11.016 0 9.725 11.016 0
4 16 9.412 13.377 0 3.451 13.377 0 3.451 11.016 0 9.412 11.016 0
4 15 70.588 11.016 0 69.961 11.016 0 69.961 10.623 0 70.588 10.623 0
4 15 69.647 13.377 0 69.333 13.377 0 69.333 10.623 0 69.647 10.623 0
4 20 67.137 12.59 0 66.824 12.59 0 66.824 10.623 0 67.137 10.623 0
4 7 66.824 11.016 0 66.51 11.016 0 66.51 10.623 0 66.824 10.623 0
4 22 66.196 11.016 0 65.882 11.016 0 65.882 10.623 0 66.196 10.623 0
4 22 65.569 11.016 0 65.255 11.016 0 65.255 10.623 0 65.569 10.623 0
4 11 65.255 13.77 0 64.941 13.77 0 64.941 10.623 0 65.255 10.623 0
4 0 63.373 14.164 0 63.059 14.164 0 63.059 10.623 0 63.373 10.623 0
4 7 63.059 11.016 0 62.745 11.016 0 62.745 10.623 0 63.059 10.623 0
4 16 62.745 11.016 0 59.608 11.016 0 59.608 10.623 0 62.745 10.623 0
4 0 59.608 11.016 0 57.098 11.016 0 57.098 10.623 0 59.608 10.623 0
4 16 57.098 11.016 0 53.961 11.016 0 53.961 10.623 0 57.098 10.623 0
4 16 53.647 11.41 0 26.98 11.41 0 26.98 10.623 0 53.647 10.623 0
4 16 26.667 11.016 0 23.843 11.016 0 23.843 10.623 0 26.667 10.623 0
4 0 23.843 11.016 0 21.333 11.016 0 21.333 10.623 0 23.843 10.623 0
4 16 21.333 11.016 0 18.51 11.016 0 18.51 10.623 0 21.333 10.623 0
4 8 18.51 11.016 0 18.196 11.016 0 18.196 10.623 0 18.51 10.623 0
4 7 11.922 12.984 0 11.608 12.984 0 11.608 10.623 0 11.922 10.623 0
4 16 76.863 11.016 0 71.216 11.016 0 71.216 10.23 0 76.863 10.23 0
4 7 71.216 11.016 0 70.902 11.016 0 70.902 10.23 0 71.216 10.23 0
4 0 70.902 11.41 0 70.588 11.41 0 70.588 10.23 0 70.902 10.23 0
4 7 70.588 10.623 0 70.275 10.623 0 70.275 10.23 0 70.588 10.23 0
4 15 70.275 10.623 0 69.961 10.623 0 69.961 10.23 0 70.275 10.23 0
4 20 69.647 10.623 0 69.333 10.623 0 69.333 10.23 0 69.647 10.23 0
4 20 66.824 10.623 0 66.51 10.623 0 66.51 10.23 0 66.824 10.23 0
4 11 65.569 10.623 0 65.255 10.623 0 65.255 10.23 0 65.569 10.23 0
4 7 65.255 10.623 0 64.941 10.623 0 64.941 10.23 0 65.255 10.23 0
4 1 64.941 11.41 0 64.627 11.41 0 64.627 10.23 0 64.941 10.23 0
4 0 64.314 12.984 0 64 12.984 0 64 10.23 0 64.314 10.23 0
4 8 64 11.016 0 63.686 11.016 0 63.686 10.23 0 64 10.23 0
4 8 63.373 10.623 0 63.059 10.623 0 63.059 10.23 0 63.373 10.23 0
4 16 63.059 10.623 0 58.98 10.623 0 58.98 10.23 0 63.059 10.23 0
4 0 58.98 10.623 0 57.725 10.623 0 57.725 10.23 0 58.98 10.23 0
4 16 57.725 10.623 0 53.961 10.623 0 53.961 10.23 0 57.725 10.23 0
4 0 50.824 10.623 0 50.51 10.623 0 50.51 10.23 0 50.824 10.23 0
4 0 50.51 10.623 0 29.49 10.623 0 29.49 10.23 0 50.51 10.23 0
4 16 26.667 10.623 0 23.216 10.623 0 23.216 10.23 0 26.667 10.23 0
4 0 23.216 10.623 0 21.961 10.623 0 21.961 10.23 0 23.216 10.23 0
4 16 21.961 10.623 0 18.51 10.623 0 18.51 10.23 0 21.961 10.23 0
4 20 18.51 10.623 0 18.196 10.623 0 18.196 10.23 0 18.51 10.23 0
4 0 18.196 11.41 0 17.882 11.41 0 17.882 10.23 0 18.196 10.23 0
4 8 17.882 11.016 0 17.569 11.016 0 17.569 10.23 0 17.882 10.23 0
4 15 17.569 11.016 0 13.49 11.016 0 13.49 10.23 0 17.569 10.23 0
4 1 12.549 11.803 0 12.235 11.803 0 12.235 10.23 0 12.549 10.23 0
4 0 11.294 13.377 0 10.98 13.377 0 10.98 10.23 0 11.294 10.23 0
4 8 10.667 12.197 0 10.353 12.197 0 10.353 10.23 0 10.667 10.23 0
4 0 10.353 11.41 0 10.039 11.41 0 10.039 10.23 0 10.353 10.23 0
4 8 10.039 11.016 0 9.725 11.016 0 9.725 10.23 0 10.039 10.23 0
4 0 3.137 11.803 0 2.824 11.803 0 2.824 10.23 0 3.137 10.23 0
4 16 76.863 10.23 0 70.902 10.23 0 70.902 9.836 0 76.863 9.836 0
4 7 70.902 10.23 0 70.588 10.23 0 70.588 9.836 0 70.902 9.836 0
4 20 70.275 10.23 0 69.961 10.23 0 69.961 9.836 0 70.275 9.836 0
4 15 69.961 11.016 0 69.647 11.016 0 69.647 9.836 0 69.961 9.836 0
4 1 66.196 10.623 0 65.882 10.623 0 65.882 9.836 0 66.196 9.836 0
4 1 65.882 14.164 0 65.569 14.164 0 65.569 9.836 0 65.882 9.836 0
4 7 65.569 10.23 0 65.255 10.23 0 65.255 9.836 0 65.569 9.836 0
4 22 65.255 10.23 0 64.941 10.23 0 64.941 9.836 0 65.255 9.836 0
4 1 64.627 12.984 0 64.314 12.984 0 64.314 9.836 0 64.627 9.836 0
4 8 64.314 10.23 0 64 10.23 0 64 9.836 0 64.314 9.836 0
4 0 63.686 11.016 0 63.373 11.016 0 63.373 9.836 0 63.686 9.836 0
4 7 63.373 10.23 0 63.059 10.23 0 63.059 9.836 0 63.373 9.836 0
4 16 63.059 10.23 0 53.961 10.23 0 53.961 9.836 0 63.059 9.836 0
4 8 18.196 10.23 0 17.882 10.23 0 17.882 9.836 0 18.196 9.836 0
4 0 17.882 10.23 0 17.569 10.23 0 17.569 9.836 0 17.882 9.836 0
4 7 17.569 10.23 0 17.255 10.23 0 17.255 9.836 0 17.569 9.836 0
4 8 13.176 11.41 0 12.863 11.41 0 12.863 9.836 0 13.176 9.836 0
4 1 12.863 11.41 0 12.549 11.41 0 12.549 9.836 0 12.863 9.836 0
4 22 12.549 10.23 0 12.235 10.23 0 12.235 9.836 0 12.549 9.836 0
4 11 12.235 12.984 0 11.922 12.984 0 11.922 9.836 0 12.235 9.836 0
4 22 11.922 10.623 0 11.608 10.623 0 11.608 9.836 0 11.922 9.836 0
4 6 11.294 10.23 0 10.98 10.23 0 10.98 9.836 0 11.294 9.836 0
4 20 10.039 10.23 0 9.725 10.23 0 9.725 9.836 0 10.039 9.836 0
4 16 9.725 11.016 0 3.451 11.016 0 3.451 9.836 0 9.725 9.836 0
4 8 3.137 10.23 0 2.824 10.23 0 2.824 9.836 0 3.137 9.836 0
4 0 70.588 10.23 0 70.275 10.23 0 70.275 9.443 0 70.588 9.443 0
4 6 70.275 9.836 0 69.961 9.836 0 69.961 9.443 0 70.275 9.443 0
4 7 69.961 9.836 0 69.647 9.836 0 69.647 9.443 0 69.961 9.443 0
4 15 69.647 10.23 0 69.333 10.23 0 69.333 9.443 0 69.647 9.443 0
4 15 69.333 13.377 0 69.02 13.377 0 69.02 9.443 0 69.333 9.443 0
4 8 66.196 9.836 0 65.882 9.836 0 65.882 9.443 0 66.196 9.443 0
4 22 65.882 9.836 0 65.569 9.836 0 65.569 9.443 0 65.882 9.443 0
4 22 65.569 9.836 0 65.255 9.836 0 65.255 9.443 0 65.569 9.443 0
4 1 65.255 9.836 0 64.941 9.836 0 64.941 9.443 0 65.255 9.443 0
4 0 64.941 10.23 0 64.627 10.23 0 64.627 9.443 0 64.941 9.443 0
4 8 64.627 9.836 0 64.314 9.836 0 64.314 9.443 0 64.627 9.443 0
4 0 64 10.23 0 63.686 10.23 0 63.686 9.443 0 64 9.443 0
4 8 63.686 9.836 0 63.373 9.836 0 63.373 9.443 0 63.686 9.443 0
4 14 50.196 10.23 0 30.118 10.23 0 30.118 9.443 0 50.196 9.443 0
4 16 26.667 10.23 0 18.196 10.23 0 18.196 9.443 0 26.667 9.443 0
4 20 18.196 9.836 0 17.882 9.836 0 17.882 9.443 0 18.196 9.443 0
4 8 17.882 9.836 0 17.569 9.836 0 17.569 9.443 0 17.882 9.443 0
4 8 17.569 9.836 0 17.255 9.836 0 17.255 9.443 0 17.569 9.443 0
4 15 17.255 10.23 0 13.49 10.23 0 13.49 9.443 0 17.255 9.443 0
4 7 13.176 9.836 0 12.863 9.836 0 12.863 9.443 0 13.176 9.443 0
4 8 12.863 9.836 0 12.549 9.836 0 12.549 9.443 0 12.863 9.443 0
4 7 12.235 9.836 0 11.922 9.836 0 11.922 9.443 0 12.235 9.443 0
4 1 11.922 9.836 0 11.608 9.836 0 11.608 9.443 0 11.922 9.443 0
4 0 11.608 14.164 0 11.294 14.164 0 11.294 9.443 0 11.608 9.443 0
4 8 10.98 11.016 0 10.667 11.016 0 10.667 9.443 0 10.98 9.443 0
4 8 10.353 10.23 0 10.039 10.23 0 10.039 9.443 0 10.353 9.443 0
4 16 76.863 9.836 0 70.588 9.836 0 70.588 9.049 0 76.863 9.049 0
4 7 70.588 9.443 0 70.275 9.443 0 70.275 9.049 0 70.588 9.049 0
4 8 70.275 9.443 0 69.961 9.443 0 69.961 9.049 0 70.275 9.049 0
4 0 69.961 9.443 0 69.647 9.443 0 69.647 9.049 0 69.961 9.049 0
4 7 69.647 9.443 0 69.333 9.443 0 69.333 9.049 0 69.647 9.049 0
4 20 69.333 9.443 0 69.02 9.443 0 69.02 9.049 0 69.333 9.049 0
4 15 69.02 15.344 0 68.706 15.344 0 68.706 9.049 0 69.02 9.049 0
4 7 66.51 11.803 0 66.196 11.803 0 66.196 9.049 0 66.51 9.049 0
4 7 65.882 9.443 0 65.569 9.443 0 65.569 9.049 0 65.882 9.049 0
4 1 65.569 9.443 0 65.255 9.443 0 65.255 9.049 0 65.569 9.049 0
4 8 64.941 9.443 0 64.627 9.443 0 64.627 9.049 0 64.941 9.049 0
4 0 64.314 9.836 0 64 9.836 0 64 9.049 0 64.314 9.049 0
4 8 64 9.443 0 63.686 9.443 0 63.686 9.049 0 64 9.049 0
4 20 63.686 9.443 0 63.373 9.443 0 63.373 9.049 0 63.686 9.049 0
4 16 63.373 9.836 0 53.961 9.836 0 53.961 9.049 0 63.373 9.049 0
4 14 42.353 9.443 0 39.216 9.443 0 39.216 9.049 0 42.353 9.049 0
4 0 39.216 9.443 0 38.588 9.443 0 38.588 9.049 0 39.216 9.049 0
4 14 38.588 9.443 0 36.706 9.443 0 36.706 9.049 0 38.588 9.049 0
4 0 36.706 9.443 0 34.824 9.443 0 34.824 9.049 0 36.706 9.049 0
4 14 34.824 9.443 0 33.569 9.443 0 33.569 9.049 0 34.824 9.049 0
4 0 33.569 9.443 0 32 9.443 0 32 9.049 0 33.569 9.049 0
4 14 32 9.443 0 30.118 9.443 0 30.118 9.049 0 32 9.049 0
4 16 26.667 9.443 0 17.882 9.443 0 17.882 9.049 0 26.667 9.049 0
4 7 17.882 9.443 0 17.569 9.443 0 17.569 9.049 0 17.882 9.049 0
4 8 17.255 9.443 0 16.941 9.443 0 16.941 9.049 0 17.255 9.049 0
4 15 16.941 9.443 0 13.49 9.443 0 13.49 9.049 0 16.941 9.049 0
4 8 13.176 9.443 0 12.863 9.443 0 12.863 9.049 0 13.176 9.049 0
4 22 12.863 9.443 0 12.549 9.443 0 12.549 9.049 0 12.863 9.049 0
4 7 12.549 9.836 0 12.235 9.836 0 12.235 9.049 0 12.549 9.049 0
4 8 12.235 9.443 0 11.922 9.443 0 11.922 9.049 0 12.235 9.049 0
4 8 11.294 9.836 0 10.98 9.836 0 10.98 9.049 0 11.294 9.049 0
4 0 10.667 10.23 0 10.353 10.23 0 10.353 9.049 0 10.667 9.049 0
4 7 10.353 9.443 0 10.039 9.443 0 10.039 9.049 0 10.353 9.049 0
4 16 10.039 9.836 0 3.451 9.836 0 3.451 9.049 0 10.039 9.049 0
4 16 76.863 9.049 0 70.275 9.049 0 70.275 8.656 0 76.863 8.656 0
4 20 70.275 9.049 0 69.961 9.049 0 69.961 8.656 0 70.275 8.656 0
4 8 69.961 9.049 0 69.647 9.049 0 69.647 8.656 0 69.961 8.656 0
4 0 69.647 9.049 0 69.333 9.049 0 69.333 8.656 0 69.647 8.656 0
4 8 69.333 9.049 0 69.02 9.049 0 69.02 8.656 0 69.333 8.656 0
4 20 69.02 9.049 0 68.706 9.049 0 68.706 8.656 0 69.02 8.656 0
4 15 68.706 12.984 0 68.392 12.984 0 68.392 8.656 0 68.706 8.656 0
4 15 68.392 14.557 0 68.078 14.557 0 68.078 8.656 0 68.392 8.656 0
4 15 66.51 9.049 0 66.196 9.049 0 66.196 8.656 0 66.51 8.656 0
4 7 66.196 9.443 0 65.882 9.443 0 65.882 8.656 0 66.196 8.656 0
4 8 65.882 9.049 0 65.569 9.049 0 65.569 8.656 0 65.882 8.656 0
4 0 64.627 9.443 0 64.314 9.443 0 64.314 8.656 0 64.627 8.656 0
4 8 64.314 9.049 0 64 9.049 0 64 8.656 0 64.314 8.656 0
4 20 64 9.049 0 63.686 9.049 0 63.686 8.656 0 64 8.656 0
4 16 63.686 9.049 0 58.98 9.049 0 58.98 8.656 0 63.686 8.656 0
4 0 58.98 9.049 0 57.725 9.049 0 57.725 8.656 0 58.98 8.656 0
4 16 57.725 9.049 0 53.961 9.049 0 53.961 8.656 0 57.725 8.656 0
4 14 42.353 9.049 0 39.843 9.049 0 39.843 8.656 0 42.353 8.656 0
4 0 39.843 9.049 0 38.588 9.049 0 38.588 8.656 0 39.843 8.656 0
4 14 38.588 9.049 0 37.02 9.049 0 37.02 8.656 0 38.588 8.656 0
4 0 37.02 9.049 0 36.078 9.049 0 36.078 8.656 0 37.02 8.656 0
4 14 36.078 9.049 0 35.451 9.049 0 35.451 8.656 0 36.078 8.656 0
4 0 35.451 9.049 0 34.824 9.049 0 34.824 8.656 0 35.451 8.656 0
4 14 34.824 9.049 0 33.882 9.049 0 33.882 8.656 0 34.824 8.656 0
4 0 33.882 9.049 0 33.255 9.049 0 33.255 8.656 0 33.882 8.656 0
4 14 33.255 9.049 0 32.627 9.049 0 32.627 8.656 0 33.255 8.656 0
4 0 32.627 9.049 0 31.686 9.049 0 31.686 8.656 0 32.627 8.656 0
4 16 26.667 9.049 0 23.216 9.049 0 23.216 8.656 0 26.667 8.656 0
4 0 23.216 9.049 0 21.961 9.049 0 21.961 8.656 0 23.216 8.656 0
4 16 21.961 9.049 0 17.882 9.049 0 17.882 8.656 0 21.961 8.656 0
4 20 17.882 9.049 0 17.569 9.049 0 17.569 8.656 0 17.882 8.656 0
4 0 17.569 9.443 0 17.255 9.443 0 17.255 8.656 0 17.569 8.656 0
4 0 17.255 9.049 0 16.941 9.049 0 16.941 8.656 0 17.255 8.656 0
4 7 16.941 9.049 0 16.627 9.049 0 16.627 8.656 0 16.941 8.656 0
4 15 16.627 9.049 0 16.314 9.049 0 16.314 8.656 0 16.627 8.656 0
4 15 16.314 9.049 0 13.49 9.049 0 13.49 8.656 0 16.314 8.656 0
4 20 13.49 11.016 0 13.176 11.016 0 13.176 8.656 0 13.49 8.656 0
4 1 12.235 9.049 0 11.922 9.049 0 11.922 8.656 0 12.235 8.656 0
4 8 11.608 9.443 0 11.294 9.443 0 11.294 8.656 0 11.608 8.656 0
4 0 10.98 9.443 0 10.667 9.443 0 10.667 8.656 0 10.98 8.656 0
4 7 10.667 9.049 0 10.353 9.049 0 10.353 8.656 0 10.667 8.656 0
4 16 10.353 9.049 0 3.451 9.049 0 3.451 8.656 0 10.353 8.656 0
4 16 76.863 8.656 0 69.961 8.656 0 69.961 8.262 0 76.863 8.262 0
4 20 69.961 8.656 0 69.647 8.656 0 69.647 8.262 0 69.961 8.262 0
4 8 69.647 8.656 0 69.333 8.656 0 69.333 8.262 0 69.647 8.262 0
4 0 69.333 8.656 0 69.02 8.656 0 69.02 8.262 0 69.333 8.262 0
4 6 69.02 8.656 0 68.706 8.656 0 68.706 8.262 0 69.02 8.262 0
4 8 68.706 8.656 0 68.392 8.656 0 68.392 8.262 0 68.706 8.262 0
4 20 68.392 8.656 0 68.078 8.656 0 68.078 8.262 0 68.392 8.262 0
4 15 68.078 13.77 0 67.765 13.77 0 67.765 8.262 0 68.078 8.262 0
4 15 67.765 12.984 0 67.451 12.984 0 67.451 8.262 0 67.765 8.262 0
4 15 66.824 10.23 0 66.51 10.23 0 66.51 8.262 0 66.824 8.262 0
4 7 66.51 8.656 0 66.196 8.656 0 66.196 8.262 0 66.51 8.262 0
4 0 64.941 9.049 0 64.627 9.049 0 64.627 8.262 0 64.941 8.262 0
4 8 64.627 8.656 0 64.314 8.656 0 64.314 8.262 0 64.627 8.262 0
4 16 64.314 8.656 0 59.608 8.656 0 59.608 8.262 0 64.314 8.262 0
4 0 59.608 8.656 0 57.098 8.656 0 57.098 8.262 0 59.608 8.262 0
4 16 57.098 8.656 0 53.961 8.656 0 53.961 8.262 0 57.098 8.262 0
4 14 42.353 8.656 0 40.157 8.656 0 40.157 8.262 0 42.353 8.262 0
4 0 40.157 8.656 0 38.588 8.656 0 38.588 8.262 0 40.157 8.262 0
4 0 37.333 8.656 0 36.392 8.656 0 36.392 8.262 0 37.333 8.262 0
4 14 36.392 8.656 0 33.882 8.656 0 33.882 8.262 0 36.392 8.262 0
4 0 32.314 8.656 0 31.686 8.656 0 31.686 8.262 0 32.314 8.262 0
4 14 31.686 9.049 0 30.118 9.049 0 30.118 8.262 0 31.686 8.262 0
4 16 26.667 8.656 0 23.843 8.656 0 23.843 8.262 0 26.667 8.262 0
4 0 23.843 8.656 0 21.333 8.656 0 21.333 8.262 0 23.843 8.262 0
4 16 21.333 8.656 0 17.255 8.656 0 17.255 8.262 0 21.333 8.262 0
4 7 17.255 8.656 0 16.941 8.656 0 16.941 8.262 0 17.255 8.262 0
4 0 16.941 8.656 0 16.627 8.656 0 16.627 8.262 0 16.941 8.262 0
4 8 16.627 8.656 0 16.314 8.656 0 16.314 8.262 0 16.627 8.262 0
4 20 16.314 8.656 0 16 8.656 0 16 8.262 0 16.314 8.262 0
4 15 16 8.656 0 13.176 8.656 0 13.176 8.262 0 16 8.262 0
4 7 12.863 9.049 0 12.549 9.049 0 12.549 8.262 0 12.863 8.262 0
4 8 12.549 9.049 0 12.235 9.049 0 12.235 8.262 0 12.549 8.262 0
4 0 11.608 8.656 0 11.294 8.656 0 11.294 8.262 0 11.608 8.262 0
4 0 11.294 9.049 0 10.98 9.049 0 10.98 8.262 0 11.294 8.262 0
4 7 10.98 8.656 0 10.667 8.656 0 10.667 8.262 0 10.98 8.262 0
4 16 10.667 8.656 0 3.451 8.656 0 3.451 8.262 0 10.667 8.262 0
4 16 76.863 8.262 0 69.333 8.262 0 69.333 7.869 0 76.863 7.869 0
4 20 69.333 8.262 0 69.02 8.262 0 69.02 7.869 0 69.333 7.869 0
4 8 69.02 8.262 0 68.706 8.262 0 68.706 7.869 0 69.02 7.869 0
4 0 68.706 8.262 0 68.392 8.262 0 68.392 7.869 0 68.706 7.869 0
4 0 68.392 8.262 0 68.078 8.262 0 68.078 7.869 0 68.392 7.869 0
4 7 67.765 8.262 0 67.451 8.262 0 67.451 7.869 0 67.765 7.869 0
4 15 67.451 12.984 0 67.137 12.984 0 67.137 7.869 0 67.451 7.869 0
4 15 67.137 10.623 0 66.824 10.623 0 66.824 7.869 0 67.137 7.869 0
4 7 66.824 8.262 0 66.51 8.262 0 66.51 7.869 0 66.824 7.869 0
4 0 66.196 8.656 0 65.882 8.656 0 65.882 7.869 0 66.196 7.869 0
4 0 65.882 8.656 0 65.569 8.656 0 65.569 7.869 0 65.882 7.869 0
4 0 65.569 9.049 0 65.255 9.049 0 65.255 7.869 0 65.569 7.869 0
4 0 65.255 9.443 0 64.941 9.443 0 64.941 7.869 0 65.255 7.869 0
4 7 64.941 8.262 0 64.627 8.262 0 64.627 7.869 0 64.941 7.869 0
4 16 64.627 8.262 0 59.922 8.262 0 59.922 7.869 0 64.627 7.869 0
4 0 59.922 8.262 0 58.667 8.262 0 58.667 7.869 0 59.922 7.869 0
4 15 58.667 8.262 0 58.039 8.262 0 58.039 7.869 0 58.667 7.869 0
4 0 58.039 8.262 0 56.784 8.262 0 56.784 7.869 0 58.039 7.869 0
4 16 56.784 8.262 0 53.961 8.262 0 53.961 7.869 0 56.784 7.869 0
4 14 42.353 8.262 0 40.471 8.262 0 40.471 7.869 0 42.353 7.869 0
4 0 40.471 8.262 0 39.843 8.262 0 39.843 7.869 0 40.471 7.869 0
4 14 39.843 8.262 0 39.216 8.262 0 39.216 7.869 0 39.843 7.869 0
4 0 37.333 8.262 0 35.137 8.262 0 35.137 7.869 0 37.333 7.869 0
4 14 35.137 8.262 0 33.882 8.262 0 33.882 7.869 0 35.137 7.869 0
4 0 33.882 8.656 0 33.569 8.656 0 33.569 7.869 0 33.882 7.869 0
4 14 33.569 8.656 0 32.314 8.656 0 32.314 7.869 0 33.569 7.869 0
4 0 32.314 8.262 0 31.373 8.262 0 31.373 7.869 0 32.314 7.869 0
4 16 26.667 8.262 0 24.157 8.262 0 24.157 7.869 0 26.667 7.869 0
4 0 24.157 8.262 0 22.902 8.262 0 22.902 7.869 0 24.157 7.869 0
4 15 22.902 8.262 0 22.275 8.262 0 22.275 7.869 0 22.902 7.869 0
4 0 22.275 8.262 0 21.02 8.262 0 21.02 7.869 0 22.275 7.869 0
4 16 21.02 8.262 0 16.941 8.262 0 16.941 7.869 0 21.02 7.869 0
4 20 16.941 8.262 0 16.627 8.262 0 16.627 7.869 0 16.941 7.869 0
4 0 16.627 8.262 0 16.314 8.262 0 16.314 7.869 0 16.627 7.869 0
4 6 16.314 8.262 0 16 8.262 0 16 7.869 0 16.314 7.869 0
4 7 16 8.262 0 15.686 8.262 0 15.686 7.869 0 16 7.869 0
4 15 15.686 8.262 0 13.176 8.262 0 13.176 7.869 0 15.686 7.869 0
4 7 13.176 9.049 0 12.863 9.049 0 12.863 7.869 0 13.176 7.869 0
4 0 12.235 8.656 0 11.922 8.656 0 11.922 7.869 0 12.235 7.869 0
4 0 11.922 9.443 0 11.608 9.443 0 11.608 7.869 0 11.922 7.869 0
4 8 11.608 8.262 0 11.294 8.262 0 11.294 7.869 0 11.608 7.869 0
4 16 11.294 8.262 0 3.451 8.262 0 3.451 7.869 0 11.294 7.869 0
4 0 3.451 14.557 0 3.137 14.557 0 3.137 7.869 0 3.451 7.869 0
4 0 3.137 9.836 0 2.824 9.836 0 2.824 7.869 0 3.137 7.869 0
4 0 75.608 7.869 0 70.588 7.869 0 70.588 7.475 0 75.608 7.475 0
4 16 70.588 7.869 0 68.706 7.869 0 68.706 7.475 0 70.588 7.475 0
4 20 68.706 7.869 0 68.392 7.869 0 68.392 7.475 0 68.706 7.475 0
4 8 68.392 7.869 0 68.078 7.869 0 68.078 7.475 0 68.392 7.475 0
4 8 68.078 8.262 0 67.765 8.262 0 67.765 7.475 0 68.078 7.475 0
4 8 67.765 7.869 0 67.451 7.869 0 67.451 7.475 0 67.765 7.475 0
4 8 67.451 7.869 0 67.137 7.869 0 67.137 7.475 0 67.451 7.475 0
4 0 67.137 7.869 0 66.824 7.869 0 66.824 7.475 0 67.137 7.475 0
4 0 66.824 7.869 0 66.51 7.869 0 66.51 7.475 0 66.824 7.475 0
4 0 66.51 8.262 0 66.196 8.262 0 66.196 7.475 0 66.51 7.475 0
4 6 66.196 7.869 0 65.882 7.869 0 65.882 7.475 0 66.196 7.475 0
4 8 65.882 7.869 0 65.569 7.869 0 65.569 7.475 0 65.882 7.475 0
4 20 65.569 7.869 0 65.255 7.869 0 65.255 7.475 0 65.569 7.475 0
4 16 65.255 7.869 0 60.235 7.869 0 60.235 7.475 0 65.255 7.475 0
4 0 60.235 7.869 0 59.294 7.869 0 59.294 7.475 0 60.235 7.475 0
4 15 59.294 7.869 0 57.412 7.869 0 57.412 7.475 0 59.294 7.475 0
4 0 57.412 7.869 0 56.471 7.869 0 56.471 7.475 0 57.412 7.475 0
4 0 40.784 7.869 0 40.157 7.869 0 40.157 7.475 0 40.784 7.475 0
4 14 40.157 7.869 0 39.216 7.869 0 39.216 7.475 0 40.157 7.475 0
4 0 39.216 8.262 0 38.588 8.262 0 38.588 7.475 0 39.216 7.475 0
4 0 37.333 7.869 0 34.824 7.869 0 34.824 7.475 0 37.333 7.475 0
4 14 34.824 7.869 0 33.882 7.869 0 33.882 7.475 0 34.824 7.475 0
4 0 33.882 7.869 0 33.255 7.869 0 33.255 7.475 0 33.882 7.475 0
4 14 33.255 7.869 0 32.627 7.869 0 32.627 7.475 0 33.255 7.475 0
4 0 32.627 7.869 0 31.373 7.869 0 31.373 7.475 0 32.627 7.475 0
4 14 31.373 8.262 0 30.118 8.262 0 30.118 7.475 0 31.373 7.475 0
4 0 24.471 7.869 0 23.529 7.869 0 23.529 7.475 0 24.471 7.475 0
4 15 23.529 7.869 0 21.647 7.869 0 21.647 7.475 0 23.529 7.475 0
4 0 21.647 7.869 0 20.706 7.869 0 20.706 7.475 0 21.647 7.475 0
4 16 20.706 7.869 0 16.627 7.869 0 16.627 7.475 0 20.706 7.475 0
4 20 16.627 7.869 0 16.314 7.869 0 16.314 7.475 0 16.627 7.475 0
4 8 16.314 7.869 0 16 7.869 0 16 7.475 0 16.314 7.475 0
4 0 16 7.869 0 15.686 7.869 0 15.686 7.475 0 16 7.475 0
4 0 15.686 7.869 0 15.373 7.869 0 15.373 7.475 0 15.686 7.475 0
4 7 15.059 7.869 0 14.745 7.869 0 14.745 7.475 0 15.059 7.475 0
4 20 14.745 7.869 0 14.431 7.869 0 14.431 7.475 0 14.745 7.475 0
4 15 14.431 7.869 0 14.118 7.869 0 14.118 7.475 0 14.431 7.475 0
4 20 14.118 7.869 0 13.804 7.869 0 13.804 7.475 0 14.118 7.475 0
4 20 13.804 7.869 0 13.49 7.869 0 13.49 7.475 0 13.804 7.475 0
4 7 13.49 7.869 0 13.176 7.869 0 13.176 7.475 0 13.49 7.475 0
4 0 13.176 7.869 0 12.863 7.869 0 12.863 7.475 0 13.176 7.475 0
4 0 12.863 8.262 0 12.549 8.262 0 12.549 7.475 0 12.863 7.475 0
4 0 12.549 8.262 0 12.235 8.262 0 12.235 7.475 0 12.549 7.475 0
4 8 12.235 7.869 0 11.922 7.869 0 11.922 7.475 0 12.235 7.475 0
4 20 11.922 7.869 0 11.608 7.869 0 11.608 7.475 0 11.922 7.475 0
4 16 11.608 7.869 0 10.039 7.869 0 10.039 7.475 0 11.608 7.475 0
4 0 10.039 7.869 0 5.02 7.869 0 5.02 7.475 0 10.039 7.475 0
4 16 70.588 7.475 0 68.078 7.475 0 68.078 7.082 0 70.588 7.082 0
4 20 68.078 7.475 0 67.765 7.475 0 67.765 7.082 0 68.078 7.082 0
4 7 67.765 7.475 0 67.451 7.475 0 67.451 7.082 0 67.765 7.082 0
4 7 67.451 7.475 0 67.137 7.475 0 67.137 7.082 0 67.451 7.082 0
4 7 67.137 7.475 0 66.824 7.475 0 66.824 7.082 0 67.137 7.082 0
4 7 66.824 7.475 0 66.51 7.475 0 66.51 7.082 0 66.824 7.082 0
4 20 66.51 7.475 0 66.196 7.475 0 66.196 7.082 0 66.51 7.082 0
4 20 66.196 7.475 0 65.882 7.475 0 65.882 7.082 0 66.196 7.082 0
4 16 65.882 7.475 0 60.235 7.475 0 60.235 7.082 0 65.882 7.082 0
4 0 40.784 7.475 0 38.588 7.475 0 38.588 7.082 0 40.784 7.082 0
4 14 38.588 8.656 0 37.333 8.656 0 37.333 7.082 0 38.588 7.082 0
4 14 34.824 7.475 0 33.569 7.475 0 33.569 7.082 0 34.824 7.082 0
4 0 33.569 7.475 0 31.686 7.475 0 31.686 7.082 0 33.569 7.082 0
4 16 20.706 7.475 0 16 7.475 0 16 7.082 0 20.706 7.082 0
4 20 16 7.475 0 15.686 7.475 0 15.686 7.082 0 16 7.082 0
4 7 15.686 7.475 0 15.373 7.475 0 15.373 7.082 0 15.686 7.082 0
4 8 15.373 7.869 0 15.059 7.869 0 15.059 7.082 0 15.373 7.082 0
4 0 15.059 7.475 0 14.745 7.475 0 14.745 7.082 0 15.059 7.082 0
4 0 14.745 7.475 0 14.431 7.475 0 14.431 7.082 0 14.745 7.082 0
4 0 14.431 7.475 0 14.118 7.475 0 14.118 7.082 0 14.431 7.082 0
4 0 14.118 7.475 0 13.804 7.475 0 13.804 7.082 0 14.118 7.082 0
4 0 13.804 7.475 0 13.49 7.475 0 13.49 7.082 0 13.804 7.082 0
4 0 13.49 7.475 0 13.176 7.475 0 13.176 7.082 0 13.49 7.082 0
4 8 13.176 7.475 0 12.863 7.475 0 12.863 7.082 0 13.176 7.082 0
4 7 12.863 7.475 0 12.549 7.475 0 12.549 7.082 0 12.863 7.082 0
4 20 12.549 7.475 0 12.235 7.475 0 12.235 7.082 0 12.549 7.082 0
4 16 12.235 7.475 0 10.039 7.475 0 10.039 7.082 0 12.235 7.082 0
4 0 3.451 7.869 0 2.824 7.869 0 2.824 7.082 0 3.451 7.082 0
4 14 47.373 9.443 0 42.98 9.443 0 42.98 6.689 0 47.373 6.689 0
4 0 42.98 9.443 0 42.353 9.443 0 42.353 6.689 0 42.98 6.689 0
4 14 42.353 7.869 0 40.784 7.869 0 40.784 6.689 0 42.353 6.689 0
4 0 40.784 7.082 0 37.961 7.082 0 37.961 6.689 0 40.784 6.689 0
4 14 37.961 7.082 0 37.333 7.082 0 37.333 6.689 0 37.961 6.689 0
4 0 32.627 7.082 0 31.686 7.082 0 31.686 6.689 0 32.627 6.689 0
4 14 31.686 7.475 0 30.118 7.475 0 30.118 6.689 0 31.686 6.689 0
4 16 20.706 7.082 0 15.059 7.082 0 15.059 6.689 0 20.706 6.689 0
4 7 15.059 7.082 0 14.745 7.082 0 14.745 6.689 0 15.059 6.689 0
4 8 14.745 7.082 0 14.431 7.082 0 14.431 6.689 0 14.745 6.689 0
4 8 14.431 7.082 0 14.118 7.082 0 14.118 6.689 0 14.431 6.689 0
4 8 14.118 7.082 0 13.804 7.082 0 13.804 6.689 0 14.118 6.689 0
4 8 13.804 7.082 0 13.49 7.082 0 13.49 6.689 0 13.804 6.689 0
4 7 13.49 7.082 0 13.176 7.082 0 13.176 6.689 0 13.49 6.689 0
4 16 13.176 7.082 0 10.039 7.082 0 10.039 6.689 0 13.176 6.689 0
4 0 60.235 7.475 0 59.608 7.475 0 59.608 6.295 0 60.235 6.295 0
4 15 59.608 7.475 0 57.098 7.475 0 57.098 6.295 0 59.608 6.295 0
4 0 57.098 7.475 0 56.471 7.475 0 56.471 6.295 0 57.098 6.295 0
4 0 48 9.443 0 47.373 9.443 0 47.373 6.295 0 48 6.295 0
4 14 47.373 6.689 0 44.863 6.689 0 44.863 6.295 0 47.373 6.295 0
4 0 44.863 6.689 0 44.235 6.689 0 44.235 6.295 0 44.863 6.295 0
4 14 44.235 6.689 0 43.294 6.689 0 43.294 6.295 0 44.235 6.295 0
4 14 38.588 6.689 0 37.333 6.689 0 37.333 6.295 0 38.588 6.295 0
4 0 37.333 7.475 0 36.392 7.475 0 36.392 6.295 0 37.333 6.295 0
4 14 36.392 7.475 0 35.137 7.475 0 35.137 6.295 0 36.392 6.295 0
4 0 35.137 7.475 0 34.824 7.475 0 34.824 6.295 0 35.137 6.295 0
4 14 34.824 7.082 0 32.627 7.082 0 32.627 6.295 0 34.824 6.295 0
4 0 24.471 7.475 0 23.843 7.475 0 23.843 6.295 0 24.471 6.295 0
4 15 23.843 7.475 0 21.333 7.475 0 21.333 6.295 0 23.843 6.295 0
4 0 21.333 7.475 0 20.706 7.475 0 20.706 6.295 0 21.333 6.295 0
4 16 70.588 7.082 0 60.235 7.082 0 60.235 5.902 0 70.588 5.902 0
4 0 60.235 6.295 0 59.294 6.295 0 59.294 5.902 0 60.235 5.902 0
4 15 59.294 6.295 0 57.412 6.295 0 57.412 5.902 0 59.294 5.902 0
4 0 57.412 6.295 0 56.471 6.295 0 56.471 5.902 0 57.412 5.902 0
4 16 56.471 7.869 0 53.961 7.869 0 53.961 5.902 0 56.471 5.902 0
4 0 48 6.295 0 47.059 6.295 0 47.059 5.902 0 48 5.902 0
4 14 47.059 6.295 0 44.863 6.295 0 44.863 5.902 0 47.059 5.902 0
4 0 44.863 6.295 0 43.922 6.295 0 43.922 5.902 0 44.863 5.902 0
4 14 43.922 6.295 0 43.294 6.295 0 43.294 5.902 0 43.922 5.902 0
4 0 43.294 6.689 0 42.353 6.689 0 42.353 5.902 0 43.294 5.902 0
4 14 42.353 6.689 0 39.216 6.689 0 39.216 5.902 0 42.353 5.902 0
4 14 38.588 6.295 0 37.02 6.295 0 37.02 5.902 0 38.588 5.902 0
4 0 37.02 6.295 0 36.392 6.295 0 36.392 5.902 0 37.02 5.902 0
4 14 36.392 6.295 0 35.451 6.295 0 35.451 5.902 0 36.392 5.902 0
4 0 35.451 6.295 0 34.824 6.295 0 34.824 5.902 0 35.451 5.902 0
4 14 34.824 6.295 0 33.882 6.295 0 33.882 5.902 0 34.824 5.902 0
4 0 33.882 6.295 0 33.255 6.295 0 33.255 5.902 0 33.882 5.902 0
4 14 33.255 6.295 0 32.627 6.295 0 32.627 5.902 0 33.255 5.902 0
4 0 32.627 6.689 0 32 6.689 0 32 5.902 0 32.627 5.902 0
4 16 26.667 7.869 0 24.471 7.869 0 24.471 5.902 0 26.667 5.902 0
4 0 24.471 6.295 0 23.529 6.295 0 23.529 5.902 0 24.471 5.902 0
4 15 23.529 6.295 0 21.647 6.295 0 21.647 5.902 0 23.529 5.902 0
4 0 21.647 6.295 0 20.706 6.295 0 20.706 5.902 0 21.647 5.902 0
4 16 20.706 6.689 0 10.039 6.689 0 10.039 5.902 0 20.706 5.902 0
4 16 70.588 5.902 0 59.922 5.902 0 59.922 5.508 0 70.588 5.508 0
4 0 59.922 5.902 0 58.98 5.902 0 58.98 5.508 0 59.922 5.508 0
4 15 58.98 5.902 0 57.725 5.902 0 57.725 5.508 0 58.98 5.508 0
4 0 57.725 5.902 0 56.784 5.902 0 56.784 5.508 0 57.725 5.508 0
4 16 56.784 5.902 0 53.961 5.902 0 53.961 5.508 0 56.784 5.508 0
4 14 50.196 9.443 0 48 9.443 0 48 5.508 0 50.196 5.508 0
4 0 48 5.902 0 45.49 5.902 0 45.49 5.508 0 48 5.508 0
4 14 45.49 5.902 0 44.549 5.902 0 44.549 5.508 0 45.49 5.508 0
4 0 44.549 5.902 0 42.667 5.902 0 42.667 5.508 0 44.549 5.508 0
4 14 42.667 5.902 0 39.216 5.902 0 39.216 5.508 0 42.667 5.508 0
4 0 39.216 6.689 0 38.588 6.689 0 38.588 5.508 0 39.216 5.508 0
4 14 38.588 5.902 0 36.706 5.902 0 36.706 5.508 0 38.588 5.508 0
4 0 36.706 5.902 0 35.137 5.902 0 35.137 5.508 0 36.706 5.508 0
4 14 35.137 5.902 0 33.882 5.902 0 33.882 5.508 0 35.137 5.508 0
4 0 33.882 5.902 0 32 5.902 0 32 5.508 0 33.882 5.508 0
4 14 32 6.689 0 30.118 6.689 0 30.118 5.508 0 32 5.508 0
4 16 26.667 5.902 0 24.157 5.902 0 24.157 5.508 0 26.667 5.508 0
4 0 24.157 5.902 0 23.216 5.902 0 23.216 5.508 0 24.157 5.508 0
4 15 23.216 5.902 0 21.961 5.902 0 21.961 5.508 0 23.216 5.508 0
4 0 21.961 5.902 0 21.02 5.902 0 21.02 5.508 0 21.961 5.508 0
4 16 21.02 5.902 0 10.039 5.902 0 10.039 5.508 0 21.02 5.508 0
4 16 70.588 5.508 0 59.608 5.508 0 59.608 5.115 0 70.588 5.115 0
4 0 59.608 5.508 0 57.098 5.508 0 57.098 5.115 0 59.608 5.115 0
4 16 57.098 5.508 0 53.961 5.508 0 53.961 5.115 0 57.098 5.115 0
4 16 26.667 5.508 0 23.843 5.508 0 23.843 5.115 0 26.667 5.115 0
4 0 23.843 5.508 0 21.333 5.508 0 21.333 5.115 0 23.843 5.115 0
4 16 21.333 5.508 0 10.039 5.508 0 10.039 5.115 0 21.333 5.115 0
4 0 75.608 7.475 0 75.294 7.475 0 75.294 4.721 0 75.608 4.721 0
4 15 75.294 7.475 0 70.902 7.475 0 70.902 4.721 0 75.294 4.721 0
4 0 70.902 7.475 0 70.588 7.475 0 70.588 4.721 0 70.902 4.721 0
4 16 70.588 5.115 0 58.98 5.115 0 58.98 4.721 0 70.588 4.721 0
4 0 58.98 5.115 0 57.725 5.115 0 57.725 4.721 0 58.98 4.721 0
4 16 57.725 5.115 0 53.961 5.115 0 53.961 4.721 0 57.725 4.721 0
4 0 50.824 10.23 0 50.196 10.23 0 50.196 4.721 0 50.824 4.721 0
4 14 50.196 5.508 0 30.118 5.508 0 30.118 4.721 0 50.196 4.721 0
4 0 30.118 10.23 0 29.49 10.23 0 29.49 4.721 0 30.118 4.721 0
4 16 26.667 5.115 0 23.216 5.115 0 23.216 4.721 0 26.667 4.721 0
4 0 23.216 5.115 0 21.961 5.115 0 21.961 4.721 0 23.216 4.721 0
4 16 21.961 5.115 0 10.039 5.115 0 10.039 4.721 0 21.961 4.721 0
4 0 10.039 7.475 0 9.725 7.475 0 9.725 4.721 0 10.039 4.721 0
4 15 9.725 7.475 0 5.333 7.475 0 5.333 4.721 0 9.725 4.721 0
4 0 5.333 7.475 0 5.02 7.475 0 5.02 4.721 0 5.333 4.721 0
4 16 76.863 7.869 0 75.608 7.869 0 75.608 4.328 0 76.863 4.328 0
4 0 75.608 4.721 0 70.588 4.721 0 70.588 4.328 0 75.608 4.328 0
4 16 70.588 4.721 0 53.961 4.721 0 53.961 4.328 0 70.588 4.328 0
4 0 50.824 4.721 0 29.49 4.721 0 29.49 4.328 0 50.824 4.328 0
4 16 26.667 4.721 0 10.039 4.721 0 10.039 4.328 0 26.667 4.328 0
4 0 10.039 4.721 0 5.02 4.721 0 5.02 4.328 0 10.039 4.328 0
4 16 5.02 7.869 0 3.451 7.869 0 3.451 4.328 0 5.02 4.328 0
4 0 77.49 18.885 0 76.863 18.885 0 76.863 3.148 0 77.49 3.148 0
4 16 76.863 4.328 0 53.961 4.328 0 53.961 3.148 0 76.863 3.148 0
4 0 53.961 11.41 0 53.647 11.41 0 53.647 3.148 0 53.961 3.148 0
4 16 53.647 10.623 0 50.824 10.623 0 50.824 3.148 0 53.647 3.148 0
4 0 50.824 4.328 0 50.196 4.328 0 50.196 3.148 0 50.824 3.148 0
4 16 50.196 4.328 0 30.118 4.328 0 30.118 3.148 0 50.196 3.148 0
4 0 30.118 4.328 0 29.49 4.328 0 29.49 3.148 0 30.118 3.148 0
4 16 29.49 10.623 0 26.98 10.623 0 26.98 3.148 0 29.49 3.148 0
4 0 26.98 11.803 0 26.667 11.803 0 26.667 3.148 0 26.98 3.148 0
4 16 26.667 4.328 0 3.451 4.328 0 3.451 3.148 0 26.667 3.148 0
4 0 3.451 7.082 0 3.137 7.082 0 3.137 3.148 0 3.451 3.148 0
4 16 78.745 19.279 0 77.49 19.279 0 77.49 2.754 0 78.745 2.754 0
4 0 77.49 3.148 0 3.137 3.148 0 3.137 2.754 0 77.49 2.754 0
4 0 3.137 7.082 0 2.824 7.082 0 2.824 2.754 0 3.137 2.754 0
4 16 2.824 18.885 0 1.569 18.885 0 1.569 2.754 0 2.824 2.754 0
4 0 79.373 22.426 0 78.745 22.426 0 78.745 1.574 0 79.373 1.574 0
4 16 78.745 2.754 0 1.569 2.754 0 1.569 1.574 0 78.745 1.574 0
4 0 1.569 20.852 0 0.627 20.852 0 0.627 1.574 0 1.569 1.574 0
4 0 79.373 1.574 0 0.627 1.574 0 0.627 1.18 0 79.373 1.18 0
4 16 80 23.213 0 79.373 23.213 0 79.373 0.787 0 80 0.787 0
4 8 79.373 1.18 0 79.059 1.18 0 79.059 0.787 0 79.373 0.787 0
4 0 79.059 1.18 0 0.627 1.18 0 0.627 0.787 0 79.059 0.787 0
4 16 0.627 23.213 0 0 23.213 0 0 0.787 0 0.627 0.787 0
4 16 80 0.787 0 0 0.787 0 0 0 0 80 0 0
