0 Eje 62.5mm para jacena4 con ruedas balon astro    |V:V|S:S
0 Name: eje625.dat
0 Author: cpcbegin
0 !LDRAW_ORG Unofficial_Part
0 BFC CERTIFY CCW
4 16 78.125 -2.5 0 -78.125 -2.5 0 -78.125 -2.31 -0.957 78.125 -2.31 -0.957
4 16 -78.125 -2.5 0 78.125 -2.5 0 78.125 -2.31 0.957 -78.125 -2.31 0.957
4 16 78.125 -2.31 -0.957 -78.125 -2.31 -0.957 -78.125 -1.768 -1.768 78.125 -1.768 -1.768
4 16 -78.125 -2.31 0.957 78.125 -2.31 0.957 78.125 -1.768 1.768 -78.125 -1.768 1.768
4 16 -78.125 -1.768 1.768 78.125 -1.768 1.768 78.125 -0.957 2.31 -78.125 -0.957 2.31
4 16 -78.125 -0.957 -2.31 78.125 -0.957 -2.31 78.125 -1.768 -1.768 -78.125 -1.768 -1.768
4 16 -78.125 -1.768 1.768 -78.125 -0.957 2.31 -78.125 0 2.5 -78.125 0 0
4 16 -78.125 -2.5 0 -78.125 -2.31 0.957 -78.125 -1.768 1.768 -78.125 0 0
4 16 -78.125 -1.768 -1.768 -78.125 0 0 -78.125 0 -2.5 -78.125 -0.957 -2.31
4 16 -78.125 -2.5 0 -78.125 0 0 -78.125 -1.768 -1.768 -78.125 -2.31 -0.957
4 16 -78.125 0 -2.5 78.125 0 -2.5 78.125 -0.957 -2.31 -78.125 -0.957 -2.31
4 16 -78.125 -0.957 2.31 78.125 -0.957 2.31 78.125 0 2.5 -78.125 0 2.5
4 16 78.125 -1.768 -1.768 78.125 0 0 78.125 -2.5 0 78.125 -2.31 -0.957
4 16 78.125 -2.5 0 78.125 0 0 78.125 -1.768 1.768 78.125 -2.31 0.957
4 16 78.125 -1.768 1.768 78.125 0 0 78.125 0 2.5 78.125 -0.957 2.31
4 16 78.125 -1.768 -1.768 78.125 -0.957 -2.31 78.125 0 -2.5 78.125 0 0
4 16 78.125 0 -2.5 -78.125 0 -2.5 -78.125 0.957 -2.31 78.125 0.957 -2.31
4 16 -78.125 0 2.5 78.125 0 2.5 78.125 0.957 2.31 -78.125 0.957 2.31
4 16 -78.125 0 2.5 -78.125 0.957 2.31 -78.125 1.768 1.768 -78.125 0 0
4 16 -78.125 0 -2.5 -78.125 0 0 -78.125 1.768 -1.768 -78.125 0.957 -2.31
4 16 78.125 0 -2.5 78.125 0.957 -2.31 78.125 1.768 -1.768 78.125 0 0
4 16 -78.125 0.957 2.31 78.125 0.957 2.31 78.125 1.768 1.768 -78.125 1.768 1.768
4 16 78.125 0.957 -2.31 -78.125 0.957 -2.31 -78.125 1.768 -1.768 78.125 1.768 -1.768
4 16 78.125 0 2.5 78.125 0 0 78.125 1.768 1.768 78.125 0.957 2.31
4 16 -78.125 1.768 1.768 78.125 1.768 1.768 78.125 2.31 0.957 -78.125 2.31 0.957
4 16 78.125 1.768 -1.768 -78.125 1.768 -1.768 -78.125 2.31 -0.957 78.125 2.31 -0.957
4 16 -78.125 1.768 1.768 -78.125 2.31 0.957 -78.125 2.5 0 -78.125 0 0
4 16 -78.125 1.768 -1.768 -78.125 0 0 -78.125 2.5 0 -78.125 2.31 -0.957
4 16 78.125 2.31 -0.957 -78.125 2.31 -0.957 -78.125 2.5 0 78.125 2.5 0
4 16 78.125 1.768 -1.768 78.125 2.31 -0.957 78.125 2.5 0 78.125 0 0
4 16 78.125 1.768 1.768 78.125 0 0 78.125 2.5 0 78.125 2.31 0.957
4 16 -78.125 2.31 0.957 78.125 2.31 0.957 78.125 2.5 0 -78.125 2.5 0
2 24 -78.125 -2.31 -0.957 -78.125 -1.768 -1.768
2 24 -78.125 -0.957 2.31 -78.125 0 2.5
2 24 -78.125 1.768 1.768 -78.125 2.31 0.957
5 24 -78.125 1.768 1.768 78.125 1.768 1.768 -78.125 0.957 2.31 -78.125 2.31 0.957
2 24 78.125 0 2.5 78.125 0.957 2.31
5 24 -78.125 0.957 2.31 78.125 0.957 2.31 -78.125 0 2.5 -78.125 1.768 1.768
2 24 78.125 2.31 0.957 78.125 2.5 0
2 24 -78.125 -0.957 -2.31 -78.125 0 -2.5
5 24 -78.125 2.31 -0.957 78.125 2.31 -0.957 -78.125 1.768 -1.768 -78.125 2.5 0
2 24 -78.125 -2.31 0.957 -78.125 -1.768 1.768
5 24 -78.125 -2.31 -0.957 78.125 -2.31 -0.957 -78.125 -2.5 0 -78.125 -1.768 -1.768
2 24 78.125 -2.31 0.957 78.125 -1.768 1.768
2 24 78.125 -2.5 0 78.125 -2.31 -0.957
2 24 -78.125 0.957 -2.31 -78.125 1.768 -1.768
5 24 -78.125 -2.5 0 78.125 -2.5 0 -78.125 -2.31 -0.957 -78.125 -2.31 0.957
2 24 -78.125 -2.5 0 -78.125 -2.31 -0.957
2 24 78.125 0 -2.5 78.125 0.957 -2.31
5 24 -78.125 0 2.5 78.125 0 2.5 -78.125 -0.957 2.31 -78.125 0.957 2.31
5 24 -78.125 -0.957 2.31 78.125 -0.957 2.31 -78.125 -1.768 1.768 -78.125 0 2.5
2 24 78.125 0.957 2.31 78.125 1.768 1.768
5 24 -78.125 -0.957 -2.31 78.125 -0.957 -2.31 -78.125 -1.768 -1.768 -78.125 0 -2.5
2 24 78.125 -2.5 0 78.125 -2.31 0.957
5 24 -78.125 -1.768 1.768 78.125 -1.768 1.768 -78.125 -2.31 0.957 -78.125 -0.957 2.31
5 24 -78.125 1.768 -1.768 78.125 1.768 -1.768 -78.125 0.957 -2.31 -78.125 2.31 -0.957
2 24 78.125 -0.957 2.31 78.125 0 2.5
2 24 -78.125 -2.5 0 -78.125 -2.31 0.957
2 24 -78.125 0 2.5 -78.125 0.957 2.31
2 24 78.125 0.957 -2.31 78.125 1.768 -1.768
2 24 -78.125 0.957 2.31 -78.125 1.768 1.768
2 24 -78.125 1.768 -1.768 -78.125 2.31 -0.957
5 24 -78.125 0 -2.5 78.125 0 -2.5 -78.125 -0.957 -2.31 -78.125 0.957 -2.31
2 24 78.125 -2.31 -0.957 78.125 -1.768 -1.768
2 24 78.125 -1.768 1.768 78.125 -0.957 2.31
2 24 78.125 1.768 1.768 78.125 2.31 0.957
2 24 78.125 2.31 -0.957 78.125 2.5 0
2 24 -78.125 -1.768 1.768 -78.125 -0.957 2.31
2 24 78.125 -0.957 -2.31 78.125 0 -2.5
2 24 -78.125 0 -2.5 -78.125 0.957 -2.31
5 24 -78.125 -1.768 -1.768 78.125 -1.768 -1.768 -78.125 -2.31 -0.957 -78.125 -0.957 -2.31
2 24 -78.125 2.31 0.957 -78.125 2.5 0
2 24 78.125 -1.768 -1.768 78.125 -0.957 -2.31
2 24 78.125 1.768 -1.768 78.125 2.31 -0.957
5 24 -78.125 2.5 0 78.125 2.5 0 -78.125 2.31 -0.957 -78.125 2.31 0.957
2 24 -78.125 -1.768 -1.768 -78.125 -0.957 -2.31
5 24 -78.125 2.31 0.957 78.125 2.31 0.957 -78.125 1.768 1.768 -78.125 2.5 0
5 24 -78.125 -2.31 0.957 78.125 -2.31 0.957 -78.125 -2.5 0 -78.125 -1.768 1.768
2 24 -78.125 2.31 -0.957 -78.125 2.5 0
5 24 -78.125 0.957 -2.31 78.125 0.957 -2.31 -78.125 0 -2.5 -78.125 1.768 -1.768
