0 Elevador Palanca   |C:C
0 Name: elevad3.dat
0 Author: jasolo & plinman
0 !LDRAW_ORG Unofficial_Part
0 BFC CERTIFY CCW
4 16 0 -5.625 -10 0 -5.625 -30 2.153 -5.197 -30 2.153 -5.197 -10
3 16 0 -5.625 -30 -28.25 -23.704 -30 2.153 -5.197 -30
4 16 2.153 -5.197 -10 2.153 -5.197 -30 3.977 -3.977 -30 3.977 -3.977 -10
3 16 -2.153 -5.197 -30 -28.25 -23.704 -30 0 -5.625 -30
3 16 2.153 -5.197 -30 -28.25 -23.704 -30 -26.482 -25.472 -30
3 16 -26.482 -25.472 -30 3.977 -3.977 -30 2.153 -5.197 -30
4 16 3.977 -3.977 -10 3.977 -3.977 -30 5.197 -2.153 -30 5.197 -2.153 -10
3 16 -3.977 -3.977 -30 -28.25 -23.704 -30 -2.153 -5.197 -30
3 16 -28.25 -23.704 -30 -27.293 -26.014 -30 -26.482 -25.472 -30
4 16 3.977 -3.977 -32.5 3.977 -3.977 -30 -26.482 -25.472 -30 -26.482 -25.472 -32.5
3 16 -41.703 3.125 12.5 -42.272 3.977 12.5 -46.25 0 12.5
3 16 -5.197 -2.153 -30 -28.25 -23.704 -30 -3.977 -3.977 -30
5 24 -3.977 -3.977 -30 -5.197 -2.153 -30 -28.25 -23.704 -30 -4.547 -3.125 -30
3 16 -28.25 -23.704 -30 -28.25 -26.204 -30 -27.293 -26.014 -30
4 16 -27.293 -26.014 -32.5 -26.482 -25.472 -32.5 -26.482 -25.472 -30 -27.293 -26.014 -30
4 16 2.153 -5.197 -32.5 3.977 -3.977 -32.5 -26.482 -25.472 -32.5 -25.94 -24.661 -32.5
4 16 -5.197 2.153 -12.5 -5.197 2.153 -30 -5.625 0 -30 -5.625 0 -12.5
3 16 -5.625 0 -30 -28.25 -23.704 -30 -5.197 -2.153 -30
3 16 -28.25 -23.704 -30 -29.206 -26.014 -30 -28.25 -26.204 -30
4 16 -28.25 -26.204 -30 -28.25 -26.204 -32.5 -27.293 -26.014 -32.5 -27.293 -26.014 -30
4 16 -27.293 -26.014 -32.5 -27.293 -26.014 -47.5 -26.482 -25.472 -47.5 -26.482 -25.472 -32.5
3 16 0 -5.625 -32.5 2.153 -5.197 -32.5 -25.94 -24.661 -32.5
4 16 3.977 -3.977 -32.5 2.153 -5.197 -32.5 2.153 -5.197 -47.5 3.977 -3.977 -47.5
4 16 -26.482 -25.472 -32.5 -26.482 -25.472 -47.5 -25.94 -24.661 -47.5 -25.94 -24.661 -32.5
3 16 -3.977 3.977 -30 -5.197 2.153 -30 -5.197 2.153 -12.5
3 16 -5.197 2.153 -30 -28.25 -23.704 -30 -5.625 0 -30
3 16 -28.25 -23.704 -30 -30.018 -25.472 -30 -29.206 -26.014 -30
4 16 -29.206 -26.014 -30 -29.206 -26.014 -32.5 -28.25 -26.204 -32.5 -28.25 -26.204 -30
4 16 -28.25 -26.204 -32.5 -28.25 -26.204 -47.5 -27.293 -26.014 -47.5 -27.293 -26.014 -32.5
4 16 -26.482 -25.472 -47.5 -27.293 -26.014 -47.5 -27.293 -26.014 -50 -26.482 -25.472 -50
3 16 -25.94 -24.661 -32.5 -2.153 -5.197 -32.5 0 -5.625 -32.5
4 16 2.153 -5.197 -32.5 0 -5.625 -32.5 0 -5.625 -47.5 2.153 -5.197 -47.5
4 16 -25.94 -24.661 -47.5 -26.482 -25.472 -47.5 3.977 -3.977 -47.5 2.153 -5.197 -47.5
4 16 -25.94 -24.661 -32.5 -25.94 -24.661 -47.5 -25.845 -24.183 -47.5 -25.845 -24.183 -32.5
4 16 3.977 -3.977 -47.5 -26.482 -25.472 -47.5 -26.482 -25.472 -50 3.977 -3.977 -50
3 16 -28.25 -23.704 -50 5.197 -2.153 -50 3.977 -3.977 -50
4 16 -3.125 0 -12.5 -3.125 0 -47.5 -3.125 4.547 -30 -3.125 4.547 -12.5
4 16 -3.977 3.977 -30 -30.018 -21.937 -30 -28.25 -23.704 -30 -5.197 2.153 -30
3 16 -28.25 -23.704 -30 -30.559 -24.661 -30 -30.018 -25.472 -30
4 16 -30.018 -25.472 -30 -30.018 -25.472 -32.5 -29.206 -26.014 -32.5 -29.206 -26.014 -30
4 16 -29.206 -26.014 -32.5 -29.206 -26.014 -47.5 -28.25 -26.204 -47.5 -28.25 -26.204 -32.5
4 16 -28.25 -26.204 -47.5 -28.25 -26.204 -50 -27.293 -26.014 -50 -27.293 -26.014 -47.5
3 16 -27.293 -26.014 -50 -28.25 -23.704 -50 -26.482 -25.472 -50
4 16 -25.94 -24.661 -32.5 -25.845 -24.183 -32.5 -2.849 -4.731 -32.5 -2.153 -5.197 -32.5
4 16 0 -5.625 -32.5 -2.153 -5.197 -32.5 -2.153 -5.197 -47.5 0 -5.625 -47.5
3 16 -25.94 -24.661 -47.5 2.153 -5.197 -47.5 0 -5.625 -47.5
4 16 -25.94 -24.661 -47.5 -2.153 -5.197 -47.5 -2.849 -4.731 -47.5 -25.845 -24.183 -47.5
4 16 -2.849 -4.731 -32.5 -25.845 -24.183 -32.5 -25.845 -24.183 -47.5 -2.849 -4.731 -47.5
3 16 3.977 -3.977 -50 -26.482 -25.472 -50 -28.25 -23.704 -50
4 16 -3.977 3.977 -30 -3.977 3.977 -32.5 -30.018 -21.937 -32.5 -30.018 -21.937 -30
3 16 -28.25 -23.704 -30 -30.018 -21.937 -30 -30.559 -22.748 -30
3 16 -28.25 -23.704 -30 -30.75 -23.704 -30 -30.559 -24.661 -30
4 16 -30.559 -24.661 -30 -30.559 -24.661 -32.5 -30.018 -25.472 -32.5 -30.018 -25.472 -30
4 16 -30.018 -25.472 -32.5 -30.018 -25.472 -47.5 -29.206 -26.014 -47.5 -29.206 -26.014 -32.5
4 16 -29.206 -26.014 -47.5 -29.206 -26.014 -50 -28.25 -26.204 -50 -28.25 -26.204 -47.5
3 16 -28.25 -23.704 -50 -27.293 -26.014 -50 -28.25 -26.204 -50
4 16 -2.153 -5.197 -32.5 -2.849 -4.731 -32.5 -2.849 -4.731 -47.5 -2.153 -5.197 -47.5
3 16 -2.153 -5.197 -47.5 -25.94 -24.661 -47.5 0 -5.625 -47.5
4 16 3.125 4.547 -47.5 2.153 5.197 -47.5 0 0 -47.5 3.125 0 -47.5
4 16 -3.977 3.977 -32.5 -5.197 2.153 -32.5 -29.206 -21.395 -32.5 -30.018 -21.937 -32.5
4 16 -30.018 -21.937 -30 -30.018 -21.937 -32.5 -30.559 -22.748 -32.5 -30.559 -22.748 -30
3 16 -28.25 -23.704 -30 -30.559 -22.748 -30 -30.75 -23.704 -30
4 16 -30.75 -23.704 -30 -30.75 -23.704 -32.5 -30.559 -24.661 -32.5 -30.559 -24.661 -30
4 16 -30.559 -24.661 -32.5 -30.559 -24.661 -47.5 -30.018 -25.472 -47.5 -30.018 -25.472 -32.5
4 16 -30.018 -25.472 -47.5 -30.018 -25.472 -50 -29.206 -26.014 -50 -29.206 -26.014 -47.5
3 16 -28.25 -23.704 -50 -28.25 -26.204 -50 -29.206 -26.014 -50
4 16 -5.197 2.153 -32.5 -3.977 3.977 -32.5 -3.977 3.977 -47.5 -5.197 2.153 -47.5
3 16 -5.197 2.153 -32.5 -5.625 0 -32.5 -29.206 -21.395 -32.5
4 16 -29.206 -21.395 -32.5 -29.206 -21.395 -47.5 -30.018 -21.937 -47.5 -30.018 -21.937 -32.5
4 16 -30.018 -21.937 -32.5 -30.018 -21.937 -47.5 -30.559 -22.748 -47.5 -30.559 -22.748 -32.5
4 16 -30.559 -22.748 -30 -30.559 -22.748 -32.5 -30.75 -23.704 -32.5 -30.75 -23.704 -30
4 16 -30.75 -23.704 -32.5 -30.75 -23.704 -47.5 -30.559 -24.661 -47.5 -30.559 -24.661 -32.5
4 16 -30.559 -24.661 -47.5 -30.559 -24.661 -50 -30.018 -25.472 -50 -30.018 -25.472 -47.5
3 16 -28.25 -23.704 -50 -29.206 -26.014 -50 -30.018 -25.472 -50
4 16 2.153 5.197 -47.5 2.153 5.197 -50 0 5.625 -50 0 5.625 -47.5
4 16 -3.977 3.977 -47.5 -3.977 3.977 -50 -30.018 -21.937 -50 -30.018 -21.937 -47.5
3 16 -28.25 -23.704 -50 -3.977 3.977 -50 -2.153 5.197 -50
4 16 -5.625 0 -32.5 -5.197 2.153 -32.5 -5.197 2.153 -47.5 -5.625 0 -47.5
4 16 -28.25 -21.204 -32.5 -29.206 -21.395 -32.5 -5.625 0 -32.5 -5.197 -2.153 -32.5
4 16 -28.25 -21.204 -32.5 -28.25 -21.204 -47.5 -29.206 -21.395 -47.5 -29.206 -21.395 -32.5
4 16 -30.018 -21.937 -47.5 -30.018 -21.937 -50 -30.559 -22.748 -50 -30.559 -22.748 -47.5
4 16 -30.559 -22.748 -32.5 -30.559 -22.748 -47.5 -30.75 -23.704 -47.5 -30.75 -23.704 -32.5
4 16 -30.75 -23.704 -47.5 -30.75 -23.704 -50 -30.559 -24.661 -50 -30.559 -24.661 -47.5
3 16 -28.25 -23.704 -50 -30.018 -25.472 -50 -30.559 -24.661 -50
3 16 -28.25 -23.704 -50 0 5.625 -50 2.153 5.197 -50
3 16 -3.977 3.977 -50 -28.25 -23.704 -50 -30.018 -21.937 -50
3 16 -28.25 -23.704 -50 -2.153 5.197 -50 0 5.625 -50
4 16 -5.197 -2.153 -32.5 -5.625 0 -32.5 -5.625 0 -47.5 -5.197 -2.153 -47.5
4 16 -5.197 -2.153 -47.5 -28.25 -21.204 -47.5 -28.25 -21.204 -32.5 -5.197 -2.153 -32.5
3 16 -28.25 -23.704 -50 -30.559 -22.748 -50 -30.018 -21.937 -50
4 16 -30.559 -22.748 -47.5 -30.559 -22.748 -50 -30.75 -23.704 -50 -30.75 -23.704 -47.5
3 16 -28.25 -23.704 -50 -30.559 -24.661 -50 -30.75 -23.704 -50
3 16 -28.25 -23.704 -50 -30.75 -23.704 -50 -30.559 -22.748 -50
3 16 0 0 -47.5 0 -3.125 -47.5 1.196 -2.887 -47.5
3 16 0 0 -47.5 -1.196 -2.887 -47.5 0 -3.125 -47.5
3 16 0 0 -47.5 1.196 -2.887 -47.5 2.21 -2.21 -47.5
4 16 0 -3.125 -12.5 1.196 -2.887 -12.5 1.196 -2.887 -47.5 0 -3.125 -47.5
3 16 0 0 -47.5 -2.21 -2.21 -47.5 -1.196 -2.887 -47.5
3 16 0 0 -47.5 2.21 -2.21 -47.5 2.887 -1.196 -47.5
3 16 0 0 -47.5 -2.887 -1.196 -47.5 -2.21 -2.21 -47.5
3 16 0 0 -47.5 2.887 -1.196 -47.5 3.125 0 -47.5
3 16 0 0 -47.5 -3.125 0 -47.5 -2.887 -1.196 -47.5
4 16 -3.125 4.547 -12.5 -3.977 3.977 -10 -2.153 5.197 -10 -2.153 5.197 -12.5
3 16 -3.125 4.547 -12.5 -3.977 3.977 -12.5 -3.977 3.977 -10
4 16 -3.125 4.547 -30 -3.977 3.977 -30 -3.977 3.977 -12.5 -3.125 4.547 -12.5
3 16 3.125 4.547 -12.5 2.153 5.197 -12.5 2.153 5.197 -10
4 16 3.125 4.547 -30 3.977 3.977 -30 3.977 3.977 -50 3.125 4.547 -47.5
4 16 3.125 4.547 -47.5 3.977 3.977 -50 2.153 5.197 -50 2.153 5.197 -47.5
4 16 -1.196 -2.887 -12.5 0 -3.125 -12.5 0 -3.125 -47.5 -1.196 -2.887 -47.5
4 16 1.196 -2.887 -12.5 2.21 -2.21 -12.5 2.21 -2.21 -47.5 1.196 -2.887 -47.5
4 16 -2.21 -2.21 -12.5 -1.196 -2.887 -12.5 -1.196 -2.887 -47.5 -2.21 -2.21 -47.5
4 16 2.21 -2.21 -12.5 2.887 -1.196 -12.5 2.887 -1.196 -47.5 2.21 -2.21 -47.5
4 16 -2.887 -1.196 -12.5 -2.21 -2.21 -12.5 -2.21 -2.21 -47.5 -2.887 -1.196 -47.5
4 16 2.887 -1.196 -12.5 3.125 0 -12.5 3.125 0 -47.5 2.887 -1.196 -47.5
4 16 -2.153 5.197 -47.5 -3.125 4.547 -47.5 -3.125 0 -47.5 0 0 -47.5
4 16 -3.125 0 -12.5 -2.887 -1.196 -12.5 -2.887 -1.196 -47.5 -3.125 0 -47.5
4 16 -45.293 2.31 10 -45.293 2.31 -10 -46.25 2.5 -10 -46.25 2.5 10
4 16 -45.293 2.31 10 -46.25 2.5 10 -46.25 5.625 10 -44.097 5.197 10
4 16 -47.207 -2.31 10 -46.25 -2.5 10 -46.25 -5.625 10 -48.403 -5.197 10
4 16 -50.227 3.977 10 -51.447 2.153 10 -51.447 2.153 12.5 -50.227 3.977 12.5
4 16 -43.75 0 -10 -43.94 -0.957 -10 -41.703 -3.125 -10 -41.703 3.125 -10
4 16 -43.94 -0.957 -10 -44.482 -1.768 -10 -42.272 -3.977 -10 -41.703 -3.125 -10
3 16 -41.703 -3.125 12.5 -41.703 3.125 12.5 -46.25 0 12.5
3 16 -50.227 3.977 12.5 -51.447 2.153 12.5 -46.25 0 12.5
3 16 -41.703 3.125 -12.5 -41.703 -3.125 -12.5 -46.25 0 -12.5
3 16 -50.227 -3.977 -12.5 -51.447 -2.153 -12.5 -46.25 0 -12.5
4 16 -8.75 1.875 10 -8.75 1.875 -10 -37.5 1.875 -10 -37.5 1.875 10
4 16 -8.75 1.875 10 -37.5 1.875 10 -37.5 3.125 10 -8.75 3.125 10
4 16 -8.75 1.875 -10 -8.75 1.875 10 -8.75 3.125 10 -8.75 3.125 -10
4 16 -37.5 1.875 -10 -8.75 1.875 -10 -8.75 3.125 -10 -37.5 3.125 -10
4 16 -37.5 1.875 10 -37.5 1.875 -10 -37.5 3.125 -10 -37.5 3.125 10
4 16 -8.75 3.125 10 -37.5 3.125 10 -40 3.125 12.5 -6.25 3.125 12.5
4 16 -6.25 3.125 10 -6.25 3.125 -10 -8.75 3.125 -10 -8.75 3.125 10
4 16 -37.5 3.125 -10 -8.75 3.125 -10 -6.25 3.125 -12.5 -40 3.125 -12.5
4 16 -40 3.125 -10 -40 3.125 10 -37.5 3.125 10 -37.5 3.125 -10
3 16 -8.75 3.125 10 -6.25 3.125 12.5 -6.25 3.125 10
3 16 -40 3.125 12.5 -37.5 3.125 10 -40 3.125 10
4 16 -6.25 -3.125 12.5 -6.25 3.125 12.5 -40 3.125 12.5 -40 -3.125 12.5
4 16 -6.25 3.125 10 -6.25 -3.125 10 -6.25 -3.125 -10 -6.25 3.125 -10
3 16 -6.25 3.125 -12.5 -8.75 3.125 -10 -6.25 3.125 -10
3 16 -37.5 3.125 -10 -40 3.125 -12.5 -40 3.125 -10
4 16 -6.25 3.125 -12.5 -6.25 -3.125 -12.5 -40 -3.125 -12.5 -40 3.125 -12.5
4 16 -40 3.125 -10 -40 -3.125 -10 -40 -3.125 10 -40 3.125 10
4 16 1.768 -1.768 -10 1.768 -1.768 10 0.957 -2.31 10 0.957 -2.31 -10
4 16 -37.5 -3.125 10 -8.75 -3.125 10 -6.25 -3.125 12.5 -40 -3.125 12.5
4 16 0 -2.5 10 0.957 -2.31 10 2.153 -5.197 10 0 -5.625 10
4 16 -0.957 -2.31 -10 -1.768 -1.768 -10 -3.977 -3.977 -10 -2.153 -5.197 -10
4 16 -6.25 -3.125 10 -8.75 -3.125 10 -8.75 -3.125 -10 -6.25 -3.125 -10
4 16 -0.957 -2.31 10 0 -2.5 10 0 -5.625 10 -2.153 -5.197 10
4 16 0 -2.5 -10 0 -2.5 10 -0.957 -2.31 10 -0.957 -2.31 -10
4 16 -8.75 -3.125 -10 -37.5 -3.125 -10 -40 -3.125 -12.5 -6.25 -3.125 -12.5
4 16 -40 -3.125 10 -40 -3.125 -10 -37.5 -3.125 -10 -37.5 -3.125 10
3 16 -37.5 -3.125 10 -40 -3.125 12.5 -40 -3.125 10
4 16 -37.5 -1.875 10 -8.75 -1.875 10 -8.75 -3.125 10 -37.5 -3.125 10
3 16 -8.75 -3.125 10 -6.25 -3.125 10 -6.25 -3.125 12.5
4 16 -8.75 -1.875 10 -8.75 -1.875 -10 -8.75 -3.125 -10 -8.75 -3.125 10
3 16 -8.75 -3.125 -10 -6.25 -3.125 -12.5 -6.25 -3.125 -10
4 16 -0.957 -2.31 -10 -0.957 -2.31 10 -1.768 -1.768 10 -1.768 -1.768 -10
4 16 0.957 -2.31 -10 0.957 -2.31 10 0 -2.5 10 0 -2.5 -10
4 16 -8.75 -1.875 -10 -37.5 -1.875 -10 -37.5 -3.125 -10 -8.75 -3.125 -10
3 16 -40 -3.125 -12.5 -37.5 -3.125 -10 -40 -3.125 -10
4 16 -37.5 -1.875 -10 -37.5 -1.875 10 -37.5 -3.125 10 -37.5 -3.125 -10
4 16 -8.75 -1.875 10 -37.5 -1.875 10 -37.5 -1.875 -10 -8.75 -1.875 -10
4 16 -47.207 -2.31 -10 -48.018 -1.768 -10 -50.227 -3.977 -10 -48.403 -5.197 -10
4 16 -48.018 -1.768 -10 -48.56 -0.957 -10 -51.447 -2.153 -10 -50.227 -3.977 -10
4 16 -48.75 0 10 -48.56 -0.957 10 -51.447 -2.153 10 -51.875 0 10
4 16 -40 3.125 -10 -40 3.125 -12.5 -41.703 3.125 -12.5 -41.703 3.125 -10
4 16 -43.94 0.957 10 -43.94 0.957 -10 -44.482 1.768 -10 -44.482 1.768 10
4 16 -44.482 1.768 -10 -43.94 0.957 -10 -41.703 3.125 -10 -42.272 3.977 -10
3 16 -43.94 0.957 -10 -43.75 0 -10 -41.703 3.125 -10
4 16 -1.768 -1.768 10 -0.957 -2.31 10 -2.153 -5.197 10 -3.977 -3.977 10
4 16 -2.153 -5.197 10 0 -5.625 10 0 -5.625 12.5 -2.153 -5.197 12.5
4 16 -1.768 -1.768 -10 -1.768 -1.768 10 -2.31 -0.957 10 -2.31 -0.957 -10
4 16 2.31 -0.957 -10 2.31 -0.957 10 1.768 -1.768 10 1.768 -1.768 -10
4 16 0.957 -2.31 10 1.768 -1.768 10 3.977 -3.977 10 2.153 -5.197 10
4 16 0 -5.625 10 2.153 -5.197 10 2.153 -5.197 12.5 0 -5.625 12.5
4 16 -4.547 3.125 10 -4.547 3.125 12.5 -3.977 3.977 12.5 -3.977 3.977 10
4 16 -3.977 -3.977 10 -2.153 -5.197 10 -2.153 -5.197 12.5 -3.977 -3.977 12.5
3 16 -2.153 -5.197 12.5 0 -5.625 12.5 0 0 12.5
4 16 -2.31 -0.957 -10 -2.31 -0.957 10 -2.5 0 10 -2.5 0 -10
4 16 2.5 0 -10 2.5 0 10 2.31 -0.957 10 2.31 -0.957 -10
4 16 1.768 -1.768 10 2.31 -0.957 10 5.197 -2.153 10 3.977 -3.977 10
4 16 2.153 -5.197 10 3.977 -3.977 10 3.977 -3.977 12.5 2.153 -5.197 12.5
3 16 0 -5.625 12.5 2.153 -5.197 12.5 0 0 12.5
3 16 -3.977 -3.977 12.5 -2.153 -5.197 12.5 0 0 12.5
4 16 -2.5 0 -10 -2.5 0 10 -2.31 0.957 10 -2.31 0.957 -10
4 16 2.31 0.957 -10 2.31 0.957 10 2.5 0 10 2.5 0 -10
4 16 2.31 -0.957 10 2.5 0 10 5.625 0 10 5.197 -2.153 10
4 16 3.977 -3.977 10 5.197 -2.153 10 5.197 -2.153 12.5 3.977 -3.977 12.5
3 16 2.153 -5.197 12.5 3.977 -3.977 12.5 0 0 12.5
3 16 -3.977 3.977 12.5 -4.547 3.125 12.5 0 0 12.5
4 16 -2.31 0.957 -10 -2.31 0.957 10 -1.768 1.768 10 -1.768 1.768 -10
3 16 -5.197 2.153 -12.5 -4.547 3.125 -12.5 -3.977 3.977 -30
4 16 -1.768 1.768 10 -2.31 0.957 10 -4.547 3.125 10 -3.977 3.977 10
4 16 1.768 1.768 -10 1.768 1.768 10 2.31 0.957 10 2.31 0.957 -10
4 16 2.5 0 10 2.31 0.957 10 5.197 2.153 10 5.625 0 10
4 16 5.197 -2.153 10 5.625 0 10 5.625 0 12.5 5.197 -2.153 12.5
3 16 3.977 -3.977 12.5 5.197 -2.153 12.5 0 0 12.5
4 16 -4.547 3.125 10 -2.31 0.957 10 -2.5 0 10 -4.547 -3.125 10
4 16 -1.768 1.768 -10 -1.768 1.768 10 -0.957 2.31 10 -0.957 2.31 -10
4 16 -1.768 1.768 -10 -0.957 2.31 -10 -2.153 5.197 -10 -3.977 3.977 -10
4 16 -4.547 -3.125 12.5 -4.547 -3.125 10 -3.977 -3.977 10 -3.977 -3.977 12.5
4 16 0.957 2.31 -10 0.957 2.31 10 1.768 1.768 10 1.768 1.768 -10
4 16 2.31 0.957 10 1.768 1.768 10 3.977 3.977 10 5.197 2.153 10
4 16 5.625 0 10 5.197 2.153 10 5.197 2.153 12.5 5.625 0 12.5
3 16 5.197 -2.153 12.5 5.625 0 12.5 0 0 12.5
4 16 -0.957 2.31 10 -1.768 1.768 10 -3.977 3.977 10 -2.153 5.197 10
4 16 -4.547 -3.125 -10 -2.31 -0.957 -10 -2.5 0 -10 -4.547 3.125 -10
4 16 -0.957 2.31 -10 -0.957 2.31 10 0 2.5 10 0 2.5 -10
4 16 -0.957 2.31 -10 0 2.5 -10 0 5.625 -10 -2.153 5.197 -10
4 16 0 2.5 -10 0 2.5 10 0.957 2.31 10 0.957 2.31 -10
4 16 1.768 1.768 10 0.957 2.31 10 2.153 5.197 10 3.977 3.977 10
4 16 5.197 2.153 10 3.977 3.977 10 3.977 3.977 12.5 5.197 2.153 12.5
3 16 5.625 0 12.5 5.197 2.153 12.5 0 0 12.5
4 16 0 2.5 10 -0.957 2.31 10 -2.153 5.197 10 0 5.625 10
4 16 -2.153 5.197 10 -3.977 3.977 10 -3.977 3.977 12.5 -2.153 5.197 12.5
3 16 -4.547 3.125 12.5 -4.547 -3.125 12.5 0 0 12.5
4 16 0 2.5 -10 0.957 2.31 -10 2.153 5.197 -10 0 5.625 -10
4 16 -2.153 5.197 -10 0 5.625 -10 0 5.625 -12.5 -2.153 5.197 -12.5
3 16 -2.153 5.197 -12.5 0 5.625 -12.5 0 0 -12.5
4 16 0.957 2.31 10 0 2.5 10 0 5.625 10 2.153 5.197 10
4 16 3.977 3.977 10 2.153 5.197 10 2.153 5.197 12.5 3.977 3.977 12.5
3 16 5.197 2.153 12.5 3.977 3.977 12.5 0 0 12.5
4 16 0 5.625 10 -2.153 5.197 10 -2.153 5.197 12.5 0 5.625 12.5
3 16 -2.153 5.197 12.5 -3.977 3.977 12.5 0 0 12.5
4 16 0 5.625 -10 2.153 5.197 -10 2.153 5.197 -12.5 0 5.625 -12.5
3 16 -6.25 -3.125 -12.5 -5.197 -2.153 -12.5 -4.547 -3.125 -12.5
4 16 2.153 5.197 10 0 5.625 10 0 5.625 12.5 2.153 5.197 12.5
3 16 3.977 3.977 12.5 2.153 5.197 12.5 0 0 12.5
3 16 0 5.625 12.5 -2.153 5.197 12.5 0 0 12.5
3 16 -5.625 0 -12.5 -5.197 -2.153 -12.5 -6.25 -3.125 -12.5
3 16 2.153 5.197 12.5 0 5.625 12.5 0 0 12.5
3 16 -4.547 -3.125 10 -2.5 0 10 -2.31 -0.957 10
3 16 -4.547 3.125 -12.5 -3.977 3.977 -12.5 -3.977 3.977 -30
3 16 -4.547 3.125 -10 -2.5 0 -10 -2.31 0.957 -10
4 16 -1.768 -1.768 -10 -2.31 -0.957 -10 -4.547 -3.125 -10 -3.977 -3.977 -10
3 16 3.125 4.547 -30 3.125 4.547 -47.5 3.125 0 -47.5
3 16 -2.21 -2.21 -12.5 -2.887 -1.196 -12.5 0 0 -12.5
3 16 -3.125 4.547 -12.5 -2.153 5.197 -12.5 0 0 -12.5
4 16 -2.31 -0.957 10 -1.768 -1.768 10 -3.977 -3.977 10 -4.547 -3.125 10
3 16 -4.547 -3.125 12.5 -3.977 -3.977 12.5 0 0 12.5
4 16 -6.25 3.125 -10 -6.25 -3.125 -10 -4.547 -3.125 -10 -4.547 3.125 -10
4 16 -6.25 -3.125 12.5 -6.25 -3.125 10 -4.547 -3.125 10 -4.547 -3.125 12.5
4 16 -6.25 3.125 10 -6.25 3.125 12.5 -4.547 3.125 12.5 -4.547 3.125 10
3 16 -6.25 3.125 -12.5 -4.547 3.125 -12.5 -5.197 2.153 -12.5
4 16 -6.25 3.125 -12.5 -6.25 3.125 -10 -4.547 3.125 -10 -4.547 3.125 -12.5
4 16 -6.25 -3.125 -10 -6.25 -3.125 -12.5 -4.547 -3.125 -12.5 -4.547 -3.125 -10
4 16 -6.25 -3.125 12.5 -4.547 -3.125 12.5 -4.547 3.125 12.5 -6.25 3.125 12.5
4 16 -6.25 -3.125 10 -6.25 3.125 10 -4.547 3.125 10 -4.547 -3.125 10
4 16 -46.25 -2.5 10 -46.25 -2.5 -10 -45.293 -2.31 -10 -45.293 -2.31 10
4 16 -45.293 -2.31 10 -45.293 -2.31 -10 -44.482 -1.768 -10 -44.482 -1.768 10
4 16 -44.482 -1.768 10 -44.482 -1.768 -10 -43.94 -0.957 -10 -43.94 -0.957 10
4 16 -43.94 -0.957 10 -43.94 -0.957 -10 -43.75 0 -10 -43.75 0 10
4 16 -43.75 0 10 -43.75 0 -10 -43.94 0.957 -10 -43.94 0.957 10
4 16 -44.482 1.768 10 -44.482 1.768 -10 -45.293 2.31 -10 -45.293 2.31 10
4 16 -46.25 2.5 10 -46.25 2.5 -10 -47.207 2.31 -10 -47.207 2.31 10
4 16 -47.207 2.31 10 -47.207 2.31 -10 -48.018 1.768 -10 -48.018 1.768 10
4 16 -48.018 1.768 10 -48.018 1.768 -10 -48.56 0.957 -10 -48.56 0.957 10
4 16 -48.56 0.957 10 -48.56 0.957 -10 -48.75 0 -10 -48.75 0 10
4 16 -48.75 0 10 -48.75 0 -10 -48.56 -0.957 -10 -48.56 -0.957 10
4 16 -48.56 -0.957 10 -48.56 -0.957 -10 -48.018 -1.768 -10 -48.018 -1.768 10
4 16 -47.207 -2.31 10 -47.207 -2.31 -10 -46.25 -2.5 -10 -46.25 -2.5 10
4 16 -48.018 -1.768 10 -48.018 -1.768 -10 -47.207 -2.31 -10 -47.207 -2.31 10
4 16 -46.25 -2.5 10 -45.293 -2.31 10 -44.097 -5.197 10 -46.25 -5.625 10
4 16 -48.018 1.768 10 -48.56 0.957 10 -51.447 2.153 10 -50.227 3.977 10
4 16 -44.482 -1.768 10 -43.94 -0.957 10 -41.703 -3.125 10 -42.272 -3.977 10
4 16 -48.56 -0.957 10 -48.018 -1.768 10 -50.227 -3.977 10 -51.447 -2.153 10
4 16 -46.25 2.5 10 -47.207 2.31 10 -48.403 5.197 10 -46.25 5.625 10
4 16 -48.56 0.957 10 -48.75 0 10 -51.875 0 10 -51.447 2.153 10
4 16 -43.94 -0.957 10 -43.75 0 10 -41.703 3.125 10 -41.703 -3.125 10
4 16 -48.018 -1.768 10 -47.207 -2.31 10 -48.403 -5.197 10 -50.227 -3.977 10
4 16 -44.482 1.768 10 -45.293 2.31 10 -44.097 5.197 10 -42.272 3.977 10
4 16 -47.207 2.31 10 -48.018 1.768 10 -50.227 3.977 10 -48.403 5.197 10
4 16 -45.293 -2.31 10 -44.482 -1.768 10 -42.272 -3.977 10 -44.097 -5.197 10
4 16 -44.097 5.197 10 -46.25 5.625 10 -46.25 5.625 12.5 -44.097 5.197 12.5
4 16 -50.227 -3.977 10 -48.403 -5.197 10 -48.403 -5.197 12.5 -50.227 -3.977 12.5
4 16 -44.097 -5.197 10 -42.272 -3.977 10 -42.272 -3.977 12.5 -44.097 -5.197 12.5
4 16 -51.875 0 10 -51.447 -2.153 10 -51.447 -2.153 12.5 -51.875 0 12.5
4 16 -46.25 5.625 10 -48.403 5.197 10 -48.403 5.197 12.5 -46.25 5.625 12.5
4 16 -42.272 3.977 10 -44.097 5.197 10 -44.097 5.197 12.5 -42.272 3.977 12.5
4 16 -48.403 -5.197 10 -46.25 -5.625 10 -46.25 -5.625 12.5 -48.403 -5.197 12.5
4 16 -42.272 -3.977 10 -41.703 -3.125 10 -41.703 -3.125 12.5 -42.272 -3.977 12.5
4 16 -51.447 -2.153 10 -50.227 -3.977 10 -50.227 -3.977 12.5 -51.447 -2.153 12.5
4 16 -46.25 -5.625 10 -44.097 -5.197 10 -44.097 -5.197 12.5 -46.25 -5.625 12.5
4 16 -51.447 2.153 10 -51.875 0 10 -51.875 0 12.5 -51.447 2.153 12.5
4 16 -48.403 5.197 10 -50.227 3.977 10 -50.227 3.977 12.5 -48.403 5.197 12.5
4 16 -45.293 2.31 -10 -44.482 1.768 -10 -42.272 3.977 -10 -44.097 5.197 -10
4 16 -48.018 1.768 -10 -47.207 2.31 -10 -48.403 5.197 -10 -50.227 3.977 -10
4 16 -44.482 -1.768 -10 -45.293 -2.31 -10 -44.097 -5.197 -10 -42.272 -3.977 -10
4 16 -48.56 -0.957 -10 -48.75 0 -10 -51.875 0 -10 -51.447 -2.153 -10
4 16 -46.25 -2.5 -10 -47.207 -2.31 -10 -48.403 -5.197 -10 -46.25 -5.625 -10
4 16 -45.293 -2.31 -10 -46.25 -2.5 -10 -46.25 -5.625 -10 -44.097 -5.197 -10
4 16 -46.25 2.5 -10 -45.293 2.31 -10 -44.097 5.197 -10 -46.25 5.625 -10
4 16 -48.56 0.957 -10 -48.018 1.768 -10 -50.227 3.977 -10 -51.447 2.153 -10
4 16 -40 -3.125 -10 -40 3.125 -10 -41.703 3.125 -10 -41.703 -3.125 -10
4 16 -47.207 2.31 -10 -46.25 2.5 -10 -46.25 5.625 -10 -48.403 5.197 -10
4 16 -48.75 0 -10 -48.56 0.957 -10 -51.447 2.153 -10 -51.875 0 -10
4 16 -51.447 2.153 -10 -50.227 3.977 -10 -50.227 3.977 -12.5 -51.447 2.153 -12.5
4 16 -48.403 5.197 -10 -46.25 5.625 -10 -46.25 5.625 -12.5 -48.403 5.197 -12.5
4 16 -44.097 5.197 -10 -42.272 3.977 -10 -42.272 3.977 -12.5 -44.097 5.197 -12.5
4 16 -46.25 -5.625 -10 -48.403 -5.197 -10 -48.403 -5.197 -12.5 -46.25 -5.625 -12.5
4 16 -41.703 -3.125 -10 -42.272 -3.977 -10 -42.272 -3.977 -12.5 -41.703 -3.125 -12.5
4 16 -50.227 -3.977 -10 -51.447 -2.153 -10 -51.447 -2.153 -12.5 -50.227 -3.977 -12.5
4 16 -44.097 -5.197 -10 -46.25 -5.625 -10 -46.25 -5.625 -12.5 -44.097 -5.197 -12.5
4 16 -51.875 0 -10 -51.447 2.153 -10 -51.447 2.153 -12.5 -51.875 0 -12.5
4 16 -50.227 3.977 -10 -48.403 5.197 -10 -48.403 5.197 -12.5 -50.227 3.977 -12.5
4 16 -46.25 5.625 -10 -44.097 5.197 -10 -44.097 5.197 -12.5 -46.25 5.625 -12.5
4 16 -48.403 -5.197 -10 -50.227 -3.977 -10 -50.227 -3.977 -12.5 -48.403 -5.197 -12.5
4 16 -42.272 -3.977 -10 -44.097 -5.197 -10 -44.097 -5.197 -12.5 -42.272 -3.977 -12.5
4 16 -51.447 -2.153 -10 -51.875 0 -10 -51.875 0 -12.5 -51.447 -2.153 -12.5
3 16 -46.25 5.625 12.5 -48.403 5.197 12.5 -46.25 0 12.5
3 16 -42.272 3.977 12.5 -44.097 5.197 12.5 -46.25 0 12.5
3 16 -48.403 -5.197 12.5 -46.25 -5.625 12.5 -46.25 0 12.5
3 16 -42.272 -3.977 12.5 -41.703 -3.125 12.5 -46.25 0 12.5
3 16 -51.447 -2.153 12.5 -50.227 -3.977 12.5 -46.25 0 12.5
3 16 -46.25 -5.625 12.5 -44.097 -5.197 12.5 -46.25 0 12.5
3 16 -51.447 2.153 12.5 -51.875 0 12.5 -46.25 0 12.5
3 16 -48.403 5.197 12.5 -50.227 3.977 12.5 -46.25 0 12.5
3 16 -44.097 5.197 12.5 -46.25 5.625 12.5 -46.25 0 12.5
3 16 -50.227 -3.977 12.5 -48.403 -5.197 12.5 -46.25 0 12.5
3 16 -44.097 -5.197 12.5 -42.272 -3.977 12.5 -46.25 0 12.5
3 16 -51.875 0 12.5 -51.447 -2.153 12.5 -46.25 0 12.5
3 16 -44.097 -5.197 -12.5 -46.25 -5.625 -12.5 -46.25 0 -12.5
3 16 -51.875 0 -12.5 -51.447 2.153 -12.5 -46.25 0 -12.5
3 16 -50.227 3.977 -12.5 -48.403 5.197 -12.5 -46.25 0 -12.5
3 16 -46.25 5.625 -12.5 -44.097 5.197 -12.5 -46.25 0 -12.5
4 16 -40 3.125 12.5 -40 3.125 10 -41.703 3.125 10 -41.703 3.125 12.5
3 16 -48.403 -5.197 -12.5 -50.227 -3.977 -12.5 -46.25 0 -12.5
3 16 -42.272 -3.977 -12.5 -44.097 -5.197 -12.5 -46.25 0 -12.5
3 16 -51.447 -2.153 -12.5 -51.875 0 -12.5 -46.25 0 -12.5
3 16 -51.447 2.153 -12.5 -50.227 3.977 -12.5 -46.25 0 -12.5
3 16 -48.403 5.197 -12.5 -46.25 5.625 -12.5 -46.25 0 -12.5
3 16 -44.097 5.197 -12.5 -42.272 3.977 -12.5 -46.25 0 -12.5
3 16 -46.25 -5.625 -12.5 -48.403 -5.197 -12.5 -46.25 0 -12.5
3 16 -41.703 -3.125 -12.5 -42.272 -3.977 -12.5 -46.25 0 -12.5
4 16 -41.703 3.125 10 -42.272 3.977 10 -42.272 3.977 12.5 -41.703 3.125 12.5
3 16 -43.75 0 10 -43.94 0.957 10 -41.703 3.125 10
4 16 -43.94 0.957 10 -44.482 1.768 10 -42.272 3.977 10 -41.703 3.125 10
3 16 -42.272 3.977 -12.5 -41.703 3.125 -12.5 -46.25 0 -12.5
4 16 -40 3.125 12.5 -41.703 3.125 12.5 -41.703 -3.125 12.5 -40 -3.125 12.5
4 16 -41.703 3.125 -10 -41.703 3.125 -12.5 -42.272 3.977 -12.5 -42.272 3.977 -10
3 16 2.887 -1.196 -12.5 2.21 -2.21 -12.5 0 0 -12.5
3 16 -2.887 -1.196 -12.5 -3.125 0 -12.5 0 0 -12.5
4 16 0 5.625 -47.5 0 5.625 -50 -2.153 5.197 -50 -2.153 5.197 -47.5
3 16 3.125 0 -12.5 2.887 -1.196 -12.5 0 0 -12.5
3 16 0 0 -12.5 2.153 5.197 -12.5 3.125 4.547 -12.5
4 16 -3.125 4.547 -47.5 -2.153 5.197 -47.5 -2.153 5.197 -50 -3.977 3.977 -50
3 16 -1.196 -2.887 -12.5 -2.21 -2.21 -12.5 0 0 -12.5
3 16 0 5.625 -47.5 0 0 -47.5 2.153 5.197 -47.5
3 16 2.21 -2.21 -12.5 1.196 -2.887 -12.5 0 0 -12.5
3 16 -3.125 0 -47.5 -3.125 4.547 -47.5 -3.125 4.547 -30
4 16 -3.125 4.547 -47.5 -3.977 3.977 -47.5 -3.977 3.977 -32.5 -3.125 4.547 -30
3 16 0 -3.125 -12.5 -1.196 -2.887 -12.5 0 0 -12.5
3 16 -3.125 4.547 -30 -3.977 3.977 -32.5 -3.977 3.977 -30
3 16 -3.125 0 -12.5 -3.125 4.547 -12.5 0 0 -12.5
3 16 1.196 -2.887 -12.5 0 -3.125 -12.5 0 0 -12.5
3 16 -3.977 3.977 -50 -3.977 3.977 -47.5 -3.125 4.547 -47.5
3 16 3.125 4.547 -12.5 3.125 0 -12.5 0 0 -12.5
3 16 0 5.625 -12.5 2.153 5.197 -12.5 0 0 -12.5
3 16 -6.25 3.125 -12.5 -5.625 0 -12.5 -6.25 -3.125 -12.5
3 16 -5.197 2.153 -12.5 -5.625 0 -12.5 -6.25 3.125 -12.5
4 16 -4.547 3.125 -12.5 -4.547 3.125 -10 -3.977 3.977 -10 -3.977 3.977 -12.5
4 16 -4.547 3.125 -10 -2.31 0.957 -10 -1.768 1.768 -10 -3.977 3.977 -10
4 16 -2.153 -5.197 -10 -2.153 -5.197 -30 0 -5.625 -30 0 -5.625 -10
4 16 -3.977 -3.977 -10 -3.977 -3.977 -30 -2.153 -5.197 -30 -2.153 -5.197 -10
3 16 5.197 -2.153 -30 3.977 -3.977 -30 3.977 -3.977 -32.5
4 16 5.197 -2.153 -10 5.197 -2.153 -30 5.625 0 -30 5.625 0 -10
4 16 5.197 -2.153 -30 3.977 -3.977 -32.5 3.977 -3.977 -47.5 5.197 -2.153 -50
4 16 5.625 0 -10 5.625 0 -30 5.197 2.153 -30 5.197 2.153 -10
4 16 5.625 0 -30 5.197 -2.153 -30 5.197 -2.153 -50 5.625 0 -50
3 16 5.197 -2.153 -50 3.977 -3.977 -47.5 3.977 -3.977 -50
4 16 5.197 2.153 -10 5.197 2.153 -30 3.977 3.977 -30 3.977 3.977 -10
4 16 5.197 2.153 -30 5.625 0 -30 5.625 0 -50 5.197 2.153 -50
4 16 3.977 3.977 -30 5.197 2.153 -30 5.197 2.153 -50 3.977 3.977 -50
3 16 -28.25 -23.704 -50 5.625 0 -50 5.197 -2.153 -50
3 16 -28.25 -23.704 -50 5.197 2.153 -50 5.625 0 -50
3 16 -28.25 -23.704 -50 3.977 3.977 -50 5.197 2.153 -50
3 16 -28.25 -23.704 -50 2.153 5.197 -50 3.977 3.977 -50
3 16 -5.625 0 -47.5 -5.197 2.153 -47.5 -29.206 -21.395 -47.5
4 16 3.125 4.547 -30 3.125 0 -47.5 3.125 0 -12.5 3.125 4.547 -12.5
3 16 0 0 -47.5 0 5.625 -47.5 -2.153 5.197 -47.5
3 16 3.125 4.547 -12.5 2.153 5.197 -10 3.977 3.977 -10
4 16 0 -2.5 -10 -0.957 -2.31 -10 -2.153 -5.197 -10 0 -5.625 -10
4 16 0.957 -2.31 -10 0 -2.5 -10 0 -5.625 -10 2.153 -5.197 -10
4 16 1.768 -1.768 -10 0.957 -2.31 -10 2.153 -5.197 -10 3.977 -3.977 -10
4 16 2.31 -0.957 -10 1.768 -1.768 -10 3.977 -3.977 -10 5.197 -2.153 -10
4 16 2.5 0 -10 2.31 -0.957 -10 5.197 -2.153 -10 5.625 0 -10
4 16 2.31 0.957 -10 2.5 0 -10 5.625 0 -10 5.197 2.153 -10
4 16 1.768 1.768 -10 2.31 0.957 -10 5.197 2.153 -10 3.977 3.977 -10
4 16 0.957 2.31 -10 1.768 1.768 -10 3.977 3.977 -10 2.153 5.197 -10
4 16 3.125 4.547 -12.5 3.977 3.977 -10 3.977 3.977 -30 3.125 4.547 -30
3 16 -4.547 -3.125 -10 -4.547 -3.125 -12.5 -3.977 -3.977 -10
3 16 -4.547 -3.125 -30 -3.977 -3.977 -30 -4.547 -3.125 -21.25
4 16 -4.547 -3.125 -12.5 -4.547 -3.125 -21.25 -3.977 -3.977 -30 -3.977 -3.977 -10
4 16 -4.547 -3.125 -30 -4.547 -3.125 -21.25 -5.019 -3.308 -21.25 -5.019 -3.308 -30
4 16 -3.977 3.977 -47.5 -30.018 -21.937 -47.5 -29.206 -21.395 -47.5 -5.197 2.153 -47.5
4 16 -28.25 -21.204 -47.5 -5.197 -2.153 -47.5 -5.625 0 -47.5 -29.206 -21.395 -47.5
3 16 -4.547 -3.125 -21.25 -5.197 -2.153 -21.25 -5.019 -3.308 -21.25
4 16 -5.197 -2.153 -30 -5.019 -3.308 -30 -5.019 -3.308 -21.25 -5.197 -2.153 -21.25
4 16 -5.197 -2.153 -21.25 -4.547 -3.125 -21.25 -4.547 -3.125 -12.5 -5.197 -2.153 -12.5
3 16 -5.197 -2.153 -30 -4.547 -3.125 -30 -5.019 -3.308 -30
4 16 -40 -3.125 -12.5 -41.703 -3.125 -12.5 -41.703 3.125 -12.5 -40 3.125 -12.5
4 16 -40 3.125 10 -40 -3.125 10 -41.703 -3.125 10 -41.703 3.125 10
4 16 -40 -3.125 -12.5 -40 -3.125 -10 -41.703 -3.125 -10 -41.703 -3.125 -12.5
4 16 -40 -3.125 10 -40 -3.125 12.5 -41.703 -3.125 12.5 -41.703 -3.125 10
4 16 -5.625 0 -12.5 -5.625 0 -30 -5.197 -2.153 -30 -5.197 -2.153 -21.25
3 16 -5.197 -2.153 -12.5 -5.625 0 -12.5 -5.197 -2.153 -21.25
2 24 -48.018 1.768 10 -47.207 2.31 10
2 24 -2.153 -5.197 10 0 -5.625 10
2 24 -37.5 3.125 -10 -8.75 3.125 -10
2 24 -50.227 3.977 -10 -48.403 5.197 -10
2 24 -1.196 -2.887 -47.5 0 -3.125 -47.5
5 24 -29.206 -21.395 -32.5 -29.206 -21.395 -47.5 -30.018 -21.937 -32.5 -28.25 -21.204 -32.5
2 24 -46.25 -5.625 -10 -44.097 -5.197 -10
2 24 -26.482 -25.472 -32.5 -25.94 -24.661 -32.5
5 24 0 5.625 -10 0 5.625 -12.5 -2.153 5.197 -10 2.153 5.197 -10
5 24 -3.977 -3.977 -10 -3.977 -3.977 -30 -2.153 -5.197 -10 -4.547 -3.125 -12.5
5 24 -3.977 3.977 -50 -3.977 3.977 -47.5 -30.018 -21.937 -50 -3.125 4.547 -47.5
2 24 -37.5 3.125 10 -8.75 3.125 10
5 24 5.197 2.153 10 5.197 2.153 12.5 5.625 0 10 3.977 3.977 10
2 24 -48.403 -5.197 12.5 -46.25 -5.625 12.5
2 24 -48.75 0 -10 -48.56 -0.957 -10
2 24 -25.94 -24.661 -47.5 -25.845 -24.183 -47.5
2 24 5.197 -2.153 -10 5.625 0 -10
5 24 5.625 0 -10 5.625 0 -30 5.197 -2.153 -10 5.197 2.153 -10
5 24 -30.018 -21.937 -47.5 -30.018 -21.937 -50 -3.977 3.977 -47.5 -30.559 -22.748 -47.5
2 24 -42.272 3.977 10 -41.703 3.125 10
2 24 -41.703 3.125 10 -41.703 3.125 12.5
2 24 -50.227 -3.977 -10 -48.403 -5.197 -10
5 24 -3.977 3.977 -47.5 -3.977 3.977 -32.5 -5.197 2.153 -47.5 -3.125 4.547 -47.5
2 24 -26.482 -25.472 -30 3.977 -3.977 -30
2 24 -45.293 -2.31 10 -44.482 -1.768 10
2 24 -26.482 -25.472 -47.5 3.977 -3.977 -47.5
2 24 -30.559 -22.748 -50 -30.018 -21.937 -50
2 24 -26.482 -25.472 -32.5 3.977 -3.977 -32.5
5 24 -43.94 -0.957 10 -43.94 -0.957 -10 -44.482 -1.768 10 -43.75 0 10
2 24 1.768 1.768 -10 2.31 0.957 -10
2 24 -3.977 -3.977 10 -2.153 -5.197 10
5 24 0 -3.125 -12.5 0 -3.125 -47.5 1.196 -2.887 -12.5 -1.196 -2.887 -12.5
5 24 -48.75 0 10 -48.75 0 -10 -48.56 0.957 10 -48.56 -0.957 10
2 24 -41.703 -3.125 12.5 -41.703 -3.125 10
2 24 -6.25 -3.125 10 -4.547 -3.125 10
2 24 -25.845 -24.183 -32.5 -2.849 -4.731 -32.5
5 24 -1.768 -1.768 10 -1.768 -1.768 -10 -0.957 -2.31 10 -2.31 -0.957 10
5 24 -46.25 -5.625 -12.5 -46.25 -5.625 -10 -48.403 -5.197 -12.5 -44.097 -5.197 -12.5
5 24 -43.94 0.957 10 -43.94 0.957 -10 -44.482 1.768 10 -43.75 0 10
2 24 -6.25 3.125 10 -4.547 3.125 10
2 24 0 -2.5 -10 0.957 -2.31 -10
2 24 -48.018 -1.768 -10 -47.207 -2.31 -10
2 24 -5.197 2.153 -30 -3.977 3.977 -30
2 24 -5.197 -2.153 -21.25 -4.547 -3.125 -21.25
2 24 -46.25 -2.5 -10 -45.293 -2.31 -10
2 24 -2.153 5.197 -12.5 0 5.625 -12.5
2 24 -43.94 -0.957 10 -43.75 0 10
5 24 5.197 -2.153 12.5 5.197 -2.153 10 3.977 -3.977 12.5 5.625 0 12.5
2 24 -37.5 -3.125 -10 -37.5 -1.875 -10
2 24 -5.019 -3.308 -21.25 -5.019 -3.308 -30
2 24 -2.31 0.957 -10 -1.768 1.768 -10
2 24 2.153 5.197 10 3.977 3.977 10
2 24 -2.5 0 10 -2.31 -0.957 10
5 24 -28.25 -26.204 -30 -28.25 -26.204 -32.5 -27.293 -26.014 -30 -29.206 -26.014 -30
2 24 -47.207 -2.31 10 -46.25 -2.5 10
5 24 -27.293 -26.014 -50 -27.293 -26.014 -47.5 -26.482 -25.472 -50 -28.25 -26.204 -50
5 24 -48.403 -5.197 12.5 -48.403 -5.197 10 -50.227 -3.977 12.5 -46.25 -5.625 12.5
2 24 -27.293 -26.014 -50 -26.482 -25.472 -50
2 24 5.197 -2.153 10 5.625 0 10
2 24 -48.403 -5.197 10 -46.25 -5.625 10
2 24 2.153 5.197 -12.5 3.125 4.547 -12.5
2 24 2.153 -5.197 -10 3.977 -3.977 -10
5 24 -30.75 -23.704 -32.5 -30.75 -23.704 -47.5 -30.559 -24.661 -32.5 -30.559 -22.748 -32.5
2 24 -5.625 0 -12.5 -5.197 -2.153 -12.5
2 24 -37.5 1.875 -10 -37.5 1.875 10
5 24 -28.25 -26.204 -47.5 -28.25 -26.204 -50 -27.293 -26.014 -47.5 -29.206 -26.014 -47.5
2 24 -46.25 5.625 10 -44.097 5.197 10
5 24 -51.875 0 10 -51.875 0 12.5 -51.447 -2.153 10 -51.447 2.153 10
2 24 -37.5 -3.125 -10 -8.75 -3.125 -10
2 24 -46.25 5.625 12.5 -44.097 5.197 12.5
2 24 0 5.625 -10 2.153 5.197 -10
2 24 -5.197 2.153 -47.5 -3.977 3.977 -47.5
5 24 -25.94 -24.661 -32.5 -25.94 -24.661 -47.5 -26.482 -25.472 -32.5 -25.845 -24.183 -32.5
2 24 -30.75 -23.704 -30 -30.559 -22.748 -30
2 24 -27.293 -26.014 -30 -26.482 -25.472 -30
5 24 0 2.5 10 0 2.5 -10 -0.957 2.31 10 0.957 2.31 10
2 24 -2.5 0 -10 -2.31 0.957 -10
2 24 -30.018 -25.472 -30 -29.206 -26.014 -30
5 24 2.153 -5.197 12.5 2.153 -5.197 10 0 -5.625 12.5 3.977 -3.977 12.5
2 24 -29.206 -26.014 -50 -28.25 -26.204 -50
5 24 0 -5.625 12.5 0 -5.625 10 -2.153 -5.197 12.5 2.153 -5.197 12.5
5 24 3.977 3.977 -50 3.977 3.977 -30 3.125 4.547 -47.5 5.197 2.153 -50
2 24 -30.559 -22.748 -30 -30.018 -21.937 -30
5 24 5.197 2.153 -10 5.197 2.153 -30 5.625 0 -10 3.977 3.977 -10
2 24 -5.625 0 -47.5 -5.197 -2.153 -47.5
5 24 2.31 0.957 10 2.31 0.957 -10 2.5 0 10 1.768 1.768 10
5 24 -3.977 3.977 -32.5 -3.977 3.977 -30 -30.018 -21.937 -32.5 -3.125 4.547 -30
2 24 3.125 4.547 -12.5 3.125 4.547 -30
2 24 5.197 2.153 -10 5.625 0 -10
2 24 -41.703 3.125 -10 -40 3.125 -10
2 24 0 -3.125 -12.5 1.196 -2.887 -12.5
2 24 -8.75 3.125 10 -8.75 3.125 -10
2 24 -44.097 -5.197 10 -42.272 -3.977 10
2 24 -48.403 5.197 10 -46.25 5.625 10
2 24 -41.703 -3.125 10 -40 -3.125 10
5 24 -2.153 -5.197 10 -2.153 -5.197 12.5 0 -5.625 10 -3.977 -3.977 10
2 24 2.31 0.957 10 2.5 0 10
5 24 -1.196 -2.887 -12.5 -1.196 -2.887 -47.5 0 -3.125 -12.5 -2.21 -2.21 -12.5
5 24 -44.482 1.768 10 -44.482 1.768 -10 -43.94 0.957 10 -45.293 2.31 10
2 24 -48.56 0.957 10 -48.018 1.768 10
2 24 -37.5 -3.125 10 -8.75 -3.125 10
2 24 -4.547 -3.125 10 -3.977 -3.977 10
2 24 -2.153 -5.197 -10 0 -5.625 -10
5 24 -30.75 -23.704 -30 -30.75 -23.704 -32.5 -30.559 -24.661 -30 -30.559 -22.748 -30
2 24 -0.957 -2.31 10 0 -2.5 10
2 24 -42.272 -3.977 10 -41.703 -3.125 10
2 24 -3.125 0 -47.5 -3.125 4.547 -47.5
2 24 -48.403 5.197 12.5 -46.25 5.625 12.5
2 24 0.957 -2.31 10 1.768 -1.768 10
2 24 0 5.625 -50 2.153 5.197 -50
2 24 -41.703 3.125 10 -40 3.125 10
2 24 -2.153 -5.197 -30 0 -5.625 -30
5 24 5.197 2.153 -30 5.197 2.153 -50 5.625 0 -30 3.977 3.977 -30
2 24 0 -5.625 10 2.153 -5.197 10
2 24 -4.547 3.125 -10 -3.977 3.977 -10
2 24 -51.447 2.153 12.5 -50.227 3.977 12.5
2 24 -6.25 3.125 -12.5 -4.547 3.125 -12.5
2 24 -47.207 2.31 -10 -46.25 2.5 -10
2 24 3.977 -3.977 -50 5.197 -2.153 -50
2 24 -2.21 -2.21 -12.5 -1.196 -2.887 -12.5
5 24 -30.75 -23.704 -47.5 -30.75 -23.704 -50 -30.559 -24.661 -47.5 -30.559 -22.748 -47.5
2 24 -0.957 2.31 10 0 2.5 10
2 24 -51.875 0 10 -51.447 2.153 10
5 24 -46.25 2.5 10 -46.25 2.5 -10 -45.293 2.31 10 -47.207 2.31 10
2 24 -37.5 -1.875 10 -8.75 -1.875 10
5 24 2.21 -2.21 -47.5 2.21 -2.21 -12.5 1.196 -2.887 -47.5 2.887 -1.196 -47.5
2 24 3.977 3.977 12.5 5.197 2.153 12.5
2 24 3.977 -3.977 12.5 5.197 -2.153 12.5
2 24 -41.703 -3.125 -12.5 -40 -3.125 -12.5
2 24 -51.875 0 -10 -51.447 2.153 -10
5 24 -30.559 -22.748 -32.5 -30.559 -22.748 -47.5 -30.018 -21.937 -32.5 -30.75 -23.704 -32.5
5 24 -2.31 -0.957 10 -2.31 -0.957 -10 -1.768 -1.768 10 -2.5 0 10
2 24 -5.019 -3.308 -21.25 -4.547 -3.125 -21.25
2 24 -47.207 -2.31 -10 -46.25 -2.5 -10
2 24 -2.849 -4.731 -47.5 -2.849 -4.731 -32.5
2 24 -3.125 4.547 -47.5 -2.153 5.197 -47.5
5 24 -2.153 5.197 -50 -2.153 5.197 -47.5 0 5.625 -50 -3.977 3.977 -50
2 24 -46.25 5.625 -10 -44.097 5.197 -10
2 24 -30.018 -21.937 -50 -3.977 3.977 -50
2 24 -48.56 0.957 -10 -48.018 1.768 -10
2 24 -48.403 -5.197 -12.5 -46.25 -5.625 -12.5
5 24 5.625 0 12.5 5.625 0 10 5.197 -2.153 12.5 5.197 2.153 12.5
5 24 3.977 -3.977 -50 3.977 -3.977 -47.5 -26.482 -25.472 -50 5.197 -2.153 -50
2 24 2.153 -5.197 -32.5 3.977 -3.977 -32.5
2 24 0 5.625 10 2.153 5.197 10
2 24 -26.482 -25.472 -47.5 -25.94 -24.661 -47.5
5 24 -45.293 2.31 10 -45.293 2.31 -10 -46.25 2.5 10 -44.482 1.768 10
5 24 -48.403 5.197 -10 -48.403 5.197 -12.5 -46.25 5.625 -10 -50.227 3.977 -10
5 24 -28.25 -26.204 -32.5 -28.25 -26.204 -47.5 -27.293 -26.014 -32.5 -29.206 -26.014 -32.5
2 24 -2.31 0.957 10 -1.768 1.768 10
5 24 -5.625 0 -47.5 -5.625 0 -32.5 -5.197 2.153 -47.5 -5.197 -2.153 -47.5
2 24 -30.018 -21.937 -32.5 -29.206 -21.395 -32.5
2 24 -46.25 5.625 -12.5 -44.097 5.197 -12.5
2 24 -5.625 0 -30 -5.197 2.153 -30
2 24 5.197 2.153 12.5 5.625 0 12.5
2 24 -48.75 0 -10 -48.56 0.957 -10
5 24 -27.293 -26.014 -30 -27.293 -26.014 -32.5 -26.482 -25.472 -30 -28.25 -26.204 -30
5 24 1.768 -1.768 10 1.768 -1.768 -10 0.957 -2.31 10 2.31 -0.957 10
2 24 -43.94 -0.957 -10 -43.75 0 -10
5 24 -28.25 -21.204 -47.5 -28.25 -21.204 -32.5 -29.206 -21.395 -47.5 -5.197 -2.153 -47.5
5 24 -30.559 -24.661 -47.5 -30.559 -24.661 -50 -30.018 -25.472 -47.5 -30.75 -23.704 -47.5
5 24 -44.097 5.197 -12.5 -44.097 5.197 -10 -42.272 3.977 -12.5 -46.25 5.625 -12.5
5 24 -42.272 -3.977 -12.5 -42.272 -3.977 -10 -41.703 -3.125 -12.5 -44.097 -5.197 -12.5
5 24 -50.227 3.977 -12.5 -50.227 3.977 -10 -51.447 2.153 -12.5 -48.403 5.197 -12.5
2 24 -5.625 0 -12.5 -5.197 2.153 -12.5
2 24 2.153 5.197 -10 3.977 3.977 -10
2 24 -40 -3.125 -10 -40 3.125 -10
2 24 -44.482 1.768 10 -43.94 0.957 10
5 24 -3.125 0 -12.5 -3.125 0 -47.5 -3.125 4.547 -12.5 -2.887 -1.196 -12.5
5 24 5.197 -2.153 -10 5.197 -2.153 -30 3.977 -3.977 -10 5.625 0 -10
5 24 -46.25 5.625 10 -46.25 5.625 12.5 -44.097 5.197 10 -48.403 5.197 10
5 24 -46.25 -2.5 10 -46.25 -2.5 -10 -45.293 -2.31 10 -47.207 -2.31 10
2 24 -37.5 3.125 -10 -37.5 3.125 10
2 24 -3.125 0 -47.5 -2.887 -1.196 -47.5
5 24 -46.25 -5.625 10 -46.25 -5.625 12.5 -48.403 -5.197 10 -44.097 -5.197 10
2 24 -8.75 -3.125 -10 -8.75 -3.125 10
2 24 -40 -3.125 10 -40 3.125 10
2 24 0.957 2.31 10 1.768 1.768 10
2 24 5.197 -2.153 12.5 5.625 0 12.5
5 24 3.977 -3.977 -10 3.977 -3.977 -30 2.153 -5.197 -10 5.197 -2.153 -10
2 24 1.196 -2.887 -12.5 2.21 -2.21 -12.5
5 24 2.153 -5.197 -32.5 2.153 -5.197 -47.5 3.977 -3.977 -32.5 0 -5.625 -32.5
2 24 -3.977 3.977 -10 -2.153 5.197 -10
2 24 -25.845 -24.183 -47.5 -2.849 -4.731 -47.5
2 24 -48.75 0 10 -48.56 -0.957 10
2 24 -50.227 -3.977 -12.5 -48.403 -5.197 -12.5
5 24 -30.018 -25.472 -32.5 -30.018 -25.472 -47.5 -29.206 -26.014 -32.5 -30.559 -24.661 -32.5
2 24 -2.887 -1.196 -12.5 -2.21 -2.21 -12.5
2 24 -45.293 2.31 -10 -44.482 1.768 -10
5 24 -5.197 -2.153 -21.25 -5.197 -2.153 -12.5 -4.547 -3.125 -21.25 -5.625 0 -12.5
2 24 -48.56 -0.957 -10 -48.018 -1.768 -10
2 24 -29.206 -26.014 -30 -28.25 -26.204 -30
2 24 -41.703 -3.125 -10 -41.703 -3.125 -12.5
2 24 -6.25 -3.125 12.5 -4.547 -3.125 12.5
5 24 3.977 -3.977 10 3.977 -3.977 12.5 2.153 -5.197 10 5.197 -2.153 10
5 24 3.977 3.977 -10 3.977 3.977 -30 5.197 2.153 -10 3.125 4.547 -12.5
5 24 -51.875 0 -12.5 -51.875 0 -10 -51.447 2.153 -12.5 -51.447 -2.153 -12.5
5 24 -51.447 -2.153 10 -51.447 -2.153 12.5 -51.875 0 10 -50.227 -3.977 10
5 24 3.977 -3.977 -32.5 3.977 -3.977 -30 -26.482 -25.472 -32.5 5.197 -2.153 -30
2 24 2.887 -1.196 -12.5 3.125 0 -12.5
5 24 3.977 3.977 12.5 3.977 3.977 10 5.197 2.153 12.5 2.153 5.197 12.5
5 24 -30.559 -24.661 -30 -30.559 -24.661 -32.5 -30.018 -25.472 -30 -30.75 -23.704 -30
2 24 0 -5.625 12.5 2.153 -5.197 12.5
2 24 -5.197 -2.153 -12.5 -4.547 -3.125 -12.5
2 24 -6.25 3.125 12.5 -4.547 3.125 12.5
2 24 -5.625 0 -47.5 -5.197 2.153 -47.5
2 24 -3.977 -3.977 -10 -2.153 -5.197 -10
2 24 -42.272 -3.977 12.5 -41.703 -3.125 12.5
2 24 -3.125 0 -12.5 -2.887 -1.196 -12.5
2 24 -45.293 2.31 10 -44.482 1.768 10
2 24 -40 -3.125 12.5 -6.25 -3.125 12.5
5 24 -3.977 3.977 -10 -3.977 3.977 -12.5 -3.125 4.547 -12.5 -4.547 3.125 -10
5 24 -2.21 -2.21 -12.5 -2.21 -2.21 -47.5 -1.196 -2.887 -12.5 -2.887 -1.196 -12.5
2 24 -37.5 1.875 -10 -37.5 3.125 -10
2 24 -51.447 -2.153 -10 -50.227 -3.977 -10
2 24 3.977 3.977 -10 5.197 2.153 -10
2 24 -40 -3.125 -12.5 -6.25 -3.125 -12.5
5 24 -29.206 -26.014 -30 -29.206 -26.014 -32.5 -28.25 -26.204 -30 -30.018 -25.472 -30
2 24 -37.5 -3.125 10 -37.5 -1.875 10
2 24 -4.547 -3.125 -10 -4.547 -3.125 -12.5
2 24 -2.31 -0.957 10 -1.768 -1.768 10
2 24 3.977 3.977 10 5.197 2.153 10
2 24 2.31 -0.957 -10 2.5 0 -10
2 24 -51.875 0 -12.5 -51.447 -2.153 -12.5
2 24 -3.125 4.547 -12.5 -2.153 5.197 -12.5
2 24 3.125 0 -47.5 3.125 4.547 -47.5
2 24 -50.227 3.977 10 -48.403 5.197 10
5 24 2.5 0 10 2.5 0 -10 2.31 -0.957 10 2.31 0.957 10
2 24 -8.75 1.875 10 -8.75 1.875 -10
5 24 -48.403 5.197 12.5 -48.403 5.197 10 -46.25 5.625 12.5 -50.227 3.977 12.5
5 24 -48.403 -5.197 -12.5 -48.403 -5.197 -10 -46.25 -5.625 -12.5 -50.227 -3.977 -12.5
2 24 -5.019 -3.308 -30 -4.547 -3.125 -30
2 24 0 5.625 12.5 2.153 5.197 12.5
5 24 2.887 -1.196 -47.5 2.887 -1.196 -12.5 2.21 -2.21 -47.5 3.125 0 -47.5
5 24 -50.227 3.977 10 -50.227 3.977 12.5 -51.447 2.153 10 -48.403 5.197 10
2 24 -2.5 0 -10 -2.31 -0.957 -10
2 24 -5.197 -2.153 -21.25 -5.019 -3.308 -21.25
2 24 2.153 -5.197 10 3.977 -3.977 10
2 24 5.197 2.153 -50 5.625 0 -50
2 24 -25.94 -24.661 -32.5 -25.845 -24.183 -32.5
5 24 -47.207 -2.31 10 -47.207 -2.31 -10 -46.25 -2.5 10 -48.018 -1.768 10
2 24 -5.197 -2.153 -30 -4.547 -3.125 -30
2 24 0 5.625 -12.5 2.153 5.197 -12.5
2 24 2.21 -2.21 -47.5 2.887 -1.196 -47.5
5 24 -2.153 5.197 -12.5 -2.153 5.197 -10 -3.125 4.547 -12.5 0 5.625 -12.5
5 24 -43.75 0 10 -43.75 0 -10 -43.94 -0.957 10 -43.94 0.957 10
2 24 -42.272 3.977 12.5 -41.703 3.125 12.5
2 24 -44.097 5.197 -10 -42.272 3.977 -10
2 24 1.196 -2.887 -47.5 2.21 -2.21 -47.5
2 24 -44.482 -1.768 -10 -43.94 -0.957 -10
2 24 2.153 5.197 -50 3.977 3.977 -50
5 24 -0.957 2.31 10 -0.957 2.31 -10 -1.768 1.768 10 0 2.5 10
2 24 -42.272 -3.977 -12.5 -41.703 -3.125 -12.5
2 24 -1.196 -2.887 -12.5 0 -3.125 -12.5
2 24 -4.547 3.125 -10 -4.547 3.125 -12.5
2 24 -2.153 5.197 12.5 0 5.625 12.5
2 24 -41.703 -3.125 12.5 -40 -3.125 12.5
2 24 -8.75 1.875 10 -8.75 3.125 10
5 24 -44.097 -5.197 -12.5 -44.097 -5.197 -10 -46.25 -5.625 -12.5 -42.272 -3.977 -12.5
2 24 -4.547 -3.125 12.5 -3.977 -3.977 12.5
2 24 -37.5 1.875 10 -37.5 3.125 10
5 24 -30.559 -22.748 -47.5 -30.559 -22.748 -50 -30.018 -21.937 -47.5 -30.75 -23.704 -47.5
2 24 -41.703 3.125 -12.5 -41.703 3.125 -10
5 24 -50.227 -3.977 10 -50.227 -3.977 12.5 -48.403 -5.197 10 -51.447 -2.153 10
5 24 -2.887 -1.196 -12.5 -2.887 -1.196 -47.5 -2.21 -2.21 -12.5 -3.125 0 -12.5
5 24 0 5.625 12.5 0 5.625 10 -2.153 5.197 12.5 2.153 5.197 12.5
5 24 -48.018 1.768 10 -48.018 1.768 -10 -47.207 2.31 10 -48.56 0.957 10
2 24 0 -3.125 -47.5 1.196 -2.887 -47.5
2 24 -42.272 -3.977 -10 -41.703 -3.125 -10
2 24 -30.559 -24.661 -50 -30.018 -25.472 -50
2 24 -8.75 -1.875 -10 -8.75 -1.875 10
5 24 3.977 -3.977 -32.5 3.977 -3.977 -47.5 2.153 -5.197 -32.5 5.197 -2.153 -30
5 24 -30.018 -21.937 -30 -30.018 -21.937 -32.5 -3.977 3.977 -30 -30.559 -22.748 -30
2 24 -2.153 5.197 -47.5 0 5.625 -47.5
2 24 2.153 5.197 12.5 3.977 3.977 12.5
2 24 -6.25 3.125 -10 -4.547 3.125 -10
2 24 -5.625 0 -30 -5.197 -2.153 -30
2 24 -37.5 1.875 10 -8.75 1.875 10
2 24 -51.875 0 10 -51.447 -2.153 10
5 24 -44.482 -1.768 10 -44.482 -1.768 -10 -45.293 -2.31 10 -43.94 -0.957 10
5 24 0.957 -2.31 10 0.957 -2.31 -10 1.768 -1.768 10 0 -2.5 10
2 24 -30.559 -24.661 -30 -30.018 -25.472 -30
2 24 -50.227 3.977 -12.5 -48.403 5.197 -12.5
2 24 3.125 0 -12.5 3.125 4.547 -12.5
5 24 -51.447 2.153 -12.5 -51.447 2.153 -10 -50.227 3.977 -12.5 -51.875 0 -12.5
5 24 -2.31 0.957 10 -2.31 0.957 -10 -2.5 0 10 -1.768 1.768 10
2 24 -51.875 0 12.5 -51.447 2.153 12.5
5 24 -30.018 -25.472 -47.5 -30.018 -25.472 -50 -29.206 -26.014 -47.5 -30.559 -24.661 -47.5
2 24 -51.447 2.153 -10 -50.227 3.977 -10
2 24 0 -5.625 -30 2.153 -5.197 -30
2 24 -2.21 -2.21 -47.5 -1.196 -2.887 -47.5
5 24 2.153 5.197 12.5 2.153 5.197 10 3.977 3.977 12.5 0 5.625 12.5
2 24 -1.768 -1.768 10 -0.957 -2.31 10
2 24 -51.447 -2.153 -12.5 -50.227 -3.977 -12.5
2 24 -44.097 -5.197 12.5 -42.272 -3.977 12.5
2 24 -3.977 3.977 -50 -2.153 5.197 -50
2 24 -46.25 -5.625 12.5 -44.097 -5.197 12.5
5 24 -44.097 -5.197 10 -44.097 -5.197 12.5 -42.272 -3.977 10 -46.25 -5.625 10
2 24 -5.197 2.153 -12.5 -4.547 3.125 -12.5
2 24 -51.875 0 12.5 -51.447 -2.153 12.5
5 24 1.196 -2.887 -12.5 1.196 -2.887 -47.5 0 -3.125 -12.5 2.21 -2.21 -12.5
2 24 2.153 5.197 -47.5 3.125 4.547 -47.5
2 24 -1.768 1.768 -10 -0.957 2.31 -10
2 24 -6.25 -3.125 -10 -6.25 -3.125 10
2 24 -4.547 -3.125 -30 -3.977 -3.977 -30
2 24 -30.018 -21.937 -30 -3.977 3.977 -30
2 24 2.21 -2.21 -12.5 2.887 -1.196 -12.5
5 24 -30.559 -22.748 -30 -30.559 -22.748 -32.5 -30.018 -21.937 -30 -30.75 -23.704 -30
5 24 -2.5 0 10 -2.5 0 -10 -2.31 -0.957 10 -2.31 0.957 10
5 24 -44.097 5.197 10 -44.097 5.197 12.5 -46.25 5.625 10 -42.272 3.977 10
2 24 -48.403 5.197 -10 -46.25 5.625 -10
2 24 -44.482 1.768 -10 -43.94 0.957 -10
2 24 -50.227 -3.977 10 -48.403 -5.197 10
2 24 -30.018 -25.472 -50 -29.206 -26.014 -50
2 24 -28.25 -26.204 -30 -27.293 -26.014 -30
2 24 -48.403 5.197 -12.5 -46.25 5.625 -12.5
2 24 -40 3.125 10 -40 3.125 -10
2 24 -1.768 1.768 10 -0.957 2.31 10
5 24 -3.977 3.977 -12.5 -3.977 3.977 -30 -3.125 4.547 -12.5 -4.547 3.125 -12.5
2 24 -46.25 2.5 10 -45.293 2.31 10
2 24 -41.703 3.125 12.5 -40 3.125 12.5
2 24 3.977 3.977 -50 5.197 2.153 -50
5 24 3.125 0 -12.5 3.125 0 -47.5 2.887 -1.196 -12.5 3.125 4.547 -12.5
2 24 -3.977 3.977 10 -2.153 5.197 10
5 24 -47.207 2.31 10 -47.207 2.31 -10 -46.25 2.5 10 -48.018 1.768 10
5 24 -51.447 2.153 10 -51.447 2.153 12.5 -50.227 3.977 10 -51.875 0 10
2 24 0 -2.5 10 0.957 -2.31 10
2 24 -37.5 -1.875 -10 -37.5 -1.875 10
2 24 -5.625 0 -32.5 -5.197 -2.153 -32.5
5 24 -5.197 -2.153 -21.25 -5.197 -2.153 -30 -5.019 -3.308 -21.25 -5.625 0 -12.5
5 24 5.197 -2.153 -50 5.197 -2.153 -30 3.977 -3.977 -47.5 5.625 0 -50
2 24 0.957 2.31 -10 1.768 1.768 -10
5 24 -29.206 -26.014 -47.5 -29.206 -26.014 -50 -28.25 -26.204 -47.5 -30.018 -25.472 -47.5
2 24 -37.5 1.875 -10 -8.75 1.875 -10
2 24 5.197 -2.153 -50 5.625 0 -50
2 24 -46.25 2.5 -10 -45.293 2.31 -10
5 24 0 -5.625 -10 0 -5.625 -30 2.153 -5.197 -10 -2.153 -5.197 -10
2 24 -6.25 -3.125 -10 -6.25 3.125 -10
2 24 -25.845 -24.183 -32.5 -25.845 -24.183 -47.5
2 24 0 -5.625 -47.5 2.153 -5.197 -47.5
2 24 -2.849 -4.731 -32.5 -2.153 -5.197 -32.5
5 24 -0.957 -2.31 10 -0.957 -2.31 -10 0 -2.5 10 -1.768 -1.768 10
2 24 -44.097 5.197 -12.5 -42.272 3.977 -12.5
2 24 -44.097 5.197 10 -42.272 3.977 10
2 24 -48.018 1.768 -10 -47.207 2.31 -10
2 24 0 5.625 -47.5 2.153 5.197 -47.5
2 24 -28.25 -21.204 -47.5 -5.197 -2.153 -47.5
5 24 -42.272 -3.977 12.5 -42.272 -3.977 10 -44.097 -5.197 12.5 -41.703 -3.125 12.5
5 24 0 -5.625 -47.5 0 -5.625 -32.5 2.153 -5.197 -47.5 -2.153 -5.197 -47.5
2 24 -2.153 -5.197 -32.5 0 -5.625 -32.5
2 24 -28.25 -26.204 -50 -27.293 -26.014 -50
2 24 -3.125 0 -12.5 -3.125 4.547 -12.5
2 24 0.957 -2.31 -10 1.768 -1.768 -10
5 24 -42.272 3.977 -10 -42.272 3.977 -12.5 -44.097 5.197 -10 -41.703 3.125 -10
5 24 -5.197 2.153 -47.5 -5.197 2.153 -32.5 -3.977 3.977 -47.5 -5.625 0 -47.5
2 24 -30.018 -21.937 -32.5 -3.977 3.977 -32.5
2 24 -1.768 -1.768 -10 -0.957 -2.31 -10
2 24 -8.75 1.875 -10 -8.75 3.125 -10
2 24 -5.625 0 -32.5 -5.197 2.153 -32.5
2 24 -8.75 -3.125 10 -8.75 -1.875 10
2 24 -2.5 0 10 -2.31 0.957 10
2 24 -3.977 -3.977 -30 -2.153 -5.197 -30
2 24 2.153 -5.197 -47.5 3.977 -3.977 -47.5
2 24 -45.293 -2.31 -10 -44.482 -1.768 -10
2 24 -47.207 2.31 10 -46.25 2.5 10
2 24 -50.227 3.977 12.5 -48.403 5.197 12.5
2 24 -44.097 -5.197 -12.5 -42.272 -3.977 -12.5
2 24 -5.197 -2.153 -30 -5.019 -3.308 -30
2 24 -30.75 -23.704 -50 -30.559 -22.748 -50
2 24 -48.403 -5.197 -10 -46.25 -5.625 -10
2 24 -48.56 -0.957 10 -48.018 -1.768 10
2 24 -3.977 -3.977 12.5 -2.153 -5.197 12.5
2 24 -40 -3.125 -10 -40 -3.125 10
5 24 0 5.625 -50 0 5.625 -47.5 2.153 5.197 -50 -2.153 5.197 -50
5 24 0.957 2.31 10 0.957 2.31 -10 1.768 1.768 10 0 2.5 10
2 24 1.768 -1.768 10 2.31 -0.957 10
2 24 -2.31 -0.957 -10 -1.768 -1.768 -10
2 24 2.153 -5.197 12.5 3.977 -3.977 12.5
2 24 0 2.5 10 0.957 2.31 10
5 24 -27.293 -26.014 -32.5 -27.293 -26.014 -47.5 -26.482 -25.472 -32.5 -28.25 -26.204 -32.5
5 24 -26.482 -25.472 -32.5 -26.482 -25.472 -47.5 -27.293 -26.014 -32.5 -25.94 -24.661 -32.5
2 24 -43.94 0.957 10 -43.75 0 10
5 24 -48.56 0.957 10 -48.56 0.957 -10 -48.018 1.768 10 -48.75 0 10
2 24 2.31 -0.957 10 2.5 0 10
2 24 -51.875 0 -10 -51.447 -2.153 -10
2 24 -37.5 -1.875 -10 -8.75 -1.875 -10
2 24 -40 3.125 -12.5 -6.25 3.125 -12.5
2 24 -43.94 0.957 -10 -43.75 0 -10
2 24 -4.547 -3.125 12.5 -4.547 -3.125 10
5 24 -51.447 -2.153 -10 -51.447 -2.153 -12.5 -50.227 -3.977 -10 -51.875 0 -10
2 24 0 -5.625 -32.5 2.153 -5.197 -32.5
5 24 -2.153 -5.197 -10 -2.153 -5.197 -30 0 -5.625 -10 -3.977 -3.977 -10
5 24 -29.206 -26.014 -32.5 -29.206 -26.014 -47.5 -28.25 -26.204 -32.5 -30.018 -25.472 -32.5
2 24 2.31 0.957 -10 2.5 0 -10
2 24 -46.25 -5.625 -12.5 -44.097 -5.197 -12.5
2 24 -30.018 -21.937 -47.5 -29.206 -21.395 -47.5
2 24 2.153 -5.197 -30 3.977 -3.977 -30
5 24 -48.018 -1.768 10 -48.018 -1.768 -10 -48.56 -0.957 10 -47.207 -2.31 10
2 24 -4.547 3.125 10 -4.547 3.125 12.5
2 24 -51.447 2.153 10 -50.227 3.977 10
5 24 -50.227 -3.977 -12.5 -50.227 -3.977 -10 -51.447 -2.153 -12.5 -48.403 -5.197 -12.5
5 24 5.625 0 -50 5.625 0 -30 5.197 -2.153 -50 5.197 2.153 -50
2 24 -42.272 3.977 -10 -41.703 3.125 -10
5 24 -2.153 5.197 10 -2.153 5.197 12.5 -3.977 3.977 10 0 5.625 10
2 24 -44.097 5.197 12.5 -42.272 3.977 12.5
5 24 -46.25 5.625 -12.5 -46.25 5.625 -10 -48.403 5.197 -12.5 -44.097 5.197 -12.5
5 24 -45.293 -2.31 10 -45.293 -2.31 -10 -46.25 -2.5 10 -44.482 -1.768 10
5 24 -5.625 0 -12.5 -5.625 0 -30 -5.197 2.153 -12.5 -5.197 -2.153 -21.25
2 24 -28.25 -21.204 -32.5 -5.197 -2.153 -32.5
2 24 0 -5.625 -10 2.153 -5.197 -10
2 24 -29.206 -21.395 -47.5 -28.25 -21.204 -47.5
2 24 -4.547 -3.125 -10 -3.977 -3.977 -10
2 24 -5.197 2.153 -32.5 -3.977 3.977 -32.5
2 24 -8.75 -3.125 -10 -8.75 -1.875 -10
5 24 2.153 5.197 -50 2.153 5.197 -47.5 0 5.625 -50 3.977 3.977 -50
2 24 3.125 4.547 -47.5 3.125 4.547 -30
2 24 -41.703 -3.125 -10 -40 -3.125 -10
2 24 -42.272 3.977 -12.5 -41.703 3.125 -12.5
2 24 -40 3.125 12.5 -6.25 3.125 12.5
2 24 -51.447 -2.153 10 -50.227 -3.977 10
2 24 1.768 1.768 10 2.31 0.957 10
2 24 -2.887 -1.196 -47.5 -2.21 -2.21 -47.5
5 24 -26.482 -25.472 -30 -26.482 -25.472 -32.5 3.977 -3.977 -30 -27.293 -26.014 -30
5 24 -1.768 1.768 10 -1.768 1.768 -10 -2.31 0.957 10 -0.957 2.31 10
2 24 -46.25 -2.5 10 -45.293 -2.31 10
2 24 -3.977 3.977 12.5 -2.153 5.197 12.5
2 24 -44.482 -1.768 10 -43.94 -0.957 10
5 24 -3.977 3.977 12.5 -3.977 3.977 10 -4.547 3.125 12.5 -2.153 5.197 12.5
2 24 -37.5 -3.125 -10 -37.5 -3.125 10
2 24 -48.018 -1.768 10 -47.207 -2.31 10
5 24 2.153 -5.197 -10 2.153 -5.197 -30 0 -5.625 -10 3.977 -3.977 -10
5 24 -30.018 -25.472 -30 -30.018 -25.472 -32.5 -29.206 -26.014 -30 -30.559 -24.661 -30
2 24 -2.153 -5.197 12.5 0 -5.625 12.5
2 24 -6.25 3.125 10 -6.25 3.125 -10
2 24 -6.25 -3.125 -12.5 -4.547 -3.125 -12.5
2 24 -2.153 5.197 -10 0 5.625 -10
2 24 -4.547 3.125 10 -3.977 3.977 10
5 24 -3.977 -3.977 12.5 -3.977 -3.977 10 -2.153 -5.197 12.5 -4.547 -3.125 12.5
5 24 -2.153 -5.197 -47.5 -2.153 -5.197 -32.5 0 -5.625 -47.5 -2.849 -4.731 -47.5
5 24 0 -2.5 10 0 -2.5 -10 -0.957 -2.31 10 0.957 -2.31 10
2 24 -3.125 4.547 -47.5 -3.125 4.547 -30
5 24 -26.482 -25.472 -50 -26.482 -25.472 -47.5 -27.293 -26.014 -50 3.977 -3.977 -50
2 24 -3.125 4.547 -12.5 -3.125 4.547 -30
5 24 -42.272 3.977 10 -42.272 3.977 12.5 -44.097 5.197 10 -41.703 3.125 10
5 24 -30.559 -24.661 -32.5 -30.559 -24.661 -47.5 -30.018 -25.472 -32.5 -30.75 -23.704 -32.5
2 24 5.197 2.153 10 5.625 0 10
2 24 -6.25 -3.125 10 -6.25 3.125 10
2 24 -51.875 0 -12.5 -51.447 2.153 -12.5
2 24 -30.75 -23.704 -30 -30.559 -24.661 -30
2 24 -0.957 -2.31 -10 0 -2.5 -10
2 24 -2.153 5.197 10 0 5.625 10
5 24 -5.197 2.153 -12.5 -5.197 2.153 -30 -5.625 0 -12.5 -3.977 3.977 -30
2 24 -2.153 -5.197 -47.5 0 -5.625 -47.5
2 24 3.977 -3.977 -10 5.197 -2.153 -10
5 24 1.768 1.768 10 1.768 1.768 -10 2.31 0.957 10 0.957 2.31 10
2 24 1.768 -1.768 -10 2.31 -0.957 -10
5 24 2.31 -0.957 10 2.31 -0.957 -10 1.768 -1.768 10 2.5 0 10
2 24 -30.018 -21.937 -47.5 -3.977 3.977 -47.5
2 24 -5.197 -2.153 -32.5 -5.197 -2.153 -47.5
2 24 -46.25 -5.625 10 -44.097 -5.197 10
2 24 -29.206 -21.395 -32.5 -28.25 -21.204 -32.5
2 24 -48.75 0 10 -48.56 0.957 10
5 24 -30.018 -21.937 -32.5 -30.018 -21.937 -47.5 -29.206 -21.395 -32.5 -30.559 -22.748 -32.5
5 24 2.153 5.197 -10 2.153 5.197 -12.5 3.125 4.547 -12.5 0 5.625 -10
2 24 -2.849 -4.731 -47.5 -2.153 -5.197 -47.5
2 24 -51.447 2.153 -12.5 -50.227 3.977 -12.5
2 24 -6.25 -3.125 -10 -4.547 -3.125 -10
2 24 -4.547 3.125 12.5 -3.977 3.977 12.5
2 24 -4.547 -3.125 -30 -4.547 -3.125 -21.25
2 24 -26.482 -25.472 -50 3.977 -3.977 -50
2 24 -51.447 -2.153 12.5 -50.227 -3.977 12.5
2 24 -44.097 -5.197 -10 -42.272 -3.977 -10
2 24 -0.957 2.31 -10 0 2.5 -10
2 24 -50.227 -3.977 12.5 -48.403 -5.197 12.5
2 24 2.887 -1.196 -47.5 3.125 0 -47.5
2 24 0 2.5 -10 0.957 2.31 -10
2 24 -2.153 5.197 -50 0 5.625 -50
2 24 3.977 -3.977 10 5.197 -2.153 10
2 24 -30.75 -23.704 -50 -30.559 -24.661 -50
5 24 -48.56 -0.957 10 -48.56 -0.957 -10 -48.75 0 10 -48.018 -1.768 10
2 24 -41.703 3.125 -12.5 -40 3.125 -12.5
