0 Elevador Eje   |C:C
0 Name: elevad2.dat
0 Author: jasolo & plinman
0 BFC CERTIFY CCW
4 16 -8.75001 1.875 10 -8.75001 1.875 -10 -37.5 1.875 -9.99999 -37.5 1.875 10
4 16 -8.75001 1.875 10 -37.5 1.875 10 -37.5 3.125 10 -8.75001 3.125 10
4 16 -8.75001 1.875 -10 -8.75001 1.875 10 -8.75001 3.125 10 -8.75001 3.125 -10
4 16 -37.5 1.875 -9.99999 -8.75001 1.875 -10 -8.75001 3.125 -10 -37.5 3.125 -9.99999
4 16 -37.5 1.875 10 -37.5 1.875 -9.99999 -37.5 3.125 -9.99999 -37.5 3.125 10
4 16 -8.75001 3.125 10 -37.5 3.125 10 -40 3.125 12.5 -6.25 3.125 12.5
4 16 -6.25 3.125 10 -6.25 3.125 -9.99999 -8.75001 3.125 -10 -8.75001 3.125 10
4 16 -37.5 3.125 -9.99999 -8.75001 3.125 -10 -6.25 3.125 -12.5 -40 3.125 -12.5
4 16 -40 3.125 -9.99999 -40 3.125 10 -37.5 3.125 10 -37.5 3.125 -9.99999
3 16 -8.75001 3.125 10 -6.25 3.125 12.5 -6.25 3.125 10
3 16 -40 3.125 12.5 -37.5 3.125 10 -40 3.125 10
4 16 -6.24999 -3.125 12.5 -6.25 3.125 12.5 -40 3.125 12.5 -40 -3.125 12.5
4 16 -6.25 3.125 10 -6.25 -3.125 10 -6.25 -3.125 -9.99999 -6.25 3.125 -9.99999
3 16 -6.25 3.125 -12.5 -8.75001 3.125 -10 -6.25 3.125 -9.99999
3 16 -37.5 3.125 -9.99999 -40 3.125 -12.5 -40 3.125 -9.99999
4 16 -6.25 3.125 -12.5 -6.25001 -3.125 -12.5 -40 -3.125 -12.5 -40 3.125 -12.5
4 16 -40 3.125 -9.99999 -40 -3.125 -9.99999 -40 -3.125 10 -40 3.125 10
4 16 1.76778 -1.76777 -9.99996 1.76775 -1.76776 10 0.956696 -2.30969 10 0.95672 -2.30971 -9.99997
4 16 -37.5 -3.125 10 -8.75 -3.125 9.99999 -6.24999 -3.125 12.5 -40 -3.125 12.5
4 16 -1.3411e-05 -2.49999 10 0.956696 -2.30969 10 2.15258 -5.19681 10 -1.3411e-05 -5.62499 10
4 16 -0.956692 -2.3097 -9.99997 -1.76775 -1.76777 -9.99997 -3.97746 -3.97749 -9.99997 -2.15258 -5.19684 -9.99997
4 16 -6.25 -3.125 10 -8.75 -3.125 9.99999 -8.75002 -3.125 -10 -6.25 -3.125 -9.99999
4 16 -0.956722 -2.30969 10 -1.3411e-05 -2.49999 10 -1.3411e-05 -5.62499 10 -2.15261 -5.19681 10
4 16 1.63913e-05 -2.50001 -9.99997 -0.956692 -2.3097 -9.99997 -2.15258 -5.19684 -9.99997 1.63913e-05 -5.62501 -9.99997
4 16 1.63913e-05 -2.50001 -9.99997 -1.3411e-05 -2.49999 10 -0.956722 -2.30969 10 -0.956692 -2.3097 -9.99997
4 16 -8.75002 -3.125 -10 -37.5 -3.125 -9.99999 -40 -3.125 -12.5 -6.25001 -3.125 -12.5
4 16 -40 -3.125 10 -40 -3.125 -9.99999 -37.5 -3.125 -9.99999 -37.5 -3.125 10
4 16 1.63913e-05 -5.62501 -9.99997 -2.15258 -5.19684 -9.99997 -2.15258 -5.19684 -12.5 1.63913e-05 -5.62501 -12.5
3 16 -37.5 -3.125 10 -40 -3.125 12.5 -40 -3.125 10
4 16 -37.5 -1.875 10 -8.75 -1.875 9.99999 -8.75 -3.125 9.99999 -37.5 -3.125 10
3 16 -8.75 -3.125 9.99999 -6.25 -3.125 10 -6.24999 -3.125 12.5
4 16 0.95672 -2.30971 -9.99997 1.63913e-05 -2.50001 -9.99997 1.63913e-05 -5.62501 -9.99997 2.1526 -5.19684 -9.99996
4 16 -8.75 -1.875 9.99999 -8.75002 -1.875 -10 -8.75002 -3.125 -10 -8.75 -3.125 9.99999
3 16 -8.75002 -3.125 -10 -6.25001 -3.125 -12.5 -6.25 -3.125 -9.99999
4 16 -0.956692 -2.3097 -9.99997 -0.956722 -2.30969 10 -1.76778 -1.76776 10 -1.76775 -1.76777 -9.99997
4 16 0.95672 -2.30971 -9.99997 0.956696 -2.30969 10 -1.3411e-05 -2.49999 10 1.63913e-05 -2.50001 -9.99997
4 16 -8.75002 -1.875 -10 -37.5 -1.875 -9.99999 -37.5 -3.125 -9.99999 -8.75002 -3.125 -10
3 16 -40 -3.125 -12.5 -37.5 -3.125 -9.99999 -40 -3.125 -9.99999
4 16 -37.5 -1.875 -9.99999 -37.5 -1.875 10 -37.5 -3.125 10 -37.5 -3.125 -9.99999
4 16 -8.75 -1.875 9.99999 -37.5 -1.875 10 -37.5 -1.875 -9.99999 -8.75002 -1.875 -10
4 16 -46.25 -2.50001 10 -46.25 -2.49999 -10 -45.2933 -2.30969 -10 -45.2933 -2.30971 10
4 16 -46.25 -2.50001 10 -45.2933 -2.30971 10 -44.0974 -5.19684 10 -46.25 -5.62501 10
4 16 -47.2067 -2.30971 10 -47.2067 -2.30969 -10 -46.25 -2.49999 -10 -46.25 -2.50001 10
4 16 -45.2933 -2.30969 -10 -46.25 -2.49999 -10 -46.25 -5.62499 -10 -44.0974 -5.19681 -10
4 16 -45.2933 -2.30971 10 -45.2933 -2.30969 -10 -44.4822 -1.76776 -10 -44.4822 -1.76777 10
4 16 -47.2067 -2.30971 10 -46.25 -2.50001 10 -46.25 -5.62501 10 -48.4026 -5.19684 10
4 16 -45.2933 -2.30971 10 -44.4822 -1.76777 10 -42.2725 -3.97749 10 -44.0974 -5.19684 10
4 16 -46.25 -5.62501 10 -44.0974 -5.19684 10 -44.0974 -5.19684 12.5 -46.25 -5.62501 12.5
4 16 -48.0178 -1.76777 10 -48.0178 -1.76776 -10 -47.2067 -2.30969 -10 -47.2067 -2.30971 10
4 16 -46.25 -2.49999 -10 -47.2067 -2.30969 -10 -48.4026 -5.19681 -10 -46.25 -5.62499 -10
4 16 -44.4822 -1.76776 -10 -45.2933 -2.30969 -10 -44.0974 -5.19681 -10 -42.2725 -3.97746 -10
4 16 -44.0974 -5.19681 -10 -46.25 -5.62499 -10 -46.25 -5.62499 -12.5 -44.0974 -5.19681 -12.5
4 16 -44.4822 -1.76777 10 -44.4822 -1.76776 -10 -43.9403 -0.956702 -10 -43.9403 -0.956716 10
4 16 -48.0178 -1.76777 10 -47.2067 -2.30971 10 -48.4026 -5.19684 10 -50.2275 -3.97749 10
4 16 -48.4026 -5.19684 10 -46.25 -5.62501 10 -46.25 -5.62501 12.5 -48.4026 -5.19684 12.5
4 16 -44.0974 -5.19684 10 -42.2725 -3.97749 10 -42.2725 -3.97749 12.5 -44.0974 -5.19684 12.5
3 16 -46.25 -5.62501 12.5 -44.0974 -5.19684 12.5 -46.25 0 12.5
4 16 -48.5597 -0.956716 10 -48.5597 -0.956702 -10 -48.0178 -1.76776 -10 -48.0178 -1.76777 10
4 16 -47.2067 -2.30969 -10 -48.0178 -1.76776 -10 -50.2275 -3.97746 -10 -48.4026 -5.19681 -10
4 16 -46.25 -5.62499 -10 -48.4026 -5.19681 -10 -48.4026 -5.19681 -12.5 -46.25 -5.62499 -12.5
4 16 -41.7029 3.125 -10 -41.7029 3.125 -12.5 -42.2725 3.97749 -12.5 -42.2725 3.97749 -10
4 16 -42.2725 -3.97746 -10 -44.0974 -5.19681 -10 -44.0974 -5.19681 -12.5 -42.2725 -3.97746 -12.5
3 16 -44.0974 -5.19681 -12.5 -46.25 -5.62499 -12.5 -46.25 7.45058e-07 -12.5
4 16 -43.9403 -0.956716 10 -43.9403 -0.956702 -10 -43.75 6.70552e-06 -10 -43.75 -6.70552e-06 10
4 16 -48.5597 -0.956716 10 -48.0178 -1.76777 10 -50.2275 -3.97749 10 -51.4468 -2.15261 10
4 16 -50.2275 -3.97749 10 -48.4026 -5.19684 10 -48.4026 -5.19684 12.5 -50.2275 -3.97749 12.5
3 16 -48.4026 -5.19684 12.5 -46.25 -5.62501 12.5 -46.25 0 12.5
3 16 -44.0974 -5.19684 12.5 -42.2725 -3.97749 12.5 -46.25 0 12.5
4 16 -48.75 -6.70552e-06 10 -48.75 6.70552e-06 -10 -48.5597 -0.956702 -10 -48.5597 -0.956716 10
4 16 -48.0178 -1.76776 -10 -48.5597 -0.956702 -10 -51.4468 -2.15258 -10 -50.2275 -3.97746 -10
4 16 -48.4026 -5.19681 -10 -50.2275 -3.97746 -10 -50.2275 -3.97746 -12.5 -48.4026 -5.19681 -12.5
3 16 -46.25 -5.62499 -12.5 -48.4026 -5.19681 -12.5 -46.25 7.45058e-07 -12.5
4 16 -40 3.125 10 -40 -3.125 10 -41.7029 -3.125 10 -41.7029 3.125 10
3 16 -42.2725 -3.97746 -12.5 -44.0974 -5.19681 -12.5 -46.25 7.45058e-07 -12.5
4 16 -43.75 -6.70552e-06 10 -43.75 6.70552e-06 -10 -43.9403 0.956716 -10 -43.9403 0.956702 10
4 16 -48.75 -6.70552e-06 10 -48.5597 -0.956716 10 -51.4468 -2.15261 10 -51.875 -1.49012e-05 10
4 16 -51.4468 -2.15261 10 -50.2275 -3.97749 10 -50.2275 -3.97749 12.5 -51.4468 -2.15261 12.5
3 16 -50.2275 -3.97749 12.5 -48.4026 -5.19684 12.5 -46.25 0 12.5
4 16 -40 -3.125 -12.5 -40 -3.125 -9.99999 -41.7029 -3.125 -10 -41.7029 -3.125 -12.5
4 16 -48.5597 0.956702 10 -48.5597 0.956716 -10 -48.75 6.70552e-06 -10 -48.75 -6.70552e-06 10
4 16 -48.5597 -0.956702 -10 -48.75 6.70552e-06 -10 -51.875 1.49012e-05 -10 -51.4468 -2.15258 -10
4 16 -50.2275 -3.97746 -10 -51.4468 -2.15258 -10 -51.4468 -2.15258 -12.5 -50.2275 -3.97746 -12.5
3 16 -48.4026 -5.19681 -12.5 -50.2275 -3.97746 -12.5 -46.25 7.45058e-07 -12.5
3 16 -42.2725 3.97749 -12.5 -41.7029 3.125 -12.5 -46.25 7.45058e-07 -12.5
4 16 -43.9403 0.956702 10 -43.9403 0.956716 -10 -44.4822 1.76777 -10 -44.4822 1.76776 10
4 16 -48.5597 0.956702 10 -48.75 -6.70552e-06 10 -51.875 -1.49012e-05 10 -51.4468 2.15258 10
4 16 -51.875 -1.49012e-05 10 -51.4468 -2.15261 10 -51.4468 -2.15261 12.5 -51.875 -1.49012e-05 12.5
3 16 -51.4468 -2.15261 12.5 -50.2275 -3.97749 12.5 -46.25 0 12.5
3 16 -44.4822 1.76776 10 -42.2725 3.97746 10 -41.7029 3.125 10
4 16 -44.4822 1.76777 -10 -43.9403 0.956716 -10 -41.7029 3.125 -10 -42.2725 3.97749 -10
4 16 -41.7029 -3.125 10 -41.7029 -3.125 12.5 -42.2725 -3.97749 12.5 -42.2725 -3.97749 10
4 16 -48.0178 1.76776 10 -48.0178 1.76777 -10 -48.5597 0.956716 -10 -48.5597 0.956702 10
4 16 -48.75 6.70552e-06 -10 -48.5597 0.956716 -10 -51.4468 2.15261 -10 -51.875 1.49012e-05 -10
4 16 -51.4468 -2.15258 -10 -51.875 1.49012e-05 -10 -51.875 1.49012e-05 -12.5 -51.4468 -2.15258 -12.5
3 16 -50.2275 -3.97746 -12.5 -51.4468 -2.15258 -12.5 -46.25 7.45058e-07 -12.5
4 16 -41.7029 3.125 -10 -43.9403 0.956716 -10 -43.75 6.70552e-06 -10 -41.7029 -3.125 -10
4 16 -40 3.125 -9.99999 -40 3.125 -12.5 -41.7029 3.125 -12.5 -41.7029 3.125 -10
4 16 -44.4822 1.76776 10 -44.4822 1.76777 -10 -45.2933 2.30971 -10 -45.2933 2.30969 10
4 16 -48.0178 1.76776 10 -48.5597 0.956702 10 -51.4468 2.15258 10 -50.2275 3.97746 10
4 16 -51.4468 2.15258 10 -51.875 -1.49012e-05 10 -51.875 -1.49012e-05 12.5 -51.4468 2.15258 12.5
3 16 -51.875 -1.49012e-05 12.5 -51.4468 -2.15261 12.5 -46.25 0 12.5
4 16 -44.4822 1.76776 10 -45.2933 2.30969 10 -44.0974 5.19681 10 -42.2725 3.97746 10
4 16 -40 3.125 12.5 -41.7029 3.125 12.5 -41.7029 -3.125 12.5 -40 -3.125 12.5
4 16 -41.7029 -3.125 -12.5 -41.7029 -3.125 -10 -42.2725 -3.97746 -10 -42.2725 -3.97746 -12.5
4 16 -47.2067 2.30969 10 -47.2067 2.30971 -10 -48.0178 1.76777 -10 -48.0178 1.76776 10
4 16 -48.5597 0.956716 -10 -48.0178 1.76777 -10 -50.2275 3.97749 -10 -51.4468 2.15261 -10
4 16 -51.875 1.49012e-05 -10 -51.4468 2.15261 -10 -51.4468 2.15261 -12.5 -51.875 1.49012e-05 -12.5
3 16 -51.4468 -2.15258 -12.5 -51.875 1.49012e-05 -12.5 -46.25 7.45058e-07 -12.5
4 16 -45.2933 2.30971 -10 -44.4822 1.76777 -10 -42.2725 3.97749 -10 -44.0974 5.19684 -10
4 16 -40 3.125 12.5 -40 3.125 10 -41.7029 3.125 10 -41.7029 3.125 12.5
4 16 -41.7029 -3.125 10 -43.9403 -0.956716 10 -43.75 -6.70552e-06 10 -41.7029 3.125 10
4 16 -45.2933 2.30969 10 -45.2933 2.30971 -10 -46.25 2.50001 -10 -46.25 2.49999 10
4 16 -47.2067 2.30969 10 -48.0178 1.76776 10 -50.2275 3.97746 10 -48.4026 5.19681 10
4 16 -50.2275 3.97746 10 -51.4468 2.15258 10 -51.4468 2.15258 12.5 -50.2275 3.97746 12.5
3 16 -51.4468 2.15258 12.5 -51.875 -1.49012e-05 12.5 -46.25 0 12.5
4 16 -45.2933 2.30969 10 -46.25 2.49999 10 -46.25 5.62499 10 -44.0974 5.19681 10
4 16 -42.2725 3.97746 10 -44.0974 5.19681 10 -44.0974 5.19681 12.5 -42.2725 3.97746 12.5
4 16 -46.25 2.49999 10 -46.25 2.50001 -10 -47.2067 2.30971 -10 -47.2067 2.30969 10
4 16 -48.0178 1.76777 -10 -47.2067 2.30971 -10 -48.4026 5.19684 -10 -50.2275 3.97749 -10
4 16 -51.4468 2.15261 -10 -50.2275 3.97749 -10 -50.2275 3.97749 -12.5 -51.4468 2.15261 -12.5
3 16 -51.875 1.49012e-05 -12.5 -51.4468 2.15261 -12.5 -46.25 7.45058e-07 -12.5
4 16 -46.25 2.50001 -10 -45.2933 2.30971 -10 -44.0974 5.19684 -10 -46.25 5.62501 -10
4 16 -44.0974 5.19684 -10 -42.2725 3.97749 -10 -42.2725 3.97749 -12.5 -44.0974 5.19684 -12.5
3 16 -41.7029 3.125 -12.5 -41.7029 -3.125 -12.5 -46.25 7.45058e-07 -12.5
4 16 -46.25 2.49999 10 -47.2067 2.30969 10 -48.4026 5.19681 10 -46.25 5.62499 10
4 16 -48.4026 5.19681 10 -50.2275 3.97746 10 -50.2275 3.97746 12.5 -48.4026 5.19681 12.5
3 16 -50.2275 3.97746 12.5 -51.4468 2.15258 12.5 -46.25 0 12.5
4 16 -44.0974 5.19681 10 -46.25 5.62499 10 -46.25 5.62499 12.5 -44.0974 5.19681 12.5
3 16 -42.2725 3.97746 12.5 -44.0974 5.19681 12.5 -46.25 0 12.5
4 16 -47.2067 2.30971 -10 -46.25 2.50001 -10 -46.25 5.62501 -10 -48.4026 5.19684 -10
4 16 -50.2275 3.97749 -10 -48.4026 5.19684 -10 -48.4026 5.19684 -12.5 -50.2275 3.97749 -12.5
3 16 -51.4468 2.15261 -12.5 -50.2275 3.97749 -12.5 -46.25 7.45058e-07 -12.5
4 16 -46.25 5.62501 -10 -44.0974 5.19684 -10 -44.0974 5.19684 -12.5 -46.25 5.62501 -12.5
3 16 -44.0974 5.19684 -12.5 -42.2725 3.97749 -12.5 -46.25 7.45058e-07 -12.5
4 16 -46.25 5.62499 10 -48.4026 5.19681 10 -48.4026 5.19681 12.5 -46.25 5.62499 12.5
3 16 -48.4026 5.19681 12.5 -50.2275 3.97746 12.5 -46.25 0 12.5
3 16 -44.0974 5.19681 12.5 -46.25 5.62499 12.5 -46.25 0 12.5
4 16 -48.4026 5.19684 -10 -46.25 5.62501 -10 -46.25 5.62501 -12.5 -48.4026 5.19684 -12.5
3 16 -50.2275 3.97749 -12.5 -48.4026 5.19684 -12.5 -46.25 7.45058e-07 -12.5
3 16 -46.25 5.62501 -12.5 -44.0974 5.19684 -12.5 -46.25 7.45058e-07 -12.5
3 16 -46.25 5.62499 12.5 -48.4026 5.19681 12.5 -46.25 0 12.5
3 16 -48.4026 5.19684 -12.5 -46.25 5.62501 -12.5 -46.25 7.45058e-07 -12.5
4 16 -40 -3.125 10 -40 -3.125 12.5 -41.7029 -3.125 12.5 -41.7029 -3.125 10
3 16 -41.7029 -3.125 -10 -43.75 6.70552e-06 -10 -43.9403 -0.956702 -10
3 16 -41.7029 3.125 10 -43.9403 0.956702 10 -44.4822 1.76776 10
4 16 -40 -3.125 -12.5 -41.7029 -3.125 -12.5 -41.7029 3.125 -12.5 -40 3.125 -12.5
3 16 -41.7029 3.125 10 -43.75 -6.70552e-06 10 -43.9403 0.956702 10
4 16 -40 -3.125 -9.99999 -40 3.125 -9.99999 -41.7029 3.125 -10 -41.7029 -3.125 -10
4 16 -44.4822 -1.76777 10 -43.9403 -0.956716 10 -41.7029 -3.125 10 -42.2725 -3.97749 10
3 16 -42.2725 -3.97749 12.5 -41.7029 -3.125 12.5 -46.25 0 12.5
3 16 -41.7029 3.125 12.5 -42.2725 3.97746 12.5 -46.25 0 12.5
3 16 -41.7029 -3.125 12.5 -41.7029 3.125 12.5 -46.25 0 12.5
4 16 -41.7029 3.125 12.5 -41.7029 3.125 10 -42.2725 3.97746 10 -42.2725 3.97746 12.5
4 16 -43.9403 -0.956702 -10 -44.4822 -1.76776 -10 -42.2725 -3.97746 -10 -41.7029 -3.125 -10
3 16 -41.7029 -3.125 -12.5 -42.2725 -3.97746 -12.5 -46.25 7.45058e-07 -12.5
4 16 -1.76778 -1.76776 10 -0.956722 -2.30969 10 -2.15261 -5.19681 10 -3.97749 -3.97746 10
4 16 -2.15261 -5.19681 10 -1.3411e-05 -5.62499 10 -1.3411e-05 -5.62499 12.5 -2.15261 -5.19681 12.5
4 16 -1.76775 -1.76777 -9.99997 -1.76778 -1.76776 10 -2.30971 -0.956702 10 -2.30969 -0.956714 -9.99997
4 16 1.76778 -1.76777 -9.99996 0.95672 -2.30971 -9.99997 2.1526 -5.19684 -9.99996 3.97749 -3.97749 -9.99996
4 16 2.1526 -5.19684 -9.99996 1.63913e-05 -5.62501 -9.99997 1.63913e-05 -5.62501 -12.5 2.15261 -5.19684 -12.5
4 16 -2.15258 -5.19684 -9.99997 -3.97746 -3.97749 -9.99997 -3.97746 -3.97749 -12.5 -2.15258 -5.19684 -12.5
3 16 1.63913e-05 -5.62501 -12.5 -2.15258 -5.19684 -12.5 1.63913e-05 0 -12.5
4 16 2.30972 -0.956715 -9.99996 2.30968 -0.956703 10 1.76775 -1.76776 10 1.76778 -1.76777 -9.99996
4 16 0.956696 -2.30969 10 1.76775 -1.76776 10 3.97746 -3.97746 10 2.15258 -5.19681 10
4 16 -1.3411e-05 -5.62499 10 2.15258 -5.19681 10 2.15257 -5.19681 12.5 -1.3411e-05 -5.62499 12.5
4 16 -4.54711 3.125 10 -4.54711 3.125 12.5 -3.97749 3.97749 12.5 -3.97749 3.97749 10
4 16 -3.97749 -3.97746 10 -2.15261 -5.19681 10 -2.15261 -5.19681 12.5 -3.97749 -3.97746 12.5
3 16 -2.15261 -5.19681 12.5 -1.3411e-05 -5.62499 12.5 -1.3411e-05 0 12.5
4 16 -2.30969 -0.956714 -9.99997 -2.30971 -0.956702 10 -2.50001 5.96046e-06 10 -2.49998 -5.96046e-06 -9.99997
4 16 2.30972 -0.956715 -9.99996 1.76778 -1.76777 -9.99996 3.97749 -3.97749 -9.99996 5.19683 -2.15261 -9.99996
4 16 3.97749 -3.97749 -9.99996 2.1526 -5.19684 -9.99996 2.15261 -5.19684 -12.5 3.97749 -3.97749 -12.5
3 16 2.15261 -5.19684 -12.5 1.63913e-05 -5.62501 -12.5 1.63913e-05 0 -12.5
3 16 -2.15258 -5.19684 -12.5 -3.97746 -3.97749 -12.5 1.63913e-05 0 -12.5
4 16 2.50002 -5.96046e-06 -9.99997 2.49998 5.96046e-06 10 2.30968 -0.956703 10 2.30972 -0.956715 -9.99996
4 16 1.76775 -1.76776 10 2.30968 -0.956703 10 5.19681 -2.15258 10 3.97746 -3.97746 10
4 16 2.15258 -5.19681 10 3.97746 -3.97746 10 3.97746 -3.97746 12.5 2.15257 -5.19681 12.5
3 16 -1.3411e-05 -5.62499 12.5 2.15257 -5.19681 12.5 -1.3411e-05 0 12.5
3 16 -3.97749 -3.97746 12.5 -2.15261 -5.19681 12.5 -1.3411e-05 0 12.5
4 16 -2.49998 -5.96046e-06 -9.99997 -2.50001 5.96046e-06 10 -2.30971 0.956715 10 -2.30969 0.956703 -9.99997
4 16 2.50002 -5.96046e-06 -9.99997 2.30972 -0.956715 -9.99996 5.19683 -2.15261 -9.99996 5.62502 -1.41561e-05 -9.99996
4 16 5.19683 -2.15261 -9.99996 3.97749 -3.97749 -9.99996 3.97749 -3.97749 -12.5 5.19684 -2.15261 -12.5
3 16 3.97749 -3.97749 -12.5 2.15261 -5.19684 -12.5 1.63913e-05 0 -12.5
4 16 2.30972 0.956703 -9.99997 2.30968 0.956715 10 2.49998 5.96046e-06 10 2.50002 -5.96046e-06 -9.99997
4 16 2.30968 -0.956703 10 2.49998 5.96046e-06 10 5.62498 1.41561e-05 10 5.19681 -2.15258 10
4 16 3.97746 -3.97746 10 5.19681 -2.15258 10 5.1968 -2.15258 12.5 3.97746 -3.97746 12.5
3 16 2.15257 -5.19681 12.5 3.97746 -3.97746 12.5 -1.3411e-05 0 12.5
3 16 -3.97749 3.97749 12.5 -4.54711 3.125 12.5 -1.3411e-05 0 12.5
4 16 -2.30969 0.956703 -9.99997 -2.30971 0.956715 10 -1.76778 1.76777 10 -1.76775 1.76776 -9.99997
4 16 2.30972 0.956703 -9.99997 2.50002 -5.96046e-06 -9.99997 5.62502 -1.41561e-05 -9.99996 5.19684 2.15258 -9.99996
4 16 5.62502 -1.41561e-05 -9.99996 5.19683 -2.15261 -9.99996 5.19684 -2.15261 -12.5 5.62502 -1.41561e-05 -12.5
3 16 5.19684 -2.15261 -12.5 3.97749 -3.97749 -12.5 1.63913e-05 0 -12.5
3 16 -1.76775 1.76776 -9.99997 -3.97746 3.97746 -9.99997 -4.54706 3.125 -9.99998
4 16 -1.76778 1.76777 10 -2.30971 0.956715 10 -4.54711 3.125 10 -3.97749 3.97749 10
4 16 -4.54708 -3.125 -9.99998 -4.54708 -3.125 -12.5 -3.97746 -3.97749 -12.5 -3.97746 -3.97749 -9.99997
4 16 1.76778 1.76776 -9.99997 1.76775 1.76777 10 2.30968 0.956715 10 2.30972 0.956703 -9.99997
4 16 2.49998 5.96046e-06 10 2.30968 0.956715 10 5.19681 2.15261 10 5.62498 1.41561e-05 10
4 16 5.19681 -2.15258 10 5.62498 1.41561e-05 10 5.62498 1.3411e-05 12.5 5.1968 -2.15258 12.5
3 16 3.97746 -3.97746 12.5 5.1968 -2.15258 12.5 -1.3411e-05 0 12.5
4 16 -4.54711 3.125 10 -2.30971 0.956715 10 -2.50001 5.96046e-06 10 -4.54708 -3.125 10
4 16 -1.76775 1.76776 -9.99997 -1.76778 1.76777 10 -0.956722 2.3097 10 -0.956692 2.30969 -9.99997
4 16 1.76778 1.76776 -9.99997 2.30972 0.956703 -9.99997 5.19684 2.15258 -9.99996 3.97749 3.97746 -9.99996
4 16 5.19684 2.15258 -9.99996 5.62502 -1.41561e-05 -9.99996 5.62502 -1.41561e-05 -12.5 5.19684 2.15258 -12.5
3 16 5.62502 -1.41561e-05 -12.5 5.19684 -2.15261 -12.5 1.63913e-05 0 -12.5
4 16 -1.76775 1.76776 -9.99997 -0.956692 2.30969 -9.99997 -2.15258 5.19681 -9.99997 -3.97746 3.97746 -9.99997
4 16 -4.54709 -3.125 12.5 -4.54708 -3.125 10 -3.97749 -3.97746 10 -3.97749 -3.97746 12.5
4 16 0.956725 2.30969 -9.99997 0.956695 2.30971 10 1.76775 1.76777 10 1.76778 1.76776 -9.99997
4 16 2.30968 0.956715 10 1.76775 1.76777 10 3.97747 3.97749 10 5.19681 2.15261 10
4 16 5.62498 1.41561e-05 10 5.19681 2.15261 10 5.19681 2.15261 12.5 5.62498 1.3411e-05 12.5
3 16 5.1968 -2.15258 12.5 5.62498 1.3411e-05 12.5 -1.3411e-05 0 12.5
4 16 -0.956722 2.3097 10 -1.76778 1.76777 10 -3.97749 3.97749 10 -2.15261 5.19684 10
4 16 -4.54708 -3.125 -9.99998 -2.30969 -0.956714 -9.99997 -2.49998 -5.96046e-06 -9.99997 -4.54706 3.125 -9.99998
4 16 -0.956692 2.30969 -9.99997 -0.956722 2.3097 10 -1.3411e-05 2.50001 10 1.63913e-05 2.49999 -9.99997
4 16 0.956725 2.30969 -9.99997 1.76778 1.76776 -9.99997 3.97749 3.97746 -9.99996 2.15261 5.19681 -9.99997
4 16 3.97749 3.97746 -9.99996 5.19684 2.15258 -9.99996 5.19684 2.15258 -12.5 3.9775 3.97746 -12.5
3 16 5.19684 2.15258 -12.5 5.62502 -1.41561e-05 -12.5 1.63913e-05 0 -12.5
4 16 -0.956692 2.30969 -9.99997 1.63913e-05 2.49999 -9.99997 1.19209e-05 5.62499 -9.99997 -2.15258 5.19681 -9.99997
4 16 -3.97746 3.97746 -9.99997 -2.15258 5.19681 -9.99997 -2.15258 5.19681 -12.5 -3.97746 3.97746 -12.5
4 16 1.63913e-05 2.49999 -9.99997 -1.3411e-05 2.50001 10 0.956695 2.30971 10 0.956725 2.30969 -9.99997
4 16 1.76775 1.76777 10 0.956695 2.30971 10 2.15258 5.19684 10 3.97747 3.97749 10
4 16 5.19681 2.15261 10 3.97747 3.97749 10 3.97746 3.97749 12.5 5.19681 2.15261 12.5
3 16 5.62498 1.3411e-05 12.5 5.19681 2.15261 12.5 -1.3411e-05 0 12.5
4 16 -1.3411e-05 2.50001 10 -0.956722 2.3097 10 -2.15261 5.19684 10 -1.19209e-05 5.62501 10
4 16 -2.15261 5.19684 10 -3.97749 3.97749 10 -3.97749 3.97749 12.5 -2.15261 5.19684 12.5
3 16 -4.54711 3.125 12.5 -4.54709 -3.125 12.5 -1.3411e-05 0 12.5
4 16 1.63913e-05 2.49999 -9.99997 0.956725 2.30969 -9.99997 2.15261 5.19681 -9.99997 1.19209e-05 5.62499 -9.99997
4 16 2.15261 5.19681 -9.99997 3.97749 3.97746 -9.99996 3.9775 3.97746 -12.5 2.15261 5.19681 -12.5
3 16 3.9775 3.97746 -12.5 5.19684 2.15258 -12.5 1.63913e-05 0 -12.5
4 16 -2.15258 5.19681 -9.99997 1.19209e-05 5.62499 -9.99997 1.78814e-05 5.62499 -12.5 -2.15258 5.19681 -12.5
3 16 -3.97746 3.97746 -12.5 -2.15258 5.19681 -12.5 1.63913e-05 0 -12.5
4 16 0.956695 2.30971 10 -1.3411e-05 2.50001 10 -1.19209e-05 5.62501 10 2.15258 5.19684 10
4 16 3.97747 3.97749 10 2.15258 5.19684 10 2.15258 5.19684 12.5 3.97746 3.97749 12.5
3 16 5.19681 2.15261 12.5 3.97746 3.97749 12.5 -1.3411e-05 0 12.5
4 16 -1.19209e-05 5.62501 10 -2.15261 5.19684 10 -2.15261 5.19684 12.5 -1.78814e-05 5.62501 12.5
3 16 -2.15261 5.19684 12.5 -3.97749 3.97749 12.5 -1.3411e-05 0 12.5
4 16 1.19209e-05 5.62499 -9.99997 2.15261 5.19681 -9.99997 2.15261 5.19681 -12.5 1.78814e-05 5.62499 -12.5
3 16 2.15261 5.19681 -12.5 3.9775 3.97746 -12.5 1.63913e-05 0 -12.5
3 16 -2.15258 5.19681 -12.5 1.78814e-05 5.62499 -12.5 1.63913e-05 0 -12.5
4 16 2.15258 5.19684 10 -1.19209e-05 5.62501 10 -1.78814e-05 5.62501 12.5 2.15258 5.19684 12.5
3 16 3.97746 3.97749 12.5 2.15258 5.19684 12.5 -1.3411e-05 0 12.5
3 16 -1.78814e-05 5.62501 12.5 -2.15261 5.19684 12.5 -1.3411e-05 0 12.5
3 16 1.78814e-05 5.62499 -12.5 2.15261 5.19681 -12.5 1.63913e-05 0 -12.5
3 16 2.15258 5.19684 12.5 -1.78814e-05 5.62501 12.5 -1.3411e-05 0 12.5
3 16 -4.54708 -3.125 10 -2.50001 5.96046e-06 10 -2.30971 -0.956702 10
3 16 -4.54706 3.125 -9.99998 -2.30969 0.956703 -9.99997 -1.76775 1.76776 -9.99997
3 16 -4.54706 3.125 -9.99998 -2.49998 -5.96046e-06 -9.99997 -2.30969 0.956703 -9.99997
4 16 -1.76775 -1.76777 -9.99997 -2.30969 -0.956714 -9.99997 -4.54708 -3.125 -9.99998 -3.97746 -3.97749 -9.99997
3 16 -3.97746 -3.97749 -12.5 -4.54708 -3.125 -12.5 1.63913e-05 0 -12.5
3 16 -4.54705 3.125 -12.5 -3.97746 3.97746 -12.5 1.63913e-05 0 -12.5
3 16 -4.54708 -3.125 -12.5 -4.54705 3.125 -12.5 1.63913e-05 0 -12.5
4 16 -4.54705 3.125 -12.5 -4.54706 3.125 -9.99998 -3.97746 3.97746 -9.99997 -3.97746 3.97746 -12.5
4 16 -2.30971 -0.956702 10 -1.76778 -1.76776 10 -3.97749 -3.97746 10 -4.54708 -3.125 10
3 16 -4.54709 -3.125 12.5 -3.97749 -3.97746 12.5 -1.3411e-05 0 12.5
4 16 -6.25 3.125 -9.99999 -6.25 -3.125 -9.99999 -4.54708 -3.125 -9.99998 -4.54706 3.125 -9.99998
4 16 -6.24999 -3.125 12.5 -6.25 -3.125 10 -4.54708 -3.125 10 -4.54709 -3.125 12.5
4 16 -6.25 3.125 10 -6.25 3.125 12.5 -4.54711 3.125 12.5 -4.54711 3.125 10
4 16 -6.25 3.125 -12.5 -4.54705 3.125 -12.5 -4.54708 -3.125 -12.5 -6.25001 -3.125 -12.5
4 16 -6.25 3.125 -12.5 -6.25 3.125 -9.99999 -4.54706 3.125 -9.99998 -4.54705 3.125 -12.5
4 16 -6.25 -3.125 -9.99999 -6.25001 -3.125 -12.5 -4.54708 -3.125 -12.5 -4.54708 -3.125 -9.99998
4 16 -6.24999 -3.125 12.5 -4.54709 -3.125 12.5 -4.54711 3.125 12.5 -6.25 3.125 12.5
4 16 -6.25 -3.125 10 -6.25 3.125 10 -4.54711 3.125 10 -4.54708 -3.125 10
5 24 1.63913e-05 0 -12.5 2.15261 -5.19684 -12.5 1.63913e-05 -5.62501 -12.5 3.97749 -3.97749 -12.5
2 24 -37.5 3.125 -9.99999 -8.75001 3.125 -10
2 24 -2.30969 0.956703 -9.99997 -1.76775 1.76776 -9.99997
5 24 -50.2275 -3.97746 -12.5 -50.2275 -3.97746 -10 -48.4026 -5.19681 -12.5 -51.4468 -2.15258 -12.5
5 24 -40 -3.125 10 -37.5 -3.125 10 -40 -3.125 -9.99999 -40 -3.125 12.5
5 24 -43.9403 0.956702 10 -41.7029 3.125 10 -44.4822 1.76776 10 -43.75 -6.70552e-06 10
5 24 -3.97746 -3.97749 -9.99997 -3.97746 -3.97749 -12.5 -2.15258 -5.19684 -9.99997 -4.54708 -3.125 -9.99998
5 24 1.76778 1.76776 -9.99997 3.97749 3.97746 -9.99996 2.30972 0.956703 -9.99997 0.956725 2.30969 -9.99997
5 24 5.19683 -2.15261 -9.99996 5.19684 -2.15261 -12.5 3.97749 -3.97749 -9.99996 5.62502 -1.41561e-05 -9.99996
5 24 -4.54711 3.125 10 -4.54708 -3.125 10 -2.30971 0.956715 10 -6.25 3.125 10
2 24 -46.25 -5.62499 -10 -44.0974 -5.19681 -10
2 24 -48.4026 -5.19684 10 -46.25 -5.62501 10
5 24 -45.2933 2.30969 10 -45.2933 2.30971 -10 -44.4822 1.76776 10 -46.25 2.49999 10
5 24 -48.0178 -1.76777 10 -48.0178 -1.76776 -10 -47.2067 -2.30971 10 -48.5597 -0.956716 10
2 24 -48.0178 -1.76776 -10 -47.2067 -2.30969 -10
5 24 2.1526 -5.19684 -9.99996 2.15261 -5.19684 -12.5 1.63913e-05 -5.62501 -9.99997 3.97749 -3.97749 -9.99996
5 24 -40 -3.125 -9.99999 -40 -3.125 -12.5 -37.5 -3.125 -9.99999 -41.7029 -3.125 -10
2 24 -48.4026 -5.19684 12.5 -46.25 -5.62501 12.5
5 24 -42.2725 -3.97749 12.5 -42.2725 -3.97749 10 -44.0974 -5.19684 12.5 -41.7029 -3.125 12.5
5 24 5.19681 2.15261 10 5.19681 2.15261 12.5 5.62498 1.41561e-05 10 3.97747 3.97749 10
2 24 -48.75 6.70552e-06 -10 -48.5597 -0.956702 -10
5 24 -51.4468 2.15261 -12.5 -46.25 7.45058e-07 -12.5 -51.875 1.49012e-05 -12.5 -50.2275 3.97749 -12.5
2 24 -1.78814e-05 5.62501 12.5 2.15258 5.19684 12.5
5 24 -48.4026 -5.19684 12.5 -46.25 0 12.5 -46.25 -5.62501 12.5 -50.2275 -3.97749 12.5
5 24 1.63913e-05 0 -12.5 5.62502 -1.41561e-05 -12.5 5.19684 -2.15261 -12.5 5.19684 2.15258 -12.5
5 24 -8.75001 3.125 -10 -6.25 3.125 -12.5 -37.5 3.125 -9.99999 -6.25 3.125 -9.99999
2 24 -41.7029 3.125 10 -41.7029 3.125 12.5
2 24 1.76775 1.76777 10 2.30968 0.956715 10
2 24 -37.5 1.875 10 -8.75001 1.875 10
5 24 2.30968 -0.956703 10 5.19681 -2.15258 10 1.76775 -1.76776 10 2.49998 5.96046e-06 10
2 24 -41.7029 3.125 -12.5 -41.7029 3.125 -10
5 24 -1.3411e-05 -2.49999 10 1.63913e-05 -2.50001 -9.99997 -0.956722 -2.30969 10 0.956696 -2.30969 10
2 24 -6.25 -3.125 10 -6.25 3.125 10
2 24 -45.2933 -2.30971 10 -44.4822 -1.76777 10
5 24 -50.2275 3.97746 10 -48.0178 1.76776 10 -51.4468 2.15258 10 -48.4026 5.19681 10
5 24 -43.9403 -0.956716 10 -43.9403 -0.956702 -10 -44.4822 -1.76777 10 -43.75 -6.70552e-06 10
2 24 1.76778 1.76776 -9.99997 2.30972 0.956703 -9.99997
2 24 -41.7029 -3.125 12.5 -40 -3.125 12.5
5 24 -48.75 -6.70552e-06 10 -48.75 6.70552e-06 -10 -48.5597 -0.956716 10 -48.5597 0.956702 10
2 24 -6.25 -3.125 10 -4.54708 -3.125 10
5 24 -1.3411e-05 2.50001 10 -1.19209e-05 5.62501 10 -0.956722 2.3097 10 0.956695 2.30971 10
2 24 -47.2067 -2.30969 -10 -46.25 -2.49999 -10
5 24 -41.7029 3.125 12.5 -41.7029 -3.125 12.5 -40 3.125 12.5 -46.25 0 12.5
2 24 1.63913e-05 -5.62501 -9.99997 2.1526 -5.19684 -9.99996
2 24 -6.25 3.125 10 -4.54711 3.125 10
2 24 1.63913e-05 -2.50001 -9.99997 0.95672 -2.30971 -9.99997
2 24 -46.25 -2.49999 -10 -45.2933 -2.30969 -10
2 24 -1.76775 -1.76777 -9.99997 -0.956692 -2.3097 -9.99997
2 24 -2.15258 5.19681 -12.5 1.78814e-05 5.62499 -12.5
5 24 -44.4822 1.76776 10 -42.2725 3.97746 10 -41.7029 3.125 10 -45.2933 2.30969 10
2 24 -43.9403 -0.956716 10 -43.75 -6.70552e-06 10
5 24 5.1968 -2.15258 12.5 5.19681 -2.15258 10 3.97746 -3.97746 12.5 5.62498 1.3411e-05 12.5
2 24 -51.4468 2.15261 -10 -50.2275 3.97749 -10
2 24 -48.5597 0.956702 10 -48.0178 1.76776 10
2 24 2.15258 5.19684 10 3.97747 3.97749 10
2 24 -2.50001 5.96046e-06 10 -2.30971 -0.956702 10
2 24 -46.25 -5.62501 12.5 -44.0974 -5.19684 12.5
5 24 -4.54706 3.125 -9.99998 -2.30969 0.956703 -9.99997 -1.76775 1.76776 -9.99997 -2.49998 -5.96046e-06 -9.99997
2 24 -51.4468 -2.15261 12.5 -50.2275 -3.97749 12.5
5 24 -48.4026 -5.19684 12.5 -48.4026 -5.19684 10 -46.25 -5.62501 12.5 -50.2275 -3.97749 12.5
5 24 0.956725 2.30969 -9.99997 2.15261 5.19681 -9.99997 1.76778 1.76776 -9.99997 1.63913e-05 2.49999 -9.99997
2 24 5.19681 -2.15258 10 5.62498 1.41561e-05 10
2 24 1.63913e-05 -5.62501 -12.5 2.15261 -5.19684 -12.5
5 24 -46.25 7.45058e-07 -12.5 -41.7029 -3.125 -12.5 -41.7029 3.125 -12.5 -42.2725 -3.97746 -12.5
5 24 -1.76778 -1.76776 10 -1.76775 -1.76777 -9.99997 -0.956722 -2.30969 10 -2.30971 -0.956702 10
5 24 3.97746 -3.97746 10 3.97746 -3.97746 12.5 2.15258 -5.19681 10 5.19681 -2.15258 10
2 24 -4.54705 3.125 -12.5 -3.97746 3.97746 -12.5
2 24 -37.5 -3.125 -9.99999 -37.5 -3.125 10
2 24 -2.15258 -5.19684 -12.5 1.63913e-05 -5.62501 -12.5
5 24 -45.2933 2.30969 10 -44.0974 5.19681 10 -44.4822 1.76776 10 -46.25 2.49999 10
5 24 -50.2275 3.97749 -12.5 -46.25 7.45058e-07 -12.5 -51.4468 2.15261 -12.5 -48.4026 5.19684 -12.5
2 24 -46.25 5.62499 10 -44.0974 5.19681 10
5 24 -51.875 -1.49012e-05 10 -51.875 -1.49012e-05 12.5 -51.4468 -2.15261 10 -51.4468 2.15258 10
2 24 -37.5 -3.125 -9.99999 -8.75002 -3.125 -10
2 24 -3.97746 3.97746 -12.5 -2.15258 5.19681 -12.5
2 24 -46.25 5.62499 12.5 -44.0974 5.19681 12.5
5 24 -46.25 -5.62501 12.5 -46.25 0 12.5 -44.0974 -5.19684 12.5 -48.4026 -5.19684 12.5
5 24 -4.54709 -3.125 12.5 -1.3411e-05 0 12.5 -4.54711 3.125 12.5 -3.97749 -3.97746 12.5
2 24 -1.3411e-05 -5.62499 10 2.15258 -5.19681 10
2 24 5.19681 2.15261 10 5.62498 1.41561e-05 10
5 24 -40 -3.125 12.5 -40 3.125 12.5 -6.24999 -3.125 12.5 -41.7029 -3.125 12.5
5 24 -43.75 6.70552e-06 -10 -41.7029 -3.125 -10 -43.9403 0.956716 -10 -43.9403 -0.956702 -10
2 24 -2.49998 -5.96046e-06 -9.99997 -2.30969 0.956703 -9.99997
5 24 0.956696 -2.30969 10 2.15258 -5.19681 10 -1.3411e-05 -2.49999 10 1.76775 -1.76776 10
2 24 -44.4822 -1.76777 10 -43.9403 -0.956716 10
2 24 -37.5 -3.125 10 -37.5 -1.875 10
5 24 -44.0974 5.19684 -12.5 -44.0974 5.19684 -10 -42.2725 3.97749 -12.5 -46.25 5.62501 -12.5
5 24 2.30972 0.956703 -9.99997 5.19684 2.15258 -9.99996 2.50002 -5.96046e-06 -9.99997 1.76778 1.76776 -9.99997
5 24 -3.97746 -3.97749 -9.99997 -1.76775 -1.76777 -9.99997 -2.15258 -5.19684 -9.99997 -4.54708 -3.125 -9.99998
5 24 -45.2933 -2.30969 -10 -44.0974 -5.19681 -10 -46.25 -2.49999 -10 -44.4822 -1.76776 -10
5 24 2.30968 0.956715 10 2.30972 0.956703 -9.99997 2.49998 5.96046e-06 10 1.76775 1.76777 10
5 24 -42.2725 3.97746 10 -42.2725 3.97746 12.5 -44.0974 5.19681 10 -41.7029 3.125 10
2 24 -41.7029 3.125 -10 -40 3.125 -9.99999
5 24 -6.25001 -3.125 -12.5 -6.25 3.125 -12.5 -40 -3.125 -12.5 -4.54708 -3.125 -12.5
2 24 2.1526 -5.19684 -9.99996 3.97749 -3.97749 -9.99996
2 24 -3.97746 -3.97749 -12.5 -2.15258 -5.19684 -12.5
5 24 -6.25 3.125 -12.5 -6.25 3.125 -9.99999 -8.75001 3.125 -10 -4.54705 3.125 -12.5
5 24 -1.3411e-05 0 12.5 2.15258 5.19684 12.5 3.97746 3.97749 12.5 -1.78814e-05 5.62501 12.5
5 24 -1.3411e-05 0 12.5 3.97746 -3.97746 12.5 2.15257 -5.19681 12.5 5.1968 -2.15258 12.5
2 24 -41.7029 -3.125 10 -40 -3.125 10
5 24 -2.15261 -5.19681 10 -2.15261 -5.19681 12.5 -1.3411e-05 -5.62499 10 -3.97749 -3.97746 10
2 24 2.15261 -5.19684 -12.5 3.97749 -3.97749 -12.5
5 24 -1.78814e-05 5.62501 12.5 -1.3411e-05 0 12.5 -2.15261 5.19684 12.5 2.15258 5.19684 12.5
2 24 2.15261 5.19681 -9.99997 3.97749 3.97746 -9.99996
2 24 -48.4026 -5.19681 -10 -46.25 -5.62499 -10
5 24 -4.54708 -3.125 -12.5 1.63913e-05 0 -12.5 -3.97746 -3.97749 -12.5 -4.54705 3.125 -12.5
2 24 -4.54708 -3.125 10 -3.97749 -3.97746 10
5 24 5.62502 -1.41561e-05 -12.5 5.62502 -1.41561e-05 -9.99996 5.19684 -2.15261 -12.5 5.19684 2.15258 -12.5
2 24 -0.956722 -2.30969 10 -1.3411e-05 -2.49999 10
2 24 -42.2725 -3.97749 10 -41.7029 -3.125 10
5 24 -51.4468 2.15258 10 -48.5597 0.956702 10 -51.875 -1.49012e-05 10 -50.2275 3.97746 10
2 24 0.956696 -2.30969 10 1.76775 -1.76776 10
5 24 -41.7029 -3.125 -12.5 -41.7029 3.125 -12.5 -46.25 7.45058e-07 -12.5 -40 -3.125 -12.5
2 24 -41.7029 3.125 10 -40 3.125 10
2 24 3.97749 -3.97749 -12.5 5.19684 -2.15261 -12.5
5 24 -50.2275 -3.97746 -10 -48.0178 -1.76776 -10 -48.4026 -5.19681 -10 -51.4468 -2.15258 -10
5 24 -4.54708 -3.125 -9.99998 -4.54706 3.125 -9.99998 -2.30969 -0.956714 -9.99997 -6.25 -3.125 -9.99999
5 24 -41.7029 3.125 10 -41.7029 -3.125 10 -40 3.125 10 -43.75 -6.70552e-06 10
5 24 -51.4468 -2.15258 -12.5 -46.25 7.45058e-07 -12.5 -50.2275 -3.97746 -12.5 -51.875 1.49012e-05 -12.5
5 24 0.956695 2.30971 10 2.15258 5.19684 10 1.76775 1.76777 10 -1.3411e-05 2.50001 10
5 24 -44.0974 5.19681 10 -44.0974 5.19681 12.5 -42.2725 3.97746 10 -46.25 5.62499 10
2 24 -42.2725 3.97746 12.5 -41.7029 3.125 12.5
2 24 -6.25 3.125 -12.5 -4.54705 3.125 -12.5
5 24 1.76775 1.76777 10 3.97747 3.97749 10 2.30968 0.956715 10 0.956695 2.30971 10
5 24 -48.4026 5.19681 10 -47.2067 2.30969 10 -50.2275 3.97746 10 -46.25 5.62499 10
2 24 -47.2067 2.30971 -10 -46.25 2.50001 -10
2 24 -37.5 -3.125 -9.99999 -37.5 -1.875 -9.99999
5 24 -46.25 7.45058e-07 -12.5 -42.2725 3.97749 -12.5 -41.7029 3.125 -12.5 -44.0974 5.19684 -12.5
5 24 -51.875 -1.49012e-05 10 -48.75 -6.70552e-06 10 -51.4468 -2.15261 10 -51.4468 2.15258 10
2 24 -51.875 -1.49012e-05 10 -51.4468 2.15258 10
2 24 -48.4026 5.19684 -10 -46.25 5.62501 -10
2 24 -37.5 -1.875 10 -8.75 -1.875 9.99999
2 24 3.97746 3.97749 12.5 5.19681 2.15261 12.5
5 24 -6.25001 -3.125 -12.5 -6.25 -3.125 -9.99999 -8.75002 -3.125 -10 -4.54708 -3.125 -12.5
2 24 3.97746 -3.97746 12.5 5.1968 -2.15258 12.5
2 24 -42.2725 -3.97749 12.5 -41.7029 -3.125 12.5
5 24 -1.3411e-05 0 12.5 5.62498 1.3411e-05 12.5 5.1968 -2.15258 12.5 5.19681 2.15261 12.5
2 24 -4.54709 -3.125 12.5 -4.54708 -3.125 10
5 24 -41.7029 -3.125 -10 -41.7029 3.125 -10 -43.75 6.70552e-06 -10 -40 -3.125 -9.99999
2 24 -51.875 1.49012e-05 -10 -51.4468 2.15261 -10
5 24 -40 -3.125 10 -40 -3.125 12.5 -37.5 -3.125 10 -41.7029 -3.125 10
5 24 -48.5597 -0.956716 10 -48.5597 -0.956702 -10 -48.0178 -1.76777 10 -48.75 -6.70552e-06 10
5 24 -46.25 0 12.5 -46.25 5.62499 12.5 -44.0974 5.19681 12.5 -48.4026 5.19681 12.5
5 24 -2.15258 -5.19684 -12.5 1.63913e-05 0 -12.5 1.63913e-05 -5.62501 -12.5 -3.97746 -3.97749 -12.5
5 24 -2.30971 -0.956702 10 -2.30969 -0.956714 -9.99997 -1.76778 -1.76776 10 -2.50001 5.96046e-06 10
5 24 -4.54711 3.125 12.5 -4.54709 -3.125 12.5 -1.3411e-05 0 12.5 -6.25 3.125 12.5
5 24 1.76778 -1.76777 -9.99996 3.97749 -3.97749 -9.99996 0.95672 -2.30971 -9.99997 2.30972 -0.956715 -9.99996
2 24 -48.5597 0.956716 -10 -48.0178 1.76777 -10
5 24 -47.2067 -2.30971 10 -47.2067 -2.30969 -10 -46.25 -2.50001 10 -48.0178 -1.76777 10
2 24 -37.5 1.875 -9.99999 -37.5 1.875 10
5 24 -46.25 0 12.5 -42.2725 3.97746 12.5 -44.0974 5.19681 12.5 -41.7029 3.125 12.5
5 24 5.62498 1.3411e-05 12.5 5.62498 1.41561e-05 10 5.1968 -2.15258 12.5 5.19681 2.15261 12.5
5 24 -3.97749 -3.97746 10 -1.76778 -1.76776 10 -2.15261 -5.19681 10 -4.54708 -3.125 10
5 24 -3.97746 3.97746 -12.5 1.63913e-05 0 -12.5 -2.15258 5.19681 -12.5 -4.54705 3.125 -12.5
2 24 -1.19209e-05 5.62501 10 2.15258 5.19684 10
5 24 1.63913e-05 0 -12.5 2.15261 5.19681 -12.5 3.9775 3.97746 -12.5 1.78814e-05 5.62499 -12.5
2 24 -47.2067 -2.30971 10 -46.25 -2.50001 10
2 24 -37.5 -1.875 -9.99999 -8.75002 -1.875 -10
2 24 -2.30971 0.956715 10 -1.76778 1.76777 10
2 24 -2.50001 5.96046e-06 10 -2.30971 0.956715 10
5 24 1.63913e-05 -5.62501 -12.5 1.63913e-05 -5.62501 -9.99997 -2.15258 -5.19684 -12.5 2.15261 -5.19684 -12.5
2 24 5.19681 2.15261 12.5 5.62498 1.3411e-05 12.5
2 24 -48.75 6.70552e-06 -10 -48.5597 0.956716 -10
5 24 -40 3.125 10 -40 3.125 12.5 -37.5 3.125 10 -41.7029 3.125 10
5 24 1.76775 -1.76776 10 1.76778 -1.76777 -9.99996 0.956696 -2.30969 10 2.30968 -0.956703 10
2 24 -43.9403 -0.956702 -10 -43.75 6.70552e-06 -10
5 24 -46.25 -5.62499 -12.5 -46.25 -5.62499 -10 -44.0974 -5.19681 -12.5 -48.4026 -5.19681 -12.5
5 24 -50.2275 3.97749 -12.5 -50.2275 3.97749 -10 -51.4468 2.15261 -12.5 -48.4026 5.19684 -12.5
2 24 -6.25 -3.125 -9.99999 -6.25 -3.125 10
2 24 -40 -3.125 -9.99999 -40 3.125 -9.99999
5 24 -4.54708 -3.125 -9.99998 -2.30969 -0.956714 -9.99997 -4.54706 3.125 -9.99998 -3.97746 -3.97749 -9.99997
2 24 -37.5 3.125 10 -8.75001 3.125 10
2 24 -37.5 3.125 -9.99999 -37.5 3.125 10
2 24 -40 -3.125 10 -40 3.125 10
2 24 0.956695 2.30971 10 1.76775 1.76777 10
2 24 5.1968 -2.15258 12.5 5.62498 1.3411e-05 12.5
5 24 -46.25 2.49999 10 -46.25 5.62499 10 -45.2933 2.30969 10 -47.2067 2.30969 10
5 24 -44.4822 -1.76776 -10 -42.2725 -3.97746 -10 -45.2933 -2.30969 -10 -43.9403 -0.956702 -10
2 24 -41.7029 -3.125 -12.5 -40 -3.125 -12.5
2 24 -3.97746 3.97746 -9.99997 -2.15258 5.19681 -9.99997
5 24 -4.54706 3.125 -9.99998 -2.49998 -5.96046e-06 -9.99997 -4.54708 -3.125 -9.99998 -2.30969 0.956703 -9.99997
5 24 -4.54711 3.125 12.5 -1.3411e-05 0 12.5 -3.97749 3.97749 12.5 -4.54709 -3.125 12.5
2 24 -40 -3.125 -12.5 -6.25001 -3.125 -12.5
2 24 -48.75 -6.70552e-06 10 -48.5597 -0.956716 10
2 24 -50.2275 -3.97746 -12.5 -48.4026 -5.19681 -12.5
2 24 -0.956722 2.3097 10 -1.3411e-05 2.50001 10
2 24 -48.0178 1.76777 -10 -47.2067 2.30971 -10
5 24 -40 -3.125 -12.5 -40 3.125 -12.5 -6.25001 -3.125 -12.5 -41.7029 -3.125 -12.5
5 24 -6.25 3.125 12.5 -6.25 3.125 10 -8.75001 3.125 10 -4.54711 3.125 12.5
2 24 -45.2933 2.30971 -10 -44.4822 1.76777 -10
2 24 -48.5597 -0.956702 -10 -48.0178 -1.76776 -10
2 24 -48.4026 5.19684 -12.5 -46.25 5.62501 -12.5
5 24 1.63913e-05 -5.62501 -9.99997 1.63913e-05 -2.50001 -9.99997 -2.15258 -5.19684 -9.99997 2.1526 -5.19684 -9.99996
5 24 1.63913e-05 0 -12.5 1.78814e-05 5.62499 -12.5 -2.15258 5.19681 -12.5 2.15261 5.19681 -12.5
2 24 -41.7029 3.125 12.5 -40 3.125 12.5
5 24 -51.875 1.49012e-05 -12.5 -51.875 1.49012e-05 -10 -51.4468 -2.15258 -12.5 -51.4468 2.15261 -12.5
5 24 -8.75 -3.125 9.99999 -6.24999 -3.125 12.5 -37.5 -3.125 10 -6.25 -3.125 10
5 24 -40 3.125 12.5 -37.5 3.125 10 -6.25 3.125 12.5 -40 3.125 10
2 24 3.9775 3.97746 -12.5 5.19684 2.15258 -12.5
2 24 -44.4822 1.76776 10 -43.9403 0.956702 10
2 24 -1.76778 1.76777 10 -0.956722 2.3097 10
2 24 -1.3411e-05 -5.62499 12.5 2.15257 -5.19681 12.5
5 24 -3.97746 -3.97749 -12.5 1.63913e-05 0 -12.5 -2.15258 -5.19684 -12.5 -4.54708 -3.125 -12.5
2 24 -46.25 -2.50001 10 -45.2933 -2.30971 10
5 24 -1.3411e-05 -5.62499 12.5 -1.3411e-05 0 12.5 -2.15261 -5.19681 12.5 2.15257 -5.19681 12.5
5 24 1.63913e-05 0 -12.5 5.19684 -2.15261 -12.5 3.97749 -3.97749 -12.5 5.62502 -1.41561e-05 -12.5
5 24 -46.25 5.62501 -12.5 -46.25 5.62501 -10 -44.0974 5.19684 -12.5 -48.4026 5.19684 -12.5
2 24 -4.54709 -3.125 12.5 -3.97749 -3.97746 12.5
5 24 -51.4468 2.15261 -10 -48.5597 0.956716 -10 -51.875 1.49012e-05 -10 -50.2275 3.97749 -10
5 24 2.49998 5.96046e-06 10 5.62498 1.41561e-05 10 2.30968 -0.956703 10 2.30968 0.956715 10
2 24 -40 3.125 12.5 -6.25 3.125 12.5
2 24 -45.2933 2.30969 10 -44.4822 1.76776 10
2 24 -44.0974 -5.19684 12.5 -42.2725 -3.97749 12.5
2 24 -41.7029 -3.125 12.5 -41.7029 -3.125 10
5 24 -51.875 -1.49012e-05 12.5 -46.25 0 12.5 -51.4468 -2.15261 12.5 -51.4468 2.15258 12.5
2 24 -51.4468 -2.15258 -10 -50.2275 -3.97746 -10
5 24 -46.25 0 12.5 -44.0974 -5.19684 12.5 -46.25 -5.62501 12.5 -42.2725 -3.97749 12.5
2 24 -44.0974 5.19681 12.5 -42.2725 3.97746 12.5
5 24 -40 -3.125 -9.99999 -37.5 -3.125 -9.99999 -40 -3.125 10 -40 -3.125 -12.5
5 24 -3.97749 3.97749 12.5 -1.3411e-05 0 12.5 -4.54711 3.125 12.5 -2.15261 5.19684 12.5
5 24 -51.4468 -2.15258 -10 -51.4468 -2.15258 -12.5 -50.2275 -3.97746 -10 -51.875 1.49012e-05 -10
2 24 -2.30971 -0.956702 10 -1.76778 -1.76776 10
2 24 3.97747 3.97749 10 5.19681 2.15261 10
2 24 2.30972 -0.956715 -9.99996 2.50002 -5.96046e-06 -9.99997
2 24 -50.2275 -3.97746 -10 -48.4026 -5.19681 -10
5 24 2.30968 0.956715 10 5.19681 2.15261 10 2.49998 5.96046e-06 10 1.76775 1.76777 10
2 24 -4.54708 -3.125 -12.5 -3.97746 -3.97749 -12.5
2 24 -51.4468 -2.15258 -12.5 -50.2275 -3.97746 -12.5
5 24 -2.15261 -5.19681 12.5 -1.3411e-05 0 12.5 -1.3411e-05 -5.62499 12.5 -3.97749 -3.97746 12.5
5 24 -8.75 -3.125 9.99999 -6.25 -3.125 10 -8.75002 -3.125 -10 -6.24999 -3.125 12.5
2 24 -48.4026 -5.19681 -12.5 -46.25 -5.62499 -12.5
5 24 2.50002 -5.96046e-06 -9.99997 5.62502 -1.41561e-05 -9.99996 2.30972 -0.956715 -9.99996 2.30972 0.956703 -9.99997
5 24 2.49998 5.96046e-06 10 2.50002 -5.96046e-06 -9.99997 2.30968 -0.956703 10 2.30968 0.956715 10
2 24 -8.75001 1.875 10 -8.75001 1.875 -10
5 24 -40 3.125 -12.5 -40 3.125 -9.99999 -37.5 3.125 -9.99999 -41.7029 3.125 -12.5
5 24 -48.4026 -5.19681 -12.5 -48.4026 -5.19681 -10 -46.25 -5.62499 -12.5 -50.2275 -3.97746 -12.5
5 24 -43.9403 -0.956702 -10 -41.7029 -3.125 -10 -43.75 6.70552e-06 -10 -44.4822 -1.76776 -10
5 24 -2.15258 5.19681 -12.5 1.63913e-05 0 -12.5 -3.97746 3.97746 -12.5 1.78814e-05 5.62499 -12.5
5 24 -51.4468 2.15258 12.5 -46.25 0 12.5 -51.875 -1.49012e-05 12.5 -50.2275 3.97746 12.5
5 24 -46.25 -5.62501 10 -46.25 -5.62501 12.5 -44.0974 -5.19684 10 -48.4026 -5.19684 10
2 24 5.19684 -2.15261 -12.5 5.62502 -1.41561e-05 -12.5
5 24 -50.2275 3.97746 10 -50.2275 3.97746 12.5 -51.4468 2.15258 10 -48.4026 5.19681 10
2 24 2.15258 -5.19681 10 3.97746 -3.97746 10
2 24 -2.30969 -0.956714 -9.99997 -1.76775 -1.76777 -9.99997
5 24 -46.25 7.45058e-07 -12.5 -44.0974 -5.19681 -12.5 -46.25 -5.62499 -12.5 -42.2725 -3.97746 -12.5
2 24 -44.0974 5.19684 -12.5 -42.2725 3.97749 -12.5
5 24 1.63913e-05 0 -12.5 5.19684 2.15258 -12.5 5.62502 -1.41561e-05 -12.5 3.9775 3.97746 -12.5
2 24 2.30968 -0.956703 10 2.49998 5.96046e-06 10
5 24 -43.75 -6.70552e-06 10 -43.75 6.70552e-06 -10 -43.9403 -0.956716 10 -43.9403 0.956702 10
5 24 -8.75002 -3.125 -10 -6.25 -3.125 -9.99999 -8.75 -3.125 9.99999 -6.25001 -3.125 -12.5
5 24 -1.3411e-05 -5.62499 10 -1.3411e-05 -2.49999 10 2.15258 -5.19681 10 -2.15261 -5.19681 10
5 24 -50.2275 -3.97749 10 -50.2275 -3.97749 12.5 -48.4026 -5.19684 10 -51.4468 -2.15261 10
5 24 -43.75 -6.70552e-06 10 -41.7029 3.125 10 -43.9403 -0.956716 10 -43.9403 0.956702 10
2 24 -44.4822 -1.76776 -10 -43.9403 -0.956702 -10
5 24 -0.956722 2.3097 10 -0.956692 2.30969 -9.99997 -1.76778 1.76777 10 -1.3411e-05 2.50001 10
2 24 -42.2725 -3.97746 -12.5 -41.7029 -3.125 -12.5
2 24 -2.15261 5.19684 12.5 -1.78814e-05 5.62501 12.5
5 24 -4.54706 3.125 -9.99998 -1.76775 1.76776 -9.99997 -3.97746 3.97746 -9.99997 -2.30969 0.956703 -9.99997
2 24 -8.75001 1.875 10 -8.75001 3.125 10
5 24 -44.0974 -5.19681 -12.5 -44.0974 -5.19681 -10 -46.25 -5.62499 -12.5 -42.2725 -3.97746 -12.5
2 24 -46.25 5.62501 -12.5 -44.0974 5.19684 -12.5
2 24 -37.5 1.875 10 -37.5 3.125 10
2 24 -51.4468 2.15258 12.5 -50.2275 3.97746 12.5
2 24 5.19684 2.15258 -9.99996 5.62502 -1.41561e-05 -9.99996
5 24 2.30972 -0.956715 -9.99996 5.19683 -2.15261 -9.99996 1.76778 -1.76777 -9.99996 2.50002 -5.96046e-06 -9.99997
2 24 -44.0974 5.19684 -10 -42.2725 3.97749 -10
5 24 -1.78814e-05 5.62501 12.5 -1.19209e-05 5.62501 10 -2.15261 5.19684 12.5 2.15258 5.19684 12.5
5 24 -50.2275 -3.97749 12.5 -46.25 0 12.5 -48.4026 -5.19684 12.5 -51.4468 -2.15261 12.5
5 24 -48.0178 1.76776 10 -48.0178 1.76777 -10 -48.5597 0.956702 10 -47.2067 2.30969 10
5 24 -8.75001 3.125 10 -6.25 3.125 12.5 -37.5 3.125 10 -6.25 3.125 10
2 24 -42.2725 -3.97746 -10 -41.7029 -3.125 -10
2 24 -50.2275 3.97749 -10 -48.4026 5.19684 -10
2 24 -8.75002 -1.875 -10 -8.75 -1.875 9.99999
2 24 3.97749 3.97746 -9.99996 5.19684 2.15258 -9.99996
2 24 -48.0178 1.76776 10 -47.2067 2.30969 10
2 24 2.15258 5.19684 12.5 3.97746 3.97749 12.5
2 24 -6.25 3.125 -9.99999 -4.54706 3.125 -9.99998
5 24 -50.2275 3.97746 12.5 -46.25 0 12.5 -51.4468 2.15258 12.5 -48.4026 5.19681 12.5
5 24 -1.3411e-05 0 12.5 2.15257 -5.19681 12.5 -1.3411e-05 -5.62499 12.5 3.97746 -3.97746 12.5
5 24 -48.4026 5.19684 -10 -48.4026 5.19684 -12.5 -50.2275 3.97749 -10 -46.25 5.62501 -10
2 24 -51.875 -1.49012e-05 10 -51.4468 -2.15261 10
2 24 -42.2725 3.97746 10 -41.7029 3.125 10
5 24 0.956696 -2.30969 10 0.95672 -2.30971 -9.99997 1.76775 -1.76776 10 -1.3411e-05 -2.49999 10
5 24 -2.15258 5.19681 -9.99997 -0.956692 2.30969 -9.99997 -3.97746 3.97746 -9.99997 1.19209e-05 5.62499 -9.99997
2 24 -50.2275 3.97749 -12.5 -48.4026 5.19684 -12.5
2 24 -4.54708 -3.125 -9.99998 -3.97746 -3.97749 -9.99997
5 24 -40 3.125 10 -37.5 3.125 10 -40 3.125 -9.99999 -40 3.125 12.5
5 24 -51.4468 2.15261 -12.5 -51.4468 2.15261 -10 -51.875 1.49012e-05 -12.5 -50.2275 3.97749 -12.5
5 24 -2.30971 0.956715 10 -2.30969 0.956703 -9.99997 -2.50001 5.96046e-06 10 -1.76778 1.76777 10
2 24 -51.875 -1.49012e-05 12.5 -51.4468 2.15258 12.5
5 24 -6.25 -3.125 10 -6.24999 -3.125 12.5 -8.75 -3.125 9.99999 -4.54708 -3.125 10
2 24 1.19209e-05 5.62499 -9.99997 2.15261 5.19681 -9.99997
2 24 -41.7029 -3.125 -10 -41.7029 -3.125 -12.5
5 24 -46.25 7.45058e-07 -12.5 -42.2725 -3.97746 -12.5 -44.0974 -5.19681 -12.5 -41.7029 -3.125 -12.5
5 24 -1.3411e-05 0 12.5 3.97746 3.97749 12.5 5.19681 2.15261 12.5 2.15258 5.19684 12.5
5 24 2.15258 5.19684 12.5 2.15258 5.19684 10 3.97746 3.97749 12.5 -1.78814e-05 5.62501 12.5
2 24 -1.76778 -1.76776 10 -0.956722 -2.30969 10
2 24 -50.2275 -3.97749 10 -48.4026 -5.19684 10
5 24 -44.0974 -5.19684 10 -44.0974 -5.19684 12.5 -46.25 -5.62501 10 -42.2725 -3.97749 10
2 24 -2.15261 -5.19681 10 -1.3411e-05 -5.62499 10
2 24 -0.956692 2.30969 -9.99997 1.63913e-05 2.49999 -9.99997
2 24 -4.54706 3.125 -9.99998 -3.97746 3.97746 -9.99997
5 24 -40 3.125 -12.5 -37.5 3.125 -9.99999 -6.25 3.125 -12.5 -40 3.125 -9.99999
2 24 -41.7029 3.125 -12.5 -40 3.125 -12.5
5 24 -43.9403 0.956716 -10 -41.7029 3.125 -10 -44.4822 1.76777 -10 -43.75 6.70552e-06 -10
5 24 -8.75002 -3.125 -10 -6.25001 -3.125 -12.5 -37.5 -3.125 -9.99999 -6.25 -3.125 -9.99999
5 24 2.15257 -5.19681 12.5 2.15258 -5.19681 10 -1.3411e-05 -5.62499 12.5 3.97746 -3.97746 12.5
2 24 1.76775 -1.76776 10 2.30968 -0.956703 10
5 24 -2.50001 5.96046e-06 10 -2.49998 -5.96046e-06 -9.99997 -2.30971 -0.956702 10 -2.30971 0.956715 10
2 24 -44.4822 1.76777 -10 -43.9403 0.956716 -10
5 24 -46.25 -5.62501 10 -46.25 -2.50001 10 -44.0974 -5.19684 10 -48.4026 -5.19684 10
2 24 -40 3.125 10 -40 3.125 -9.99999
2 24 1.63913e-05 2.49999 -9.99997 0.956725 2.30969 -9.99997
2 24 -46.25 2.49999 10 -45.2933 2.30969 10
2 24 -48.4026 5.19681 12.5 -46.25 5.62499 12.5
5 24 -48.4026 5.19681 12.5 -46.25 0 12.5 -50.2275 3.97746 12.5 -46.25 5.62499 12.5
5 24 -51.4468 -2.15261 10 -51.4468 -2.15261 12.5 -50.2275 -3.97749 10 -51.875 -1.49012e-05 10
2 24 -3.97749 3.97749 10 -2.15261 5.19684 10
5 24 -51.4468 2.15258 10 -51.4468 2.15258 12.5 -51.875 -1.49012e-05 10 -50.2275 3.97746 10
2 24 -1.76775 1.76776 -9.99997 -0.956692 2.30969 -9.99997
2 24 5.19684 2.15258 -12.5 5.62502 -1.41561e-05 -12.5
2 24 -1.3411e-05 -2.49999 10 0.956696 -2.30969 10
2 24 -37.5 -1.875 -9.99999 -37.5 -1.875 10
2 24 -3.97746 -3.97749 -9.99997 -2.15258 -5.19684 -9.99997
5 24 -4.54708 -3.125 10 -2.30971 -0.956702 10 -2.50001 5.96046e-06 10 -3.97749 -3.97746 10
5 24 -46.25 2.49999 10 -46.25 2.50001 -10 -45.2933 2.30969 10 -47.2067 2.30969 10
2 24 0.956725 2.30969 -9.99997 1.76778 1.76776 -9.99997
2 24 -37.5 1.875 -9.99999 -8.75001 1.875 -10
5 24 -2.15261 5.19684 10 -0.956722 2.3097 10 -3.97749 3.97749 10 -1.19209e-05 5.62501 10
2 24 -46.25 2.50001 -10 -45.2933 2.30971 -10
2 24 -8.75002 -3.125 -10 -8.75 -3.125 9.99999
5 24 -44.4822 -1.76777 10 -44.4822 -1.76776 -10 -45.2933 -2.30971 10 -43.9403 -0.956716 10
5 24 -51.4468 -2.15258 -10 -48.5597 -0.956702 -10 -50.2275 -3.97746 -10 -51.875 1.49012e-05 -10
5 24 -0.956722 -2.30969 10 -0.956692 -2.3097 -9.99997 -1.3411e-05 -2.49999 10 -1.76778 -1.76776 10
5 24 -48.4026 5.19681 12.5 -48.4026 5.19681 10 -50.2275 3.97746 12.5 -46.25 5.62499 12.5
5 24 -3.97749 -3.97746 12.5 -1.3411e-05 0 12.5 -2.15261 -5.19681 12.5 -4.54709 -3.125 12.5
5 24 -48.4026 -5.19681 -10 -47.2067 -2.30969 -10 -46.25 -5.62499 -10 -50.2275 -3.97746 -10
5 24 -2.15261 5.19684 12.5 -1.3411e-05 0 12.5 -3.97749 3.97749 12.5 -1.78814e-05 5.62501 12.5
2 24 -3.97749 3.97749 12.5 -2.15261 5.19684 12.5
5 24 -40 -3.125 -12.5 -37.5 -3.125 -9.99999 -6.25001 -3.125 -12.5 -40 -3.125 -9.99999
5 24 -4.54708 -3.125 -12.5 -4.54705 3.125 -12.5 1.63913e-05 0 -12.5 -6.25001 -3.125 -12.5
5 24 -51.4468 -2.15261 10 -48.5597 -0.956716 10 -50.2275 -3.97749 10 -51.875 -1.49012e-05 10
5 24 -3.97749 3.97749 10 -1.76778 1.76777 10 -4.54711 3.125 10 -2.15261 5.19684 10
5 24 -51.875 1.49012e-05 -10 -48.75 6.70552e-06 -10 -51.4468 -2.15258 -10 -51.4468 2.15261 -10
2 24 0.95672 -2.30971 -9.99997 1.76778 -1.76777 -9.99996
5 24 -48.4026 -5.19684 10 -47.2067 -2.30971 10 -46.25 -5.62501 10 -50.2275 -3.97749 10
5 24 -42.2725 3.97749 -10 -42.2725 3.97749 -12.5 -41.7029 3.125 -10 -44.0974 5.19684 -10
5 24 1.63913e-05 0 -12.5 3.9775 3.97746 -12.5 5.19684 2.15258 -12.5 2.15261 5.19681 -12.5
2 24 -4.54711 3.125 12.5 -3.97749 3.97749 12.5
2 24 -8.75001 1.875 -10 -8.75001 3.125 -10
5 24 3.97749 3.97746 -9.99996 3.9775 3.97746 -12.5 5.19684 2.15258 -9.99996 2.15261 5.19681 -9.99997
5 24 -46.25 -5.62499 -12.5 -46.25 7.45058e-07 -12.5 -44.0974 -5.19681 -12.5 -48.4026 -5.19681 -12.5
2 24 -8.75 -3.125 9.99999 -8.75 -1.875 9.99999
2 24 -4.54711 3.125 10 -4.54711 3.125 12.5
5 24 -1.3411e-05 0 12.5 5.19681 2.15261 12.5 5.62498 1.3411e-05 12.5 3.97746 3.97749 12.5
2 24 -37.5 -3.125 10 -8.75 -3.125 9.99999
5 24 -1.3411e-05 0 12.5 5.1968 -2.15258 12.5 3.97746 -3.97746 12.5 5.62498 1.3411e-05 12.5
2 24 -2.49998 -5.96046e-06 -9.99997 -2.30969 -0.956714 -9.99997
2 24 -45.2933 -2.30969 -10 -44.4822 -1.76776 -10
5 24 -50.2275 -3.97746 -12.5 -46.25 7.45058e-07 -12.5 -48.4026 -5.19681 -12.5 -51.4468 -2.15258 -12.5
5 24 -40 -3.125 12.5 -37.5 -3.125 10 -6.24999 -3.125 12.5 -40 -3.125 10
5 24 3.97749 -3.97749 -12.5 3.97749 -3.97749 -9.99996 2.15261 -5.19684 -12.5 5.19684 -2.15261 -12.5
2 24 -40 -3.125 12.5 -6.24999 -3.125 12.5
5 24 0.95672 -2.30971 -9.99997 2.1526 -5.19684 -9.99996 1.63913e-05 -2.50001 -9.99997 1.76778 -1.76777 -9.99996
2 24 -47.2067 2.30969 10 -46.25 2.49999 10
2 24 -51.4468 2.15258 10 -50.2275 3.97746 10
2 24 1.78814e-05 5.62499 -12.5 2.15261 5.19681 -12.5
5 24 -6.25 3.125 12.5 -6.24999 -3.125 12.5 -40 3.125 12.5 -4.54711 3.125 12.5
2 24 -2.15258 -5.19684 -9.99997 1.63913e-05 -5.62501 -9.99997
2 24 -44.0974 -5.19681 -12.5 -42.2725 -3.97746 -12.5
2 24 -48.5597 -0.956716 10 -48.0178 -1.76777 10
2 24 -3.97749 -3.97746 12.5 -2.15261 -5.19681 12.5
2 24 -40 -3.125 -9.99999 -40 -3.125 10
2 24 -44.0974 -5.19684 10 -42.2725 -3.97749 10
5 24 1.19209e-05 5.62499 -9.99997 1.78814e-05 5.62499 -12.5 -2.15258 5.19681 -9.99997 2.15261 5.19681 -9.99997
2 24 2.15257 -5.19681 12.5 3.97746 -3.97746 12.5
2 24 -1.3411e-05 2.50001 10 0.956695 2.30971 10
2 24 -43.9403 0.956702 10 -43.75 -6.70552e-06 10
5 24 -48.5597 0.956702 10 -48.5597 0.956716 -10 -48.75 -6.70552e-06 10 -48.0178 1.76776 10
2 24 -51.875 1.49012e-05 -10 -51.4468 -2.15258 -10
5 24 -1.3411e-05 2.50001 10 1.63913e-05 2.49999 -9.99997 -0.956722 2.3097 10 0.956695 2.30971 10
2 24 -40 3.125 -12.5 -6.25 3.125 -12.5
5 24 -3.97746 3.97746 -9.99997 -3.97746 3.97746 -12.5 -2.15258 5.19681 -9.99997 -4.54706 3.125 -9.99998
2 24 -43.9403 0.956716 -10 -43.75 6.70552e-06 -10
2 24 -51.875 -1.49012e-05 12.5 -51.4468 -2.15261 12.5
2 24 -44.0974 5.19681 10 -42.2725 3.97746 10
2 24 2.30972 0.956703 -9.99997 2.50002 -5.96046e-06 -9.99997
2 24 -46.25 -5.62499 -12.5 -44.0974 -5.19681 -12.5
2 24 -4.54706 3.125 -9.99998 -4.54705 3.125 -12.5
5 24 -46.25 0 12.5 -41.7029 -3.125 12.5 -42.2725 -3.97749 12.5 -41.7029 3.125 12.5
5 24 -46.25 -5.62499 -10 -46.25 -2.49999 -10 -44.0974 -5.19681 -10 -48.4026 -5.19681 -10
5 24 -2.15258 -5.19684 -12.5 -2.15258 -5.19684 -9.99997 1.63913e-05 -5.62501 -12.5 -3.97746 -3.97749 -12.5
2 24 -42.2725 3.97749 -10 -41.7029 3.125 -10
5 24 0.956695 2.30971 10 0.956725 2.30969 -9.99997 1.76775 1.76777 10 -1.3411e-05 2.50001 10
5 24 -2.15261 5.19684 10 -2.15261 5.19684 12.5 -3.97749 3.97749 10 -1.19209e-05 5.62501 10
5 24 -45.2933 -2.30971 10 -45.2933 -2.30969 -10 -46.25 -2.50001 10 -44.4822 -1.76777 10
2 24 2.15261 5.19681 -12.5 3.9775 3.97746 -12.5
5 24 3.97746 3.97749 12.5 3.97747 3.97749 10 5.19681 2.15261 12.5 2.15258 5.19684 12.5
5 24 -44.4822 1.76776 10 -44.4822 1.76777 -10 -43.9403 0.956702 10 -45.2933 2.30969 10
2 24 2.30968 0.956715 10 2.49998 5.96046e-06 10
2 24 3.97746 -3.97746 10 5.19681 -2.15258 10
5 24 -51.4468 -2.15261 12.5 -46.25 0 12.5 -50.2275 -3.97749 12.5 -51.875 -1.49012e-05 12.5
5 24 -46.25 5.62499 10 -46.25 5.62499 12.5 -44.0974 5.19681 10 -48.4026 5.19681 10
2 24 -41.7029 -3.125 -10 -40 -3.125 -9.99999
2 24 -42.2725 3.97749 -12.5 -41.7029 3.125 -12.5
5 24 -43.9403 -0.956716 10 -41.7029 -3.125 10 -43.75 -6.70552e-06 10 -44.4822 -1.76777 10
2 24 -51.875 1.49012e-05 -12.5 -51.4468 -2.15258 -12.5
2 24 -51.4468 -2.15261 10 -50.2275 -3.97749 10
5 24 -2.15258 -5.19684 -9.99997 -0.956692 -2.3097 -9.99997 -3.97746 -3.97749 -9.99997 1.63913e-05 -5.62501 -9.99997
5 24 -44.4822 1.76776 10 -41.7029 3.125 10 -42.2725 3.97746 10 -43.9403 0.956702 10
5 24 -42.2725 -3.97746 -12.5 -42.2725 -3.97746 -10 -44.0974 -5.19681 -12.5 -41.7029 -3.125 -12.5
5 24 -1.76778 1.76777 10 -1.76775 1.76776 -9.99997 -2.30971 0.956715 10 -0.956722 2.3097 10
2 24 -6.25 -3.125 -9.99999 -6.25 3.125 -9.99999
5 24 -48.4026 -5.19681 -12.5 -46.25 7.45058e-07 -12.5 -46.25 -5.62499 -12.5 -50.2275 -3.97746 -12.5
5 24 -3.97749 3.97749 12.5 -3.97749 3.97749 10 -4.54711 3.125 12.5 -2.15261 5.19684 12.5
2 24 -48.4026 5.19681 10 -46.25 5.62499 10
2 24 -50.2275 -3.97749 12.5 -48.4026 -5.19684 12.5
2 24 -48.0178 -1.76777 10 -47.2067 -2.30971 10
5 24 -40 3.125 -9.99999 -37.5 3.125 -9.99999 -40 3.125 10 -40 3.125 -12.5
2 24 -8.75002 -3.125 -10 -8.75002 -1.875 -10
5 24 -8.75001 3.125 10 -6.25 3.125 10 -8.75001 3.125 -10 -6.25 3.125 12.5
2 24 -8.75001 3.125 10 -8.75001 3.125 -10
2 24 -2.15261 -5.19681 12.5 -1.3411e-05 -5.62499 12.5
2 24 -6.25 3.125 10 -6.25 3.125 -9.99999
2 24 -6.25001 -3.125 -12.5 -4.54708 -3.125 -12.5
2 24 -2.15258 5.19681 -9.99997 1.19209e-05 5.62499 -9.99997
2 24 -4.54711 3.125 10 -3.97749 3.97749 10
5 24 -3.97749 -3.97746 12.5 -3.97749 -3.97746 10 -2.15261 -5.19681 12.5 -4.54709 -3.125 12.5
5 24 -8.75001 3.125 -10 -6.25 3.125 -9.99999 -8.75001 3.125 10 -6.25 3.125 -12.5
5 24 -46.25 7.45058e-07 -12.5 -41.7029 3.125 -12.5 -42.2725 3.97749 -12.5 -41.7029 -3.125 -12.5
2 24 1.76778 -1.76777 -9.99996 2.30972 -0.956715 -9.99996
5 24 -4.54705 3.125 -12.5 1.63913e-05 0 -12.5 -3.97746 3.97746 -12.5 -4.54708 -3.125 -12.5
2 24 -46.25 5.62501 -10 -44.0974 5.19684 -10
5 24 -3.97746 3.97746 -9.99997 -1.76775 1.76776 -9.99997 -4.54706 3.125 -9.99998 -2.15258 5.19681 -9.99997
2 24 -51.875 1.49012e-05 -12.5 -51.4468 2.15261 -12.5
5 24 -46.25 -2.50001 10 -46.25 -2.49999 -10 -45.2933 -2.30971 10 -47.2067 -2.30971 10
2 24 3.97749 -3.97749 -9.99996 5.19683 -2.15261 -9.99996
2 24 -0.956692 -2.3097 -9.99997 1.63913e-05 -2.50001 -9.99997
2 24 5.19683 -2.15261 -9.99996 5.62502 -1.41561e-05 -9.99996
5 24 -1.3411e-05 -5.62499 12.5 -1.3411e-05 -5.62499 10 -2.15261 -5.19681 12.5 2.15257 -5.19681 12.5
2 24 -50.2275 3.97746 12.5 -48.4026 5.19681 12.5
2 24 -6.24999 -3.125 12.5 -4.54709 -3.125 12.5
5 24 1.76775 1.76777 10 1.76778 1.76776 -9.99997 2.30968 0.956715 10 0.956695 2.30971 10
5 24 2.30968 -0.956703 10 2.30972 -0.956715 -9.99996 1.76775 -1.76776 10 2.49998 5.96046e-06 10
5 24 1.63913e-05 -5.62501 -12.5 1.63913e-05 0 -12.5 -2.15258 -5.19684 -12.5 2.15261 -5.19684 -12.5
5 24 -2.15261 -5.19681 10 -0.956722 -2.30969 10 -1.3411e-05 -5.62499 10 -3.97749 -3.97746 10
5 24 5.19684 2.15258 -12.5 5.19684 2.15258 -9.99996 5.62502 -1.41561e-05 -12.5 3.9775 3.97746 -12.5
2 24 -46.25 -5.62501 10 -44.0974 -5.19684 10
2 24 -6.25 -3.125 -9.99999 -4.54708 -3.125 -9.99998
2 24 -48.75 -6.70552e-06 10 -48.5597 0.956702 10
5 24 -46.25 0 12.5 -42.2725 -3.97749 12.5 -44.0974 -5.19684 12.5 -41.7029 -3.125 12.5
2 24 -3.97749 -3.97746 10 -2.15261 -5.19681 10
5 24 2.15261 5.19681 -9.99997 2.15261 5.19681 -12.5 3.97749 3.97746 -9.99996 1.19209e-05 5.62499 -9.99997
5 24 -51.875 1.49012e-05 -12.5 -46.25 7.45058e-07 -12.5 -51.4468 -2.15258 -12.5 -51.4468 2.15261 -12.5
5 24 1.63913e-05 0 -12.5 3.97749 -3.97749 -12.5 2.15261 -5.19684 -12.5 5.19684 -2.15261 -12.5
2 24 -51.4468 2.15261 -12.5 -50.2275 3.97749 -12.5
2 24 -6.25 3.125 12.5 -4.54711 3.125 12.5
5 24 -4.54711 3.125 10 -2.30971 0.956715 10 -3.97749 3.97749 10 -4.54708 -3.125 10
5 24 -2.15258 5.19681 -12.5 -2.15258 5.19681 -9.99997 -3.97746 3.97746 -12.5 1.78814e-05 5.62499 -12.5
5 24 -4.54708 -3.125 10 -2.50001 5.96046e-06 10 -4.54711 3.125 10 -2.30971 -0.956702 10
5 24 1.19209e-05 5.62499 -9.99997 1.63913e-05 2.49999 -9.99997 -2.15258 5.19681 -9.99997 2.15261 5.19681 -9.99997
2 24 -37.5 1.875 -9.99999 -37.5 3.125 -9.99999
2 24 -4.54708 -3.125 -9.99998 -4.54708 -3.125 -12.5
2 24 -44.0974 -5.19681 -10 -42.2725 -3.97746 -10
5 24 1.76775 -1.76776 10 3.97746 -3.97746 10 0.956696 -2.30969 10 2.30968 -0.956703 10
5 24 -50.2275 -3.97749 10 -48.0178 -1.76777 10 -48.4026 -5.19684 10 -51.4468 -2.15261 10
5 24 -43.9403 0.956702 10 -43.9403 0.956716 -10 -43.75 -6.70552e-06 10 -44.4822 1.76776 10
2 24 -2.15261 5.19684 10 -1.19209e-05 5.62501 10
5 24 -47.2067 2.30969 10 -47.2067 2.30971 -10 -48.0178 1.76776 10 -46.25 2.49999 10
5 24 -46.25 0 12.5 -41.7029 3.125 12.5 -42.2725 3.97746 12.5 -41.7029 -3.125 12.5
2 24 -50.2275 3.97746 10 -48.4026 5.19681 10
