0 Etiqueta E New York Express (camion sony)
0 enye.dat
0 Author: cpcbegin
0 BFC CERTIFY CW
4 16 118.754 20.073 0 103.806 20.073 0 103.806 17.891 0 118.754 17.891 0
4 16 107.128 17.891 0 103.806 17.891 0 103.806 17.454 0 107.128 17.454 0
4 16 106.713 17.454 0 103.806 17.454 0 103.806 17.018 0 106.713 17.018 0
4 16 106.298 17.018 0 103.806 17.018 0 103.806 16.145 0 106.298 16.145 0
4 16 105.882 16.145 0 103.806 16.145 0 103.806 14.836 0 105.882 14.836 0
4 16 110.035 16.582 0 108.374 16.582 0 108.374 13.964 0 110.035 13.964 0
4 16 105.467 14.836 0 103.806 14.836 0 103.806 13.964 0 105.467 13.964 0
4 16 116.263 17.891 0 112.941 17.891 0 112.941 13.527 0 116.263 13.527 0
4 16 110.45 13.964 0 108.374 13.964 0 108.374 13.527 0 110.45 13.527 0
4 16 116.263 13.527 0 108.374 13.527 0 108.374 11.345 0 116.263 11.345 0
4 16 25.329 11.782 0 23.253 11.782 0 23.253 11.345 0 25.329 11.345 0
4 16 19.516 11.782 0 17.439 11.782 0 17.439 11.345 0 19.516 11.345 0
4 16 110.45 11.345 0 108.374 11.345 0 108.374 10.909 0 110.45 10.909 0
4 16 47.751 11.345 0 46.92 11.345 0 46.92 10.909 0 47.751 10.909 0
4 16 44.429 11.345 0 43.183 11.345 0 43.183 10.909 0 44.429 10.909 0
4 16 42.353 11.345 0 39.031 11.345 0 39.031 10.909 0 42.353 10.909 0
4 16 36.955 11.345 0 33.633 11.345 0 33.633 10.909 0 36.955 10.909 0
4 16 26.159 11.345 0 22.422 11.345 0 22.422 10.909 0 26.159 10.909 0
4 16 20.346 11.345 0 16.609 11.345 0 16.609 10.909 0 20.346 10.909 0
4 16 99.654 10.909 0 98.823 10.909 0 98.823 10.473 0 99.654 10.473 0
4 16 78.478 10.909 0 78.062 10.909 0 78.062 10.473 0 78.478 10.473 0
4 16 71.419 10.909 0 69.343 10.909 0 69.343 10.473 0 71.419 10.473 0
4 16 66.851 10.909 0 63.529 10.909 0 63.529 10.473 0 66.851 10.473 0
4 16 58.132 10.909 0 56.886 10.909 0 56.886 10.473 0 58.132 10.473 0
4 16 52.734 11.345 0 48.581 11.345 0 48.581 10.473 0 52.734 10.473 0
4 16 47.751 10.909 0 46.09 10.909 0 46.09 10.473 0 47.751 10.473 0
4 16 44.844 10.909 0 43.183 10.909 0 43.183 10.473 0 44.844 10.473 0
4 16 42.353 10.909 0 38.201 10.909 0 38.201 10.473 0 42.353 10.473 0
4 16 36.955 10.909 0 32.803 10.909 0 32.803 10.473 0 36.955 10.473 0
4 16 31.557 11.345 0 27.405 11.345 0 27.405 10.473 0 31.557 10.473 0
4 16 26.574 10.909 0 24.913 10.909 0 24.913 10.473 0 26.574 10.473 0
4 16 23.253 10.909 0 22.007 10.909 0 22.007 10.473 0 23.253 10.473 0
4 16 20.761 10.909 0 19.1 10.909 0 19.1 10.473 0 20.761 10.473 0
4 16 17.439 10.909 0 16.194 10.909 0 16.194 10.473 0 17.439 10.473 0
4 16 99.654 10.473 0 98.408 10.473 0 98.408 10.036 0 99.654 10.036 0
4 16 88.858 10.909 0 88.028 10.909 0 88.028 10.036 0 88.858 10.036 0
4 16 85.952 10.909 0 84.706 10.909 0 84.706 10.036 0 85.952 10.036 0
4 16 82.63 10.909 0 81.799 10.909 0 81.799 10.036 0 82.63 10.036 0
4 16 78.062 10.909 0 76.817 10.909 0 76.817 10.036 0 78.062 10.036 0
4 16 74.74 10.909 0 73.495 10.909 0 73.495 10.036 0 74.74 10.036 0
4 16 72.249 10.473 0 68.512 10.473 0 68.512 10.036 0 72.249 10.036 0
4 16 66.851 10.473 0 62.699 10.473 0 62.699 10.036 0 66.851 10.036 0
4 16 58.547 10.473 0 57.301 10.473 0 57.301 10.036 0 58.547 10.036 0
4 16 47.336 10.473 0 46.09 10.473 0 46.09 10.036 0 47.336 10.036 0
4 16 44.844 10.473 0 43.599 10.473 0 43.599 10.036 0 44.844 10.036 0
4 16 39.446 10.473 0 37.785 10.473 0 37.785 10.036 0 39.446 10.036 0
4 16 34.048 10.473 0 32.388 10.473 0 32.388 10.036 0 34.048 10.036 0
4 16 22.837 10.473 0 21.592 10.473 0 21.592 10.036 0 22.837 10.036 0
4 16 17.024 10.473 0 15.778 10.473 0 15.778 10.036 0 17.024 10.036 0
4 16 99.654 10.036 0 97.993 10.036 0 97.993 9.6 0 99.654 9.6 0
4 16 93.841 10.909 0 89.273 10.909 0 89.273 9.6 0 93.841 9.6 0
4 16 86.367 10.036 0 85.952 10.036 0 85.952 9.6 0 86.367 9.6 0
4 16 85.952 10.036 0 84.291 10.036 0 84.291 9.6 0 85.952 9.6 0
4 16 77.647 10.036 0 76.401 10.036 0 76.401 9.6 0 77.647 9.6 0
4 16 75.156 10.036 0 73.495 10.036 0 73.495 9.6 0 75.156 9.6 0
4 16 72.664 10.036 0 70.588 10.036 0 70.588 9.6 0 72.664 9.6 0
4 16 70.173 10.036 0 68.097 10.036 0 68.097 9.6 0 70.173 9.6 0
4 16 63.945 10.036 0 62.284 10.036 0 62.284 9.6 0 63.945 9.6 0
4 16 58.962 10.036 0 57.716 10.036 0 57.716 9.6 0 58.962 9.6 0
4 16 46.92 10.036 0 45.675 10.036 0 45.675 9.6 0 46.92 9.6 0
4 16 45.26 10.036 0 43.599 10.036 0 43.599 9.6 0 45.26 9.6 0
4 16 22.837 10.036 0 22.007 10.036 0 22.007 9.6 0 22.837 9.6 0
4 16 17.024 10.036 0 16.194 10.036 0 16.194 9.6 0 17.024 9.6 0
4 16 105.467 10.909 0 103.806 10.909 0 103.806 9.164 0 105.467 9.164 0
4 16 77.647 9.6 0 75.986 9.6 0 75.986 9.164 0 77.647 9.164 0
4 16 75.156 9.6 0 73.91 9.6 0 73.91 9.164 0 75.156 9.164 0
4 16 72.664 9.6 0 71.419 9.6 0 71.419 9.164 0 72.664 9.164 0
4 16 69.343 9.6 0 68.097 9.6 0 68.097 9.164 0 69.343 9.164 0
4 16 59.377 9.6 0 58.132 9.6 0 58.132 9.164 0 59.377 9.164 0
4 16 46.92 9.6 0 44.014 9.6 0 44.014 9.164 0 46.92 9.164 0
4 16 39.031 10.036 0 37.785 10.036 0 37.785 9.164 0 39.031 9.164 0
4 16 33.633 10.036 0 32.388 10.036 0 32.388 9.164 0 33.633 9.164 0
4 16 26.574 10.473 0 25.329 10.473 0 25.329 9.164 0 26.574 9.164 0
4 16 20.761 10.473 0 19.516 10.473 0 19.516 9.164 0 20.761 9.164 0
4 16 99.654 9.6 0 97.578 9.6 0 97.578 8.727 0 99.654 8.727 0
4 16 88.858 10.036 0 87.612 10.036 0 87.612 8.727 0 88.858 8.727 0
4 16 83.045 10.036 0 81.799 10.036 0 81.799 8.727 0 83.045 8.727 0
4 16 77.232 9.164 0 75.986 9.164 0 75.986 8.727 0 77.232 8.727 0
4 16 75.571 9.164 0 74.325 9.164 0 74.325 8.727 0 75.571 8.727 0
4 16 73.08 9.164 0 71.419 9.164 0 71.419 8.727 0 73.08 8.727 0
4 16 69.343 9.164 0 67.682 9.164 0 67.682 8.727 0 69.343 8.727 0
4 16 63.529 9.6 0 62.284 9.6 0 62.284 8.727 0 63.529 8.727 0
4 16 61.453 10.909 0 60.208 10.909 0 60.208 8.727 0 61.453 8.727 0
4 16 59.792 9.164 0 58.547 9.164 0 58.547 8.727 0 59.792 8.727 0
4 16 52.734 10.473 0 51.488 10.473 0 51.488 8.727 0 52.734 8.727 0
4 16 46.505 9.164 0 44.429 9.164 0 44.429 8.727 0 46.505 8.727 0
4 16 42.353 10.473 0 41.107 10.473 0 41.107 8.727 0 42.353 8.727 0
4 16 39.446 9.164 0 37.785 9.164 0 37.785 8.727 0 39.446 8.727 0
4 16 36.955 10.473 0 35.709 10.473 0 35.709 8.727 0 36.955 8.727 0
4 16 34.048 9.164 0 32.388 9.164 0 32.388 8.727 0 34.048 8.727 0
4 16 31.557 10.473 0 30.311 10.473 0 30.311 8.727 0 31.557 8.727 0
4 16 26.574 9.164 0 24.083 9.164 0 24.083 8.727 0 26.574 8.727 0
4 16 20.761 9.164 0 18.27 9.164 0 18.27 8.727 0 20.761 8.727 0
4 16 110.035 10.909 0 108.374 10.909 0 108.374 8.291 0 110.035 8.291 0
4 16 99.654 8.727 0 97.163 8.727 0 97.163 8.291 0 99.654 8.291 0
4 16 93.841 9.6 0 92.18 9.6 0 92.18 8.291 0 93.841 8.291 0
4 16 86.367 9.6 0 84.291 9.6 0 84.291 8.291 0 86.367 8.291 0
4 16 77.232 8.727 0 74.325 8.727 0 74.325 8.291 0 77.232 8.291 0
4 16 66.851 10.036 0 65.606 10.036 0 65.606 8.291 0 66.851 8.291 0
4 16 63.945 8.727 0 62.284 8.727 0 62.284 8.291 0 63.945 8.291 0
4 16 26.159 8.727 0 22.837 8.727 0 22.837 8.291 0 26.159 8.291 0
4 16 20.346 8.727 0 17.024 8.727 0 17.024 8.291 0 20.346 8.291 0
4 16 105.882 9.164 0 103.806 9.164 0 103.806 7.855 0 105.882 7.855 0
4 16 99.654 8.291 0 96.747 8.291 0 96.747 7.855 0 99.654 7.855 0
4 16 77.232 8.291 0 74.74 8.291 0 74.74 7.855 0 77.232 7.855 0
4 16 61.453 8.727 0 58.547 8.727 0 58.547 7.855 0 61.453 7.855 0
4 16 58.547 8.291 0 58.132 8.291 0 58.132 7.855 0 58.547 7.855 0
4 16 52.734 8.727 0 48.996 8.727 0 48.996 7.855 0 52.734 7.855 0
4 16 46.09 8.727 0 44.429 8.727 0 44.429 7.855 0 46.09 7.855 0
4 16 42.353 8.727 0 38.616 8.727 0 38.616 7.855 0 42.353 7.855 0
4 16 36.955 8.727 0 33.218 8.727 0 33.218 7.855 0 36.955 7.855 0
4 16 31.557 8.727 0 27.82 8.727 0 27.82 7.855 0 31.557 7.855 0
4 16 25.744 8.291 0 25.329 8.291 0 25.329 7.855 0 25.744 7.855 0
4 16 25.329 8.291 0 22.007 8.291 0 22.007 7.855 0 25.329 7.855 0
4 16 19.931 8.291 0 19.516 8.291 0 19.516 7.855 0 19.931 7.855 0
4 16 19.516 8.291 0 16.194 8.291 0 16.194 7.855 0 19.516 7.855 0
4 16 97.578 7.855 0 96.332 7.855 0 96.332 7.418 0 97.578 7.418 0
4 16 95.917 10.909 0 94.671 10.909 0 94.671 7.418 0 95.917 7.418 0
4 16 93.841 8.291 0 89.689 8.291 0 89.689 7.418 0 93.841 7.418 0
4 16 76.817 7.855 0 74.74 7.855 0 74.74 7.418 0 76.817 7.418 0
4 16 66.851 8.291 0 63.114 8.291 0 63.114 7.418 0 66.851 7.418 0
4 16 59.792 7.855 0 58.132 7.855 0 58.132 7.418 0 59.792 7.418 0
4 16 46.505 7.855 0 44.429 7.855 0 44.429 7.418 0 46.505 7.418 0
4 16 42.353 7.855 0 39.031 7.855 0 39.031 7.418 0 42.353 7.418 0
4 16 36.955 7.855 0 32.803 7.855 0 32.803 7.418 0 36.955 7.418 0
4 16 106.298 7.855 0 103.806 7.855 0 103.806 6.982 0 106.298 6.982 0
4 16 97.578 7.418 0 94.671 7.418 0 94.671 6.982 0 97.578 6.982 0
4 16 88.443 8.727 0 87.612 8.727 0 87.612 6.982 0 88.443 6.982 0
4 16 86.367 8.291 0 85.536 8.291 0 85.536 6.982 0 86.367 6.982 0
4 16 85.121 8.291 0 84.291 8.291 0 84.291 6.982 0 85.121 6.982 0
4 16 83.045 8.727 0 82.214 8.727 0 82.214 6.982 0 83.045 6.982 0
4 16 73.08 8.727 0 71.834 8.727 0 71.834 6.982 0 73.08 6.982 0
4 16 68.927 8.727 0 67.682 8.727 0 67.682 6.982 0 68.927 6.982 0
4 16 66.851 7.418 0 62.699 7.418 0 62.699 6.982 0 66.851 6.982 0
4 16 58.962 7.418 0 57.716 7.418 0 57.716 6.982 0 58.962 6.982 0
4 16 46.92 7.418 0 44.014 7.418 0 44.014 6.982 0 46.92 6.982 0
4 16 34.048 7.418 0 32.388 7.418 0 32.388 6.982 0 34.048 6.982 0
4 16 26.159 7.418 0 25.329 7.418 0 25.329 6.982 0 26.159 6.982 0
4 16 20.346 7.418 0 19.516 7.418 0 19.516 6.982 0 20.346 6.982 0
4 16 106.713 6.982 0 103.806 6.982 0 103.806 6.545 0 106.713 6.545 0
4 16 88.443 6.982 0 87.197 6.982 0 87.197 6.545 0 88.443 6.545 0
4 16 86.782 6.982 0 85.536 6.982 0 85.536 6.545 0 86.782 6.545 0
4 16 85.121 6.982 0 83.875 6.982 0 83.875 6.545 0 85.121 6.545 0
4 16 83.46 6.982 0 82.214 6.982 0 82.214 6.545 0 83.46 6.545 0
4 16 73.08 6.982 0 71.419 6.982 0 71.419 6.545 0 73.08 6.545 0
4 16 69.343 6.982 0 67.682 6.982 0 67.682 6.545 0 69.343 6.545 0
4 16 63.945 6.982 0 62.284 6.982 0 62.284 6.545 0 63.945 6.545 0
4 16 58.962 6.982 0 57.301 6.982 0 57.301 6.545 0 58.962 6.545 0
4 16 46.92 6.982 0 45.675 6.982 0 45.675 6.545 0 46.92 6.545 0
4 16 45.26 6.982 0 44.014 6.982 0 44.014 6.545 0 45.26 6.545 0
4 16 26.574 6.982 0 25.329 6.982 0 25.329 6.545 0 26.574 6.545 0
4 16 22.837 7.855 0 21.592 7.855 0 21.592 6.545 0 22.837 6.545 0
4 16 20.761 6.982 0 19.516 6.982 0 19.516 6.545 0 20.761 6.545 0
4 16 17.024 7.855 0 15.778 7.855 0 15.778 6.545 0 17.024 6.545 0
4 16 116.263 11.345 0 112.941 11.345 0 112.941 6.109 0 116.263 6.109 0
4 16 107.543 6.545 0 103.806 6.545 0 103.806 6.109 0 107.543 6.109 0
4 16 97.163 6.982 0 94.671 6.982 0 94.671 6.109 0 97.163 6.109 0
4 16 72.664 6.545 0 71.419 6.545 0 71.419 6.109 0 72.664 6.109 0
4 16 69.343 6.545 0 68.097 6.545 0 68.097 6.109 0 69.343 6.109 0
4 16 58.547 6.545 0 57.301 6.545 0 57.301 6.109 0 58.547 6.109 0
4 16 52.734 7.855 0 51.488 7.855 0 51.488 6.109 0 52.734 6.109 0
4 16 47.336 6.545 0 46.09 6.545 0 46.09 6.109 0 47.336 6.109 0
4 16 44.844 6.545 0 43.599 6.545 0 43.599 6.109 0 44.844 6.109 0
4 16 31.557 7.855 0 30.311 7.855 0 30.311 6.109 0 31.557 6.109 0
4 16 26.159 6.545 0 24.913 6.545 0 24.913 6.109 0 26.159 6.109 0
4 16 23.253 6.545 0 21.592 6.545 0 21.592 6.109 0 23.253 6.109 0
4 16 20.346 6.545 0 19.1 6.545 0 19.1 6.109 0 20.346 6.109 0
4 16 17.439 6.545 0 15.778 6.545 0 15.778 6.109 0 17.439 6.109 0
4 16 93.841 7.418 0 92.18 7.418 0 92.18 5.673 0 93.841 5.673 0
4 16 88.028 6.545 0 85.952 6.545 0 85.952 5.673 0 88.028 5.673 0
4 16 84.706 6.545 0 82.63 6.545 0 82.63 5.673 0 84.706 5.673 0
4 16 72.664 6.109 0 70.588 6.109 0 70.588 5.673 0 72.664 5.673 0
4 16 70.173 6.109 0 68.097 6.109 0 68.097 5.673 0 70.173 5.673 0
4 16 58.132 6.109 0 56.886 6.109 0 56.886 5.673 0 58.132 5.673 0
4 16 47.751 6.109 0 46.09 6.109 0 46.09 5.673 0 47.751 5.673 0
4 16 33.633 6.982 0 32.388 6.982 0 32.388 5.673 0 33.633 5.673 0
4 16 25.744 6.109 0 22.007 6.109 0 22.007 5.673 0 25.744 5.673 0
4 16 19.931 6.109 0 16.194 6.109 0 16.194 5.673 0 19.931 5.673 0
4 16 96.747 6.109 0 94.671 6.109 0 94.671 5.236 0 96.747 5.236 0
4 16 72.249 5.673 0 68.512 5.673 0 68.512 5.236 0 72.249 5.236 0
4 16 63.529 6.545 0 62.284 6.545 0 62.284 5.236 0 63.529 5.236 0
4 16 58.132 5.673 0 56.471 5.673 0 56.471 5.236 0 58.132 5.236 0
4 16 52.734 6.109 0 48.581 6.109 0 48.581 5.236 0 52.734 5.236 0
4 16 47.751 5.673 0 46.505 5.673 0 46.505 5.236 0 47.751 5.236 0
4 16 44.429 6.109 0 43.183 6.109 0 43.183 5.236 0 44.429 5.236 0
4 16 42.353 7.418 0 41.107 7.418 0 41.107 5.236 0 42.353 5.236 0
4 16 36.955 7.418 0 35.709 7.418 0 35.709 5.236 0 36.955 5.236 0
4 16 33.218 5.673 0 32.388 5.673 0 32.388 5.236 0 33.218 5.236 0
4 16 31.557 6.109 0 27.405 6.109 0 27.405 5.236 0 31.557 5.236 0
4 16 24.913 5.673 0 22.837 5.673 0 22.837 5.236 0 24.913 5.236 0
4 16 19.1 5.673 0 17.024 5.673 0 17.024 5.236 0 19.1 5.236 0
4 16 96.332 5.236 0 94.671 5.236 0 94.671 4.8 0 96.332 4.8 0
4 16 87.612 5.673 0 85.952 5.673 0 85.952 4.8 0 87.612 4.8 0
4 16 84.706 5.673 0 83.045 5.673 0 83.045 4.8 0 84.706 4.8 0
4 16 76.401 7.418 0 75.156 7.418 0 75.156 4.8 0 76.401 4.8 0
4 16 71.419 5.236 0 69.343 5.236 0 69.343 4.8 0 71.419 4.8 0
4 16 66.851 6.982 0 65.606 6.982 0 65.606 4.8 0 66.851 4.8 0
4 16 63.114 5.236 0 62.284 5.236 0 62.284 4.8 0 63.114 4.8 0
4 16 61.453 7.855 0 60.208 7.855 0 60.208 4.8 0 61.453 4.8 0
4 16 57.301 5.236 0 56.055 5.236 0 56.055 4.8 0 57.301 4.8 0
4 16 118.754 6.109 0 103.806 6.109 0 103.806 4.364 0 118.754 4.364 0
4 16 99.654 7.855 0 98.408 7.855 0 98.408 4.364 0 99.654 4.364 0
4 16 95.917 4.8 0 94.671 4.8 0 94.671 4.364 0 95.917 4.364 0
4 16 93.841 5.673 0 89.273 5.673 0 89.273 4.364 0 93.841 4.364 0
4 16 87.197 4.8 0 86.367 4.8 0 86.367 4.364 0 87.197 4.364 0
4 16 84.291 4.8 0 83.46 4.8 0 83.46 4.364 0 84.291 4.364 0
0 
