0 Escalera    |S:S
0 Name: escalera.dat
0 Author: betatron
0 !LDRAW_ORG Unofficial_Part
0 BFC CERTIFY CCW 
2 24 -10 -16 -97.5 -10 -16 -82.5
2 24 -10 -16 22.5 -10 -16 17.5
2 24 -10 -16 -62.5 -10 -16 -57.5
2 24 -10 -16 -102.5 -10 -16 -117.5
2 24 -10 -16 42.5 -10 -16 57.5
2 24 -10 -16 77.5 -10 -16 62.5
2 24 -10 -16 -117.5 -10 -16 -122.5
2 24 -10 -16 -37.5 -10 -16 -22.5
2 24 -10 -16 110 -10 -16 102.5
2 24 -10 -16 82.5 -10 -16 97.5
2 24 -10 -16 57.5 -10 -16 62.5
2 24 -10 -16 77.5 -10 -16 82.5
2 24 -10 -16 -82.5 -10 -16 -77.5
2 24 -10 -16 -17.5 -10 -16 -22.5
2 24 -10 -16 -62.5 -10 -16 -77.5
2 24 -10 -16 -37.5 -10 -16 -42.5
2 24 -10 -16 -122.5 -10 -16 -130
2 24 -10 -16 97.5 -10 -16 102.5
2 24 -10 -16 22.5 -10 -16 37.5
2 24 -10 -16 -17.5 -10 -16 -2.5
2 24 -10 -16 -42.5 -10 -16 -57.5
2 24 -10 -16 -2.5 -10 -16 2.5
2 24 -10 -16 42.5 -10 -16 37.5
2 24 -10 -16 -97.5 -10 -16 -102.5
2 24 -10 -16 2.5 -10 -16 17.5
2 24 -7.5 -16 97.5 -7.5 -16 82.5
2 24 -7.5 -16 110 -7.5 -16 102.5
2 24 -7.5 -16 97.5 -7.5 -16 102.5
2 24 -10 -16 110 -7.5 -16 110
2 24 -7.5 -16 77.5 -7.5 -16 82.5
2 24 -7.5 -16 -22.5 -7.5 -16 -37.5
2 24 -7.5 -16 -2.5 -7.5 -16 -17.5
2 24 -7.5 -16 37.5 -7.5 -16 22.5
2 24 -7.5 -16 77.5 -7.5 -16 62.5
2 24 -7.5 -16 57.5 -7.5 -16 42.5
2 24 -7.5 -16 42.5 -7.5 -16 37.5
2 24 -7.5 -16 -17.5 -7.5 -16 -22.5
2 24 -7.5 -16 17.5 -7.5 -16 2.5
2 24 -7.5 -16 22.5 -7.5 -16 17.5
2 24 -7.5 -16 2.5 -7.5 -16 -2.5
2 24 -7.5 -16 -37.5 -7.5 -16 -42.5
2 24 -7.5 -16 62.5 -7.5 -16 57.5
2 24 -10 -16 -130 -7.5 -16 -130
2 24 -7.5 -16 -122.5 -7.5 -16 -130
2 24 -7.5 -16 -62.5 -7.5 -16 -77.5
2 24 -7.5 -16 -117.5 -7.5 -16 -122.5
2 24 -7.5 -16 -77.5 -7.5 -16 -82.5
2 24 -7.5 -16 -82.5 -7.5 -16 -97.5
2 24 -7.5 -16 -97.5 -7.5 -16 -102.5
2 24 -7.5 -16 -62.5 -7.5 -16 -57.5
2 24 -7.5 -16 -117.5 -7.5 -16 -102.5
2 24 -7.5 -16 -42.5 -7.5 -16 -57.5
2 24 27.5 -16 -17.5 27.5 -16 -2.5
2 24 27.5 -16 -37.5 27.5 -16 -22.5
2 24 27.5 -16 -130 27.5 -16 -122.5
2 24 27.5 -16 42.5 27.5 -16 57.5
2 24 27.5 -16 57.5 27.5 -16 62.5
2 24 27.5 -16 77.5 27.5 -16 62.5
2 24 27.5 -16 77.5 27.5 -16 82.5
2 24 27.5 -16 -82.5 27.5 -16 -77.5
2 24 27.5 -16 37.5 27.5 -16 42.5
2 24 27.5 -16 110 27.5 -16 102.5
2 24 27.5 -16 -42.5 27.5 -16 -37.5
2 24 27.5 -16 -2.5 27.5 -16 2.5
2 24 27.5 -16 -17.5 27.5 -16 -22.5
2 24 27.5 -16 -62.5 27.5 -16 -77.5
2 24 27.5 -16 -117.5 27.5 -16 -122.5
2 24 27.5 -16 22.5 27.5 -16 17.5
2 24 27.5 -16 -82.5 27.5 -16 -97.5
2 24 27.5 -16 97.5 27.5 -16 102.5
2 24 27.5 -16 37.5 27.5 -16 22.5
2 24 27.5 -16 -117.5 27.5 -16 -102.5
2 24 27.5 -16 -97.5 27.5 -16 -102.5
2 24 27.5 -16 -57.5 27.5 -16 -62.5
2 24 27.5 -16 2.5 27.5 -16 17.5
2 24 27.5 -16 -57.5 27.5 -16 -42.5
2 24 27.5 -16 82.5 27.5 -16 97.5
2 24 30 -16 -42.5 30 -16 -37.5
2 24 30 -16 22.5 30 -16 17.5
2 24 30 -16 37.5 30 -16 42.5
2 24 30 -16 -62.5 30 -16 -57.5
2 24 30 -16 -117.5 30 -16 -122.5
2 24 30 -16 -57.5 30 -16 -42.5
2 24 30 -16 97.5 30 -16 102.5
2 24 30 -16 82.5 30 -16 97.5
2 24 27.5 -16 110 30 -16 110
2 24 30 -16 57.5 30 -16 62.5
2 24 30 -16 37.5 30 -16 22.5
2 24 30 -16 42.5 30 -16 57.5
2 24 30 -16 -62.5 30 -16 -77.5
2 24 30 -16 -117.5 30 -16 -102.5
2 24 30 -16 -130 30 -16 -122.5
2 24 27.5 -16 -130 30 -16 -130
2 24 30 -16 -37.5 30 -16 -22.5
2 24 30 -16 -82.5 30 -16 -97.5
2 24 30 -16 -97.5 30 -16 -102.5
2 24 30 -16 77.5 30 -16 82.5
2 24 30 -16 77.5 30 -16 62.5
2 24 30 -16 -17.5 30 -16 -22.5
2 24 30 -16 17.5 30 -16 2.5
2 24 30 -16 110 30 -16 102.5
2 24 30 -16 -82.5 30 -16 -77.5
2 24 30 -16 -17.5 30 -16 -2.5
2 24 30 -16 -2.5 30 -16 2.5
2 24 -7.5 -13.5 97.5 -7.5 -13.5 82.5
2 24 -7.5 -16 110 -7.5 -13.5 110
2 24 -7.5 -13.5 102.5 -7.5 -13.5 97.5
2 24 -7.5 -13.5 110 -7.5 -13.5 102.5
2 24 -7.5 -13.5 77.5 -7.5 -13.5 82.5
2 24 -7.5 -13.5 2.5 -7.5 -13.5 -2.5
2 24 -7.5 -13.5 62.5 -7.5 -13.5 57.5
2 24 -7.5 -13.5 17.5 -7.5 -13.5 22.5
2 24 -7.5 -13.5 -22.5 -7.5 -13.5 -37.5
2 24 -7.5 -13.5 -37.5 -7.5 -13.5 -42.5
2 24 -7.5 -13.5 57.5 -7.5 -13.5 42.5
2 24 -7.5 -13.5 42.5 -7.5 -13.5 37.5
2 24 -7.5 -13.5 -22.5 -7.5 -13.5 -17.5
2 24 -7.5 -13.5 37.5 -7.5 -13.5 22.5
2 24 -7.5 -13.5 17.5 -7.5 -13.5 2.5
2 24 -7.5 -13.5 77.5 -7.5 -13.5 62.5
2 24 -7.5 -13.5 -2.5 -7.5 -13.5 -17.5
2 24 -7.5 -13.5 -117.5 -7.5 -13.5 -122.5
2 24 -7.5 -13.5 -122.5 -7.5 -13.5 -130
2 24 -7.5 -13.5 -102.5 -7.5 -13.5 -117.5
2 24 -7.5 -13.5 -82.5 -7.5 -13.5 -97.5
2 24 -7.5 -13.5 -77.5 -7.5 -13.5 -82.5
2 24 -7.5 -13.5 -62.5 -7.5 -13.5 -77.5
2 24 -7.5 -16 -130 -7.5 -13.5 -130
2 24 -7.5 -13.5 -62.5 -7.5 -13.5 -57.5
2 24 -7.5 -13.5 -97.5 -7.5 -13.5 -102.5
2 24 -7.5 -13.5 -42.5 -7.5 -13.5 -57.5
2 24 -5 -13.5 110 -5 -13.5 102.5
2 24 -7.5 -13.5 110 -5 -13.5 110
2 24 -5 -13.5 97.5 -5 -13.5 82.5
2 24 -5 -13.5 -22.5 -5 -13.5 -37.5
2 24 -5 -13.5 37.5 -5 -13.5 22.5
2 24 -5 -13.5 -2.5 -5 -13.5 -17.5
2 24 -5 -13.5 17.5 -5 -13.5 2.5
2 24 -5 -13.5 77.5 -5 -13.5 62.5
2 24 -5 -13.5 57.5 -5 -13.5 42.5
2 24 -5 -13.5 -130 -5 -13.5 -122.5
2 24 -7.5 -13.5 -130 -5 -13.5 -130
2 24 -5 -13.5 -82.5 -5 -13.5 -97.5
2 24 -5 -13.5 -42.5 -5 -13.5 -57.5
2 24 -5 -13.5 -102.5 -5 -13.5 -117.5
2 24 -5 -13.5 -62.5 -5 -13.5 -77.5
2 24 -5 -13.5 2.5 5 -13.5 2.5
2 24 -5 -13.5 -2.5 5 -13.5 -2.5
2 24 -5 -13.5 -117.5 5 -13.5 -117.5
2 24 -5 -13.5 -122.5 5 -13.5 -122.5
2 24 -5 -13.5 102.5 10 -13.5 102.5
2 24 -5 -13.5 62.5 10 -13.5 62.5
2 24 -5 -13.5 82.5 10 -13.5 82.5
2 24 -5 -13.5 57.5 10 -13.5 57.5
2 24 -5 -13.5 77.5 10 -13.5 77.5
2 24 -5 -13.5 97.5 10 -13.5 97.5
2 24 -5 -13.5 -22.5 10 -13.5 -22.5
2 24 -5 -13.5 37.5 10 -13.5 37.5
2 24 -5 -13.5 42.5 10 -13.5 42.5
2 24 -5 -13.5 -37.5 10 -13.5 -37.5
2 24 5 -13.5 -2.5 10 -13.5 -2.5
2 24 -5 -13.5 -62.5 10 -13.5 -62.5
2 24 -5 -13.5 17.5 10 -13.5 17.5
2 24 -5 -13.5 22.5 10 -13.5 22.5
2 24 -5 -13.5 -42.5 10 -13.5 -42.5
2 24 5 -13.5 2.5 10 -13.5 2.5
2 24 -5 -13.5 -17.5 10 -13.5 -17.5
2 24 -5 -13.5 -57.5 10 -13.5 -57.5
2 24 5 -13.5 -122.5 10 -13.5 -122.5
2 24 -5 -13.5 -77.5 10 -13.5 -77.5
2 24 -5 -13.5 -102.5 10 -13.5 -102.5
2 24 -5 -13.5 -97.5 10 -13.5 -97.5
2 24 -5 -13.5 -82.5 10 -13.5 -82.5
2 24 5 -13.5 -117.5 10 -13.5 -117.5
2 24 10 -13.5 -122.5 15 -13.5 -122.5
2 24 10 -13.5 -117.5 15 -13.5 -117.5
2 24 10 -13.5 2.5 15 -13.5 2.5
2 24 10 -13.5 -2.5 15 -13.5 -2.5
2 24 25 -13.5 17.5 25 -13.5 2.5
2 24 10 -13.5 -17.5 25 -13.5 -17.5
2 24 25 -13.5 37.5 25 -13.5 22.5
2 24 10 -13.5 -37.5 25 -13.5 -37.5
2 24 25 -13.5 -22.5 25 -13.5 -37.5
2 24 10 -13.5 -42.5 25 -13.5 -42.5
2 24 25 -13.5 102.5 25 -13.5 110
2 24 25 -13.5 -117.5 25 -13.5 -102.5
2 24 15 -13.5 2.5 25 -13.5 2.5
2 24 25 -13.5 -82.5 25 -13.5 -97.5
2 24 15 -13.5 -122.5 25 -13.5 -122.5
2 24 25 -13.5 -130 25 -13.5 -122.5
2 24 15 -13.5 -117.5 25 -13.5 -117.5
2 24 10 -13.5 42.5 25 -13.5 42.5
2 24 10 -13.5 -57.5 25 -13.5 -57.5
2 24 10 -13.5 17.5 25 -13.5 17.5
2 24 10 -13.5 37.5 25 -13.5 37.5
2 24 25 -13.5 -2.5 25 -13.5 -17.5
2 24 10 -13.5 -77.5 25 -13.5 -77.5
2 24 10 -13.5 62.5 25 -13.5 62.5
2 24 10 -13.5 97.5 25 -13.5 97.5
2 24 10 -13.5 -62.5 25 -13.5 -62.5
2 24 10 -13.5 102.5 25 -13.5 102.5
2 24 10 -13.5 22.5 25 -13.5 22.5
2 24 25 -13.5 82.5 25 -13.5 97.5
2 24 10 -13.5 -97.5 25 -13.5 -97.5
2 24 10 -13.5 -82.5 25 -13.5 -82.5
2 24 25 -13.5 77.5 25 -13.5 62.5
2 24 10 -13.5 82.5 25 -13.5 82.5
2 24 25 -13.5 -42.5 25 -13.5 -57.5
2 24 10 -13.5 77.5 25 -13.5 77.5
2 24 25 -13.5 -62.5 25 -13.5 -77.5
2 24 10 -13.5 -22.5 25 -13.5 -22.5
2 24 10 -13.5 57.5 25 -13.5 57.5
2 24 10 -13.5 -102.5 25 -13.5 -102.5
2 24 25 -13.5 57.5 25 -13.5 42.5
2 24 15 -13.5 -2.5 25 -13.5 -2.5
2 24 25 -13.5 110 27.5 -13.5 110
2 24 27.5 -13.5 37.5 27.5 -13.5 22.5
2 24 27.5 -13.5 -117.5 27.5 -13.5 -102.5
2 24 27.5 -13.5 -2.5 27.5 -13.5 -17.5
2 24 27.5 -13.5 77.5 27.5 -13.5 82.5
2 24 27.5 -13.5 -62.5 27.5 -13.5 -77.5
2 24 27.5 -13.5 22.5 27.5 -13.5 17.5
2 24 27.5 -13.5 37.5 27.5 -13.5 42.5
2 24 27.5 -13.5 -130 27.5 -13.5 -122.5
2 24 27.5 -13.5 -22.5 27.5 -13.5 -17.5
2 24 27.5 -13.5 -62.5 27.5 -13.5 -57.5
2 24 27.5 -13.5 -22.5 27.5 -13.5 -37.5
2 24 27.5 -13.5 -117.5 27.5 -13.5 -122.5
2 24 27.5 -13.5 -82.5 27.5 -13.5 -77.5
2 24 27.5 -16 110 27.5 -13.5 110
2 24 27.5 -13.5 -82.5 27.5 -13.5 -97.5
2 24 27.5 -13.5 -97.5 27.5 -13.5 -102.5
2 24 27.5 -13.5 -42.5 27.5 -13.5 -57.5
2 24 27.5 -13.5 82.5 27.5 -13.5 97.5
2 24 27.5 -13.5 102.5 27.5 -13.5 97.5
2 24 27.5 -13.5 57.5 27.5 -13.5 42.5
2 24 27.5 -13.5 102.5 27.5 -13.5 110
2 24 25 -13.5 -130 27.5 -13.5 -130
2 24 27.5 -13.5 57.5 27.5 -13.5 62.5
2 24 27.5 -13.5 -42.5 27.5 -13.5 -37.5
2 24 27.5 -16 -130 27.5 -13.5 -130
2 24 27.5 -13.5 77.5 27.5 -13.5 62.5
2 24 27.5 -13.5 17.5 27.5 -13.5 2.5
2 24 27.5 -13.5 -2.5 27.5 -13.5 2.5
2 24 -10 -10.5 -2.5 -10 -10.5 -17.5
2 24 -10 -10.5 17.5 -10 -10.5 2.5
2 24 -10 -16 -130 -10 -10.5 -130
2 24 -10 -10.5 -22.5 -10 -10.5 -17.5
2 24 -10 -10.5 -62.5 -10 -10.5 -77.5
2 24 -10 -10.5 -62.5 -10 -10.5 -57.5
2 24 -10 -10.5 102.5 -10 -10.5 97.5
2 24 -10 -10.5 82.5 -10 -10.5 97.5
2 24 -10 -10.5 -2.5 -10 -10.5 2.5
2 24 -10 -10.5 -42.5 -10 -10.5 -57.5
2 24 -10 -10.5 102.5 -10 -10.5 110
2 24 -10 -10.5 -122.5 -10 -10.5 -130
2 24 -10 -10.5 37.5 -10 -10.5 22.5
2 24 -10 -10.5 77.5 -10 -10.5 82.5
2 24 -10 -10.5 17.5 -10 -10.5 22.5
2 24 -10 -10.5 57.5 -10 -10.5 62.5
2 24 -10 -10.5 -102.5 -10 -10.5 -117.5
2 24 -10 -10.5 57.5 -10 -10.5 42.5
2 24 -10 -10.5 -37.5 -10 -10.5 -42.5
2 24 -10 -10.5 -117.5 -10 -10.5 -122.5
2 24 -10 -16 110 -10 -10.5 110
2 24 -10 -10.5 -22.5 -10 -10.5 -37.5
2 24 -10 -10.5 -82.5 -10 -10.5 -77.5
2 24 -10 -10.5 77.5 -10 -10.5 62.5
2 24 -10 -10.5 -97.5 -10 -10.5 -102.5
2 24 -10 -10.5 42.5 -10 -10.5 37.5
2 24 -10 -10.5 -97.5 -10 -10.5 -82.5
2 24 -7.5 -10.5 77.5 -7.5 -10.5 82.5
2 24 -10 -10.5 110 -7.5 -10.5 110
2 24 -7.5 -10.5 102.5 -7.5 -10.5 110
2 24 -7.5 -10.5 102.5 -7.5 -10.5 97.5
2 24 -7.5 -10.5 97.5 -7.5 -10.5 82.5
2 24 -7.5 -10.5 -2.5 -7.5 -10.5 2.5
2 24 -7.5 -10.5 77.5 -7.5 -10.5 62.5
2 24 -7.5 -10.5 57.5 -7.5 -10.5 42.5
2 24 -7.5 -10.5 22.5 -7.5 -10.5 17.5
2 24 -7.5 -10.5 37.5 -7.5 -10.5 22.5
2 24 -7.5 -10.5 -2.5 -7.5 -10.5 -17.5
2 24 -7.5 -10.5 -22.5 -7.5 -10.5 -37.5
2 24 -7.5 -10.5 -17.5 -7.5 -10.5 -22.5
2 24 -7.5 -10.5 57.5 -7.5 -10.5 62.5
2 24 -7.5 -10.5 42.5 -7.5 -10.5 37.5
2 24 -7.5 -10.5 17.5 -7.5 -10.5 2.5
2 24 -7.5 -10.5 -122.5 -7.5 -10.5 -130
2 24 -7.5 -10.5 -37.5 -7.5 -10.5 -42.5
2 24 -7.5 -10.5 -82.5 -7.5 -10.5 -97.5
2 24 -7.5 -10.5 -62.5 -7.5 -10.5 -57.5
2 24 -7.5 -10.5 -117.5 -7.5 -10.5 -122.5
2 24 -7.5 -10.5 -62.5 -7.5 -10.5 -77.5
2 24 -7.5 -10.5 -42.5 -7.5 -10.5 -57.5
2 24 -7.5 -10.5 -102.5 -7.5 -10.5 -117.5
2 24 -7.5 -10.5 -82.5 -7.5 -10.5 -77.5
2 24 -10 -10.5 -130 -7.5 -10.5 -130
2 24 -7.5 -10.5 -97.5 -7.5 -10.5 -102.5
2 24 27.5 -10.5 -62.5 27.5 -10.5 -77.5
2 24 27.5 -10.5 77.5 27.5 -10.5 62.5
2 24 27.5 -10.5 -117.5 27.5 -10.5 -102.5
2 24 27.5 -10.5 -22.5 27.5 -10.5 -17.5
2 24 27.5 -10.5 -2.5 27.5 -10.5 2.5
2 24 27.5 -10.5 57.5 27.5 -10.5 42.5
2 24 27.5 -10.5 110 27.5 -10.5 102.5
2 24 27.5 -10.5 22.5 27.5 -10.5 17.5
2 24 27.5 -10.5 37.5 27.5 -10.5 22.5
2 24 27.5 -10.5 -57.5 27.5 -10.5 -62.5
2 24 27.5 -10.5 82.5 27.5 -10.5 97.5
2 24 27.5 -10.5 42.5 27.5 -10.5 37.5
2 24 27.5 -10.5 -97.5 27.5 -10.5 -102.5
2 24 27.5 -10.5 -130 27.5 -10.5 -122.5
2 24 27.5 -10.5 102.5 27.5 -10.5 97.5
2 24 27.5 -10.5 17.5 27.5 -10.5 2.5
2 24 27.5 -10.5 -22.5 27.5 -10.5 -37.5
2 24 27.5 -10.5 -2.5 27.5 -10.5 -17.5
2 24 27.5 -10.5 -42.5 27.5 -10.5 -37.5
2 24 27.5 -10.5 -117.5 27.5 -10.5 -122.5
2 24 27.5 -10.5 57.5 27.5 -10.5 62.5
2 24 27.5 -10.5 77.5 27.5 -10.5 82.5
2 24 27.5 -10.5 -97.5 27.5 -10.5 -82.5
2 24 27.5 -10.5 -82.5 27.5 -10.5 -77.5
2 24 27.5 -10.5 -42.5 27.5 -10.5 -57.5
2 24 30 -10.5 110 30 -10.5 102.5
2 24 30 -10.5 -130 30 -10.5 -122.5
2 24 30 -10.5 17.5 30 -10.5 2.5
2 24 30 -10.5 102.5 30 -10.5 97.5
2 24 30 -10.5 -117.5 30 -10.5 -102.5
2 24 30 -10.5 22.5 30 -10.5 17.5
2 24 30 -10.5 -22.5 30 -10.5 -37.5
2 24 30 -10.5 82.5 30 -10.5 97.5
2 24 30 -10.5 -117.5 30 -10.5 -122.5
2 24 30 -10.5 57.5 30 -10.5 42.5
2 24 30 -10.5 -42.5 30 -10.5 -57.5
2 24 30 -10.5 -2.5 30 -10.5 2.5
2 24 30 -10.5 57.5 30 -10.5 62.5
2 24 30 -10.5 -57.5 30 -10.5 -62.5
2 24 30 -10.5 -42.5 30 -10.5 -37.5
2 24 30 -10.5 -97.5 30 -10.5 -102.5
2 24 30 -10.5 -22.5 30 -10.5 -17.5
2 24 27.5 -10.5 110 30 -10.5 110
2 24 30 -16 -130 30 -10.5 -130
2 24 30 -10.5 77.5 30 -10.5 82.5
2 24 30 -10.5 77.5 30 -10.5 62.5
2 24 30 -10.5 37.5 30 -10.5 22.5
2 24 27.5 -10.5 -130 30 -10.5 -130
2 24 30 -10.5 42.5 30 -10.5 37.5
2 24 30 -10.5 -82.5 30 -10.5 -77.5
2 24 30 -10.5 -62.5 30 -10.5 -77.5
2 24 30 -10.5 -2.5 30 -10.5 -17.5
2 24 30 -10.5 -97.5 30 -10.5 -82.5
2 24 30 -16 110 30 -10.5 110
2 24 -7.5 -8 102.5 -7.5 -8 97.5
2 24 -7.5 -8 102.5 -7.5 -8 110
2 24 -7.5 -10.5 110 -7.5 -8 110
2 24 -7.5 -8 110 -5 -8 110
2 24 -5 -13.5 110 -5 -8 110
2 24 -5 -13.5 97.5 -5 -8 97.5
2 24 -5 -8 110 -5 -8 102.5
2 24 -5 -13.5 102.5 -5 -8 102.5
2 24 -5 -8 97.5 10 -8 97.5
2 24 -5 -8 102.5 10 -8 102.5
2 24 25 -8 110 25 -8 102.5
2 24 10 -8 102.5 25 -8 102.5
2 24 25 -13.5 97.5 25 -8 97.5
2 24 25 -13.5 102.5 25 -8 102.5
2 24 25 -13.5 82.5 25 -8 82.5
2 24 10 -8 97.5 25 -8 97.5
2 24 25 -8 97.5 25 -8 82.5
2 24 25 -13.5 110 25 -8 110
2 24 27.5 -8 110 27.5 -8 102.5
2 24 27.5 -10.5 110 27.5 -8 110
2 24 27.5 -8 97.5 27.5 -8 82.5
2 24 27.5 -8 102.5 27.5 -8 97.5
2 24 25 -8 110 27.5 -8 110
2 24 -7.5 -8 82.5 -7.5 -8 77.5
2 24 -7.5 -8 97.5 -7.5 -8 82.5
2 24 -7.5 -8 77.5 -7.5 -8 62.5
2 24 -7.5 -8 62.5 -7.5 -8 57.5
2 24 -7.5 -8 57.5 -7.5 -8 42.5
2 24 -7.5 -8 42.5 -7.5 -8 37.5
2 24 -5 -8 97.5 -5 -8 82.5
2 24 -5 -13.5 82.5 -5 -8 82.5
2 24 -5 -13.5 77.5 -5 -8 77.5
2 24 -5 -13.5 57.5 -5 -8 57.5
2 24 -5 -13.5 42.5 -5 -8 42.5
2 24 -5 -8 77.5 -5 -8 62.5
2 24 -5 -13.5 62.5 -5 -8 62.5
2 24 -5 -13.5 37.5 -5 -8 37.5
2 24 -5 -8 57.5 -5 -8 42.5
2 24 -5 -8 57.5 10 -8 57.5
2 24 -5 -8 82.5 10 -8 82.5
2 24 -5 -8 62.5 10 -8 62.5
2 24 -5 -8 77.5 10 -8 77.5
2 24 -5 -8 42.5 10 -8 42.5
2 24 -5 -8 37.5 10 -8 37.5
2 24 25 -8 57.5 25 -8 42.5
2 24 25 -13.5 57.5 25 -8 57.5
2 24 25 -13.5 77.5 25 -8 77.5
2 24 25 -8 77.5 25 -8 62.5
2 24 25 -13.5 42.5 25 -8 42.5
2 24 10 -8 22.5 25 -8 22.5
2 24 25 -13.5 62.5 25 -8 62.5
2 24 10 -8 42.5 25 -8 42.5
2 24 10 -8 37.5 25 -8 37.5
2 24 10 -8 57.5 25 -8 57.5
2 24 10 -8 82.5 25 -8 82.5
2 24 25 -13.5 17.5 25 -8 17.5
2 24 25 -8 37.5 25 -8 22.5
2 24 25 -13.5 22.5 25 -8 22.5
2 24 25 -13.5 37.5 25 -8 37.5
2 24 10 -8 77.5 25 -8 77.5
2 24 10 -8 62.5 25 -8 62.5
2 24 27.5 -8 62.5 27.5 -8 57.5
2 24 27.5 -8 22.5 27.5 -8 17.5
2 24 27.5 -8 82.5 27.5 -8 77.5
2 24 27.5 -8 57.5 27.5 -8 42.5
2 24 27.5 -8 42.5 27.5 -8 37.5
2 24 27.5 -8 77.5 27.5 -8 62.5
2 24 27.5 -8 37.5 27.5 -8 22.5
2 24 -7.5 -8 17.5 -7.5 -8 2.5
2 24 -7.5 -8 22.5 -7.5 -8 17.5
2 24 -7.5 -8 -2.5 -7.5 -8 -17.5
2 24 -7.5 -8 -2.5 -7.5 -8 2.5
2 24 -7.5 -8 37.5 -7.5 -8 22.5
2 24 -7.5 -8 -17.5 -7.5 -8 -22.5
2 24 -5 -8 17.5 -5 -8 2.5
2 24 -5 -13.5 -22.5 -5 -8 -22.5
2 24 -5 -13.5 2.5 -5 -8 2.5
2 24 -5 -8 -2.5 -5 -8 -17.5
2 24 -5 -13.5 22.5 -5 -8 22.5
2 24 -5 -8 37.5 -5 -8 22.5
2 24 -5 -13.5 17.5 -5 -8 17.5
2 24 -5 -8 -2.5 -5 -8 2.5
2 24 -5 -13.5 -17.5 -5 -8 -17.5
2 24 -5 -13.5 -2.5 -5 -8 -2.5
2 24 5 -8 2.5 5 -8 -2.5
2 24 -5 -8 17.5 10 -8 17.5
2 24 -5 -8 -17.5 10 -8 -17.5
2 24 -5 -8 22.5 10 -8 22.5
2 24 5 -8 -2.5 10 -8 -2.5
2 24 5 -8 2.5 10 -8 2.5
2 24 -5 -8 -22.5 10 -8 -22.5
2 24 15 -8 -2.5 15 -8 2.5
2 24 10 -8 -2.5 15 -8 -2.5
2 24 10 -8 2.5 15 -8 2.5
2 24 25 -13.5 -2.5 25 -8 -2.5
2 24 25 -8 17.5 25 -8 2.5
2 24 25 -13.5 -17.5 25 -8 -17.5
2 24 25 -8 -2.5 25 -8 -17.5
2 24 25 -13.5 2.5 25 -8 2.5
2 24 10 -8 -17.5 25 -8 -17.5
2 24 25 -13.5 -22.5 25 -8 -22.5
2 24 25 -13.5 -37.5 25 -8 -37.5
2 24 25 -8 2.5 25 -8 -2.5
2 24 25 -8 -22.5 25 -8 -37.5
2 24 10 -8 -22.5 25 -8 -22.5
2 24 10 -8 17.5 25 -8 17.5
2 24 27.5 -8 -22.5 27.5 -8 -17.5
2 24 27.5 -8 -42.5 27.5 -8 -37.5
2 24 27.5 -8 17.5 27.5 -8 2.5
2 24 27.5 -8 -2.5 27.5 -8 -17.5
2 24 27.5 -8 -22.5 27.5 -8 -37.5
2 24 27.5 -8 -2.5 27.5 -8 2.5
2 24 -7.5 -8 -22.5 -7.5 -8 -37.5
2 24 -7.5 -8 -57.5 -7.5 -8 -62.5
2 24 -7.5 -8 -42.5 -7.5 -8 -57.5
2 24 -7.5 -8 -62.5 -7.5 -8 -77.5
2 24 -7.5 -8 -37.5 -7.5 -8 -42.5
2 24 -7.5 -8 -77.5 -7.5 -8 -82.5
2 24 -5 -8 -22.5 -5 -8 -37.5
2 24 -5 -13.5 -37.5 -5 -8 -37.5
2 24 -5 -13.5 -57.5 -5 -8 -57.5
2 24 -5 -8 -62.5 -5 -8 -77.5
2 24 -5 -13.5 -82.5 -5 -8 -82.5
2 24 -5 -13.5 -42.5 -5 -8 -42.5
2 24 -5 -8 -42.5 -5 -8 -57.5
2 24 -5 -13.5 -62.5 -5 -8 -62.5
2 24 -5 -13.5 -77.5 -5 -8 -77.5
2 24 -5 -8 -57.5 10 -8 -57.5
2 24 -5 -8 -37.5 10 -8 -37.5
2 24 -5 -8 -42.5 10 -8 -42.5
2 24 -5 -8 -62.5 10 -8 -62.5
2 24 -5 -8 -77.5 10 -8 -77.5
2 24 -5 -8 -82.5 10 -8 -82.5
2 24 10 -8 -77.5 25 -8 -77.5
2 24 10 -8 -82.5 25 -8 -82.5
2 24 25 -13.5 -77.5 25 -8 -77.5
2 24 10 -8 -37.5 25 -8 -37.5
2 24 25 -13.5 -102.5 25 -8 -102.5
2 24 25 -8 -42.5 25 -8 -57.5
2 24 25 -13.5 -82.5 25 -8 -82.5
2 24 10 -8 -62.5 25 -8 -62.5
2 24 25 -13.5 -62.5 25 -8 -62.5
2 24 25 -13.5 -97.5 25 -8 -97.5
2 24 10 -8 -97.5 25 -8 -97.5
2 24 10 -8 -57.5 25 -8 -57.5
2 24 25 -8 -62.5 25 -8 -77.5
2 24 25 -13.5 -57.5 25 -8 -57.5
2 24 25 -13.5 -42.5 25 -8 -42.5
2 24 25 -8 -82.5 25 -8 -97.5
2 24 10 -8 -42.5 25 -8 -42.5
2 24 27.5 -8 -77.5 27.5 -8 -82.5
2 24 27.5 -8 -97.5 27.5 -8 -102.5
2 24 27.5 -8 -62.5 27.5 -8 -77.5
2 24 27.5 -8 -82.5 27.5 -8 -97.5
2 24 27.5 -8 -42.5 27.5 -8 -57.5
2 24 27.5 -8 -57.5 27.5 -8 -62.5
2 24 -7.5 -8 -97.5 -7.5 -8 -102.5
2 24 -7.5 -8 -122.5 -7.5 -8 -130
2 24 -7.5 -8 -122.5 -7.5 -8 -117.5
2 24 -7.5 -8 -102.5 -7.5 -8 -117.5
2 24 -7.5 -10.5 -130 -7.5 -8 -130
2 24 -7.5 -8 -82.5 -7.5 -8 -97.5
2 24 -5 -13.5 -102.5 -5 -8 -102.5
2 24 -5 -13.5 -117.5 -5 -8 -117.5
2 24 -5 -8 -122.5 -5 -8 -130
2 24 -5 -13.5 -97.5 -5 -8 -97.5
2 24 -5 -13.5 -130 -5 -8 -130
2 24 -5 -8 -117.5 -5 -8 -122.5
2 24 -7.5 -8 -130 -5 -8 -130
2 24 -5 -8 -82.5 -5 -8 -97.5
2 24 -5 -13.5 -122.5 -5 -8 -122.5
2 24 -5 -8 -102.5 -5 -8 -117.5
2 24 5 -8 -117.5 5 -8 -122.5
2 24 5 -8 -122.5 10 -8 -122.5
2 24 -5 -8 -102.5 10 -8 -102.5
2 24 5 -8 -117.5 10 -8 -117.5
2 24 -5 -8 -97.5 10 -8 -97.5
2 24 10 -8 -122.5 15 -8 -122.5
2 24 10 -8 -117.5 15 -8 -117.5
2 24 15 -8 -117.5 15 -8 -122.5
2 24 10 -8 -102.5 25 -8 -102.5
2 24 25 -8 -122.5 25 -8 -130
2 24 25 -8 -102.5 25 -8 -117.5
2 24 25 -13.5 -130 25 -8 -130
2 24 25 -13.5 -117.5 25 -8 -117.5
2 24 25 -8 -117.5 25 -8 -122.5
2 24 25 -13.5 -122.5 25 -8 -122.5
2 24 25 -8 -130 27.5 -8 -130
2 24 27.5 -10.5 -130 27.5 -8 -130
2 24 27.5 -8 -122.5 27.5 -8 -130
2 24 27.5 -8 -122.5 27.5 -8 -117.5
2 24 27.5 -8 -102.5 27.5 -8 -117.5
2 24 -2.5 -5 0 -2.31 -5 -0.957
2 24 -2.5 -5 0 -2.31 -5 0.957
2 24 -2.31 -5 -0.957 -1.768 -5 -1.768
2 24 -2.31 -5 0.957 -1.768 -5 1.768
2 24 -1.768 -5 -1.768 -0.957 -5 -2.31
2 24 -1.768 -5 1.768 -0.957 -5 2.31
2 24 0.957 -5 2.31 1.768 -5 1.768
2 24 0.957 -5 -2.31 1.768 -5 -1.768
2 24 1.768 -5 -1.768 2.31 -5 -0.957
2 24 1.768 -5 1.768 2.31 -5 0.957
2 24 2.31 -5 0.957 2.5 -5 0
2 24 2.31 -5 -0.957 2.5 -5 0
2 24 17.5 -5 0 17.69 -5 0.957
2 24 17.5 -5 0 17.69 -5 -0.957
2 24 17.69 -5 -0.957 18.232 -5 -1.768
2 24 17.69 -5 0.957 18.232 -5 1.768
2 24 18.232 -5 -1.768 19.043 -5 -2.31
2 24 18.232 -5 1.768 19.043 -5 2.31
2 24 20.957 -5 -2.31 21.768 -5 -1.768
2 24 20.957 -5 2.31 21.768 -5 1.768
2 24 21.768 -5 -1.768 22.31 -5 -0.957
2 24 21.768 -5 1.768 22.31 -5 0.957
2 24 22.31 -5 0.957 22.5 -5 0
2 24 22.31 -5 -0.957 22.5 -5 0
2 24 -2.5 -5 -120 -2.31 -5 -120.957
2 24 -2.5 -5 -120 -2.31 -5 -119.043
2 24 -2.31 -5 -119.043 -1.768 -5 -118.232
2 24 -2.31 -5 -120.957 -1.768 -5 -121.768
2 24 -1.768 -5 -121.768 -0.957 -5 -122.31
2 24 -1.768 -5 -118.232 -0.957 -5 -117.69
2 24 0.957 -5 -122.31 1.768 -5 -121.768
2 24 0.957 -5 -117.69 1.768 -5 -118.232
2 24 1.768 -5 -121.768 2.31 -5 -120.957
2 24 1.768 -5 -118.232 2.31 -5 -119.043
2 24 2.31 -5 -119.043 2.5 -5 -120
2 24 2.31 -5 -120.957 2.5 -5 -120
2 24 17.5 -5 -120 17.69 -5 -120.957
2 24 17.5 -5 -120 17.69 -5 -119.043
2 24 17.69 -5 -120.957 18.232 -5 -121.768
2 24 17.69 -5 -119.043 18.232 -5 -118.232
2 24 18.232 -5 -121.768 19.043 -5 -122.31
2 24 18.232 -5 -118.232 19.043 -5 -117.69
2 24 20.957 -5 -122.31 21.768 -5 -121.768
2 24 20.957 -5 -117.69 21.768 -5 -118.232
2 24 21.768 -5 -118.232 22.31 -5 -119.043
2 24 21.768 -5 -121.768 22.31 -5 -120.957
2 24 22.31 -5 -119.043 22.5 -5 -120
2 24 22.31 -5 -120.957 22.5 -5 -120
2 24 20.957 0 2.31 21.768 0 1.768
2 24 20 0 2.5 20.957 0 2.31
2 24 21.768 0 1.768 22.31 0 0.957
2 24 22.31 0 0.957 22.5 0 0
2 24 19.043 0 2.31 20 0 2.5
2 24 20.957 0 -2.31 21.768 0 -1.768
2 24 21.768 0 -1.768 22.31 0 -0.957
2 24 22.31 0 -0.957 22.5 0 0
2 24 20 0 -2.5 20.957 0 -2.31
2 24 17.69 0 0.957 18.232 0 1.768
2 24 18.232 0 1.768 19.043 0 2.31
2 24 17.5 0 0 17.69 0 0.957
2 24 19.043 0 -2.31 20 0 -2.5
2 24 17.5 0 0 17.69 0 -0.957
2 24 -0.957 0 2.31 0 0 2.5
2 24 17.69 0 -0.957 18.232 0 -1.768
2 24 18.232 0 -1.768 19.043 0 -2.31
2 24 -2.31 0 0.957 -1.768 0 1.768
2 24 -1.768 0 1.768 -0.957 0 2.31
2 24 0 0 2.5 0.957 0 2.31
2 24 -2.5 0 0 -2.31 0 0.957
2 24 2.31 0 0.957 2.5 0 0
2 24 -2.5 0 0 -2.31 0 -0.957
2 24 2.31 0 -0.957 2.5 0 0
2 24 0.957 0 2.31 1.768 0 1.768
2 24 1.768 0 1.768 2.31 0 0.957
2 24 -0.957 0 -2.31 0 0 -2.5
2 24 -2.31 0 -0.957 -1.768 0 -1.768
2 24 -1.768 0 -1.768 -0.957 0 -2.31
2 24 0 0 -2.5 0.957 0 -2.31
2 24 0.957 0 -2.31 1.768 0 -1.768
2 24 1.768 0 -1.768 2.31 0 -0.957
2 24 17.69 0 -119.043 18.232 0 -118.232
2 24 17.5 0 -120 17.69 0 -119.043
2 24 18.232 0 -118.232 19.043 0 -117.69
2 24 17.5 0 -120 17.69 0 -120.957
2 24 19.043 0 -117.69 20 0 -117.5
2 24 17.69 0 -120.957 18.232 0 -121.768
2 24 20 0 -117.5 20.957 0 -117.69
2 24 18.232 0 -121.768 19.043 0 -122.31
2 24 20.957 0 -117.69 21.768 0 -118.232
2 24 19.043 0 -122.31 20 0 -122.5
2 24 21.768 0 -118.232 22.31 0 -119.043
2 24 -2.31 0 -119.043 -1.768 0 -118.232
2 24 -2.5 0 -120 -2.31 0 -119.043
2 24 20 0 -122.5 20.957 0 -122.31
2 24 -1.768 0 -118.232 -0.957 0 -117.69
2 24 22.31 0 -119.043 22.5 0 -120
2 24 20.957 0 -122.31 21.768 0 -121.768
2 24 21.768 0 -121.768 22.31 0 -120.957
2 24 22.31 0 -120.957 22.5 0 -120
2 24 -2.5 0 -120 -2.31 0 -120.957
2 24 -0.957 0 -117.69 0 0 -117.5
2 24 -2.31 0 -120.957 -1.768 0 -121.768
2 24 0 0 -117.5 0.957 0 -117.69
2 24 -1.768 0 -121.768 -0.957 0 -122.31
2 24 0.957 0 -117.69 1.768 0 -118.232
2 24 -0.957 0 -122.31 0 0 -122.5
2 24 1.768 0 -118.232 2.31 0 -119.043
2 24 0 0 -122.5 0.957 0 -122.31
2 24 2.31 0 -119.043 2.5 0 -120
2 24 0.957 0 -122.31 1.768 0 -121.768
2 24 1.768 0 -121.768 2.31 0 -120.957
2 24 2.31 0 -120.957 2.5 0 -120
3 16 -7.5 -16 97.5 -7.5 -16 102.5 -10 -16 102.5
3 16 -10 -16 102.5 -10 -16 97.5 -7.5 -16 97.5
3 16 -10 -16 102.5 -7.5 -16 102.5 -7.5 -16 110
3 16 -7.5 -16 77.5 -7.5 -16 82.5 -10 -16 82.5
3 16 -7.5 -16 77.5 -10 -16 77.5 -10 -16 62.5
3 16 -10 -16 82.5 -10 -16 77.5 -7.5 -16 77.5
3 16 -7.5 -16 97.5 -10 -16 97.5 -10 -16 82.5
3 16 -10 -16 82.5 -7.5 -16 82.5 -7.5 -16 97.5
3 16 -7.5 -16 110 -10 -16 110 -10 -16 102.5
3 16 -10 -16 42.5 -7.5 -16 42.5 -7.5 -16 57.5
3 16 -10 -16 62.5 -10 -16 57.5 -7.5 -16 57.5
3 16 -7.5 -16 -42.5 -7.5 -16 -37.5 -10 -16 -37.5
3 16 -7.5 -16 -22.5 -7.5 -16 -17.5 -10 -16 -17.5
3 16 -10 -16 62.5 -7.5 -16 62.5 -7.5 -16 77.5
3 16 -10 -16 42.5 -10 -16 37.5 -7.5 -16 37.5
3 16 -7.5 -16 17.5 -7.5 -16 22.5 -10 -16 22.5
3 16 -7.5 -16 57.5 -10 -16 57.5 -10 -16 42.5
3 16 -10 -16 22.5 -10 -16 17.5 -7.5 -16 17.5
3 16 -7.5 -16 57.5 -7.5 -16 62.5 -10 -16 62.5
3 16 -7.5 -16 -2.5 -10 -16 -2.5 -10 -16 -17.5
3 16 -10 -16 -17.5 -10 -16 -22.5 -7.5 -16 -22.5
3 16 -7.5 -16 37.5 -7.5 -16 42.5 -10 -16 42.5
3 16 -10 -16 -37.5 -7.5 -16 -37.5 -7.5 -16 -22.5
3 16 -10 -16 -17.5 -7.5 -16 -17.5 -7.5 -16 -2.5
3 16 -7.5 -16 17.5 -10 -16 17.5 -10 -16 2.5
3 16 -10 -16 -37.5 -10 -16 -42.5 -7.5 -16 -42.5
3 16 -10 -16 2.5 -10 -16 -2.5 -7.5 -16 -2.5
3 16 -7.5 -16 -2.5 -7.5 -16 2.5 -10 -16 2.5
3 16 -10 -16 22.5 -7.5 -16 22.5 -7.5 -16 37.5
3 16 -7.5 -16 -42.5 -10 -16 -42.5 -10 -16 -57.5
3 16 -7.5 -16 37.5 -10 -16 37.5 -10 -16 22.5
3 16 -10 -16 2.5 -7.5 -16 2.5 -7.5 -16 17.5
3 16 -7.5 -16 -22.5 -10 -16 -22.5 -10 -16 -37.5
3 16 -10 -16 -57.5 -7.5 -16 -57.5 -7.5 -16 -42.5
3 16 -7.5 -16 -102.5 -7.5 -16 -97.5 -10 -16 -97.5
3 16 -7.5 -16 -82.5 -10 -16 -82.5 -10 -16 -97.5
3 16 -10 -16 -97.5 -7.5 -16 -97.5 -7.5 -16 -82.5
3 16 -7.5 -16 -82.5 -7.5 -16 -77.5 -10 -16 -77.5
3 16 -10 -16 -77.5 -10 -16 -82.5 -7.5 -16 -82.5
3 16 -7.5 -16 -62.5 -10 -16 -62.5 -10 -16 -77.5
3 16 -10 -16 -57.5 -10 -16 -62.5 -7.5 -16 -62.5
3 16 -10 -16 -97.5 -10 -16 -102.5 -7.5 -16 -102.5
3 16 -10 -16 -77.5 -7.5 -16 -77.5 -7.5 -16 -62.5
3 16 -7.5 -16 -62.5 -7.5 -16 -57.5 -10 -16 -57.5
3 16 -7.5 -16 -122.5 -10 -16 -122.5 -10 -16 -130
3 16 -7.5 -16 -122.5 -7.5 -16 -117.5 -10 -16 -117.5
3 16 -10 -16 -117.5 -10 -16 -122.5 -7.5 -16 -122.5
3 16 -10 -16 -117.5 -7.5 -16 -117.5 -7.5 -16 -102.5
3 16 -7.5 -16 -102.5 -10 -16 -102.5 -10 -16 -117.5
3 16 -10 -16 -130 -7.5 -16 -130 -7.5 -16 -122.5
3 16 27.5 -16 -42.5 30 -16 -57.5 30 -16 -42.5
3 16 27.5 -16 -2.5 30 -16 -17.5 30 -16 -2.5
3 16 27.5 -16 57.5 30 -16 42.5 30 -16 57.5
3 16 30 -16 -57.5 27.5 -16 -42.5 27.5 -16 -57.5
3 16 27.5 -16 -2.5 30 -16 2.5 27.5 -16 2.5
3 16 30 -16 2.5 27.5 -16 -2.5 30 -16 -2.5
3 16 27.5 -16 57.5 30 -16 62.5 27.5 -16 62.5
3 16 30 -16 62.5 27.5 -16 57.5 30 -16 57.5
3 16 30 -16 42.5 27.5 -16 57.5 27.5 -16 42.5
3 16 27.5 -16 -102.5 30 -16 -117.5 30 -16 -102.5
3 16 27.5 -16 -122.5 30 -16 -117.5 27.5 -16 -117.5
3 16 30 -16 2.5 27.5 -16 17.5 27.5 -16 2.5
3 16 27.5 -16 37.5 30 -16 42.5 27.5 -16 42.5
3 16 27.5 -16 -82.5 30 -16 -77.5 27.5 -16 -77.5
3 16 27.5 -16 17.5 30 -16 2.5 30 -16 17.5
3 16 30 -16 -117.5 27.5 -16 -122.5 30 -16 -122.5
3 16 30 -16 42.5 27.5 -16 37.5 30 -16 37.5
3 16 27.5 -16 110 30 -16 102.5 30 -16 110
3 16 27.5 -16 -22.5 30 -16 -37.5 30 -16 -22.5
3 16 30 -16 -37.5 27.5 -16 -22.5 27.5 -16 -37.5
3 16 30 -16 82.5 27.5 -16 97.5 27.5 -16 82.5
3 16 27.5 -16 97.5 30 -16 82.5 30 -16 97.5
3 16 27.5 -16 97.5 30 -16 102.5 27.5 -16 102.5
3 16 30 -16 102.5 27.5 -16 97.5 30 -16 97.5
3 16 27.5 -16 -42.5 30 -16 -37.5 27.5 -16 -37.5
3 16 30 -16 -37.5 27.5 -16 -42.5 30 -16 -42.5
3 16 30 -16 -97.5 27.5 -16 -82.5 27.5 -16 -97.5
3 16 27.5 -16 -102.5 30 -16 -97.5 27.5 -16 -97.5
3 16 30 -16 -97.5 27.5 -16 -102.5 30 -16 -102.5
3 16 30 -16 102.5 27.5 -16 110 27.5 -16 102.5
3 16 30 -16 62.5 27.5 -16 77.5 27.5 -16 62.5
3 16 30 -16 82.5 27.5 -16 77.5 30 -16 77.5
3 16 27.5 -16 -82.5 30 -16 -97.5 30 -16 -82.5
3 16 27.5 -16 77.5 30 -16 62.5 30 -16 77.5
3 16 27.5 -16 77.5 30 -16 82.5 27.5 -16 82.5
3 16 30 -16 -77.5 27.5 -16 -82.5 30 -16 -82.5
3 16 30 -16 22.5 27.5 -16 17.5 30 -16 17.5
3 16 27.5 -16 17.5 30 -16 22.5 27.5 -16 22.5
3 16 30 -16 -17.5 27.5 -16 -22.5 30 -16 -22.5
3 16 30 -16 -57.5 27.5 -16 -62.5 30 -16 -62.5
3 16 27.5 -16 -62.5 30 -16 -57.5 27.5 -16 -57.5
3 16 27.5 -16 -62.5 30 -16 -77.5 30 -16 -62.5
3 16 30 -16 -77.5 27.5 -16 -62.5 27.5 -16 -77.5
3 16 30 -16 -130 27.5 -16 -122.5 27.5 -16 -130
3 16 27.5 -16 -122.5 30 -16 -130 30 -16 -122.5
3 16 27.5 -16 -22.5 30 -16 -17.5 27.5 -16 -17.5
3 16 27.5 -16 37.5 30 -16 22.5 30 -16 37.5
3 16 30 -16 22.5 27.5 -16 37.5 27.5 -16 22.5
3 16 30 -16 -117.5 27.5 -16 -102.5 27.5 -16 -117.5
3 16 30 -16 -17.5 27.5 -16 -2.5 27.5 -16 -17.5
3 16 -7.5 -16 77.5 -7.5 -13.5 77.5 -7.5 -13.5 82.5
3 16 -7.5 -16 77.5 -7.5 -13.5 82.5 -7.5 -16 82.5
3 16 -10 -16 110 -7.5 -16 110 -7.5 -13.5 110
3 16 -7.5 -13.5 110 -7.5 -16 110 -7.5 -16 102.5
3 16 -7.5 -16 102.5 -7.5 -13.5 102.5 -7.5 -13.5 110
3 16 -7.5 -16 97.5 -7.5 -13.5 97.5 -7.5 -13.5 102.5
3 16 -7.5 -16 82.5 -7.5 -13.5 82.5 -7.5 -13.5 97.5
3 16 -7.5 -13.5 97.5 -7.5 -16 97.5 -7.5 -16 82.5
3 16 -7.5 -16 97.5 -7.5 -13.5 102.5 -7.5 -16 102.5
3 16 -7.5 -16 -42.5 -7.5 -13.5 -37.5 -7.5 -16 -37.5
3 16 -7.5 -16 37.5 -7.5 -13.5 42.5 -7.5 -16 42.5
3 16 -7.5 -13.5 37.5 -7.5 -16 37.5 -7.5 -16 22.5
3 16 -7.5 -16 42.5 -7.5 -13.5 42.5 -7.5 -13.5 57.5
3 16 -7.5 -16 -42.5 -7.5 -13.5 -42.5 -7.5 -13.5 -37.5
3 16 -7.5 -16 17.5 -7.5 -13.5 22.5 -7.5 -16 22.5
3 16 -7.5 -16 22.5 -7.5 -13.5 22.5 -7.5 -13.5 37.5
3 16 -7.5 -16 37.5 -7.5 -13.5 37.5 -7.5 -13.5 42.5
3 16 -7.5 -16 17.5 -7.5 -13.5 17.5 -7.5 -13.5 22.5
3 16 -7.5 -13.5 57.5 -7.5 -16 57.5 -7.5 -16 42.5
3 16 -7.5 -13.5 -2.5 -7.5 -16 -2.5 -7.5 -16 -17.5
3 16 -7.5 -16 -17.5 -7.5 -13.5 -17.5 -7.5 -13.5 -2.5
3 16 -7.5 -16 -22.5 -7.5 -13.5 -17.5 -7.5 -16 -17.5
3 16 -7.5 -16 2.5 -7.5 -13.5 2.5 -7.5 -13.5 17.5
3 16 -7.5 -13.5 2.5 -7.5 -16 2.5 -7.5 -16 -2.5
3 16 -7.5 -16 -2.5 -7.5 -13.5 -2.5 -7.5 -13.5 2.5
3 16 -7.5 -13.5 17.5 -7.5 -16 17.5 -7.5 -16 2.5
3 16 -7.5 -13.5 -22.5 -7.5 -16 -22.5 -7.5 -16 -37.5
3 16 -7.5 -16 -37.5 -7.5 -13.5 -37.5 -7.5 -13.5 -22.5
3 16 -7.5 -16 57.5 -7.5 -13.5 57.5 -7.5 -13.5 62.5
3 16 -7.5 -16 57.5 -7.5 -13.5 62.5 -7.5 -16 62.5
3 16 -7.5 -16 -22.5 -7.5 -13.5 -22.5 -7.5 -13.5 -17.5
3 16 -7.5 -13.5 77.5 -7.5 -16 77.5 -7.5 -16 62.5
3 16 -7.5 -16 62.5 -7.5 -13.5 62.5 -7.5 -13.5 77.5
3 16 -7.5 -16 -117.5 -7.5 -13.5 -117.5 -7.5 -13.5 -102.5
3 16 -7.5 -13.5 -102.5 -7.5 -16 -102.5 -7.5 -16 -117.5
3 16 -7.5 -16 -122.5 -7.5 -13.5 -122.5 -7.5 -13.5 -117.5
3 16 -7.5 -16 -130 -10 -16 -130 -7.5 -13.5 -130
3 16 -7.5 -16 -57.5 -7.5 -13.5 -57.5 -7.5 -13.5 -42.5
3 16 -7.5 -13.5 -42.5 -7.5 -16 -42.5 -7.5 -16 -57.5
3 16 -7.5 -13.5 -82.5 -7.5 -16 -82.5 -7.5 -16 -97.5
3 16 -7.5 -13.5 -117.5 -7.5 -16 -117.5 -7.5 -16 -122.5
3 16 -7.5 -13.5 -122.5 -7.5 -16 -122.5 -7.5 -16 -130
3 16 -7.5 -16 -77.5 -7.5 -13.5 -77.5 -7.5 -13.5 -62.5
3 16 -7.5 -13.5 -62.5 -7.5 -16 -62.5 -7.5 -16 -77.5
3 16 -7.5 -16 -102.5 -7.5 -13.5 -102.5 -7.5 -13.5 -97.5
3 16 -7.5 -16 -130 -7.5 -13.5 -130 -7.5 -13.5 -122.5
3 16 -7.5 -16 -102.5 -7.5 -13.5 -97.5 -7.5 -16 -97.5
3 16 -7.5 -16 -62.5 -7.5 -13.5 -62.5 -7.5 -13.5 -57.5
3 16 -7.5 -16 -82.5 -7.5 -13.5 -77.5 -7.5 -16 -77.5
3 16 -7.5 -16 -97.5 -7.5 -13.5 -97.5 -7.5 -13.5 -82.5
3 16 -7.5 -16 -82.5 -7.5 -13.5 -82.5 -7.5 -13.5 -77.5
3 16 -7.5 -16 -62.5 -7.5 -13.5 -57.5 -7.5 -16 -57.5
3 16 -7.5 -13.5 102.5 -5 -13.5 102.5 -5 -13.5 110
3 16 -7.5 -13.5 82.5 -5 -13.5 82.5 -5 -13.5 97.5
3 16 -5 -13.5 110 -7.5 -13.5 110 -7.5 -13.5 102.5
3 16 -5 -13.5 77.5 -5 -13.5 82.5 -7.5 -13.5 82.5
3 16 -7.5 -13.5 82.5 -7.5 -13.5 77.5 -5 -13.5 77.5
3 16 -5 -13.5 77.5 -7.5 -13.5 77.5 -7.5 -13.5 62.5
3 16 -7.5 -13.5 102.5 -7.5 -13.5 97.5 -5 -13.5 97.5
3 16 -5 -13.5 97.5 -5 -13.5 102.5 -7.5 -13.5 102.5
3 16 -5 -13.5 97.5 -7.5 -13.5 97.5 -7.5 -13.5 82.5
3 16 -5 -13.5 -22.5 -7.5 -13.5 -22.5 -7.5 -13.5 -37.5
3 16 -7.5 -13.5 2.5 -5 -13.5 2.5 -5 -13.5 17.5
3 16 -5 -13.5 57.5 -5 -13.5 62.5 -7.5 -13.5 62.5
3 16 -5 -13.5 37.5 -5 -13.5 42.5 -7.5 -13.5 42.5
3 16 -7.5 -13.5 -37.5 -5 -13.5 -37.5 -5 -13.5 -22.5
3 16 -5 -13.5 17.5 -5 -13.5 22.5 -7.5 -13.5 22.5
3 16 -7.5 -13.5 62.5 -7.5 -13.5 57.5 -5 -13.5 57.5
3 16 -5 -13.5 -2.5 -7.5 -13.5 -2.5 -7.5 -13.5 -17.5
3 16 -7.5 -13.5 -17.5 -7.5 -13.5 -22.5 -5 -13.5 -22.5
3 16 -5 -13.5 -22.5 -5 -13.5 -17.5 -7.5 -13.5 -17.5
3 16 -7.5 -13.5 62.5 -5 -13.5 62.5 -5 -13.5 77.5
3 16 -7.5 -13.5 -17.5 -5 -13.5 -17.5 -5 -13.5 -2.5
3 16 -5 -13.5 17.5 -7.5 -13.5 17.5 -7.5 -13.5 2.5
3 16 -7.5 -13.5 22.5 -7.5 -13.5 17.5 -5 -13.5 17.5
3 16 -7.5 -13.5 -37.5 -7.5 -13.5 -42.5 -5 -13.5 -42.5
3 16 -5 -13.5 -42.5 -5 -13.5 -37.5 -7.5 -13.5 -37.5
3 16 -7.5 -13.5 42.5 -7.5 -13.5 37.5 -5 -13.5 37.5
3 16 -7.5 -13.5 2.5 -7.5 -13.5 -2.5 -5 -13.5 -2.5
3 16 -7.5 -13.5 22.5 -5 -13.5 22.5 -5 -13.5 37.5
3 16 -5 -13.5 37.5 -7.5 -13.5 37.5 -7.5 -13.5 22.5
3 16 -5 -13.5 57.5 -7.5 -13.5 57.5 -7.5 -13.5 42.5
3 16 -7.5 -13.5 42.5 -5 -13.5 42.5 -5 -13.5 57.5
3 16 -5 -13.5 -42.5 -7.5 -13.5 -42.5 -7.5 -13.5 -57.5
3 16 -5 -13.5 -2.5 -5 -13.5 2.5 -7.5 -13.5 2.5
3 16 -5 -13.5 -82.5 -5 -13.5 -77.5 -7.5 -13.5 -77.5
3 16 -5 -13.5 -102.5 -7.5 -13.5 -102.5 -7.5 -13.5 -117.5
3 16 -7.5 -13.5 -77.5 -7.5 -13.5 -82.5 -5 -13.5 -82.5
3 16 -7.5 -13.5 -130 -5 -13.5 -130 -5 -13.5 -122.5
3 16 -7.5 -13.5 -57.5 -5 -13.5 -57.5 -5 -13.5 -42.5
3 16 -7.5 -13.5 -97.5 -7.5 -13.5 -102.5 -5 -13.5 -102.5
3 16 -5 -13.5 -62.5 -7.5 -13.5 -62.5 -7.5 -13.5 -77.5
3 16 -7.5 -13.5 -57.5 -7.5 -13.5 -62.5 -5 -13.5 -62.5
3 16 -7.5 -13.5 -97.5 -5 -13.5 -97.5 -5 -13.5 -82.5
3 16 -5 -13.5 -82.5 -7.5 -13.5 -82.5 -7.5 -13.5 -97.5
3 16 -5 -13.5 -122.5 -7.5 -13.5 -122.5 -7.5 -13.5 -130
3 16 -5 -13.5 -102.5 -5 -13.5 -97.5 -7.5 -13.5 -97.5
3 16 -5 -13.5 -62.5 -5 -13.5 -57.5 -7.5 -13.5 -57.5
3 16 -7.5 -13.5 -77.5 -5 -13.5 -77.5 -5 -13.5 -62.5
3 16 -5 -13.5 -122.5 -5 -13.5 -117.5 -7.5 -13.5 -117.5
3 16 -7.5 -13.5 -117.5 -5 -13.5 -117.5 -5 -13.5 -102.5
3 16 -7.5 -13.5 -117.5 -7.5 -13.5 -122.5 -5 -13.5 -122.5
3 16 5 -13.5 -2.5 5 -13.5 2.5 -5 -13.5 2.5
3 16 -5 -13.5 2.5 -5 -13.5 -2.5 5 -13.5 -2.5
3 16 5 -13.5 -122.5 5 -13.5 -117.5 -5 -13.5 -117.5
3 16 -5 -13.5 -117.5 -5 -13.5 -122.5 5 -13.5 -122.5
3 16 -5 -13.5 102.5 -5 -13.5 97.5 10 -13.5 97.5
3 16 10 -13.5 57.5 10 -13.5 62.5 -5 -13.5 62.5
3 16 -5 -13.5 62.5 -5 -13.5 57.5 10 -13.5 57.5
3 16 -5 -13.5 82.5 -5 -13.5 77.5 10 -13.5 77.5
3 16 10 -13.5 77.5 10 -13.5 82.5 -5 -13.5 82.5
3 16 10 -13.5 97.5 10 -13.5 102.5 -5 -13.5 102.5
3 16 10 -13.5 -62.5 10 -13.5 -57.5 -5 -13.5 -57.5
3 16 -5 -13.5 -57.5 -5 -13.5 -62.5 10 -13.5 -62.5
3 16 10 -13.5 17.5 10 -13.5 22.5 -5 -13.5 22.5
3 16 -5 -13.5 22.5 -5 -13.5 17.5 10 -13.5 17.5
3 16 10 -13.5 -42.5 10 -13.5 -37.5 -5 -13.5 -37.5
3 16 -5 -13.5 -37.5 -5 -13.5 -42.5 10 -13.5 -42.5
3 16 5 -13.5 -2.5 10 -13.5 -2.5 10 -13.5 2.5
3 16 10 -13.5 2.5 5 -13.5 2.5 5 -13.5 -2.5
3 16 -5 -13.5 42.5 -5 -13.5 37.5 10 -13.5 37.5
3 16 10 -13.5 37.5 10 -13.5 42.5 -5 -13.5 42.5
3 16 -5 -13.5 -17.5 -5 -13.5 -22.5 10 -13.5 -22.5
3 16 10 -13.5 -22.5 10 -13.5 -17.5 -5 -13.5 -17.5
3 16 -5 -13.5 -77.5 -5 -13.5 -82.5 10 -13.5 -82.5
3 16 10 -13.5 -102.5 10 -13.5 -97.5 -5 -13.5 -97.5
3 16 -5 -13.5 -97.5 -5 -13.5 -102.5 10 -13.5 -102.5
3 16 10 -13.5 -117.5 5 -13.5 -117.5 5 -13.5 -122.5
3 16 10 -13.5 -82.5 10 -13.5 -77.5 -5 -13.5 -77.5
3 16 5 -13.5 -122.5 10 -13.5 -122.5 10 -13.5 -117.5
3 16 10 -13.5 2.5 15 -13.5 -2.5 15 -13.5 2.5
3 16 15 -13.5 -2.5 10 -13.5 2.5 10 -13.5 -2.5
3 16 10 -13.5 -117.5 15 -13.5 -122.5 15 -13.5 -117.5
3 16 15 -13.5 -122.5 10 -13.5 -117.5 10 -13.5 -122.5
3 16 25 -13.5 2.5 15 -13.5 -2.5 25 -13.5 -2.5
3 16 25 -13.5 -17.5 10 -13.5 -22.5 25 -13.5 -22.5
3 16 10 -13.5 -22.5 25 -13.5 -17.5 10 -13.5 -17.5
3 16 15 -13.5 -2.5 25 -13.5 2.5 15 -13.5 2.5
3 16 25 -13.5 -117.5 15 -13.5 -122.5 25 -13.5 -122.5
3 16 10 -13.5 37.5 25 -13.5 42.5 10 -13.5 42.5
3 16 25 -13.5 42.5 10 -13.5 37.5 25 -13.5 37.5
3 16 10 -13.5 -42.5 25 -13.5 -37.5 10 -13.5 -37.5
3 16 10 -13.5 77.5 25 -13.5 82.5 10 -13.5 82.5
3 16 25 -13.5 22.5 10 -13.5 17.5 25 -13.5 17.5
3 16 10 -13.5 17.5 25 -13.5 22.5 10 -13.5 22.5
3 16 10 -13.5 -102.5 25 -13.5 -97.5 10 -13.5 -97.5
3 16 10 -13.5 97.5 25 -13.5 102.5 10 -13.5 102.5
3 16 25 -13.5 -37.5 10 -13.5 -42.5 25 -13.5 -42.5
3 16 25 -13.5 -97.5 10 -13.5 -102.5 25 -13.5 -102.5
3 16 25 -13.5 82.5 10 -13.5 77.5 25 -13.5 77.5
3 16 25 -13.5 102.5 10 -13.5 97.5 25 -13.5 97.5
3 16 25 -13.5 -57.5 10 -13.5 -62.5 25 -13.5 -62.5
3 16 25 -13.5 62.5 10 -13.5 57.5 25 -13.5 57.5
3 16 10 -13.5 57.5 25 -13.5 62.5 10 -13.5 62.5
3 16 10 -13.5 -62.5 25 -13.5 -57.5 10 -13.5 -57.5
3 16 15 -13.5 -122.5 25 -13.5 -117.5 15 -13.5 -117.5
3 16 25 -13.5 -77.5 10 -13.5 -82.5 25 -13.5 -82.5
3 16 10 -13.5 -82.5 25 -13.5 -77.5 10 -13.5 -77.5
3 16 27.5 -13.5 22.5 25 -13.5 37.5 25 -13.5 22.5
3 16 27.5 -13.5 -130 25 -13.5 -122.5 25 -13.5 -130
3 16 25 -13.5 -62.5 27.5 -13.5 -57.5 25 -13.5 -57.5
3 16 27.5 -16 -22.5 27.5 -13.5 -17.5 27.5 -13.5 -22.5
3 16 27.5 -13.5 -62.5 27.5 -16 -77.5 27.5 -16 -62.5
3 16 27.5 -16 -77.5 27.5 -13.5 -62.5 27.5 -13.5 -77.5
3 16 25 -13.5 -122.5 27.5 -13.5 -130 27.5 -13.5 -122.5
3 16 27.5 -13.5 -102.5 27.5 -16 -117.5 27.5 -16 -102.5
3 16 25 -13.5 -22.5 27.5 -13.5 -17.5 25 -13.5 -17.5
3 16 27.5 -13.5 -17.5 25 -13.5 -22.5 27.5 -13.5 -22.5
3 16 27.5 -13.5 22.5 25 -13.5 17.5 27.5 -13.5 17.5
3 16 27.5 -16 17.5 27.5 -16 22.5 27.5 -13.5 22.5
3 16 27.5 -13.5 -17.5 25 -13.5 -2.5 25 -13.5 -17.5
3 16 27.5 -16 -130 27.5 -13.5 -122.5 27.5 -13.5 -130
3 16 27.5 -16 17.5 27.5 -13.5 22.5 27.5 -13.5 17.5
3 16 25 -13.5 17.5 27.5 -13.5 22.5 25 -13.5 22.5
3 16 27.5 -16 -62.5 27.5 -13.5 -57.5 27.5 -13.5 -62.5
3 16 27.5 -16 -22.5 27.5 -16 -17.5 27.5 -13.5 -17.5
3 16 27.5 -13.5 -57.5 25 -13.5 -62.5 27.5 -13.5 -62.5
3 16 27.5 -16 -117.5 27.5 -13.5 -102.5 27.5 -13.5 -117.5
3 16 25 -13.5 -62.5 27.5 -13.5 -77.5 27.5 -13.5 -62.5
3 16 27.5 -13.5 -77.5 25 -13.5 -62.5 25 -13.5 -77.5
3 16 27.5 -13.5 -122.5 27.5 -16 -130 27.5 -16 -122.5
3 16 25 -13.5 37.5 27.5 -13.5 22.5 27.5 -13.5 37.5
3 16 25 -13.5 77.5 27.5 -13.5 82.5 25 -13.5 82.5
3 16 27.5 -13.5 82.5 25 -13.5 77.5 27.5 -13.5 77.5
3 16 27.5 -13.5 77.5 27.5 -16 62.5 27.5 -16 77.5
3 16 27.5 -13.5 -82.5 27.5 -16 -97.5 27.5 -16 -82.5
3 16 27.5 -16 -97.5 27.5 -13.5 -82.5 27.5 -13.5 -97.5
3 16 27.5 -16 77.5 27.5 -13.5 82.5 27.5 -13.5 77.5
3 16 27.5 -16 77.5 27.5 -16 82.5 27.5 -13.5 82.5
3 16 27.5 -13.5 -117.5 27.5 -16 -122.5 27.5 -16 -117.5
3 16 27.5 -16 -42.5 27.5 -16 -37.5 27.5 -13.5 -37.5
3 16 27.5 -16 62.5 27.5 -13.5 77.5 27.5 -13.5 62.5
3 16 27.5 -13.5 62.5 25 -13.5 77.5 25 -13.5 62.5
3 16 25 -13.5 77.5 27.5 -13.5 62.5 27.5 -13.5 77.5
3 16 27.5 -16 -57.5 27.5 -13.5 -42.5 27.5 -13.5 -57.5
3 16 27.5 -13.5 -42.5 27.5 -16 -57.5 27.5 -16 -42.5
3 16 25 -13.5 -2.5 27.5 -13.5 2.5 25 -13.5 2.5
3 16 25 -13.5 110 27.5 -13.5 102.5 27.5 -13.5 110
3 16 27.5 -13.5 102.5 25 -13.5 110 25 -13.5 102.5
3 16 27.5 -13.5 2.5 25 -13.5 -2.5 27.5 -13.5 -2.5
3 16 27.5 -13.5 -2.5 27.5 -16 -17.5 27.5 -16 -2.5
3 16 25 -13.5 97.5 27.5 -13.5 102.5 25 -13.5 102.5
3 16 27.5 -13.5 102.5 25 -13.5 97.5 27.5 -13.5 97.5
3 16 27.5 -16 -122.5 27.5 -13.5 -117.5 27.5 -13.5 -122.5
3 16 27.5 -16 -102.5 27.5 -16 -97.5 27.5 -13.5 -97.5
3 16 27.5 -16 -42.5 27.5 -13.5 -37.5 27.5 -13.5 -42.5
3 16 27.5 -16 97.5 27.5 -16 102.5 27.5 -13.5 102.5
3 16 27.5 -13.5 -117.5 25 -13.5 -122.5 27.5 -13.5 -122.5
3 16 27.5 -16 -102.5 27.5 -13.5 -97.5 27.5 -13.5 -102.5
3 16 27.5 -16 97.5 27.5 -13.5 102.5 27.5 -13.5 97.5
3 16 27.5 -13.5 -97.5 25 -13.5 -82.5 25 -13.5 -97.5
3 16 27.5 -13.5 82.5 25 -13.5 97.5 25 -13.5 82.5
3 16 25 -13.5 97.5 27.5 -13.5 82.5 27.5 -13.5 97.5
3 16 27.5 -13.5 -22.5 27.5 -16 -37.5 27.5 -16 -22.5
3 16 27.5 -16 -37.5 27.5 -13.5 -22.5 27.5 -13.5 -37.5
3 16 25 -13.5 -42.5 27.5 -13.5 -37.5 25 -13.5 -37.5
3 16 27.5 -13.5 97.5 27.5 -16 82.5 27.5 -16 97.5
3 16 25 -13.5 -82.5 27.5 -13.5 -97.5 27.5 -13.5 -82.5
3 16 27.5 -13.5 -37.5 25 -13.5 -42.5 27.5 -13.5 -42.5
3 16 27.5 -16 82.5 27.5 -13.5 97.5 27.5 -13.5 82.5
3 16 27.5 -16 -17.5 27.5 -13.5 -2.5 27.5 -13.5 -17.5
3 16 27.5 -13.5 42.5 25 -13.5 37.5 27.5 -13.5 37.5
3 16 27.5 -13.5 17.5 27.5 -16 2.5 27.5 -16 17.5
3 16 25 -13.5 37.5 27.5 -13.5 42.5 25 -13.5 42.5
3 16 27.5 -16 2.5 27.5 -13.5 17.5 27.5 -13.5 2.5
3 16 27.5 -13.5 -117.5 25 -13.5 -102.5 25 -13.5 -117.5
3 16 27.5 -13.5 -57.5 25 -13.5 -42.5 25 -13.5 -57.5
3 16 27.5 -13.5 -77.5 25 -13.5 -82.5 27.5 -13.5 -82.5
3 16 27.5 -16 37.5 27.5 -13.5 42.5 27.5 -13.5 37.5
3 16 27.5 -16 37.5 27.5 -16 42.5 27.5 -13.5 42.5
3 16 27.5 -13.5 -97.5 25 -13.5 -102.5 27.5 -13.5 -102.5
3 16 25 -13.5 -2.5 27.5 -13.5 -17.5 27.5 -13.5 -2.5
3 16 27.5 -16 -62.5 27.5 -16 -57.5 27.5 -13.5 -57.5
3 16 27.5 -16 102.5 27.5 -13.5 110 27.5 -13.5 102.5
3 16 27.5 -13.5 110 27.5 -16 102.5 27.5 -16 110
3 16 27.5 -16 22.5 27.5 -13.5 37.5 27.5 -13.5 22.5
3 16 27.5 -16 -82.5 27.5 -13.5 -77.5 27.5 -13.5 -82.5
3 16 25 -13.5 -102.5 27.5 -13.5 -97.5 25 -13.5 -97.5
3 16 27.5 -13.5 37.5 27.5 -16 22.5 27.5 -16 37.5
3 16 27.5 -16 -82.5 27.5 -16 -77.5 27.5 -13.5 -77.5
3 16 25 -13.5 -102.5 27.5 -13.5 -117.5 27.5 -13.5 -102.5
3 16 25 -13.5 57.5 27.5 -13.5 62.5 25 -13.5 62.5
3 16 25 -13.5 -122.5 27.5 -13.5 -117.5 25 -13.5 -117.5
3 16 27.5 -13.5 57.5 27.5 -16 42.5 27.5 -16 57.5
3 16 27.5 -13.5 62.5 25 -13.5 57.5 27.5 -13.5 57.5
3 16 27.5 -16 57.5 27.5 -13.5 62.5 27.5 -13.5 57.5
3 16 27.5 -16 57.5 27.5 -16 62.5 27.5 -13.5 62.5
3 16 27.5 -16 -2.5 27.5 -13.5 2.5 27.5 -13.5 -2.5
3 16 27.5 -13.5 2.5 27.5 -16 -2.5 27.5 -16 2.5
3 16 27.5 -16 42.5 27.5 -13.5 57.5 27.5 -13.5 42.5
3 16 25 -13.5 57.5 27.5 -13.5 42.5 27.5 -13.5 57.5
3 16 27.5 -13.5 42.5 25 -13.5 57.5 25 -13.5 42.5
3 16 27.5 -13.5 2.5 25 -13.5 17.5 25 -13.5 2.5
3 16 25 -13.5 17.5 27.5 -13.5 2.5 27.5 -13.5 17.5
3 16 25 -13.5 -42.5 27.5 -13.5 -57.5 27.5 -13.5 -42.5
3 16 25 -13.5 -82.5 27.5 -13.5 -77.5 25 -13.5 -77.5
3 16 27.5 -13.5 -37.5 25 -13.5 -22.5 25 -13.5 -37.5
3 16 25 -13.5 -22.5 27.5 -13.5 -37.5 27.5 -13.5 -22.5
3 16 30 -16 110 27.5 -13.5 110 27.5 -16 110
3 16 27.5 -16 -130 27.5 -13.5 -130 30 -16 -130
3 16 -10 -10.5 42.5 -10 -10.5 37.5 -10 -16 37.5
3 16 -10 -16 37.5 -10 -16 42.5 -10 -10.5 42.5
3 16 -10 -16 97.5 -10 -10.5 97.5 -10 -10.5 82.5
3 16 -10 -10.5 82.5 -10 -16 82.5 -10 -16 97.5
3 16 -10 -16 77.5 -10 -16 82.5 -10 -10.5 82.5
3 16 -10 -10.5 102.5 -10 -10.5 97.5 -10 -16 97.5
3 16 -10 -10.5 102.5 -10 -16 102.5 -10 -16 110
3 16 -10 -16 110 -10 -10.5 110 -10 -10.5 102.5
3 16 -10 -16 97.5 -10 -16 102.5 -10 -10.5 102.5
3 16 -10 -10.5 62.5 -10 -10.5 57.5 -10 -16 57.5
3 16 -10 -16 57.5 -10 -10.5 57.5 -10 -10.5 42.5
3 16 -10 -10.5 42.5 -10 -16 42.5 -10 -16 57.5
3 16 -10 -16 57.5 -10 -16 62.5 -10 -10.5 62.5
3 16 -10 -10.5 82.5 -10 -10.5 77.5 -10 -16 77.5
3 16 -10 -16 77.5 -10 -10.5 77.5 -10 -10.5 62.5
3 16 -10 -10.5 62.5 -10 -16 62.5 -10 -16 77.5
3 16 -10 -10.5 -37.5 -10 -16 -37.5 -10 -16 -22.5
3 16 -10 -16 -42.5 -10 -16 -37.5 -10 -10.5 -37.5
3 16 -10 -10.5 -17.5 -10 -10.5 -22.5 -10 -16 -22.5
3 16 -10 -16 -22.5 -10 -10.5 -22.5 -10 -10.5 -37.5
3 16 -10 -10.5 -57.5 -10 -16 -57.5 -10 -16 -42.5
3 16 -10 -16 -62.5 -10 -16 -57.5 -10 -10.5 -57.5
3 16 -10 -10.5 -37.5 -10 -10.5 -42.5 -10 -16 -42.5
3 16 -10 -16 -42.5 -10 -10.5 -42.5 -10 -10.5 -57.5
3 16 -10 -16 -22.5 -10 -16 -17.5 -10 -10.5 -17.5
3 16 -10 -16 17.5 -10 -10.5 17.5 -10 -10.5 2.5
3 16 -10 -10.5 2.5 -10 -16 2.5 -10 -16 17.5
3 16 -10 -10.5 2.5 -10 -10.5 -2.5 -10 -16 -2.5
3 16 -10 -16 -2.5 -10 -16 2.5 -10 -10.5 2.5
3 16 -10 -10.5 22.5 -10 -10.5 17.5 -10 -16 17.5
3 16 -10 -16 17.5 -10 -16 22.5 -10 -10.5 22.5
3 16 -10 -16 -2.5 -10 -10.5 -2.5 -10 -10.5 -17.5
3 16 -10 -10.5 -17.5 -10 -16 -17.5 -10 -16 -2.5
3 16 -10 -10.5 -97.5 -10 -10.5 -102.5 -10 -16 -102.5
3 16 -10 -16 -122.5 -10 -10.5 -122.5 -10 -10.5 -130
3 16 -10 -16 -102.5 -10 -16 -97.5 -10 -10.5 -97.5
3 16 -10 -16 -82.5 -10 -10.5 -82.5 -10 -10.5 -97.5
3 16 -10 -10.5 -97.5 -10 -16 -97.5 -10 -16 -82.5
3 16 -10 -10.5 -117.5 -10 -10.5 -122.5 -10 -16 -122.5
3 16 -10 -16 -122.5 -10 -16 -117.5 -10 -10.5 -117.5
3 16 -10 -16 -102.5 -10 -10.5 -102.5 -10 -10.5 -117.5
3 16 -10 -10.5 -130 -10 -16 -130 -10 -16 -122.5
3 16 -10 -10.5 -117.5 -10 -16 -117.5 -10 -16 -102.5
3 16 -10 -16 -82.5 -10 -16 -77.5 -10 -10.5 -77.5
3 16 -10 -10.5 -77.5 -10 -10.5 -82.5 -10 -16 -82.5
3 16 -10 -10.5 -77.5 -10 -16 -77.5 -10 -16 -62.5
3 16 -10 -10.5 -57.5 -10 -10.5 -62.5 -10 -16 -62.5
3 16 -10 -16 -62.5 -10 -10.5 -62.5 -10 -10.5 -77.5
3 16 -10 -16 37.5 -10 -10.5 37.5 -10 -10.5 22.5
3 16 -10 -10.5 22.5 -10 -16 22.5 -10 -16 37.5
3 16 -7.5 -10.5 102.5 -10 -10.5 102.5 -10 -10.5 110
3 16 -10 -10.5 110 -7.5 -10.5 110 -7.5 -10.5 102.5
3 16 -7.5 -10.5 77.5 -10 -10.5 77.5 -10 -10.5 82.5
3 16 -10 -10.5 82.5 -7.5 -10.5 82.5 -7.5 -10.5 77.5
3 16 -10 -10.5 102.5 -7.5 -10.5 102.5 -7.5 -10.5 97.5
3 16 -10 -10.5 97.5 -7.5 -10.5 97.5 -7.5 -10.5 82.5
3 16 -7.5 -10.5 82.5 -10 -10.5 82.5 -10 -10.5 97.5
3 16 -7.5 -13.5 110 -7.5 -10.5 110 -10 -10.5 110
3 16 -7.5 -13.5 110 -10 -10.5 110 -10 -16 110
3 16 -7.5 -10.5 97.5 -10 -10.5 97.5 -10 -10.5 102.5
3 16 -7.5 -10.5 2.5 -10 -10.5 2.5 -10 -10.5 17.5
3 16 -7.5 -10.5 62.5 -10 -10.5 62.5 -10 -10.5 77.5
3 16 -10 -10.5 77.5 -7.5 -10.5 77.5 -7.5 -10.5 62.5
3 16 -7.5 -10.5 -22.5 -10 -10.5 -22.5 -10 -10.5 -17.5
3 16 -10 -10.5 -17.5 -7.5 -10.5 -17.5 -7.5 -10.5 -22.5
3 16 -7.5 -10.5 -37.5 -10 -10.5 -37.5 -10 -10.5 -22.5
3 16 -10 -10.5 -22.5 -7.5 -10.5 -22.5 -7.5 -10.5 -37.5
3 16 -7.5 -10.5 -17.5 -10 -10.5 -17.5 -10 -10.5 -2.5
3 16 -7.5 -10.5 -2.5 -10 -10.5 -2.5 -10 -10.5 2.5
3 16 -10 -10.5 17.5 -7.5 -10.5 17.5 -7.5 -10.5 2.5
3 16 -10 -10.5 -2.5 -7.5 -10.5 -2.5 -7.5 -10.5 -17.5
3 16 -10 -10.5 2.5 -7.5 -10.5 2.5 -7.5 -10.5 -2.5
3 16 -7.5 -10.5 57.5 -10 -10.5 57.5 -10 -10.5 62.5
3 16 -10 -10.5 57.5 -7.5 -10.5 57.5 -7.5 -10.5 42.5
3 16 -7.5 -10.5 42.5 -10 -10.5 42.5 -10 -10.5 57.5
3 16 -10 -10.5 22.5 -7.5 -10.5 22.5 -7.5 -10.5 17.5
3 16 -7.5 -10.5 17.5 -10 -10.5 17.5 -10 -10.5 22.5
3 16 -10 -10.5 62.5 -7.5 -10.5 62.5 -7.5 -10.5 57.5
3 16 -7.5 -10.5 22.5 -10 -10.5 22.5 -10 -10.5 37.5
3 16 -7.5 -10.5 37.5 -10 -10.5 37.5 -10 -10.5 42.5
3 16 -10 -10.5 42.5 -7.5 -10.5 42.5 -7.5 -10.5 37.5
3 16 -10 -10.5 37.5 -7.5 -10.5 37.5 -7.5 -10.5 22.5
3 16 -10 -10.5 -102.5 -7.5 -10.5 -102.5 -7.5 -10.5 -117.5
3 16 -10 -10.5 -62.5 -7.5 -10.5 -62.5 -7.5 -10.5 -77.5
3 16 -7.5 -10.5 -62.5 -10 -10.5 -62.5 -10 -10.5 -57.5
3 16 -7.5 -10.5 -130 -7.5 -13.5 -130 -10 -16 -130
3 16 -7.5 -10.5 -122.5 -10 -10.5 -122.5 -10 -10.5 -117.5
3 16 -10 -16 -130 -10 -10.5 -130 -7.5 -10.5 -130
3 16 -10 -10.5 -117.5 -7.5 -10.5 -117.5 -7.5 -10.5 -122.5
3 16 -7.5 -10.5 -97.5 -10 -10.5 -97.5 -10 -10.5 -82.5
3 16 -10 -10.5 -97.5 -7.5 -10.5 -97.5 -7.5 -10.5 -102.5
3 16 -10 -10.5 -82.5 -7.5 -10.5 -82.5 -7.5 -10.5 -97.5
3 16 -7.5 -10.5 -82.5 -10 -10.5 -82.5 -10 -10.5 -77.5
3 16 -10 -10.5 -77.5 -7.5 -10.5 -77.5 -7.5 -10.5 -82.5
3 16 -7.5 -10.5 -117.5 -10 -10.5 -117.5 -10 -10.5 -102.5
3 16 -7.5 -10.5 -77.5 -10 -10.5 -77.5 -10 -10.5 -62.5
3 16 -7.5 -10.5 -130 -10 -10.5 -130 -10 -10.5 -122.5
3 16 -7.5 -10.5 -102.5 -10 -10.5 -102.5 -10 -10.5 -97.5
3 16 -10 -10.5 -122.5 -7.5 -10.5 -122.5 -7.5 -10.5 -130
3 16 -7.5 -10.5 -42.5 -10 -10.5 -42.5 -10 -10.5 -37.5
3 16 -10 -10.5 -37.5 -7.5 -10.5 -37.5 -7.5 -10.5 -42.5
3 16 -7.5 -10.5 -57.5 -10 -10.5 -57.5 -10 -10.5 -42.5
3 16 -10 -10.5 -42.5 -7.5 -10.5 -42.5 -7.5 -10.5 -57.5
3 16 -10 -10.5 -57.5 -7.5 -10.5 -57.5 -7.5 -10.5 -62.5
3 16 -5 -13.5 110 -7.5 -10.5 110 -7.5 -13.5 110
3 16 25 -13.5 110 27.5 -13.5 110 27.5 -10.5 110
3 16 27.5 -13.5 110 30 -16 110 30 -10.5 110
3 16 30 -10.5 37.5 27.5 -10.5 22.5 27.5 -10.5 37.5
3 16 27.5 -10.5 22.5 30 -10.5 37.5 30 -10.5 22.5
3 16 30 -10.5 -17.5 27.5 -10.5 -22.5 27.5 -10.5 -17.5
3 16 27.5 -10.5 -130 30 -10.5 -122.5 30 -10.5 -130
3 16 30 -16 -22.5 30 -10.5 -17.5 30 -16 -17.5
3 16 30 -10.5 -17.5 30 -16 -22.5 30 -10.5 -22.5
3 16 27.5 -10.5 -17.5 30 -10.5 -2.5 30 -10.5 -17.5
3 16 27.5 -13.5 110 30 -10.5 110 27.5 -10.5 110
3 16 30 -10.5 -117.5 30 -16 -102.5 30 -16 -117.5
3 16 30 -16 37.5 30 -10.5 22.5 30 -10.5 37.5
3 16 30 -10.5 22.5 30 -16 37.5 30 -16 22.5
3 16 30 -10.5 -22.5 27.5 -10.5 -37.5 27.5 -10.5 -22.5
3 16 27.5 -10.5 -37.5 30 -10.5 -22.5 30 -10.5 -37.5
3 16 30 -10.5 -2.5 27.5 -10.5 -17.5 27.5 -10.5 -2.5
3 16 30 -10.5 22.5 30 -16 17.5 30 -10.5 17.5
3 16 27.5 -10.5 -77.5 30 -10.5 -62.5 30 -10.5 -77.5
3 16 30 -10.5 22.5 27.5 -10.5 17.5 27.5 -10.5 22.5
3 16 30 -10.5 -62.5 27.5 -10.5 -77.5 27.5 -10.5 -62.5
3 16 27.5 -10.5 17.5 30 -10.5 22.5 30 -10.5 17.5
3 16 30 -16 -22.5 30 -10.5 -37.5 30 -10.5 -22.5
3 16 30 -10.5 -37.5 30 -16 -22.5 30 -16 -37.5
3 16 30 -16 -62.5 30 -10.5 -57.5 30 -16 -57.5
3 16 30 -16 17.5 30 -10.5 22.5 30 -16 22.5
3 16 30 -10.5 -57.5 30 -16 -62.5 30 -10.5 -62.5
3 16 30 -10.5 -130 30 -16 -122.5 30 -16 -130
3 16 30 -16 -122.5 30 -10.5 -130 30 -10.5 -122.5
3 16 27.5 -10.5 -22.5 30 -10.5 -17.5 30 -10.5 -22.5
3 16 30 -16 -62.5 30 -10.5 -77.5 30 -10.5 -62.5
3 16 30 -10.5 -122.5 27.5 -10.5 -130 27.5 -10.5 -122.5
3 16 27.5 -10.5 -97.5 30 -10.5 -82.5 30 -10.5 -97.5
3 16 30 -10.5 -57.5 27.5 -10.5 -62.5 27.5 -10.5 -57.5
3 16 30 -10.5 -82.5 27.5 -10.5 -97.5 27.5 -10.5 -82.5
3 16 30 -10.5 -77.5 30 -16 -62.5 30 -16 -77.5
3 16 27.5 -10.5 -62.5 30 -10.5 -57.5 30 -10.5 -62.5
3 16 30 -16 77.5 30 -10.5 82.5 30 -16 82.5
3 16 27.5 -10.5 62.5 30 -10.5 77.5 30 -10.5 62.5
3 16 30 -10.5 2.5 30 -16 -2.5 30 -10.5 -2.5
3 16 30 -10.5 62.5 30 -16 77.5 30 -16 62.5
3 16 30 -10.5 77.5 27.5 -10.5 62.5 27.5 -10.5 77.5
3 16 30 -16 -2.5 30 -10.5 2.5 30 -16 2.5
3 16 30 -10.5 62.5 30 -16 57.5 30 -10.5 57.5
3 16 30 -10.5 62.5 27.5 -10.5 57.5 27.5 -10.5 62.5
3 16 27.5 -10.5 57.5 30 -10.5 62.5 30 -10.5 57.5
3 16 30 -16 -42.5 30 -10.5 -57.5 30 -10.5 -42.5
3 16 30 -16 57.5 30 -10.5 62.5 30 -16 62.5
3 16 27.5 -10.5 -130 30 -16 -130 27.5 -13.5 -130
3 16 27.5 -10.5 -122.5 30 -10.5 -117.5 30 -10.5 -122.5
3 16 30 -16 -122.5 30 -10.5 -117.5 30 -16 -117.5
3 16 30 -10.5 82.5 27.5 -10.5 77.5 27.5 -10.5 82.5
3 16 27.5 -10.5 77.5 30 -10.5 82.5 30 -10.5 77.5
3 16 30 -16 -82.5 30 -10.5 -97.5 30 -10.5 -82.5
3 16 30 -10.5 -117.5 27.5 -10.5 -122.5 27.5 -10.5 -117.5
3 16 30 -10.5 82.5 30 -16 77.5 30 -10.5 77.5
3 16 30 -10.5 2.5 27.5 -10.5 -2.5 27.5 -10.5 2.5
3 16 27.5 -10.5 -2.5 30 -10.5 2.5 30 -10.5 -2.5
3 16 30 -10.5 -97.5 30 -16 -82.5 30 -16 -97.5
3 16 30 -10.5 -117.5 30 -16 -122.5 30 -10.5 -122.5
3 16 30 -16 77.5 30 -10.5 62.5 30 -10.5 77.5
3 16 30 -10.5 -57.5 30 -16 -42.5 30 -16 -57.5
3 16 30 -16 17.5 30 -10.5 2.5 30 -10.5 17.5
3 16 30 -10.5 2.5 30 -16 17.5 30 -16 2.5
3 16 30 -10.5 42.5 27.5 -10.5 37.5 27.5 -10.5 42.5
3 16 30 -16 37.5 30 -10.5 42.5 30 -16 42.5
3 16 30 -10.5 -77.5 27.5 -10.5 -82.5 27.5 -10.5 -77.5
3 16 30 -10.5 42.5 30 -16 37.5 30 -10.5 37.5
3 16 27.5 -10.5 -117.5 30 -10.5 -102.5 30 -10.5 -117.5
3 16 30 -16 -82.5 30 -10.5 -77.5 30 -16 -77.5
3 16 30 -16 -102.5 30 -10.5 -117.5 30 -10.5 -102.5
3 16 27.5 -10.5 37.5 30 -10.5 42.5 30 -10.5 37.5
3 16 30 -10.5 -77.5 30 -16 -82.5 30 -10.5 -82.5
3 16 30 -10.5 -102.5 27.5 -10.5 -117.5 27.5 -10.5 -102.5
3 16 30 -10.5 17.5 27.5 -10.5 2.5 27.5 -10.5 17.5
3 16 27.5 -10.5 -57.5 30 -10.5 -42.5 30 -10.5 -57.5
3 16 30 -16 -130 27.5 -10.5 -130 30 -10.5 -130
3 16 30 -16 -2.5 30 -10.5 -17.5 30 -10.5 -2.5
3 16 30 -10.5 -17.5 30 -16 -2.5 30 -16 -17.5
3 16 30 -10.5 -42.5 27.5 -10.5 -57.5 27.5 -10.5 -42.5
3 16 27.5 -10.5 2.5 30 -10.5 17.5 30 -10.5 2.5
3 16 27.5 -10.5 42.5 30 -10.5 57.5 30 -10.5 42.5
3 16 27.5 -10.5 -82.5 30 -10.5 -77.5 30 -10.5 -82.5
3 16 30 -16 57.5 30 -10.5 42.5 30 -10.5 57.5
3 16 30 -10.5 42.5 30 -16 57.5 30 -16 42.5
3 16 30 -10.5 57.5 27.5 -10.5 42.5 27.5 -10.5 57.5
3 16 27.5 -10.5 -42.5 30 -10.5 -37.5 30 -10.5 -42.5
3 16 27.5 -10.5 102.5 30 -10.5 110 30 -10.5 102.5
3 16 30 -16 97.5 30 -10.5 82.5 30 -10.5 97.5
3 16 30 -10.5 102.5 27.5 -10.5 97.5 27.5 -10.5 102.5
3 16 30 -10.5 102.5 30 -16 97.5 30 -10.5 97.5
3 16 30 -10.5 97.5 27.5 -10.5 82.5 27.5 -10.5 97.5
3 16 30 -10.5 82.5 30 -16 97.5 30 -16 82.5
3 16 30 -16 97.5 30 -10.5 102.5 30 -16 102.5
3 16 30 -10.5 -97.5 30 -16 -102.5 30 -10.5 -102.5
3 16 30 -16 -102.5 30 -10.5 -97.5 30 -16 -97.5
3 16 30 -10.5 -37.5 30 -16 -42.5 30 -10.5 -42.5
3 16 30 -10.5 -37.5 27.5 -10.5 -42.5 27.5 -10.5 -37.5
3 16 30 -10.5 102.5 30 -16 110 30 -16 102.5
3 16 27.5 -10.5 82.5 30 -10.5 97.5 30 -10.5 82.5
3 16 30 -16 110 30 -10.5 102.5 30 -10.5 110
3 16 30 -16 -42.5 30 -10.5 -37.5 30 -16 -37.5
3 16 27.5 -10.5 97.5 30 -10.5 102.5 30 -10.5 97.5
3 16 30 -10.5 -97.5 27.5 -10.5 -102.5 27.5 -10.5 -97.5
3 16 30 -10.5 110 27.5 -10.5 102.5 27.5 -10.5 110
3 16 27.5 -10.5 -102.5 30 -10.5 -97.5 30 -10.5 -102.5
3 16 -7.5 -10.5 110 -7.5 -8 110 -7.5 -8 102.5
3 16 -7.5 -10.5 102.5 -7.5 -8 97.5 -7.5 -10.5 97.5
3 16 -7.5 -8 102.5 -7.5 -10.5 102.5 -7.5 -10.5 110
3 16 -7.5 -10.5 102.5 -7.5 -8 102.5 -7.5 -8 97.5
3 16 -5 -13.5 102.5 -5 -8 102.5 -5 -8 110
3 16 -5 -13.5 110 -5 -8 110 -7.5 -10.5 110
3 16 -7.5 -8 110 -5 -8 110 -5 -8 102.5
3 16 -5 -8 102.5 -7.5 -8 102.5 -7.5 -8 110
3 16 -5 -8 110 -5 -13.5 110 -5 -13.5 102.5
3 16 -5 -8 102.5 -5 -8 97.5 -7.5 -8 97.5
3 16 -5 -8 97.5 -5 -13.5 97.5 -5 -13.5 82.5
3 16 -7.5 -10.5 110 -5 -8 110 -7.5 -8 110
3 16 -7.5 -8 97.5 -7.5 -8 102.5 -5 -8 102.5
3 16 -5 -8 102.5 10 -8 102.5 10 -8 97.5
3 16 10 -8 97.5 -5 -8 97.5 -5 -8 102.5
3 16 10 -8 102.5 -5 -8 102.5 -5 -13.5 102.5
3 16 10 -13.5 97.5 -5 -13.5 97.5 -5 -8 97.5
3 16 -5 -8 97.5 10 -8 97.5 10 -13.5 97.5
3 16 -5 -13.5 102.5 10 -13.5 102.5 10 -8 102.5
3 16 25 -8 97.5 10 -13.5 97.5 10 -8 97.5
3 16 25 -13.5 102.5 10 -8 102.5 10 -13.5 102.5
3 16 10 -8 102.5 25 -13.5 102.5 25 -8 102.5
3 16 25 -13.5 102.5 25 -8 110 25 -8 102.5
3 16 25 -8 110 25 -13.5 102.5 25 -13.5 110
3 16 10 -8 97.5 25 -8 102.5 25 -8 97.5
3 16 10 -13.5 97.5 25 -8 97.5 25 -13.5 97.5
3 16 25 -8 97.5 25 -13.5 82.5 25 -13.5 97.5
3 16 25 -8 102.5 10 -8 97.5 10 -8 102.5
3 16 25 -13.5 82.5 25 -8 97.5 25 -8 82.5
3 16 27.5 -8 110 25 -8 102.5 25 -8 110
3 16 25 -13.5 110 27.5 -10.5 110 25 -8 110
3 16 27.5 -8 82.5 27.5 -10.5 97.5 27.5 -10.5 82.5
3 16 25 -8 102.5 27.5 -8 110 27.5 -8 102.5
3 16 27.5 -8 97.5 25 -8 102.5 27.5 -8 102.5
3 16 27.5 -10.5 102.5 27.5 -8 97.5 27.5 -8 102.5
3 16 27.5 -10.5 102.5 27.5 -10.5 97.5 27.5 -8 97.5
3 16 27.5 -8 102.5 27.5 -10.5 110 27.5 -10.5 102.5
3 16 27.5 -8 97.5 25 -8 82.5 25 -8 97.5
3 16 27.5 -10.5 110 27.5 -8 110 25 -8 110
3 16 25 -8 82.5 27.5 -8 97.5 27.5 -8 82.5
3 16 25 -8 102.5 27.5 -8 97.5 25 -8 97.5
3 16 27.5 -10.5 110 27.5 -8 102.5 27.5 -8 110
3 16 27.5 -10.5 97.5 27.5 -8 82.5 27.5 -8 97.5
3 16 -7.5 -10.5 82.5 -7.5 -8 77.5 -7.5 -10.5 77.5
3 16 -7.5 -10.5 82.5 -7.5 -8 82.5 -7.5 -8 77.5
3 16 -7.5 -10.5 97.5 -7.5 -8 97.5 -7.5 -8 82.5
3 16 -7.5 -8 82.5 -7.5 -10.5 82.5 -7.5 -10.5 97.5
3 16 -7.5 -10.5 77.5 -7.5 -8 77.5 -7.5 -8 62.5
3 16 -7.5 -8 42.5 -7.5 -10.5 42.5 -7.5 -10.5 57.5
3 16 -7.5 -10.5 57.5 -7.5 -8 57.5 -7.5 -8 42.5
3 16 -7.5 -10.5 42.5 -7.5 -8 42.5 -7.5 -8 37.5
3 16 -7.5 -8 62.5 -7.5 -10.5 62.5 -7.5 -10.5 77.5
3 16 -7.5 -10.5 62.5 -7.5 -8 57.5 -7.5 -10.5 57.5
3 16 -7.5 -10.5 42.5 -7.5 -8 37.5 -7.5 -10.5 37.5
3 16 -7.5 -10.5 62.5 -7.5 -8 62.5 -7.5 -8 57.5
3 16 -5 -13.5 82.5 -5 -8 82.5 -5 -8 97.5
3 16 -5 -8 82.5 -5 -8 77.5 -7.5 -8 77.5
3 16 -7.5 -8 97.5 -5 -8 97.5 -5 -8 82.5
3 16 -7.5 -8 77.5 -7.5 -8 82.5 -5 -8 82.5
3 16 -5 -8 82.5 -7.5 -8 82.5 -7.5 -8 97.5
3 16 -5 -13.5 62.5 -5 -8 62.5 -5 -8 77.5
3 16 -5 -8 62.5 -5 -8 57.5 -7.5 -8 57.5
3 16 -7.5 -8 57.5 -7.5 -8 62.5 -5 -8 62.5
3 16 -7.5 -8 57.5 -5 -8 57.5 -5 -8 42.5
3 16 -7.5 -8 77.5 -5 -8 77.5 -5 -8 62.5
3 16 -5 -13.5 42.5 -5 -8 42.5 -5 -8 57.5
3 16 -5 -8 42.5 -7.5 -8 42.5 -7.5 -8 57.5
3 16 -5 -8 57.5 -5 -13.5 57.5 -5 -13.5 42.5
3 16 -5 -8 42.5 -5 -8 37.5 -7.5 -8 37.5
3 16 -7.5 -8 37.5 -7.5 -8 42.5 -5 -8 42.5
3 16 -5 -8 37.5 -5 -13.5 37.5 -5 -13.5 22.5
3 16 -5 -8 62.5 -7.5 -8 62.5 -7.5 -8 77.5
3 16 -5 -8 77.5 -5 -13.5 77.5 -5 -13.5 62.5
3 16 -5 -8 57.5 10 -8 57.5 10 -13.5 57.5
3 16 10 -8 77.5 -5 -8 77.5 -5 -8 82.5
3 16 -5 -8 82.5 10 -8 82.5 10 -8 77.5
3 16 10 -13.5 57.5 -5 -13.5 57.5 -5 -8 57.5
3 16 -5 -8 62.5 10 -8 62.5 10 -8 57.5
3 16 10 -8 57.5 -5 -8 57.5 -5 -8 62.5
3 16 -5 -13.5 62.5 10 -13.5 62.5 10 -8 62.5
3 16 10 -8 62.5 -5 -8 62.5 -5 -13.5 62.5
3 16 10 -8 82.5 -5 -8 82.5 -5 -13.5 82.5
3 16 10 -13.5 77.5 -5 -13.5 77.5 -5 -8 77.5
3 16 -5 -8 77.5 10 -8 77.5 10 -13.5 77.5
3 16 -5 -13.5 82.5 10 -13.5 82.5 10 -8 82.5
3 16 10 -8 37.5 -5 -8 37.5 -5 -8 42.5
3 16 -5 -8 37.5 10 -8 37.5 10 -13.5 37.5
3 16 10 -8 42.5 -5 -8 42.5 -5 -13.5 42.5
3 16 -5 -13.5 42.5 10 -13.5 42.5 10 -8 42.5
3 16 -5 -8 42.5 10 -8 42.5 10 -8 37.5
3 16 -5 -13.5 22.5 10 -13.5 22.5 10 -8 22.5
3 16 10 -13.5 37.5 -5 -13.5 37.5 -5 -8 37.5
3 16 10 -13.5 17.5 25 -8 17.5 25 -13.5 17.5
3 16 25 -8 17.5 25 -13.5 2.5 25 -13.5 17.5
3 16 10 -8 77.5 25 -8 82.5 25 -8 77.5
3 16 25 -8 57.5 10 -13.5 57.5 10 -8 57.5
3 16 25 -13.5 62.5 10 -8 62.5 10 -13.5 62.5
3 16 25 -8 82.5 10 -8 77.5 10 -8 82.5
3 16 25 -8 77.5 25 -13.5 62.5 25 -13.5 77.5
3 16 10 -8 22.5 25 -13.5 22.5 25 -8 22.5
3 16 25 -13.5 62.5 25 -8 77.5 25 -8 62.5
3 16 25 -13.5 22.5 10 -8 22.5 10 -13.5 22.5
3 16 10 -13.5 57.5 25 -8 57.5 25 -13.5 57.5
3 16 25 -13.5 82.5 10 -8 82.5 10 -13.5 82.5
3 16 25 -13.5 42.5 10 -8 42.5 10 -13.5 42.5
3 16 10 -8 42.5 25 -13.5 42.5 25 -8 42.5
3 16 25 -13.5 42.5 25 -8 57.5 25 -8 42.5
3 16 10 -13.5 37.5 25 -8 37.5 25 -13.5 37.5
3 16 25 -8 37.5 10 -13.5 37.5 10 -8 37.5
3 16 10 -13.5 77.5 25 -8 77.5 25 -13.5 77.5
3 16 25 -13.5 22.5 25 -8 37.5 25 -8 22.5
3 16 25 -8 37.5 25 -13.5 22.5 25 -13.5 37.5
3 16 25 -8 42.5 10 -8 37.5 10 -8 42.5
3 16 10 -8 37.5 25 -8 42.5 25 -8 37.5
3 16 25 -8 77.5 10 -13.5 77.5 10 -8 77.5
3 16 25 -8 57.5 25 -13.5 42.5 25 -13.5 57.5
3 16 10 -8 62.5 25 -13.5 62.5 25 -8 62.5
3 16 10 -8 82.5 25 -13.5 82.5 25 -8 82.5
3 16 10 -8 57.5 25 -8 62.5 25 -8 57.5
3 16 25 -8 62.5 10 -8 57.5 10 -8 62.5
3 16 27.5 -8 42.5 27.5 -10.5 57.5 27.5 -10.5 42.5
3 16 25 -8 62.5 27.5 -8 57.5 25 -8 57.5
3 16 27.5 -10.5 77.5 27.5 -8 62.5 27.5 -8 77.5
3 16 27.5 -10.5 57.5 27.5 -8 42.5 27.5 -8 57.5
3 16 27.5 -8 17.5 25 -8 22.5 27.5 -8 22.5
3 16 27.5 -10.5 37.5 27.5 -8 22.5 27.5 -8 37.5
3 16 27.5 -8 37.5 25 -8 22.5 25 -8 37.5
3 16 25 -8 82.5 27.5 -8 77.5 25 -8 77.5
3 16 27.5 -8 77.5 25 -8 82.5 27.5 -8 82.5
3 16 27.5 -8 62.5 27.5 -10.5 77.5 27.5 -10.5 62.5
3 16 27.5 -8 22.5 27.5 -10.5 37.5 27.5 -10.5 22.5
3 16 25 -8 22.5 27.5 -8 17.5 25 -8 17.5
3 16 25 -8 22.5 27.5 -8 37.5 27.5 -8 22.5
3 16 27.5 -8 57.5 25 -8 62.5 27.5 -8 62.5
3 16 27.5 -10.5 62.5 27.5 -10.5 57.5 27.5 -8 57.5
3 16 27.5 -8 37.5 25 -8 42.5 27.5 -8 42.5
3 16 27.5 -10.5 82.5 27.5 -10.5 77.5 27.5 -8 77.5
3 16 25 -8 42.5 27.5 -8 37.5 25 -8 37.5
3 16 27.5 -10.5 42.5 27.5 -10.5 37.5 27.5 -8 37.5
3 16 25 -8 42.5 27.5 -8 57.5 27.5 -8 42.5
3 16 27.5 -10.5 62.5 27.5 -8 57.5 27.5 -8 62.5
3 16 27.5 -10.5 42.5 27.5 -8 37.5 27.5 -8 42.5
3 16 25 -8 62.5 27.5 -8 77.5 27.5 -8 62.5
3 16 27.5 -10.5 22.5 27.5 -8 17.5 27.5 -8 22.5
3 16 27.5 -10.5 22.5 27.5 -10.5 17.5 27.5 -8 17.5
3 16 27.5 -8 77.5 25 -8 62.5 25 -8 77.5
3 16 27.5 -8 57.5 25 -8 42.5 25 -8 57.5
3 16 27.5 -10.5 82.5 27.5 -8 77.5 27.5 -8 82.5
3 16 -7.5 -10.5 -17.5 -7.5 -8 -22.5 -7.5 -10.5 -22.5
3 16 -7.5 -10.5 22.5 -7.5 -8 22.5 -7.5 -8 17.5
3 16 -7.5 -10.5 -17.5 -7.5 -8 -17.5 -7.5 -8 -22.5
3 16 -7.5 -10.5 22.5 -7.5 -8 17.5 -7.5 -10.5 17.5
3 16 -7.5 -10.5 -2.5 -7.5 -8 -2.5 -7.5 -8 -17.5
3 16 -7.5 -8 -2.5 -7.5 -10.5 -2.5 -7.5 -10.5 2.5
3 16 -7.5 -8 -17.5 -7.5 -10.5 -17.5 -7.5 -10.5 -2.5
3 16 -7.5 -10.5 17.5 -7.5 -8 17.5 -7.5 -8 2.5
3 16 -7.5 -8 2.5 -7.5 -10.5 2.5 -7.5 -10.5 17.5
3 16 -7.5 -10.5 2.5 -7.5 -8 2.5 -7.5 -8 -2.5
3 16 -7.5 -8 22.5 -7.5 -10.5 22.5 -7.5 -10.5 37.5
3 16 -7.5 -10.5 37.5 -7.5 -8 37.5 -7.5 -8 22.5
3 16 -5 -13.5 2.5 -5 -8 2.5 -5 -8 17.5
3 16 -7.5 -8 17.5 -5 -8 17.5 -5 -8 2.5
3 16 -5 -8 -22.5 -5 -13.5 -22.5 -5 -13.5 -37.5
3 16 -5 -8 2.5 -7.5 -8 2.5 -7.5 -8 17.5
3 16 -5 -8 17.5 -5 -13.5 17.5 -5 -13.5 2.5
3 16 -5 -8 2.5 -5 -8 -2.5 -7.5 -8 -2.5
3 16 -5 -13.5 22.5 -5 -8 22.5 -5 -8 37.5
3 16 -7.5 -8 -2.5 -7.5 -8 2.5 -5 -8 2.5
3 16 -7.5 -8 -22.5 -7.5 -8 -17.5 -5 -8 -17.5
3 16 -5 -8 -17.5 -5 -8 -22.5 -7.5 -8 -22.5
3 16 -5 -8 -17.5 -7.5 -8 -17.5 -7.5 -8 -2.5
3 16 -5 -13.5 -17.5 -5 -8 -17.5 -5 -8 -2.5
3 16 -7.5 -8 37.5 -5 -8 37.5 -5 -8 22.5
3 16 -5 -8 22.5 -5 -8 17.5 -7.5 -8 17.5
3 16 -5 -8 22.5 -7.5 -8 22.5 -7.5 -8 37.5
3 16 -7.5 -8 -2.5 -5 -8 -2.5 -5 -8 -17.5
3 16 -7.5 -8 17.5 -7.5 -8 22.5 -5 -8 22.5
3 16 -5 -8 -2.5 -5 -13.5 -2.5 -5 -13.5 -17.5
3 16 5 -8 -2.5 5 -13.5 -2.5 -5 -13.5 -2.5
3 16 -5 -13.5 -2.5 -5 -8 -2.5 5 -8 -2.5
3 16 5 -13.5 2.5 5 -8 2.5 -5 -8 2.5
3 16 -5 -8 2.5 -5 -13.5 2.5 5 -13.5 2.5
3 16 10 -8 -22.5 -5 -8 -22.5 -5 -8 -17.5
3 16 -5 -8 -17.5 10 -8 -17.5 10 -8 -22.5
3 16 10 -8 2.5 10 -8 -2.5 5 -8 -2.5
3 16 5 -8 -2.5 5 -8 2.5 10 -8 2.5
3 16 10 -13.5 2.5 10 -8 2.5 5 -8 2.5
3 16 5 -8 2.5 5 -13.5 2.5 10 -13.5 2.5
3 16 -5 -8 22.5 10 -8 22.5 10 -8 17.5
3 16 10 -8 17.5 -5 -8 17.5 -5 -8 22.5
3 16 5 -13.5 -2.5 5 -8 -2.5 10 -8 -2.5
3 16 10 -8 22.5 -5 -8 22.5 -5 -13.5 22.5
3 16 10 -8 -2.5 10 -13.5 -2.5 5 -13.5 -2.5
3 16 10 -13.5 -22.5 -5 -13.5 -22.5 -5 -8 -22.5
3 16 10 -13.5 17.5 -5 -13.5 17.5 -5 -8 17.5
3 16 10 -8 -17.5 -5 -8 -17.5 -5 -13.5 -17.5
3 16 -5 -8 17.5 10 -8 17.5 10 -13.5 17.5
3 16 -5 -8 -22.5 10 -8 -22.5 10 -13.5 -22.5
3 16 -5 -13.5 -17.5 10 -13.5 -17.5 10 -8 -17.5
3 16 15 -8 -2.5 10 -8 2.5 15 -8 2.5
3 16 15 -13.5 -2.5 10 -8 -2.5 15 -8 -2.5
3 16 10 -13.5 2.5 15 -8 2.5 10 -8 2.5
3 16 10 -8 -2.5 15 -13.5 -2.5 10 -13.5 -2.5
3 16 15 -8 2.5 10 -13.5 2.5 15 -13.5 2.5
3 16 10 -8 2.5 15 -8 -2.5 10 -8 -2.5
3 16 10 -8 -22.5 25 -8 -17.5 25 -8 -22.5
3 16 25 -8 -17.5 10 -8 -22.5 10 -8 -17.5
3 16 25 -8 -22.5 25 -13.5 -37.5 25 -13.5 -22.5
3 16 10 -8 17.5 25 -8 22.5 25 -8 17.5
3 16 25 -8 17.5 10 -13.5 17.5 10 -8 17.5
3 16 25 -8 22.5 10 -8 17.5 10 -8 22.5
3 16 25 -13.5 -2.5 15 -8 -2.5 25 -8 -2.5
3 16 15 -8 -2.5 25 -13.5 -2.5 15 -13.5 -2.5
3 16 25 -13.5 2.5 25 -8 17.5 25 -8 2.5
3 16 10 -13.5 -22.5 25 -8 -22.5 25 -13.5 -22.5
3 16 25 -8 -22.5 10 -13.5 -22.5 10 -8 -22.5
3 16 10 -8 -17.5 25 -13.5 -17.5 25 -8 -17.5
3 16 15 -13.5 2.5 25 -8 2.5 15 -8 2.5
3 16 25 -13.5 -17.5 10 -8 -17.5 10 -13.5 -17.5
3 16 25 -8 2.5 15 -13.5 2.5 25 -13.5 2.5
3 16 25 -8 -2.5 25 -13.5 -17.5 25 -13.5 -2.5
3 16 25 -13.5 -37.5 25 -8 -22.5 25 -8 -37.5
3 16 25 -13.5 -17.5 25 -8 -2.5 25 -8 -17.5
3 16 27.5 -10.5 2.5 27.5 -8 -2.5 27.5 -8 2.5
3 16 27.5 -8 -2.5 27.5 -10.5 2.5 27.5 -10.5 -2.5
3 16 27.5 -8 -22.5 25 -8 -17.5 27.5 -8 -17.5
3 16 27.5 -10.5 -22.5 27.5 -8 -37.5 27.5 -8 -22.5
3 16 27.5 -8 -37.5 27.5 -10.5 -22.5 27.5 -10.5 -37.5
3 16 27.5 -10.5 17.5 27.5 -8 2.5 27.5 -8 17.5
3 16 25 -8 2.5 27.5 -8 -2.5 25 -8 -2.5
3 16 25 -8 -17.5 27.5 -8 -22.5 25 -8 -22.5
3 16 27.5 -10.5 -37.5 27.5 -8 -42.5 27.5 -8 -37.5
3 16 25 -8 -17.5 27.5 -8 -2.5 27.5 -8 -17.5
3 16 27.5 -8 -42.5 25 -8 -37.5 27.5 -8 -37.5
3 16 27.5 -10.5 -37.5 27.5 -10.5 -42.5 27.5 -8 -42.5
3 16 27.5 -8 2.5 27.5 -10.5 17.5 27.5 -10.5 2.5
3 16 27.5 -8 -2.5 25 -8 2.5 27.5 -8 2.5
3 16 27.5 -8 -2.5 25 -8 -17.5 25 -8 -2.5
3 16 27.5 -8 -17.5 27.5 -10.5 -2.5 27.5 -10.5 -17.5
3 16 27.5 -10.5 -2.5 27.5 -8 -17.5 27.5 -8 -2.5
3 16 27.5 -10.5 -17.5 27.5 -10.5 -22.5 27.5 -8 -22.5
3 16 27.5 -8 17.5 25 -8 2.5 25 -8 17.5
3 16 27.5 -10.5 -17.5 27.5 -8 -22.5 27.5 -8 -17.5
3 16 27.5 -8 -22.5 25 -8 -37.5 25 -8 -22.5
3 16 25 -8 2.5 27.5 -8 17.5 27.5 -8 2.5
3 16 25 -8 -37.5 27.5 -8 -22.5 27.5 -8 -37.5
3 16 -7.5 -8 -37.5 -7.5 -10.5 -37.5 -7.5 -10.5 -22.5
3 16 -7.5 -10.5 -22.5 -7.5 -8 -22.5 -7.5 -8 -37.5
3 16 -7.5 -10.5 -42.5 -7.5 -8 -42.5 -7.5 -8 -57.5
3 16 -7.5 -10.5 -62.5 -7.5 -8 -62.5 -7.5 -8 -77.5
3 16 -7.5 -10.5 -57.5 -7.5 -8 -62.5 -7.5 -10.5 -62.5
3 16 -7.5 -10.5 -57.5 -7.5 -8 -57.5 -7.5 -8 -62.5
3 16 -7.5 -10.5 -37.5 -7.5 -8 -42.5 -7.5 -10.5 -42.5
3 16 -7.5 -8 -57.5 -7.5 -10.5 -57.5 -7.5 -10.5 -42.5
3 16 -7.5 -10.5 -77.5 -7.5 -8 -77.5 -7.5 -8 -82.5
3 16 -7.5 -8 -77.5 -7.5 -10.5 -77.5 -7.5 -10.5 -62.5
3 16 -7.5 -10.5 -77.5 -7.5 -8 -82.5 -7.5 -10.5 -82.5
3 16 -7.5 -10.5 -37.5 -7.5 -8 -37.5 -7.5 -8 -42.5
3 16 -7.5 -8 -22.5 -5 -8 -22.5 -5 -8 -37.5
3 16 -5 -8 -37.5 -7.5 -8 -37.5 -7.5 -8 -22.5
3 16 -7.5 -8 -42.5 -7.5 -8 -37.5 -5 -8 -37.5
3 16 -5 -13.5 -37.5 -5 -8 -37.5 -5 -8 -22.5
3 16 -7.5 -8 -82.5 -7.5 -8 -77.5 -5 -8 -77.5
3 16 -7.5 -8 -42.5 -5 -8 -42.5 -5 -8 -57.5
3 16 -5 -8 -62.5 -5 -13.5 -62.5 -5 -13.5 -77.5
3 16 -5 -8 -77.5 -7.5 -8 -77.5 -7.5 -8 -62.5
3 16 -5 -13.5 -77.5 -5 -8 -77.5 -5 -8 -62.5
3 16 -5 -8 -57.5 -5 -8 -62.5 -7.5 -8 -62.5
3 16 -5 -8 -82.5 -5 -13.5 -82.5 -5 -13.5 -97.5
3 16 -7.5 -8 -62.5 -5 -8 -62.5 -5 -8 -77.5
3 16 -5 -13.5 -57.5 -5 -8 -57.5 -5 -8 -42.5
3 16 -5 -8 -57.5 -7.5 -8 -57.5 -7.5 -8 -42.5
3 16 -5 -8 -42.5 -5 -13.5 -42.5 -5 -13.5 -57.5
3 16 -7.5 -8 -62.5 -7.5 -8 -57.5 -5 -8 -57.5
3 16 -5 -8 -37.5 -5 -8 -42.5 -7.5 -8 -42.5
3 16 -5 -8 -77.5 -5 -8 -82.5 -7.5 -8 -82.5
3 16 -5 -13.5 -37.5 10 -13.5 -37.5 10 -8 -37.5
3 16 -5 -8 -37.5 10 -8 -37.5 10 -8 -42.5
3 16 10 -8 -37.5 -5 -8 -37.5 -5 -13.5 -37.5
3 16 -5 -8 -42.5 10 -8 -42.5 10 -13.5 -42.5
3 16 10 -8 -57.5 -5 -8 -57.5 -5 -13.5 -57.5
3 16 -5 -13.5 -57.5 10 -13.5 -57.5 10 -8 -57.5
3 16 10 -13.5 -42.5 -5 -13.5 -42.5 -5 -8 -42.5
3 16 10 -13.5 -62.5 -5 -13.5 -62.5 -5 -8 -62.5
3 16 10 -8 -42.5 -5 -8 -42.5 -5 -8 -37.5
3 16 10 -8 -77.5 -5 -8 -77.5 -5 -13.5 -77.5
3 16 -5 -8 -77.5 10 -8 -77.5 10 -8 -82.5
3 16 10 -8 -62.5 -5 -8 -62.5 -5 -8 -57.5
3 16 -5 -8 -57.5 10 -8 -57.5 10 -8 -62.5
3 16 10 -8 -82.5 -5 -8 -82.5 -5 -8 -77.5
3 16 -5 -8 -62.5 10 -8 -62.5 10 -13.5 -62.5
3 16 -5 -8 -82.5 10 -8 -82.5 10 -13.5 -82.5
3 16 10 -13.5 -82.5 -5 -13.5 -82.5 -5 -8 -82.5
3 16 -5 -13.5 -97.5 10 -13.5 -97.5 10 -8 -97.5
3 16 -5 -13.5 -77.5 10 -13.5 -77.5 10 -8 -77.5
3 16 10 -13.5 -62.5 25 -8 -62.5 25 -13.5 -62.5
3 16 25 -8 -62.5 10 -13.5 -62.5 10 -8 -62.5
3 16 10 -8 -62.5 25 -8 -57.5 25 -8 -62.5
3 16 25 -8 -102.5 25 -13.5 -117.5 25 -13.5 -102.5
3 16 25 -13.5 -77.5 25 -8 -62.5 25 -8 -77.5
3 16 25 -8 -82.5 10 -13.5 -82.5 10 -8 -82.5
3 16 25 -13.5 -57.5 10 -8 -57.5 10 -13.5 -57.5
3 16 25 -13.5 -97.5 10 -8 -97.5 10 -13.5 -97.5
3 16 10 -13.5 -102.5 25 -8 -102.5 25 -13.5 -102.5
3 16 10 -8 -97.5 25 -13.5 -97.5 25 -8 -97.5
3 16 25 -13.5 -77.5 10 -8 -77.5 10 -13.5 -77.5
3 16 10 -8 -77.5 25 -13.5 -77.5 25 -8 -77.5
3 16 10 -13.5 -82.5 25 -8 -82.5 25 -13.5 -82.5
3 16 10 -8 -57.5 25 -13.5 -57.5 25 -8 -57.5
3 16 25 -13.5 -57.5 25 -8 -42.5 25 -8 -57.5
3 16 10 -8 -82.5 25 -8 -77.5 25 -8 -82.5
3 16 25 -8 -42.5 25 -13.5 -57.5 25 -13.5 -42.5
3 16 25 -13.5 -37.5 10 -8 -37.5 10 -13.5 -37.5
3 16 25 -8 -82.5 25 -13.5 -97.5 25 -13.5 -82.5
3 16 25 -13.5 -97.5 25 -8 -82.5 25 -8 -97.5
3 16 25 -8 -42.5 10 -13.5 -42.5 10 -8 -42.5
3 16 25 -8 -57.5 10 -8 -62.5 10 -8 -57.5
3 16 10 -8 -42.5 25 -8 -37.5 25 -8 -42.5
3 16 10 -8 -37.5 25 -13.5 -37.5 25 -8 -37.5
3 16 10 -13.5 -42.5 25 -8 -42.5 25 -13.5 -42.5
3 16 25 -8 -77.5 10 -8 -82.5 10 -8 -77.5
3 16 25 -8 -62.5 25 -13.5 -77.5 25 -13.5 -62.5
3 16 25 -8 -37.5 10 -8 -42.5 10 -8 -37.5
3 16 25 -8 -37.5 27.5 -8 -42.5 25 -8 -42.5
3 16 27.5 -10.5 -57.5 27.5 -10.5 -62.5 27.5 -8 -62.5
3 16 27.5 -10.5 -77.5 27.5 -10.5 -82.5 27.5 -8 -82.5
3 16 25 -8 -57.5 27.5 -8 -42.5 27.5 -8 -57.5
3 16 27.5 -10.5 -77.5 27.5 -8 -82.5 27.5 -8 -77.5
3 16 27.5 -8 -42.5 25 -8 -57.5 25 -8 -42.5
3 16 27.5 -10.5 -57.5 27.5 -8 -62.5 27.5 -8 -57.5
3 16 27.5 -8 -97.5 27.5 -10.5 -82.5 27.5 -10.5 -97.5
3 16 27.5 -10.5 -62.5 27.5 -8 -77.5 27.5 -8 -62.5
3 16 27.5 -10.5 -82.5 27.5 -8 -97.5 27.5 -8 -82.5
3 16 27.5 -10.5 -97.5 27.5 -10.5 -102.5 27.5 -8 -102.5
3 16 27.5 -10.5 -97.5 27.5 -8 -102.5 27.5 -8 -97.5
3 16 25 -8 -57.5 27.5 -8 -62.5 25 -8 -62.5
3 16 27.5 -8 -62.5 25 -8 -57.5 27.5 -8 -57.5
3 16 25 -8 -97.5 27.5 -8 -102.5 25 -8 -102.5
3 16 27.5 -8 -77.5 27.5 -10.5 -62.5 27.5 -10.5 -77.5
3 16 27.5 -8 -102.5 25 -8 -97.5 27.5 -8 -97.5
3 16 25 -8 -77.5 27.5 -8 -62.5 27.5 -8 -77.5
3 16 25 -8 -97.5 27.5 -8 -82.5 27.5 -8 -97.5
3 16 27.5 -8 -82.5 25 -8 -97.5 25 -8 -82.5
3 16 25 -8 -77.5 27.5 -8 -82.5 25 -8 -82.5
3 16 27.5 -8 -82.5 25 -8 -77.5 27.5 -8 -77.5
3 16 27.5 -10.5 -42.5 27.5 -8 -57.5 27.5 -8 -42.5
3 16 27.5 -8 -62.5 25 -8 -77.5 25 -8 -62.5
3 16 27.5 -8 -57.5 27.5 -10.5 -42.5 27.5 -10.5 -57.5
3 16 -7.5 -8 -97.5 -7.5 -10.5 -97.5 -7.5 -10.5 -82.5
3 16 -7.5 -10.5 -117.5 -7.5 -8 -117.5 -7.5 -8 -122.5
3 16 -7.5 -10.5 -82.5 -7.5 -8 -82.5 -7.5 -8 -97.5
3 16 -7.5 -8 -122.5 -7.5 -10.5 -122.5 -7.5 -10.5 -117.5
3 16 -7.5 -10.5 -97.5 -7.5 -8 -102.5 -7.5 -10.5 -102.5
3 16 -7.5 -10.5 -122.5 -7.5 -8 -122.5 -7.5 -8 -130
3 16 -7.5 -8 -130 -7.5 -10.5 -130 -7.5 -10.5 -122.5
3 16 -7.5 -8 -117.5 -7.5 -10.5 -117.5 -7.5 -10.5 -102.5
3 16 -7.5 -10.5 -97.5 -7.5 -8 -97.5 -7.5 -8 -102.5
3 16 -7.5 -10.5 -102.5 -7.5 -8 -102.5 -7.5 -8 -117.5
3 16 -7.5 -8 -122.5 -7.5 -8 -117.5 -5 -8 -117.5
3 16 -5 -8 -117.5 -5 -8 -122.5 -7.5 -8 -122.5
3 16 -5 -8 -130 -7.5 -8 -130 -7.5 -8 -122.5
3 16 -5 -8 -122.5 -5 -13.5 -122.5 -5 -13.5 -130
3 16 -5 -13.5 -130 -5 -8 -130 -5 -8 -122.5
3 16 -5 -8 -97.5 -5 -8 -102.5 -7.5 -8 -102.5
3 16 -7.5 -8 -102.5 -7.5 -8 -97.5 -5 -8 -97.5
3 16 -7.5 -8 -122.5 -5 -8 -122.5 -5 -8 -130
3 16 -7.5 -10.5 -130 -7.5 -8 -130 -5 -8 -130
3 16 -7.5 -8 -102.5 -5 -8 -102.5 -5 -8 -117.5
3 16 -5 -13.5 -117.5 -5 -8 -117.5 -5 -8 -102.5
3 16 -5 -8 -102.5 -5 -13.5 -102.5 -5 -13.5 -117.5
3 16 -7.5 -13.5 -130 -7.5 -10.5 -130 -5 -8 -130
3 16 -5 -8 -130 -5 -13.5 -130 -7.5 -13.5 -130
3 16 -5 -8 -117.5 -7.5 -8 -117.5 -7.5 -8 -102.5
3 16 -5 -13.5 -97.5 -5 -8 -97.5 -5 -8 -82.5
3 16 -7.5 -8 -82.5 -5 -8 -82.5 -5 -8 -97.5
3 16 -5 -8 -97.5 -7.5 -8 -97.5 -7.5 -8 -82.5
3 16 -5 -13.5 -122.5 -5 -8 -122.5 5 -8 -122.5
3 16 5 -13.5 -117.5 5 -8 -117.5 -5 -8 -117.5
3 16 -5 -8 -117.5 -5 -13.5 -117.5 5 -13.5 -117.5
3 16 5 -8 -122.5 5 -13.5 -122.5 -5 -13.5 -122.5
3 16 10 -13.5 -102.5 -5 -13.5 -102.5 -5 -8 -102.5
3 16 -5 -8 -97.5 10 -8 -97.5 10 -8 -102.5
3 16 10 -8 -97.5 -5 -8 -97.5 -5 -13.5 -97.5
3 16 5 -13.5 -122.5 5 -8 -122.5 10 -8 -122.5
3 16 10 -8 -122.5 10 -13.5 -122.5 5 -13.5 -122.5
3 16 -5 -8 -102.5 10 -8 -102.5 10 -13.5 -102.5
3 16 5 -8 -117.5 5 -13.5 -117.5 10 -13.5 -117.5
3 16 5 -8 -117.5 10 -8 -122.5 5 -8 -122.5
3 16 10 -13.5 -117.5 10 -8 -117.5 5 -8 -117.5
3 16 10 -8 -102.5 -5 -8 -102.5 -5 -8 -97.5
3 16 5 -8 -117.5 10 -8 -117.5 10 -8 -122.5
3 16 15 -8 -117.5 10 -8 -122.5 10 -8 -117.5
3 16 15 -8 -117.5 15 -8 -122.5 10 -8 -122.5
3 16 15 -8 -117.5 10 -13.5 -117.5 15 -13.5 -117.5
3 16 10 -13.5 -117.5 15 -8 -117.5 10 -8 -117.5
3 16 10 -8 -122.5 15 -13.5 -122.5 10 -13.5 -122.5
3 16 15 -13.5 -122.5 10 -8 -122.5 15 -8 -122.5
3 16 10 -8 -102.5 25 -8 -97.5 25 -8 -102.5
3 16 25 -8 -97.5 10 -8 -102.5 10 -8 -97.5
3 16 25 -8 -102.5 10 -13.5 -102.5 10 -8 -102.5
3 16 15 -13.5 -117.5 25 -8 -117.5 15 -8 -117.5
3 16 25 -13.5 -122.5 15 -8 -122.5 25 -8 -122.5
3 16 15 -8 -122.5 25 -13.5 -122.5 15 -13.5 -122.5
3 16 25 -8 -117.5 15 -13.5 -117.5 25 -13.5 -117.5
3 16 25 -13.5 -117.5 25 -8 -102.5 25 -8 -117.5
3 16 25 -13.5 -130 25 -8 -122.5 25 -8 -130
3 16 25 -8 -122.5 25 -13.5 -130 25 -13.5 -122.5
3 16 25 -8 -117.5 27.5 -8 -122.5 25 -8 -122.5
3 16 27.5 -8 -117.5 27.5 -10.5 -102.5 27.5 -10.5 -117.5
3 16 27.5 -8 -130 27.5 -10.5 -122.5 27.5 -10.5 -130
3 16 27.5 -13.5 -130 25 -8 -130 27.5 -10.5 -130
3 16 27.5 -10.5 -122.5 27.5 -8 -130 27.5 -8 -122.5
3 16 25 -8 -117.5 27.5 -8 -102.5 27.5 -8 -117.5
3 16 27.5 -8 -102.5 25 -8 -117.5 25 -8 -102.5
3 16 25 -8 -130 27.5 -13.5 -130 25 -13.5 -130
3 16 25 -8 -130 27.5 -8 -122.5 27.5 -8 -130
3 16 27.5 -8 -122.5 25 -8 -117.5 27.5 -8 -117.5
3 16 27.5 -8 -122.5 25 -8 -130 25 -8 -122.5
3 16 27.5 -10.5 -102.5 27.5 -8 -117.5 27.5 -8 -102.5
3 16 27.5 -10.5 -117.5 27.5 -8 -122.5 27.5 -8 -117.5
3 16 27.5 -8 -122.5 27.5 -10.5 -117.5 27.5 -10.5 -122.5
3 16 27.5 -10.5 -130 25 -8 -130 27.5 -8 -130
3 16 -2.5 -5 0 -5 -8 -2.5 -5 -8 2.5
3 16 -2.5 -5 0 -5 -8 2.5 -2.31 -5 0.957
3 16 -2.31 -5 -0.957 -5 -8 -2.5 -2.5 -5 0
3 16 -1.768 -5 -1.768 -5 -8 -2.5 -2.31 -5 -0.957
3 16 -2.31 -5 0.957 -5 -8 2.5 -1.768 -5 1.768
3 16 -0.957 -5 -2.31 -5 -8 -2.5 -1.768 -5 -1.768
3 16 -0.957 -5 2.31 -1.768 -5 1.768 -5 -8 2.5
3 16 -0.957 -5 2.31 -5 -8 2.5 0 -5 2.5
3 16 0 -5 -2.5 -5 -8 -2.5 -0.957 -5 -2.31
3 16 0 -5 -2.5 5 -8 -2.5 -5 -8 -2.5
3 16 0.957 -5 2.31 5 -8 2.5 1.768 -5 1.768
3 16 0 -5 2.5 5 -8 2.5 0.957 -5 2.31
3 16 1.768 -5 1.768 5 -8 2.5 2.31 -5 0.957
3 16 0 -5 2.5 -5 -8 2.5 5 -8 2.5
3 16 2.5 -5 0 5 -8 2.5 5 -8 -2.5
3 16 1.768 -5 -1.768 5 -8 -2.5 0.957 -5 -2.31
3 16 2.5 -5 0 5 -8 -2.5 2.31 -5 -0.957
3 16 2.31 -5 -0.957 5 -8 -2.5 1.768 -5 -1.768
3 16 0.957 -5 -2.31 5 -8 -2.5 0 -5 -2.5
3 16 2.31 -5 0.957 5 -8 2.5 2.5 -5 0
3 16 17.5 -5 0 15 -8 -2.5 15 -8 2.5
3 16 17.5 -5 0 17.69 -5 -0.957 15 -8 -2.5
3 16 17.69 -5 0.957 17.5 -5 0 15 -8 2.5
3 16 18.232 -5 1.768 17.69 -5 0.957 15 -8 2.5
3 16 17.69 -5 -0.957 18.232 -5 -1.768 15 -8 -2.5
3 16 19.043 -5 2.31 18.232 -5 1.768 15 -8 2.5
3 16 18.232 -5 -1.768 19.043 -5 -2.31 15 -8 -2.5
3 16 19.043 -5 -2.31 20 -5 -2.5 15 -8 -2.5
3 16 20 -5 2.5 19.043 -5 2.31 15 -8 2.5
3 16 20.957 -5 -2.31 21.768 -5 -1.768 25 -8 -2.5
3 16 20 -5 -2.5 20.957 -5 -2.31 25 -8 -2.5
3 16 21.768 -5 -1.768 22.31 -5 -0.957 25 -8 -2.5
3 16 20 -5 2.5 15 -8 2.5 25 -8 2.5
3 16 20.957 -5 2.31 25 -8 2.5 21.768 -5 1.768
3 16 20.957 -5 2.31 20 -5 2.5 25 -8 2.5
3 16 22.31 -5 0.957 21.768 -5 1.768 25 -8 2.5
3 16 20 -5 -2.5 25 -8 -2.5 15 -8 -2.5
3 16 22.5 -5 0 22.31 -5 0.957 25 -8 2.5
3 16 22.5 -5 0 25 -8 2.5 25 -8 -2.5
3 16 22.31 -5 -0.957 22.5 -5 0 25 -8 -2.5
3 16 -2.5 -5 -120 -5 -8 -122.5 -5 -8 -117.5
3 16 -2.5 -5 -120 -5 -8 -117.5 -2.31 -5 -119.043
3 16 -2.31 -5 -120.957 -5 -8 -122.5 -2.5 -5 -120
3 16 -2.31 -5 -119.043 -5 -8 -117.5 -1.768 -5 -118.232
3 16 -1.768 -5 -121.768 -5 -8 -122.5 -2.31 -5 -120.957
3 16 -0.957 -5 -122.31 -5 -8 -122.5 -1.768 -5 -121.768
3 16 -0.957 -5 -117.69 -1.768 -5 -118.232 -5 -8 -117.5
3 16 -0.957 -5 -117.69 -5 -8 -117.5 0 -5 -117.5
3 16 0 -5 -122.5 -5 -8 -122.5 -0.957 -5 -122.31
3 16 0.957 -5 -117.69 5 -8 -117.5 1.768 -5 -118.232
3 16 0 -5 -117.5 5 -8 -117.5 0.957 -5 -117.69
3 16 2.31 -5 -120.957 5 -8 -122.5 1.768 -5 -121.768
3 16 2.5 -5 -120 5 -8 -117.5 5 -8 -122.5
3 16 2.5 -5 -120 5 -8 -122.5 2.31 -5 -120.957
3 16 0 -5 -117.5 -5 -8 -117.5 5 -8 -117.5
3 16 1.768 -5 -121.768 5 -8 -122.5 0.957 -5 -122.31
3 16 0.957 -5 -122.31 5 -8 -122.5 0 -5 -122.5
3 16 1.768 -5 -118.232 5 -8 -117.5 2.31 -5 -119.043
3 16 0 -5 -122.5 5 -8 -122.5 -5 -8 -122.5
3 16 2.31 -5 -119.043 5 -8 -117.5 2.5 -5 -120
3 16 17.5 -5 -120 15 -8 -122.5 15 -8 -117.5
3 16 17.5 -5 -120 15 -8 -117.5 17.69 -5 -119.043
3 16 17.69 -5 -120.957 15 -8 -122.5 17.5 -5 -120
3 16 17.69 -5 -119.043 15 -8 -117.5 18.232 -5 -118.232
3 16 18.232 -5 -121.768 15 -8 -122.5 17.69 -5 -120.957
3 16 19.043 -5 -117.69 18.232 -5 -118.232 15 -8 -117.5
3 16 19.043 -5 -122.31 15 -8 -122.5 18.232 -5 -121.768
3 16 19.043 -5 -117.69 15 -8 -117.5 20 -5 -117.5
3 16 20 -5 -122.5 15 -8 -122.5 19.043 -5 -122.31
3 16 21.768 -5 -118.232 25 -8 -117.5 22.31 -5 -119.043
3 16 20.957 -5 -117.69 25 -8 -117.5 21.768 -5 -118.232
3 16 22.31 -5 -119.043 25 -8 -117.5 22.5 -5 -120
3 16 20 -5 -117.5 15 -8 -117.5 25 -8 -117.5
3 16 22.5 -5 -120 25 -8 -117.5 25 -8 -122.5
3 16 20 -5 -117.5 25 -8 -117.5 20.957 -5 -117.69
3 16 22.31 -5 -120.957 25 -8 -122.5 21.768 -5 -121.768
3 16 22.5 -5 -120 25 -8 -122.5 22.31 -5 -120.957
3 16 21.768 -5 -121.768 25 -8 -122.5 20.957 -5 -122.31
3 16 20 -5 -122.5 25 -8 -122.5 15 -8 -122.5
3 16 20.957 -5 -122.31 25 -8 -122.5 20 -5 -122.5
3 16 21.768 -5 1.768 20.957 0 2.31 20.957 -5 2.31
3 16 22.31 -5 -0.957 22.5 0 0 22.5 -5 0
3 16 20.957 0 2.31 21.768 -5 1.768 21.768 0 1.768
3 16 22.31 -5 0.957 21.768 0 1.768 21.768 -5 1.768
3 16 20 0 2.5 20.957 -5 2.31 20.957 0 2.31
3 16 20.957 -5 2.31 20 0 2.5 20 -5 2.5
3 16 20.957 0 2.31 21.768 0 1.768 20 0 2.5
3 16 21.768 0 1.768 22.31 -5 0.957 22.31 0 0.957
3 16 22.5 0 0 21.768 0 1.768 22.31 0 0.957
3 16 22.5 -5 0 22.31 0 0.957 22.31 -5 0.957
3 16 22.31 0 0.957 22.5 -5 0 22.5 0 0
3 16 20 -5 2.5 19.043 0 2.31 19.043 -5 2.31
3 16 19.043 0 2.31 20 -5 2.5 20 0 2.5
3 16 20 -5 -2.5 20.957 0 -2.31 20.957 -5 -2.31
3 16 20.957 -5 -2.31 21.768 0 -1.768 21.768 -5 -1.768
3 16 21.768 0 -1.768 20.957 -5 -2.31 20.957 0 -2.31
3 16 21.768 0 -1.768 21.768 0 1.768 22.5 0 0
3 16 21.768 -5 -1.768 22.31 0 -0.957 22.31 -5 -0.957
3 16 22.31 0 -0.957 21.768 -5 -1.768 21.768 0 -1.768
3 16 21.768 0 -1.768 22.5 0 0 22.31 0 -0.957
3 16 22.5 0 0 22.31 -5 -0.957 22.31 0 -0.957
3 16 19.043 -5 -2.31 20 0 -2.5 20 -5 -2.5
3 16 20.957 0 -2.31 20 -5 -2.5 20 0 -2.5
3 16 20 0 -2.5 21.768 0 -1.768 20.957 0 -2.31
3 16 18.232 -5 1.768 17.69 0 0.957 17.69 -5 0.957
3 16 17.69 0 0.957 18.232 -5 1.768 18.232 0 1.768
3 16 18.232 0 1.768 19.043 -5 2.31 19.043 0 2.31
3 16 19.043 -5 2.31 18.232 0 1.768 18.232 -5 1.768
3 16 20 0 2.5 18.232 0 1.768 19.043 0 2.31
3 16 20 0 2.5 21.768 0 1.768 18.232 0 1.768
3 16 17.69 -5 0.957 17.5 0 0 17.5 -5 0
3 16 17.5 0 0 17.69 -5 0.957 17.69 0 0.957
3 16 18.232 0 1.768 17.5 0 0 17.69 0 0.957
3 16 -1.768 -5 1.768 -0.957 -5 2.31 -0.957 0 2.31
3 16 18.232 -5 -1.768 19.043 0 -2.31 19.043 -5 -2.31
3 16 20 0 -2.5 19.043 -5 -2.31 19.043 0 -2.31
3 16 17.69 0 -0.957 17.5 -5 0 17.5 0 0
3 16 17.5 -5 0 17.69 0 -0.957 17.69 -5 -0.957
3 16 -0.957 -5 2.31 0 -5 2.5 0 0 2.5
3 16 0 0 2.5 -0.957 0 2.31 -0.957 -5 2.31
3 16 18.232 0 1.768 18.232 0 -1.768 17.5 0 0
3 16 17.5 0 0 18.232 0 -1.768 17.69 0 -0.957
3 16 18.232 0 -1.768 17.69 -5 -0.957 17.69 0 -0.957
3 16 17.69 -5 -0.957 18.232 0 -1.768 18.232 -5 -1.768
3 16 19.043 0 -2.31 18.232 -5 -1.768 18.232 0 -1.768
3 16 18.232 0 -1.768 20 0 -2.5 19.043 0 -2.31
3 16 18.232 0 1.768 21.768 0 1.768 18.232 0 -1.768
3 16 18.232 0 -1.768 21.768 0 1.768 21.768 0 -1.768
3 16 18.232 0 -1.768 21.768 0 -1.768 20 0 -2.5
3 16 -2.5 -5 0 -2.31 -5 0.957 -2.31 0 0.957
3 16 -1.768 0 1.768 -2.31 0 0.957 -2.31 -5 0.957
3 16 -2.31 -5 0.957 -1.768 -5 1.768 -1.768 0 1.768
3 16 -0.957 0 2.31 -1.768 0 1.768 -1.768 -5 1.768
3 16 -0.957 0 2.31 0 0 2.5 -1.768 0 1.768
3 16 1.768 -5 1.768 2.31 -5 0.957 2.31 0 0.957
3 16 0 -5 2.5 0.957 -5 2.31 0.957 0 2.31
3 16 0.957 0 2.31 0 0 2.5 0 -5 2.5
3 16 -2.31 -5 -0.957 -2.5 -5 0 -2.5 0 0
3 16 -2.31 0 0.957 -2.5 0 0 -2.5 -5 0
3 16 -2.5 0 0 -2.31 0 0.957 -1.768 0 1.768
3 16 2.5 0 0 2.31 0 0.957 2.31 -5 0.957
3 16 2.31 -5 0.957 2.5 -5 0 2.5 0 0
3 16 0 -5 -2.5 -0.957 -5 -2.31 -0.957 0 -2.31
3 16 -2.5 0 0 -2.31 0 -0.957 -2.31 -5 -0.957
3 16 -1.768 -5 -1.768 -2.31 -5 -0.957 -2.31 0 -0.957
3 16 2.5 -5 0 2.31 -5 -0.957 2.31 0 -0.957
3 16 2.31 0 -0.957 2.5 0 0 2.5 -5 0
3 16 0.957 -5 2.31 1.768 -5 1.768 1.768 0 1.768
3 16 0 0 2.5 1.768 0 1.768 -1.768 0 1.768
3 16 0 0 2.5 0.957 0 2.31 1.768 0 1.768
3 16 1.768 0 1.768 0.957 0 2.31 0.957 -5 2.31
3 16 2.31 0 0.957 1.768 0 1.768 1.768 -5 1.768
3 16 1.768 0 1.768 2.31 0 0.957 2.5 0 0
3 16 -0.957 0 -2.31 0 0 -2.5 0 -5 -2.5
3 16 0.957 -5 -2.31 0 -5 -2.5 0 0 -2.5
3 16 -1.768 0 -1.768 -2.5 0 0 -1.768 0 1.768
3 16 -1.768 0 -1.768 -2.31 0 -0.957 -2.5 0 0
3 16 -2.31 0 -0.957 -1.768 0 -1.768 -1.768 -5 -1.768
3 16 -1.768 0 -1.768 -0.957 0 -2.31 -0.957 -5 -2.31
3 16 -0.957 -5 -2.31 -1.768 -5 -1.768 -1.768 0 -1.768
3 16 0 0 -2.5 -0.957 0 -2.31 -1.768 0 -1.768
3 16 0 0 -2.5 0.957 0 -2.31 0.957 -5 -2.31
3 16 1.768 -5 -1.768 0.957 -5 -2.31 0.957 0 -2.31
3 16 1.768 0 -1.768 0 0 -2.5 -1.768 0 -1.768
3 16 0.957 0 -2.31 1.768 0 -1.768 1.768 -5 -1.768
3 16 1.768 0 -1.768 -1.768 0 -1.768 -1.768 0 1.768
3 16 1.768 0 1.768 1.768 0 -1.768 -1.768 0 1.768
3 16 1.768 0 -1.768 0.957 0 -2.31 0 0 -2.5
3 16 1.768 0 -1.768 2.31 0 -0.957 2.31 -5 -0.957
3 16 2.31 -5 -0.957 1.768 -5 -1.768 1.768 0 -1.768
3 16 1.768 0 1.768 2.5 0 0 1.768 0 -1.768
3 16 2.5 0 0 2.31 0 -0.957 1.768 0 -1.768
3 16 17.5 -5 -120 17.69 -5 -119.043 17.69 0 -119.043
3 16 18.232 0 -118.232 17.69 0 -119.043 17.69 -5 -119.043
3 16 17.69 -5 -119.043 18.232 -5 -118.232 18.232 0 -118.232
3 16 17.69 0 -119.043 17.5 0 -120 17.5 -5 -120
3 16 17.69 -5 -120.957 17.5 -5 -120 17.5 0 -120
3 16 17.5 0 -120 17.69 0 -119.043 18.232 0 -118.232
3 16 18.232 -5 -118.232 19.043 -5 -117.69 19.043 0 -117.69
3 16 19.043 0 -117.69 18.232 0 -118.232 18.232 -5 -118.232
3 16 17.5 0 -120 17.69 0 -120.957 17.69 -5 -120.957
3 16 18.232 -5 -121.768 17.69 -5 -120.957 17.69 0 -120.957
3 16 20 0 -117.5 19.043 0 -117.69 19.043 -5 -117.69
3 16 19.043 -5 -117.69 20 -5 -117.5 20 0 -117.5
3 16 19.043 0 -117.69 20 0 -117.5 18.232 0 -118.232
3 16 17.69 0 -120.957 18.232 0 -121.768 18.232 -5 -121.768
3 16 18.232 0 -121.768 17.69 0 -120.957 17.5 0 -120
3 16 18.232 0 -121.768 17.5 0 -120 18.232 0 -118.232
3 16 19.043 -5 -122.31 18.232 -5 -121.768 18.232 0 -121.768
3 16 20 -5 -117.5 20.957 -5 -117.69 20.957 0 -117.69
3 16 20.957 0 -117.69 20 0 -117.5 20 -5 -117.5
3 16 18.232 0 -121.768 19.043 0 -122.31 19.043 -5 -122.31
3 16 20 -5 -122.5 19.043 -5 -122.31 19.043 0 -122.31
3 16 20 0 -117.5 21.768 0 -118.232 18.232 0 -118.232
3 16 21.768 0 -118.232 20.957 0 -117.69 20.957 -5 -117.69
3 16 20 0 -117.5 20.957 0 -117.69 21.768 0 -118.232
3 16 20.957 -5 -117.69 21.768 -5 -118.232 21.768 0 -118.232
3 16 19.043 0 -122.31 20 0 -122.5 20 -5 -122.5
3 16 20 0 -122.5 19.043 0 -122.31 18.232 0 -121.768
3 16 20.957 -5 -122.31 20 -5 -122.5 20 0 -122.5
3 16 22.31 0 -119.043 21.768 0 -118.232 21.768 -5 -118.232
3 16 21.768 -5 -118.232 22.31 -5 -119.043 22.31 0 -119.043
3 16 -2.5 -5 -120 -2.31 -5 -119.043 -2.31 0 -119.043
3 16 -2.31 -5 -119.043 -1.768 -5 -118.232 -1.768 0 -118.232
3 16 -1.768 0 -118.232 -2.31 0 -119.043 -2.31 -5 -119.043
3 16 -2.31 0 -119.043 -2.5 0 -120 -2.5 -5 -120
3 16 -2.31 -5 -120.957 -2.5 -5 -120 -2.5 0 -120
3 16 -2.5 0 -120 -2.31 0 -119.043 -1.768 0 -118.232
3 16 20 0 -122.5 20.957 0 -122.31 20.957 -5 -122.31
3 16 21.768 -5 -121.768 20.957 -5 -122.31 20.957 0 -122.31
3 16 -0.957 0 -117.69 -1.768 0 -118.232 -1.768 -5 -118.232
3 16 -1.768 -5 -118.232 -0.957 -5 -117.69 -0.957 0 -117.69
3 16 22.31 -5 -119.043 22.5 -5 -120 22.5 0 -120
3 16 22.5 0 -120 22.31 0 -119.043 22.31 -5 -119.043
3 16 21.768 0 -118.232 22.31 0 -119.043 22.5 0 -120
3 16 21.768 0 -121.768 20.957 0 -122.31 20 0 -122.5
3 16 21.768 0 -121.768 20 0 -122.5 18.232 0 -121.768
3 16 21.768 0 -118.232 21.768 0 -121.768 18.232 0 -118.232
3 16 21.768 0 -121.768 18.232 0 -121.768 18.232 0 -118.232
3 16 20.957 0 -122.31 21.768 0 -121.768 21.768 -5 -121.768
3 16 22.31 -5 -120.957 21.768 -5 -121.768 21.768 0 -121.768
3 16 21.768 0 -118.232 22.5 0 -120 21.768 0 -121.768
3 16 21.768 0 -121.768 22.31 0 -120.957 22.31 -5 -120.957
3 16 22.5 -5 -120 22.31 -5 -120.957 22.31 0 -120.957
3 16 22.31 0 -120.957 22.5 0 -120 22.5 -5 -120
3 16 22.5 0 -120 22.31 0 -120.957 21.768 0 -121.768
3 16 -2.5 0 -120 -2.31 0 -120.957 -2.31 -5 -120.957
3 16 -1.768 -5 -121.768 -2.31 -5 -120.957 -2.31 0 -120.957
3 16 0 0 -117.5 -0.957 0 -117.69 -0.957 -5 -117.69
3 16 -0.957 0 -117.69 0 0 -117.5 -1.768 0 -118.232
3 16 -0.957 -5 -117.69 0 -5 -117.5 0 0 -117.5
3 16 -2.31 0 -120.957 -1.768 0 -121.768 -1.768 -5 -121.768
3 16 -1.768 0 -121.768 -2.5 0 -120 -1.768 0 -118.232
3 16 -1.768 0 -121.768 -2.31 0 -120.957 -2.5 0 -120
3 16 -0.957 -5 -122.31 -1.768 -5 -121.768 -1.768 0 -121.768
3 16 0.957 0 -117.69 0 0 -117.5 0 -5 -117.5
3 16 0 -5 -117.5 0.957 -5 -117.69 0.957 0 -117.69
3 16 -1.768 0 -121.768 -0.957 0 -122.31 -0.957 -5 -122.31
3 16 0 -5 -122.5 -0.957 -5 -122.31 -0.957 0 -122.31
3 16 0 0 -117.5 1.768 0 -118.232 -1.768 0 -118.232
3 16 1.768 -5 -118.232 1.768 0 -118.232 0.957 -5 -117.69
3 16 1.768 0 -118.232 0.957 0 -117.69 0.957 -5 -117.69
3 16 0.957 0 -117.69 1.768 0 -118.232 0 0 -117.5
3 16 0 0 -122.5 -0.957 0 -122.31 -1.768 0 -121.768
3 16 -0.957 0 -122.31 0 0 -122.5 0 -5 -122.5
3 16 0.957 -5 -122.31 0 -5 -122.5 0 0 -122.5
3 16 2.31 0 -119.043 1.768 0 -118.232 1.768 -5 -118.232
3 16 1.768 -5 -118.232 2.31 -5 -119.043 2.31 0 -119.043
3 16 0 0 -122.5 0.957 0 -122.31 0.957 -5 -122.31
3 16 1.768 -5 -121.768 0.957 -5 -122.31 0.957 0 -122.31
3 16 2.5 0 -120 2.31 0 -119.043 2.31 -5 -119.043
3 16 2.31 -5 -119.043 2.5 -5 -120 2.5 0 -120
3 16 1.768 0 -118.232 2.31 0 -119.043 2.5 0 -120
3 16 1.768 0 -121.768 0.957 0 -122.31 0 0 -122.5
3 16 1.768 0 -121.768 0 0 -122.5 -1.768 0 -121.768
3 16 1.768 0 -121.768 -1.768 0 -121.768 -1.768 0 -118.232
3 16 0.957 0 -122.31 1.768 0 -121.768 1.768 -5 -121.768
3 16 1.768 0 -118.232 1.768 0 -121.768 -1.768 0 -118.232
3 16 2.31 -5 -120.957 1.768 -5 -121.768 1.768 0 -121.768
3 16 1.768 0 -118.232 2.5 0 -120 1.768 0 -121.768
3 16 1.768 0 -121.768 2.31 0 -120.957 2.31 -5 -120.957
3 16 2.5 0 -120 2.31 0 -120.957 1.768 0 -121.768
3 16 2.5 -5 -120 2.31 -5 -120.957 2.31 0 -120.957
3 16 2.31 0 -120.957 2.5 0 -120 2.5 -5 -120
5 24 -5 -8 -2.5 -2.5 -5 0 -2.31 -5 -0.957 -5 -8 2.5
5 24 -5 -8 2.5 -2.5 -5 0 -5 -8 -2.5 -2.31 -5 0.957
5 24 -5 -8 2.5 -2.31 -5 0.957 -2.5 -5 0 -1.768 -5 1.768
5 24 -5 -8 -2.5 -2.31 -5 -0.957 -1.768 -5 -1.768 -2.5 -5 0
5 24 -5 -8 -2.5 -1.768 -5 -1.768 -0.957 -5 -2.31 -2.31 -5 -0.957
5 24 -5 -8 2.5 -1.768 -5 1.768 -2.31 -5 0.957 -0.957 -5 2.31
5 24 -5 -8 -2.5 -0.957 -5 -2.31 0 -5 -2.5 -1.768 -5 -1.768
5 24 -5 -8 2.5 -0.957 -5 2.31 -1.768 -5 1.768 0 -5 2.5
5 24 -5 -8 2.5 0 -5 2.5 5 -8 2.5 -0.957 -5 2.31
5 24 -0.957 -5 2.31 0 -5 2.5 0 0 2.5 -5 -8 2.5
5 24 -5 -8 -2.5 0 -5 -2.5 5 -8 -2.5 -0.957 -5 -2.31
5 24 -0.957 -5 -2.31 0 -5 -2.5 -0.957 0 -2.31 -5 -8 -2.5
5 24 0 -5 2.5 0.957 -5 2.31 0.957 0 2.31 5 -8 2.5
5 24 0 -5 -2.5 0.957 -5 -2.31 0 0 -2.5 5 -8 -2.5
5 24 2.31 -5 -0.957 5 -8 -2.5 1.768 -5 -1.768 2.5 -5 0
5 24 0.957 -5 2.31 5 -8 2.5 1.768 -5 1.768 0 -5 2.5
5 24 0 -5 2.5 5 -8 2.5 -5 -8 2.5 0.957 -5 2.31
5 24 2.31 -5 0.957 5 -8 2.5 2.5 -5 0 1.768 -5 1.768
5 24 2.5 -5 0 5 -8 -2.5 5 -8 2.5 2.31 -5 -0.957
5 24 1.768 -5 -1.768 5 -8 -2.5 0.957 -5 -2.31 2.31 -5 -0.957
5 24 2.5 -5 0 5 -8 2.5 5 -8 -2.5 2.31 -5 0.957
5 24 0 -5 -2.5 5 -8 -2.5 -5 -8 -2.5 0.957 -5 -2.31
5 24 0.957 -5 -2.31 5 -8 -2.5 0 -5 -2.5 1.768 -5 -1.768
5 24 1.768 -5 1.768 5 -8 2.5 2.31 -5 0.957 0.957 -5 2.31
5 24 15 -8 2.5 17.5 -5 0 15 -8 -2.5 17.69 -5 0.957
5 24 15 -8 -2.5 17.5 -5 0 15 -8 2.5 17.69 -5 -0.957
5 24 15 -8 2.5 17.69 -5 0.957 17.5 -5 0 18.232 -5 1.768
5 24 15 -8 -2.5 17.69 -5 -0.957 18.232 -5 -1.768 17.5 -5 0
5 24 15 -8 2.5 18.232 -5 1.768 17.69 -5 0.957 19.043 -5 2.31
5 24 15 -8 -2.5 18.232 -5 -1.768 19.043 -5 -2.31 17.69 -5 -0.957
5 24 15 -8 -2.5 19.043 -5 -2.31 20 -5 -2.5 18.232 -5 -1.768
5 24 15 -8 2.5 19.043 -5 2.31 18.232 -5 1.768 20 -5 2.5
5 24 19.043 -5 2.31 20 -5 2.5 19.043 0 2.31 15 -8 2.5
5 24 15 -8 -2.5 20 -5 -2.5 25 -8 -2.5 19.043 -5 -2.31
5 24 19.043 -5 -2.31 20 -5 -2.5 20 0 -2.5 15 -8 -2.5
5 24 15 -8 2.5 20 -5 2.5 25 -8 2.5 19.043 -5 2.31
5 24 20 -5 2.5 20.957 -5 2.31 20 0 2.5 25 -8 2.5
5 24 20 -5 -2.5 20.957 -5 -2.31 20.957 0 -2.31 25 -8 -2.5
5 24 20 -5 -2.5 25 -8 -2.5 15 -8 -2.5 20.957 -5 -2.31
5 24 22.31 -5 -0.957 25 -8 -2.5 21.768 -5 -1.768 22.5 -5 0
5 24 22.31 -5 0.957 25 -8 2.5 22.5 -5 0 21.768 -5 1.768
5 24 22.5 -5 0 25 -8 -2.5 22.31 -5 -0.957 25 -8 2.5
5 24 21.768 -5 1.768 25 -8 2.5 22.31 -5 0.957 20.957 -5 2.31
5 24 21.768 -5 -1.768 25 -8 -2.5 20.957 -5 -2.31 22.31 -5 -0.957
5 24 20.957 -5 -2.31 25 -8 -2.5 20 -5 -2.5 21.768 -5 -1.768
5 24 22.5 -5 0 25 -8 2.5 25 -8 -2.5 22.31 -5 0.957
5 24 20 -5 2.5 25 -8 2.5 15 -8 2.5 20.957 -5 2.31
5 24 20.957 -5 2.31 25 -8 2.5 21.768 -5 1.768 20 -5 2.5
5 24 -5 -8 -117.5 -2.5 -5 -120 -5 -8 -122.5 -2.31 -5 -119.043
5 24 -5 -8 -122.5 -2.5 -5 -120 -2.31 -5 -120.957 -5 -8 -117.5
5 24 -5 -8 -117.5 -2.31 -5 -119.043 -2.5 -5 -120 -1.768 -5 -118.232
5 24 -5 -8 -122.5 -2.31 -5 -120.957 -1.768 -5 -121.768 -2.5 -5 -120
5 24 -5 -8 -122.5 -1.768 -5 -121.768 -0.957 -5 -122.31 -2.31 -5 -120.957
5 24 -5 -8 -117.5 -1.768 -5 -118.232 -2.31 -5 -119.043 -0.957 -5 -117.69
5 24 -5 -8 -122.5 -0.957 -5 -122.31 0 -5 -122.5 -1.768 -5 -121.768
5 24 -5 -8 -117.5 -0.957 -5 -117.69 -1.768 -5 -118.232 0 -5 -117.5
5 24 -0.957 -5 -117.69 0 -5 -117.5 0 0 -117.5 -5 -8 -117.5
5 24 -5 -8 -117.5 0 -5 -117.5 5 -8 -117.5 -0.957 -5 -117.69
5 24 -5 -8 -122.5 0 -5 -122.5 5 -8 -122.5 -0.957 -5 -122.31
5 24 -0.957 -5 -122.31 0 -5 -122.5 -0.957 0 -122.31 -5 -8 -122.5
5 24 0 -5 -122.5 0.957 -5 -122.31 0 0 -122.5 5 -8 -122.5
5 24 0 -5 -117.5 0.957 -5 -117.69 0.957 0 -117.69 5 -8 -117.5
5 24 2.31 -5 -120.957 5 -8 -122.5 1.768 -5 -121.768 2.5 -5 -120
5 24 2.31 -5 -119.043 5 -8 -117.5 2.5 -5 -120 1.768 -5 -118.232
5 24 0.957 -5 -117.69 5 -8 -117.5 1.768 -5 -118.232 0 -5 -117.5
5 24 0 -5 -117.5 5 -8 -117.5 -5 -8 -117.5 0.957 -5 -117.69
5 24 2.5 -5 -120 5 -8 -117.5 5 -8 -122.5 2.31 -5 -119.043
5 24 2.5 -5 -120 5 -8 -122.5 5 -8 -117.5 2.31 -5 -120.957
5 24 0 -5 -122.5 5 -8 -122.5 -5 -8 -122.5 0.957 -5 -122.31
5 24 0.957 -5 -122.31 5 -8 -122.5 0 -5 -122.5 1.768 -5 -121.768
5 24 1.768 -5 -121.768 5 -8 -122.5 0.957 -5 -122.31 2.31 -5 -120.957
5 24 1.768 -5 -118.232 5 -8 -117.5 2.31 -5 -119.043 0.957 -5 -117.69
5 24 15 -8 -117.5 17.5 -5 -120 15 -8 -122.5 17.69 -5 -119.043
5 24 15 -8 -122.5 17.5 -5 -120 17.69 -5 -120.957 15 -8 -117.5
5 24 15 -8 -122.5 17.69 -5 -120.957 18.232 -5 -121.768 17.5 -5 -120
5 24 15 -8 -117.5 17.69 -5 -119.043 17.5 -5 -120 18.232 -5 -118.232
5 24 15 -8 -122.5 18.232 -5 -121.768 19.043 -5 -122.31 17.69 -5 -120.957
5 24 15 -8 -117.5 18.232 -5 -118.232 17.69 -5 -119.043 19.043 -5 -117.69
5 24 15 -8 -117.5 19.043 -5 -117.69 18.232 -5 -118.232 20 -5 -117.5
5 24 15 -8 -122.5 19.043 -5 -122.31 20 -5 -122.5 18.232 -5 -121.768
5 24 15 -8 -122.5 20 -5 -122.5 25 -8 -122.5 19.043 -5 -122.31
5 24 19.043 -5 -117.69 20 -5 -117.5 20 0 -117.5 15 -8 -117.5
5 24 15 -8 -117.5 20 -5 -117.5 25 -8 -117.5 19.043 -5 -117.69
5 24 19.043 -5 -122.31 20 -5 -122.5 19.043 0 -122.31 15 -8 -122.5
5 24 20 -5 -117.5 20.957 -5 -117.69 20.957 0 -117.69 25 -8 -117.5
5 24 20 -5 -122.5 20.957 -5 -122.31 20 0 -122.5 25 -8 -122.5
5 24 22.5 -5 -120 25 -8 -117.5 25 -8 -122.5 22.31 -5 -119.043
5 24 20.957 -5 -117.69 25 -8 -117.5 21.768 -5 -118.232 20 -5 -117.5
5 24 22.5 -5 -120 25 -8 -122.5 25 -8 -117.5 22.31 -5 -120.957
5 24 22.31 -5 -120.957 25 -8 -122.5 21.768 -5 -121.768 22.5 -5 -120
5 24 20.957 -5 -122.31 25 -8 -122.5 20 -5 -122.5 21.768 -5 -121.768
5 24 21.768 -5 -121.768 25 -8 -122.5 20.957 -5 -122.31 22.31 -5 -120.957
5 24 20 -5 -122.5 25 -8 -122.5 15 -8 -122.5 20.957 -5 -122.31
5 24 20 -5 -117.5 25 -8 -117.5 15 -8 -117.5 20.957 -5 -117.69
5 24 21.768 -5 -118.232 25 -8 -117.5 22.31 -5 -119.043 20.957 -5 -117.69
5 24 22.31 -5 -119.043 25 -8 -117.5 22.5 -5 -120 21.768 -5 -118.232
5 24 20.957 -5 2.31 20.957 0 2.31 21.768 -5 1.768 20 0 2.5
5 24 22.5 -5 0 22.5 0 0 22.31 -5 -0.957 22.31 0 0.957
5 24 21.768 -5 1.768 21.768 0 1.768 22.31 -5 0.957 20.957 0 2.31
5 24 20 -5 2.5 20 0 2.5 19.043 0 2.31 20.957 -5 2.31
5 24 22.31 -5 0.957 22.31 0 0.957 22.5 -5 0 21.768 0 1.768
5 24 19.043 -5 2.31 19.043 0 2.31 20 -5 2.5 18.232 0 1.768
5 24 20.957 -5 -2.31 20.957 0 -2.31 20 -5 -2.5 21.768 0 -1.768
5 24 21.768 -5 -1.768 21.768 0 -1.768 20.957 -5 -2.31 22.31 0 -0.957
5 24 22.31 -5 -0.957 22.31 0 -0.957 21.768 -5 -1.768 22.5 0 0
5 24 20 -5 -2.5 20 0 -2.5 19.043 -5 -2.31 20.957 0 -2.31
5 24 17.69 -5 0.957 17.69 0 0.957 18.232 -5 1.768 17.5 0 0
5 24 18.232 -5 1.768 18.232 0 1.768 19.043 -5 2.31 17.69 0 0.957
5 24 17.5 -5 0 17.5 0 0 17.69 -5 0.957 17.69 0 -0.957
5 24 -0.957 0 2.31 -0.957 -5 2.31 -1.768 -5 1.768 0 0 2.5
5 24 19.043 -5 -2.31 19.043 0 -2.31 18.232 -5 -1.768 20 0 -2.5
5 24 17.69 -5 -0.957 17.69 0 -0.957 17.5 -5 0 18.232 0 -1.768
5 24 0 -5 2.5 0 0 2.5 0.957 0 2.31 -0.957 -5 2.31
5 24 18.232 -5 -1.768 18.232 0 -1.768 17.69 -5 -0.957 19.043 0 -2.31
5 24 -2.31 0 0.957 -2.31 -5 0.957 -2.5 -5 0 -1.768 0 1.768
5 24 -1.768 -5 1.768 -1.768 0 1.768 -2.31 -5 0.957 -0.957 0 2.31
5 24 2.31 0 0.957 2.31 -5 0.957 1.768 -5 1.768 2.5 0 0
5 24 0.957 -5 2.31 0.957 0 2.31 0 -5 2.5 1.768 0 1.768
5 24 -2.5 0 0 -2.5 -5 0 -2.31 -5 -0.957 -2.31 0 0.957
5 24 2.5 -5 0 2.5 0 0 2.31 -5 0.957 2.31 0 -0.957
5 24 -0.957 -5 -2.31 -0.957 0 -2.31 0 -5 -2.5 -1.768 0 -1.768
5 24 -2.31 0 -0.957 -2.31 -5 -0.957 -1.768 -5 -1.768 -2.5 0 0
5 24 2.31 0 -0.957 2.31 -5 -0.957 2.5 -5 0 1.768 0 -1.768
5 24 1.768 0 1.768 1.768 -5 1.768 0.957 -5 2.31 2.31 0 0.957
5 24 0 -5 -2.5 0 0 -2.5 0.957 -5 -2.31 -0.957 0 -2.31
5 24 -1.768 0 -1.768 -1.768 -5 -1.768 -0.957 -5 -2.31 -2.31 0 -0.957
5 24 0.957 -5 -2.31 0.957 0 -2.31 1.768 -5 -1.768 0 0 -2.5
5 24 1.768 0 -1.768 1.768 -5 -1.768 2.31 -5 -0.957 0.957 0 -2.31
5 24 17.69 -5 -119.043 17.69 0 -119.043 17.5 -5 -120 18.232 0 -118.232
5 24 18.232 -5 -118.232 18.232 0 -118.232 17.69 -5 -119.043 19.043 0 -117.69
5 24 17.5 -5 -120 17.5 0 -120 17.69 -5 -120.957 17.69 0 -119.043
5 24 19.043 -5 -117.69 19.043 0 -117.69 18.232 -5 -118.232 20 0 -117.5
5 24 17.69 -5 -120.957 17.69 0 -120.957 18.232 -5 -121.768 17.5 0 -120
5 24 20 -5 -117.5 20 0 -117.5 20.957 0 -117.69 19.043 -5 -117.69
5 24 18.232 -5 -121.768 18.232 0 -121.768 19.043 -5 -122.31 17.69 0 -120.957
5 24 20.957 0 -117.69 20.957 -5 -117.69 20 -5 -117.5 21.768 0 -118.232
5 24 19.043 -5 -122.31 19.043 0 -122.31 20 -5 -122.5 18.232 0 -121.768
5 24 21.768 0 -118.232 21.768 -5 -118.232 20.957 -5 -117.69 22.31 0 -119.043
5 24 20 -5 -122.5 20 0 -122.5 20.957 -5 -122.31 19.043 0 -122.31
5 24 22.31 -5 -119.043 22.31 0 -119.043 21.768 -5 -118.232 22.5 0 -120
5 24 -2.31 0 -119.043 -2.31 -5 -119.043 -2.5 -5 -120 -1.768 0 -118.232
5 24 -1.768 0 -118.232 -1.768 -5 -118.232 -2.31 -5 -119.043 -0.957 0 -117.69
5 24 -2.5 0 -120 -2.5 -5 -120 -2.31 -5 -120.957 -2.31 0 -119.043
5 24 20.957 0 -122.31 20.957 -5 -122.31 21.768 -5 -121.768 20 0 -122.5
5 24 -0.957 0 -117.69 -0.957 -5 -117.69 -1.768 -5 -118.232 0 0 -117.5
5 24 22.5 -5 -120 22.5 0 -120 22.31 -5 -119.043 22.31 0 -120.957
5 24 21.768 0 -121.768 21.768 -5 -121.768 22.31 -5 -120.957 20.957 0 -122.31
5 24 22.31 -5 -120.957 22.31 0 -120.957 22.5 -5 -120 21.768 0 -121.768
5 24 -2.31 0 -120.957 -2.31 -5 -120.957 -1.768 -5 -121.768 -2.5 0 -120
5 24 0 0 -117.5 0 -5 -117.5 0.957 0 -117.69 -0.957 -5 -117.69
5 24 -1.768 0 -121.768 -1.768 -5 -121.768 -0.957 -5 -122.31 -2.31 0 -120.957
5 24 0.957 0 -117.69 0.957 -5 -117.69 0 -5 -117.5 1.768 0 -118.232
5 24 -0.957 0 -122.31 -0.957 -5 -122.31 0 -5 -122.5 -1.768 0 -121.768
5 24 1.768 0 -118.232 1.768 -5 -118.232 0.957 -5 -117.69 2.31 0 -119.043
5 24 0 0 -122.5 0 -5 -122.5 0.957 -5 -122.31 -0.957 0 -122.31
5 24 2.31 0 -119.043 2.31 -5 -119.043 1.768 -5 -118.232 2.5 0 -120
5 24 0.957 0 -122.31 0.957 -5 -122.31 1.768 -5 -121.768 0 0 -122.5
5 24 2.5 0 -120 2.5 -5 -120 2.31 -5 -119.043 2.31 0 -120.957
5 24 1.768 0 -121.768 1.768 -5 -121.768 2.31 -5 -120.957 0.957 0 -122.31
5 24 2.31 0 -120.957 2.31 -5 -120.957 2.5 -5 -120 1.768 0 -121.768
