0 Extensor Arriba    |R:R
0 Name: extenarr.dat
0 Author: betatron & jasolo
0 !LDRAW_ORG Unofficial_Part
0 BFC CERTIFY CCW 
0 ROTATION CENTER -10 -10 115.75 0 "Custom" 
0 ROTATION CONFIG 1 0
3 16 -17.512 -37.5 125.5 -10 -37.506 125.5 -17.512 -37.5 120
3 16 -11.219 -36.13 125.5 -10 -36.13 125.5 -10 -37.506 125.5
3 16 -10 -36.13 125.5 -8.781 -36.13 125.5 -10 -37.506 125.5
3 16 -15.197 -33.472 125.5 -13.472 -35.197 125.5 -17.512 -37.5 125.5
3 16 -4.803 -33.472 125.5 -2.488 -37.5 125.5 -6.528 -35.197 125.5
3 16 -12.083 -33.118 125.5 -13.118 -32.083 125.5 -13.678 -30.732 125.5
3 16 -7.917 -33.118 125.5 -6.322 -30.732 125.5 -6.882 -32.083 125.5
3 16 -17.506 -30 125.5 -17.512 -37.5 125.5 -17.512 -37.5 120
3 16 -2.494 -30 125.5 -2.488 -37.5 120 -2.488 -37.5 125.5
3 16 -16.13 -31.219 125.5 -17.506 -30 125.5 -16.13 -28.781 125.5
3 16 -3.87 -31.219 125.5 -3.87 -28.781 125.5 -2.494 -30 125.5
3 16 -13.118 -27.917 125.5 -12.083 -26.882 125.5 -10.732 -26.322 125.5
3 16 -6.882 -27.917 125.5 -9.268 -26.322 125.5 -7.917 -26.882 125.5
3 16 -10 -22.452 120 -10.488 -22.452 120 -11.389 -22.079 120
3 16 -10 -22.452 120 -8.611 -22.079 120 -9.512 -22.452 120
3 16 -12.079 -21.514 125.5 -11.389 -22.079 125.5 -13.472 -24.803 125.5
3 16 -7.921 -21.514 125.5 -6.528 -24.803 125.5 -8.611 -22.079 125.5
3 16 -17.5 -20.613 124.875 -17.5 -20.613 125.5 -17.506 -30 125.5
3 16 -17.5 -20.613 125.5 -13.472 -24.803 125.5 -15.197 -26.528 125.5
3 16 -12.079 -21.514 125.5 -12.452 -20.613 125.5 -12.452 -20.613 124.875
3 16 -7.921 -21.514 125.5 -7.548 -20.613 124.875 -7.548 -20.613 125.5
3 16 -7.548 -20.613 125.5 -6.528 -24.803 125.5 -7.921 -21.514 125.5
3 16 -2.5 -20.613 124.875 -2.494 -30 125.5 -2.5 -20.613 125.5
3 16 -2.5 -20.613 124.875 -2.488 -19.375 124.875 -2.5 -17.5 120
3 16 -12.079 -18.486 125.5 -12.452 -19.381 124.875 -12.452 -19.381 125.5
3 16 -12.452 -20.613 120 -12.452 -19.381 120 -12.079 -18.486 120
3 16 -7.921 -18.486 125.5 -7.548 -19.381 125.5 -7.548 -19.381 124.875
3 16 -12.079 -18.486 120 -11.389 -17.921 120 -10.488 -17.548 120
3 16 -8.611 -17.921 125.5 -9.512 -17.548 120 -9.512 -17.548 125.5
3 16 -9.512 -17.548 120 -8.611 -17.921 125.5 -8.611 -17.921 120
3 16 -7.921 -18.486 120 -9.512 -17.548 120 -8.611 -17.921 120
3 16 -11.219 -16.13 125.5 -10.488 -17.548 125.5 -11.389 -17.921 125.5
3 16 -8.781 -16.13 125.5 -8.611 -17.921 125.5 -9.512 -17.548 125.5
3 16 -13.472 -15.197 125.5 -12.079 -18.486 125.5 -12.452 -19.381 125.5
3 16 -6.528 -15.197 125.5 -7.548 -19.381 125.5 -7.921 -18.486 125.5
3 16 0 -12.31 116.707 0 -17.5 120 0 -12.5 115.75
3 16 -10.732 -13.678 125.5 -12.083 -13.118 125.5 -13.118 -12.083 125.5
3 16 -9.268 -13.678 125.5 -6.882 -12.083 125.5 -7.917 -13.118 125.5
3 16 0 -11.768 117.518 0 -17.5 120 0 -12.31 116.707
3 16 0 -10.957 118.06 0 -17.5 120 0 -11.768 117.518
3 16 -17.512 -19.375 125.5 -17.512 -19.375 124.875 -17.506 -17.5 125.5
3 16 -2.488 -19.375 125.5 -2.494 -17.5 125.5 -2.488 -19.375 124.875
3 16 0 -10.957 118.06 0 -10 118.25 0 -17.5 120
3 16 -13.118 -12.083 125.5 -13.678 -10.732 125.5 -13.678 -9.268 125.5
3 16 -6.882 -12.083 125.5 -6.322 -9.268 125.5 -6.322 -10.732 125.5
3 16 -13.678 -9.268 125.5 -13.118 -7.917 125.5 -12.083 -6.882 125.5
3 16 -6.322 -9.268 125.5 -7.917 -6.882 125.5 -6.882 -7.917 125.5
3 16 -12.083 -6.882 125.5 -10.732 -6.322 125.5 -10 -6.322 125.5
3 16 -7.917 -6.882 125.5 -10 -6.322 125.5 -9.268 -6.322 125.5
3 16 -11.219 -3.87 125.5 -10 -2.494 125.5 -10 -3.87 125.5
3 16 -10 -2.494 125.5 -8.781 -3.87 125.5 -10 -3.87 125.5
3 16 0 -7.69 116.707 0 -2.494 120 0 -8.232 117.518
3 16 0 -9.043 118.06 0 -2.494 120 0 -10 118.25
3 16 0 -8.232 117.518 0 -2.494 120 0 -9.043 118.06
3 16 0 -2.494 120 0 -7.69 116.707 0 -7.5 115.75
3 16 -15.197 -6.528 125.5 -16.75 -2.488 125.5 -13.472 -4.803 125.5
3 16 -20 -2.494 120 -20 0 128 -20 0 120
3 16 -20 0 120 -16.75 -2.496 120 -20 -2.494 120
3 16 0 -2.494 120 0 0 120 0 0 128
4 16 -20 -40 128 -20 -40 120 0 -40 120 0 -40 128
4 16 -10 -37.506 125.5 -2.488 -37.5 125.5 -2.488 -37.5 120 -17.512 -37.5 120
4 16 -20 -40 120 -17.512 -37.5 120 -2.488 -37.5 120 0 -40 120
4 16 -12.717 -37.048 128 -10.152 -37.5 128 -10.152 -37.5 133 -12.717 -37.048 133
4 16 -10.152 -37.5 128 -7.587 -37.048 128 -7.587 -37.048 133 -10.152 -37.5 133
4 16 -11.219 -36.13 127.975 -10 -36.13 127.975 -10 -36.13 125.5 -11.219 -36.13 125.5
4 16 -10 -36.13 125.5 -10 -36.13 127.975 -8.781 -36.13 127.975 -8.781 -36.13 125.5
4 16 -12.717 -37.048 133 -14.973 -35.745 133 -14.973 -35.745 128 -12.717 -37.048 128
4 16 -7.587 -37.048 128 -5.331 -35.745 128 -5.331 -35.745 133 -7.587 -37.048 133
4 16 -11.219 -36.13 125.5 -13.472 -35.197 125.5 -13.472 -35.197 127.975 -11.219 -36.13 127.975
4 16 -11.219 -36.13 125.5 -10 -37.506 125.5 -17.512 -37.5 125.5 -13.472 -35.197 125.5
4 16 -6.528 -35.197 127.975 -6.528 -35.197 125.5 -8.781 -36.13 125.5 -8.781 -36.13 127.975
4 16 -8.781 -36.13 125.5 -6.528 -35.197 125.5 -2.488 -37.5 125.5 -10 -37.506 125.5
4 16 -14.973 -35.745 133 -16.647 -33.75 133 -16.647 -33.75 128 -14.973 -35.745 128
4 16 -5.331 -35.745 128 -3.657 -33.75 128 -3.657 -33.75 133 -5.331 -35.745 133
4 16 -10 -33.678 127.975 -10 -36.13 127.975 -11.219 -36.13 127.975 -10.732 -33.678 127.975
4 16 -10 -33.678 127.975 -10.732 -33.678 127.975 -10.732 -33.678 125.5 -10 -33.678 125.5
4 16 -10 -33.678 127.975 -10 -33.678 125.5 -9.268 -33.678 125.5 -9.268 -33.678 127.975
4 16 -10 -33.678 127.975 -9.268 -33.678 127.975 -8.781 -36.13 127.975 -10 -36.13 127.975
4 16 -13.472 -35.197 125.5 -15.197 -33.472 125.5 -15.197 -33.472 127.975 -13.472 -35.197 127.975
4 16 -6.528 -35.197 125.5 -6.528 -35.197 127.975 -4.803 -33.472 127.975 -4.803 -33.472 125.5
4 16 -11.219 -36.13 127.975 -13.472 -35.197 127.975 -12.083 -33.118 127.975 -10.732 -33.678 127.975
4 16 -10.732 -33.678 125.5 -10.732 -33.678 127.975 -12.083 -33.118 127.975 -12.083 -33.118 125.5
4 16 -7.917 -33.118 127.975 -9.268 -33.678 127.975 -9.268 -33.678 125.5 -7.917 -33.118 125.5
4 16 -8.781 -36.13 127.975 -9.268 -33.678 127.975 -7.917 -33.118 127.975 -6.528 -35.197 127.975
4 16 -12.717 -37.048 133 -10.152 -37.5 133 -10.152 -32.5 133 -11.007 -32.349 133
4 16 -11.007 -32.349 133 -10.152 -32.5 133 -10.152 -32.5 128 -11.007 -32.349 128
4 16 -9.297 -32.349 128 -10.152 -32.5 128 -10.152 -32.5 133 -9.297 -32.349 133
4 16 -10.152 -37.5 133 -7.587 -37.048 133 -9.297 -32.349 133 -10.152 -32.5 133
4 16 -13.118 -32.083 127.975 -13.118 -32.083 125.5 -12.083 -33.118 125.5 -12.083 -33.118 127.975
4 16 -13.472 -35.197 127.975 -15.197 -33.472 127.975 -13.118 -32.083 127.975 -12.083 -33.118 127.975
4 16 -6.882 -32.083 127.975 -7.917 -33.118 127.975 -7.917 -33.118 125.5 -6.882 -32.083 125.5
4 16 -6.528 -35.197 127.975 -7.917 -33.118 127.975 -6.882 -32.083 127.975 -4.803 -33.472 127.975
4 16 -11.007 -32.349 128 -11.759 -31.915 128 -11.759 -31.915 133 -11.007 -32.349 133
4 16 -14.973 -35.745 133 -12.717 -37.048 133 -11.007 -32.349 133 -11.759 -31.915 133
4 16 -8.545 -31.915 128 -9.297 -32.349 128 -9.297 -32.349 133 -8.545 -31.915 133
4 16 -7.587 -37.048 133 -5.331 -35.745 133 -8.545 -31.915 133 -9.297 -32.349 133
4 16 -16.647 -33.75 133 -17.538 -31.302 133 -17.538 -31.302 128 -16.647 -33.75 128
4 16 -3.657 -33.75 128 -2.766 -31.302 128 -2.766 -31.302 133 -3.657 -33.75 133
4 16 -16.647 -33.75 133 -14.973 -35.745 133 -11.759 -31.915 133 -12.317 -31.25 133
4 16 -11.759 -31.915 128 -12.317 -31.25 128 -12.317 -31.25 133 -11.759 -31.915 133
4 16 -8.545 -31.915 133 -7.987 -31.25 133 -7.987 -31.25 128 -8.545 -31.915 128
4 16 -5.331 -35.745 133 -3.657 -33.75 133 -7.987 -31.25 133 -8.545 -31.915 133
4 16 -16.13 -31.219 127.975 -15.197 -33.472 127.975 -15.197 -33.472 125.5 -16.13 -31.219 125.5
4 16 -4.803 -33.472 125.5 -4.803 -33.472 127.975 -3.87 -31.219 127.975 -3.87 -31.219 125.5
4 16 -15.197 -33.472 127.975 -16.13 -31.219 127.975 -13.678 -30.732 127.975 -13.118 -32.083 127.975
4 16 -13.118 -32.083 125.5 -13.118 -32.083 127.975 -13.678 -30.732 127.975 -13.678 -30.732 125.5
4 16 -10.732 -33.678 125.5 -12.083 -33.118 125.5 -13.678 -30.732 125.5 -10 -33.678 125.5
4 16 -9.268 -33.678 125.5 -10 -33.678 125.5 -6.322 -30.732 125.5 -7.917 -33.118 125.5
4 16 -6.882 -32.083 125.5 -6.322 -30.732 125.5 -6.322 -30.732 127.975 -6.882 -32.083 127.975
4 16 -4.803 -33.472 127.975 -6.882 -32.083 127.975 -6.322 -30.732 127.975 -3.87 -31.219 127.975
4 16 -12.317 -31.25 128 -12.614 -30.434 128 -12.614 -30.434 133 -12.317 -31.25 133
4 16 -17.538 -31.302 133 -16.647 -33.75 133 -12.317 -31.25 133 -12.614 -30.434 133
4 16 -7.987 -31.25 133 -7.69 -30.434 133 -7.69 -30.434 128 -7.987 -31.25 128
4 16 -3.657 -33.75 133 -2.766 -31.302 133 -7.69 -30.434 133 -7.987 -31.25 133
4 16 -17.512 -37.5 125.5 -17.506 -30 125.5 -16.13 -31.219 125.5 -15.197 -33.472 125.5
4 16 -3.87 -31.219 125.5 -2.494 -30 125.5 -2.488 -37.5 125.5 -4.803 -33.472 125.5
4 16 -12.614 -29.566 133 -12.614 -30.434 133 -12.614 -30.434 128 -12.614 -29.566 128
4 16 -7.69 -29.566 128 -7.69 -30.434 128 -7.69 -30.434 133 -7.69 -29.566 133
4 16 -13.678 -29.268 127.975 -13.678 -29.268 125.5 -13.678 -30.732 125.5 -13.678 -30.732 127.975
4 16 -6.322 -30.732 125.5 -6.322 -29.268 125.5 -6.322 -29.268 127.975 -6.322 -30.732 127.975
4 16 -16.13 -31.219 125.5 -16.13 -28.781 125.5 -16.13 -28.781 127.975 -16.13 -31.219 127.975
4 16 -13.678 -29.268 127.975 -13.678 -30.732 127.975 -16.13 -31.219 127.975 -16.13 -28.781 127.975
4 16 -6.322 -29.268 127.975 -3.87 -28.781 127.975 -3.87 -31.219 127.975 -6.322 -30.732 127.975
4 16 -3.87 -31.219 125.5 -3.87 -31.219 127.975 -3.87 -28.781 127.975 -3.87 -28.781 125.5
4 16 -12.614 -29.566 128 -12.317 -28.75 128 -12.317 -28.75 133 -12.614 -29.566 133
4 16 -7.69 -29.566 133 -7.987 -28.75 133 -7.987 -28.75 128 -7.69 -29.566 128
4 16 -17.538 -28.698 128 -17.538 -31.302 128 -17.538 -31.302 133 -17.538 -28.698 133
4 16 -12.614 -30.434 133 -12.614 -29.566 133 -17.538 -28.698 133 -17.538 -31.302 133
4 16 -2.766 -28.698 133 -2.766 -31.302 133 -2.766 -31.302 128 -2.766 -28.698 128
4 16 -7.69 -29.566 133 -7.69 -30.434 133 -2.766 -31.302 133 -2.766 -28.698 133
4 16 -11.759 -28.085 133 -12.317 -28.75 133 -12.317 -28.75 128 -11.759 -28.085 128
4 16 -7.987 -28.75 133 -8.545 -28.085 133 -8.545 -28.085 128 -7.987 -28.75 128
4 16 -13.678 -29.268 125.5 -13.678 -29.268 127.975 -13.118 -27.917 127.975 -13.118 -27.917 125.5
4 16 -6.322 -29.268 125.5 -6.882 -27.917 125.5 -6.882 -27.917 127.975 -6.322 -29.268 127.975
4 16 -11.759 -28.085 128 -11.007 -27.651 128 -11.007 -27.651 133 -11.759 -28.085 133
4 16 -9.297 -27.651 128 -8.545 -28.085 128 -8.545 -28.085 133 -9.297 -27.651 133
4 16 -10.152 -27.5 133 -11.007 -27.651 133 -11.007 -27.651 128 -10.152 -27.5 128
4 16 -9.297 -27.651 133 -10.152 -27.5 133 -10.152 -27.5 128 -9.297 -27.651 128
4 16 -13.118 -27.917 125.5 -13.118 -27.917 127.975 -12.083 -26.882 127.975 -12.083 -26.882 125.5
4 16 -6.882 -27.917 125.5 -7.917 -26.882 125.5 -7.917 -26.882 127.975 -6.882 -27.917 127.975
4 16 -16.13 -28.781 125.5 -15.197 -26.528 125.5 -15.197 -26.528 127.975 -16.13 -28.781 127.975
4 16 -13.678 -29.268 127.975 -16.13 -28.781 127.975 -15.197 -26.528 127.975 -13.118 -27.917 127.975
4 16 -6.322 -29.268 127.975 -6.882 -27.917 127.975 -4.803 -26.528 127.975 -3.87 -28.781 127.975
4 16 -4.803 -26.528 127.975 -4.803 -26.528 125.5 -3.87 -28.781 125.5 -3.87 -28.781 127.975
4 16 -12.083 -26.882 125.5 -12.083 -26.882 127.975 -10.732 -26.322 127.975 -10.732 -26.322 125.5
4 16 -13.678 -29.268 125.5 -13.118 -27.917 125.5 -10.732 -26.322 125.5 -13.678 -30.732 125.5
4 16 -10 -26.322 125.5 -10.732 -26.322 125.5 -10.732 -26.322 127.975 -10 -26.322 127.975
4 16 -13.678 -30.732 125.5 -10.732 -26.322 125.5 -10 -26.322 125.5 -10 -33.678 125.5
4 16 -9.268 -26.322 127.975 -9.268 -26.322 125.5 -10 -26.322 125.5 -10 -26.322 127.975
4 16 -9.268 -26.322 127.975 -7.917 -26.882 127.975 -7.917 -26.882 125.5 -9.268 -26.322 125.5
4 16 -10 -26.322 125.5 -9.268 -26.322 125.5 -6.322 -30.732 125.5 -10 -33.678 125.5
4 16 -6.322 -29.268 125.5 -6.322 -30.732 125.5 -9.268 -26.322 125.5 -6.882 -27.917 125.5
4 16 -17.538 -28.698 133 -16.647 -26.25 133 -16.647 -26.25 128 -17.538 -28.698 128
4 16 -12.614 -29.566 133 -12.317 -28.75 133 -16.647 -26.25 133 -17.538 -28.698 133
4 16 -2.766 -28.698 128 -3.657 -26.25 128 -3.657 -26.25 133 -2.766 -28.698 133
4 16 -7.987 -28.75 133 -7.69 -29.566 133 -2.766 -28.698 133 -3.657 -26.25 133
4 16 -15.197 -26.528 125.5 -13.472 -24.803 125.5 -13.472 -24.803 127.975 -15.197 -26.528 127.975
4 16 -13.118 -27.917 127.975 -15.197 -26.528 127.975 -13.472 -24.803 127.975 -12.083 -26.882 127.975
4 16 -6.882 -27.917 127.975 -7.917 -26.882 127.975 -6.528 -24.803 127.975 -4.803 -26.528 127.975
4 16 -4.803 -26.528 125.5 -4.803 -26.528 127.975 -6.528 -24.803 127.975 -6.528 -24.803 125.5
4 16 -14.973 -24.255 128 -16.647 -26.25 128 -16.647 -26.25 133 -14.973 -24.255 133
4 16 -12.317 -28.75 133 -11.759 -28.085 133 -14.973 -24.255 133 -16.647 -26.25 133
4 16 -8.545 -28.085 133 -7.987 -28.75 133 -3.657 -26.25 133 -5.331 -24.255 133
4 16 -5.331 -24.255 133 -3.657 -26.25 133 -3.657 -26.25 128 -5.331 -24.255 128
4 16 -11.219 -23.87 127.975 -13.472 -24.803 127.975 -13.472 -24.803 125.5 -11.219 -23.87 125.5
4 16 -12.083 -26.882 127.975 -13.472 -24.803 127.975 -11.219 -23.87 127.975 -10.732 -26.322 127.975
4 16 -10 -26.322 127.975 -10.732 -26.322 127.975 -11.219 -23.87 127.975 -10 -23.87 127.975
4 16 -10 -23.87 125.5 -10 -23.87 127.975 -11.219 -23.87 127.975 -11.219 -23.87 125.5
4 16 -10 -23.87 125.5 -8.781 -23.87 125.5 -8.781 -23.87 127.975 -10 -23.87 127.975
4 16 -10 -26.322 127.975 -10 -23.87 127.975 -8.781 -23.87 127.975 -9.268 -26.322 127.975
4 16 -8.781 -23.87 127.975 -8.781 -23.87 125.5 -6.528 -24.803 125.5 -6.528 -24.803 127.975
4 16 -7.917 -26.882 127.975 -9.268 -26.322 127.975 -8.781 -23.87 127.975 -6.528 -24.803 127.975
4 16 -14.973 -24.255 133 -12.717 -22.952 133 -12.717 -22.952 128 -14.973 -24.255 128
4 16 -11.759 -28.085 133 -11.007 -27.651 133 -12.717 -22.952 133 -14.973 -24.255 133
4 16 -7.587 -22.952 133 -5.331 -24.255 133 -5.331 -24.255 128 -7.587 -22.952 128
4 16 -9.297 -27.651 133 -8.545 -28.085 133 -5.331 -24.255 133 -7.587 -22.952 133
4 16 -11.007 -27.651 133 -10.152 -27.5 133 -10.152 -22.5 133 -12.717 -22.952 133
4 16 -10.152 -22.5 128 -12.717 -22.952 128 -12.717 -22.952 133 -10.152 -22.5 133
4 16 -10.152 -22.5 133 -7.587 -22.952 133 -7.587 -22.952 128 -10.152 -22.5 128
4 16 -10.152 -27.5 133 -9.297 -27.651 133 -7.587 -22.952 133 -10.152 -22.5 133
4 16 -10 -22.452 125.5 -10.488 -22.452 125.5 -10.488 -22.452 120 -10 -22.452 120
4 16 -11.219 -23.87 125.5 -10.488 -22.452 125.5 -10 -22.452 125.5 -10 -23.87 125.5
4 16 -10 -22.452 125.5 -10 -22.452 120 -9.512 -22.452 120 -9.512 -22.452 125.5
4 16 -10 -22.452 125.5 -9.512 -22.452 125.5 -8.781 -23.87 125.5 -10 -23.87 125.5
4 16 -10.488 -22.452 120 -10.488 -22.452 125.5 -11.389 -22.079 125.5 -11.389 -22.079 120
4 16 -11.219 -23.87 125.5 -13.472 -24.803 125.5 -11.389 -22.079 125.5 -10.488 -22.452 125.5
4 16 -9.512 -22.452 120 -8.611 -22.079 120 -8.611 -22.079 125.5 -9.512 -22.452 125.5
4 16 -8.781 -23.87 125.5 -9.512 -22.452 125.5 -8.611 -22.079 125.5 -6.528 -24.803 125.5
4 16 -12.079 -21.514 125.5 -12.079 -21.514 120 -11.389 -22.079 120 -11.389 -22.079 125.5
4 16 -7.921 -21.514 125.5 -8.611 -22.079 125.5 -8.611 -22.079 120 -7.921 -21.514 120
4 16 -16.13 -28.781 125.5 -17.506 -30 125.5 -17.5 -20.613 125.5 -15.197 -26.528 125.5
4 16 -17.5 -20.613 124.875 -12.452 -20.613 124.875 -12.452 -20.613 125.5 -17.5 -20.613 125.5
4 16 -12.452 -20.613 124.875 -12.452 -20.613 120 -12.079 -21.514 120 -12.079 -21.514 125.5
4 16 -17.5 -20.613 125.5 -12.452 -20.613 125.5 -12.079 -21.514 125.5 -13.472 -24.803 125.5
4 16 -7.921 -21.514 120 -7.548 -20.613 120 -7.548 -20.613 124.875 -7.921 -21.514 125.5
4 16 -4.803 -26.528 125.5 -6.528 -24.803 125.5 -7.548 -20.613 125.5 -2.5 -20.613 125.5
4 16 -7.548 -20.613 125.5 -7.548 -20.613 124.875 -2.5 -20.613 124.875 -2.5 -20.613 125.5
4 16 -3.87 -28.781 125.5 -4.803 -26.528 125.5 -2.5 -20.613 125.5 -2.494 -30 125.5
4 16 -17.512 -37.5 120 -17.5 -17.5 120 -17.5 -20.613 124.875 -17.506 -30 125.5
3 16 -12.079 -21.514 120 -12.452 -20.613 120 -11.389 -22.079 120
4 16 -7.548 -20.613 120 -7.548 -19.381 120 -7.548 -19.381 124.875 -7.548 -20.613 124.875
4 16 -7.921 -21.514 120 -8.611 -22.079 120 -7.548 -19.381 120 -7.548 -20.613 120
4 16 -7.548 -20.613 124.875 -7.548 -19.381 124.875 -2.488 -19.375 124.875 -2.5 -20.613 124.875
4 16 -2.494 -30 125.5 -2.5 -20.613 124.875 -2.5 -17.5 120 -2.488 -37.5 120
4 16 -12.452 -20.613 120 -12.452 -20.613 124.875 -12.452 -19.381 124.875 -12.452 -19.381 120
4 16 -12.452 -20.613 124.875 -17.5 -20.613 124.875 -17.512 -19.375 124.875 -12.452 -19.381 124.875
4 16 -12.452 -19.381 124.875 -17.512 -19.375 124.875 -17.512 -19.375 125.5 -12.452 -19.381 125.5
4 16 -2.488 -19.375 125.5 -2.488 -19.375 124.875 -7.548 -19.381 124.875 -7.548 -19.381 125.5
4 16 -12.079 -18.486 125.5 -12.079 -18.486 120 -12.452 -19.381 120 -12.452 -19.381 124.875
4 16 -7.548 -19.381 120 -7.921 -18.486 120 -7.921 -18.486 125.5 -7.548 -19.381 124.875
4 16 -12.079 -18.486 120 -12.079 -18.486 125.5 -11.389 -17.921 125.5 -11.389 -17.921 120
4 16 -8.611 -17.921 125.5 -7.921 -18.486 125.5 -7.921 -18.486 120 -8.611 -17.921 120
4 16 -10.488 -17.548 125.5 -10.488 -17.548 120 -11.389 -17.921 120 -11.389 -17.921 125.5
4 16 -11.389 -22.079 120 -12.452 -20.613 120 -12.079 -18.486 120 -10.488 -17.548 120
4 16 -10 -17.548 120 -10 -22.452 120 -11.389 -22.079 120 -10.488 -17.548 120
4 16 -10.488 -17.548 125.5 -10 -17.548 125.5 -10 -17.548 120 -10.488 -17.548 120
4 16 -9.512 -17.548 125.5 -9.512 -17.548 120 -10 -17.548 120 -10 -17.548 125.5
4 16 -10 -17.548 120 -9.512 -17.548 120 -8.611 -22.079 120 -10 -22.452 120
4 16 -8.611 -22.079 120 -9.512 -17.548 120 -7.921 -18.486 120 -7.548 -19.381 120
4 16 -17.512 -37.5 120 -20 -40 120 -20 -17.5 120 -17.5 -17.5 120
3 16 -17.5 -20.613 124.875 -17.5 -17.5 120 -17.512 -19.375 124.875
4 16 -2.5 -17.5 120 0 -17.5 120 0 -40 120 -2.488 -37.5 120
4 16 -12.717 -17.048 128 -10.152 -17.5 128 -10.152 -17.5 133 -12.717 -17.048 133
4 16 -7.587 -17.048 133 -10.152 -17.5 133 -10.152 -17.5 128 -7.587 -17.048 128
4 16 -11.219 -16.13 125.5 -10 -16.13 125.5 -10 -17.548 125.5 -10.488 -17.548 125.5
4 16 -10 -16.13 125.5 -11.219 -16.13 125.5 -11.219 -16.13 127.975 -10 -16.13 127.975
4 16 -8.781 -16.13 127.975 -8.781 -16.13 125.5 -10 -16.13 125.5 -10 -16.13 127.975
4 16 -10 -17.548 125.5 -10 -16.13 125.5 -8.781 -16.13 125.5 -9.512 -17.548 125.5
4 16 -14.973 -15.745 128 -12.717 -17.048 128 -12.717 -17.048 133 -14.973 -15.745 133
4 16 -5.331 -15.745 133 -7.587 -17.048 133 -7.587 -17.048 128 -5.331 -15.745 128
4 16 -12.079 -18.486 125.5 -13.472 -15.197 125.5 -11.219 -16.13 125.5 -11.389 -17.921 125.5
4 16 -11.219 -16.13 125.5 -13.472 -15.197 125.5 -13.472 -15.197 127.975 -11.219 -16.13 127.975
4 16 -6.528 -15.197 127.975 -6.528 -15.197 125.5 -8.781 -16.13 125.5 -8.781 -16.13 127.975
4 16 -7.921 -18.486 125.5 -8.611 -17.921 125.5 -8.781 -16.13 125.5 -6.528 -15.197 125.5
4 16 0 -14.8539 112 0 -17.5 120 0 -16.5703 112.732 0 -15.783 112.19
4 16 0 -16.5703 112.732 0 -17.5 120 0 -17.5 114.5 0 -17.0964 113.543
4 16 -14.973 -15.745 133 -16.647 -13.75 133 -16.647 -13.75 128 -14.973 -15.745 128
4 16 -5.331 -15.745 128 -3.657 -13.75 128 -3.657 -13.75 133 -5.331 -15.745 133
4 16 -10 -13.678 127.975 -10.732 -13.678 127.975 -10.732 -13.678 125.5 -10 -13.678 125.5
4 16 -10 -13.678 127.975 -10 -16.13 127.975 -11.219 -16.13 127.975 -10.732 -13.678 127.975
4 16 -10 -13.678 127.975 -10 -13.678 125.5 -9.268 -13.678 125.5 -9.268 -13.678 127.975
4 16 -10 -13.678 127.975 -9.268 -13.678 127.975 -8.781 -16.13 127.975 -10 -16.13 127.975
4 16 -13.472 -15.197 125.5 -15.197 -13.472 125.5 -15.197 -13.472 127.975 -13.472 -15.197 127.975
4 16 -6.528 -15.197 125.5 -6.528 -15.197 127.975 -4.803 -13.472 127.975 -4.803 -13.472 125.5
4 16 0 -14.8539 112 0 -13.9249 112.19 0 -13.1376 112.732 0 -17.5 120
4 16 -13.472 -15.197 127.975 -12.083 -13.118 127.975 -10.732 -13.678 127.975 -11.219 -16.13 127.975
4 16 -12.083 -13.118 127.975 -12.083 -13.118 125.5 -10.732 -13.678 125.5 -10.732 -13.678 127.975
4 16 -9.268 -13.678 125.5 -7.917 -13.118 125.5 -7.917 -13.118 127.975 -9.268 -13.678 127.975
4 16 -9.268 -13.678 127.975 -7.917 -13.118 127.975 -6.528 -15.197 127.975 -8.781 -16.13 127.975
4 16 -11.007 -12.349 133 -10.152 -12.5 133 -10.152 -12.5 128 -11.007 -12.349 128
4 16 -12.717 -17.048 133 -10.152 -17.5 133 -10.152 -12.5 133 -11.007 -12.349 133
4 16 -10.152 -12.5 133 -9.297 -12.349 133 -9.297 -12.349 128 -10.152 -12.5 128
4 16 -10.152 -17.5 133 -7.587 -17.048 133 -9.297 -12.349 133 -10.152 -12.5 133
4 16 -12.083 -13.118 125.5 -12.083 -13.118 127.975 -13.118 -12.083 127.975 -13.118 -12.083 125.5
4 16 -13.472 -15.197 127.975 -15.197 -13.472 127.975 -13.118 -12.083 127.975 -12.083 -13.118 127.975
4 16 -6.882 -12.083 127.975 -7.917 -13.118 127.975 -7.917 -13.118 125.5 -6.882 -12.083 125.5
4 16 -6.528 -15.197 127.975 -7.917 -13.118 127.975 -6.882 -12.083 127.975 -4.803 -13.472 127.975
4 16 -14.973 -15.745 133 -12.717 -17.048 133 -11.007 -12.349 133 -11.759 -11.915 133
4 16 -11.759 -11.915 133 -11.007 -12.349 133 -11.007 -12.349 128 -11.759 -11.915 128
4 16 -9.297 -12.349 133 -8.545 -11.915 133 -8.545 -11.915 128 -9.297 -12.349 128
4 16 -7.587 -17.048 133 -5.331 -15.745 133 -8.545 -11.915 133 -9.297 -12.349 133
4 16 -16.647 -13.75 133 -17.538 -11.302 133 -17.538 -11.302 128 -16.647 -13.75 128
4 16 -2.766 -11.302 133 -3.657 -13.75 133 -3.657 -13.75 128 -2.766 -11.302 128
4 16 -11.759 -11.915 128 -12.317 -11.25 128 -12.317 -11.25 133 -11.759 -11.915 133
4 16 -16.647 -13.75 133 -14.973 -15.745 133 -11.759 -11.915 133 -12.317 -11.25 133
4 16 -8.545 -11.915 133 -7.987 -11.25 133 -7.987 -11.25 128 -8.545 -11.915 128
4 16 -5.331 -15.745 133 -3.657 -13.75 133 -7.987 -11.25 133 -8.545 -11.915 133
4 16 -16.13 -11.219 127.975 -15.197 -13.472 127.975 -15.197 -13.472 125.5 -16.13 -11.219 125.5
4 16 -4.803 -13.472 125.5 -4.803 -13.472 127.975 -3.87 -11.219 127.975 -3.87 -11.219 125.5
4 16 -16.13 -11.219 127.975 -13.678 -10.732 127.975 -13.118 -12.083 127.975 -15.197 -13.472 127.975
4 16 -13.118 -12.083 125.5 -13.118 -12.083 127.975 -13.678 -10.732 127.975 -13.678 -10.732 125.5
4 16 -6.322 -10.732 127.975 -6.882 -12.083 127.975 -6.882 -12.083 125.5 -6.322 -10.732 125.5
4 16 -6.882 -12.083 127.975 -6.322 -10.732 127.975 -3.87 -11.219 127.975 -4.803 -13.472 127.975
4 16 -12.317 -11.25 128 -12.614 -10.434 128 -12.614 -10.434 133 -12.317 -11.25 133
4 16 -17.538 -11.302 133 -16.647 -13.75 133 -12.317 -11.25 133 -12.614 -10.434 133
4 16 -7.69 -10.434 128 -7.987 -11.25 128 -7.987 -11.25 133 -7.69 -10.434 133
4 16 -3.657 -13.75 133 -2.766 -11.302 133 -7.69 -10.434 133 -7.987 -11.25 133
3 16 -2.488 -19.375 124.875 -2.494 -17.5 125.5 -2.5 -17.5 120
4 16 -12.614 -10.434 128 -12.614 -9.566 128 -12.614 -9.566 133 -12.614 -10.434 133
4 16 -7.69 -10.434 133 -7.69 -9.566 133 -7.69 -9.566 128 -7.69 -10.434 128
4 16 -13.678 -10.732 125.5 -13.678 -10.732 127.975 -13.678 -9.268 127.975 -13.678 -9.268 125.5
4 16 -6.322 -10.732 125.5 -6.322 -9.268 125.5 -6.322 -9.268 127.975 -6.322 -10.732 127.975
4 16 -16.13 -8.781 127.975 -16.13 -11.219 127.975 -16.13 -11.219 125.5 -16.13 -8.781 125.5
4 16 -13.678 -10.732 127.975 -16.13 -11.219 127.975 -16.13 -8.781 127.975 -13.678 -9.268 127.975
4 16 -6.322 -10.732 127.975 -6.322 -9.268 127.975 -3.87 -8.781 127.975 -3.87 -11.219 127.975
4 16 -3.87 -11.219 125.5 -3.87 -11.219 127.975 -3.87 -8.781 127.975 -3.87 -8.781 125.5
4 16 -12.614 -9.566 128 -12.317 -8.75 128 -12.317 -8.75 133 -12.614 -9.566 133
4 16 -7.69 -9.566 133 -7.987 -8.75 133 -7.987 -8.75 128 -7.69 -9.566 128
4 16 -17.538 -8.698 128 -17.538 -11.302 128 -17.538 -11.302 133 -17.538 -8.698 133
4 16 -12.614 -10.434 133 -12.614 -9.566 133 -17.538 -8.698 133 -17.538 -11.302 133
4 16 -7.69 -9.566 133 -7.69 -10.434 133 -2.766 -11.302 133 -2.766 -8.698 133
4 16 -2.766 -11.302 128 -2.766 -8.698 128 -2.766 -8.698 133 -2.766 -11.302 133
4 16 -11.759 -8.085 133 -12.317 -8.75 133 -12.317 -8.75 128 -11.759 -8.085 128
4 16 -8.545 -8.085 128 -7.987 -8.75 128 -7.987 -8.75 133 -8.545 -8.085 133
4 16 -13.118 -7.917 127.975 -13.118 -7.917 125.5 -13.678 -9.268 125.5 -13.678 -9.268 127.975
4 16 -6.322 -9.268 125.5 -6.882 -7.917 125.5 -6.882 -7.917 127.975 -6.322 -9.268 127.975
4 16 -11.007 -7.651 133 -11.759 -8.085 133 -11.759 -8.085 128 -11.007 -7.651 128
4 16 -9.297 -7.651 128 -8.545 -8.085 128 -8.545 -8.085 133 -9.297 -7.651 133
4 16 -10.152 -7.5 133 -11.007 -7.651 133 -11.007 -7.651 128 -10.152 -7.5 128
4 16 -10.152 -7.5 128 -9.297 -7.651 128 -9.297 -7.651 133 -10.152 -7.5 133
4 16 -13.118 -7.917 125.5 -13.118 -7.917 127.975 -12.083 -6.882 127.975 -12.083 -6.882 125.5
4 16 -6.882 -7.917 125.5 -7.917 -6.882 125.5 -7.917 -6.882 127.975 -6.882 -7.917 127.975
4 16 -16.13 -8.781 125.5 -15.197 -6.528 125.5 -15.197 -6.528 127.975 -16.13 -8.781 127.975
4 16 -13.678 -9.268 127.975 -16.13 -8.781 127.975 -15.197 -6.528 127.975 -13.118 -7.917 127.975
4 16 -3.87 -8.781 125.5 -3.87 -8.781 127.975 -4.803 -6.528 127.975 -4.803 -6.528 125.5
4 16 -6.322 -9.268 127.975 -6.882 -7.917 127.975 -4.803 -6.528 127.975 -3.87 -8.781 127.975
4 16 -12.083 -6.882 125.5 -12.083 -6.882 127.975 -10.732 -6.322 127.975 -10.732 -6.322 125.5
4 16 -12.083 -6.882 125.5 -10 -6.322 125.5 -13.118 -12.083 125.5 -13.678 -9.268 125.5
4 16 -10 -13.678 125.5 -10.732 -13.678 125.5 -13.118 -12.083 125.5 -10 -6.322 125.5
4 16 -10 -6.322 125.5 -10.732 -6.322 125.5 -10.732 -6.322 127.975 -10 -6.322 127.975
4 16 -10 -6.322 125.5 -10 -6.322 127.975 -9.268 -6.322 127.975 -9.268 -6.322 125.5
4 16 -9.268 -6.322 127.975 -7.917 -6.882 127.975 -7.917 -6.882 125.5 -9.268 -6.322 125.5
4 16 -10 -13.678 125.5 -10 -6.322 125.5 -6.882 -12.083 125.5 -9.268 -13.678 125.5
4 16 -6.882 -12.083 125.5 -10 -6.322 125.5 -7.917 -6.882 125.5 -6.322 -9.268 125.5
4 16 -17.538 -8.698 133 -16.647 -6.25 133 -16.647 -6.25 128 -17.538 -8.698 128
4 16 -12.614 -9.566 133 -12.317 -8.75 133 -16.647 -6.25 133 -17.538 -8.698 133
4 16 -3.657 -6.25 133 -2.766 -8.698 133 -2.766 -8.698 128 -3.657 -6.25 128
4 16 -7.987 -8.75 133 -7.69 -9.566 133 -2.766 -8.698 133 -3.657 -6.25 133
4 16 0 -6.86242 112.732 0 -6.07511 112.19 0 -5.14607 112 0 -2.494 120
4 16 -13.472 -4.803 127.975 -15.197 -6.528 127.975 -15.197 -6.528 125.5 -13.472 -4.803 125.5
4 16 -15.197 -6.528 127.975 -13.472 -4.803 127.975 -12.083 -6.882 127.975 -13.118 -7.917 127.975
4 16 -6.528 -4.803 127.975 -6.528 -4.803 125.5 -4.803 -6.528 125.5 -4.803 -6.528 127.975
4 16 -7.917 -6.882 127.975 -6.528 -4.803 127.975 -4.803 -6.528 127.975 -6.882 -7.917 127.975
4 16 -14.973 -4.255 128 -16.647 -6.25 128 -16.647 -6.25 133 -14.973 -4.255 133
4 16 -12.317 -8.75 133 -11.759 -8.085 133 -14.973 -4.255 133 -16.647 -6.25 133
4 16 -5.331 -4.255 133 -3.657 -6.25 133 -3.657 -6.25 128 -5.331 -4.255 128
4 16 -8.545 -8.085 133 -7.987 -8.75 133 -3.657 -6.25 133 -5.331 -4.255 133
4 16 -11.219 -3.87 127.975 -13.472 -4.803 127.975 -13.472 -4.803 125.5 -11.219 -3.87 125.5
4 16 -13.472 -4.803 127.975 -11.219 -3.87 127.975 -10.732 -6.322 127.975 -12.083 -6.882 127.975
4 16 -11.219 -3.87 127.975 -11.219 -3.87 125.5 -10 -3.87 125.5 -10 -3.87 127.975
4 16 -10 -6.322 127.975 -10.732 -6.322 127.975 -11.219 -3.87 127.975 -10 -3.87 127.975
4 16 -10 -3.87 125.5 -8.781 -3.87 125.5 -8.781 -3.87 127.975 -10 -3.87 127.975
4 16 -10 -6.322 127.975 -10 -3.87 127.975 -8.781 -3.87 127.975 -9.268 -6.322 127.975
4 16 -6.528 -4.803 125.5 -6.528 -4.803 127.975 -8.781 -3.87 127.975 -8.781 -3.87 125.5
4 16 -9.268 -6.322 127.975 -8.781 -3.87 127.975 -6.528 -4.803 127.975 -7.917 -6.882 127.975
4 16 0 -5.14607 112 0 -4.21703 112.19 0 -3.42972 112.732 0 -2.494 120
4 16 -14.973 -4.255 133 -12.717 -2.952 133 -12.717 -2.952 128 -14.973 -4.255 128
4 16 -11.759 -8.085 133 -11.007 -7.651 133 -12.717 -2.952 133 -14.973 -4.255 133
4 16 -5.331 -4.255 128 -7.587 -2.952 128 -7.587 -2.952 133 -5.331 -4.255 133
4 16 -9.297 -7.651 133 -8.545 -8.085 133 -5.331 -4.255 133 -7.587 -2.952 133
4 16 -11.007 -7.651 133 -10.152 -7.5 133 -10.152 -2.5 133 -12.717 -2.952 133
4 16 -10.152 -2.5 128 -12.717 -2.952 128 -12.717 -2.952 133 -10.152 -2.5 133
4 16 -10.152 -7.5 133 -9.297 -7.651 133 -7.587 -2.952 133 -10.152 -2.5 133
4 16 -7.587 -2.952 128 -10.152 -2.5 128 -10.152 -2.5 133 -7.587 -2.952 133
4 16 0 -3.42972 112.732 0 -2.90356 113.543 0 -2.5 114.5 0 -2.494 120
4 16 -11.219 -3.87 125.5 -13.472 -4.803 125.5 -16.75 -2.488 125.5 -10 -2.494 125.5
4 16 -20 -10 118.25 -20 -17.5 120 -20 0 128 -20 -2.494 120
4 16 -20 -40 120 -20 -40 128 -20 0 128 -20 -17.5 120
4 16 0 0 128 0 0 120 -20 0 120 -20 0 128
4 16 0 0 128 0 -17.5 120 0 -10 118.25 0 -2.494 120
4 16 -20 -40 128 0 -40 128 0 0 128 -20 0 128
4 16 0 0 128 0 -40 128 0 -40 120 0 -17.5 120
3 16 -17.506 -17.5 125.5 -17.512 -19.375 124.875 -17.5 -17.5 120
3 16 -17.506 -17.5 125.5 -17.5 -17.5 120 -16.75 -17.5 125.5
3 16 -17.5 -17.5 120 -16.75 -17.5 114.5 -16.75 -17.5 125.5
3 16 -12.452 -19.381 125.5 -15.197 -13.472 125.5 -13.472 -15.197 125.5
3 16 -17.506 -17.5 125.5 -12.452 -19.381 125.5 -17.512 -19.375 125.5
3 16 -16.13 -8.781 125.5 -16.75 -2.488 125.5 -15.197 -6.528 125.5
3 16 -17.506 -17.5 125.5 -16.75 -17.5 125.5 -12.452 -19.381 125.5
3 16 -15.197 -13.472 125.5 -12.452 -19.381 125.5 -16.75 -17.5 125.5
3 16 -16.13 -11.219 125.5 -15.197 -13.472 125.5 -16.75 -17.5 125.5
4 16 -16.13 -11.219 125.5 -16.75 -17.5 125.5 -16.75 -2.488 125.5 -16.13 -8.781 125.5
3 16 -2.12432e-16 -7.6903 114.793 0 -6.86242 112.732 0 -7.5 115.75
3 16 0 -17.5 120 0 -13.1376 112.732 0 -12.5 115.75
4 16 -3.87 -11.219 125.5 -3.87 -8.781 125.5 -3.25 -2.488 125.5 -3.25 -17.5 125.5
3 16 -3.87 -11.219 125.5 -3.25 -17.5 125.5 -4.803 -13.472 125.5
3 16 -4.803 -13.472 125.5 -3.25 -17.5 125.5 -7.548 -19.381 125.5
3 16 -2.494 -17.5 125.5 -7.548 -19.381 125.5 -3.25 -17.5 125.5
3 16 -3.87 -8.781 125.5 -4.803 -6.528 125.5 -3.25 -2.488 125.5
3 16 -2.494 -17.5 125.5 -2.488 -19.375 125.5 -7.548 -19.381 125.5
3 16 -7.548 -19.381 125.5 -6.528 -15.197 125.5 -4.803 -13.472 125.5
4 16 0 -6.86242 112.732 -1.54202e-16 -7.67658 113.547 -3.25 -7.67658 113.547 -3.25 -6.86242 112.732
4 16 0 -15.783 112.19 0 -16.5703 112.732 -3.25 -16.5703 112.732 -3.25 -15.783 112.19
3 16 -2.5 -17.5 120 -3.25 -17.5 125.5 -3.25 -17.5 114.5
3 16 -2.494 -17.5 125.5 -3.25 -17.5 125.5 -2.5 -17.5 120
4 16 -8.781 -3.87 125.5 -10 -2.494 125.5 -3.25 -2.488 125.5 -6.528 -4.803 125.5
4 16 -3.25 -2.496 120 0 -2.494 120 0 -2.5 114.5 -3.25 -2.5 114.5
4 16 -2.12432e-16 -12.3097 114.793 -3.25 -12.3097 114.793 -3.25 -12.5 115.75 0 -12.5 115.75
4 16 0 -2.90356 113.543 0 -3.42972 112.732 -3.25 -3.42972 112.732 -3.25 -2.90356 113.543
4 16 -3.08405e-16 -7.92133 114.361 -3.25 -7.92133 114.361 -3.25 -7.67658 113.547 -1.54202e-16 -7.67658 113.547
4 16 0 -4.21703 112.19 0 -5.14607 112 -3.25 -5.14607 112 -3.25 -4.21703 112.19
4 16 0 -14.8539 112 0 -15.783 112.19 -3.25 -15.783 112.19 -3.25 -14.8539 112
4 16 -2.12432e-16 -7.6903 114.793 -3.25 -7.6903 114.793 -3.25 -7.92133 114.361 -3.08405e-16 -7.92133 114.361
4 16 0 -3.42972 112.732 0 -4.21703 112.19 -3.25 -4.21703 112.19 -3.25 -3.42972 112.732
4 16 -1.54202e-16 -12.3234 113.547 0 -13.1376 112.732 -3.25 -13.1376 112.732 -3.25 -12.3234 113.547
4 16 0 -7.5 115.75 0 -7.69 116.707 -3.25 -7.69 116.707 -3.25 -7.5 115.75
4 16 -1.54202e-16 -12.3234 113.547 -3.25 -12.3234 113.547 -3.25 -12.0787 114.361 -3.08405e-16 -12.0787 114.361
4 16 0 -13.9249 112.19 0 -14.8539 112 -3.25 -14.8539 112 -3.25 -13.9249 112.19
4 16 0 -7.69 116.707 0 -8.232 117.518 -3.25 -8.232 117.518 -3.25 -7.69 116.707
4 16 0 -2.5 114.5 0 -2.90356 113.543 -3.25 -2.90356 113.543 -3.25 -2.5 114.5
4 16 0 -8.232 117.518 0 -9.043 118.06 -3.25 -9.043 118.06 -3.25 -8.232 117.518
4 16 0 -13.1376 112.732 0 -13.9249 112.19 -3.25 -13.9249 112.19 -3.25 -13.1376 112.732
4 16 0 -9.043 118.06 0 -10 118.25 -3.25 -10 118.25 -3.25 -9.043 118.06
4 16 -2.12432e-16 -7.6903 114.793 0 -7.5 115.75 -3.25 -7.5 115.75 -3.25 -7.6903 114.793
4 16 0 -10.957 118.06 0 -11.768 117.518 -3.25 -11.768 117.518 -3.25 -10.957 118.06
4 16 0 -10 118.25 0 -10.957 118.06 -3.25 -10.957 118.06 -3.25 -10 118.25
3 16 -2.12432e-16 -12.3097 114.793 -1.54202e-16 -12.3234 113.547 -3.08405e-16 -12.0787 114.361
4 16 0 -6.07511 112.19 0 -6.86242 112.732 -3.25 -6.86242 112.732 -3.25 -6.07511 112.19
4 16 0 -11.768 117.518 0 -12.31 116.707 -3.25 -12.31 116.707 -3.25 -11.768 117.518
4 16 0 -17.0964 113.543 0 -17.5 114.5 -3.25 -17.5 114.5 -3.25 -17.0964 113.543
4 16 0 -17.5 120 -2.5 -17.5 120 -3.25 -17.5 114.5 0 -17.5 114.5
3 16 0 0 120 0 -2.494 120 -3.25 -2.496 120
3 16 -4.803 -6.528 125.5 -6.528 -4.803 125.5 -3.25 -2.488 125.5
4 16 -20 0 120 0 0 120 -3.25 -2.496 120 -16.75 -2.496 120
3 16 -3.25 -2.488 125.5 -10 -2.494 125.5 -3.25 -2.496 120
3 16 -3.25 -2.496 120 -10 -2.494 125.5 -16.75 -2.496 120
3 16 0 -6.86242 112.732 0 -2.494 120 0 -7.5 115.75
4 16 0 -5.14607 112 0 -6.07511 112.19 -3.25 -6.07511 112.19 -3.25 -5.14607 112
3 16 -1.54202e-16 -7.67658 113.547 0 -6.86242 112.732 -2.12432e-16 -7.6903 114.793
4 16 -3.08405e-16 -12.0787 114.361 -3.25 -12.0787 114.361 -3.25 -12.3097 114.793 -2.12432e-16 -12.3097 114.793
3 16 0 -13.1376 112.732 -1.54202e-16 -12.3234 113.547 -2.12432e-16 -12.3097 114.793
4 16 0 -12.31 116.707 0 -12.5 115.75 -3.25 -12.5 115.75 -3.25 -12.31 116.707
3 16 -3.08405e-16 -7.92133 114.361 -1.54202e-16 -7.67658 113.547 -2.12432e-16 -7.6903 114.793
4 16 0 -16.5703 112.732 0 -17.0964 113.543 -3.25 -17.0964 113.543 -3.25 -16.5703 112.732
3 16 -3.25 -10 118.25 -3.25 -10.957 118.06 -3.25 -17.5 125.5
3 16 -3.25 -17.5 125.5 -3.25 -2.488 125.5 -3.25 -10 118.25
3 16 -3.25 -2.488 125.5 -3.25 -2.496 120 -3.25 -9.043 118.06
3 16 -3.25 -9.043 118.06 -3.25 -2.496 120 -3.25 -8.232 117.518
3 16 -3.25 -2.496 120 -3.25 -2.5 114.5 -3.25 -7.69 116.707
3 16 -3.25 -2.5 114.5 -3.25 -2.90356 113.543 -3.25 -7.5 115.75
3 16 -3.25 -2.90356 113.543 -3.25 -3.42972 112.732 -3.25 -6.86242 112.732
3 16 -3.25 -3.42972 112.732 -3.25 -4.21703 112.19 -3.25 -6.86242 112.732
3 16 -3.25 -4.21703 112.19 -3.25 -5.14607 112 -3.25 -6.07511 112.19
3 16 -3.25 -6.07511 112.19 -3.25 -6.86242 112.732 -3.25 -4.21703 112.19
3 16 -3.25 -6.86242 112.732 -3.25 -7.67658 113.547 -3.25 -7.6903 114.793
3 16 -3.25 -7.67658 113.547 -3.25 -7.92133 114.361 -3.25 -7.6903 114.793
3 16 -3.25 -7.6903 114.793 -3.25 -7.5 115.75 -3.25 -2.90356 113.543
3 16 -3.25 -6.86242 112.732 -3.25 -7.6903 114.793 -3.25 -2.90356 113.543
3 16 -3.25 -2.5 114.5 -3.25 -7.5 115.75 -3.25 -7.69 116.707
3 16 -3.25 -17.0964 113.543 -3.25 -17.5 114.5 -3.25 -12.5 115.75
3 16 -3.25 -17.5 114.5 -3.25 -17.5 125.5 -3.25 -12.31 116.707
3 16 -3.25 -12.5 115.75 -3.25 -17.5 114.5 -3.25 -12.31 116.707
3 16 -3.25 -15.783 112.19 -3.25 -16.5703 112.732 -3.25 -13.1376 112.732
3 16 -3.25 -16.5703 112.732 -3.25 -17.0964 113.543 -3.25 -13.1376 112.732
3 16 -3.25 -13.9249 112.19 -3.25 -14.8539 112 -3.25 -15.783 112.19
3 16 -3.25 -12.3234 113.547 -3.25 -13.1376 112.732 -3.25 -12.3097 114.793
3 16 -3.25 -13.1376 112.732 -3.25 -13.9249 112.19 -3.25 -15.783 112.19
3 16 -3.25 -12.3097 114.793 -3.25 -13.1376 112.732 -3.25 -17.0964 113.543
3 16 -3.25 -12.3097 114.793 -3.25 -12.0787 114.361 -3.25 -12.3234 113.547
3 16 -3.25 -12.5 115.75 -3.25 -12.3097 114.793 -3.25 -17.0964 113.543
3 16 -3.25 -2.496 120 -3.25 -7.69 116.707 -3.25 -8.232 117.518
3 16 -3.25 -11.768 117.518 -3.25 -12.31 116.707 -3.25 -17.5 125.5
3 16 -3.25 -2.488 125.5 -3.25 -9.043 118.06 -3.25 -10 118.25
3 16 -3.25 -10.957 118.06 -3.25 -11.768 117.518 -3.25 -17.5 125.5
3 16 0 -13.1376 112.732 -2.12432e-16 -12.3097 114.793 0 -12.5 115.75
3 16 -16.75 -2.496 120 -10 -2.494 125.5 -16.75 -2.488 125.5
3 16 -20 -12.31 116.707 -20 -12.5 115.75 -20 -17.5 120
3 16 -20 -11.768 117.518 -20 -12.31 116.707 -20 -17.5 120
3 16 -20 -10.957 118.06 -20 -11.768 117.518 -20 -17.5 120
3 16 -20 -10.957 118.06 -20 -17.5 120 -20 -10 118.25
3 16 -20 -7.69 116.707 -20 -8.232 117.518 -20 -2.494 120
3 16 -20 -9.043 118.06 -20 -10 118.25 -20 -2.494 120
3 16 -20 -8.232 117.518 -20 -9.043 118.06 -20 -2.494 120
3 16 -20 -2.494 120 -20 -7.5 115.75 -20 -7.69 116.707
4 16 -20 -14.8539 112 -20 -15.783 112.19 -20 -16.5703 112.732 -20 -17.5 120
4 16 -20 -16.5703 112.732 -20 -17.0964 113.543 -20 -17.5 114.5 -20 -17.5 120
4 16 -20 -14.8539 112 -20 -17.5 120 -20 -13.1376 112.732 -20 -13.9249 112.19
4 16 -20 -6.86242 112.732 -20 -2.494 120 -20 -5.14607 112 -20 -6.07511 112.19
4 16 -20 -5.14607 112 -20 -2.494 120 -20 -3.42972 112.732 -20 -4.21703 112.19
4 16 -20 -3.42972 112.732 -20 -2.494 120 -20 -2.5 114.5 -20 -2.90356 113.543
3 16 -20 -7.6903 114.793 -20 -7.5 115.75 -20 -6.86242 112.732
3 16 -20 -17.5 120 -20 -12.5 115.75 -20 -13.1376 112.732
4 16 -20 -6.86242 112.732 -16.75 -6.86242 112.732 -16.75 -7.67658 113.547 -20 -7.67658 113.547
4 16 -20 -15.783 112.19 -16.75 -15.783 112.19 -16.75 -16.5703 112.732 -20 -16.5703 112.732
4 16 -16.75 -2.496 120 -16.75 -2.5 114.5 -20 -2.5 114.5 -20 -2.494 120
4 16 -20 -12.3097 114.793 -20 -12.5 115.75 -16.75 -12.5 115.75 -16.75 -12.3097 114.793
4 16 -20 -2.90356 113.543 -16.75 -2.90356 113.543 -16.75 -3.42972 112.732 -20 -3.42972 112.732
4 16 -20 -7.92133 114.361 -20 -7.67658 113.547 -16.75 -7.67658 113.547 -16.75 -7.92133 114.361
4 16 -20 -4.21703 112.19 -16.75 -4.21703 112.19 -16.75 -5.14607 112 -20 -5.14607 112
4 16 -20 -14.8539 112 -16.75 -14.8539 112 -16.75 -15.783 112.19 -20 -15.783 112.19
4 16 -20 -7.6903 114.793 -20 -7.92133 114.361 -16.75 -7.92133 114.361 -16.75 -7.6903 114.793
4 16 -20 -3.42972 112.732 -16.75 -3.42972 112.732 -16.75 -4.21703 112.19 -20 -4.21703 112.19
4 16 -20 -12.3234 113.547 -16.75 -12.3234 113.547 -16.75 -13.1376 112.732 -20 -13.1376 112.732
4 16 -20 -7.5 115.75 -16.75 -7.5 115.75 -16.75 -7.69 116.707 -20 -7.69 116.707
4 16 -20 -12.3234 113.547 -20 -12.0787 114.361 -16.75 -12.0787 114.361 -16.75 -12.3234 113.547
4 16 -20 -13.9249 112.19 -16.75 -13.9249 112.19 -16.75 -14.8539 112 -20 -14.8539 112
4 16 -20 -7.69 116.707 -16.75 -7.69 116.707 -16.75 -8.232 117.518 -20 -8.232 117.518
4 16 -20 -2.5 114.5 -16.75 -2.5 114.5 -16.75 -2.90356 113.543 -20 -2.90356 113.543
4 16 -20 -8.232 117.518 -16.75 -8.232 117.518 -16.75 -9.043 118.06 -20 -9.043 118.06
4 16 -20 -13.1376 112.732 -16.75 -13.1376 112.732 -16.75 -13.9249 112.19 -20 -13.9249 112.19
4 16 -20 -9.043 118.06 -16.75 -9.043 118.06 -16.75 -10 118.25 -20 -10 118.25
4 16 -20 -7.6903 114.793 -16.75 -7.6903 114.793 -16.75 -7.5 115.75 -20 -7.5 115.75
4 16 -20 -10.957 118.06 -16.75 -10.957 118.06 -16.75 -11.768 117.518 -20 -11.768 117.518
4 16 -20 -10 118.25 -16.75 -10 118.25 -16.75 -10.957 118.06 -20 -10.957 118.06
3 16 -20 -12.3097 114.793 -20 -12.0787 114.361 -20 -12.3234 113.547
4 16 -20 -6.07511 112.19 -16.75 -6.07511 112.19 -16.75 -6.86242 112.732 -20 -6.86242 112.732
4 16 -20 -11.768 117.518 -16.75 -11.768 117.518 -16.75 -12.31 116.707 -20 -12.31 116.707
4 16 -20 -17.0964 113.543 -16.75 -17.0964 113.543 -16.75 -17.5 114.5 -20 -17.5 114.5
4 16 -20 -17.5 120 -20 -17.5 114.5 -16.75 -17.5 114.5 -17.5 -17.5 120
3 16 -20 -6.86242 112.732 -20 -7.5 115.75 -20 -2.494 120
4 16 -20 -5.14607 112 -16.75 -5.14607 112 -16.75 -6.07511 112.19 -20 -6.07511 112.19
3 16 -20 -7.67658 113.547 -20 -7.6903 114.793 -20 -6.86242 112.732
4 16 -20 -12.0787 114.361 -20 -12.3097 114.793 -16.75 -12.3097 114.793 -16.75 -12.0787 114.361
3 16 -20 -13.1376 112.732 -20 -12.3097 114.793 -20 -12.3234 113.547
4 16 -20 -12.31 116.707 -16.75 -12.31 116.707 -16.75 -12.5 115.75 -20 -12.5 115.75
3 16 -20 -7.92133 114.361 -20 -7.6903 114.793 -20 -7.67658 113.547
4 16 -20 -16.5703 112.732 -16.75 -16.5703 112.732 -16.75 -17.0964 113.543 -20 -17.0964 113.543
3 16 -16.75 -10 118.25 -16.75 -17.5 125.5 -16.75 -10.957 118.06
3 16 -16.75 -17.5 125.5 -16.75 -10 118.25 -16.75 -2.488 125.5
3 16 -16.75 -2.488 125.5 -16.75 -9.043 118.06 -16.75 -2.496 120
3 16 -16.75 -9.043 118.06 -16.75 -8.232 117.518 -16.75 -2.496 120
3 16 -16.75 -2.496 120 -16.75 -7.69 116.707 -16.75 -2.5 114.5
3 16 -16.75 -2.5 114.5 -16.75 -7.5 115.75 -16.75 -2.90356 113.543
3 16 -16.75 -2.90356 113.543 -16.75 -6.86242 112.732 -16.75 -3.42972 112.732
3 16 -16.75 -3.42972 112.732 -16.75 -6.86242 112.732 -16.75 -4.21703 112.19
3 16 -16.75 -4.21703 112.19 -16.75 -6.07511 112.19 -16.75 -5.14607 112
3 16 -16.75 -6.07511 112.19 -16.75 -4.21703 112.19 -16.75 -6.86242 112.732
3 16 -16.75 -6.86242 112.732 -16.75 -7.6903 114.793 -16.75 -7.67658 113.547
3 16 -16.75 -7.67658 113.547 -16.75 -7.6903 114.793 -16.75 -7.92133 114.361
3 16 -16.75 -7.6903 114.793 -16.75 -2.90356 113.543 -16.75 -7.5 115.75
3 16 -16.75 -6.86242 112.732 -16.75 -2.90356 113.543 -16.75 -7.6903 114.793
3 16 -16.75 -2.5 114.5 -16.75 -7.69 116.707 -16.75 -7.5 115.75
3 16 -16.75 -17.0964 113.543 -16.75 -12.5 115.75 -16.75 -17.5 114.5
3 16 -16.75 -17.5 114.5 -16.75 -12.31 116.707 -16.75 -17.5 125.5
3 16 -16.75 -12.5 115.75 -16.75 -12.31 116.707 -16.75 -17.5 114.5
3 16 -16.75 -15.783 112.19 -16.75 -13.1376 112.732 -16.75 -16.5703 112.732
3 16 -16.75 -16.5703 112.732 -16.75 -13.1376 112.732 -16.75 -17.0964 113.543
3 16 -16.75 -13.9249 112.19 -16.75 -15.783 112.19 -16.75 -14.8539 112
3 16 -16.75 -12.3234 113.547 -16.75 -12.3097 114.793 -16.75 -13.1376 112.732
3 16 -16.75 -13.1376 112.732 -16.75 -15.783 112.19 -16.75 -13.9249 112.19
3 16 -16.75 -12.3097 114.793 -16.75 -17.0964 113.543 -16.75 -13.1376 112.732
3 16 -16.75 -12.3097 114.793 -16.75 -12.3234 113.547 -16.75 -12.0787 114.361
3 16 -16.75 -12.5 115.75 -16.75 -17.0964 113.543 -16.75 -12.3097 114.793
3 16 -16.75 -2.496 120 -16.75 -8.232 117.518 -16.75 -7.69 116.707
3 16 -16.75 -11.768 117.518 -16.75 -17.5 125.5 -16.75 -12.31 116.707
3 16 -16.75 -2.488 125.5 -16.75 -10 118.25 -16.75 -9.043 118.06
3 16 -16.75 -10.957 118.06 -16.75 -17.5 125.5 -16.75 -11.768 117.518
3 16 -20 -13.1376 112.732 -20 -12.5 115.75 -20 -12.3097 114.793
5 24 -12.717 -17.048 128 -12.717 -17.048 133 -10.152 -17.5 128 -14.973 -15.745 128
2 24 -13.678 -29.268 125.5 -13.118 -27.917 125.5
2 24 -8.781 -3.87 127.975 -6.528 -4.803 127.975
5 24 -12.452 -19.381 120 -12.452 -19.381 124.875 -12.452 -20.613 120 -12.079 -18.486 120
2 24 -20 -5.14607 112 -20 -4.21703 112.19
2 24 -20 -12.3234 113.547 -20 -12.0787 114.361
2 24 -10.152 -22.5 128 -7.587 -22.952 128
2 24 -17.512 -19.375 124.875 -17.5 -20.613 124.875
2 24 -16.75 -2.5 114.5 -16.75 -2.496 120
2 24 -8.545 -8.085 128 -7.987 -8.75 128
2 24 -5.331 -24.255 128 -3.657 -26.25 128
2 24 -12.717 -22.952 133 -10.152 -22.5 133
2 24 -13.118 -27.917 127.975 -12.083 -26.882 127.975
2 24 -6.528 -24.803 125.5 -4.803 -26.528 125.5
2 24 -17.5 -20.613 124.875 -12.452 -20.613 124.875
2 24 -12.717 -17.048 128 -10.152 -17.5 128
5 24 -7.987 -8.75 128 -7.987 -8.75 133 -7.69 -9.566 128 -8.545 -8.085 128
2 24 -10 -22.452 120 -9.512 -22.452 120
5 24 -3.25 -15.783 112.19 0 -15.783 112.19 -3.25 -16.5703 112.732 -3.25 -14.8539 112
2 24 -20 -7.92133 114.361 -20 -7.67658 113.547
5 24 -3.25 -12.3234 113.547 -1.54202e-16 -12.3234 113.547 -3.25 -13.1376 112.732 -3.25 -12.0787 114.361
2 24 -3.25 -5.14607 112 -3.25 -4.21703 112.19
5 24 -7.921 -21.514 120 -7.921 -21.514 125.5 -8.611 -22.079 120 -7.548 -20.613 120
2 24 -10.152 -27.5 133 -9.297 -27.651 133
2 24 -5.331 -15.745 128 -3.657 -13.75 128
5 24 -12.614 -9.566 128 -12.614 -9.566 133 -12.614 -10.434 128 -12.317 -8.75 128
5 24 -7.69 -9.566 128 -7.69 -9.566 133 -7.69 -10.434 128 -7.987 -8.75 128
5 24 -11.007 -32.349 128 -11.007 -32.349 133 -10.152 -32.5 128 -11.759 -31.915 128
2 24 -16.75 -17.5 114.5 -16.75 -17.0964 113.543
5 24 -3.657 -26.25 128 -3.657 -26.25 133 -2.766 -28.698 128 -5.331 -24.255 128
2 24 -16.75 -16.5703 112.732 -16.75 -15.783 112.19
2 24 -7.987 -28.75 128 -7.69 -29.566 128
2 24 -11.007 -32.349 128 -10.152 -32.5 128
2 24 -3.25 -2.496 120 0 -2.494 120
5 24 -11.219 -23.87 125.5 -11.219 -23.87 127.975 -13.472 -24.803 125.5 -10 -23.87 125.5
5 24 -11.389 -17.921 120 -11.389 -17.921 125.5 -12.079 -18.486 120 -10.488 -17.548 120
2 24 -20 -6.07511 112.19 -20 -5.14607 112
5 24 -7.917 -6.882 125.5 -7.917 -6.882 127.975 -6.882 -7.917 125.5 -9.268 -6.322 125.5
2 24 -9.297 -27.651 133 -8.545 -28.085 133
2 24 -13.678 -10.732 127.975 -13.678 -9.268 127.975
2 24 -10.732 -13.678 125.5 -10 -13.678 125.5
2 24 -15.197 -26.528 125.5 -13.472 -24.803 125.5
2 24 -16.647 -26.25 133 -14.973 -24.255 133
5 24 -17.512 -19.375 124.875 -17.5 -17.5 120 -17.5 -20.613 124.875 -17.506 -17.5 125.5
2 24 -20 -17.5 120 -17.5 -17.5 120
2 24 -20 -7.67658 113.547 -20 -6.86242 112.732
2 24 -13.472 -35.197 125.5 -11.219 -36.13 125.5
5 24 -10.152 -12.5 128 -10.152 -12.5 133 -11.007 -12.349 128 -9.297 -12.349 128
2 24 -13.118 -32.083 125.5 -12.083 -33.118 125.5
2 24 -12.317 -8.75 133 -11.759 -8.085 133
2 24 -13.678 -10.732 125.5 -13.118 -12.083 125.5
5 24 -14.973 -4.255 128 -14.973 -4.255 133 -16.647 -6.25 128 -12.717 -2.952 128
2 24 -9.512 -17.548 125.5 -8.611 -17.921 125.5
5 24 -17.5 -20.613 124.875 -17.5 -17.5 120 -17.506 -30 125.5 -17.512 -19.375 124.875
2 24 -9.297 -32.349 128 -8.545 -31.915 128
2 24 -3.25 -6.86242 112.732 -3.25 -6.07511 112.19
2 24 -10.152 -37.5 133 -7.587 -37.048 133
2 24 -13.472 -15.197 127.975 -11.219 -16.13 127.975
5 24 -2.766 -31.302 128 -2.766 -31.302 133 -3.657 -33.75 128 -2.766 -28.698 128
2 24 -3.25 -12.3097 114.793 -3.25 -12.0787 114.361
2 24 -6.882 -12.083 125.5 -6.322 -10.732 125.5
2 24 -16.75 -13.1376 112.732 -16.75 -12.3234 113.547
2 24 -11.219 -36.13 127.975 -10 -36.13 127.975
2 24 -20 -17.0964 113.543 -20 -16.5703 112.732
2 24 -7.69 -10.434 128 -7.69 -9.566 128
5 24 -10.152 -17.5 128 -10.152 -17.5 133 -12.717 -17.048 128 -7.587 -17.048 128
5 24 -20 -16.5703 112.732 -16.75 -16.5703 112.732 -20 -15.783 112.19 -20 -17.0964 113.543
5 24 -5.331 -4.255 128 -5.331 -4.255 133 -3.657 -6.25 128 -7.587 -2.952 128
2 24 0 -4.21703 112.19 0 -3.42972 112.732
2 24 -14.973 -15.745 128 -12.717 -17.048 128
5 24 -10.732 -13.678 125.5 -10.732 -13.678 127.975 -10 -13.678 125.5 -12.083 -13.118 125.5
2 24 -8.545 -11.915 133 -7.987 -11.25 133
2 24 -11.007 -27.651 133 -10.152 -27.5 133
2 24 -17.5 -20.613 125.5 -12.452 -20.613 125.5
5 24 -12.079 -18.486 120 -12.079 -18.486 125.5 -12.452 -19.381 120 -11.389 -17.921 120
2 24 -2.766 -31.302 128 -2.766 -28.698 128
5 24 -8.611 -17.921 120 -8.611 -17.921 125.5 -9.512 -17.548 120 -7.921 -18.486 120
2 24 -7.548 -19.381 124.875 -7.548 -19.381 125.5
2 24 -6.882 -7.917 127.975 -6.322 -9.268 127.975
2 24 -4.803 -33.472 125.5 -3.87 -31.219 125.5
5 24 -11.759 -28.085 128 -11.759 -28.085 133 -12.317 -28.75 128 -11.007 -27.651 128
5 24 -2.766 -8.698 128 -2.766 -8.698 133 -2.766 -11.302 128 -3.657 -6.25 128
2 24 -2.12432e-16 -12.3097 114.793 0 -12.5 115.75
5 24 -3.25 -12.5 115.75 0 -12.5 115.75 -3.25 -12.3097 114.793 -3.25 -12.31 116.707
2 24 -16.75 -7.67658 113.547 -16.75 -6.86242 112.732
5 24 -3.25 -7.69 116.707 0 -7.69 116.707 -3.25 -7.5 115.75 -3.25 -8.232 117.518
2 24 -7.987 -11.25 128 -7.69 -10.434 128
2 24 -10.152 -32.5 128 -9.297 -32.349 128
2 24 0 -2.90356 113.543 0 -2.5 114.5
2 24 -10 -33.678 125.5 -9.268 -33.678 125.5
5 24 -7.587 -37.048 128 -7.587 -37.048 133 -10.152 -37.5 128 -5.331 -35.745 128
5 24 -10.732 -6.322 125.5 -10.732 -6.322 127.975 -12.083 -6.882 125.5 -10 -6.322 125.5
2 24 -17.538 -11.302 133 -16.647 -13.75 133
5 24 -10.732 -26.322 125.5 -10.732 -26.322 127.975 -12.083 -26.882 125.5 -10 -26.322 125.5
2 24 -10.488 -17.548 125.5 -10 -17.548 125.5
2 24 -13.118 -27.917 125.5 -12.083 -26.882 125.5
5 24 -7.987 -11.25 128 -7.987 -11.25 133 -8.545 -11.915 128 -7.69 -10.434 128
2 24 -6.528 -15.197 125.5 -4.803 -13.472 125.5
2 24 -10.152 -17.5 133 -7.587 -17.048 133
2 24 -16.75 -2.488 125.5 -10 -2.494 125.5
2 24 -12.452 -20.613 125.5 -12.079 -21.514 125.5
2 24 -17.538 -31.302 128 -17.538 -28.698 128
2 24 -20 -12.3097 114.793 -20 -12.0787 114.361
5 24 -13.118 -27.917 125.5 -13.118 -27.917 127.975 -13.678 -29.268 125.5 -12.083 -26.882 125.5
5 24 -3.25 -12.3097 114.793 -2.12432e-16 -12.3097 114.793 -3.25 -12.5 115.75 -3.25 -12.0787 114.361
5 24 -15.197 -13.472 125.5 -15.197 -13.472 127.975 -13.472 -15.197 125.5 -16.13 -11.219 125.5
5 24 -6.528 -24.803 125.5 -6.528 -24.803 127.975 -4.803 -26.528 125.5 -8.781 -23.87 125.5
2 24 -10 -17.548 120 -9.512 -17.548 120
2 24 -3.25 -10.957 118.06 -3.25 -10 118.25
5 24 -10.152 -2.5 128 -10.152 -2.5 133 -12.717 -2.952 128 -7.587 -2.952 128
2 24 -12.317 -11.25 128 -11.759 -11.915 128
2 24 -17.512 -37.5 125.5 -17.506 -30 125.5
2 24 -13.678 -9.268 127.975 -13.118 -7.917 127.975
2 24 -17.538 -31.302 133 -16.647 -33.75 133
5 24 -12.614 -29.566 128 -12.614 -29.566 133 -12.614 -30.434 128 -12.317 -28.75 128
2 24 -11.759 -8.085 133 -11.007 -7.651 133
5 24 -3.25 -12.31 116.707 0 -12.31 116.707 -3.25 -11.768 117.518 -3.25 -12.5 115.75
2 24 -9.268 -13.678 127.975 -7.917 -13.118 127.975
2 24 -5.331 -15.745 133 -3.657 -13.75 133
2 24 -14.973 -24.255 133 -12.717 -22.952 133
2 24 -11.389 -22.079 120 -10.488 -22.452 120
2 24 -10.152 -22.5 133 -7.587 -22.952 133
2 24 -12.079 -18.486 120 -11.389 -17.921 120
5 24 -5.331 -35.745 128 -5.331 -35.745 133 -7.587 -37.048 128 -3.657 -33.75 128
2 24 -3.657 -33.75 128 -2.766 -31.302 128
2 24 -16.75 -6.07511 112.19 -16.75 -5.14607 112
2 24 -3.08405e-16 -7.92133 114.361 -1.54202e-16 -7.67658 113.547
2 24 -1.54202e-16 -7.67658 113.547 0 -6.86242 112.732
2 24 -14.973 -35.745 133 -12.717 -37.048 133
5 24 -6.882 -7.917 125.5 -6.882 -7.917 127.975 -6.322 -9.268 125.5 -7.917 -6.882 125.5
2 24 -12.614 -10.434 128 -12.317 -11.25 128
5 24 -12.452 -20.613 120 -12.452 -20.613 124.875 -12.079 -21.514 120 -12.452 -19.381 120
5 24 -12.717 -37.048 128 -12.717 -37.048 133 -10.152 -37.5 128 -14.973 -35.745 128
2 24 -12.079 -21.514 125.5 -11.389 -22.079 125.5
5 24 -7.69 -30.434 128 -7.69 -30.434 133 -7.987 -31.25 128 -7.69 -29.566 128
2 24 -3.25 -12.3234 113.547 -3.25 -12.0787 114.361
2 24 -12.083 -13.118 125.5 -10.732 -13.678 125.5
2 24 -10.152 -17.5 128 -7.587 -17.048 128
2 24 -10.488 -22.452 120 -10 -22.452 120
2 24 -12.317 -28.75 133 -11.759 -28.085 133
2 24 -12.317 -31.25 128 -11.759 -31.915 128
2 24 -2.5 -17.5 120 0 -17.5 120
5 24 -8.545 -28.085 128 -8.545 -28.085 133 -7.987 -28.75 128 -9.297 -27.651 128
2 24 -8.545 -11.915 128 -7.987 -11.25 128
2 24 -7.548 -20.613 125.5 -2.5 -20.613 125.5
5 24 -8.545 -8.085 128 -8.545 -8.085 133 -7.987 -8.75 128 -9.297 -7.651 128
2 24 -7.917 -13.118 127.975 -6.882 -12.083 127.975
2 24 -7.921 -21.514 120 -7.548 -20.613 120
2 24 -16.647 -26.25 128 -14.973 -24.255 128
2 24 -7.587 -22.952 133 -5.331 -24.255 133
2 24 -20 -11.768 117.518 -20 -10.957 118.06
5 24 -10.152 -27.5 128 -10.152 -27.5 133 -11.007 -27.651 128 -9.297 -27.651 128
2 24 -10 -3.87 125.5 -8.781 -3.87 125.5
2 24 -7.587 -37.048 128 -5.331 -35.745 128
2 24 -7.587 -17.048 133 -5.331 -15.745 133
2 24 -7.587 -2.952 128 -5.331 -4.255 128
2 24 -11.219 -3.87 125.5 -10 -3.87 125.5
5 24 -4.803 -26.528 125.5 -4.803 -26.528 127.975 -3.87 -28.781 125.5 -6.528 -24.803 125.5
2 24 -8.545 -28.085 133 -7.987 -28.75 133
2 24 -16.75 -17.0964 113.543 -16.75 -16.5703 112.732
2 24 -10.152 -12.5 128 -9.297 -12.349 128
5 24 -20 -13.1376 112.732 -16.75 -13.1376 112.732 -20 -12.3234 113.547 -20 -13.9249 112.19
2 24 -6.528 -24.803 127.975 -4.803 -26.528 127.975
2 24 0 0 120 0 0 128
2 24 -16.75 -5.14607 112 -16.75 -4.21703 112.19
2 24 -3.87 -31.219 125.5 -3.87 -28.781 125.5
5 24 -10.152 -37.5 128 -10.152 -37.5 133 -12.717 -37.048 128 -7.587 -37.048 128
2 24 -7.987 -8.75 133 -7.69 -9.566 133
5 24 -11.007 -27.651 128 -11.007 -27.651 133 -11.759 -28.085 128 -10.152 -27.5 128
5 24 -13.118 -12.083 125.5 -13.118 -12.083 127.975 -12.083 -13.118 125.5 -13.678 -10.732 125.5
2 24 -3.25 -7.92133 114.361 -3.25 -7.6903 114.793
5 24 -3.25 -9.043 118.06 0 -9.043 118.06 -3.25 -8.232 117.518 -3.25 -10 118.25
2 24 -8.611 -17.921 125.5 -7.921 -18.486 125.5
2 24 -10 -6.322 125.5 -9.268 -6.322 125.5
2 24 -8.781 -23.87 125.5 -6.528 -24.803 125.5
5 24 -12.083 -26.882 125.5 -12.083 -26.882 127.975 -13.118 -27.917 125.5 -10.732 -26.322 125.5
2 24 -20 -2.494 120 -16.75 -2.496 120
2 24 -3.25 -7.6903 114.793 -3.25 -7.5 115.75
2 24 -16.75 -2.496 120 -3.25 -2.496 120
2 24 -15.197 -26.528 127.975 -13.472 -24.803 127.975
2 24 -12.083 -13.118 127.975 -10.732 -13.678 127.975
5 24 -9.268 -6.322 125.5 -9.268 -6.322 127.975 -10 -6.322 125.5 -7.917 -6.882 125.5
5 24 -16.13 -8.781 125.5 -16.13 -8.781 127.975 -16.13 -11.219 125.5 -15.197 -6.528 125.5
2 24 -4.803 -26.528 125.5 -3.87 -28.781 125.5
5 24 -7.69 -10.434 128 -7.69 -10.434 133 -7.987 -11.25 128 -7.69 -9.566 128
5 24 -13.472 -15.197 125.5 -13.472 -15.197 127.975 -11.219 -16.13 125.5 -15.197 -13.472 125.5
5 24 -7.69 -29.566 128 -7.69 -29.566 133 -7.69 -30.434 128 -7.987 -28.75 128
2 24 -11.219 -3.87 127.975 -10 -3.87 127.975
5 24 -12.317 -28.75 128 -12.317 -28.75 133 -12.614 -29.566 128 -11.759 -28.085 128
5 24 -3.25 -7.5 115.75 0 -7.5 115.75 -3.25 -7.69 116.707 -3.25 -7.6903 114.793
2 24 -16.75 -8.232 117.518 -16.75 -7.69 116.707
2 24 -14.973 -24.255 128 -12.717 -22.952 128
5 24 -3.25 -13.1376 112.732 0 -13.1376 112.732 -3.25 -12.3234 113.547 -3.25 -13.9249 112.19
5 24 -3.25 -7.6903 114.793 -2.12432e-16 -7.6903 114.793 -3.25 -7.92133 114.361 -3.25 -7.5 115.75
2 24 -3.25 -3.42972 112.732 -3.25 -2.90356 113.543
2 24 -2.766 -31.302 133 -2.766 -28.698 133
2 24 0 -12.31 116.707 0 -11.768 117.518
5 24 -9.268 -33.678 125.5 -9.268 -33.678 127.975 -10 -33.678 125.5 -7.917 -33.118 125.5
5 24 -14.973 -15.745 128 -14.973 -15.745 133 -12.717 -17.048 128 -16.647 -13.75 128
2 24 -9.297 -12.349 128 -8.545 -11.915 128
2 24 -17.512 -19.375 125.5 -12.452 -19.381 125.5
2 24 -17.512 -19.375 124.875 -17.512 -19.375 125.5
5 24 -20 -9.043 118.06 -16.75 -9.043 118.06 -20 -8.232 117.518 -20 -10 118.25
2 24 -7.917 -13.118 125.5 -6.882 -12.083 125.5
5 24 -3.25 -5.14607 112 0 -5.14607 112 -3.25 -4.21703 112.19 -3.25 -6.07511 112.19
5 24 -12.614 -30.434 128 -12.614 -30.434 133 -12.317 -31.25 128 -12.614 -29.566 128
5 24 -2.766 -28.698 128 -2.766 -28.698 133 -2.766 -31.302 128 -3.657 -26.25 128
2 24 -17.538 -11.302 128 -16.647 -13.75 128
2 24 -16.75 -4.21703 112.19 -16.75 -3.42972 112.732
2 24 -12.083 -33.118 127.975 -10.732 -33.678 127.975
2 24 -3.25 -8.232 117.518 -3.25 -7.69 116.707
5 24 -17.538 -28.698 128 -17.538 -28.698 133 -17.538 -31.302 128 -16.647 -26.25 128
5 24 -3.25 -16.5703 112.732 0 -16.5703 112.732 -3.25 -15.783 112.19 -3.25 -17.0964 113.543
2 24 -20 -9.043 118.06 -20 -8.232 117.518
5 24 -20 -3.42972 112.732 -16.75 -3.42972 112.732 -20 -2.90356 113.543 -20 -4.21703 112.19
2 24 -17.506 -17.5 125.5 -16.75 -17.5 125.5
2 24 -9.268 -6.322 125.5 -7.917 -6.882 125.5
2 24 -4.803 -33.472 127.975 -3.87 -31.219 127.975
2 24 -8.545 -31.915 133 -7.987 -31.25 133
2 24 -2.494 -30 125.5 -2.488 -37.5 125.5
2 24 -10.152 -2.5 128 -7.587 -2.952 128
2 24 -13.118 -7.917 125.5 -12.083 -6.882 125.5
2 24 -3.25 -12.31 116.707 -3.25 -11.768 117.518
5 24 -8.545 -11.915 128 -8.545 -11.915 133 -9.297 -12.349 128 -7.987 -11.25 128
2 24 -6.528 -15.197 127.975 -4.803 -13.472 127.975
2 24 -11.219 -36.13 125.5 -10 -36.13 125.5
2 24 -9.512 -22.452 125.5 -8.611 -22.079 125.5
5 24 -7.587 -22.952 128 -7.587 -22.952 133 -5.331 -24.255 128 -10.152 -22.5 128
2 24 -8.781 -16.13 127.975 -6.528 -15.197 127.975
2 24 -9.297 -12.349 133 -8.545 -11.915 133
2 24 -10 -26.322 125.5 -9.268 -26.322 125.5
2 24 -10 -37.506 125.5 -2.488 -37.5 125.5
2 24 -3.657 -26.25 128 -2.766 -28.698 128
2 24 0 -5.14607 112 0 -4.21703 112.19
5 24 -20 -6.86242 112.732 -16.75 -6.86242 112.732 -20 -7.67658 113.547 -20 -6.07511 112.19
2 24 -8.545 -28.085 128 -7.987 -28.75 128
2 24 -11.759 -31.915 133 -11.007 -32.349 133
2 24 -20 0 120 -20 0 128
5 24 -20 -7.69 116.707 -16.75 -7.69 116.707 -20 -7.5 115.75 -20 -8.232 117.518
5 24 -20 -17.5 114.5 -16.75 -17.5 114.5 -20 -17.0964 113.543 -20 -17.5 120
2 24 -17.512 -37.5 120 -17.512 -37.5 125.5
2 24 -2.488 -37.5 120 -2.488 -37.5 125.5
2 24 -5.331 -4.255 128 -3.657 -6.25 128
2 24 -17.5 -20.613 124.875 -17.5 -20.613 125.5
2 24 -20 0 120 0 0 120
2 24 -7.548 -19.381 124.875 -2.488 -19.375 124.875
2 24 0 -9.043 118.06 0 -8.232 117.518
2 24 -3.25 -7.69 116.707 -3.25 -7.5 115.75
2 24 -16.75 -6.86242 112.732 -16.75 -6.07511 112.19
2 24 -3.25 -7.92133 114.361 -3.25 -7.67658 113.547
2 24 -7.587 -17.048 128 -5.331 -15.745 128
2 24 -8.611 -17.921 120 -7.921 -18.486 120
5 24 -3.25 -17.0964 113.543 0 -17.0964 113.543 -3.25 -17.5 114.5 -3.25 -16.5703 112.732
2 24 -16.13 -11.219 125.5 -15.197 -13.472 125.5
2 24 -20 -2.494 120 -20 0 120
2 24 -12.717 -17.048 133 -10.152 -17.5 133
2 24 -10 -16.13 125.5 -8.781 -16.13 125.5
2 24 -9.268 -13.678 125.5 -7.917 -13.118 125.5
5 24 -20 -14.8539 112 -16.75 -14.8539 112 -20 -15.783 112.19 -20 -13.9249 112.19
2 24 -10.152 -37.5 128 -7.587 -37.048 128
2 24 -3.25 -12.5 115.75 -3.25 -12.3097 114.793
2 24 -15.197 -6.528 125.5 -13.472 -4.803 125.5
5 24 -10.152 -7.5 128 -10.152 -7.5 133 -11.007 -7.651 128 -9.297 -7.651 128
2 24 0 -8.232 117.518 0 -7.69 116.707
2 24 0 -16.5703 112.732 0 -15.783 112.19
5 24 -20 -10 118.25 -16.75 -10 118.25 -20 -9.043 118.06 -20 -10.957 118.06
2 24 -11.219 -23.87 125.5 -10 -23.87 125.5
5 24 -6.882 -12.083 125.5 -6.882 -12.083 127.975 -7.917 -13.118 125.5 -6.322 -10.732 125.5
2 24 -6.882 -7.917 125.5 -6.322 -9.268 125.5
2 24 -3.25 -2.5 114.5 -3.25 -2.496 120
2 24 -16.75 -7.92133 114.361 -16.75 -7.6903 114.793
5 24 -4.803 -33.472 125.5 -4.803 -33.472 127.975 -6.528 -35.197 125.5 -3.87 -31.219 125.5
5 24 -20 -5.14607 112 -16.75 -5.14607 112 -20 -4.21703 112.19 -20 -6.07511 112.19
2 24 -3.08405e-16 -12.0787 114.361 -2.12432e-16 -12.3097 114.793
2 24 -11.389 -22.079 125.5 -10.488 -22.452 125.5
2 24 -16.13 -31.219 125.5 -16.13 -28.781 125.5
2 24 0 -14.8539 112 0 -13.9249 112.19
2 24 -20 -2.5 114.5 -20 -2.494 120
2 24 -12.452 -20.613 124.875 -12.452 -19.381 124.875
5 24 -12.317 -31.25 128 -12.317 -31.25 133 -11.759 -31.915 128 -12.614 -30.434 128
2 24 -3.25 -14.8539 112 -3.25 -13.9249 112.19
2 24 -6.322 -30.732 125.5 -6.322 -29.268 125.5
5 24 -6.882 -27.917 125.5 -6.882 -27.917 127.975 -6.322 -29.268 125.5 -7.917 -26.882 125.5
2 24 -8.545 -31.915 128 -7.987 -31.25 128
2 24 -7.69 -30.434 128 -7.69 -29.566 128
2 24 -10 -23.87 125.5 -8.781 -23.87 125.5
2 24 -16.13 -31.219 125.5 -15.197 -33.472 125.5
2 24 -3.87 -11.219 125.5 -3.87 -8.781 125.5
2 24 -11.389 -17.921 120 -10.488 -17.548 120
2 24 -7.921 -18.486 125.5 -7.548 -19.381 125.5
2 24 -11.007 -7.651 133 -10.152 -7.5 133
2 24 -11.007 -27.651 128 -10.152 -27.5 128
2 24 -10 -22.452 125.5 -9.512 -22.452 125.5
2 24 -20 -40 120 -20 -17.5 120
5 24 -20 -17.0964 113.543 -16.75 -17.0964 113.543 -20 -17.5 114.5 -20 -16.5703 112.732
5 24 -3.87 -8.781 125.5 -3.87 -8.781 127.975 -3.87 -11.219 125.5 -4.803 -6.528 125.5
2 24 0 -2.5 114.5 0 -2.494 120
2 24 -20 -12.31 116.707 -20 -11.768 117.518
2 24 -1.54202e-16 -12.3234 113.547 0 -13.1376 112.732
2 24 -15.197 -33.472 127.975 -13.472 -35.197 127.975
5 24 -12.614 -10.434 128 -12.614 -10.434 133 -12.317 -11.25 128 -12.614 -9.566 128
2 24 -10.152 -7.5 128 -9.297 -7.651 128
5 24 -20 -12.31 116.707 -16.75 -12.31 116.707 -20 -11.768 117.518 -20 -12.5 115.75
5 24 -7.587 -2.952 128 -7.587 -2.952 133 -5.331 -4.255 128 -10.152 -2.5 128
2 24 -7.548 -20.613 124.875 -7.548 -19.381 124.875
2 24 -16.75 -11.768 117.518 -16.75 -10.957 118.06
2 24 -2.488 -19.375 124.875 -2.488 -19.375 125.5
2 24 -7.917 -26.882 127.975 -6.882 -27.917 127.975
5 24 -15.197 -26.528 125.5 -15.197 -26.528 127.975 -16.13 -28.781 125.5 -13.472 -24.803 125.5
2 24 -13.678 -30.732 125.5 -13.118 -32.083 125.5
2 24 -7.917 -26.882 125.5 -6.882 -27.917 125.5
2 24 -20 -40 128 -20 0 128
2 24 -17.512 -37.5 125.5 -10 -37.506 125.5
2 24 -10 -36.13 125.5 -8.781 -36.13 125.5
2 24 -3.25 -9.043 118.06 -3.25 -8.232 117.518
5 24 -17.538 -11.302 128 -17.538 -11.302 133 -16.647 -13.75 128 -17.538 -8.698 128
2 24 -3.657 -13.75 128 -2.766 -11.302 128
2 24 -12.717 -2.952 133 -10.152 -2.5 133
2 24 -2.5 -20.613 124.875 -2.488 -19.375 124.875
5 24 -20 -8.232 117.518 -16.75 -8.232 117.518 -20 -7.69 116.707 -20 -9.043 118.06
2 24 -7.587 -37.048 133 -5.331 -35.745 133
5 24 -13.678 -29.268 125.5 -13.678 -29.268 127.975 -13.678 -30.732 125.5 -13.118 -27.917 125.5
5 24 -20 -2.5 114.5 -16.75 -2.5 114.5 -20 -2.494 120 -20 -2.90356 113.543
2 24 -5.331 -35.745 133 -3.657 -33.75 133
5 24 -4.803 -6.528 125.5 -4.803 -6.528 127.975 -3.87 -8.781 125.5 -6.528 -4.803 125.5
2 24 -20 -15.783 112.19 -20 -14.8539 112
2 24 -3.25 -2.496 120 -3.25 -2.488 125.5
5 24 -11.759 -8.085 128 -11.759 -8.085 133 -12.317 -8.75 128 -11.007 -7.651 128
2 24 -5.331 -35.745 128 -3.657 -33.75 128
2 24 -7.548 -20.613 120 -7.548 -19.381 120
2 24 -14.973 -4.255 133 -12.717 -2.952 133
2 24 -16.75 -12.3097 114.793 -16.75 -12.0787 114.361
5 24 -17.538 -8.698 128 -17.538 -8.698 133 -17.538 -11.302 128 -16.647 -6.25 128
2 24 0 -6.86242 112.732 0 -6.07511 112.19
5 24 -3.25 -3.42972 112.732 0 -3.42972 112.732 -3.25 -2.90356 113.543 -3.25 -4.21703 112.19
2 24 -7.921 -21.514 125.5 -7.548 -20.613 125.5
5 24 -2.766 -11.302 128 -2.766 -11.302 133 -3.657 -13.75 128 -2.766 -8.698 128
2 24 -20 -17.5 114.5 -20 -17.0964 113.543
2 24 -10.732 -6.322 127.975 -10 -6.322 127.975
2 24 -12.317 -28.75 128 -11.759 -28.085 128
5 24 -13.472 -35.197 125.5 -13.472 -35.197 127.975 -11.219 -36.13 125.5 -15.197 -33.472 125.5
2 24 -5.331 -24.255 133 -3.657 -26.25 133
5 24 -11.007 -12.349 128 -11.007 -12.349 133 -10.152 -12.5 128 -11.759 -11.915 128
5 24 -3.25 -7.67658 113.547 -1.54202e-16 -7.67658 113.547 -3.25 -6.86242 112.732 -3.25 -7.92133 114.361
5 24 -3.25 -4.21703 112.19 0 -4.21703 112.19 -3.25 -5.14607 112 -3.25 -3.42972 112.732
5 24 -8.781 -23.87 125.5 -8.781 -23.87 127.975 -10 -23.87 125.5 -6.528 -24.803 125.5
2 24 -12.317 -31.25 133 -11.759 -31.915 133
2 24 -10.152 -7.5 133 -9.297 -7.651 133
2 24 -3.657 -6.25 128 -2.766 -8.698 128
5 24 -16.647 -26.25 128 -16.647 -26.25 133 -17.538 -28.698 128 -14.973 -24.255 128
2 24 0 -10 118.25 0 -9.043 118.06
2 24 -16.13 -8.781 125.5 -15.197 -6.528 125.5
2 24 -12.614 -9.566 133 -12.317 -8.75 133
2 24 -10.732 -26.322 127.975 -10 -26.322 127.975
2 24 -11.219 -16.13 127.975 -10 -16.13 127.975
2 24 -13.678 -30.732 127.975 -13.678 -29.268 127.975
2 24 -2.5 -17.5 120 -2.494 -17.5 125.5
2 24 -20 -8.232 117.518 -20 -7.69 116.707
2 24 -4.803 -6.528 127.975 -3.87 -8.781 127.975
5 24 -7.917 -13.118 125.5 -7.917 -13.118 127.975 -9.268 -13.678 125.5 -6.882 -12.083 125.5
5 24 -8.781 -16.13 125.5 -8.781 -16.13 127.975 -10 -16.13 125.5 -6.528 -15.197 125.5
5 24 -12.083 -13.118 125.5 -12.083 -13.118 127.975 -10.732 -13.678 125.5 -13.118 -12.083 125.5
2 24 -16.75 -7.92133 114.361 -16.75 -7.67658 113.547
5 24 -3.87 -11.219 125.5 -3.87 -11.219 127.975 -4.803 -13.472 125.5 -3.87 -8.781 125.5
5 24 -6.528 -35.197 125.5 -6.528 -35.197 127.975 -8.781 -36.13 125.5 -4.803 -33.472 125.5
2 24 -8.545 -8.085 133 -7.987 -8.75 133
2 24 -20 -10.957 118.06 -20 -10 118.25
2 24 0 -3.42972 112.732 0 -2.90356 113.543
5 24 -20 -12.3097 114.793 -16.75 -12.3097 114.793 -20 -12.5 115.75 -20 -12.0787 114.361
2 24 0 -12.5 115.75 0 -12.31 116.707
5 24 -6.322 -29.268 125.5 -6.322 -29.268 127.975 -6.322 -30.732 125.5 -6.882 -27.917 125.5
5 24 -11.389 -22.079 120 -11.389 -22.079 125.5 -10.488 -22.452 120 -12.079 -21.514 120
2 24 -17.538 -31.302 133 -17.538 -28.698 133
2 24 -7.548 -20.613 124.875 -2.5 -20.613 124.875
5 24 -10.152 -32.5 128 -10.152 -32.5 133 -11.007 -32.349 128 -9.297 -32.349 128
5 24 -6.528 -4.803 125.5 -6.528 -4.803 127.975 -4.803 -6.528 125.5 -8.781 -3.87 125.5
2 24 -15.197 -13.472 127.975 -13.472 -15.197 127.975
2 24 -20 -17.5 114.5 -20 -17.5 120
2 24 -13.472 -4.803 127.975 -11.219 -3.87 127.975
2 24 -11.219 -16.13 125.5 -10 -16.13 125.5
5 24 -7.548 -20.613 120 -7.548 -20.613 124.875 -7.921 -21.514 120 -7.548 -19.381 120
2 24 -16.75 -13.9249 112.19 -16.75 -13.1376 112.732
2 24 -3.25 -12.0787 114.361 -3.08405e-16 -12.0787 114.361
2 24 -12.317 -11.25 133 -11.759 -11.915 133
2 24 -17.512 -37.5 120 -17.5 -17.5 120
2 24 -9.268 -26.322 127.975 -7.917 -26.882 127.975
5 24 -20 -11.768 117.518 -16.75 -11.768 117.518 -20 -10.957 118.06 -20 -12.31 116.707
2 24 -3.25 -2.90356 113.543 -3.25 -2.5 114.5
2 24 -12.452 -20.613 120 -12.452 -19.381 120
5 24 -10.732 -33.678 125.5 -10.732 -33.678 127.975 -10 -33.678 125.5 -12.083 -33.118 125.5
2 24 -9.297 -7.651 128 -8.545 -8.085 128
2 24 -17.506 -30 125.5 -17.5 -20.613 125.5
5 24 -3.25 -2.90356 113.543 0 -2.90356 113.543 -3.25 -3.42972 112.732 -3.25 -2.5 114.5
2 24 -12.452 -19.381 124.875 -12.452 -19.381 125.5
2 24 -3.25 -15.783 112.19 -3.25 -14.8539 112
2 24 0 -13.9249 112.19 0 -13.1376 112.732
2 24 -6.882 -32.083 127.975 -6.322 -30.732 127.975
5 24 -12.083 -33.118 125.5 -12.083 -33.118 127.975 -10.732 -33.678 125.5 -13.118 -32.083 125.5
2 24 -10.152 -2.5 133 -7.587 -2.952 133
5 24 -7.987 -31.25 128 -7.987 -31.25 133 -8.545 -31.915 128 -7.69 -30.434 128
2 24 -3.25 -16.5703 112.732 -3.25 -15.783 112.19
2 24 -16.647 -33.75 128 -14.973 -35.745 128
2 24 -6.528 -4.803 125.5 -4.803 -6.528 125.5
2 24 -3.08405e-16 -7.92133 114.361 -2.12432e-16 -7.6903 114.793
2 24 -20 -12.5 115.75 -20 -12.3097 114.793
2 24 -10.732 -33.678 127.975 -10 -33.678 127.975
2 24 -12.614 -10.434 128 -12.614 -9.566 128
2 24 -16.75 -12.5 115.75 -16.75 -12.31 116.707
5 24 -8.545 -31.915 128 -8.545 -31.915 133 -9.297 -32.349 128 -7.987 -31.25 128
2 24 -11.759 -28.085 133 -11.007 -27.651 133
5 24 -3.87 -31.219 125.5 -3.87 -31.219 127.975 -4.803 -33.472 125.5 -3.87 -28.781 125.5
2 24 -12.614 -9.566 128 -12.317 -8.75 128
5 24 -20 -7.5 115.75 -16.75 -7.5 115.75 -20 -7.69 116.707 -20 -7.6903 114.793
2 24 -10 -17.548 125.5 -9.512 -17.548 125.5
2 24 -16.75 -10.957 118.06 -16.75 -10 118.25
5 24 -20 -2.90356 113.543 -16.75 -2.90356 113.543 -20 -3.42972 112.732 -20 -2.5 114.5
5 24 -13.118 -32.083 125.5 -13.118 -32.083 127.975 -12.083 -33.118 125.5 -13.678 -30.732 125.5
2 24 -20 -12.0787 114.361 -16.75 -12.0787 114.361
2 24 -9.268 -33.678 127.975 -7.917 -33.118 127.975
5 24 -8.611 -22.079 120 -8.611 -22.079 125.5 -9.512 -22.452 120 -7.921 -21.514 120
2 24 -16.647 -33.75 133 -14.973 -35.745 133
5 24 -6.322 -10.732 125.5 -6.322 -10.732 127.975 -6.882 -12.083 125.5 -6.322 -9.268 125.5
2 24 -20 -13.1376 112.732 -20 -12.3234 113.547
2 24 -13.472 -15.197 125.5 -11.219 -16.13 125.5
2 24 -11.759 -28.085 128 -11.007 -27.651 128
2 24 -16.75 -9.043 118.06 -16.75 -8.232 117.518
5 24 -5.331 -24.255 128 -5.331 -24.255 133 -3.657 -26.25 128 -7.587 -22.952 128
2 24 -10 -13.678 125.5 -9.268 -13.678 125.5
2 24 -7.548 -20.613 124.875 -7.548 -20.613 125.5
5 24 -3.25 -10.957 118.06 0 -10.957 118.06 -3.25 -11.768 117.518 -3.25 -10 118.25
2 24 -10.152 -27.5 128 -9.297 -27.651 128
2 24 -16.13 -28.781 127.975 -15.197 -26.528 127.975
2 24 -16.75 -3.42972 112.732 -16.75 -2.90356 113.543
2 24 -3.25 -17.5 114.5 -3.25 -17.5 125.5
2 24 -13.678 -30.732 125.5 -13.678 -29.268 125.5
2 24 0 -17.5 114.5 0 -17.5 120
2 24 -17.538 -8.698 133 -16.647 -6.25 133
2 24 -10 -6.322 127.975 -9.268 -6.322 127.975
2 24 -11.759 -11.915 128 -11.007 -12.349 128
5 24 -3.25 -11.768 117.518 0 -11.768 117.518 -3.25 -10.957 118.06 -3.25 -12.31 116.707
2 24 -17.512 -19.375 124.875 -12.452 -19.381 124.875
2 24 -9.268 -6.322 127.975 -7.917 -6.882 127.975
2 24 -17.538 -11.302 128 -17.538 -8.698 128
5 24 -4.803 -13.472 125.5 -4.803 -13.472 127.975 -6.528 -15.197 125.5 -3.87 -11.219 125.5
2 24 -20 -7.69 116.707 -20 -7.5 115.75
2 24 -3.87 -31.219 127.975 -3.87 -28.781 127.975
2 24 -11.389 -17.921 125.5 -10.488 -17.548 125.5
2 24 -12.083 -6.882 125.5 -10.732 -6.322 125.5
2 24 -13.118 -12.083 125.5 -12.083 -13.118 125.5
2 24 -11.007 -12.349 133 -10.152 -12.5 133
2 24 -7.987 -31.25 128 -7.69 -30.434 128
2 24 0 -6.07511 112.19 0 -5.14607 112
5 24 -9.297 -12.349 128 -9.297 -12.349 133 -10.152 -12.5 128 -8.545 -11.915 128
2 24 -3.25 -10 118.25 -3.25 -9.043 118.06
2 24 -20 -6.86242 112.732 -20 -6.07511 112.19
2 24 -10.732 -33.678 125.5 -10 -33.678 125.5
2 24 -15.197 -13.472 125.5 -13.472 -15.197 125.5
5 24 -9.268 -26.322 125.5 -9.268 -26.322 127.975 -10 -26.322 125.5 -7.917 -26.882 125.5
2 24 -12.614 -30.434 133 -12.614 -29.566 133
2 24 -20 -12.5 115.75 -20 -12.31 116.707
2 24 -6.322 -10.732 125.5 -6.322 -9.268 125.5
2 24 -3.08405e-16 -12.0787 114.361 -1.54202e-16 -12.3234 113.547
5 24 -16.647 -33.75 128 -16.647 -33.75 133 -14.973 -35.745 128 -17.538 -31.302 128
2 24 -2.766 -11.302 133 -2.766 -8.698 133
2 24 -12.614 -29.566 128 -12.317 -28.75 128
2 24 -16.75 -12.31 116.707 -16.75 -11.768 117.518
5 24 -11.007 -7.651 128 -11.007 -7.651 133 -11.759 -8.085 128 -10.152 -7.5 128
2 24 -14.973 -15.745 133 -12.717 -17.048 133
2 24 -2.5 -20.613 125.5 -2.494 -30 125.5
2 24 -6.882 -27.917 125.5 -6.322 -29.268 125.5
2 24 -16.13 -8.781 127.975 -15.197 -6.528 127.975
5 24 -15.197 -33.472 125.5 -15.197 -33.472 127.975 -13.472 -35.197 125.5 -16.13 -31.219 125.5
2 24 -3.25 -17.5 125.5 -3.25 -2.488 125.5
2 24 -12.614 -29.566 133 -12.317 -28.75 133
2 24 -6.882 -27.917 127.975 -6.322 -29.268 127.975
2 24 0 -17.0964 113.543 0 -16.5703 112.732
5 24 -16.13 -28.781 125.5 -16.13 -28.781 127.975 -16.13 -31.219 125.5 -15.197 -26.528 125.5
5 24 -7.987 -28.75 128 -7.987 -28.75 133 -7.69 -29.566 128 -8.545 -28.085 128
5 24 -3.25 -6.86242 112.732 0 -6.86242 112.732 -3.25 -7.67658 113.547 -3.25 -6.07511 112.19
2 24 -16.13 -11.219 127.975 -16.13 -8.781 127.975
5 24 -3.25 -13.9249 112.19 0 -13.9249 112.19 -3.25 -14.8539 112 -3.25 -13.1376 112.732
2 24 -7.987 -11.25 133 -7.69 -10.434 133
2 24 -16.75 -14.8539 112 -16.75 -13.9249 112.19
2 24 -17.512 -19.375 125.5 -17.506 -17.5 125.5
2 24 -3.87 -11.219 127.975 -3.87 -8.781 127.975
2 24 0 -40 120 0 -17.5 120
2 24 -2.5 -17.5 120 -2.488 -37.5 120
5 24 -6.528 -15.197 125.5 -6.528 -15.197 127.975 -8.781 -16.13 125.5 -4.803 -13.472 125.5
2 24 -3.25 -13.1376 112.732 -3.25 -12.3234 113.547
2 24 -12.717 -37.048 133 -10.152 -37.5 133
2 24 -16.75 -17.5 114.5 -16.75 -17.5 125.5
2 24 -13.678 -29.268 127.975 -13.118 -27.917 127.975
2 24 -17.512 -37.5 120 -2.488 -37.5 120
2 24 -9.297 -32.349 133 -8.545 -31.915 133
5 24 -3.657 -33.75 128 -3.657 -33.75 133 -5.331 -35.745 128 -2.766 -31.302 128
2 24 -3.657 -26.25 133 -2.766 -28.698 133
2 24 -7.917 -6.882 125.5 -6.882 -7.917 125.5
5 24 -2.5 -20.613 124.875 -2.5 -17.5 120 -2.488 -19.375 124.875 -2.494 -30 125.5
2 24 -7.69 -30.434 133 -7.69 -29.566 133
2 24 -7.917 -6.882 127.975 -6.882 -7.917 127.975
2 24 -11.007 -7.651 128 -10.152 -7.5 128
2 24 -8.781 -36.13 127.975 -6.528 -35.197 127.975
5 24 -7.917 -26.882 125.5 -7.917 -26.882 127.975 -6.882 -27.917 125.5 -9.268 -26.322 125.5
2 24 -7.548 -19.381 125.5 -2.488 -19.375 125.5
5 24 -9.297 -32.349 128 -9.297 -32.349 133 -10.152 -32.5 128 -8.545 -31.915 128
2 24 0 -7.69 116.707 0 -7.5 115.75
2 24 -10.488 -17.548 120 -10 -17.548 120
5 24 -16.647 -6.25 128 -16.647 -6.25 133 -17.538 -8.698 128 -14.973 -4.255 128
5 24 -13.678 -9.268 125.5 -13.678 -9.268 127.975 -13.678 -10.732 125.5 -13.118 -7.917 125.5
2 24 -12.614 -30.434 133 -12.317 -31.25 133
2 24 -16.75 -17.5 125.5 -16.75 -2.488 125.5
2 24 0 -10.957 118.06 0 -10 118.25
5 24 -11.759 -11.915 128 -11.759 -11.915 133 -11.007 -12.349 128 -12.317 -11.25 128
5 24 -3.657 -13.75 128 -3.657 -13.75 133 -5.331 -15.745 128 -2.766 -11.302 128
2 24 -4.803 -13.472 125.5 -3.87 -11.219 125.5
2 24 -12.614 -10.434 133 -12.614 -9.566 133
5 24 -3.25 -17.5 114.5 0 -17.5 114.5 -3.25 -17.0964 113.543 -2.5 -17.5 120
2 24 -6.528 -4.803 127.975 -4.803 -6.528 127.975
2 24 -8.611 -22.079 125.5 -7.921 -21.514 125.5
5 24 -3.25 -8.232 117.518 0 -8.232 117.518 -3.25 -7.69 116.707 -3.25 -9.043 118.06
2 24 -17.538 -28.698 128 -16.647 -26.25 128
2 24 -7.917 -33.118 127.975 -6.882 -32.083 127.975
5 24 -9.297 -27.651 128 -9.297 -27.651 133 -8.545 -28.085 128 -10.152 -27.5 128
5 24 -20 -13.9249 112.19 -16.75 -13.9249 112.19 -20 -14.8539 112 -20 -13.1376 112.732
2 24 -10 -33.678 127.975 -9.268 -33.678 127.975
2 24 -7.587 -2.952 133 -5.331 -4.255 133
5 24 -10.488 -17.548 120 -10.488 -17.548 125.5 -11.389 -17.921 120 -10 -17.548 120
5 24 -6.322 -30.732 125.5 -6.322 -30.732 127.975 -6.882 -32.083 125.5 -6.322 -29.268 125.5
2 24 -12.614 -10.434 133 -12.317 -11.25 133
5 24 -14.973 -24.255 128 -14.973 -24.255 133 -16.647 -26.25 128 -12.717 -22.952 128
2 24 -10.152 -32.5 133 -9.297 -32.349 133
2 24 -20 -7.92133 114.361 -20 -7.6903 114.793
2 24 -9.268 -33.678 125.5 -7.917 -33.118 125.5
2 24 -20 0 128 0 0 128
2 24 -20 -7.92133 114.361 -16.75 -7.92133 114.361
5 24 -16.13 -11.219 125.5 -16.13 -11.219 127.975 -15.197 -13.472 125.5 -16.13 -8.781 125.5
2 24 -11.759 -8.085 128 -11.007 -7.651 128
2 24 -20 -40 120 -20 -40 128
5 24 -9.297 -7.651 128 -9.297 -7.651 133 -8.545 -8.085 128 -10.152 -7.5 128
2 24 -16.75 -7.69 116.707 -16.75 -7.5 115.75
5 24 -7.548 -19.381 120 -7.548 -19.381 124.875 -7.548 -20.613 120 -7.921 -18.486 120
2 24 -13.118 -7.917 127.975 -12.083 -6.882 127.975
2 24 0 -2.494 120 0 0 120
5 24 -15.197 -6.528 125.5 -15.197 -6.528 127.975 -16.13 -8.781 125.5 -13.472 -4.803 125.5
2 24 -16.13 -31.219 127.975 -16.13 -28.781 127.975
2 24 -6.528 -35.197 127.975 -4.803 -33.472 127.975
2 24 -10 -36.13 127.975 -8.781 -36.13 127.975
5 24 -5.331 -15.745 128 -5.331 -15.745 133 -7.587 -17.048 128 -3.657 -13.75 128
5 24 -13.678 -30.732 125.5 -13.678 -30.732 127.975 -13.118 -32.083 125.5 -13.678 -29.268 125.5
5 24 -8.781 -3.87 125.5 -8.781 -3.87 127.975 -10 -3.87 125.5 -6.528 -4.803 125.5
2 24 -11.759 -31.915 128 -11.007 -32.349 128
2 24 -12.614 -30.434 128 -12.317 -31.25 128
2 24 -2.766 -11.302 128 -2.766 -8.698 128
2 24 -16.647 -6.25 128 -14.973 -4.255 128
2 24 -16.75 -2.90356 113.543 -16.75 -2.5 114.5
2 24 -13.118 -12.083 127.975 -12.083 -13.118 127.975
2 24 0 -15.783 112.19 0 -14.8539 112
2 24 -12.717 -22.952 128 -10.152 -22.5 128
2 24 -13.678 -10.732 125.5 -13.678 -9.268 125.5
2 24 -12.079 -18.486 125.5 -11.389 -17.921 125.5
2 24 -3.25 -11.768 117.518 -3.25 -10.957 118.06
2 24 -15.197 -6.528 127.975 -13.472 -4.803 127.975
2 24 -16.75 -2.496 120 -16.75 -2.488 125.5
2 24 -3.25 -7.92133 114.361 -3.08405e-16 -7.92133 114.361
2 24 -12.452 -19.381 125.5 -12.079 -18.486 125.5
2 24 -10 -13.678 127.975 -9.268 -13.678 127.975
2 24 -12.317 -8.75 128 -11.759 -8.085 128
2 24 -12.614 -30.434 128 -12.614 -29.566 128
5 24 -3.25 -14.8539 112 0 -14.8539 112 -3.25 -15.783 112.19 -3.25 -13.9249 112.19
2 24 -15.197 -33.472 125.5 -13.472 -35.197 125.5
5 24 -6.322 -9.268 125.5 -6.322 -9.268 127.975 -6.322 -10.732 125.5 -6.882 -7.917 125.5
5 24 -7.921 -18.486 120 -7.921 -18.486 125.5 -7.548 -19.381 120 -8.611 -17.921 120
2 24 -17.538 -28.698 133 -16.647 -26.25 133
2 24 -7.987 -31.25 133 -7.69 -30.434 133
2 24 -16.75 -12.3234 113.547 -16.75 -12.0787 114.361
5 24 -17.538 -31.302 128 -17.538 -31.302 133 -16.647 -33.75 128 -17.538 -28.698 128
5 24 -11.219 -3.87 125.5 -11.219 -3.87 127.975 -13.472 -4.803 125.5 -10 -3.87 125.5
2 24 -5.331 -4.255 133 -3.657 -6.25 133
2 24 -13.472 -24.803 125.5 -11.219 -23.87 125.5
2 24 -12.079 -21.514 120 -11.389 -22.079 120
5 24 -3.87 -28.781 125.5 -3.87 -28.781 127.975 -3.87 -31.219 125.5 -4.803 -26.528 125.5
5 24 -12.317 -8.75 128 -12.317 -8.75 133 -12.614 -9.566 128 -11.759 -8.085 128
2 24 -3.657 -33.75 133 -2.766 -31.302 133
2 24 -12.452 -20.613 120 -12.079 -21.514 120
2 24 -6.322 -10.732 127.975 -6.322 -9.268 127.975
2 24 -10 -16.13 127.975 -8.781 -16.13 127.975
2 24 -11.219 -23.87 127.975 -10 -23.87 127.975
5 24 -3.657 -6.25 128 -3.657 -6.25 133 -2.766 -8.698 128 -5.331 -4.255 128
2 24 -7.587 -22.952 128 -5.331 -24.255 128
5 24 -9.268 -13.678 125.5 -9.268 -13.678 127.975 -10 -13.678 125.5 -7.917 -13.118 125.5
5 24 -20 -6.07511 112.19 -16.75 -6.07511 112.19 -20 -6.86242 112.732 -20 -5.14607 112
2 24 -7.987 -8.75 128 -7.69 -9.566 128
2 24 -20 -4.21703 112.19 -20 -3.42972 112.732
2 24 -3.25 -6.07511 112.19 -3.25 -5.14607 112
2 24 -3.25 -17.5 125.5 -2.494 -17.5 125.5
2 24 -16.647 -13.75 128 -14.973 -15.745 128
2 24 -3.25 -17.5 114.5 -3.25 -17.0964 113.543
5 24 -20 -10.957 118.06 -16.75 -10.957 118.06 -20 -11.768 117.518 -20 -10 118.25
2 24 -9.512 -22.452 120 -8.611 -22.079 120
2 24 -16.647 -6.25 133 -14.973 -4.255 133
2 24 -3.25 -4.21703 112.19 -3.25 -3.42972 112.732
2 24 -7.987 -28.75 133 -7.69 -29.566 133
2 24 -8.781 -23.87 127.975 -6.528 -24.803 127.975
5 24 -20 -12.3234 113.547 -16.75 -12.3234 113.547 -20 -13.1376 112.732 -20 -12.0787 114.361
5 24 -7.587 -17.048 128 -7.587 -17.048 133 -10.152 -17.5 128 -5.331 -15.745 128
5 24 -13.472 -24.803 125.5 -13.472 -24.803 127.975 -15.197 -26.528 125.5 -11.219 -23.87 125.5
2 24 -10.732 -26.322 125.5 -10 -26.322 125.5
2 24 -13.678 -30.732 127.975 -13.118 -32.083 127.975
2 24 -3.25 -12.5 115.75 -3.25 -12.31 116.707
2 24 -8.781 -36.13 125.5 -6.528 -35.197 125.5
2 24 -12.717 -2.952 128 -10.152 -2.5 128
2 24 0 -40 120 0 -40 128
5 24 -3.25 -10 118.25 0 -10 118.25 -3.25 -9.043 118.06 -3.25 -10.957 118.06
2 24 -7.921 -18.486 120 -7.548 -19.381 120
5 24 -20 -12.5 115.75 -16.75 -12.5 115.75 -20 -12.3097 114.793 -20 -12.31 116.707
2 24 -14.973 -4.255 128 -12.717 -2.952 128
2 24 -16.647 -13.75 133 -14.973 -15.745 133
2 24 0 -40 128 0 0 128
2 24 -20 -7.6903 114.793 -20 -7.5 115.75
5 24 -20 -7.67658 113.547 -16.75 -7.67658 113.547 -20 -6.86242 112.732 -20 -7.92133 114.361
5 24 -9.512 -17.548 120 -9.512 -17.548 125.5 -8.611 -17.921 125.5 -10 -17.548 120
5 24 -12.079 -21.514 120 -12.079 -21.514 125.5 -11.389 -22.079 120 -12.452 -20.613 120
2 24 -12.083 -26.882 127.975 -10.732 -26.322 127.975
2 24 -9.512 -17.548 120 -8.611 -17.921 120
5 24 -3.25 -6.07511 112.19 0 -6.07511 112.19 -3.25 -6.86242 112.732 -3.25 -5.14607 112
2 24 -13.472 -4.803 125.5 -11.219 -3.87 125.5
2 24 -16.75 -7.6903 114.793 -16.75 -7.5 115.75
2 24 -17.538 -11.302 133 -17.538 -8.698 133
2 24 -8.781 -16.13 125.5 -6.528 -15.197 125.5
2 24 -16.75 -10 118.25 -16.75 -9.043 118.06
2 24 -9.268 -26.322 125.5 -7.917 -26.882 125.5
2 24 -2.12432e-16 -7.6903 114.793 0 -7.5 115.75
2 24 -12.452 -19.381 120 -12.079 -18.486 120
2 24 -2.5 -20.613 124.875 -2.5 -20.613 125.5
2 24 -6.882 -32.083 125.5 -6.322 -30.732 125.5
2 24 -20 -3.42972 112.732 -20 -2.90356 113.543
2 24 -10 -3.87 127.975 -8.781 -3.87 127.975
2 24 -16.13 -11.219 127.975 -15.197 -13.472 127.975
2 24 -7.69 -10.434 133 -7.69 -9.566 133
5 24 -11.219 -36.13 125.5 -11.219 -36.13 127.975 -10 -36.13 125.5 -13.472 -35.197 125.5
2 24 -6.882 -12.083 127.975 -6.322 -10.732 127.975
2 24 -16.13 -11.219 125.5 -16.13 -8.781 125.5
2 24 -12.717 -37.048 128 -10.152 -37.5 128
2 24 -6.528 -35.197 125.5 -4.803 -33.472 125.5
2 24 -20 -2.90356 113.543 -20 -2.5 114.5
2 24 -13.472 -24.803 127.975 -11.219 -23.87 127.975
2 24 -10.732 -6.322 125.5 -10 -6.322 125.5
2 24 -2.494 -17.5 125.5 -2.488 -19.375 125.5
5 24 -12.717 -22.952 128 -12.717 -22.952 133 -14.973 -24.255 128 -10.152 -22.5 128
2 24 -3.25 -13.9249 112.19 -3.25 -13.1376 112.732
5 24 -13.678 -10.732 125.5 -13.678 -10.732 127.975 -13.118 -12.083 125.5 -13.678 -9.268 125.5
2 24 -12.083 -6.882 127.975 -10.732 -6.322 127.975
2 24 -10 -26.322 127.975 -9.268 -26.322 127.975
2 24 -10.732 -13.678 127.975 -10 -13.678 127.975
2 24 -9.297 -27.651 128 -8.545 -28.085 128
2 24 -13.472 -35.197 127.975 -11.219 -36.13 127.975
5 24 -10.152 -22.5 128 -10.152 -22.5 133 -12.717 -22.952 128 -7.587 -22.952 128
5 24 -11.219 -16.13 125.5 -11.219 -16.13 127.975 -10 -16.13 125.5 -13.472 -15.197 125.5
2 24 0 -11.768 117.518 0 -10.957 118.06
2 24 -3.25 -17.0964 113.543 -3.25 -16.5703 112.732
5 24 -16.13 -31.219 125.5 -16.13 -31.219 127.975 -15.197 -33.472 125.5 -16.13 -28.781 125.5
2 24 -16.75 -12.5 115.75 -16.75 -12.3097 114.793
5 24 -14.973 -35.745 128 -14.973 -35.745 133 -12.717 -37.048 128 -16.647 -33.75 128
2 24 -10 -2.494 125.5 -3.25 -2.488 125.5
2 24 -20 -40 120 0 -40 120
2 24 -12.083 -26.882 125.5 -10.732 -26.322 125.5
5 24 -8.781 -36.13 125.5 -8.781 -36.13 127.975 -10 -36.13 125.5 -6.528 -35.197 125.5
2 24 -7.917 -33.118 125.5 -6.882 -32.083 125.5
2 24 -16.75 -15.783 112.19 -16.75 -14.8539 112
2 24 -10 -23.87 127.975 -8.781 -23.87 127.975
5 24 -12.717 -2.952 128 -12.717 -2.952 133 -14.973 -4.255 128 -10.152 -2.5 128
5 24 -6.882 -32.083 125.5 -6.882 -32.083 127.975 -7.917 -33.118 125.5 -6.322 -30.732 125.5
2 24 -3.25 -7.67658 113.547 -3.25 -6.86242 112.732
5 24 -20 -15.783 112.19 -16.75 -15.783 112.19 -20 -16.5703 112.732 -20 -14.8539 112
2 24 -16.13 -31.219 127.975 -15.197 -33.472 127.975
2 24 0 -17.5 114.5 0 -17.0964 113.543
2 24 -20 -40 128 0 -40 128
2 24 -9.297 -7.651 133 -8.545 -8.085 133
2 24 -20 -14.8539 112 -20 -13.9249 112.19
2 24 -11.759 -11.915 133 -11.007 -12.349 133
2 24 -17.506 -17.5 125.5 -17.5 -17.5 120
5 24 -12.083 -6.882 125.5 -12.083 -6.882 127.975 -13.118 -7.917 125.5 -10.732 -6.322 125.5
2 24 -11.007 -32.349 133 -10.152 -32.5 133
2 24 -3.657 -6.25 133 -2.766 -8.698 133
2 24 -13.678 -9.268 125.5 -13.118 -7.917 125.5
2 24 -20 -10 118.25 -20 -9.043 118.06
5 24 -9.512 -22.452 120 -9.512 -22.452 125.5 -10 -22.452 120 -8.611 -22.079 120
2 24 -10.488 -22.452 125.5 -10 -22.452 125.5
5 24 -13.472 -4.803 125.5 -13.472 -4.803 127.975 -15.197 -6.528 125.5 -11.219 -3.87 125.5
5 24 -7.917 -33.118 125.5 -7.917 -33.118 127.975 -9.268 -33.678 125.5 -6.882 -32.083 125.5
2 24 -11.007 -12.349 128 -10.152 -12.5 128
5 24 -3.25 -2.5 114.5 0 -2.5 114.5 -3.25 -2.496 120 -3.25 -2.90356 113.543
2 24 -20 -16.5703 112.732 -20 -15.783 112.19
5 24 -11.759 -31.915 128 -11.759 -31.915 133 -11.007 -32.349 128 -12.317 -31.25 128
2 24 -17.538 -31.302 128 -16.647 -33.75 128
2 24 -13.678 -10.732 127.975 -13.118 -12.083 127.975
2 24 -4.803 -26.528 127.975 -3.87 -28.781 127.975
5 24 -13.118 -7.917 125.5 -13.118 -7.917 127.975 -13.678 -9.268 125.5 -12.083 -6.882 125.5
2 24 -6.322 -30.732 127.975 -6.322 -29.268 127.975
5 24 -2.5 -17.5 120 -2.488 -19.375 124.875 -2.5 -20.613 124.875 -2.494 -17.5 125.5
5 24 -16.647 -13.75 128 -16.647 -13.75 133 -14.973 -15.745 128 -17.538 -11.302 128
2 24 -4.803 -6.528 125.5 -3.87 -8.781 125.5
2 24 -13.118 -32.083 127.975 -12.083 -33.118 127.975
2 24 -14.973 -35.745 128 -12.717 -37.048 128
5 24 -20 -4.21703 112.19 -16.75 -4.21703 112.19 -20 -5.14607 112 -20 -3.42972 112.732
5 24 -10.488 -22.452 120 -10.488 -22.452 125.5 -10 -22.452 120 -11.389 -22.079 120
2 24 -8.611 -22.079 120 -7.921 -21.514 120
2 24 -3.657 -13.75 133 -2.766 -11.302 133
2 24 -8.781 -3.87 125.5 -6.528 -4.803 125.5
2 24 -10.152 -12.5 133 -9.297 -12.349 133
2 24 -20 -13.9249 112.19 -20 -13.1376 112.732
2 24 -4.803 -13.472 127.975 -3.87 -11.219 127.975
2 24 -12.083 -33.118 125.5 -10.732 -33.678 125.5
5 24 -20 -7.6903 114.793 -16.75 -7.6903 114.793 -20 -7.92133 114.361 -20 -7.5 115.75
2 24 -12.452 -20.613 124.875 -12.452 -20.613 125.5
2 24 -16.13 -28.781 125.5 -15.197 -26.528 125.5
2 24 -17.538 -8.698 128 -16.647 -6.25 128
5 24 -12.317 -11.25 128 -12.317 -11.25 133 -11.759 -11.915 128 -12.614 -10.434 128
