0 Extensor Abajo    |R:R
0 Name: extenabj.dat
0 Author: betatron & jasolo
0 !LDRAW_ORG Unofficial_Part
0 BFC CERTIFY CCW 
4 16 20 0 7.5 20 0 12.5 20 -5.5 12.5 20 -5.5 7.5
4 16 3.25 -16 5.22993 0 -16 5.22993 0 -15.81 4.31693 3.25 -15.81 4.31693
4 16 19.5868 -8 32.5 20 -8 30 20 -5.5 30 19.5868 -5.5 32.5
4 16 20 0 30 20 0 27.5 17.5 0 27.5 17.5 0 30
4 16 17.66 -5.5 36.58 15 -5.5 38.812 15 -8 38.812 17.66 -8 36.58
4 16 20 -15.268 3.54323 20 -15.81 4.31693 16.75 -15.81 4.31693 16.75 -15.268 3.54323
4 16 2.5 -5.5 30 2.5 0 30 2.80993 0 32.5 2.80993 -5.5 32.5
4 16 0 -15.81 13.8571 3.25 -15.81 13.8571 3.25 -16 14.7701 0 -16 14.7701
4 16 20 -15.268 13.0834 20 -15.81 13.8571 16.75 -15.81 13.8571 16.75 -15.268 13.0834
4 16 20 -15.81 15.6831 20 -15.268 16.4568 16.75 -15.268 16.4568 16.75 -15.81 15.6831
4 16 17.5 0 7.5 20 0 7.5 20 -5.5 7.5 17.5 -5.5 7.5
4 16 3.25 -9.94 9.043 0 -9.94 9.043 0 -10.482 8.232 3.25 -10.482 8.232
4 16 3.25 -13.5 17.5 3.25 -8 17.5 0 -8 17.5 0 -13.5 17.5
4 16 0 -10.482 11.768 0 -9.94 10.957 3.25 -9.94 10.957 3.25 -10.482 11.768
4 16 16.75 -16 14.7701 16.75 -15.81 13.8571 20 -15.81 13.8571 20 -16 14.7701
3 16 7.5 -5.5 2.5 9.043 -5.5 7.69 10 -5.5 7.5
3 16 12.31 -5.5 19.043 12.5 -5.5 20 17.5 -5.5 12.5
4 16 17.5 -5.5 30 17.1901 -5.5 32.5 17.1901 0 32.5 17.5 0 30
4 16 3.25 -15.268 3.54323 0 -15.268 3.54323 0 -14.457 2.90393 3.25 -14.457 2.90393
4 16 17.5 -5.5 7.5 17.5 -5.5 12.5 17.5 0 12.5 17.5 0 7.5
4 16 20 -13.5 2.5 20 -14.457 2.90393 16.75 -14.457 2.90393 16.75 -13.5 2.5
4 16 16.75 -15.81 15.6831 16.75 -16 14.7701 20 -16 14.7701 20 -15.81 15.6831
4 16 3.25 -15.268 16.4568 0 -15.268 16.4568 0 -15.81 15.6831 3.25 -15.81 15.6831
4 16 20 -13.6157 12.0351 20 -14.457 12.4195 16.75 -14.457 12.4195 16.75 -13.6157 12.0351
3 16 0 -13.5 5 0 -14.457 2.90393 0 -15.268 3.54323
3 16 0 -13.5 5 0 -13.5 2.5 0 -14.457 2.90393
3 16 0 -13.5 5 0 -15.268 3.54323 0 -15.81 4.31693
3 16 0 -15.81 4.31693 0 -16 5.22993 0 -13.5 5
3 16 0 -13.5 5 0 -16 5.22993 0 -15.81 6.14292
3 16 0 -13.5 5 0 -15.81 6.14292 0 -15.268 6.91662
3 16 0 -13.5 5 0 -14.457 7.58049 0 -13.6157 7.96494
3 16 0 -13.5 5 0 -15.268 6.91662 0 -14.457 7.58049
3 16 0 -13.5 15 0 -13.6157 12.0351 0 -14.457 12.4195
3 16 0 -13.5 15 0 -14.457 12.4195 0 -15.268 13.0834
3 16 0 -13.5 15 0 -15.268 13.0834 0 -15.81 13.8571
3 16 0 -13.5 15 0 -15.81 13.8571 0 -16 14.7701
3 16 0 -13.5 15 0 -16 14.7701 0 -15.81 15.6831
3 16 0 -13.5 15 0 -15.81 15.6831 0 -15.268 16.4568
3 16 0 -13.5 15 0 -15.268 16.4568 0 -14.457 17.0961
3 16 0 -13.5 15 0 -14.457 17.0961 0 -13.5 17.5
3 16 3.25 -8 17.5 3.25 -11.293 12.31 3.25 -10.482 11.768
4 16 3.25 -12.25 7.5 3.25 -13.5 2.5 3.25 -8 2.5 3.25 -11.293 7.69
3 16 3.25 -14.457 7.58049 3.25 -15.268 6.91662 3.25 -13.2063 7.69001
4 16 3.25 -15.268 6.91662 3.25 -15.268 3.54323 3.25 -14.457 2.90393 3.25 -13.2063 7.69001
4 16 0 -13.5 2.5 3.25 -13.5 2.5 3.25 -14.457 2.90393 0 -14.457 2.90393
4 16 16.75 -11.293 7.69 16.75 -12.25 7.5 20 -12.25 7.5 20 -11.293 7.69
3 16 3.25 -15.81 15.6831 3.25 -15.81 13.8571 3.25 -15.268 16.4568
4 16 3.25 -13.5 17.5 3.25 -12.25 12.5 3.25 -11.293 12.31 3.25 -8 17.5
3 16 3.25 -10.482 8.232 3.25 -11.293 7.69 3.25 -8 2.5
4 16 0 -13.5 2.5 0 -8 2.5 3.25 -8 2.5 3.25 -13.5 2.5
4 16 16.75 -9.75 10 20 -9.75 10 20 -9.94 10.957 16.75 -9.94 10.957
3 16 3.25 -15.268 6.91662 3.25 -15.81 6.14292 3.25 -15.81 4.31693
4 16 3.25 -15.268 13.0834 3.25 -13.2063 12.31 3.25 -14.457 17.0961 3.25 -15.268 16.4568
3 16 3.25 -13.6157 7.96494 3.25 -14.457 7.58049 3.25 -13.2063 7.69001
4 16 3.25 -14.457 17.0961 3.25 -13.2063 12.31 3.25 -12.25 12.5 3.25 -13.5 17.5
3 16 16.75 -13.2063 12.31 16.75 -13.6157 12.0351 16.75 -14.457 12.4195
3 16 16.75 -14.457 12.4195 16.75 -15.268 13.0834 16.75 -13.2063 12.31
3 16 16.75 -10.482 11.768 16.75 -11.293 12.31 16.75 -8 17.5
4 16 16.75 -15.268 3.54323 16.75 -15.268 6.91662 16.75 -13.2063 7.69001 16.75 -14.457 2.90393
3 16 16.75 -8 2.5 16.75 -11.293 7.69 16.75 -10.482 8.232
3 16 16.75 -15.268 13.0834 16.75 -15.81 13.8571 16.75 -15.81 15.6831
3 16 16.75 -16 5.22993 16.75 -15.81 6.14292 16.75 -15.81 4.31693
4 16 16.75 -13.2063 12.31 16.75 -14.457 17.0961 16.75 -13.5 17.5 16.75 -12.25 12.5
4 16 16.75 -13.5 2.5 16.75 -12.25 7.5 16.75 -11.293 7.69 16.75 -8 2.5
4 16 16.75 -12.25 12.5 16.75 -13.5 17.5 16.75 -8 17.5 16.75 -11.293 12.31
4 16 16.75 -13.2063 12.31 16.75 -15.268 13.0834 16.75 -15.268 16.4568 16.75 -14.457 17.0961
3 16 20 -13.5 5 20 -14.457 7.58049 20 -15.268 6.91662
3 16 20 -13.5 5 20 -13.6157 7.96494 20 -14.457 7.58049
3 16 20 -13.5 5 20 -14.457 2.90393 20 -13.5 2.5
3 16 20 -13.5 5 20 -15.268 6.91662 20 -15.81 6.14292
4 16 20 -15.268 6.91662 20 -14.457 7.58049 16.75 -14.457 7.58049 16.75 -15.268 6.91662
3 16 20 -13.5 5 20 -15.81 6.14292 20 -16 5.22993
4 16 20 -15.268 16.4568 20 -14.457 17.0961 16.75 -14.457 17.0961 16.75 -15.268 16.4568
4 16 0 -9.94 10.957 0 -9.75 10 3.25 -9.75 10 3.25 -9.94 10.957
3 16 20 -13.5 5 20 -15.268 3.54323 20 -14.457 2.90393
3 16 20 -13.5 5 20 -15.81 4.31693 20 -15.268 3.54323
3 16 20 -13.5 5 20 -16 5.22993 20 -15.81 4.31693
3 16 20 -13.5 15 20 -13.5 17.5 20 -14.457 17.0961
3 16 20 -13.5 15 20 -14.457 12.4195 20 -13.6157 12.0351
3 16 20 -13.5 15 20 -14.457 17.0961 20 -15.268 16.4568
3 16 20 -13.5 15 20 -15.81 15.6831 20 -16 14.7701
3 16 20 -13.5 15 20 -15.268 16.4568 20 -15.81 15.6831
4 16 3.25 -10.482 8.232 0 -10.482 8.232 0 -11.293 7.69 3.25 -11.293 7.69
3 16 20 -13.5 15 20 -16 14.7701 20 -15.81 13.8571
3 16 20 -13.5 15 20 -15.268 13.0834 20 -14.457 12.4195
3 16 20 -13.5 15 20 -15.81 13.8571 20 -15.268 13.0834
3 16 0 -13.2063 7.69001 0 -12.25 7.5 0 -13.5 5
3 16 0 -13.2063 12.31 0 -13.6157 12.0351 0 -13.5 15
3 16 3.25 -15.81 6.14292 3.25 -16 5.22993 3.25 -15.81 4.31693
4 16 3.25 -14.457 12.4195 0 -14.457 12.4195 0 -13.6157 12.0351 3.25 -13.6157 12.0351
4 16 0 -12.25 12.5 0 -11.293 12.31 3.25 -11.293 12.31 3.25 -12.25 12.5
3 16 3.25 -15.268 13.0834 3.25 -14.457 12.4195 3.25 -13.2063 12.31
3 16 16.75 -14.457 7.58049 16.75 -13.6157 7.96494 16.75 -13.2063 7.69001
3 16 16.75 -15.81 15.6831 16.75 -15.268 16.4568 16.75 -15.268 13.0834
4 16 20 -8 17.5 16.75 -8 17.5 16.75 -13.5 17.5 20 -13.5 17.5
3 16 20 -13.6157 7.96494 20 -13.5 5 20 -13.2063 7.69001
3 16 20 -12.25 12.5 20 -13.5 15 20 -13.2063 12.31
4 16 16.75 -13.6157 7.96494 16.75 -14.457 7.58049 20 -14.457 7.58049 20 -13.6157 7.96494
3 16 0 -12.25 7.5 0 -11.293 7.69 0 -13.5 5
3 16 0 -11.293 12.31 0 -12.25 12.5 0 -13.5 15
4 16 3.25 -11.293 7.69 0 -11.293 7.69 0 -12.25 7.5 3.25 -12.25 7.5
4 16 16.75 -13.2063 7.69001 16.75 -13.6157 7.96494 20 -13.6157 7.96494 20 -13.2063 7.69001
3 16 3.25 -15.81 4.31693 3.25 -15.268 3.54323 3.25 -15.268 6.91662
4 16 3.25 -12.25 7.5 3.25 -13.2063 7.69001 3.25 -14.457 2.90393 3.25 -13.5 2.5
3 16 16.75 -15.268 6.91662 16.75 -14.457 7.58049 16.75 -13.2063 7.69001
4 16 0 -14.457 17.0961 3.25 -14.457 17.0961 3.25 -13.5 17.5 0 -13.5 17.5
4 16 3.25 -13.2063 12.31 0 -13.2063 12.31 0 -12.25 12.5 3.25 -12.25 12.5
3 16 20 -11.293 12.31 20 -13.5 15 20 -12.25 12.5
3 16 20 -13.5 5 20 -11.293 7.69 20 -12.25 7.5
4 16 16.75 -13.2063 12.31 16.75 -12.25 12.5 20 -12.25 12.5 20 -13.2063 12.31
4 16 16.75 -9.94 9.043 16.75 -10.482 8.232 20 -10.482 8.232 20 -9.94 9.043
4 16 3.25 -13.2063 7.69001 0 -13.2063 7.69001 0 -13.6157 7.96494 3.25 -13.6157 7.96494
4 16 9.043 -5.5 12.31 9.043 0 12.31 8.232 0 11.768 8.232 -5.5 11.768
4 16 0 -11.293 12.31 0 -10.482 11.768 3.25 -10.482 11.768 3.25 -11.293 12.31
4 16 11.768 0 8.232 12.31 0 9.043 12.31 -5.5 9.043 11.768 -5.5 8.232
4 16 11.768 0 11.768 10.957 0 12.31 10.957 -5.5 12.31 11.768 -5.5 11.768
4 16 16.75 -11.293 12.31 16.75 -10.482 11.768 20 -10.482 11.768 20 -11.293 12.31
4 16 3.25 -9.75 10 0 -9.75 10 0 -9.94 9.043 3.25 -9.94 9.043
4 16 16.75 -15.268 6.91662 16.75 -15.81 6.14292 20 -15.81 6.14292 20 -15.268 6.91662
4 16 16.75 -9.75 10 16.75 -9.94 9.043 20 -9.94 9.043 20 -9.75 10
4 16 16.75 -11.293 12.31 20 -11.293 12.31 20 -12.25 12.5 16.75 -12.25 12.5
3 16 0 -11.293 7.69 0 -10.482 8.232 0 -8 2.5
3 16 0 -10.482 8.232 0 -9.94 9.043 0 -8 2.5
3 16 0 -8 2.5 0 -9.94 9.043 0 -9.75 10
3 16 0 -13.5 5 0 -11.293 7.69 0 -8 2.5
3 16 0 -13.5 5 0 -8 2.5 0 -13.5 2.5
3 16 0 -9.94 10.957 0 -10.482 11.768 0 -8 17.5
3 16 0 -10.482 11.768 0 -11.293 12.31 0 -8 17.5
3 16 0 -9.75 10 0 -8 17.5 0 -8 2.5
3 16 0 -9.94 10.957 0 -8 17.5 0 -9.75 10
3 16 0 -11.293 12.31 0 -13.5 15 0 -8 17.5
3 16 0 -13.5 15 0 -13.5 17.5 0 -8 17.5
4 16 16.75 -10.482 8.232 16.75 -11.293 7.69 20 -11.293 7.69 20 -10.482 8.232
4 16 0 -5.5 7.5 0 0 7.5 2.5 0 7.5 2.5 -5.5 7.5
3 16 16.75 -9.75 10 16.75 -8 17.5 16.75 -8 2.5
3 16 3.25 -8 17.5 3.25 -9.94 10.957 3.25 -9.75 10
3 16 3.25 -9.94 9.043 3.25 -10.482 8.232 3.25 -8 2.5
3 16 3.25 -8 17.5 3.25 -10.482 11.768 3.25 -9.94 10.957
3 16 3.25 -8 17.5 2.34 -8 36.58 0.603 -8 33.572
4 16 3.25 -8 17.5 0.603 -8 33.572 0.413246 -8 32.5 0 -8 30
3 16 0 -8 17.5 3.25 -8 17.5 0 -8 30
3 16 3.25 -14.457 12.4195 3.25 -13.6157 12.0351 3.25 -13.2063 12.31
3 16 3.25 -8 17.5 3.25 -9.75 10 3.25 -8 2.5
3 16 3.25 -15.81 13.8571 3.25 -15.268 13.0834 3.25 -15.268 16.4568
3 16 3.25 -8 17.5 5 -8 38.812 2.34 -8 36.58
3 16 3.25 -8 17.5 8.264 -8 40 5 -8 38.812
3 16 0 -8 2.5 10 -8 0 3.25 -8 2.5
3 16 3.25 -8 2.5 10 -8 40 3.25 -8 17.5
3 16 0 -8 2.5 0 -8 0 10 -8 0
3 16 3.25 -8 17.5 10 -8 40 8.264 -8 40
3 16 3.25 -8 2.5 10 -8 0 10 -8 40
4 16 16.75 -13.5 2.5 16.75 -14.457 2.90393 16.75 -13.2063 7.69001 16.75 -12.25 7.5
3 16 16.75 -15.81 6.14292 16.75 -15.268 3.54323 16.75 -15.81 4.31693
3 16 16.75 -8 2.5 16.75 -10.482 8.232 16.75 -9.94 9.043
3 16 16.75 -9.94 10.957 16.75 -10.482 11.768 16.75 -8 17.5
3 16 16.75 -9.75 10 16.75 -9.94 10.957 16.75 -8 17.5
3 16 16.75 -8 2.5 16.75 -9.94 9.043 16.75 -9.75 10
3 16 16.75 -8 17.5 11.736 -8 40 10 -8 40
3 16 16.75 -8 17.5 15 -8 38.812 11.736 -8 40
3 16 16.75 -8 2.5 10 -8 40 10 -8 0
3 16 16.75 -8 2.5 16.75 -8 17.5 10 -8 40
3 16 16.75 -15.81 13.8571 16.75 -16 14.7701 16.75 -15.81 15.6831
3 16 16.75 -8 17.5 17.66 -8 36.58 15 -8 38.812
3 16 16.75 -8 17.5 19.397 -8 33.572 17.66 -8 36.58
3 16 20 -8 2.5 10 -8 0 20 -8 0
3 16 20 -8 2.5 16.75 -8 2.5 10 -8 0
4 16 16.75 -8 17.5 20 -8 30 19.5868 -8 32.5 19.397 -8 33.572
3 16 20 -13.5 5 20 -8 2.5 20 -11.293 7.69
4 16 3.25 -13.6157 7.96494 0 -13.6157 7.96494 0 -14.457 7.58049 3.25 -14.457 7.58049
3 16 20 -10.482 8.232 20 -8 2.5 20 -9.94 9.043
3 16 20 -11.293 7.69 20 -8 2.5 20 -10.482 8.232
4 16 20 -14.457 17.0961 20 -13.5 17.5 16.75 -13.5 17.5 16.75 -14.457 17.0961
3 16 20 -13.5 5 20 -13.5 2.5 20 -8 2.5
3 16 20 -13.5 15 20 -8 17.5 20 -13.5 17.5
3 16 20 -10.482 11.768 20 -8 17.5 20 -11.293 12.31
3 16 20 -11.293 12.31 20 -8 17.5 20 -13.5 15
3 16 20 -8 17.5 20 -8 30 16.75 -8 17.5
3 16 20 -9.75 10 20 -8 2.5 20 -8 17.5
3 16 20 -9.94 10.957 20 -9.75 10 20 -8 17.5
3 16 20 -9.94 10.957 20 -8 17.5 20 -10.482 11.768
3 16 20 -8 2.5 20 -9.75 10 20 -9.94 9.043
3 16 0 -8 17.5 0 -5.5 7.5 0 -8 2.5
3 16 0 -8 17.5 0 -5.5 27.5 0 -5.5 12.5
3 16 0 -8 17.5 0 -5.5 12.5 0 -5.5 7.5
3 16 0 -8 2.5 0 -5.5 7.5 0 -5.5 0
3 16 0 -8 2.5 0 -5.5 0 0 -8 0
3 16 0 -8 30 0 -5.5 27.5 0 -8 17.5
4 16 19.397 -8 33.572 19.5868 -8 32.5 19.5868 -5.5 32.5 19.397 -5.5 33.572
4 16 0.603 -8 33.572 0.603 -5.5 33.572 0.413246 -5.5 32.5 0.413246 -8 32.5
4 16 2.5 -5.5 12.5 2.5 0 12.5 0 0 12.5 0 -5.5 12.5
4 16 2.34 -5.5 36.58 2.34 -8 36.58 5 -8 38.812 5 -5.5 38.812
4 16 0 -5.5 27.5 0 0 27.5 2.5 0 27.5 2.5 -5.5 27.5
3 16 0 -5.5 0 0 -5.5 7.5 2.5 -5.5 7.5
3 16 19.5868 -5.5 32.5 17.1901 -5.5 32.5 19.397 -5.5 33.572
4 16 2.5 0 12.5 2.5 -5.5 12.5 2.5 -5.5 7.5 2.5 0 7.5
3 16 0 -5.5 0 7.5 -5.5 2.5 7.5 -5.5 0
3 16 7.5 -5.5 37.2218 2.34 -5.5 36.58 5 -5.5 38.812
3 16 7.5 -5.5 39.722 7.5 -5.5 37.2218 5 -5.5 38.812
3 16 17.5 -5.5 12.5 12.31 -5.5 10.957 11.768 -5.5 11.768
3 16 17.5 -5.5 12.5 11.768 -5.5 11.768 11.768 -5.5 18.232
3 16 7.5 -5.5 0 0 -8 0 0 -5.5 0
4 16 12.5 -5.5 2.5 11.768 -5.5 8.232 17.5 -5.5 7.5 20 -5.5 0
3 16 7.5 -5.5 39.722 5 -5.5 38.812 5 -8 38.812
3 16 7.5 -5.5 37.2218 2.80993 -5.5 32.5 2.34 -5.5 36.58
3 16 12.5 -5.5 20 17.5 -5.5 27.5 20 -5.5 27.5
3 16 9.043 -5.5 22.31 8.232 -5.5 21.768 2.5 -5.5 27.5
3 16 7.69 -5.5 9.043 2.5 -5.5 7.5 7.5 -5.5 10
3 16 12.5 -5.5 20 12.31 -5.5 20.957 17.5 -5.5 27.5
3 16 2.80993 -5.5 32.5 8.264 -5.5 37.5001 11.736 -5.5 37.6392
3 16 12.5 -5.5 2.5 10.957 -5.5 7.69 11.768 -5.5 8.232
3 16 17.5 -5.5 12.5 12.5 -5.5 10 12.31 -5.5 10.957
3 16 2.5 -5.5 30 10 -5.5 22.5 2.5 -5.5 27.5
3 16 8.232 -5.5 11.768 2.5 -5.5 12.5 8.232 -5.5 18.232
3 16 7.69 -5.5 9.043 8.232 -5.5 8.232 2.5 -5.5 7.5
3 16 7.69 -5.5 10.957 2.5 -5.5 12.5 8.232 -5.5 11.768
3 16 2.5 -5.5 30 2.80993 -5.5 32.5 11.736 -5.5 37.6392
3 16 8.264 -5.5 40 5 -8 38.812 8.264 -8 40
3 16 8.264 -5.5 40 7.5 -5.5 39.722 5 -8 38.812
4 16 2.5 -5.5 27.5 2.5 0 27.5 2.5 0 30 2.5 -5.5 30
4 16 19.5868 0 32.5 20 0 30 17.5 0 30 17.1901 0 32.5
3 16 10.957 -5.5 22.31 10 -5.5 22.5 17.5 -5.5 27.5
3 16 9.043 -5.5 7.69 7.5 -5.5 2.5 8.232 -5.5 8.232
4 16 20 0 27.5 20 0 30 20 -5.5 30 20 -5.5 27.5
3 16 7.5 -5.5 0 10 -8 0 0 -8 0
3 16 17.1901 -5.5 32.5 17.5 -5.5 30 11.736 -5.5 37.6392
4 16 11.736 -5.5 40 11.736 0 40 8.264 0 40 8.264 -5.5 40
4 16 10.957 -5.5 12.31 10 -5.5 12.5 10 -5.5 17.5 10.957 -5.5 17.69
3 16 12.5 -5.5 37.2218 17.1901 -5.5 32.5 11.736 -5.5 37.6392
4 16 10 0 22.5 10.957 0 22.31 10.957 0 17.69 10 0 17.5
4 16 8.232 -5.5 18.232 9.043 -5.5 17.69 9.043 -5.5 12.31 8.232 -5.5 11.768
4 16 10 -5.5 12.5 10 0 12.5 9.043 0 12.31 9.043 -5.5 12.31
4 16 0.413246 0 32.5 2.80993 0 32.5 2.5 0 30 0 0 30
4 16 0.413246 -5.5 32.5 0.413246 0 32.5 0 0 30 0 -5.5 30
3 16 12.31 -5.5 19.043 17.5 -5.5 12.5 11.768 -5.5 18.232
3 16 2.5 -5.5 12.5 7.69 -5.5 19.043 8.232 -5.5 18.232
3 16 12.5 -5.5 0 10 -8 0 7.5 -5.5 0
3 16 20 -5.5 12.5 12.5 -5.5 20 20 -5.5 27.5
3 16 2.5 -5.5 27.5 7.5 -5.5 20 0 -5.5 27.5
3 16 12.5 -5.5 39.722 15 -8 38.812 15 -5.5 38.812
3 16 11.736 -5.5 40 15 -8 38.812 12.5 -5.5 39.722
3 16 11.736 -5.5 40 11.736 -8 40 15 -8 38.812
3 16 12.5 -5.5 39.722 15 -5.5 38.812 12.5 -5.5 37.2218
3 16 11.768 -5.5 21.768 10.957 -5.5 22.31 17.5 -5.5 27.5
3 16 10 -5.5 22.5 9.043 -5.5 22.31 2.5 -5.5 27.5
4 16 2.5 -5.5 7.5 8.232 -5.5 8.232 7.5 -5.5 2.5 0 -5.5 0
3 16 17.1901 -5.5 32.5 12.5 -5.5 37.2218 17.66 -5.5 36.58
4 16 10.957 -5.5 12.31 10.957 -5.5 17.69 11.768 -5.5 18.232 11.768 -5.5 11.768
3 16 7.69 -5.5 20.957 7.5 -5.5 20 2.5 -5.5 27.5
3 16 7.5 -5.5 20 7.69 -5.5 19.043 2.5 -5.5 12.5
3 16 10 -5.5 22.5 17.5 -5.5 30 17.5 -5.5 27.5
3 16 12.5 -5.5 20 20 -5.5 12.5 17.5 -5.5 12.5
3 16 12.31 -5.5 9.043 17.5 -5.5 7.5 11.768 -5.5 8.232
4 16 7.5 -5.5 10 7.5 0 10 7.69 0 9.043 7.69 -5.5 9.043
3 16 12.5 -5.5 37.2218 15 -5.5 38.812 17.66 -5.5 36.58
4 16 3.25 -15.268 6.91662 0 -15.268 6.91662 0 -15.81 6.14292 3.25 -15.81 6.14292
3 16 19.397 -5.5 33.572 17.1901 -5.5 32.5 17.66 -5.5 36.58
3 16 20 -8 17.5 20 -5.5 12.5 20 -5.5 27.5
3 16 20 -5.5 0 17.5 -5.5 7.5 20 -5.5 7.5
3 16 20 -5.5 27.5 20 -5.5 30 20 -8 30
4 16 17.66 -8 36.58 19.397 -8 33.572 19.397 -5.5 33.572 17.66 -5.5 36.58
3 16 20 -5.5 0 12.5 -5.5 0 12.5 -5.5 2.5
3 16 20 -8 17.5 20 -8 2.5 20 -5.5 7.5
4 16 17.5 -5.5 27.5 17.5 -5.5 30 17.5 0 30 17.5 0 27.5
3 16 0 -5.5 27.5 0 -8 30 0 -5.5 30
3 16 12.31 -5.5 20.957 11.768 -5.5 21.768 17.5 -5.5 27.5
3 16 0 -5.5 12.5 7.5 -5.5 20 2.5 -5.5 12.5
3 16 2.80993 -5.5 32.5 0.603 -5.5 33.572 2.34 -5.5 36.58
3 16 20 -8 30 20 -8 17.5 20 -5.5 27.5
3 16 12.5 -5.5 0 20 -8 0 10 -8 0
3 16 12.5 -5.5 0 20 -5.5 0 20 -8 0
3 16 20 -8 2.5 20 -5.5 0 20 -5.5 7.5
4 16 3.25 -14.457 17.0961 0 -14.457 17.0961 0 -15.268 16.4568 3.25 -15.268 16.4568
3 16 20 -8 17.5 20 -5.5 7.5 20 -5.5 12.5
3 16 20 -8 2.5 20 -8 0 20 -5.5 0
4 16 8.264 0 37.5001 8.264 -5.5 37.5001 7.5 -5.5 37.2218 7.5 0 37.2218
4 16 20 0 30 19.5868 0 32.5 19.5868 -5.5 32.5 20 -5.5 30
4 16 11.768 0 21.768 10.957 0 22.31 10.957 -5.5 22.31 11.768 -5.5 21.768
4 16 3.25 -15.81 13.8571 0 -15.81 13.8571 0 -15.268 13.0834 3.25 -15.268 13.0834
3 16 10.957 0 7.69 12.5 0 10 11.768 0 8.232
4 16 7.69 -5.5 9.043 7.69 0 9.043 8.232 0 8.232 8.232 -5.5 8.232
4 16 7.69 -5.5 19.043 7.69 0 19.043 8.232 0 18.232 8.232 -5.5 18.232
4 16 10 -5.5 22.5 10 0 22.5 9.043 0 22.31 9.043 -5.5 22.31
4 16 16.75 -15.268 13.0834 16.75 -14.457 12.4195 20 -14.457 12.4195 20 -15.268 13.0834
3 16 12.5 0 10 12.31 0 9.043 11.768 0 8.232
3 16 7.5 0 10 9.043 0 7.69 8.232 0 8.232
4 16 3.25 -15.268 13.0834 0 -15.268 13.0834 0 -14.457 12.4195 3.25 -14.457 12.4195
3 16 2.80993 -5.5 32.5 0.413246 -5.5 32.5 0.603 -5.5 33.572
3 16 12.31 0 10.957 12.5 0 10 11.768 0 11.768
4 16 19.5868 0 32.5 17.1901 0 32.5 17.1901 -5.5 32.5 19.5868 -5.5 32.5
4 16 0 -16 14.7701 3.25 -16 14.7701 3.25 -15.81 15.6831 0 -15.81 15.6831
4 16 8.232 0 18.232 9.043 0 17.69 9.043 -5.5 17.69 8.232 -5.5 18.232
4 16 8.232 -5.5 11.768 8.232 0 11.768 7.69 0 10.957 7.69 -5.5 10.957
4 16 16.75 -8 2.5 20 -8 2.5 20 -13.5 2.5 16.75 -13.5 2.5
3 16 10.957 0 17.69 12.5 0 20 11.768 0 18.232
4 16 12.31 0 9.043 12.5 0 10 12.5 -5.5 10 12.31 -5.5 9.043
4 16 12.5 0 10 12.31 0 10.957 12.31 -5.5 10.957 12.5 -5.5 10
4 16 3.25 -15.81 4.31693 0 -15.81 4.31693 0 -15.268 3.54323 3.25 -15.268 3.54323
4 16 17.5 -5.5 30 10 -5.5 22.5 2.5 -5.5 30 11.736 -5.5 37.6392
4 16 10.957 0 12.31 10 0 12.5 10 -5.5 12.5 10.957 -5.5 12.31
3 16 7.5 0 10 7.69 0 10.957 8.232 0 11.768
4 16 9.043 0 7.69 9.043 -5.5 7.69 8.232 -5.5 8.232 8.232 0 8.232
3 16 12.5 0 20 12.31 0 19.043 11.768 0 18.232
3 16 7.5 0 20 7.69 0 20.957 8.232 0 21.768
4 16 10.957 -5.5 17.69 10.957 0 17.69 11.768 0 18.232 11.768 -5.5 18.232
3 16 12.31 0 20.957 12.5 0 20 11.768 0 21.768
4 16 17.5 0 7.5 17.5 0 12.5 20 0 12.5 20 0 7.5
3 16 7.5 -5.5 20 0 -5.5 12.5 0 -5.5 27.5
4 16 16.75 -16 5.22993 16.75 -15.81 4.31693 20 -15.81 4.31693 20 -16 5.22993
4 16 12.31 0 10.957 11.768 0 11.768 11.768 -5.5 11.768 12.31 -5.5 10.957
4 16 0 -5.5 12.5 0 0 12.5 0 0 7.5 0 -5.5 7.5
4 16 7.5 -5.5 2.5 7.5 0 2.5 7.5 0 0 7.5 -5.5 0
4 16 7.69 -5.5 10.957 7.69 0 10.957 7.5 0 10 7.5 -5.5 10
4 16 10 0 17.5 10 -5.5 17.5 9.043 -5.5 17.69 9.043 0 17.69
4 16 11.736 -8 40 11.736 -5.5 40 8.264 -5.5 40 10 -8 40
4 16 20 0 12.5 17.5 0 12.5 17.5 -5.5 12.5 20 -5.5 12.5
4 16 2.80993 -5.5 32.5 2.80993 0 32.5 0.413246 0 32.5 0.413246 -5.5 32.5
4 16 0 0 12.5 2.5 0 12.5 2.5 0 7.5 0 0 7.5
4 16 0 -15.81 6.14292 0 -16 5.22993 3.25 -16 5.22993 3.25 -15.81 6.14292
4 16 17.5 0 27.5 20 0 27.5 20 -5.5 27.5 17.5 -5.5 27.5
4 16 0 -15.268 6.91662 3.25 -15.268 6.91662 3.25 -14.457 7.58049 0 -14.457 7.58049
4 16 20 -14.457 2.90393 20 -15.268 3.54323 16.75 -15.268 3.54323 16.75 -14.457 2.90393
4 16 12.5 0 20 12.31 0 20.957 12.31 -5.5 20.957 12.5 -5.5 20
4 16 12.5 0 37.2218 12.5 0 39.722 12.5 -5.5 39.722 12.5 -5.5 37.2218
4 16 12.5 -5.5 39.722 12.5 0 39.722 11.736 0 40 11.736 -5.5 40
3 16 7.69 0 9.043 7.5 0 10 8.232 0 8.232
4 16 0.413246 -8 32.5 0.413246 -5.5 32.5 0 -5.5 30 0 -8 30
4 16 7.69 -5.5 20.957 7.69 0 20.957 7.5 0 20 7.5 -5.5 20
4 16 10.957 -5.5 7.69 10 -5.5 7.5 10 0 7.5 10.957 0 7.69
4 16 7.5 0 0 7.5 0 2.5 12.5 0 2.5 12.5 0 0
3 16 12.5 0 10 10.957 0 12.31 11.768 0 11.768
4 16 8.232 -5.5 21.768 8.232 0 21.768 7.69 0 20.957 7.69 -5.5 20.957
3 16 12.5 0 10 10.957 0 7.69 10.957 0 12.31
4 16 0 -5.5 30 0 0 30 0 0 27.5 0 -5.5 27.5
4 16 16.75 -10.482 11.768 16.75 -9.94 10.957 20 -9.94 10.957 20 -10.482 11.768
3 16 9.043 0 7.69 7.5 0 10 9.043 0 12.31
3 16 9.043 0 12.31 7.5 0 10 8.232 0 11.768
4 16 10.957 0 22.31 10 0 22.5 10 -5.5 22.5 10.957 -5.5 22.31
4 16 10 0 12.5 10.957 0 12.31 10.957 0 7.69 10 0 7.5
4 16 7.5 -5.5 20 7.5 0 20 7.69 0 19.043 7.69 -5.5 19.043
4 16 2.34 -8 36.58 2.34 -5.5 36.58 0.603 -5.5 33.572 0.603 -8 33.572
4 16 0 0 30 2.5 0 30 2.5 0 27.5 0 0 27.5
4 16 7.5 -5.5 2.5 10 -5.5 7.5 10.957 -5.5 7.69 12.5 -5.5 2.5
4 16 2.5 -5.5 12.5 7.69 -5.5 10.957 7.5 -5.5 10 2.5 -5.5 7.5
4 16 10.957 0 7.69 11.768 0 8.232 11.768 -5.5 8.232 10.957 -5.5 7.69
3 16 7.5 0 20 9.043 0 17.69 8.232 0 18.232
4 16 20 -16 5.22993 20 -15.81 6.14292 16.75 -15.81 6.14292 16.75 -16 5.22993
4 16 11.768 0 18.232 12.31 0 19.043 12.31 -5.5 19.043 11.768 -5.5 18.232
4 16 9.043 -5.5 22.31 9.043 0 22.31 8.232 0 21.768 8.232 -5.5 21.768
4 16 12.5 0 0 12.5 0 2.5 12.5 -5.5 2.5 12.5 -5.5 0
3 16 7.69 0 19.043 7.5 0 20 8.232 0 18.232
4 16 12.31 0 19.043 12.5 0 20 12.5 -5.5 20 12.31 -5.5 19.043
4 16 7.5 0 0 12.5 0 0 12.5 -5.5 0 7.5 -5.5 0
4 16 10 0 22.5 10 0 17.5 9.043 0 17.69 9.043 0 22.31
4 16 10 0 7.5 10 -5.5 7.5 9.043 -5.5 7.69 9.043 0 7.69
3 16 12.5 0 20 10.957 0 22.31 11.768 0 21.768
4 16 12.31 0 20.957 11.768 0 21.768 11.768 -5.5 21.768 12.31 -5.5 20.957
3 16 12.5 0 20 10.957 0 17.69 10.957 0 22.31
3 16 8.264 -5.5 40 8.264 -8 40 10 -8 40
3 16 9.043 0 17.69 7.5 0 20 9.043 0 22.31
3 16 9.043 0 22.31 7.5 0 20 8.232 0 21.768
4 16 12.5 0 2.5 7.5 0 2.5 7.5 -5.5 2.5 12.5 -5.5 2.5
3 16 8.232 -5.5 21.768 7.69 -5.5 20.957 2.5 -5.5 27.5
4 16 8.264 0 40 7.5 0 39.722 7.5 -5.5 39.722 8.264 -5.5 40
4 16 7.5 -5.5 39.722 7.5 0 39.722 7.5 0 37.2218 7.5 -5.5 37.2218
4 16 8.264 0 37.5001 7.5 0 37.2218 7.5 0 39.722 8.264 0 40
4 16 10 0 17.5 10.957 0 17.69 10.957 -5.5 17.69 10 -5.5 17.5
4 16 12.5 0 37.2218 11.736 0 37.6392 11.736 0 40 12.5 0 39.722
4 16 10 0 12.5 10 0 7.5 9.043 0 7.69 9.043 0 12.31
4 16 12.5 -5.5 37.2218 11.736 -5.5 37.6392 11.736 0 37.6392 12.5 0 37.2218
4 16 9.043 -5.5 12.31 9.043 -5.5 17.69 10 -5.5 17.5 10 -5.5 12.5
4 16 17.5 -5.5 12.5 17.5 -5.5 7.5 12.31 -5.5 9.043 12.5 -5.5 10
4 16 11.736 0 37.6392 11.736 -5.5 37.6392 8.264 -5.5 37.5001 8.264 0 37.5001
3 16 2.80993 -5.5 32.5 7.5 -5.5 37.2218 8.264 -5.5 37.5001
4 16 11.736 0 40 11.736 0 37.6392 8.264 0 37.5001 8.264 0 40
4 16 3.25 -12.25 7.5 0 -12.25 7.5 0 -13.2063 7.69001 3.25 -13.2063 7.69001
4 16 16.75 -12.25 7.5 16.75 -13.2063 7.69001 20 -13.2063 7.69001 20 -12.25 7.5
3 16 20 -13.5 5 20 -12.25 7.5 20 -13.2063 7.69001
3 16 3.25 -15.81 15.6831 3.25 -16 14.7701 3.25 -15.81 13.8571
3 16 0 -13.6157 7.96494 0 -13.2063 7.69001 0 -13.5 5
4 16 16.75 -13.6157 12.0351 16.75 -13.2063 12.31 20 -13.2063 12.31 20 -13.6157 12.0351
4 16 3.25 -13.6157 12.0351 0 -13.6157 12.0351 0 -13.2063 12.31 3.25 -13.2063 12.31
3 16 20 -13.5 15 20 -13.6157 12.0351 20 -13.2063 12.31
3 16 16.75 -15.81 6.14292 16.75 -15.268 6.91662 16.75 -15.268 3.54323
3 16 0 -12.25 12.5 0 -13.2063 12.31 0 -13.5 15
3 16 3.25 -9.75 10 3.25 -9.94 9.043 3.25 -8 2.5
2 24 0 -12.25 12.5 0 -11.293 12.31
2 24 0 -10.482 11.768 0 -9.94 10.957
5 24 16.75 -16 5.22993 20 -16 5.22993 16.75 -15.81 4.31693 16.75 -15.81 6.14292
2 24 10 -8 0 20 -8 0
2 24 20 -9.94 9.043 20 -9.75 10
2 24 16.75 -10.482 11.768 16.75 -9.94 10.957
2 24 3.25 -14.457 2.90393 3.25 -13.5 2.5
2 24 16.75 -13.5 2.5 16.75 -8 2.5
2 24 7.5 -5.5 10 7.69 -5.5 9.043
5 24 7.5 -5.5 20 7.5 0 20 7.69 -5.5 20.957 7.69 -5.5 19.043
2 24 0 -16 5.22993 0 -15.81 4.31693
2 24 3.25 -13.2063 7.69001 3.25 -12.25 7.5
2 24 17.5 0 27.5 17.5 0 30
5 24 9.043 -5.5 7.69 9.043 0 7.69 8.232 -5.5 8.232 10 -5.5 7.5
2 24 7.5 -5.5 10 7.69 -5.5 10.957
2 24 20 -16 5.22993 20 -15.81 6.14292
5 24 0 -16 5.22993 3.25 -16 5.22993 0 -15.81 4.31693 0 -15.81 6.14292
5 24 7.69 -5.5 19.043 7.69 0 19.043 8.232 -5.5 18.232 7.5 -5.5 20
2 24 17.1901 0 32.5 19.5868 0 32.5
2 24 3.25 -12.25 7.5 3.25 -11.293 7.69
2 24 20 -13.2063 7.69001 20 -12.25 7.5
2 24 17.66 -5.5 36.58 19.397 -5.5 33.572
2 24 7.69 -5.5 20.957 8.232 -5.5 21.768
2 24 20 -8 0 20 -8 2.5
2 24 0 -13.2063 12.31 0 -12.25 12.5
2 24 17.5 -5.5 7.5 17.5 0 7.5
2 24 0 -14.457 17.0961 0 -13.5 17.5
2 24 16.75 -9.94 9.043 16.75 -9.75 10
5 24 16.75 -16 14.7701 20 -16 14.7701 16.75 -15.81 13.8571 16.75 -15.81 15.6831
5 24 10 -5.5 22.5 10 0 22.5 9.043 -5.5 22.31 10.957 -5.5 22.31
5 24 16.75 -13.5 2.5 20 -13.5 2.5 16.75 -14.457 2.90393 16.75 -8 2.5
2 24 0.603 -5.5 33.572 2.34 -5.5 36.58
2 24 3.25 -9.94 9.043 3.25 -9.75 10
2 24 11.768 -5.5 8.232 12.31 -5.5 9.043
2 24 15 -8 38.812 17.66 -8 36.58
2 24 11.768 -5.5 11.768 12.31 -5.5 10.957
5 24 8.264 -5.5 37.5001 8.264 0 37.5001 7.5 -5.5 37.2218 11.736 -5.5 37.6392
2 24 7.69 0 9.043 8.232 0 8.232
2 24 20 -13.5 17.5 20 -8 17.5
2 24 2.5 -5.5 12.5 2.5 0 12.5
5 24 9.043 -5.5 22.31 9.043 0 22.31 10 -5.5 22.5 8.232 -5.5 21.768
5 24 16.75 -9.75 10 20 -9.75 10 16.75 -9.94 10.957 16.75 -9.94 9.043
5 24 7.5 -5.5 10 7.5 0 10 7.69 -5.5 9.043 7.69 -5.5 10.957
5 24 0 -15.81 15.6831 3.25 -15.81 15.6831 0 -15.268 16.4568 0 -16 14.7701
5 24 10 -5.5 7.5 10 0 7.5 10.957 -5.5 7.69 9.043 -5.5 7.69
2 24 20 -16 14.7701 20 -15.81 13.8571
2 24 19.397 -8 33.572 19.5868 -8 32.5
2 24 7.5 -5.5 39.722 7.5 0 39.722
2 24 3.25 -15.268 16.4568 3.25 -14.457 17.0961
2 24 0 -11.293 12.31 0 -10.482 11.768
2 24 3.25 -10.482 8.232 3.25 -9.94 9.043
5 24 16.75 -14.457 12.4195 20 -14.457 12.4195 16.75 -13.6157 12.0351 16.75 -15.268 13.0834
2 24 16.75 -12.25 7.5 16.75 -11.293 7.69
2 24 10.957 0 12.31 11.768 0 11.768
5 24 12.31 -5.5 20.957 12.31 0 20.957 12.5 -5.5 20 11.768 -5.5 21.768
2 24 16.75 -15.81 4.31693 16.75 -15.268 3.54323
5 24 8.232 -5.5 8.232 8.232 0 8.232 7.69 -5.5 9.043 9.043 -5.5 7.69
5 24 20 -8 30 20 -5.5 30 19.5868 -8 32.5 20 -5.5 27.5
2 24 3.25 -15.81 13.8571 3.25 -15.268 13.0834
2 24 3.25 -14.457 17.0961 3.25 -13.5 17.5
5 24 16.75 -10.482 11.768 20 -10.482 11.768 16.75 -11.293 12.31 16.75 -9.94 10.957
2 24 19.397 -5.5 33.572 19.5868 -5.5 32.5
5 24 0.413246 -8 32.5 0.413246 -5.5 32.5 0.603 -8 33.572 0 -8 30
5 24 0 -15.81 6.14292 3.25 -15.81 6.14292 0 -15.268 6.91662 0 -16 5.22993
2 24 12.31 0 19.043 12.5 0 20
2 24 10.957 0 17.69 11.768 0 18.232
2 24 7.5 0 0 12.5 0 0
5 24 0 -14.457 7.58049 3.25 -14.457 7.58049 0 -13.6157 7.96494 0 -15.268 6.91662
2 24 20 -12.25 12.5 20 -11.293 12.31
2 24 8.232 0 21.768 9.043 0 22.31
2 24 17.5 -5.5 7.5 17.5 -5.5 12.5
2 24 20 -15.81 4.31693 20 -15.268 3.54323
5 24 19.397 -8 33.572 19.397 -5.5 33.572 19.5868 -8 32.5 17.66 -8 36.58
2 24 20 -5.5 27.5 20 0 27.5
2 24 12.5 -5.5 37.2218 12.5 0 37.2218
2 24 7.69 0 10.957 8.232 0 11.768
2 24 9.043 0 7.69 10 0 7.5
2 24 20 0 7.5 20 0 12.5
2 24 17.5 -5.5 27.5 17.5 -5.5 30
2 24 10 -8 40 11.736 -8 40
2 24 5 -5.5 38.812 7.5 -5.5 39.722
5 24 16.75 -11.293 7.69 20 -11.293 7.69 16.75 -12.25 7.5 16.75 -10.482 8.232
2 24 0 -14.457 12.4195 0 -13.6157 12.0351
5 24 10 -5.5 17.5 10 0 17.5 9.043 -5.5 17.69 10.957 -5.5 17.69
2 24 3.25 -13.6157 12.0351 3.25 -13.2063 12.31
2 24 19.5868 -5.5 32.5 19.5868 0 32.5
2 24 0 -11.293 7.69 0 -10.482 8.232
2 24 3.25 -15.268 3.54323 3.25 -14.457 2.90393
2 24 0 -16 14.7701 0 -15.81 13.8571
2 24 11.768 0 8.232 12.31 0 9.043
2 24 3.25 -12.25 12.5 3.25 -11.293 12.31
2 24 8.232 -5.5 8.232 9.043 -5.5 7.69
2 24 16.75 -8 2.5 16.75 -8 17.5
2 24 0 -5.5 0 0 -5.5 7.5
2 24 3.25 -9.94 10.957 3.25 -9.75 10
2 24 3.25 -14.457 12.4195 3.25 -13.6157 12.0351
2 24 17.5 -5.5 7.5 20 -5.5 7.5
5 24 16.75 -9.94 10.957 20 -9.94 10.957 16.75 -9.75 10 16.75 -10.482 11.768
2 24 5 -8 38.812 8.264 -8 40
2 24 17.5 0 7.5 20 0 7.5
2 24 20 -15.268 13.0834 20 -14.457 12.4195
5 24 16.75 -9.94 9.043 20 -9.94 9.043 16.75 -10.482 8.232 16.75 -9.75 10
2 24 10 0 22.5 10.957 0 22.31
5 24 8.232 -5.5 11.768 8.232 0 11.768 9.043 -5.5 12.31 7.69 -5.5 10.957
2 24 3.25 -16 5.22993 3.25 -15.81 4.31693
5 24 5 -8 38.812 5 -5.5 38.812 2.34 -8 36.58 7.5 -5.5 39.722
2 24 7.5 -5.5 37.2218 8.264 -5.5 37.5001
2 24 0.603 -8 33.572 2.34 -8 36.58
2 24 0.413246 -5.5 32.5 0.413246 0 32.5
2 24 12.5 -5.5 2.5 12.5 0 2.5
2 24 17.5 0 27.5 20 0 27.5
2 24 8.232 0 8.232 9.043 0 7.69
5 24 11.736 -5.5 40 11.736 0 40 8.264 -5.5 40 12.5 -5.5 39.722
5 24 19.5868 -8 32.5 19.5868 -5.5 32.5 20 -8 30 19.397 -8 33.572
2 24 3.25 -16 14.7701 3.25 -15.81 13.8571
2 24 2.5 -5.5 7.5 2.5 -5.5 12.5
2 24 0 -5.5 7.5 0 0 7.5
2 24 2.34 -5.5 36.58 5 -5.5 38.812
2 24 0 -5.5 12.5 2.5 -5.5 12.5
2 24 11.736 -5.5 37.6392 12.5 -5.5 37.2218
2 24 7.5 -5.5 20 7.69 -5.5 19.043
5 24 11.768 -5.5 8.232 11.768 0 8.232 12.31 -5.5 9.043 10.957 -5.5 7.69
2 24 20 -13.6157 7.96494 20 -13.2063 7.69001
2 24 0 -5.5 27.5 2.5 -5.5 27.5
2 24 10.957 -5.5 7.69 11.768 -5.5 8.232
2 24 12.5 0 0 12.5 0 2.5
5 24 10.957 -5.5 17.69 10.957 0 17.69 11.768 -5.5 18.232 10 -5.5 17.5
2 24 9.043 -5.5 17.69 10 -5.5 17.5
2 24 16.75 -13.6157 7.96494 16.75 -13.2063 7.69001
2 24 19.5868 0 32.5 20 0 30
2 24 12.5 -5.5 0 12.5 0 0
2 24 3.25 -10.482 11.768 3.25 -9.94 10.957
2 24 0 -8 0 0 -8 2.5
2 24 0.413246 -5.5 32.5 0.603 -5.5 33.572
2 24 0 -9.94 10.957 0 -9.75 10
5 24 16.75 -12.25 7.5 20 -12.25 7.5 16.75 -11.293 7.69 16.75 -13.2063 7.69001
2 24 16.75 -16 5.22993 16.75 -15.81 4.31693
5 24 7.69 -5.5 10.957 7.69 0 10.957 8.232 -5.5 11.768 7.5 -5.5 10
2 24 17.5 -5.5 12.5 17.5 0 12.5
2 24 12.31 -5.5 10.957 12.5 -5.5 10
2 24 17.1901 -5.5 32.5 17.1901 0 32.5
2 24 0 0 7.5 2.5 0 7.5
2 24 10.957 0 22.31 11.768 0 21.768
2 24 20 -15.268 16.4568 20 -14.457 17.0961
2 24 12.31 0 20.957 12.5 0 20
2 24 7.5 -5.5 2.5 12.5 -5.5 2.5
2 24 11.768 0 11.768 12.31 0 10.957
2 24 8.264 0 40 11.736 0 40
5 24 16.75 -13.2063 7.69001 20 -13.2063 7.69001 16.75 -13.6157 7.96494 16.75 -12.25 7.5
2 24 10 -5.5 22.5 10.957 -5.5 22.31
2 24 3.25 -8 2.5 3.25 -8 17.5
2 24 16.75 -15.268 3.54323 16.75 -14.457 2.90393
2 24 0 -15.81 4.31693 0 -15.268 3.54323
2 24 7.5 -5.5 0 7.5 -5.5 2.5
2 24 0 0 27.5 0 0 30
2 24 16.75 -16 5.22993 16.75 -15.81 6.14292
2 24 16.75 -14.457 7.58049 16.75 -13.6157 7.96494
5 24 0 -13.5 2.5 3.25 -13.5 2.5 0 -14.457 2.90393 0 -8 2.5
2 24 2.34 -8 36.58 5 -8 38.812
2 24 12.5 0 37.2218 12.5 0 39.722
2 24 3.25 -16 5.22993 3.25 -15.81 6.14292
2 24 2.5 -5.5 27.5 2.5 0 27.5
2 24 12.5 -5.5 39.722 15 -5.5 38.812
2 24 0 -16 5.22993 0 -15.81 6.14292
2 24 0 -15.81 6.14292 0 -15.268 6.91662
5 24 10.957 -5.5 22.31 10.957 0 22.31 11.768 -5.5 21.768 10 -5.5 22.5
2 24 2.5 -5.5 30 2.80993 -5.5 32.5
2 24 10 0 17.5 10.957 0 17.69
2 24 17.5 0 12.5 20 0 12.5
2 24 8.264 -8 40 10 -8 40
5 24 0 -15.81 4.31693 3.25 -15.81 4.31693 0 -16 5.22993 0 -15.268 3.54323
5 24 0 -13.2063 12.31 3.25 -13.2063 12.31 0 -12.25 12.5 0 -13.6157 12.0351
2 24 9.043 0 12.31 10 0 12.5
2 24 20 -14.457 17.0961 20 -13.5 17.5
2 24 16.75 -10.482 8.232 16.75 -9.94 9.043
2 24 12.5 -5.5 37.2218 12.5 -5.5 39.722
2 24 17.1901 -5.5 32.5 19.5868 -5.5 32.5
2 24 9.043 -5.5 22.31 10 -5.5 22.5
2 24 0 -8 17.5 3.25 -8 17.5
2 24 20 -5.5 7.5 20 0 7.5
2 24 16.75 -15.268 16.4568 16.75 -14.457 17.0961
2 24 12.31 -5.5 19.043 12.5 -5.5 20
2 24 20 -14.457 12.4195 20 -13.6157 12.0351
2 24 20 -11.293 12.31 20 -10.482 11.768
2 24 2.5 0 30 2.80993 0 32.5
2 24 0 -15.81 13.8571 0 -15.268 13.0834
2 24 3.25 -15.81 6.14292 3.25 -15.268 6.91662
2 24 0 -13.5 2.5 0 -8 2.5
5 24 0 -9.75 10 3.25 -9.75 10 0 -9.94 10.957 0 -9.94 9.043
2 24 0 -13.6157 12.0351 0 -13.2063 12.31
2 24 20 -8 17.5 20 -8 30
2 24 7.5 -5.5 2.5 7.5 0 2.5
2 24 0 -16 14.7701 0 -15.81 15.6831
2 24 8.264 -5.5 37.5001 11.736 -5.5 37.6392
2 24 15 -5.5 38.812 17.66 -5.5 36.58
2 24 11.736 0 37.6392 12.5 0 37.2218
5 24 16.75 -11.293 12.31 20 -11.293 12.31 16.75 -10.482 11.768 16.75 -12.25 12.5
2 24 8.232 0 11.768 9.043 0 12.31
2 24 20 -16 5.22993 20 -15.81 4.31693
2 24 11.736 -8 40 15 -8 38.812
2 24 16.75 -13.6157 12.0351 16.75 -13.2063 12.31
2 24 20 -15.81 13.8571 20 -15.268 13.0834
2 24 10.957 -5.5 22.31 11.768 -5.5 21.768
5 24 16.75 -15.268 6.91662 20 -15.268 6.91662 16.75 -14.457 7.58049 16.75 -15.81 6.14292
2 24 16.75 -13.2063 12.31 16.75 -12.25 12.5
2 24 10 -5.5 7.5 10.957 -5.5 7.69
2 24 0 -5.5 12.5 0 0 12.5
2 24 16.75 -15.268 13.0834 16.75 -14.457 12.4195
5 24 11.736 -8 40 11.736 -5.5 40 15 -8 38.812 10 -8 40
2 24 7.5 -5.5 0 7.5 0 0
5 24 9.043 -5.5 12.31 9.043 0 12.31 8.232 -5.5 11.768 10 -5.5 12.5
2 24 16.75 -9.94 10.957 16.75 -9.75 10
2 24 3.25 -15.81 15.6831 3.25 -15.268 16.4568
5 24 11.768 -5.5 21.768 11.768 0 21.768 10.957 -5.5 22.31 12.31 -5.5 20.957
2 24 16.75 -8 2.5 20 -8 2.5
5 24 17.66 -8 36.58 17.66 -5.5 36.58 15 -8 38.812 19.397 -8 33.572
2 24 0.413246 -8 32.5 0.603 -8 33.572
2 24 0 -5.5 27.5 0 0 27.5
2 24 16.75 -12.25 12.5 16.75 -11.293 12.31
2 24 16.75 -14.457 2.90393 16.75 -13.5 2.5
2 24 17.5 -5.5 27.5 20 -5.5 27.5
5 24 0 -16 14.7701 3.25 -16 14.7701 0 -15.81 13.8571 0 -15.81 15.6831
2 24 8.232 -5.5 11.768 9.043 -5.5 12.31
2 24 20 -15.81 6.14292 20 -15.268 6.91662
2 24 7.5 0 20 7.69 0 20.957
5 24 16.75 -15.268 3.54323 20 -15.268 3.54323 16.75 -15.81 4.31693 16.75 -14.457 2.90393
2 24 9.043 -5.5 7.69 10 -5.5 7.5
2 24 17.5 0 7.5 17.5 0 12.5
2 24 0 -13.2063 7.69001 0 -12.25 7.5
2 24 8.264 0 37.5001 11.736 0 37.6392
2 24 20 -15.81 15.6831 20 -15.268 16.4568
2 24 20 -13.6157 12.0351 20 -13.2063 12.31
2 24 7.5 0 10 7.69 0 9.043
5 24 7.69 -5.5 20.957 7.69 0 20.957 7.5 -5.5 20 8.232 -5.5 21.768
5 24 0 -12.25 12.5 3.25 -12.25 12.5 0 -11.293 12.31 0 -13.2063 12.31
2 24 0 -15.268 13.0834 0 -14.457 12.4195
5 24 16.75 -10.482 8.232 20 -10.482 8.232 16.75 -9.94 9.043 16.75 -11.293 7.69
2 24 16.75 -15.81 13.8571 16.75 -15.268 13.0834
5 24 0 -9.94 9.043 3.25 -9.94 9.043 0 -10.482 8.232 0 -9.75 10
2 24 12.5 -5.5 0 20 -5.5 0
2 24 17.1901 0 32.5 17.5 0 30
2 24 17.1901 -5.5 32.5 17.5 -5.5 30
2 24 3.25 -13.2063 12.31 3.25 -12.25 12.5
5 24 12.31 -5.5 19.043 12.31 0 19.043 11.768 -5.5 18.232 12.5 -5.5 20
2 24 7.5 0 2.5 12.5 0 2.5
5 24 0 -14.457 12.4195 3.25 -14.457 12.4195 0 -13.6157 12.0351 0 -15.268 13.0834
5 24 16.75 -14.457 17.0961 20 -14.457 17.0961 16.75 -15.268 16.4568 16.75 -13.5 17.5
5 24 12.31 -5.5 9.043 12.31 0 9.043 11.768 -5.5 8.232 12.5 -5.5 10
2 24 20 -15.268 6.91662 20 -14.457 7.58049
5 24 0 -15.268 16.4568 3.25 -15.268 16.4568 0 -15.81 15.6831 0 -14.457 17.0961
2 24 7.5 0 39.722 8.264 0 40
5 24 0 -8 30 0 -5.5 30 0 -5.5 27.5 0.413246 -8 32.5
5 24 16.75 -15.81 13.8571 20 -15.81 13.8571 16.75 -15.268 13.0834 16.75 -16 14.7701
2 24 9.043 0 22.31 10 0 22.5
2 24 0 -8 0 0 -5.5 0
2 24 19.5868 -8 32.5 20 -8 30
5 24 0 -11.293 12.31 3.25 -11.293 12.31 0 -12.25 12.5 0 -10.482 11.768
2 24 3.25 -15.268 6.91662 3.25 -14.457 7.58049
2 24 16.75 -15.81 15.6831 16.75 -15.268 16.4568
2 24 0 -5.5 12.5 0 -5.5 27.5
5 24 10 -5.5 12.5 10 0 12.5 9.043 -5.5 12.31 10.957 -5.5 12.31
2 24 12.5 -5.5 39.722 12.5 0 39.722
5 24 12.31 -5.5 10.957 12.31 0 10.957 12.5 -5.5 10 11.768 -5.5 11.768
2 24 20 -5.5 0 20 -5.5 7.5
5 24 11.768 -5.5 18.232 11.768 0 18.232 10.957 -5.5 17.69 12.31 -5.5 19.043
2 24 12.31 -5.5 20.957 12.5 -5.5 20
5 24 10.957 -5.5 7.69 10.957 0 7.69 10 -5.5 7.5 11.768 -5.5 8.232
5 24 2.34 -8 36.58 2.34 -5.5 36.58 5 -8 38.812 0.603 -8 33.572
2 24 7.5 0 37.2218 7.5 0 39.722
2 24 0 0 7.5 0 0 12.5
5 24 11.768 -5.5 11.768 11.768 0 11.768 10.957 -5.5 12.31 12.31 -5.5 10.957
2 24 2.5 -5.5 27.5 2.5 -5.5 30
5 24 16.75 -15.268 13.0834 20 -15.268 13.0834 16.75 -15.81 13.8571 16.75 -14.457 12.4195
2 24 7.5 -5.5 37.2218 7.5 -5.5 39.722
2 24 20 -13.5 2.5 20 -8 2.5
2 24 11.768 -5.5 18.232 12.31 -5.5 19.043
2 24 16.75 -11.293 12.31 16.75 -10.482 11.768
5 24 0 -12.25 7.5 3.25 -12.25 7.5 0 -11.293 7.69 0 -13.2063 7.69001
2 24 12.31 0 10.957 12.5 0 10
2 24 16.75 -13.6157 7.96494 20 -13.6157 7.96494
2 24 0 -12.25 7.5 0 -11.293 7.69
5 24 0 -15.268 3.54323 3.25 -15.268 3.54323 0 -14.457 2.90393 0 -15.81 4.31693
2 24 10.957 0 7.69 11.768 0 8.232
2 24 7.5 0 0 7.5 0 2.5
2 24 7.69 -5.5 9.043 8.232 -5.5 8.232
2 24 10 0 7.5 10.957 0 7.69
2 24 20 -15.268 3.54323 20 -14.457 2.90393
2 24 0 0 30 0.413246 0 32.5
2 24 7.69 0 20.957 8.232 0 21.768
2 24 17.66 -8 36.58 19.397 -8 33.572
5 24 16.75 -14.457 7.58049 20 -14.457 7.58049 16.75 -15.268 6.91662 16.75 -13.6157 7.96494
5 24 10.957 -5.5 12.31 10.957 0 12.31 11.768 -5.5 11.768 10 -5.5 12.5
5 24 16.75 -12.25 12.5 20 -12.25 12.5 16.75 -13.2063 12.31 16.75 -11.293 12.31
5 24 20 -5.5 30 20 0 30 20 -5.5 27.5 19.5868 -5.5 32.5
2 24 2.5 -5.5 7.5 2.5 0 7.5
2 24 3.25 -11.293 7.69 3.25 -10.482 8.232
2 24 8.232 -5.5 18.232 9.043 -5.5 17.69
5 24 12.5 -5.5 10 12.5 0 10 12.31 -5.5 9.043 12.31 -5.5 10.957
2 24 7.69 -5.5 10.957 8.232 -5.5 11.768
5 24 16.75 -15.81 4.31693 20 -15.81 4.31693 16.75 -15.268 3.54323 16.75 -16 5.22993
2 24 17.5 -5.5 12.5 20 -5.5 12.5
2 24 16.75 -13.5 17.5 16.75 -8 17.5
2 24 12.5 -5.5 0 12.5 -5.5 2.5
2 24 0 -10.482 8.232 0 -9.94 9.043
2 24 16.75 -14.457 17.0961 16.75 -13.5 17.5
2 24 20 -12.25 7.5 20 -11.293 7.69
2 24 11.736 0 40 12.5 0 39.722
2 24 16.75 -15.268 6.91662 16.75 -14.457 7.58049
2 24 0 -15.268 6.91662 0 -14.457 7.58049
5 24 16.75 -13.2063 12.31 20 -13.2063 12.31 16.75 -12.25 12.5 16.75 -13.6157 12.0351
5 24 16.75 -15.81 15.6831 20 -15.81 15.6831 16.75 -15.268 16.4568 16.75 -16 14.7701
2 24 0 -8 30 0.413246 -8 32.5
5 24 0 -10.482 11.768 3.25 -10.482 11.768 0 -9.94 10.957 0 -11.293 12.31
2 24 16.75 -8 17.5 20 -8 17.5
5 24 9.043 -5.5 17.69 9.043 0 17.69 8.232 -5.5 18.232 10 -5.5 17.5
2 24 10 -5.5 17.5 10.957 -5.5 17.69
2 24 0.413246 0 32.5 2.80993 0 32.5
2 24 0 -15.268 16.4568 0 -14.457 17.0961
2 24 7.5 0 37.2218 8.264 0 37.5001
2 24 16.75 -14.457 12.4195 16.75 -13.6157 12.0351
5 24 0 -15.81 13.8571 3.25 -15.81 13.8571 0 -16 14.7701 0 -15.268 13.0834
2 24 16.75 -16 14.7701 16.75 -15.81 15.6831
2 24 0 -14.457 7.58049 0 -13.6157 7.96494
2 24 17.5 -5.5 27.5 17.5 0 27.5
2 24 7.5 -5.5 37.2218 7.5 0 37.2218
5 24 12.5 -5.5 20 12.5 0 20 12.31 -5.5 20.957 12.31 -5.5 19.043
2 24 2.80993 -5.5 32.5 2.80993 0 32.5
2 24 8.232 -5.5 21.768 9.043 -5.5 22.31
2 24 0 -15.268 3.54323 0 -14.457 2.90393
2 24 9.043 -5.5 12.31 10 -5.5 12.5
2 24 20 -14.457 7.58049 20 -13.6157 7.96494
2 24 3.25 -13.5 2.5 3.25 -8 2.5
5 24 0 -13.2063 7.69001 3.25 -13.2063 7.69001 0 -13.6157 7.96494 0 -12.25 7.5
2 24 0.413246 -5.5 32.5 2.80993 -5.5 32.5
5 24 17.5 -5.5 30 17.5 0 30 17.1901 -5.5 32.5 17.5 -5.5 27.5
2 24 0 -5.5 0 7.5 -5.5 0
5 24 8.264 -8 40 8.264 -5.5 40 5 -8 38.812 10 -8 40
5 24 8.232 -5.5 21.768 8.232 0 21.768 7.69 -5.5 20.957 9.043 -5.5 22.31
2 24 0 -15.81 15.6831 0 -15.268 16.4568
2 24 0 -5.5 7.5 2.5 -5.5 7.5
5 24 16.75 -14.457 2.90393 20 -14.457 2.90393 16.75 -13.5 2.5 16.75 -15.268 3.54323
2 24 7.69 -5.5 19.043 8.232 -5.5 18.232
2 24 11.736 -5.5 37.6392 11.736 0 37.6392
2 24 16.75 -13.2063 7.69001 16.75 -12.25 7.5
2 24 0 -9.94 9.043 0 -9.75 10
2 24 3.25 -13.5 17.5 3.25 -8 17.5
5 24 7.69 -5.5 9.043 7.69 0 9.043 7.5 -5.5 10 8.232 -5.5 8.232
5 24 0 -15.268 6.91662 3.25 -15.268 6.91662 0 -15.81 6.14292 0 -14.457 7.58049
2 24 20 -16 14.7701 20 -15.81 15.6831
2 24 0 -13.5 17.5 0 -8 17.5
5 24 0 -13.5 17.5 3.25 -13.5 17.5 0 -8 17.5 0 -14.457 17.0961
5 24 0 -15.268 13.0834 3.25 -15.268 13.0834 0 -15.81 13.8571 0 -14.457 12.4195
5 24 8.232 -5.5 18.232 8.232 0 18.232 7.69 -5.5 19.043 9.043 -5.5 17.69
2 24 11.768 0 18.232 12.31 0 19.043
5 24 0 -10.482 8.232 3.25 -10.482 8.232 0 -9.94 9.043 0 -11.293 7.69
2 24 20 -5.5 12.5 20 0 12.5
5 24 2.5 -5.5 30 2.5 0 30 2.80993 -5.5 32.5 2.5 -5.5 27.5
2 24 3.25 -13.6157 7.96494 3.25 -13.2063 7.69001
5 24 16.75 -13.5 17.5 20 -13.5 17.5 16.75 -8 17.5 16.75 -14.457 17.0961
2 24 9.043 0 17.69 10 0 17.5
5 24 0 -9.94 10.957 3.25 -9.94 10.957 0 -10.482 11.768 0 -9.75 10
5 24 0 -14.457 17.0961 3.25 -14.457 17.0961 0 -13.5 17.5 0 -15.268 16.4568
5 24 0 -14.457 2.90393 3.25 -14.457 2.90393 0 -15.268 3.54323 0 -13.5 2.5
2 24 7.5 -5.5 20 7.69 -5.5 20.957
2 24 20 -9.94 10.957 20 -9.75 10
2 24 0 -13.6157 7.96494 0 -13.2063 7.69001
2 24 7.5 0 10 7.69 0 10.957
2 24 0 -14.457 2.90393 0 -13.5 2.5
2 24 0 -13.6157 12.0351 3.25 -13.6157 12.0351
2 24 11.768 0 21.768 12.31 0 20.957
2 24 20 0 27.5 20 0 30
2 24 0 -13.6157 7.96494 3.25 -13.6157 7.96494
5 24 0.603 -8 33.572 0.603 -5.5 33.572 0.413246 -8 32.5 2.34 -8 36.58
2 24 12.31 0 9.043 12.5 0 10
2 24 16.75 -16 14.7701 16.75 -15.81 13.8571
5 24 16.75 -15.268 16.4568 20 -15.268 16.4568 16.75 -15.81 15.6831 16.75 -14.457 17.0961
2 24 2.5 0 7.5 2.5 0 12.5
2 24 3.25 -11.293 12.31 3.25 -10.482 11.768
5 24 0 -11.293 7.69 3.25 -11.293 7.69 0 -10.482 8.232 0 -12.25 7.5
2 24 20 -5.5 12.5 20 -5.5 27.5
2 24 12.31 -5.5 9.043 12.5 -5.5 10
2 24 3.25 -15.81 4.31693 3.25 -15.268 3.54323
2 24 0 -8 17.5 0 -8 30
2 24 3.25 -15.268 13.0834 3.25 -14.457 12.4195
2 24 10.957 -5.5 17.69 11.768 -5.5 18.232
2 24 0 0 27.5 2.5 0 27.5
2 24 20 -11.293 7.69 20 -10.482 8.232
2 24 2.5 0 27.5 2.5 0 30
2 24 0 -8 0 10 -8 0
2 24 16.75 -15.81 6.14292 16.75 -15.268 6.91662
2 24 0 -8 2.5 3.25 -8 2.5
2 24 0 0 12.5 2.5 0 12.5
2 24 7.69 0 19.043 8.232 0 18.232
2 24 20 -14.457 2.90393 20 -13.5 2.5
2 24 3.25 -14.457 7.58049 3.25 -13.6157 7.96494
2 24 16.75 -11.293 7.69 16.75 -10.482 8.232
2 24 20 -8 0 20 -5.5 0
2 24 8.232 0 18.232 9.043 0 17.69
2 24 16.75 -13.6157 12.0351 20 -13.6157 12.0351
2 24 3.25 -16 14.7701 3.25 -15.81 15.6831
5 24 8.264 -5.5 40 8.264 0 40 11.736 -5.5 40 7.5 -5.5 39.722
5 24 0 -5.5 30 0 0 30 0.413246 -5.5 32.5 0 -5.5 27.5
2 24 10.957 -5.5 12.31 11.768 -5.5 11.768
2 24 20 -10.482 11.768 20 -9.94 10.957
2 24 11.768 -5.5 21.768 12.31 -5.5 20.957
2 24 20 -13.2063 12.31 20 -12.25 12.5
5 24 15 -8 38.812 15 -5.5 38.812 17.66 -8 36.58 12.5 -5.5 39.722
2 24 20 -10.482 8.232 20 -9.94 9.043
5 24 16.75 -15.81 6.14292 20 -15.81 6.14292 16.75 -15.268 6.91662 16.75 -16 5.22993
2 24 10 0 12.5 10.957 0 12.31
2 24 7.5 0 20 7.69 0 19.043
2 24 10 -5.5 12.5 10.957 -5.5 12.31
