0 Etiqueta Fire Dept      |R:R
0 Name: firedept.dat
0 Author: cpcbegin
0 !LDRAW_ORG Unofficial_Part
0 BFC CERTIFY CW
4 16 78.879 -22.609 0 1.121 -22.609 0 1.121 -22.435 0 78.879 -22.435 0
4 16 78.981 -22.435 0 1.019 -22.435 0 1.019 -22.261 0 78.981 -22.261 0
4 16 79.083 -22.261 0 0.917 -22.261 0 0.917 -22.087 0 79.083 -22.087 0
4 16 79.185 -22.087 0 0.815 -22.087 0 0.815 -21.565 0 79.185 -21.565 0
4 16 78.573 -21.565 0 1.427 -21.565 0 1.427 -18.956 0 78.573 -18.956 0
4 0 62.777 -18.956 0 56.968 -18.956 0 56.968 -18.783 0 62.777 -18.783 0
4 16 56.968 -18.956 0 53.299 -18.956 0 53.299 -18.783 0 56.968 -18.783 0
4 0 41.376 -18.956 0 36.076 -18.956 0 36.076 -18.783 0 41.376 -18.783 0
4 16 36.076 -18.956 0 31.694 -18.956 0 31.694 -18.783 0 36.076 -18.783 0
4 0 22.828 -18.956 0 17.733 -18.956 0 17.733 -18.783 0 22.828 -18.783 0
4 16 17.733 -18.956 0 14.675 -18.956 0 14.675 -18.783 0 17.733 -18.783 0
4 0 62.777 -18.783 0 56.459 -18.783 0 56.459 -18.609 0 62.777 -18.609 0
4 16 56.459 -18.783 0 53.299 -18.783 0 53.299 -18.609 0 56.459 -18.609 0
4 0 41.376 -18.783 0 35.567 -18.783 0 35.567 -18.609 0 41.376 -18.609 0
4 16 35.567 -18.783 0 31.694 -18.783 0 31.694 -18.609 0 35.567 -18.609 0
4 0 22.828 -18.783 0 17.223 -18.783 0 17.223 -18.609 0 22.828 -18.609 0
4 16 17.223 -18.783 0 14.675 -18.783 0 14.675 -18.609 0 17.223 -18.609 0
4 16 78.573 -18.956 0 75.924 -18.956 0 75.924 -18.435 0 78.573 -18.435 0
4 0 75.924 -18.956 0 68.382 -18.956 0 68.382 -18.435 0 75.924 -18.435 0
4 16 68.382 -18.956 0 67.873 -18.956 0 67.873 -18.435 0 68.382 -18.435 0
4 0 67.873 -18.956 0 63.185 -18.956 0 63.185 -18.435 0 67.873 -18.435 0
4 16 63.185 -18.956 0 62.777 -18.956 0 62.777 -18.435 0 63.185 -18.435 0
4 0 62.777 -18.609 0 56.153 -18.609 0 56.153 -18.435 0 62.777 -18.435 0
4 16 56.153 -18.609 0 53.299 -18.609 0 53.299 -18.435 0 56.153 -18.435 0
4 0 53.299 -18.956 0 45.86 -18.956 0 45.86 -18.435 0 53.299 -18.435 0
4 16 45.86 -18.956 0 41.376 -18.956 0 41.376 -18.435 0 45.86 -18.435 0
4 0 41.376 -18.609 0 35.159 -18.609 0 35.159 -18.435 0 41.376 -18.435 0
4 16 35.159 -18.609 0 31.694 -18.609 0 31.694 -18.435 0 35.159 -18.435 0
4 0 31.694 -18.956 0 24.255 -18.956 0 24.255 -18.435 0 31.694 -18.435 0
4 16 24.255 -18.956 0 22.828 -18.956 0 22.828 -18.435 0 24.255 -18.435 0
4 0 22.828 -18.609 0 16.917 -18.609 0 16.917 -18.435 0 22.828 -18.435 0
4 16 16.917 -18.609 0 14.675 -18.609 0 14.675 -18.435 0 16.917 -18.435 0
4 16 78.573 -18.435 0 75.108 -18.435 0 75.108 -18.261 0 78.573 -18.261 0
4 0 75.108 -18.435 0 68.382 -18.435 0 68.382 -18.261 0 75.108 -18.261 0
4 16 68.382 -18.435 0 67.057 -18.435 0 67.057 -18.261 0 68.382 -18.261 0
4 0 67.057 -18.435 0 64 -18.435 0 64 -18.261 0 67.057 -18.261 0
4 16 64 -18.435 0 62.064 -18.435 0 62.064 -18.261 0 64 -18.261 0
4 0 62.064 -18.435 0 55.949 -18.435 0 55.949 -18.261 0 62.064 -18.261 0
4 16 55.949 -18.435 0 52.484 -18.435 0 52.484 -18.261 0 55.949 -18.261 0
4 0 52.484 -18.435 0 45.86 -18.435 0 45.86 -18.261 0 52.484 -18.261 0
4 16 45.86 -18.435 0 40.56 -18.435 0 40.56 -18.261 0 45.86 -18.261 0
4 0 40.56 -18.435 0 34.955 -18.435 0 34.955 -18.261 0 40.56 -18.261 0
4 16 34.955 -18.435 0 30.879 -18.435 0 30.879 -18.261 0 34.955 -18.261 0
4 0 30.879 -18.435 0 24.255 -18.435 0 24.255 -18.261 0 30.879 -18.261 0
4 16 24.255 -18.435 0 22.115 -18.435 0 22.115 -18.261 0 24.255 -18.261 0
4 0 22.115 -18.435 0 16.713 -18.435 0 16.713 -18.261 0 22.115 -18.261 0
4 16 16.713 -18.435 0 14.675 -18.435 0 14.675 -18.261 0 16.713 -18.261 0
4 16 78.573 -18.261 0 74.904 -18.261 0 74.904 -18.087 0 78.573 -18.087 0
4 0 74.904 -18.261 0 68.382 -18.261 0 68.382 -18.087 0 74.904 -18.087 0
4 16 68.382 -18.261 0 66.955 -18.261 0 66.955 -18.087 0 68.382 -18.087 0
4 0 66.955 -18.261 0 64.204 -18.261 0 64.204 -18.087 0 66.955 -18.087 0
4 16 64.204 -18.261 0 61.86 -18.261 0 61.86 -18.087 0 64.204 -18.087 0
4 0 61.86 -18.261 0 55.745 -18.261 0 55.745 -18.087 0 61.86 -18.087 0
4 16 55.745 -18.261 0 52.382 -18.261 0 52.382 -18.087 0 55.745 -18.087 0
4 0 52.382 -18.261 0 45.86 -18.261 0 45.86 -18.087 0 52.382 -18.087 0
4 16 45.86 -18.261 0 40.357 -18.261 0 40.357 -18.087 0 45.86 -18.087 0
4 0 40.357 -18.261 0 34.752 -18.261 0 34.752 -18.087 0 40.357 -18.087 0
4 16 34.752 -18.261 0 30.777 -18.261 0 30.777 -18.087 0 34.752 -18.087 0
4 0 30.777 -18.261 0 24.255 -18.261 0 24.255 -18.087 0 30.777 -18.087 0
4 16 24.255 -18.261 0 21.911 -18.261 0 21.911 -18.087 0 24.255 -18.087 0
4 0 21.911 -18.261 0 16.51 -18.261 0 16.51 -18.087 0 21.911 -18.087 0
4 16 16.51 -18.261 0 14.675 -18.261 0 14.675 -18.087 0 16.51 -18.087 0
4 0 14.675 -18.956 0 6.726 -18.956 0 6.726 -18.087 0 14.675 -18.087 0
4 16 72.459 -18.087 0 71.032 -18.087 0 71.032 -17.913 0 72.459 -17.913 0
4 0 71.032 -18.087 0 68.382 -18.087 0 68.382 -17.913 0 71.032 -17.913 0
4 16 68.382 -18.087 0 66.853 -18.087 0 66.853 -17.913 0 68.382 -17.913 0
4 0 66.853 -18.087 0 64.306 -18.087 0 64.306 -17.913 0 66.853 -17.913 0
4 16 64.306 -18.087 0 61.758 -18.087 0 61.758 -17.913 0 64.306 -17.913 0
4 0 61.758 -18.087 0 59.414 -18.087 0 59.414 -17.913 0 61.758 -17.913 0
4 16 59.414 -18.087 0 58.293 -18.087 0 58.293 -17.913 0 59.414 -17.913 0
4 0 58.293 -18.087 0 55.541 -18.087 0 55.541 -17.913 0 58.293 -17.913 0
4 16 55.541 -18.087 0 52.28 -18.087 0 52.28 -17.913 0 55.541 -17.913 0
4 0 52.28 -18.087 0 49.834 -18.087 0 49.834 -17.913 0 52.28 -17.913 0
4 16 49.834 -18.087 0 48.51 -18.087 0 48.51 -17.913 0 49.834 -17.913 0
4 0 48.51 -18.087 0 45.86 -18.087 0 45.86 -17.913 0 48.51 -17.913 0
4 16 37.911 -18.087 0 37.401 -18.087 0 37.401 -17.913 0 37.911 -17.913 0
4 0 37.401 -18.087 0 34.548 -18.087 0 34.548 -17.913 0 37.401 -17.913 0
4 16 34.548 -18.087 0 30.675 -18.087 0 30.675 -17.913 0 34.548 -17.913 0
4 0 30.675 -18.087 0 28.229 -18.087 0 28.229 -17.913 0 30.675 -17.913 0
4 16 28.229 -18.087 0 26.904 -18.087 0 26.904 -17.913 0 28.229 -17.913 0
4 0 26.904 -18.087 0 24.255 -18.087 0 24.255 -17.913 0 26.904 -17.913 0
4 16 24.255 -18.087 0 21.809 -18.087 0 21.809 -17.913 0 24.255 -17.913 0
4 0 21.809 -18.087 0 19.465 -18.087 0 19.465 -17.913 0 21.809 -17.913 0
4 16 19.465 -18.087 0 19.057 -18.087 0 19.057 -17.913 0 19.465 -17.913 0
4 0 19.057 -18.087 0 16.408 -18.087 0 16.408 -17.913 0 19.057 -17.913 0
4 16 16.408 -18.087 0 14.675 -18.087 0 14.675 -17.913 0 16.408 -17.913 0
4 0 14.675 -18.087 0 12.637 -18.087 0 12.637 -17.913 0 14.675 -17.913 0
4 16 12.637 -18.087 0 11.822 -18.087 0 11.822 -17.913 0 12.637 -17.913 0
4 16 9.58 -18.087 0 8.764 -18.087 0 8.764 -17.913 0 9.58 -17.913 0
4 0 8.764 -18.087 0 6.726 -18.087 0 6.726 -17.913 0 8.764 -17.913 0
4 16 78.573 -18.087 0 74.802 -18.087 0 74.802 -17.739 0 78.573 -17.739 0
4 0 74.802 -18.087 0 72.459 -18.087 0 72.459 -17.739 0 74.802 -17.739 0
4 16 72.459 -17.913 0 70.217 -17.913 0 70.217 -17.739 0 72.459 -17.739 0
4 0 70.217 -17.913 0 68.382 -17.913 0 68.382 -17.739 0 70.217 -17.739 0
4 0 66.752 -17.913 0 64.306 -17.913 0 64.306 -17.739 0 66.752 -17.739 0
4 16 64.306 -17.913 0 61.656 -17.913 0 61.656 -17.739 0 64.306 -17.739 0
4 16 59.414 -17.913 0 57.885 -17.913 0 57.885 -17.739 0 59.414 -17.739 0
4 0 57.885 -17.913 0 55.44 -17.913 0 55.44 -17.739 0 57.885 -17.739 0
4 16 55.44 -17.913 0 52.178 -17.913 0 52.178 -17.739 0 55.44 -17.739 0
4 16 49.834 -17.913 0 47.694 -17.913 0 47.694 -17.739 0 49.834 -17.739 0
4 0 47.694 -17.913 0 45.86 -17.913 0 45.86 -17.739 0 47.694 -17.739 0
4 16 45.86 -18.087 0 40.255 -18.087 0 40.255 -17.739 0 45.86 -17.739 0
4 0 40.255 -18.087 0 37.911 -18.087 0 37.911 -17.739 0 40.255 -17.739 0
4 16 37.911 -17.913 0 36.688 -17.913 0 36.688 -17.739 0 37.911 -17.739 0
4 0 36.688 -17.913 0 34.344 -17.913 0 34.344 -17.739 0 36.688 -17.739 0
4 16 34.344 -17.913 0 30.573 -17.913 0 30.573 -17.739 0 34.344 -17.739 0
4 16 28.229 -17.913 0 26.089 -17.913 0 26.089 -17.739 0 28.229 -17.739 0
4 0 26.089 -17.913 0 24.255 -17.913 0 24.255 -17.739 0 26.089 -17.739 0
4 16 19.465 -17.913 0 18.65 -17.913 0 18.65 -17.739 0 19.465 -17.739 0
4 0 18.65 -17.913 0 16.204 -17.913 0 16.204 -17.739 0 18.65 -17.739 0
4 16 16.204 -17.913 0 14.675 -17.913 0 14.675 -17.739 0 16.204 -17.739 0
4 0 14.675 -17.913 0 13.146 -17.913 0 13.146 -17.739 0 14.675 -17.739 0
4 16 13.146 -17.913 0 11.822 -17.913 0 11.822 -17.739 0 13.146 -17.739 0
4 16 9.58 -17.913 0 8.255 -17.913 0 8.255 -17.739 0 9.58 -17.739 0
4 0 8.255 -17.913 0 6.726 -17.913 0 6.726 -17.739 0 8.255 -17.739 0
4 16 72.459 -17.739 0 69.911 -17.739 0 69.911 -17.565 0 72.459 -17.565 0
4 0 69.911 -17.739 0 68.382 -17.739 0 68.382 -17.565 0 69.911 -17.565 0
4 16 68.382 -17.913 0 66.752 -17.913 0 66.752 -17.565 0 68.382 -17.565 0
4 0 66.752 -17.739 0 64.408 -17.739 0 64.408 -17.565 0 66.752 -17.565 0
4 16 59.414 -17.739 0 57.681 -17.739 0 57.681 -17.565 0 59.414 -17.565 0
4 0 57.681 -17.739 0 55.338 -17.739 0 55.338 -17.565 0 57.681 -17.565 0
4 16 55.338 -17.739 0 52.178 -17.739 0 52.178 -17.565 0 55.338 -17.565 0
4 0 52.178 -17.913 0 49.834 -17.913 0 49.834 -17.565 0 52.178 -17.565 0
4 16 49.834 -17.739 0 47.49 -17.739 0 47.49 -17.565 0 49.834 -17.565 0
4 0 47.49 -17.739 0 45.86 -17.739 0 45.86 -17.565 0 47.49 -17.565 0
4 16 37.911 -17.739 0 36.484 -17.739 0 36.484 -17.565 0 37.911 -17.565 0
4 0 36.484 -17.739 0 34.14 -17.739 0 34.14 -17.565 0 36.484 -17.565 0
4 16 34.14 -17.739 0 30.573 -17.739 0 30.573 -17.565 0 34.14 -17.565 0
4 0 30.573 -17.913 0 28.229 -17.913 0 28.229 -17.565 0 30.573 -17.565 0
4 16 28.229 -17.739 0 25.885 -17.739 0 25.885 -17.565 0 28.229 -17.565 0
4 0 25.885 -17.739 0 24.255 -17.739 0 24.255 -17.565 0 25.885 -17.565 0
4 16 19.465 -17.739 0 18.446 -17.739 0 18.446 -17.565 0 19.465 -17.565 0
4 0 18.446 -17.739 0 16.102 -17.739 0 16.102 -17.565 0 18.446 -17.565 0
4 16 16.102 -17.739 0 14.675 -17.739 0 14.675 -17.565 0 16.102 -17.565 0
4 0 14.675 -17.739 0 13.35 -17.739 0 13.35 -17.565 0 14.675 -17.565 0
4 16 13.35 -17.739 0 11.822 -17.739 0 11.822 -17.565 0 13.35 -17.565 0
4 16 9.58 -17.739 0 8.051 -17.739 0 8.051 -17.565 0 9.58 -17.565 0
4 0 8.051 -17.739 0 6.726 -17.739 0 6.726 -17.565 0 8.051 -17.565 0
4 16 72.459 -17.565 0 69.707 -17.565 0 69.707 -17.391 0 72.459 -17.391 0
4 0 69.707 -17.565 0 68.382 -17.565 0 68.382 -17.391 0 69.707 -17.391 0
4 16 59.414 -17.565 0 57.478 -17.565 0 57.478 -17.391 0 59.414 -17.391 0
4 0 57.478 -17.565 0 55.236 -17.565 0 55.236 -17.391 0 57.478 -17.391 0
4 16 55.236 -17.565 0 52.076 -17.565 0 52.076 -17.391 0 55.236 -17.391 0
4 16 49.834 -17.565 0 47.287 -17.565 0 47.287 -17.391 0 49.834 -17.391 0
4 0 47.287 -17.565 0 45.86 -17.565 0 45.86 -17.391 0 47.287 -17.391 0
4 16 37.911 -17.565 0 36.28 -17.565 0 36.28 -17.391 0 37.911 -17.391 0
4 0 36.28 -17.565 0 34.038 -17.565 0 34.038 -17.391 0 36.28 -17.391 0
4 16 34.038 -17.565 0 30.471 -17.565 0 30.471 -17.391 0 34.038 -17.391 0
4 16 28.229 -17.565 0 25.681 -17.565 0 25.681 -17.391 0 28.229 -17.391 0
4 0 25.681 -17.565 0 24.255 -17.565 0 24.255 -17.391 0 25.681 -17.391 0
4 16 19.465 -17.565 0 18.242 -17.565 0 18.242 -17.391 0 19.465 -17.391 0
4 0 18.242 -17.565 0 16 -17.565 0 16 -17.391 0 18.242 -17.391 0
4 16 16 -17.565 0 14.675 -17.565 0 14.675 -17.391 0 16 -17.391 0
4 0 14.675 -17.565 0 13.554 -17.565 0 13.554 -17.391 0 14.675 -17.391 0
4 16 13.554 -17.565 0 11.822 -17.565 0 11.822 -17.391 0 13.554 -17.391 0
4 16 9.58 -17.565 0 7.847 -17.565 0 7.847 -17.391 0 9.58 -17.391 0
4 0 7.847 -17.565 0 6.726 -17.565 0 6.726 -17.391 0 7.847 -17.391 0
4 16 72.459 -17.391 0 69.605 -17.391 0 69.605 -17.217 0 72.459 -17.217 0
4 0 69.605 -17.391 0 68.382 -17.391 0 68.382 -17.217 0 69.605 -17.217 0
4 16 59.414 -17.391 0 57.376 -17.391 0 57.376 -17.217 0 59.414 -17.217 0
4 0 57.376 -17.391 0 55.134 -17.391 0 55.134 -17.217 0 57.376 -17.217 0
4 16 55.134 -17.391 0 52.076 -17.391 0 52.076 -17.217 0 55.134 -17.217 0
4 16 49.834 -17.391 0 47.083 -17.391 0 47.083 -17.217 0 49.834 -17.217 0
4 0 47.083 -17.391 0 45.86 -17.391 0 45.86 -17.217 0 47.083 -17.217 0
4 16 37.911 -17.391 0 36.076 -17.391 0 36.076 -17.217 0 37.911 -17.217 0
4 0 36.076 -17.391 0 33.936 -17.391 0 33.936 -17.217 0 36.076 -17.217 0
4 16 33.936 -17.391 0 30.471 -17.391 0 30.471 -17.217 0 33.936 -17.217 0
4 16 28.229 -17.391 0 25.478 -17.391 0 25.478 -17.217 0 28.229 -17.217 0
4 0 25.478 -17.391 0 24.255 -17.391 0 24.255 -17.217 0 25.478 -17.217 0
4 16 19.465 -17.391 0 18.14 -17.391 0 18.14 -17.217 0 19.465 -17.217 0
4 0 18.14 -17.391 0 15.898 -17.391 0 15.898 -17.217 0 18.14 -17.217 0
4 16 15.898 -17.391 0 14.675 -17.391 0 14.675 -17.217 0 15.898 -17.217 0
4 0 14.675 -17.391 0 13.656 -17.391 0 13.656 -17.217 0 14.675 -17.217 0
4 16 13.656 -17.391 0 11.822 -17.391 0 11.822 -17.217 0 13.656 -17.217 0
4 16 9.58 -17.391 0 7.745 -17.391 0 7.745 -17.217 0 9.58 -17.217 0
4 0 7.745 -17.391 0 6.726 -17.391 0 6.726 -17.217 0 7.745 -17.217 0
4 16 72.459 -17.217 0 69.401 -17.217 0 69.401 -17.044 0 72.459 -17.044 0
4 0 69.401 -17.217 0 68.382 -17.217 0 68.382 -17.044 0 69.401 -17.044 0
4 16 59.414 -17.217 0 57.274 -17.217 0 57.274 -17.044 0 59.414 -17.044 0
4 0 57.274 -17.217 0 55.032 -17.217 0 55.032 -17.044 0 57.274 -17.044 0
4 16 49.834 -17.217 0 46.981 -17.217 0 46.981 -17.044 0 49.834 -17.044 0
4 0 46.981 -17.217 0 45.86 -17.217 0 45.86 -17.044 0 46.981 -17.044 0
4 16 37.911 -17.217 0 35.974 -17.217 0 35.974 -17.044 0 37.911 -17.044 0
4 0 35.974 -17.217 0 33.834 -17.217 0 33.834 -17.044 0 35.974 -17.044 0
4 16 33.834 -17.217 0 30.471 -17.217 0 30.471 -17.044 0 33.834 -17.044 0
4 16 28.229 -17.217 0 25.376 -17.217 0 25.376 -17.044 0 28.229 -17.044 0
4 0 25.376 -17.217 0 24.255 -17.217 0 24.255 -17.044 0 25.376 -17.044 0
4 16 19.465 -17.217 0 18.038 -17.217 0 18.038 -17.044 0 19.465 -17.044 0
4 0 18.038 -17.217 0 15.796 -17.217 0 15.796 -17.044 0 18.038 -17.044 0
4 0 14.675 -17.217 0 13.758 -17.217 0 13.758 -17.044 0 14.675 -17.044 0
4 16 13.758 -17.217 0 11.822 -17.217 0 11.822 -17.044 0 13.758 -17.044 0
4 16 9.58 -17.217 0 7.643 -17.217 0 7.643 -17.044 0 9.58 -17.044 0
4 0 7.643 -17.217 0 6.726 -17.217 0 6.726 -17.044 0 7.643 -17.044 0
4 16 72.459 -17.044 0 69.299 -17.044 0 69.299 -16.87 0 72.459 -16.87 0
4 0 69.299 -17.044 0 68.382 -17.044 0 68.382 -16.87 0 69.299 -16.87 0
4 0 57.172 -17.044 0 55.032 -17.044 0 55.032 -16.87 0 57.172 -16.87 0
4 16 55.032 -17.217 0 52.076 -17.217 0 52.076 -16.87 0 55.032 -16.87 0
4 16 49.834 -17.044 0 46.879 -17.044 0 46.879 -16.87 0 49.834 -16.87 0
4 0 46.879 -17.044 0 45.86 -17.044 0 45.86 -16.87 0 46.879 -16.87 0
4 16 37.911 -17.044 0 35.873 -17.044 0 35.873 -16.87 0 37.911 -16.87 0
4 0 35.873 -17.044 0 33.733 -17.044 0 33.733 -16.87 0 35.873 -16.87 0
4 16 33.733 -17.044 0 30.471 -17.044 0 30.471 -16.87 0 33.733 -16.87 0
4 16 28.229 -17.044 0 25.274 -17.044 0 25.274 -16.87 0 28.229 -16.87 0
4 0 25.274 -17.044 0 24.255 -17.044 0 24.255 -16.87 0 25.274 -16.87 0
4 0 17.936 -17.044 0 15.796 -17.044 0 15.796 -16.87 0 17.936 -16.87 0
4 16 15.796 -17.217 0 14.675 -17.217 0 14.675 -16.87 0 15.796 -16.87 0
4 16 59.414 -17.044 0 57.172 -17.044 0 57.172 -16.696 0 59.414 -16.696 0
4 0 57.172 -16.87 0 54.93 -16.87 0 54.93 -16.696 0 57.172 -16.696 0
4 16 49.834 -16.87 0 46.777 -16.87 0 46.777 -16.696 0 49.834 -16.696 0
4 0 46.777 -16.87 0 45.86 -16.87 0 45.86 -16.696 0 46.777 -16.696 0
4 16 37.911 -16.87 0 35.771 -16.87 0 35.771 -16.696 0 37.911 -16.696 0
4 0 35.771 -16.87 0 33.631 -16.87 0 33.631 -16.696 0 35.771 -16.696 0
4 16 33.631 -16.87 0 30.471 -16.87 0 30.471 -16.696 0 33.631 -16.696 0
4 16 28.229 -16.87 0 25.172 -16.87 0 25.172 -16.696 0 28.229 -16.696 0
4 0 25.172 -16.87 0 24.255 -16.87 0 24.255 -16.696 0 25.172 -16.696 0
4 16 19.465 -17.044 0 17.936 -17.044 0 17.936 -16.696 0 19.465 -16.696 0
4 0 17.936 -16.87 0 15.694 -16.87 0 15.694 -16.696 0 17.936 -16.696 0
4 0 14.675 -17.044 0 13.86 -17.044 0 13.86 -16.696 0 14.675 -16.696 0
4 16 13.86 -17.044 0 11.822 -17.044 0 11.822 -16.696 0 13.86 -16.696 0
4 16 9.58 -17.044 0 7.541 -17.044 0 7.541 -16.696 0 9.58 -16.696 0
4 0 7.541 -17.044 0 6.726 -17.044 0 6.726 -16.696 0 7.541 -16.696 0
4 16 72.459 -16.87 0 69.198 -16.87 0 69.198 -16.522 0 72.459 -16.522 0
4 0 69.198 -16.87 0 68.382 -16.87 0 68.382 -16.522 0 69.198 -16.522 0
4 0 57.07 -16.696 0 54.93 -16.696 0 54.93 -16.522 0 57.07 -16.522 0
4 16 54.93 -16.87 0 52.076 -16.87 0 52.076 -16.522 0 54.93 -16.522 0
4 0 35.669 -16.696 0 33.529 -16.696 0 33.529 -16.522 0 35.669 -16.522 0
4 16 33.529 -16.696 0 30.471 -16.696 0 30.471 -16.522 0 33.529 -16.522 0
4 0 17.834 -16.696 0 15.694 -16.696 0 15.694 -16.522 0 17.834 -16.522 0
4 16 15.694 -16.87 0 14.675 -16.87 0 14.675 -16.522 0 15.694 -16.522 0
4 16 49.834 -16.696 0 46.675 -16.696 0 46.675 -16.348 0 49.834 -16.348 0
4 0 46.675 -16.696 0 45.86 -16.696 0 45.86 -16.348 0 46.675 -16.348 0
4 16 37.911 -16.696 0 35.669 -16.696 0 35.669 -16.348 0 37.911 -16.348 0
4 0 35.669 -16.522 0 33.427 -16.522 0 33.427 -16.348 0 35.669 -16.348 0
4 16 33.427 -16.522 0 30.471 -16.522 0 30.471 -16.348 0 33.427 -16.348 0
4 16 28.229 -16.696 0 25.07 -16.696 0 25.07 -16.348 0 28.229 -16.348 0
4 0 25.07 -16.696 0 24.255 -16.696 0 24.255 -16.348 0 25.07 -16.348 0
4 0 14.675 -16.696 0 13.962 -16.696 0 13.962 -16.348 0 14.675 -16.348 0
4 16 13.962 -16.696 0 11.822 -16.696 0 11.822 -16.348 0 13.962 -16.348 0
4 16 9.58 -16.696 0 7.439 -16.696 0 7.439 -16.348 0 9.58 -16.348 0
4 0 7.439 -16.696 0 6.726 -16.696 0 6.726 -16.348 0 7.439 -16.348 0
4 16 72.459 -16.522 0 69.095 -16.522 0 69.095 -16.174 0 72.459 -16.174 0
4 0 69.095 -16.522 0 68.382 -16.522 0 68.382 -16.174 0 69.095 -16.174 0
4 16 59.414 -16.696 0 57.07 -16.696 0 57.07 -16.174 0 59.414 -16.174 0
4 0 57.07 -16.522 0 54.828 -16.522 0 54.828 -16.174 0 57.07 -16.174 0
4 16 54.828 -16.522 0 52.076 -16.522 0 52.076 -16.174 0 54.828 -16.174 0
4 0 35.567 -16.348 0 33.325 -16.348 0 33.325 -16.174 0 35.567 -16.174 0
4 16 33.325 -16.348 0 30.471 -16.348 0 30.471 -16.174 0 33.325 -16.174 0
4 16 19.465 -16.696 0 17.834 -16.696 0 17.834 -16.174 0 19.465 -16.174 0
4 0 17.834 -16.522 0 15.592 -16.522 0 15.592 -16.174 0 17.834 -16.174 0
4 16 15.592 -16.522 0 14.675 -16.522 0 14.675 -16.174 0 15.592 -16.174 0
4 16 49.834 -16.348 0 46.573 -16.348 0 46.573 -16 0 49.834 -16 0
4 0 46.573 -16.348 0 45.86 -16.348 0 45.86 -16 0 46.573 -16 0
4 16 37.911 -16.348 0 35.567 -16.348 0 35.567 -16 0 37.911 -16 0
4 0 35.567 -16.174 0 33.223 -16.174 0 33.223 -16 0 35.567 -16 0
4 16 28.229 -16.348 0 24.968 -16.348 0 24.968 -16 0 28.229 -16 0
4 0 24.968 -16.348 0 24.255 -16.348 0 24.255 -16 0 24.968 -16 0
4 0 14.675 -16.348 0 14.064 -16.348 0 14.064 -16 0 14.675 -16 0
4 16 14.064 -16.348 0 11.822 -16.348 0 11.822 -16 0 14.064 -16 0
4 16 9.58 -16.348 0 7.338 -16.348 0 7.338 -16 0 9.58 -16 0
4 0 7.338 -16.348 0 6.726 -16.348 0 6.726 -16 0 7.338 -16 0
4 16 37.911 -16 0 35.465 -16 0 35.465 -15.826 0 37.911 -15.826 0
4 0 35.465 -16 0 33.223 -16 0 33.223 -15.826 0 35.465 -15.826 0
4 16 33.223 -16.174 0 30.471 -16.174 0 30.471 -15.826 0 33.223 -15.826 0
4 16 72.459 -16.174 0 68.994 -16.174 0 68.994 -15.652 0 72.459 -15.652 0
4 0 68.994 -16.174 0 68.382 -16.174 0 68.382 -15.652 0 68.994 -15.652 0
4 0 35.363 -15.826 0 33.121 -15.826 0 33.121 -15.652 0 35.363 -15.652 0
4 16 33.121 -15.826 0 30.471 -15.826 0 30.471 -15.652 0 33.121 -15.652 0
4 0 56.968 -16.174 0 54.726 -16.174 0 54.726 -15.478 0 56.968 -15.478 0
4 16 54.726 -16.174 0 52.076 -16.174 0 52.076 -15.478 0 54.726 -15.478 0
4 16 49.834 -16 0 46.471 -16 0 46.471 -15.478 0 49.834 -15.478 0
4 0 46.471 -16 0 45.86 -16 0 45.86 -15.478 0 46.471 -15.478 0
4 16 28.229 -16 0 24.866 -16 0 24.866 -15.478 0 28.229 -15.478 0
4 0 24.866 -16 0 24.255 -16 0 24.255 -15.478 0 24.866 -15.478 0
4 0 17.733 -16.174 0 15.49 -16.174 0 15.49 -15.478 0 17.733 -15.478 0
4 16 15.49 -16.174 0 14.675 -16.174 0 14.675 -15.478 0 15.49 -15.478 0
4 0 14.675 -16 0 14.166 -16 0 14.166 -15.478 0 14.675 -15.478 0
4 16 14.166 -16 0 11.822 -16 0 11.822 -15.478 0 14.166 -15.478 0
4 16 9.58 -16 0 7.236 -16 0 7.236 -15.478 0 9.58 -15.478 0
4 0 7.236 -16 0 6.726 -16 0 6.726 -15.478 0 7.236 -15.478 0
4 16 72.459 -15.652 0 68.892 -15.652 0 68.892 -15.304 0 72.459 -15.304 0
4 16 37.911 -15.826 0 35.363 -15.826 0 35.363 -15.304 0 37.911 -15.304 0
4 0 35.363 -15.652 0 33.019 -15.652 0 33.019 -15.304 0 35.363 -15.304 0
4 16 33.019 -15.652 0 30.471 -15.652 0 30.471 -15.304 0 33.019 -15.304 0
4 16 72.459 -15.304 0 70.42 -15.304 0 70.42 -14.956 0 72.459 -14.956 0
4 0 70.42 -15.304 0 70.115 -15.304 0 70.115 -14.956 0 70.42 -14.956 0
4 16 37.911 -15.304 0 35.261 -15.304 0 35.261 -14.956 0 37.911 -14.956 0
4 0 35.261 -15.304 0 32.917 -15.304 0 32.917 -14.956 0 35.261 -14.956 0
4 16 32.917 -15.304 0 30.471 -15.304 0 30.471 -14.956 0 32.917 -14.956 0
4 16 9.58 -15.478 0 7.134 -15.478 0 7.134 -14.956 0 9.58 -14.956 0
4 0 7.134 -15.478 0 6.726 -15.478 0 6.726 -14.956 0 7.134 -14.956 0
4 16 70.115 -15.304 0 68.892 -15.304 0 68.892 -14.783 0 70.115 -14.783 0
4 0 68.892 -15.652 0 68.382 -15.652 0 68.382 -14.783 0 68.892 -14.783 0
4 16 47.796 -15.478 0 46.369 -15.478 0 46.369 -14.783 0 47.796 -14.783 0
4 0 46.369 -15.478 0 45.86 -15.478 0 45.86 -14.783 0 46.369 -14.783 0
4 16 26.191 -15.478 0 24.764 -15.478 0 24.764 -14.783 0 26.191 -14.783 0
4 0 24.764 -15.478 0 24.255 -15.478 0 24.255 -14.783 0 24.764 -14.783 0
4 16 15.389 -15.478 0 14.675 -15.478 0 14.675 -14.783 0 15.389 -14.783 0
4 0 14.675 -15.478 0 14.267 -15.478 0 14.267 -14.783 0 14.675 -14.783 0
4 16 14.267 -15.478 0 11.822 -15.478 0 11.822 -14.783 0 14.267 -14.783 0
4 16 9.58 -14.956 0 7.032 -14.956 0 7.032 -14.783 0 9.58 -14.783 0
4 0 7.032 -14.956 0 6.726 -14.956 0 6.726 -14.783 0 7.032 -14.783 0
4 16 6.726 -18.956 0 1.427 -18.956 0 1.427 -14.783 0 6.726 -14.783 0
4 16 70.115 -14.783 0 68.79 -14.783 0 68.79 -14.609 0 70.115 -14.609 0
4 0 68.79 -14.783 0 68.382 -14.783 0 68.382 -14.609 0 68.79 -14.609 0
4 16 68.382 -17.565 0 66.65 -17.565 0 66.65 -14.609 0 68.382 -14.609 0
4 16 49.834 -15.478 0 48.204 -15.478 0 48.204 -14.435 0 49.834 -14.435 0
4 0 48.204 -15.478 0 47.796 -15.478 0 47.796 -14.435 0 48.204 -14.435 0
4 16 47.796 -14.783 0 46.267 -14.783 0 46.267 -14.435 0 47.796 -14.435 0
4 0 46.267 -14.783 0 45.86 -14.783 0 45.86 -14.435 0 46.267 -14.435 0
4 16 45.86 -17.739 0 40.153 -17.739 0 40.153 -14.435 0 45.86 -14.435 0
4 0 35.159 -14.956 0 32.815 -14.956 0 32.815 -14.435 0 35.159 -14.435 0
4 16 32.815 -14.956 0 30.471 -14.956 0 30.471 -14.435 0 32.815 -14.435 0
4 16 28.229 -15.478 0 26.599 -15.478 0 26.599 -14.435 0 28.229 -14.435 0
4 0 26.599 -15.478 0 26.191 -15.478 0 26.191 -14.435 0 26.599 -14.435 0
4 16 26.191 -14.783 0 24.662 -14.783 0 24.662 -14.435 0 26.191 -14.435 0
4 0 24.662 -14.783 0 24.255 -14.783 0 24.255 -14.435 0 24.662 -14.435 0
4 16 24.255 -17.913 0 21.707 -17.913 0 21.707 -14.435 0 24.255 -14.435 0
4 0 17.733 -15.478 0 15.389 -15.478 0 15.389 -14.435 0 17.733 -14.435 0
4 16 15.389 -14.783 0 11.822 -14.783 0 11.822 -14.435 0 15.389 -14.435 0
4 0 56.968 -15.478 0 54.624 -15.478 0 54.624 -14.261 0 56.968 -14.261 0
4 16 54.624 -15.478 0 52.076 -15.478 0 52.076 -14.261 0 54.624 -14.261 0
4 16 37.911 -14.956 0 35.159 -14.956 0 35.159 -14.261 0 37.911 -14.261 0
4 0 35.159 -14.435 0 32.713 -14.435 0 32.713 -14.261 0 35.159 -14.261 0
4 16 72.459 -14.956 0 70.522 -14.956 0 70.522 -14.087 0 72.459 -14.087 0
4 0 70.522 -14.956 0 70.115 -14.956 0 70.115 -14.087 0 70.522 -14.087 0
4 0 35.057 -14.261 0 32.713 -14.261 0 32.713 -13.913 0 35.057 -13.913 0
4 16 32.713 -14.435 0 30.471 -14.435 0 30.471 -13.913 0 32.713 -13.913 0
4 16 49.834 -14.435 0 48.306 -14.435 0 48.306 -13.739 0 49.834 -13.739 0
4 0 48.306 -14.435 0 47.796 -14.435 0 47.796 -13.739 0 48.306 -13.739 0
4 16 28.229 -14.435 0 26.701 -14.435 0 26.701 -13.739 0 28.229 -13.739 0
4 0 26.701 -14.435 0 26.191 -14.435 0 26.191 -13.739 0 26.701 -13.739 0
4 16 19.465 -16.174 0 17.733 -16.174 0 17.733 -13.739 0 19.465 -13.739 0
4 0 17.733 -14.435 0 15.49 -14.435 0 15.49 -13.739 0 17.733 -13.739 0
4 16 15.49 -14.435 0 11.822 -14.435 0 11.822 -13.739 0 15.49 -13.739 0
4 16 72.459 -14.087 0 70.624 -14.087 0 70.624 -13.565 0 72.459 -13.565 0
4 0 70.624 -14.087 0 70.115 -14.087 0 70.115 -13.565 0 70.624 -13.565 0
4 16 59.414 -16.174 0 56.968 -16.174 0 56.968 -13.565 0 59.414 -13.565 0
4 0 56.968 -14.261 0 54.726 -14.261 0 54.726 -13.565 0 56.968 -13.565 0
4 16 54.726 -14.261 0 52.076 -14.261 0 52.076 -13.565 0 54.726 -13.565 0
4 16 49.834 -13.739 0 48.408 -13.739 0 48.408 -13.391 0 49.834 -13.391 0
4 0 48.408 -13.739 0 47.796 -13.739 0 47.796 -13.391 0 48.408 -13.391 0
4 16 37.911 -14.261 0 35.057 -14.261 0 35.057 -13.391 0 37.911 -13.391 0
4 0 35.057 -13.913 0 32.611 -13.913 0 32.611 -13.391 0 35.057 -13.391 0
4 16 28.229 -13.739 0 26.802 -13.739 0 26.802 -13.391 0 28.229 -13.391 0
4 0 26.802 -13.739 0 26.191 -13.739 0 26.191 -13.391 0 26.802 -13.391 0
4 16 72.459 -13.565 0 70.726 -13.565 0 70.726 -13.217 0 72.459 -13.217 0
4 0 70.726 -13.565 0 70.115 -13.565 0 70.115 -13.217 0 70.726 -13.217 0
4 0 34.955 -13.391 0 32.611 -13.391 0 32.611 -13.217 0 34.955 -13.217 0
4 16 32.611 -13.913 0 30.471 -13.913 0 30.471 -13.217 0 32.611 -13.217 0
4 0 17.834 -13.739 0 15.592 -13.739 0 15.592 -13.217 0 17.834 -13.217 0
4 16 15.592 -13.739 0 11.822 -13.739 0 11.822 -13.217 0 15.592 -13.217 0
4 16 72.459 -13.217 0 70.828 -13.217 0 70.828 -13.043 0 72.459 -13.043 0
4 0 70.828 -13.217 0 70.115 -13.217 0 70.115 -13.043 0 70.828 -13.043 0
4 16 59.414 -13.565 0 57.07 -13.565 0 57.07 -13.043 0 59.414 -13.043 0
4 0 57.07 -13.565 0 54.828 -13.565 0 54.828 -13.043 0 57.07 -13.043 0
4 16 54.828 -13.565 0 52.076 -13.565 0 52.076 -13.043 0 54.828 -13.043 0
4 16 49.834 -13.391 0 48.51 -13.391 0 48.51 -13.043 0 49.834 -13.043 0
4 0 48.51 -13.391 0 47.796 -13.391 0 47.796 -13.043 0 48.51 -13.043 0
4 16 28.229 -13.391 0 26.904 -13.391 0 26.904 -13.043 0 28.229 -13.043 0
4 0 26.904 -13.391 0 26.191 -13.391 0 26.191 -13.043 0 26.904 -13.043 0
4 16 19.465 -13.739 0 17.834 -13.739 0 17.834 -13.043 0 19.465 -13.043 0
4 0 17.834 -13.217 0 15.694 -13.217 0 15.694 -13.043 0 17.834 -13.043 0
4 16 72.459 -13.043 0 70.93 -13.043 0 70.93 -12.87 0 72.459 -12.87 0
4 0 70.93 -13.043 0 70.115 -13.043 0 70.115 -12.87 0 70.93 -12.87 0
4 16 49.834 -13.043 0 48.611 -13.043 0 48.611 -12.87 0 49.834 -12.87 0
4 0 48.611 -13.043 0 47.796 -13.043 0 47.796 -12.87 0 48.611 -12.87 0
4 16 28.229 -13.043 0 27.006 -13.043 0 27.006 -12.87 0 28.229 -12.87 0
4 0 27.006 -13.043 0 26.191 -13.043 0 26.191 -12.87 0 27.006 -12.87 0
4 16 19.465 -13.043 0 17.936 -13.043 0 17.936 -12.87 0 19.465 -12.87 0
4 0 17.936 -13.043 0 15.694 -13.043 0 15.694 -12.87 0 17.936 -12.87 0
4 16 15.694 -13.217 0 11.822 -13.217 0 11.822 -12.87 0 15.694 -12.87 0
4 16 72.459 -12.87 0 71.032 -12.87 0 71.032 -12.696 0 72.459 -12.696 0
4 0 71.032 -12.87 0 70.115 -12.87 0 70.115 -12.696 0 71.032 -12.696 0
4 16 59.414 -13.043 0 57.172 -13.043 0 57.172 -12.696 0 59.414 -12.696 0
4 0 57.172 -13.043 0 54.93 -13.043 0 54.93 -12.696 0 57.172 -12.696 0
4 16 54.93 -13.043 0 52.076 -13.043 0 52.076 -12.696 0 54.93 -12.696 0
4 16 49.834 -12.87 0 48.713 -12.87 0 48.713 -12.696 0 49.834 -12.696 0
4 0 48.713 -12.87 0 47.796 -12.87 0 47.796 -12.696 0 48.713 -12.696 0
4 16 28.229 -12.87 0 27.108 -12.87 0 27.108 -12.696 0 28.229 -12.696 0
4 0 27.108 -12.87 0 26.191 -12.87 0 26.191 -12.696 0 27.108 -12.696 0
4 0 18.038 -12.87 0 15.796 -12.87 0 15.796 -12.696 0 18.038 -12.696 0
4 16 15.796 -12.87 0 11.822 -12.87 0 11.822 -12.696 0 15.796 -12.696 0
4 16 72.459 -12.696 0 71.134 -12.696 0 71.134 -12.522 0 72.459 -12.522 0
4 0 71.134 -12.696 0 70.115 -12.696 0 70.115 -12.522 0 71.134 -12.522 0
4 16 59.414 -12.696 0 57.274 -12.696 0 57.274 -12.522 0 59.414 -12.522 0
4 0 57.274 -12.696 0 55.032 -12.696 0 55.032 -12.522 0 57.274 -12.522 0
4 16 55.032 -12.696 0 52.076 -12.696 0 52.076 -12.522 0 55.032 -12.522 0
4 16 49.834 -12.696 0 48.815 -12.696 0 48.815 -12.522 0 49.834 -12.522 0
4 0 48.815 -12.696 0 47.796 -12.696 0 47.796 -12.522 0 48.815 -12.522 0
4 16 28.229 -12.696 0 27.21 -12.696 0 27.21 -12.522 0 28.229 -12.522 0
4 0 27.21 -12.696 0 26.191 -12.696 0 26.191 -12.522 0 27.21 -12.522 0
4 16 19.465 -12.87 0 18.038 -12.87 0 18.038 -12.522 0 19.465 -12.522 0
4 0 18.038 -12.696 0 15.898 -12.696 0 15.898 -12.522 0 18.038 -12.522 0
4 16 15.898 -12.696 0 11.822 -12.696 0 11.822 -12.522 0 15.898 -12.522 0
4 16 72.459 -12.522 0 71.236 -12.522 0 71.236 -12.348 0 72.459 -12.348 0
4 0 71.236 -12.522 0 70.115 -12.522 0 70.115 -12.348 0 71.236 -12.348 0
4 16 59.414 -12.522 0 57.376 -12.522 0 57.376 -12.348 0 59.414 -12.348 0
4 0 57.376 -12.522 0 55.134 -12.522 0 55.134 -12.348 0 57.376 -12.348 0
4 16 55.134 -12.522 0 52.076 -12.522 0 52.076 -12.348 0 55.134 -12.348 0
4 16 49.834 -12.522 0 48.917 -12.522 0 48.917 -12.348 0 49.834 -12.348 0
4 0 48.917 -12.522 0 47.796 -12.522 0 47.796 -12.348 0 48.917 -12.348 0
4 16 28.229 -12.522 0 27.312 -12.522 0 27.312 -12.348 0 28.229 -12.348 0
4 0 27.312 -12.522 0 26.191 -12.522 0 26.191 -12.348 0 27.312 -12.348 0
4 16 19.465 -12.522 0 18.14 -12.522 0 18.14 -12.348 0 19.465 -12.348 0
4 0 18.14 -12.522 0 16 -12.522 0 16 -12.348 0 18.14 -12.348 0
4 16 72.459 -12.348 0 71.439 -12.348 0 71.439 -12.174 0 72.459 -12.174 0
4 0 71.439 -12.348 0 70.115 -12.348 0 70.115 -12.174 0 71.439 -12.174 0
4 16 59.414 -12.348 0 57.478 -12.348 0 57.478 -12.174 0 59.414 -12.174 0
4 0 57.478 -12.348 0 55.236 -12.348 0 55.236 -12.174 0 57.478 -12.174 0
4 16 55.236 -12.348 0 52.076 -12.348 0 52.076 -12.174 0 55.236 -12.174 0
4 16 49.834 -12.348 0 49.121 -12.348 0 49.121 -12.174 0 49.834 -12.174 0
4 0 49.121 -12.348 0 47.796 -12.348 0 47.796 -12.174 0 49.121 -12.174 0
4 16 28.229 -12.348 0 27.516 -12.348 0 27.516 -12.174 0 28.229 -12.174 0
4 0 27.516 -12.348 0 26.191 -12.348 0 26.191 -12.174 0 27.516 -12.174 0
4 16 19.465 -12.348 0 18.242 -12.348 0 18.242 -12.174 0 19.465 -12.174 0
4 0 18.242 -12.348 0 16 -12.348 0 16 -12.174 0 18.242 -12.174 0
4 16 16 -12.522 0 11.822 -12.522 0 11.822 -12.174 0 16 -12.174 0
4 0 74.701 -17.739 0 72.459 -17.739 0 72.459 -12 0 74.701 -12 0
4 16 72.459 -12.174 0 71.745 -12.174 0 71.745 -12 0 72.459 -12 0
4 0 71.745 -12.174 0 70.115 -12.174 0 70.115 -12 0 71.745 -12 0
4 16 59.414 -12.174 0 57.58 -12.174 0 57.58 -12 0 59.414 -12 0
4 0 57.58 -12.174 0 55.338 -12.174 0 55.338 -12 0 57.58 -12 0
4 16 55.338 -12.174 0 52.076 -12.174 0 52.076 -12 0 55.338 -12 0
4 0 52.076 -17.565 0 49.834 -17.565 0 49.834 -12 0 52.076 -12 0
4 16 49.834 -12.174 0 49.529 -12.174 0 49.529 -12 0 49.834 -12 0
4 0 49.529 -12.174 0 47.796 -12.174 0 47.796 -12 0 49.529 -12 0
4 0 30.471 -17.565 0 28.229 -17.565 0 28.229 -12 0 30.471 -12 0
4 16 28.229 -12.174 0 27.924 -12.174 0 27.924 -12 0 28.229 -12 0
4 0 27.924 -12.174 0 26.191 -12.174 0 26.191 -12 0 27.924 -12 0
4 16 19.465 -12.174 0 18.344 -12.174 0 18.344 -12 0 19.465 -12 0
4 0 18.344 -12.174 0 16.102 -12.174 0 16.102 -12 0 18.344 -12 0
4 16 16.102 -12.174 0 11.822 -12.174 0 11.822 -12 0 16.102 -12 0
4 16 59.414 -12 0 57.885 -12 0 57.885 -11.826 0 59.414 -11.826 0
4 0 57.885 -12 0 55.44 -12 0 55.44 -11.826 0 57.885 -11.826 0
4 16 55.44 -12 0 52.076 -12 0 52.076 -11.826 0 55.44 -11.826 0
4 16 19.465 -12 0 18.548 -12 0 18.548 -11.826 0 19.465 -11.826 0
4 0 18.548 -12 0 16.306 -12 0 16.306 -11.826 0 18.548 -11.826 0
4 16 16.306 -12 0 11.822 -12 0 11.822 -11.826 0 16.306 -11.826 0
4 0 61.656 -17.913 0 59.414 -17.913 0 59.414 -11.652 0 61.656 -11.652 0
4 16 59.414 -11.826 0 58.191 -11.826 0 58.191 -11.652 0 59.414 -11.652 0
4 0 58.191 -11.826 0 55.541 -11.826 0 55.541 -11.652 0 58.191 -11.652 0
4 16 55.541 -11.826 0 52.076 -11.826 0 52.076 -11.652 0 55.541 -11.652 0
4 0 34.955 -13.217 0 32.51 -13.217 0 32.51 -11.652 0 34.955 -11.652 0
4 16 32.51 -13.217 0 30.471 -13.217 0 30.471 -11.652 0 32.51 -11.652 0
4 0 21.707 -17.913 0 19.465 -17.913 0 19.465 -11.652 0 21.707 -11.652 0
4 16 19.465 -11.826 0 18.955 -11.826 0 18.955 -11.652 0 19.465 -11.652 0
4 0 18.955 -11.826 0 16.408 -11.826 0 16.408 -11.652 0 18.955 -11.652 0
4 16 16.408 -11.826 0 11.822 -11.826 0 11.822 -11.652 0 16.408 -11.652 0
4 0 61.656 -11.652 0 55.745 -11.652 0 55.745 -11.478 0 61.656 -11.478 0
4 16 55.745 -11.652 0 52.076 -11.652 0 52.076 -11.478 0 55.745 -11.478 0
4 0 21.707 -11.652 0 16.611 -11.652 0 16.611 -11.478 0 21.707 -11.478 0
4 16 16.611 -11.652 0 11.822 -11.652 0 11.822 -11.478 0 16.611 -11.478 0
4 0 61.656 -11.478 0 55.949 -11.478 0 55.949 -11.304 0 61.656 -11.304 0
4 16 55.949 -11.478 0 52.076 -11.478 0 52.076 -11.304 0 55.949 -11.304 0
4 0 34.955 -11.652 0 32.408 -11.652 0 32.408 -11.304 0 34.955 -11.304 0
4 16 32.408 -11.652 0 30.471 -11.652 0 30.471 -11.304 0 32.408 -11.304 0
4 0 21.707 -11.478 0 16.713 -11.478 0 16.713 -11.304 0 21.707 -11.304 0
4 16 16.713 -11.478 0 11.822 -11.478 0 11.822 -11.304 0 16.713 -11.304 0
4 0 74.701 -12 0 70.115 -12 0 70.115 -11.13 0 74.701 -11.13 0
4 0 61.656 -11.304 0 56.153 -11.304 0 56.153 -11.13 0 61.656 -11.13 0
4 16 56.153 -11.304 0 52.076 -11.304 0 52.076 -11.13 0 56.153 -11.13 0
4 0 52.076 -12 0 47.796 -12 0 47.796 -11.13 0 52.076 -11.13 0
4 0 30.471 -12 0 26.191 -12 0 26.191 -11.13 0 30.471 -11.13 0
4 0 21.707 -11.304 0 17.019 -11.304 0 17.019 -11.13 0 21.707 -11.13 0
4 16 17.019 -11.304 0 11.822 -11.304 0 11.822 -11.13 0 17.019 -11.13 0
4 16 72.459 -11.13 0 72.153 -11.13 0 72.153 -10.956 0 72.459 -10.956 0
4 0 72.153 -11.13 0 70.115 -11.13 0 70.115 -10.956 0 72.153 -10.956 0
4 16 49.834 -11.13 0 49.427 -11.13 0 49.427 -10.956 0 49.834 -10.956 0
4 0 49.427 -11.13 0 47.796 -11.13 0 47.796 -10.956 0 49.427 -10.956 0
4 16 28.229 -11.13 0 27.822 -11.13 0 27.822 -10.956 0 28.229 -10.956 0
4 0 27.822 -11.13 0 26.191 -11.13 0 26.191 -10.956 0 27.822 -10.956 0
4 0 21.707 -11.13 0 17.325 -11.13 0 17.325 -10.956 0 21.707 -10.956 0
4 16 17.325 -11.13 0 11.822 -11.13 0 11.822 -10.956 0 17.325 -10.956 0
4 16 72.459 -10.956 0 71.643 -10.956 0 71.643 -10.783 0 72.459 -10.783 0
4 0 71.643 -10.956 0 70.115 -10.956 0 70.115 -10.783 0 71.643 -10.783 0
4 0 61.656 -11.13 0 56.459 -11.13 0 56.459 -10.783 0 61.656 -10.783 0
4 16 49.834 -10.956 0 49.121 -10.956 0 49.121 -10.783 0 49.834 -10.783 0
4 0 49.121 -10.956 0 47.796 -10.956 0 47.796 -10.783 0 49.121 -10.783 0
4 16 28.229 -10.956 0 27.516 -10.956 0 27.516 -10.783 0 28.229 -10.783 0
4 0 27.516 -10.956 0 26.191 -10.956 0 26.191 -10.783 0 27.516 -10.783 0
4 0 21.707 -10.956 0 17.834 -10.956 0 17.834 -10.783 0 21.707 -10.783 0
4 16 17.834 -10.956 0 11.822 -10.956 0 11.822 -10.783 0 17.834 -10.783 0
4 16 72.459 -10.783 0 71.338 -10.783 0 71.338 -10.609 0 72.459 -10.609 0
4 0 71.338 -10.783 0 70.115 -10.783 0 70.115 -10.609 0 71.338 -10.609 0
4 16 59.414 -10.783 0 59.006 -10.783 0 59.006 -10.609 0 59.414 -10.609 0
4 0 59.006 -10.783 0 56.459 -10.783 0 56.459 -10.609 0 59.006 -10.609 0
4 16 56.459 -11.13 0 52.076 -11.13 0 52.076 -10.609 0 56.459 -10.609 0
4 16 49.834 -10.783 0 48.917 -10.783 0 48.917 -10.609 0 49.834 -10.609 0
4 0 48.917 -10.783 0 47.796 -10.783 0 47.796 -10.609 0 48.917 -10.609 0
4 16 28.229 -10.783 0 27.312 -10.783 0 27.312 -10.609 0 28.229 -10.609 0
4 0 27.312 -10.783 0 26.191 -10.783 0 26.191 -10.609 0 27.312 -10.609 0
4 16 72.459 -10.609 0 71.236 -10.609 0 71.236 -10.435 0 72.459 -10.435 0
4 0 71.236 -10.609 0 70.115 -10.609 0 70.115 -10.435 0 71.236 -10.435 0
4 16 59.414 -10.609 0 58.904 -10.609 0 58.904 -10.435 0 59.414 -10.435 0
4 0 58.904 -10.609 0 56.357 -10.609 0 56.357 -10.435 0 58.904 -10.435 0
4 16 56.357 -10.609 0 52.076 -10.609 0 52.076 -10.435 0 56.357 -10.435 0
4 16 49.834 -10.609 0 48.815 -10.609 0 48.815 -10.435 0 49.834 -10.435 0
4 0 48.815 -10.609 0 47.796 -10.609 0 47.796 -10.435 0 48.815 -10.435 0
4 16 28.229 -10.609 0 27.21 -10.609 0 27.21 -10.435 0 28.229 -10.435 0
4 0 27.21 -10.609 0 26.191 -10.609 0 26.191 -10.435 0 27.21 -10.435 0
4 16 72.459 -10.435 0 71.032 -10.435 0 71.032 -10.261 0 72.459 -10.261 0
4 0 71.032 -10.435 0 70.115 -10.435 0 70.115 -10.261 0 71.032 -10.261 0
4 16 59.414 -10.435 0 58.803 -10.435 0 58.803 -10.261 0 59.414 -10.261 0
4 0 58.803 -10.435 0 56.255 -10.435 0 56.255 -10.261 0 58.803 -10.261 0
4 16 49.834 -10.435 0 48.713 -10.435 0 48.713 -10.261 0 49.834 -10.261 0
4 0 48.713 -10.435 0 47.796 -10.435 0 47.796 -10.261 0 48.713 -10.261 0
4 16 28.229 -10.435 0 27.108 -10.435 0 27.108 -10.261 0 28.229 -10.261 0
4 0 27.108 -10.435 0 26.191 -10.435 0 26.191 -10.261 0 27.108 -10.261 0
4 16 72.459 -10.261 0 70.93 -10.261 0 70.93 -10.087 0 72.459 -10.087 0
4 0 70.93 -10.261 0 70.115 -10.261 0 70.115 -10.087 0 70.93 -10.087 0
4 0 58.701 -10.261 0 56.255 -10.261 0 56.255 -10.087 0 58.701 -10.087 0
4 16 56.255 -10.435 0 52.076 -10.435 0 52.076 -10.087 0 56.255 -10.087 0
4 16 49.834 -10.261 0 48.611 -10.261 0 48.611 -10.087 0 49.834 -10.087 0
4 0 48.611 -10.261 0 47.796 -10.261 0 47.796 -10.087 0 48.611 -10.087 0
4 16 28.229 -10.261 0 27.006 -10.261 0 27.006 -10.087 0 28.229 -10.087 0
4 0 27.006 -10.261 0 26.191 -10.261 0 26.191 -10.087 0 27.006 -10.087 0
4 16 59.414 -10.261 0 58.701 -10.261 0 58.701 -9.913 0 59.414 -9.913 0
4 0 58.701 -10.087 0 56.153 -10.087 0 56.153 -9.913 0 58.701 -9.913 0
4 16 56.153 -10.087 0 52.076 -10.087 0 52.076 -9.913 0 56.153 -9.913 0
4 16 72.459 -10.087 0 70.828 -10.087 0 70.828 -9.739 0 72.459 -9.739 0
4 0 70.828 -10.087 0 70.115 -10.087 0 70.115 -9.739 0 70.828 -9.739 0
4 16 59.414 -9.913 0 58.599 -9.913 0 58.599 -9.739 0 59.414 -9.739 0
4 0 58.599 -9.913 0 56.051 -9.913 0 56.051 -9.739 0 58.599 -9.739 0
4 16 56.051 -9.913 0 52.076 -9.913 0 52.076 -9.739 0 56.051 -9.739 0
4 16 49.834 -10.087 0 48.51 -10.087 0 48.51 -9.739 0 49.834 -9.739 0
4 0 48.51 -10.087 0 47.796 -10.087 0 47.796 -9.739 0 48.51 -9.739 0
4 16 28.229 -10.087 0 26.904 -10.087 0 26.904 -9.739 0 28.229 -9.739 0
4 0 26.904 -10.087 0 26.191 -10.087 0 26.191 -9.739 0 26.904 -9.739 0
4 0 34.955 -11.304 0 32.51 -11.304 0 32.51 -9.565 0 34.955 -9.565 0
4 16 32.51 -11.304 0 30.471 -11.304 0 30.471 -9.565 0 32.51 -9.565 0
4 16 72.459 -9.739 0 70.726 -9.739 0 70.726 -9.391 0 72.459 -9.391 0
4 0 70.726 -9.739 0 70.115 -9.739 0 70.115 -9.391 0 70.726 -9.391 0
4 16 59.414 -9.739 0 58.497 -9.739 0 58.497 -9.391 0 59.414 -9.391 0
4 0 58.497 -9.739 0 55.949 -9.739 0 55.949 -9.391 0 58.497 -9.391 0
4 16 55.949 -9.739 0 52.076 -9.739 0 52.076 -9.391 0 55.949 -9.391 0
4 16 37.911 -13.391 0 34.955 -13.391 0 34.955 -9.391 0 37.911 -9.391 0
4 0 34.955 -9.565 0 32.611 -9.565 0 32.611 -9.391 0 34.955 -9.391 0
4 16 59.414 -9.391 0 58.395 -9.391 0 58.395 -9.217 0 59.414 -9.217 0
4 0 58.395 -9.391 0 55.847 -9.391 0 55.847 -9.217 0 58.395 -9.217 0
4 16 55.847 -9.391 0 52.076 -9.391 0 52.076 -9.217 0 55.847 -9.217 0
4 16 49.834 -9.739 0 48.408 -9.739 0 48.408 -9.217 0 49.834 -9.217 0
4 0 48.408 -9.739 0 47.796 -9.739 0 47.796 -9.217 0 48.408 -9.217 0
4 16 28.229 -9.739 0 26.802 -9.739 0 26.802 -9.217 0 28.229 -9.217 0
4 0 26.802 -9.739 0 26.191 -9.739 0 26.191 -9.217 0 26.802 -9.217 0
4 0 35.057 -9.391 0 32.611 -9.391 0 32.611 -9.043 0 35.057 -9.043 0
4 16 32.611 -9.565 0 30.471 -9.565 0 30.471 -9.043 0 32.611 -9.043 0
4 16 72.459 -9.391 0 70.624 -9.391 0 70.624 -8.87 0 72.459 -8.87 0
4 0 70.624 -9.391 0 70.115 -9.391 0 70.115 -8.87 0 70.624 -8.87 0
4 16 59.414 -9.217 0 58.293 -9.217 0 58.293 -8.87 0 59.414 -8.87 0
4 0 58.293 -9.217 0 55.745 -9.217 0 55.745 -8.87 0 58.293 -8.87 0
4 16 55.745 -9.217 0 52.076 -9.217 0 52.076 -8.87 0 55.745 -8.87 0
4 16 47.796 -14.435 0 40.153 -14.435 0 40.153 -8.87 0 47.796 -8.87 0
4 16 26.191 -14.435 0 21.707 -14.435 0 21.707 -8.87 0 26.191 -8.87 0
4 16 59.414 -8.87 0 58.191 -8.87 0 58.191 -8.696 0 59.414 -8.696 0
4 0 58.191 -8.87 0 55.643 -8.87 0 55.643 -8.696 0 58.191 -8.696 0
4 16 55.643 -8.87 0 52.076 -8.87 0 52.076 -8.696 0 55.643 -8.696 0
4 16 49.834 -9.217 0 48.306 -9.217 0 48.306 -8.696 0 49.834 -8.696 0
4 0 48.306 -9.217 0 47.796 -9.217 0 47.796 -8.696 0 48.306 -8.696 0
4 16 47.796 -8.87 0 45.554 -8.87 0 45.554 -8.696 0 47.796 -8.696 0
4 0 45.554 -8.87 0 45.35 -8.87 0 45.35 -8.696 0 45.554 -8.696 0
4 16 45.35 -8.87 0 40.153 -8.87 0 40.153 -8.696 0 45.35 -8.696 0
4 16 28.229 -9.217 0 26.701 -9.217 0 26.701 -8.696 0 28.229 -8.696 0
4 0 26.701 -9.217 0 26.191 -9.217 0 26.191 -8.696 0 26.701 -8.696 0
4 16 26.191 -8.87 0 23.949 -8.87 0 23.949 -8.696 0 26.191 -8.696 0
4 0 23.949 -8.87 0 23.745 -8.87 0 23.745 -8.696 0 23.949 -8.696 0
4 16 23.745 -8.87 0 21.707 -8.87 0 21.707 -8.696 0 23.745 -8.696 0
4 16 59.414 -8.696 0 58.089 -8.696 0 58.089 -8.522 0 59.414 -8.522 0
4 0 58.089 -8.696 0 55.541 -8.696 0 55.541 -8.522 0 58.089 -8.522 0
4 0 35.057 -9.043 0 32.713 -9.043 0 32.713 -8.522 0 35.057 -8.522 0
4 16 32.713 -9.043 0 30.471 -9.043 0 30.471 -8.522 0 32.713 -8.522 0
4 0 57.987 -8.522 0 55.541 -8.522 0 55.541 -8.348 0 57.987 -8.348 0
4 16 55.541 -8.696 0 52.076 -8.696 0 52.076 -8.348 0 55.541 -8.348 0
4 16 47.796 -8.696 0 45.656 -8.696 0 45.656 -8.348 0 47.796 -8.348 0
4 0 45.656 -8.696 0 45.248 -8.696 0 45.248 -8.348 0 45.656 -8.348 0
4 16 37.911 -9.391 0 35.057 -9.391 0 35.057 -8.348 0 37.911 -8.348 0
4 0 35.057 -8.522 0 32.815 -8.522 0 32.815 -8.348 0 35.057 -8.348 0
4 16 26.191 -8.696 0 24.051 -8.696 0 24.051 -8.348 0 26.191 -8.348 0
4 0 24.051 -8.696 0 23.643 -8.696 0 23.643 -8.348 0 24.051 -8.348 0
4 16 59.414 -8.522 0 57.987 -8.522 0 57.987 -8.174 0 59.414 -8.174 0
4 0 57.987 -8.348 0 55.44 -8.348 0 55.44 -8.174 0 57.987 -8.174 0
4 16 55.44 -8.348 0 52.076 -8.348 0 52.076 -8.174 0 55.44 -8.174 0
4 16 72.459 -8.87 0 70.522 -8.87 0 70.522 -8 0 72.459 -8 0
4 0 70.522 -8.87 0 70.115 -8.87 0 70.115 -8 0 70.522 -8 0
4 16 59.414 -8.174 0 57.885 -8.174 0 57.885 -8 0 59.414 -8 0
4 0 57.885 -8.174 0 55.338 -8.174 0 55.338 -8 0 57.885 -8 0
4 16 55.338 -8.174 0 52.076 -8.174 0 52.076 -8 0 55.338 -8 0
4 0 45.758 -8.348 0 45.248 -8.348 0 45.248 -8 0 45.758 -8 0
4 16 45.248 -8.696 0 40.153 -8.696 0 40.153 -8 0 45.248 -8 0
4 0 35.159 -8.348 0 32.815 -8.348 0 32.815 -8 0 35.159 -8 0
4 16 32.815 -8.522 0 30.471 -8.522 0 30.471 -8 0 32.815 -8 0
4 0 24.153 -8.348 0 23.643 -8.348 0 23.643 -8 0 24.153 -8 0
4 16 23.643 -8.696 0 21.707 -8.696 0 21.707 -8 0 23.643 -8 0
4 16 47.796 -8.348 0 45.758 -8.348 0 45.758 -7.826 0 47.796 -7.826 0
4 0 45.758 -8 0 45.35 -8 0 45.35 -7.826 0 45.758 -7.826 0
4 16 37.911 -8.348 0 35.159 -8.348 0 35.159 -7.826 0 37.911 -7.826 0
4 0 35.159 -8 0 32.917 -8 0 32.917 -7.826 0 35.159 -7.826 0
4 16 26.191 -8.348 0 24.153 -8.348 0 24.153 -7.826 0 26.191 -7.826 0
4 0 24.153 -8 0 23.745 -8 0 23.745 -7.826 0 24.153 -7.826 0
4 16 72.459 -8 0 70.42 -8 0 70.42 -7.652 0 72.459 -7.652 0
4 0 70.42 -8 0 70.115 -8 0 70.115 -7.652 0 70.42 -7.652 0
4 16 70.115 -14.609 0 66.65 -14.609 0 66.65 -7.652 0 70.115 -7.652 0
4 16 59.414 -8 0 57.783 -8 0 57.783 -7.652 0 59.414 -7.652 0
4 0 57.783 -8 0 55.236 -8 0 55.236 -7.652 0 57.783 -7.652 0
4 16 55.236 -8 0 52.076 -8 0 52.076 -7.652 0 55.236 -7.652 0
4 16 49.834 -8.696 0 48.204 -8.696 0 48.204 -7.652 0 49.834 -7.652 0
4 0 48.204 -8.696 0 47.796 -8.696 0 47.796 -7.652 0 48.204 -7.652 0
4 16 47.796 -7.826 0 45.86 -7.826 0 45.86 -7.652 0 47.796 -7.652 0
4 0 35.261 -7.826 0 32.917 -7.826 0 32.917 -7.652 0 35.261 -7.652 0
4 16 32.917 -8 0 30.471 -8 0 30.471 -7.652 0 32.917 -7.652 0
4 16 28.229 -8.696 0 26.599 -8.696 0 26.599 -7.652 0 28.229 -7.652 0
4 0 26.599 -8.696 0 26.191 -8.696 0 26.191 -7.652 0 26.599 -7.652 0
4 16 26.191 -7.826 0 24.255 -7.826 0 24.255 -7.652 0 26.191 -7.652 0
4 16 59.414 -7.652 0 57.681 -7.652 0 57.681 -7.478 0 59.414 -7.478 0
4 0 57.681 -7.652 0 55.134 -7.652 0 55.134 -7.478 0 57.681 -7.478 0
4 16 55.134 -7.652 0 52.076 -7.652 0 52.076 -7.478 0 55.134 -7.478 0
4 16 49.834 -7.652 0 45.86 -7.652 0 45.86 -7.478 0 49.834 -7.478 0
4 0 45.86 -7.826 0 45.35 -7.826 0 45.35 -7.478 0 45.86 -7.478 0
4 16 28.229 -7.652 0 24.255 -7.652 0 24.255 -7.478 0 28.229 -7.478 0
4 0 24.255 -7.826 0 23.745 -7.826 0 23.745 -7.478 0 24.255 -7.478 0
4 16 37.911 -7.826 0 35.261 -7.826 0 35.261 -7.304 0 37.911 -7.304 0
4 0 35.261 -7.652 0 33.019 -7.652 0 33.019 -7.304 0 35.261 -7.304 0
4 16 33.019 -7.652 0 30.471 -7.652 0 30.471 -7.304 0 33.019 -7.304 0
4 16 9.58 -14.783 0 1.427 -14.783 0 1.427 -7.304 0 9.58 -7.304 0
4 16 59.414 -7.478 0 57.58 -7.478 0 57.58 -7.13 0 59.414 -7.13 0
4 0 57.58 -7.478 0 55.032 -7.478 0 55.032 -7.13 0 57.58 -7.13 0
4 16 55.032 -7.478 0 52.076 -7.478 0 52.076 -7.13 0 55.032 -7.13 0
4 16 49.834 -7.478 0 45.962 -7.478 0 45.962 -7.13 0 49.834 -7.13 0
4 0 45.962 -7.478 0 45.35 -7.478 0 45.35 -7.13 0 45.962 -7.13 0
4 0 35.363 -7.304 0 33.121 -7.304 0 33.121 -7.13 0 35.363 -7.13 0
4 16 33.121 -7.304 0 30.471 -7.304 0 30.471 -7.13 0 33.121 -7.13 0
4 16 28.229 -7.478 0 24.357 -7.478 0 24.357 -7.13 0 28.229 -7.13 0
4 0 24.357 -7.478 0 23.745 -7.478 0 23.745 -7.13 0 24.357 -7.13 0
4 16 9.58 -7.304 0 6.217 -7.304 0 6.217 -7.13 0 9.58 -7.13 0
4 0 6.217 -7.304 0 5.197 -7.304 0 5.197 -7.13 0 6.217 -7.13 0
4 16 5.197 -7.304 0 1.427 -7.304 0 1.427 -7.13 0 5.197 -7.13 0
4 16 59.414 -7.13 0 57.478 -7.13 0 57.478 -6.957 0 59.414 -6.957 0
4 0 57.478 -7.13 0 54.93 -7.13 0 54.93 -6.957 0 57.478 -6.957 0
4 16 54.93 -7.13 0 52.076 -7.13 0 52.076 -6.957 0 54.93 -6.957 0
4 16 49.834 -7.13 0 46.064 -7.13 0 46.064 -6.957 0 49.834 -6.957 0
4 0 46.064 -7.13 0 45.35 -7.13 0 45.35 -6.957 0 46.064 -6.957 0
4 16 37.911 -7.304 0 35.363 -7.304 0 35.363 -6.957 0 37.911 -6.957 0
4 0 35.363 -7.13 0 33.223 -7.13 0 33.223 -6.957 0 35.363 -6.957 0
4 16 28.229 -7.13 0 24.459 -7.13 0 24.459 -6.957 0 28.229 -6.957 0
4 0 24.459 -7.13 0 23.745 -7.13 0 23.745 -6.957 0 24.459 -6.957 0
4 16 9.58 -7.13 0 6.318 -7.13 0 6.318 -6.957 0 9.58 -6.957 0
4 0 6.318 -7.13 0 4.994 -7.13 0 4.994 -6.957 0 6.318 -6.957 0
4 16 4.994 -7.13 0 1.427 -7.13 0 1.427 -6.957 0 4.994 -6.957 0
4 16 59.414 -6.957 0 57.376 -6.957 0 57.376 -6.783 0 59.414 -6.783 0
4 0 57.376 -6.957 0 54.828 -6.957 0 54.828 -6.783 0 57.376 -6.783 0
4 0 46.166 -6.957 0 45.35 -6.957 0 45.35 -6.783 0 46.166 -6.783 0
4 16 45.35 -8 0 40.153 -8 0 40.153 -6.783 0 45.35 -6.783 0
4 0 35.465 -6.957 0 33.223 -6.957 0 33.223 -6.783 0 35.465 -6.783 0
4 16 33.223 -7.13 0 30.471 -7.13 0 30.471 -6.783 0 33.223 -6.783 0
4 0 24.561 -6.957 0 23.745 -6.957 0 23.745 -6.783 0 24.561 -6.783 0
4 16 23.745 -8 0 21.707 -8 0 21.707 -6.783 0 23.745 -6.783 0
4 16 9.58 -6.957 0 6.522 -6.957 0 6.522 -6.783 0 9.58 -6.783 0
4 0 6.522 -6.957 0 4.892 -6.957 0 4.892 -6.783 0 6.522 -6.783 0
4 16 4.892 -6.957 0 1.427 -6.957 0 1.427 -6.783 0 4.892 -6.783 0
4 0 57.274 -6.783 0 54.828 -6.783 0 54.828 -6.609 0 57.274 -6.609 0
4 16 54.828 -6.957 0 52.076 -6.957 0 52.076 -6.609 0 54.828 -6.609 0
4 16 49.834 -6.957 0 46.166 -6.957 0 46.166 -6.609 0 49.834 -6.609 0
4 0 46.166 -6.783 0 45.452 -6.783 0 45.452 -6.609 0 46.166 -6.609 0
4 16 37.911 -6.957 0 35.465 -6.957 0 35.465 -6.609 0 37.911 -6.609 0
4 0 35.465 -6.783 0 33.325 -6.783 0 33.325 -6.609 0 35.465 -6.609 0
4 16 33.325 -6.783 0 30.471 -6.783 0 30.471 -6.609 0 33.325 -6.609 0
4 16 28.229 -6.957 0 24.561 -6.957 0 24.561 -6.609 0 28.229 -6.609 0
4 0 24.561 -6.783 0 23.847 -6.783 0 23.847 -6.609 0 24.561 -6.609 0
4 0 6.624 -6.783 0 4.79 -6.783 0 4.79 -6.609 0 6.624 -6.609 0
4 16 4.79 -6.783 0 1.427 -6.783 0 1.427 -6.609 0 4.79 -6.609 0
4 16 59.414 -6.783 0 57.274 -6.783 0 57.274 -6.435 0 59.414 -6.435 0
4 0 57.274 -6.609 0 54.726 -6.609 0 54.726 -6.435 0 57.274 -6.435 0
4 16 54.726 -6.609 0 52.076 -6.609 0 52.076 -6.435 0 54.726 -6.435 0
4 16 49.834 -6.609 0 46.267 -6.609 0 46.267 -6.435 0 49.834 -6.435 0
4 0 46.267 -6.609 0 45.452 -6.609 0 45.452 -6.435 0 46.267 -6.435 0
4 0 35.567 -6.609 0 33.427 -6.609 0 33.427 -6.435 0 35.567 -6.435 0
4 16 33.427 -6.609 0 30.471 -6.609 0 30.471 -6.435 0 33.427 -6.435 0
4 16 28.229 -6.609 0 24.662 -6.609 0 24.662 -6.435 0 28.229 -6.435 0
4 0 24.662 -6.609 0 23.847 -6.609 0 23.847 -6.435 0 24.662 -6.435 0
4 16 9.58 -6.783 0 6.624 -6.783 0 6.624 -6.435 0 9.58 -6.435 0
4 0 6.624 -6.609 0 4.688 -6.609 0 4.688 -6.435 0 6.624 -6.435 0
4 16 59.414 -6.435 0 57.172 -6.435 0 57.172 -6.261 0 59.414 -6.261 0
4 0 57.172 -6.435 0 54.624 -6.435 0 54.624 -6.261 0 57.172 -6.261 0
4 16 54.624 -6.435 0 52.076 -6.435 0 52.076 -6.261 0 54.624 -6.261 0
4 16 49.834 -6.435 0 46.369 -6.435 0 46.369 -6.261 0 49.834 -6.261 0
4 0 46.369 -6.435 0 45.452 -6.435 0 45.452 -6.261 0 46.369 -6.261 0
4 16 37.911 -6.609 0 35.567 -6.609 0 35.567 -6.261 0 37.911 -6.261 0
4 0 35.567 -6.435 0 33.529 -6.435 0 33.529 -6.261 0 35.567 -6.261 0
4 16 33.529 -6.435 0 30.471 -6.435 0 30.471 -6.261 0 33.529 -6.261 0
4 16 28.229 -6.435 0 24.764 -6.435 0 24.764 -6.261 0 28.229 -6.261 0
4 0 24.764 -6.435 0 23.847 -6.435 0 23.847 -6.261 0 24.764 -6.261 0
4 0 6.726 -6.435 0 4.688 -6.435 0 4.688 -6.261 0 6.726 -6.261 0
4 16 4.688 -6.609 0 1.427 -6.609 0 1.427 -6.261 0 4.688 -6.261 0
4 16 49.834 -6.261 0 46.471 -6.261 0 46.471 -6.087 0 49.834 -6.087 0
4 0 46.471 -6.261 0 45.452 -6.261 0 45.452 -6.087 0 46.471 -6.087 0
4 16 37.911 -6.261 0 35.669 -6.261 0 35.669 -6.087 0 37.911 -6.087 0
4 0 35.669 -6.261 0 33.631 -6.261 0 33.631 -6.087 0 35.669 -6.087 0
4 16 33.631 -6.261 0 30.471 -6.261 0 30.471 -6.087 0 33.631 -6.087 0
4 16 28.229 -6.261 0 24.866 -6.261 0 24.866 -6.087 0 28.229 -6.087 0
4 0 24.866 -6.261 0 23.847 -6.261 0 23.847 -6.087 0 24.866 -6.087 0
4 16 9.58 -6.435 0 6.726 -6.435 0 6.726 -6.087 0 9.58 -6.087 0
4 0 6.726 -6.261 0 4.586 -6.261 0 4.586 -6.087 0 6.726 -6.087 0
4 16 59.414 -6.261 0 57.07 -6.261 0 57.07 -5.913 0 59.414 -5.913 0
4 0 57.07 -6.261 0 54.522 -6.261 0 54.522 -5.913 0 57.07 -5.913 0
4 16 54.522 -6.261 0 52.076 -6.261 0 52.076 -5.913 0 54.522 -5.913 0
4 16 49.834 -6.087 0 46.573 -6.087 0 46.573 -5.913 0 49.834 -5.913 0
4 0 46.573 -6.087 0 45.452 -6.087 0 45.452 -5.913 0 46.573 -5.913 0
4 16 37.911 -6.087 0 35.771 -6.087 0 35.771 -5.913 0 37.911 -5.913 0
4 0 35.771 -6.087 0 33.733 -6.087 0 33.733 -5.913 0 35.771 -5.913 0
4 16 33.733 -6.087 0 30.471 -6.087 0 30.471 -5.913 0 33.733 -5.913 0
4 16 28.229 -6.087 0 24.968 -6.087 0 24.968 -5.913 0 28.229 -5.913 0
4 0 24.968 -6.087 0 23.847 -6.087 0 23.847 -5.913 0 24.968 -5.913 0
4 16 59.414 -5.913 0 56.968 -5.913 0 56.968 -5.739 0 59.414 -5.739 0
4 0 56.968 -5.913 0 54.42 -5.913 0 54.42 -5.739 0 56.968 -5.739 0
4 16 54.42 -5.913 0 52.076 -5.913 0 52.076 -5.739 0 54.42 -5.739 0
4 16 49.834 -5.913 0 46.675 -5.913 0 46.675 -5.739 0 49.834 -5.739 0
4 0 46.675 -5.913 0 45.452 -5.913 0 45.452 -5.739 0 46.675 -5.739 0
4 16 37.911 -5.913 0 35.873 -5.913 0 35.873 -5.739 0 37.911 -5.739 0
4 0 35.873 -5.913 0 33.834 -5.913 0 33.834 -5.739 0 35.873 -5.739 0
4 16 33.834 -5.913 0 30.471 -5.913 0 30.471 -5.739 0 33.834 -5.739 0
4 16 28.229 -5.913 0 25.07 -5.913 0 25.07 -5.739 0 28.229 -5.739 0
4 0 25.07 -5.913 0 23.847 -5.913 0 23.847 -5.739 0 25.07 -5.739 0
4 0 74.701 -11.13 0 72.459 -11.13 0 72.459 -5.565 0 74.701 -5.565 0
4 16 72.459 -7.652 0 66.65 -7.652 0 66.65 -5.565 0 72.459 -5.565 0
4 16 59.414 -5.739 0 56.866 -5.739 0 56.866 -5.565 0 59.414 -5.565 0
4 0 56.866 -5.739 0 54.318 -5.739 0 54.318 -5.565 0 56.866 -5.565 0
4 16 54.318 -5.739 0 52.076 -5.739 0 52.076 -5.565 0 54.318 -5.565 0
4 0 52.076 -11.13 0 49.834 -11.13 0 49.834 -5.565 0 52.076 -5.565 0
4 16 49.834 -5.739 0 46.879 -5.739 0 46.879 -5.565 0 49.834 -5.565 0
4 0 46.879 -5.739 0 45.452 -5.739 0 45.452 -5.565 0 46.879 -5.565 0
4 16 45.452 -6.783 0 40.153 -6.783 0 40.153 -5.565 0 45.452 -5.565 0
4 16 37.911 -5.739 0 35.974 -5.739 0 35.974 -5.565 0 37.911 -5.565 0
4 0 35.974 -5.739 0 33.936 -5.739 0 33.936 -5.565 0 35.974 -5.565 0
4 16 33.936 -5.739 0 30.471 -5.739 0 30.471 -5.565 0 33.936 -5.565 0
4 0 30.471 -11.13 0 28.229 -11.13 0 28.229 -5.565 0 30.471 -5.565 0
4 16 28.229 -5.739 0 25.274 -5.739 0 25.274 -5.565 0 28.229 -5.565 0
4 0 25.274 -5.739 0 23.847 -5.739 0 23.847 -5.565 0 25.274 -5.565 0
4 16 23.847 -6.783 0 21.707 -6.783 0 21.707 -5.565 0 23.847 -5.565 0
4 16 72.357 -5.565 0 66.65 -5.565 0 66.65 -5.391 0 72.357 -5.391 0
4 0 66.65 -17.565 0 64.408 -17.565 0 64.408 -5.391 0 66.65 -5.391 0
4 0 61.656 -10.783 0 59.414 -10.783 0 59.414 -5.391 0 61.656 -5.391 0
4 16 59.414 -5.565 0 56.764 -5.565 0 56.764 -5.391 0 59.414 -5.391 0
4 16 54.217 -5.565 0 52.076 -5.565 0 52.076 -5.391 0 54.217 -5.391 0
4 0 52.076 -5.565 0 49.733 -5.565 0 49.733 -5.391 0 52.076 -5.391 0
4 16 49.733 -5.565 0 46.981 -5.565 0 46.981 -5.391 0 49.733 -5.391 0
4 0 46.981 -5.565 0 45.554 -5.565 0 45.554 -5.391 0 46.981 -5.391 0
4 0 40.153 -17.739 0 37.911 -17.739 0 37.911 -5.391 0 40.153 -5.391 0
4 16 37.911 -5.565 0 36.076 -5.565 0 36.076 -5.391 0 37.911 -5.391 0
4 0 36.076 -5.565 0 34.038 -5.565 0 34.038 -5.391 0 36.076 -5.391 0
4 16 34.038 -5.565 0 30.471 -5.565 0 30.471 -5.391 0 34.038 -5.391 0
4 0 30.471 -5.565 0 28.127 -5.565 0 28.127 -5.391 0 30.471 -5.391 0
4 16 28.127 -5.565 0 25.376 -5.565 0 25.376 -5.391 0 28.127 -5.391 0
4 0 25.376 -5.565 0 23.949 -5.565 0 23.949 -5.391 0 25.376 -5.391 0
4 16 19.465 -10.783 0 11.822 -10.783 0 11.822 -5.391 0 19.465 -5.391 0
4 0 11.822 -18.087 0 9.58 -18.087 0 9.58 -5.391 0 11.822 -5.391 0
4 16 78.573 -17.739 0 74.701 -17.739 0 74.701 -5.217 0 78.573 -5.217 0
4 0 74.701 -5.565 0 72.357 -5.565 0 72.357 -5.217 0 74.701 -5.217 0
4 0 66.752 -5.391 0 64.408 -5.391 0 64.408 -5.217 0 66.752 -5.217 0
4 16 64.408 -17.739 0 61.656 -17.739 0 61.656 -5.217 0 64.408 -5.217 0
4 16 59.312 -5.391 0 56.764 -5.391 0 56.764 -5.217 0 59.312 -5.217 0
4 0 56.764 -5.565 0 54.217 -5.565 0 54.217 -5.217 0 56.764 -5.217 0
4 16 54.217 -5.391 0 52.178 -5.391 0 52.178 -5.217 0 54.217 -5.217 0
4 0 52.178 -5.391 0 49.733 -5.391 0 49.733 -5.217 0 52.178 -5.217 0
4 16 49.733 -5.391 0 47.185 -5.391 0 47.185 -5.217 0 49.733 -5.217 0
4 0 47.185 -5.391 0 45.554 -5.391 0 45.554 -5.217 0 47.185 -5.217 0
4 16 45.554 -5.565 0 40.153 -5.565 0 40.153 -5.217 0 45.554 -5.217 0
4 0 40.153 -5.391 0 37.809 -5.391 0 37.809 -5.217 0 40.153 -5.217 0
4 16 37.809 -5.391 0 36.28 -5.391 0 36.28 -5.217 0 37.809 -5.217 0
4 0 36.28 -5.391 0 34.242 -5.391 0 34.242 -5.217 0 36.28 -5.217 0
4 16 34.242 -5.391 0 30.573 -5.391 0 30.573 -5.217 0 34.242 -5.217 0
4 0 30.573 -5.391 0 28.127 -5.391 0 28.127 -5.217 0 30.573 -5.217 0
4 16 28.127 -5.391 0 25.58 -5.391 0 25.58 -5.217 0 28.127 -5.217 0
4 0 25.58 -5.391 0 23.949 -5.391 0 23.949 -5.217 0 25.58 -5.217 0
4 0 11.924 -5.391 0 9.58 -5.391 0 9.58 -5.217 0 11.924 -5.217 0
4 16 9.58 -6.087 0 6.828 -6.087 0 6.828 -5.217 0 9.58 -5.217 0
4 0 74.802 -5.217 0 72.357 -5.217 0 72.357 -5.043 0 74.802 -5.043 0
4 16 72.357 -5.391 0 66.752 -5.391 0 66.752 -5.043 0 72.357 -5.043 0
4 0 66.752 -5.217 0 64.306 -5.217 0 64.306 -5.043 0 66.752 -5.043 0
4 16 64.306 -5.217 0 61.656 -5.217 0 61.656 -5.043 0 64.306 -5.043 0
4 0 61.656 -5.391 0 59.312 -5.391 0 59.312 -5.043 0 61.656 -5.043 0
4 16 59.312 -5.217 0 56.662 -5.217 0 56.662 -5.043 0 59.312 -5.043 0
4 0 56.662 -5.217 0 54.115 -5.217 0 54.115 -5.043 0 56.662 -5.043 0
4 16 54.115 -5.217 0 52.178 -5.217 0 52.178 -5.043 0 54.115 -5.043 0
4 0 52.178 -5.217 0 49.631 -5.217 0 49.631 -5.043 0 52.178 -5.043 0
4 16 49.631 -5.217 0 47.49 -5.217 0 47.49 -5.043 0 49.631 -5.043 0
4 0 47.49 -5.217 0 45.554 -5.217 0 45.554 -5.043 0 47.49 -5.043 0
4 0 40.255 -5.217 0 37.809 -5.217 0 37.809 -5.043 0 40.255 -5.043 0
4 16 37.809 -5.217 0 36.484 -5.217 0 36.484 -5.043 0 37.809 -5.043 0
4 0 36.484 -5.217 0 34.344 -5.217 0 34.344 -5.043 0 36.484 -5.043 0
4 16 34.344 -5.217 0 30.573 -5.217 0 30.573 -5.043 0 34.344 -5.043 0
4 0 30.573 -5.217 0 28.026 -5.217 0 28.026 -5.043 0 30.573 -5.043 0
4 16 28.026 -5.217 0 25.885 -5.217 0 25.885 -5.043 0 28.026 -5.043 0
4 0 25.885 -5.217 0 23.949 -5.217 0 23.949 -5.043 0 25.885 -5.043 0
4 16 23.949 -5.565 0 21.707 -5.565 0 21.707 -5.043 0 23.949 -5.043 0
4 0 21.707 -10.783 0 19.465 -10.783 0 19.465 -5.043 0 21.707 -5.043 0
4 16 19.465 -5.391 0 11.924 -5.391 0 11.924 -5.043 0 19.465 -5.043 0
4 0 11.924 -5.217 0 9.478 -5.217 0 9.478 -5.043 0 11.924 -5.043 0
4 16 78.573 -5.217 0 74.802 -5.217 0 74.802 -4.87 0 78.573 -4.87 0
4 0 74.802 -5.043 0 72.255 -5.043 0 72.255 -4.87 0 74.802 -4.87 0
4 16 72.255 -5.043 0 66.853 -5.043 0 66.853 -4.87 0 72.255 -4.87 0
4 0 66.853 -5.043 0 64.306 -5.043 0 64.306 -4.87 0 66.853 -4.87 0
4 16 64.306 -5.043 0 61.758 -5.043 0 61.758 -4.87 0 64.306 -4.87 0
4 0 61.758 -5.043 0 59.312 -5.043 0 59.312 -4.87 0 61.758 -4.87 0
4 16 59.312 -5.043 0 56.56 -5.043 0 56.56 -4.87 0 59.312 -4.87 0
4 0 56.56 -5.043 0 54.013 -5.043 0 54.013 -4.87 0 56.56 -4.87 0
4 16 54.013 -5.043 0 52.28 -5.043 0 52.28 -4.87 0 54.013 -4.87 0
4 0 52.28 -5.043 0 49.427 -5.043 0 49.427 -4.87 0 52.28 -4.87 0
4 16 49.427 -5.043 0 48 -5.043 0 48 -4.87 0 49.427 -4.87 0
4 0 48 -5.043 0 45.554 -5.043 0 45.554 -4.87 0 48 -4.87 0
4 16 45.554 -5.217 0 40.255 -5.217 0 40.255 -4.87 0 45.554 -4.87 0
4 0 40.255 -5.043 0 37.605 -5.043 0 37.605 -4.87 0 40.255 -4.87 0
4 16 37.605 -5.043 0 36.79 -5.043 0 36.79 -4.87 0 37.605 -4.87 0
4 0 36.79 -5.043 0 34.548 -5.043 0 34.548 -4.87 0 36.79 -4.87 0
4 16 34.548 -5.043 0 30.675 -5.043 0 30.675 -4.87 0 34.548 -4.87 0
4 0 30.675 -5.043 0 27.822 -5.043 0 27.822 -4.87 0 30.675 -4.87 0
4 16 27.822 -5.043 0 26.395 -5.043 0 26.395 -4.87 0 27.822 -4.87 0
4 0 26.395 -5.043 0 23.949 -5.043 0 23.949 -4.87 0 26.395 -4.87 0
4 16 23.949 -5.043 0 21.809 -5.043 0 21.809 -4.87 0 23.949 -4.87 0
4 0 21.809 -5.043 0 19.363 -5.043 0 19.363 -4.87 0 21.809 -4.87 0
4 16 19.363 -5.043 0 12.025 -5.043 0 12.025 -4.87 0 19.363 -4.87 0
4 0 12.025 -5.043 0 9.478 -5.043 0 9.478 -4.87 0 12.025 -4.87 0
4 16 9.478 -5.217 0 6.828 -5.217 0 6.828 -4.87 0 9.478 -4.87 0
4 0 6.828 -6.087 0 4.586 -6.087 0 4.586 -4.87 0 6.828 -4.87 0
4 16 78.573 -4.87 0 74.904 -4.87 0 74.904 -4.696 0 78.573 -4.696 0
4 0 74.904 -4.87 0 72.153 -4.87 0 72.153 -4.696 0 74.904 -4.696 0
4 16 72.153 -4.87 0 66.853 -4.87 0 66.853 -4.696 0 72.153 -4.696 0
4 0 66.853 -4.87 0 64.204 -4.87 0 64.204 -4.696 0 66.853 -4.696 0
4 16 64.204 -4.87 0 61.86 -4.87 0 61.86 -4.696 0 64.204 -4.696 0
4 0 61.86 -4.87 0 59.21 -4.87 0 59.21 -4.696 0 61.86 -4.696 0
4 16 59.21 -4.87 0 56.56 -4.87 0 56.56 -4.696 0 59.21 -4.696 0
4 0 56.56 -4.87 0 53.911 -4.87 0 53.911 -4.696 0 56.56 -4.696 0
4 16 53.911 -4.87 0 52.28 -4.87 0 52.28 -4.696 0 53.911 -4.696 0
4 0 52.28 -4.87 0 45.554 -4.87 0 45.554 -4.696 0 52.28 -4.696 0
4 16 45.554 -4.87 0 40.357 -4.87 0 40.357 -4.696 0 45.554 -4.696 0
4 0 40.357 -4.87 0 34.752 -4.87 0 34.752 -4.696 0 40.357 -4.696 0
4 16 34.752 -4.87 0 30.675 -4.87 0 30.675 -4.696 0 34.752 -4.696 0
4 0 30.675 -4.87 0 23.949 -4.87 0 23.949 -4.696 0 30.675 -4.696 0
4 16 23.949 -4.87 0 21.911 -4.87 0 21.911 -4.696 0 23.949 -4.696 0
4 0 21.911 -4.87 0 19.261 -4.87 0 19.261 -4.696 0 21.911 -4.696 0
4 16 19.261 -4.87 0 12.025 -4.87 0 12.025 -4.696 0 19.261 -4.696 0
4 0 12.025 -4.87 0 9.376 -4.87 0 9.376 -4.696 0 12.025 -4.696 0
4 16 9.376 -4.87 0 6.726 -4.87 0 6.726 -4.696 0 9.376 -4.696 0
4 0 6.726 -4.87 0 4.586 -4.87 0 4.586 -4.696 0 6.726 -4.696 0
4 16 4.586 -6.261 0 1.427 -6.261 0 1.427 -4.696 0 4.586 -4.696 0
4 16 78.573 -4.696 0 75.108 -4.696 0 75.108 -4.522 0 78.573 -4.522 0
4 0 75.108 -4.696 0 72.051 -4.696 0 72.051 -4.522 0 75.108 -4.522 0
4 16 72.051 -4.696 0 67.057 -4.696 0 67.057 -4.522 0 72.051 -4.522 0
4 0 67.057 -4.696 0 64 -4.696 0 64 -4.522 0 67.057 -4.522 0
4 16 64 -4.696 0 62.064 -4.696 0 62.064 -4.522 0 64 -4.522 0
4 0 62.064 -4.696 0 59.006 -4.696 0 59.006 -4.522 0 62.064 -4.522 0
4 16 59.006 -4.696 0 56.459 -4.696 0 56.459 -4.522 0 59.006 -4.522 0
4 0 56.459 -4.696 0 53.707 -4.696 0 53.707 -4.522 0 56.459 -4.522 0
4 16 53.707 -4.696 0 52.484 -4.696 0 52.484 -4.522 0 53.707 -4.522 0
4 0 52.484 -4.696 0 45.554 -4.696 0 45.554 -4.522 0 52.484 -4.522 0
4 16 45.554 -4.696 0 40.56 -4.696 0 40.56 -4.522 0 45.554 -4.522 0
4 0 40.56 -4.696 0 34.955 -4.696 0 34.955 -4.522 0 40.56 -4.522 0
4 16 34.955 -4.696 0 30.879 -4.696 0 30.879 -4.522 0 34.955 -4.522 0
4 0 30.879 -4.696 0 23.949 -4.696 0 23.949 -4.522 0 30.879 -4.522 0
4 16 23.949 -4.696 0 22.115 -4.696 0 22.115 -4.522 0 23.949 -4.522 0
4 0 22.115 -4.696 0 19.057 -4.696 0 19.057 -4.522 0 22.115 -4.522 0
4 16 19.057 -4.696 0 12.229 -4.696 0 12.229 -4.522 0 19.057 -4.522 0
4 0 12.229 -4.696 0 9.172 -4.696 0 9.172 -4.522 0 12.229 -4.522 0
4 16 9.172 -4.696 0 6.726 -4.696 0 6.726 -4.522 0 9.172 -4.522 0
4 0 6.726 -4.696 0 4.688 -4.696 0 4.688 -4.522 0 6.726 -4.522 0
4 0 56.357 -4.522 0 45.554 -4.522 0 45.554 -4.348 0 56.357 -4.348 0
4 16 45.554 -4.522 0 41.376 -4.522 0 41.376 -4.348 0 45.554 -4.348 0
4 0 41.376 -4.522 0 35.261 -4.522 0 35.261 -4.348 0 41.376 -4.348 0
4 16 35.261 -4.522 0 31.694 -4.522 0 31.694 -4.348 0 35.261 -4.348 0
4 0 31.694 -4.522 0 23.949 -4.522 0 23.949 -4.348 0 31.694 -4.348 0
4 16 23.949 -4.522 0 22.828 -4.522 0 22.828 -4.348 0 23.949 -4.348 0
4 0 6.624 -4.522 0 4.688 -4.522 0 4.688 -4.348 0 6.624 -4.348 0
4 16 4.688 -4.696 0 1.427 -4.696 0 1.427 -4.348 0 4.688 -4.348 0
4 16 58.191 -4.522 0 56.357 -4.522 0 56.357 -4.174 0 58.191 -4.174 0
4 0 56.357 -4.348 0 45.656 -4.348 0 45.656 -4.174 0 56.357 -4.174 0
4 0 41.376 -4.348 0 35.669 -4.348 0 35.669 -4.174 0 41.376 -4.174 0
4 16 35.669 -4.348 0 31.694 -4.348 0 31.694 -4.174 0 35.669 -4.174 0
4 16 8.357 -4.522 0 6.624 -4.522 0 6.624 -4.174 0 8.357 -4.174 0
4 0 6.624 -4.348 0 4.79 -4.348 0 4.79 -4.174 0 6.624 -4.174 0
4 16 4.79 -4.348 0 1.427 -4.348 0 1.427 -4.174 0 4.79 -4.174 0
4 16 78.573 -4.522 0 75.924 -4.522 0 75.924 -4 0 78.573 -4 0
4 0 75.924 -4.522 0 71.236 -4.522 0 71.236 -4 0 75.924 -4 0
4 16 71.236 -4.522 0 67.873 -4.522 0 67.873 -4 0 71.236 -4 0
4 0 67.873 -4.522 0 63.185 -4.522 0 63.185 -4 0 67.873 -4 0
4 16 63.185 -4.522 0 62.777 -4.522 0 62.777 -4 0 63.185 -4 0
4 0 62.777 -4.522 0 58.191 -4.522 0 58.191 -4 0 62.777 -4 0
4 16 58.191 -4.174 0 56.255 -4.174 0 56.255 -4 0 58.191 -4 0
4 0 56.255 -4.174 0 45.656 -4.174 0 45.656 -4 0 56.255 -4 0
4 16 45.656 -4.348 0 41.376 -4.348 0 41.376 -4 0 45.656 -4 0
4 0 41.376 -4.174 0 36.076 -4.174 0 36.076 -4 0 41.376 -4 0
4 16 36.076 -4.174 0 31.694 -4.174 0 31.694 -4 0 36.076 -4 0
4 0 31.694 -4.348 0 24.051 -4.348 0 24.051 -4 0 31.694 -4 0
4 16 24.051 -4.348 0 22.828 -4.348 0 22.828 -4 0 24.051 -4 0
4 0 22.828 -4.522 0 18.344 -4.522 0 18.344 -4 0 22.828 -4 0
4 16 18.344 -4.522 0 13.045 -4.522 0 13.045 -4 0 18.344 -4 0
4 0 13.045 -4.522 0 8.357 -4.522 0 8.357 -4 0 13.045 -4 0
4 16 8.357 -4.174 0 6.522 -4.174 0 6.522 -4 0 8.357 -4 0
4 0 6.522 -4.174 0 4.892 -4.174 0 4.892 -4 0 6.522 -4 0
4 16 4.892 -4.174 0 1.427 -4.174 0 1.427 -4 0 4.892 -4 0
4 16 78.573 -4 0 6.318 -4 0 6.318 -3.826 0 78.573 -3.826 0
4 0 6.318 -4 0 4.994 -4 0 4.994 -3.826 0 6.318 -3.826 0
4 16 4.994 -4 0 1.427 -4 0 1.427 -3.826 0 4.994 -3.826 0
4 16 78.573 -3.826 0 6.217 -3.826 0 6.217 -3.652 0 78.573 -3.652 0
4 0 6.217 -3.826 0 5.197 -3.826 0 5.197 -3.652 0 6.217 -3.652 0
4 16 5.197 -3.826 0 1.427 -3.826 0 1.427 -3.652 0 5.197 -3.652 0
4 16 79.185 -21.565 0 78.573 -21.565 0 78.573 -2.435 0 79.185 -2.435 0
4 16 78.573 -3.652 0 1.427 -3.652 0 1.427 -2.435 0 78.573 -2.435 0
4 16 1.427 -21.565 0 0.815 -21.565 0 0.815 -2.435 0 1.427 -2.435 0
4 16 79.185 -2.435 0 0.815 -2.435 0 0.815 -1.913 0 79.185 -1.913 0
4 16 79.083 -1.913 0 0.917 -1.913 0 0.917 -1.739 0 79.083 -1.739 0
4 16 78.981 -1.739 0 1.019 -1.739 0 1.019 -1.565 0 78.981 -1.565 0
4 16 78.879 -1.565 0 1.121 -1.565 0 1.121 -1.391 0 78.879 -1.391 0
0 
