0 Etiqueta escudo bomberos japoneses      |R:R
0 Name: fireshld.dat
0 Author: cpcbegin
0 !LDRAW_ORG Unofficial_Part
0 BFC CERTIFY CW
4 16 15.667 -22.753 0 14 -22.753 0 14 -22.442 0 15.667 -22.442 0
4 16 5.667 -22.753 0 5 -22.753 0 5 -22.442 0 5.667 -22.442 0
4 16 16 -22.442 0 13.667 -22.442 0 13.667 -22.13 0 16 -22.13 0
4 16 7 -22.442 0 3.667 -22.442 0 3.667 -22.13 0 7 -22.13 0
4 16 16 -22.13 0 10.667 -22.13 0 10.667 -21.818 0 16 -21.818 0
4 16 8.333 -22.13 0 3.667 -22.13 0 3.667 -21.818 0 8.333 -21.818 0
4 16 16.333 -21.818 0 3.333 -21.818 0 3.333 -21.506 0 16.333 -21.506 0
4 16 16.667 -21.506 0 3 -21.506 0 3 -21.195 0 16.667 -21.195 0
4 16 17.333 -21.195 0 3 -21.195 0 3 -20.883 0 17.333 -20.883 0
4 16 17.667 -20.883 0 2.333 -20.883 0 2.333 -20.571 0 17.667 -20.571 0
4 16 12 -20.571 0 2 -20.571 0 2 -20.26 0 12 -20.26 0
4 16 11.667 -20.26 0 1.667 -20.26 0 1.667 -19.948 0 11.667 -19.948 0
4 16 18 -20.571 0 13.667 -20.571 0 13.667 -19.636 0 18 -19.636 0
4 16 18 -19.636 0 14.333 -19.636 0 14.333 -19.325 0 18 -19.325 0
4 16 11.333 -19.948 0 1.667 -19.948 0 1.667 -19.325 0 11.333 -19.325 0
4 16 11 -19.325 0 1.667 -19.325 0 1.667 -19.013 0 11 -19.013 0
4 16 18 -19.325 0 15.667 -19.325 0 15.667 -18.701 0 18 -18.701 0
4 16 4.667 -19.013 0 1.667 -19.013 0 1.667 -18.701 0 4.667 -18.701 0
4 16 10.667 -19.013 0 5.667 -19.013 0 5.667 -18.39 0 10.667 -18.39 0
4 16 4 -18.701 0 1.667 -18.701 0 1.667 -18.39 0 4 -18.39 0
4 16 10.667 -18.39 0 6 -18.39 0 6 -18.078 0 10.667 -18.078 0
4 16 18 -18.701 0 16 -18.701 0 16 -17.766 0 18 -17.766 0
4 16 11 -18.078 0 6 -18.078 0 6 -17.766 0 11 -17.766 0
4 16 18 -17.766 0 16.333 -17.766 0 16.333 -17.454 0 18 -17.454 0
4 16 11.333 -17.766 0 6 -17.766 0 6 -17.143 0 11.333 -17.143 0
4 16 11.667 -17.143 0 6.333 -17.143 0 6.333 -16.831 0 11.667 -16.831 0
4 16 12 -16.831 0 7 -16.831 0 7 -16.52 0 12 -16.52 0
4 16 18 -17.454 0 17 -17.454 0 17 -16.208 0 18 -16.208 0
4 16 5.333 -16.52 0 4.667 -16.52 0 4.667 -16.208 0 5.333 -16.208 0
4 16 3.667 -18.39 0 1.667 -18.39 0 1.667 -16.208 0 3.667 -16.208 0
4 16 12 -16.52 0 7.333 -16.52 0 7.333 -15.896 0 12 -15.896 0
4 16 5.667 -16.208 0 1.667 -16.208 0 1.667 -15.896 0 5.667 -15.896 0
4 16 18 -16.208 0 16.667 -16.208 0 16.667 -15.584 0 18 -15.584 0
4 16 11.333 -15.896 0 7.667 -15.896 0 7.667 -15.584 0 11.333 -15.584 0
4 16 6 -15.896 0 1.667 -15.896 0 1.667 -15.584 0 6 -15.584 0
4 16 18 -15.584 0 16.333 -15.584 0 16.333 -15.273 0 18 -15.273 0
4 16 11 -15.584 0 8 -15.584 0 8 -15.273 0 11 -15.273 0
4 16 18 -15.273 0 16 -15.273 0 16 -14.961 0 18 -14.961 0
4 16 10.667 -15.273 0 8.333 -15.273 0 8.333 -14.961 0 10.667 -14.961 0
4 16 6.333 -15.584 0 1.667 -15.584 0 1.667 -14.961 0 6.333 -14.961 0
4 16 18 -14.961 0 15.667 -14.961 0 15.667 -14.649 0 18 -14.649 0
4 16 14 -15.273 0 12.333 -15.273 0 12.333 -14.649 0 14 -14.649 0
4 16 10.333 -14.961 0 9 -14.961 0 9 -14.649 0 10.333 -14.649 0
4 16 6.667 -14.961 0 1.667 -14.961 0 1.667 -14.649 0 6.667 -14.649 0
4 16 18 -14.649 0 15.333 -14.649 0 15.333 -14.338 0 18 -14.338 0
4 16 14.333 -14.649 0 12.333 -14.649 0 12.333 -14.338 0 14.333 -14.338 0
4 16 7 -14.649 0 1.667 -14.649 0 1.667 -14.338 0 7 -14.338 0
4 16 18 -14.338 0 11.667 -14.338 0 11.667 -14.026 0 18 -14.026 0
4 16 7.667 -14.338 0 1.667 -14.338 0 1.667 -14.026 0 7.667 -14.026 0
4 16 18 -14.026 0 11.333 -14.026 0 11.333 -13.714 0 18 -13.714 0
4 16 8 -14.026 0 1.667 -14.026 0 1.667 -13.714 0 8 -13.714 0
4 16 8.333 -13.714 0 1.667 -13.714 0 1.667 -13.403 0 8.333 -13.403 0
4 16 8.667 -13.403 0 1.667 -13.403 0 1.667 -12.467 0 8.667 -12.467 0
4 16 18 -13.714 0 11 -13.714 0 11 -12.156 0 18 -12.156 0
4 16 8.333 -12.467 0 1.667 -12.467 0 1.667 -12.156 0 8.333 -12.156 0
4 16 18 -12.156 0 11.667 -12.156 0 11.667 -11.844 0 18 -11.844 0
4 16 18 -11.844 0 12 -11.844 0 12 -11.533 0 18 -11.533 0
4 16 7.667 -12.156 0 1.667 -12.156 0 1.667 -11.533 0 7.667 -11.533 0
4 16 18 -11.533 0 15 -11.533 0 15 -11.221 0 18 -11.221 0
4 16 14 -11.533 0 12.333 -11.533 0 12.333 -11.221 0 14 -11.221 0
4 16 9.667 -11.533 0 9.333 -11.533 0 9.333 -11.221 0 9.667 -11.221 0
4 16 7.333 -11.533 0 1.667 -11.533 0 1.667 -11.221 0 7.333 -11.221 0
4 16 13.667 -11.221 0 12.333 -11.221 0 12.333 -10.909 0 13.667 -10.909 0
4 16 10.667 -11.221 0 9 -11.221 0 9 -10.909 0 10.667 -10.909 0
4 16 18 -11.221 0 15.333 -11.221 0 15.333 -10.597 0 18 -10.597 0
4 16 11 -10.909 0 8.667 -10.909 0 8.667 -10.597 0 11 -10.597 0
4 16 7 -11.221 0 1.667 -11.221 0 1.667 -10.597 0 7 -10.597 0
4 16 11.333 -10.597 0 8.333 -10.597 0 8.333 -10.286 0 11.333 -10.286 0
4 16 6.667 -10.597 0 1.667 -10.597 0 1.667 -10.286 0 6.667 -10.286 0
4 16 18 -10.597 0 15.667 -10.597 0 15.667 -9.974 0 18 -9.974 0
4 16 6.333 -10.286 0 1.667 -10.286 0 1.667 -9.974 0 6.333 -9.974 0
4 16 18 -9.974 0 16 -9.974 0 16 -9.662 0 18 -9.662 0
4 16 11.667 -10.286 0 7.667 -10.286 0 7.667 -9.662 0 11.667 -9.662 0
4 16 6 -9.974 0 1.667 -9.974 0 1.667 -9.662 0 6 -9.662 0
4 16 11.667 -9.662 0 7.333 -9.662 0 7.333 -9.351 0 11.667 -9.351 0
4 16 5.667 -9.662 0 1.667 -9.662 0 1.667 -9.351 0 5.667 -9.351 0
4 16 11.333 -9.351 0 7 -9.351 0 7 -9.039 0 11.333 -9.039 0
4 16 5.333 -9.351 0 1.667 -9.351 0 1.667 -9.039 0 5.333 -9.039 0
4 16 11 -9.039 0 7 -9.039 0 7 -8.727 0 11 -8.727 0
4 16 17.667 -9.662 0 16 -9.662 0 16 -8.416 0 17.667 -8.416 0
4 16 11 -8.727 0 6.667 -8.727 0 6.667 -8.416 0 11 -8.416 0
4 16 5 -9.039 0 2 -9.039 0 2 -8.416 0 5 -8.416 0
4 16 11 -8.416 0 6.333 -8.416 0 6.333 -8.104 0 11 -8.104 0
4 16 4.667 -8.416 0 2 -8.416 0 2 -8.104 0 4.667 -8.104 0
4 16 11 -8.104 0 6 -8.104 0 6 -7.792 0 11 -7.792 0
4 16 4.333 -8.104 0 2.333 -8.104 0 2.333 -7.792 0 4.333 -7.792 0
4 16 17.333 -8.416 0 16.333 -8.416 0 16.333 -7.481 0 17.333 -7.481 0
4 16 11 -7.792 0 5.667 -7.792 0 5.667 -7.481 0 11 -7.481 0
4 16 4.667 -7.792 0 2.333 -7.792 0 2.333 -7.481 0 4.667 -7.481 0
4 16 11.333 -7.481 0 2.667 -7.481 0 2.667 -7.169 0 11.333 -7.169 0
4 16 17 -7.481 0 16.333 -7.481 0 16.333 -6.857 0 17 -6.857 0
4 16 12 -7.169 0 2.667 -7.169 0 2.667 -6.857 0 12 -6.857 0
4 16 16.667 -6.857 0 15.333 -6.857 0 15.333 -6.545 0 16.667 -6.545 0
4 16 13 -6.857 0 2.667 -6.857 0 2.667 -6.545 0 13 -6.545 0
4 16 16.667 -6.545 0 3.333 -6.545 0 3.333 -6.234 0 16.667 -6.234 0
4 16 16 -6.234 0 3.333 -6.234 0 3.333 -5.922 0 16 -5.922 0
4 16 16 -5.922 0 3.667 -5.922 0 3.667 -5.61 0 16 -5.61 0
4 16 15.667 -5.61 0 4 -5.61 0 4 -5.299 0 15.667 -5.299 0
4 16 15.333 -5.299 0 4.333 -5.299 0 4.333 -4.987 0 15.333 -4.987 0
4 16 15 -4.987 0 4.667 -4.987 0 4.667 -4.675 0 15 -4.675 0
4 16 14.667 -4.675 0 5.333 -4.675 0 5.333 -4.364 0 14.667 -4.364 0
4 16 14 -4.364 0 5.667 -4.364 0 5.667 -4.052 0 14 -4.052 0
4 16 13.667 -4.052 0 5.667 -4.052 0 5.667 -3.74 0 13.667 -3.74 0
4 16 13.667 -3.74 0 6.333 -3.74 0 6.333 -3.429 0 13.667 -3.429 0
4 16 13 -3.429 0 6.667 -3.429 0 6.667 -3.117 0 13 -3.117 0
4 16 12.667 -3.117 0 7.333 -3.117 0 7.333 -2.805 0 12.667 -2.805 0
4 16 12 -2.805 0 7.667 -2.805 0 7.667 -2.494 0 12 -2.494 0
4 16 11.667 -2.494 0 8.333 -2.494 0 8.333 -2.182 0 11.667 -2.182 0
4 16 11 -2.182 0 8.667 -2.182 0 8.667 -1.87 0 11 -1.87 0
4 16 10.667 -1.87 0 9.667 -1.87 0 9.667 -1.558 0 10.667 -1.558 0
0 
