0 Etiqueta Follow Me
0 Name: followme.dat
0 Author: cpcbegin
0 BFC CERTIFY CW
4 4 65 -19.8 0 62.6666666666667 -19.8 0 62.6666666666667 -19.2 0 65 -19.2 0
4 4 42.3333333333333 -19.8 0 40 -19.8 0 40 -19.2 0 42.3333333333333 -19.2 0
4 4 31.6666666666667 -19.8 0 30.3333333333333 -19.8 0 30.3333333333333 -19.2 0 31.6666666666667 -19.2 0
4 4 27.3333333333333 -19.8 0 26 -19.8 0 26 -19.2 0 27.3333333333333 -19.2 0
4 4 20.6666666666667 -19.8 0 19 -19.8 0 19 -19.2 0 20.6666666666667 -19.2 0
4 4 14.6666666666667 -19.8 0 13.3333333333333 -19.8 0 13.3333333333333 -19.2 0 14.6666666666667 -19.2 0
4 4 66 -19.2 0 62 -19.2 0 62 -18.6 0 66 -18.6 0
4 4 43.3333333333333 -19.2 0 39.3333333333333 -19.2 0 39.3333333333333 -18.6 0 43.3333333333333 -18.6 0
4 4 36 -19.8 0 34.6666666666667 -19.8 0 34.6666666666667 -18.6 0 36 -18.6 0
4 4 66.3333333333333 -18.6 0 61.3333333333333 -18.6 0 61.3333333333333 -18 0 66.3333333333333 -18 0
4 4 43.6666666666667 -18.6 0 38.6666666666667 -18.6 0 38.6666666666667 -18 0 43.6666666666667 -18 0
4 4 32 -19.2 0 30.3333333333333 -19.2 0 30.3333333333333 -18 0 32 -18 0
4 4 27.6666666666667 -19.2 0 26 -19.2 0 26 -18 0 27.6666666666667 -18 0
4 4 21 -19.2 0 19 -19.2 0 19 -18 0 21 -18 0
4 4 15 -19.2 0 13 -19.2 0 13 -18 0 15 -18 0
4 4 75 -19.8 0 69.3333333333333 -19.8 0 69.3333333333333 -17.4 0 75 -17.4 0
4 4 66.6666666666667 -18 0 61 -18 0 61 -17.4 0 66.6666666666667 -17.4 0
4 4 44 -18 0 38.3333333333333 -18 0 38.3333333333333 -17.4 0 44 -17.4 0
4 4 36 -18.6 0 34.3333333333333 -18.6 0 34.3333333333333 -17.4 0 36 -17.4 0
4 4 10.6666666666667 -19.8 0 5 -19.8 0 5 -17.4 0 10.6666666666667 -17.4 0
4 4 67 -17.4 0 65 -17.4 0 65 -16.8 0 67 -16.8 0
4 4 63 -17.4 0 61 -17.4 0 61 -16.8 0 63 -16.8 0
4 4 44.3333333333333 -17.4 0 42.3333333333333 -17.4 0 42.3333333333333 -16.8 0 44.3333333333333 -16.8 0
4 4 40.3333333333333 -17.4 0 38.3333333333333 -17.4 0 38.3333333333333 -16.8 0 40.3333333333333 -16.8 0
4 4 67.3333333333333 -16.8 0 65.3333333333333 -16.8 0 65.3333333333333 -16.2 0 67.3333333333333 -16.2 0
4 4 62.3333333333333 -16.8 0 60.6666666666667 -16.8 0 60.6666666666667 -16.2 0 62.3333333333333 -16.2 0
4 4 44.6666666666667 -16.8 0 42.6666666666667 -16.8 0 42.6666666666667 -16.2 0 44.6666666666667 -16.2 0
4 4 39.6666666666667 -16.8 0 38 -16.8 0 38 -16.2 0 39.6666666666667 -16.2 0
4 4 32 -18 0 30 -18 0 30 -16.2 0 32 -16.2 0
4 4 27.6666666666667 -18 0 26.3333333333333 -18 0 26.3333333333333 -16.2 0 27.6666666666667 -16.2 0
4 4 21 -18 0 18.6666666666667 -18 0 18.6666666666667 -16.2 0 21 -16.2 0
4 4 15.3333333333333 -18 0 13 -18 0 13 -16.2 0 15.3333333333333 -16.2 0
4 4 67.3333333333333 -16.2 0 65.6666666666667 -16.2 0 65.6666666666667 -15.6 0 67.3333333333333 -15.6 0
4 4 44.6666666666667 -16.2 0 43 -16.2 0 43 -15.6 0 44.6666666666667 -15.6 0
4 4 35.6666666666667 -17.4 0 34.3333333333333 -17.4 0 34.3333333333333 -15.6 0 35.6666666666667 -15.6 0
4 4 32.3333333333333 -16.2 0 30 -16.2 0 30 -15.6 0 32.3333333333333 -15.6 0
4 4 28 -16.2 0 26.3333333333333 -16.2 0 26.3333333333333 -15.6 0 28 -15.6 0
4 4 21 -16.2 0 18.3333333333333 -16.2 0 18.3333333333333 -15.6 0 21 -15.6 0
4 4 15.6666666666667 -16.2 0 13 -16.2 0 13 -15.6 0 15.6666666666667 -15.6 0
4 4 67.6666666666667 -15.6 0 66 -15.6 0 66 -15 0 67.6666666666667 -15 0
4 4 62 -16.2 0 60.3333333333333 -16.2 0 60.3333333333333 -15 0 62 -15 0
4 4 45 -15.6 0 43.3333333333333 -15.6 0 43.3333333333333 -15 0 45 -15 0
4 4 39.3333333333333 -16.2 0 37.6666666666667 -16.2 0 37.6666666666667 -15 0 39.3333333333333 -15 0
4 4 35.6666666666667 -15.6 0 34 -15.6 0 34 -15 0 35.6666666666667 -15 0
4 4 61.6666666666667 -15 0 60.3333333333333 -15 0 60.3333333333333 -14.4 0 61.6666666666667 -14.4 0
4 4 39 -15 0 37.6666666666667 -15 0 37.6666666666667 -14.4 0 39 -14.4 0
4 4 32.3333333333333 -15.6 0 29.6666666666667 -15.6 0 29.6666666666667 -14.4 0 32.3333333333333 -14.4 0
4 4 19.3333333333333 -15.6 0 18.3333333333333 -15.6 0 18.3333333333333 -14.4 0 19.3333333333333 -14.4 0
4 4 15.6666666666667 -15.6 0 14.6666666666667 -15.6 0 14.6666666666667 -14.4 0 15.6666666666667 -14.4 0
4 4 75 -17.4 0 73.6666666666667 -17.4 0 73.6666666666667 -13.8 0 75 -13.8 0
4 4 67.6666666666667 -15 0 66.3333333333333 -15 0 66.3333333333333 -13.8 0 67.6666666666667 -13.8 0
4 4 61.6666666666667 -14.4 0 60 -14.4 0 60 -13.8 0 61.6666666666667 -13.8 0
4 4 45 -15 0 43.6666666666667 -15 0 43.6666666666667 -13.8 0 45 -13.8 0
4 4 39 -14.4 0 37.3333333333333 -14.4 0 37.3333333333333 -13.8 0 39 -13.8 0
4 4 32.3333333333333 -14.4 0 31.3333333333333 -14.4 0 31.3333333333333 -13.8 0 32.3333333333333 -13.8 0
4 4 31 -14.4 0 29.6666666666667 -14.4 0 29.6666666666667 -13.8 0 31 -13.8 0
4 4 19.3333333333333 -14.4 0 18 -14.4 0 18 -13.8 0 19.3333333333333 -13.8 0
4 4 16 -14.4 0 14.6666666666667 -14.4 0 14.6666666666667 -13.8 0 16 -13.8 0
4 4 10.6666666666667 -17.4 0 9.33333333333334 -17.4 0 9.33333333333334 -13.8 0 10.6666666666667 -13.8 0
4 4 30.6666666666667 -13.8 0 29.6666666666667 -13.8 0 29.6666666666667 -13.2 0 30.6666666666667 -13.2 0
4 4 28 -15.6 0 26.6666666666667 -15.6 0 26.6666666666667 -13.2 0 28 -13.2 0
4 4 10.6666666666667 -13.8 0 5.33333333333334 -13.8 0 5.33333333333334 -13.2 0 10.6666666666667 -13.2 0
4 4 35.3333333333333 -15 0 34 -15 0 34 -12.6 0 35.3333333333333 -12.6 0
4 4 19 -13.8 0 18 -13.8 0 18 -12.6 0 19 -12.6 0
4 4 16 -13.8 0 15 -13.8 0 15 -12.6 0 16 -12.6 0
4 4 32.6666666666667 -13.8 0 31.3333333333333 -13.8 0 31.3333333333333 -12 0 32.6666666666667 -12 0
4 4 19 -12.6 0 17.6666666666667 -12.6 0 17.6666666666667 -12 0 19 -12 0
4 4 75 -13.8 0 70 -13.8 0 70 -11.4 0 75 -11.4 0
4 4 32.6666666666667 -12 0 31.6666666666667 -12 0 31.6666666666667 -11.4 0 32.6666666666667 -11.4 0
4 4 30.6666666666667 -13.2 0 29.3333333333333 -13.2 0 29.3333333333333 -11.4 0 30.6666666666667 -11.4 0
4 4 16.3333333333333 -12.6 0 15 -12.6 0 15 -11.4 0 16.3333333333333 -11.4 0
4 4 10.6666666666667 -13.2 0 5 -13.2 0 5 -11.4 0 10.6666666666667 -11.4 0
4 4 30.3333333333333 -11.4 0 29.3333333333333 -11.4 0 29.3333333333333 -10.8 0 30.3333333333333 -10.8 0
4 4 28.3333333333333 -13.2 0 27 -13.2 0 27 -10.8 0 28.3333333333333 -10.8 0
4 4 18.6666666666667 -12 0 17.6666666666667 -12 0 17.6666666666667 -10.8 0 18.6666666666667 -10.8 0
4 4 16.3333333333333 -11.4 0 15.3333333333333 -11.4 0 15.3333333333333 -10.8 0 16.3333333333333 -10.8 0
4 4 68 -13.8 0 66.3333333333333 -13.8 0 66.3333333333333 -10.2 0 68 -10.2 0
4 4 61.3333333333333 -13.8 0 60 -13.8 0 60 -10.2 0 61.3333333333333 -10.2 0
4 4 45.3333333333333 -13.8 0 43.6666666666667 -13.8 0 43.6666666666667 -10.2 0 45.3333333333333 -10.2 0
4 4 38.6666666666667 -13.8 0 37.3333333333333 -13.8 0 37.3333333333333 -10.2 0 38.6666666666667 -10.2 0
4 4 35 -12.6 0 33.6666666666667 -12.6 0 33.6666666666667 -10.2 0 35 -10.2 0
4 4 33 -11.4 0 31.6666666666667 -11.4 0 31.6666666666667 -10.2 0 33 -10.2 0
4 4 28.3333333333333 -10.8 0 27.3333333333333 -10.8 0 27.3333333333333 -10.2 0 28.3333333333333 -10.2 0
4 4 61.6666666666667 -10.2 0 60 -10.2 0 60 -9.6 0 61.6666666666667 -9.6 0
4 4 39 -10.2 0 37.3333333333333 -10.2 0 37.3333333333333 -9.6 0 39 -9.6 0
4 4 34.6666666666667 -10.2 0 33.6666666666667 -10.2 0 33.6666666666667 -9.6 0 34.6666666666667 -9.6 0
4 4 30.3333333333333 -10.8 0 29 -10.8 0 29 -9.6 0 30.3333333333333 -9.6 0
4 4 18.6666666666667 -10.8 0 17.3333333333333 -10.8 0 17.3333333333333 -9.6 0 18.6666666666667 -9.6 0
4 4 16.6666666666667 -10.8 0 15.3333333333333 -10.8 0 15.3333333333333 -9.6 0 16.6666666666667 -9.6 0
4 4 67.6666666666667 -10.2 0 66.3333333333333 -10.2 0 66.3333333333333 -9 0 67.6666666666667 -9 0
4 4 61.6666666666667 -9.6 0 60.3333333333333 -9.6 0 60.3333333333333 -9 0 61.6666666666667 -9 0
4 4 45 -10.2 0 43.6666666666667 -10.2 0 43.6666666666667 -9 0 45 -9 0
4 4 39 -9.6 0 37.6666666666667 -9.6 0 37.6666666666667 -9 0 39 -9 0
4 4 34.6666666666667 -9.6 0 33.3333333333333 -9.6 0 33.3333333333333 -9 0 34.6666666666667 -9 0
4 4 33 -10.2 0 32 -10.2 0 32 -9 0 33 -9 0
4 4 18.3333333333333 -9.6 0 17.3333333333333 -9.6 0 17.3333333333333 -9 0 18.3333333333333 -9 0
4 4 16.6666666666667 -9.6 0 15.6666666666667 -9.6 0 15.6666666666667 -9 0 16.6666666666667 -9 0
4 4 67.6666666666667 -9 0 66 -9 0 66 -8.4 0 67.6666666666667 -8.4 0
4 4 45 -9 0 43.3333333333333 -9 0 43.3333333333333 -8.4 0 45 -8.4 0
4 4 30 -9.6 0 29 -9.6 0 29 -8.4 0 30 -8.4 0
4 4 28.6666666666667 -10.2 0 27.3333333333333 -10.2 0 27.3333333333333 -8.4 0 28.6666666666667 -8.4 0
4 4 67.3333333333333 -8.4 0 65.6666666666667 -8.4 0 65.6666666666667 -7.8 0 67.3333333333333 -7.8 0
4 4 62 -9 0 60.3333333333333 -9 0 60.3333333333333 -7.8 0 62 -7.8 0
4 4 44.6666666666667 -8.4 0 43 -8.4 0 43 -7.8 0 44.6666666666667 -7.8 0
4 4 39.3333333333333 -9 0 37.6666666666667 -9 0 37.6666666666667 -7.8 0 39.3333333333333 -7.8 0
4 4 34.6666666666667 -9 0 32 -9 0 32 -7.8 0 34.6666666666667 -7.8 0
4 4 18.3333333333333 -9 0 15.6666666666667 -9 0 15.6666666666667 -7.8 0 18.3333333333333 -7.8 0
4 4 67.3333333333333 -7.8 0 65.3333333333333 -7.8 0 65.3333333333333 -7.2 0 67.3333333333333 -7.2 0
4 4 62.6666666666667 -7.8 0 60.6666666666667 -7.8 0 60.6666666666667 -7.2 0 62.6666666666667 -7.2 0
4 4 58.3333333333333 -19.8 0 57 -19.8 0 57 -7.2 0 58.3333333333333 -7.2 0
4 4 51.3333333333333 -19.8 0 50 -19.8 0 50 -7.2 0 51.3333333333333 -7.2 0
4 4 44.6666666666667 -7.8 0 42.6666666666667 -7.8 0 42.6666666666667 -7.2 0 44.6666666666667 -7.2 0
4 4 40 -7.8 0 38 -7.8 0 38 -7.2 0 40 -7.2 0
4 4 30 -8.4 0 27.6666666666667 -8.4 0 27.6666666666667 -7.2 0 30 -7.2 0
4 4 10.6666666666667 -11.4 0 9.33333333333334 -11.4 0 9.33333333333334 -7.2 0 10.6666666666667 -7.2 0
4 4 67 -7.2 0 64.6666666666667 -7.2 0 64.6666666666667 -6.6 0 67 -6.6 0
4 4 63.3333333333333 -7.2 0 61 -7.2 0 61 -6.6 0 63.3333333333333 -6.6 0
4 4 44.3333333333333 -7.2 0 42 -7.2 0 42 -6.6 0 44.3333333333333 -6.6 0
4 4 40.6666666666667 -7.2 0 38.3333333333333 -7.2 0 38.3333333333333 -6.6 0 40.6666666666667 -6.6 0
4 4 66.6666666666667 -6.6 0 61.3333333333333 -6.6 0 61.3333333333333 -6 0 66.6666666666667 -6 0
4 4 44 -6.6 0 38.6666666666667 -6.6 0 38.6666666666667 -6 0 44 -6 0
4 4 29.6666666666667 -7.2 0 27.6666666666667 -7.2 0 27.6666666666667 -6 0 29.6666666666667 -6 0
4 4 18 -7.8 0 16 -7.8 0 16 -6 0 18 -6 0
4 4 66.3333333333333 -6 0 61.6666666666667 -6 0 61.6666666666667 -5.4 0 66.3333333333333 -5.4 0
4 4 43.6666666666667 -6 0 39 -6 0 39 -5.4 0 43.6666666666667 -5.4 0
4 4 34.3333333333333 -7.8 0 32.3333333333333 -7.8 0 32.3333333333333 -5.4 0 34.3333333333333 -5.4 0
4 4 29.6666666666667 -6 0 28 -6 0 28 -5.4 0 29.6666666666667 -5.4 0
4 4 17.6666666666667 -6 0 16 -6 0 16 -5.4 0 17.6666666666667 -5.4 0
4 4 75 -11.4 0 73.6666666666667 -11.4 0 73.6666666666667 -4.8 0 75 -4.8 0
4 4 65.6666666666667 -5.4 0 62 -5.4 0 62 -4.8 0 65.6666666666667 -4.8 0
4 4 58.3333333333333 -7.2 0 53.3333333333333 -7.2 0 53.3333333333333 -4.8 0 58.3333333333333 -4.8 0
4 4 51.3333333333333 -7.2 0 46.3333333333333 -7.2 0 46.3333333333333 -4.8 0 51.3333333333333 -4.8 0
4 4 43 -5.4 0 39.3333333333333 -5.4 0 39.3333333333333 -4.8 0 43 -4.8 0
4 4 34 -5.4 0 32.6666666666667 -5.4 0 32.6666666666667 -4.8 0 34 -4.8 0
4 4 29.3333333333333 -5.4 0 28 -5.4 0 28 -4.8 0 29.3333333333333 -4.8 0
4 4 21 -15.6 0 19.6666666666667 -15.6 0 19.6666666666667 -4.8 0 21 -4.8 0
4 4 17.6666666666667 -5.4 0 16.3333333333333 -5.4 0 16.3333333333333 -4.8 0 17.6666666666667 -4.8 0
4 4 14.3333333333333 -15.6 0 13 -15.6 0 13 -4.8 0 14.3333333333333 -4.8 0
4 4 10.6666666666667 -7.2 0 4.66666666666667 -7.2 0 4.66666666666667 -4.8 0 10.6666666666667 -4.8 0
4 4 64.6666666666667 -4.8 0 63 -4.8 0 63 -4.2 0 64.6666666666667 -4.2 0
4 4 42 -4.8 0 40.3333333333333 -4.8 0 40.3333333333333 -4.2 0 42 -4.2 0
