0 Etiqueta Ref. 270 firetruck (luces laterales izquierda)
0 Name: ftlightl.dat
0 Author: cpcbegin
0 !LDRAW_ORG Unofficial_Part
0 BFC CERTIFY CW
4 0 78.678 22.5 0 1.322 22.5 0 1.322 22.125 0 78.678 22.125 0
4 0 78.678 22.125 0 1.653 22.125 0 1.653 21.75 0 78.678 21.75 0
4 0 1.653 22.125 0 1.322 22.125 0 1.322 21.75 0 1.653 21.75 0
4 15 78.016 21.75 0 1.983 21.75 0 1.983 19.5 0 78.016 19.5 0
4 15 78.016 19.5 0 69.091 19.5 0 69.091 19.125 0 78.016 19.125 0
4 0 69.091 19.5 0 65.454 19.5 0 65.454 19.125 0 69.091 19.125 0
4 15 65.454 19.5 0 51.901 19.5 0 51.901 19.125 0 65.454 19.125 0
4 0 51.901 19.5 0 48.264 19.5 0 48.264 19.125 0 51.901 19.125 0
4 15 48.264 19.5 0 34.711 19.5 0 34.711 19.125 0 48.264 19.125 0
4 0 34.711 19.5 0 31.074 19.5 0 31.074 19.125 0 34.711 19.125 0
4 15 31.074 19.5 0 1.983 19.5 0 1.983 19.125 0 31.074 19.125 0
4 15 78.016 19.125 0 70.083 19.125 0 70.083 18.75 0 78.016 18.75 0
4 0 70.083 19.125 0 64.463 19.125 0 64.463 18.75 0 70.083 18.75 0
4 15 64.463 19.125 0 52.893 19.125 0 52.893 18.75 0 64.463 18.75 0
4 0 52.893 19.125 0 47.273 19.125 0 47.273 18.75 0 52.893 18.75 0
4 15 47.273 19.125 0 35.702 19.125 0 35.702 18.75 0 47.273 18.75 0
4 0 35.702 19.125 0 30.083 19.125 0 30.083 18.75 0 35.702 18.75 0
4 15 30.083 19.125 0 1.983 19.125 0 1.983 18.75 0 30.083 18.75 0
4 15 78.016 18.75 0 70.744 18.75 0 70.744 18.375 0 78.016 18.375 0
4 0 70.744 18.75 0 68.43 18.75 0 68.43 18.375 0 70.744 18.375 0
4 0 66.446 18.75 0 63.802 18.75 0 63.802 18.375 0 66.446 18.375 0
4 15 63.802 18.75 0 53.554 18.75 0 53.554 18.375 0 63.802 18.375 0
4 0 53.554 18.75 0 51.24 18.75 0 51.24 18.375 0 53.554 18.375 0
4 0 49.256 18.75 0 46.612 18.75 0 46.612 18.375 0 49.256 18.375 0
4 15 46.612 18.75 0 36.364 18.75 0 36.364 18.375 0 46.612 18.375 0
4 0 36.364 18.75 0 34.05 18.75 0 34.05 18.375 0 36.364 18.375 0
4 0 32.066 18.75 0 29.422 18.75 0 29.422 18.375 0 32.066 18.375 0
4 15 29.422 18.75 0 21.157 18.75 0 21.157 18.375 0 29.422 18.375 0
4 0 21.157 18.75 0 18.843 18.75 0 18.843 18.375 0 21.157 18.375 0
4 0 9.256 18.75 0 6.942 18.75 0 6.942 18.375 0 9.256 18.375 0
4 15 78.016 18.375 0 71.074 18.375 0 71.074 18 0 78.016 18 0
4 0 71.074 18.375 0 69.421 18.375 0 69.421 18 0 71.074 18 0
4 15 69.421 18.375 0 69.091 18.375 0 69.091 18 0 69.421 18 0
4 25 65.785 18.375 0 65.124 18.375 0 65.124 18 0 65.785 18 0
4 0 65.124 18.375 0 63.471 18.375 0 63.471 18 0 65.124 18 0
4 15 63.471 18.375 0 53.884 18.375 0 53.884 18 0 63.471 18 0
4 0 53.884 18.375 0 52.231 18.375 0 52.231 18 0 53.884 18 0
4 15 52.231 18.375 0 51.901 18.375 0 51.901 18 0 52.231 18 0
4 15 48.595 18.375 0 47.934 18.375 0 47.934 18 0 48.595 18 0
4 0 47.934 18.375 0 46.281 18.375 0 46.281 18 0 47.934 18 0
4 15 46.281 18.375 0 36.694 18.375 0 36.694 18 0 46.281 18 0
4 0 36.694 18.375 0 35.041 18.375 0 35.041 18 0 36.694 18 0
4 15 35.041 18.375 0 34.711 18.375 0 34.711 18 0 35.041 18 0
4 4 31.405 18.375 0 30.744 18.375 0 30.744 18 0 31.405 18 0
4 0 30.744 18.375 0 29.091 18.375 0 29.091 18 0 30.744 18 0
4 15 29.091 18.375 0 21.157 18.375 0 21.157 18 0 29.091 18 0
4 15 78.016 18 0 71.736 18 0 71.736 17.625 0 78.016 17.625 0
4 0 71.736 18 0 70.083 18 0 70.083 17.625 0 71.736 17.625 0
4 15 70.083 18 0 69.091 18 0 69.091 17.625 0 70.083 17.625 0
4 25 65.785 18 0 64.463 18 0 64.463 17.625 0 65.785 17.625 0
4 0 64.463 18 0 62.81 18 0 62.81 17.625 0 64.463 17.625 0
4 15 62.81 18 0 54.545 18 0 54.545 17.625 0 62.81 17.625 0
4 0 54.545 18 0 52.893 18 0 52.893 17.625 0 54.545 17.625 0
4 15 52.893 18 0 51.901 18 0 51.901 17.625 0 52.893 17.625 0
4 15 48.595 18 0 47.273 18 0 47.273 17.625 0 48.595 17.625 0
4 0 47.273 18 0 45.62 18 0 45.62 17.625 0 47.273 17.625 0
4 15 45.62 18 0 37.355 18 0 37.355 17.625 0 45.62 17.625 0
4 0 37.355 18 0 35.702 18 0 35.702 17.625 0 37.355 17.625 0
4 15 35.702 18 0 34.711 18 0 34.711 17.625 0 35.702 17.625 0
4 4 31.405 18 0 30.083 18 0 30.083 17.625 0 31.405 17.625 0
4 0 30.083 18 0 28.43 18 0 28.43 17.625 0 30.083 17.625 0
4 15 28.43 18 0 21.157 18 0 21.157 17.625 0 28.43 17.625 0
4 15 78.016 17.625 0 72.066 17.625 0 72.066 17.25 0 78.016 17.25 0
4 0 72.066 17.625 0 70.413 17.625 0 70.413 17.25 0 72.066 17.25 0
4 15 70.413 17.625 0 69.091 17.625 0 69.091 17.25 0 70.413 17.25 0
4 25 65.785 17.625 0 64.132 17.625 0 64.132 17.25 0 65.785 17.25 0
4 0 64.132 17.625 0 62.479 17.625 0 62.479 17.25 0 64.132 17.25 0
4 15 62.479 17.625 0 54.876 17.625 0 54.876 17.25 0 62.479 17.25 0
4 0 54.876 17.625 0 53.223 17.625 0 53.223 17.25 0 54.876 17.25 0
4 15 53.223 17.625 0 51.901 17.625 0 51.901 17.25 0 53.223 17.25 0
4 15 48.595 17.625 0 46.942 17.625 0 46.942 17.25 0 48.595 17.25 0
4 0 46.942 17.625 0 45.289 17.625 0 45.289 17.25 0 46.942 17.25 0
4 15 45.289 17.625 0 37.686 17.625 0 37.686 17.25 0 45.289 17.25 0
4 0 37.686 17.625 0 36.033 17.625 0 36.033 17.25 0 37.686 17.25 0
4 15 36.033 17.625 0 34.711 17.625 0 34.711 17.25 0 36.033 17.25 0
4 4 31.405 17.625 0 29.752 17.625 0 29.752 17.25 0 31.405 17.25 0
4 0 29.752 17.625 0 28.099 17.625 0 28.099 17.25 0 29.752 17.25 0
4 15 28.099 17.625 0 21.157 17.625 0 21.157 17.25 0 28.099 17.25 0
4 15 78.016 17.25 0 72.397 17.25 0 72.397 16.875 0 78.016 16.875 0
4 0 72.397 17.25 0 71.074 17.25 0 71.074 16.875 0 72.397 16.875 0
4 15 71.074 17.25 0 69.091 17.25 0 69.091 16.875 0 71.074 16.875 0
4 25 65.785 17.25 0 63.471 17.25 0 63.471 16.875 0 65.785 16.875 0
4 0 63.471 17.25 0 62.149 17.25 0 62.149 16.875 0 63.471 16.875 0
4 15 62.149 17.25 0 55.207 17.25 0 55.207 16.875 0 62.149 16.875 0
4 0 55.207 17.25 0 53.884 17.25 0 53.884 16.875 0 55.207 16.875 0
4 15 53.884 17.25 0 51.901 17.25 0 51.901 16.875 0 53.884 16.875 0
4 15 48.595 17.25 0 46.281 17.25 0 46.281 16.875 0 48.595 16.875 0
4 0 46.281 17.25 0 44.959 17.25 0 44.959 16.875 0 46.281 16.875 0
4 15 44.959 17.25 0 38.016 17.25 0 38.016 16.875 0 44.959 16.875 0
4 0 38.016 17.25 0 36.694 17.25 0 36.694 16.875 0 38.016 16.875 0
4 15 36.694 17.25 0 34.711 17.25 0 34.711 16.875 0 36.694 16.875 0
4 4 31.405 17.25 0 29.091 17.25 0 29.091 16.875 0 31.405 16.875 0
4 0 29.091 17.25 0 27.769 17.25 0 27.769 16.875 0 29.091 16.875 0
4 15 27.769 17.25 0 21.157 17.25 0 21.157 16.875 0 27.769 16.875 0
4 0 72.727 16.875 0 71.405 16.875 0 71.405 16.5 0 72.727 16.5 0
4 15 71.405 16.875 0 69.091 16.875 0 69.091 16.5 0 71.405 16.5 0
4 25 65.785 16.875 0 63.141 16.875 0 63.141 16.5 0 65.785 16.5 0
4 0 63.141 16.875 0 61.818 16.875 0 61.818 16.5 0 63.141 16.5 0
4 0 55.537 16.875 0 54.215 16.875 0 54.215 16.5 0 55.537 16.5 0
4 15 54.215 16.875 0 51.901 16.875 0 51.901 16.5 0 54.215 16.5 0
4 15 48.595 16.875 0 45.95 16.875 0 45.95 16.5 0 48.595 16.5 0
4 0 45.95 16.875 0 44.628 16.875 0 44.628 16.5 0 45.95 16.5 0
4 0 38.347 16.875 0 37.025 16.875 0 37.025 16.5 0 38.347 16.5 0
4 15 37.025 16.875 0 34.711 16.875 0 34.711 16.5 0 37.025 16.5 0
4 4 31.405 16.875 0 28.76 16.875 0 28.76 16.5 0 31.405 16.5 0
4 0 28.76 16.875 0 27.438 16.875 0 27.438 16.5 0 28.76 16.5 0
4 15 78.016 16.875 0 72.727 16.875 0 72.727 16.125 0 78.016 16.125 0
4 0 72.727 16.5 0 71.736 16.5 0 71.736 16.125 0 72.727 16.125 0
4 15 71.736 16.5 0 69.091 16.5 0 69.091 16.125 0 71.736 16.125 0
4 25 65.785 16.5 0 62.81 16.5 0 62.81 16.125 0 65.785 16.125 0
4 0 62.81 16.5 0 61.818 16.5 0 61.818 16.125 0 62.81 16.125 0
4 15 61.818 16.875 0 55.537 16.875 0 55.537 16.125 0 61.818 16.125 0
4 0 55.537 16.5 0 54.545 16.5 0 54.545 16.125 0 55.537 16.125 0
4 15 54.545 16.5 0 51.901 16.5 0 51.901 16.125 0 54.545 16.125 0
4 15 48.595 16.5 0 45.62 16.5 0 45.62 16.125 0 48.595 16.125 0
4 0 45.62 16.5 0 44.628 16.5 0 44.628 16.125 0 45.62 16.125 0
4 15 44.628 16.875 0 38.347 16.875 0 38.347 16.125 0 44.628 16.125 0
4 0 38.347 16.5 0 37.355 16.5 0 37.355 16.125 0 38.347 16.125 0
4 15 37.355 16.5 0 34.711 16.5 0 34.711 16.125 0 37.355 16.125 0
4 4 31.405 16.5 0 28.43 16.5 0 28.43 16.125 0 31.405 16.125 0
4 0 28.43 16.5 0 27.438 16.5 0 27.438 16.125 0 28.43 16.125 0
4 15 27.438 16.875 0 21.157 16.875 0 21.157 16.125 0 27.438 16.125 0
4 0 21.157 18.375 0 20.826 18.375 0 20.826 16.125 0 21.157 16.125 0
4 0 19.174 18.375 0 18.843 18.375 0 18.843 16.125 0 19.174 16.125 0
4 15 18.843 18.75 0 9.256 18.75 0 9.256 16.125 0 18.843 16.125 0
4 0 9.256 18.375 0 8.926 18.375 0 8.926 16.125 0 9.256 16.125 0
4 0 7.273 18.375 0 6.942 18.375 0 6.942 16.125 0 7.273 16.125 0
4 15 6.942 18.75 0 1.983 18.75 0 1.983 16.125 0 6.942 16.125 0
4 0 23.471 16.125 0 20.826 16.125 0 20.826 15.75 0 23.471 15.75 0
4 14 20.826 18.375 0 19.174 18.375 0 19.174 15.75 0 20.826 15.75 0
4 0 19.174 16.125 0 16.198 16.125 0 16.198 15.75 0 19.174 15.75 0
4 0 11.57 16.125 0 8.926 16.125 0 8.926 15.75 0 11.57 15.75 0
4 14 8.926 18.375 0 7.273 18.375 0 7.273 15.75 0 8.926 15.75 0
4 0 7.273 16.125 0 4.298 16.125 0 4.298 15.75 0 7.273 15.75 0
4 15 78.016 16.125 0 73.058 16.125 0 73.058 15.375 0 78.016 15.375 0
4 0 73.058 16.125 0 72.066 16.125 0 72.066 15.375 0 73.058 15.375 0
4 15 72.066 16.125 0 69.091 16.125 0 69.091 15.375 0 72.066 15.375 0
4 25 65.785 16.125 0 62.479 16.125 0 62.479 15.375 0 65.785 15.375 0
4 0 62.479 16.125 0 61.488 16.125 0 61.488 15.375 0 62.479 15.375 0
4 15 61.488 16.125 0 55.868 16.125 0 55.868 15.375 0 61.488 15.375 0
4 0 55.868 16.125 0 54.876 16.125 0 54.876 15.375 0 55.868 15.375 0
4 15 54.876 16.125 0 51.901 16.125 0 51.901 15.375 0 54.876 15.375 0
4 15 48.595 16.125 0 45.289 16.125 0 45.289 15.375 0 48.595 15.375 0
4 0 45.289 16.125 0 44.297 16.125 0 44.297 15.375 0 45.289 15.375 0
4 15 44.297 16.125 0 38.678 16.125 0 38.678 15.375 0 44.297 15.375 0
4 0 38.678 16.125 0 37.686 16.125 0 37.686 15.375 0 38.678 15.375 0
4 15 37.686 16.125 0 34.711 16.125 0 34.711 15.375 0 37.686 15.375 0
4 4 31.405 16.125 0 28.099 16.125 0 28.099 15.375 0 31.405 15.375 0
4 0 28.099 16.125 0 27.107 16.125 0 27.107 15.375 0 28.099 15.375 0
4 15 27.107 16.125 0 23.471 16.125 0 23.471 15.375 0 27.107 15.375 0
4 0 73.388 15.375 0 72.397 15.375 0 72.397 14.625 0 73.388 14.625 0
4 15 72.397 15.375 0 69.091 15.375 0 69.091 14.625 0 72.397 14.625 0
4 25 65.785 15.375 0 62.149 15.375 0 62.149 14.625 0 65.785 14.625 0
4 0 62.149 15.375 0 61.157 15.375 0 61.157 14.625 0 62.149 14.625 0
4 0 56.198 15.375 0 55.207 15.375 0 55.207 14.625 0 56.198 14.625 0
4 15 55.207 15.375 0 51.901 15.375 0 51.901 14.625 0 55.207 14.625 0
4 15 48.595 15.375 0 44.959 15.375 0 44.959 14.625 0 48.595 14.625 0
4 0 44.959 15.375 0 43.967 15.375 0 43.967 14.625 0 44.959 14.625 0
4 0 39.008 15.375 0 38.016 15.375 0 38.016 14.625 0 39.008 14.625 0
4 15 38.016 15.375 0 34.711 15.375 0 34.711 14.625 0 38.016 14.625 0
4 4 31.405 15.375 0 27.769 15.375 0 27.769 14.625 0 31.405 14.625 0
4 0 27.769 15.375 0 26.777 15.375 0 26.777 14.625 0 27.769 14.625 0
4 15 78.016 15.375 0 73.388 15.375 0 73.388 14.25 0 78.016 14.25 0
4 0 73.388 14.625 0 72.727 14.625 0 72.727 14.25 0 73.388 14.25 0
4 0 61.818 14.625 0 61.157 14.625 0 61.157 14.25 0 61.818 14.25 0
4 15 61.157 15.375 0 56.198 15.375 0 56.198 14.25 0 61.157 14.25 0
4 0 56.198 14.625 0 55.537 14.625 0 55.537 14.25 0 56.198 14.25 0
4 0 44.628 14.625 0 43.967 14.625 0 43.967 14.25 0 44.628 14.25 0
4 15 43.967 15.375 0 39.008 15.375 0 39.008 14.25 0 43.967 14.25 0
4 0 39.008 14.625 0 38.347 14.625 0 38.347 14.25 0 39.008 14.25 0
4 0 27.438 14.625 0 26.777 14.625 0 26.777 14.25 0 27.438 14.25 0
4 15 26.777 15.375 0 23.471 15.375 0 23.471 14.25 0 26.777 14.25 0
4 0 23.471 15.75 0 23.14 15.75 0 23.14 13.875 0 23.471 13.875 0
4 14 23.14 15.75 0 16.529 15.75 0 16.529 13.875 0 23.14 13.875 0
4 0 16.529 15.75 0 16.198 15.75 0 16.198 13.875 0 16.529 13.875 0
4 0 11.57 15.75 0 11.24 15.75 0 11.24 13.875 0 11.57 13.875 0
4 14 11.24 15.75 0 4.628 15.75 0 4.628 13.875 0 11.24 13.875 0
4 0 4.628 15.75 0 4.298 15.75 0 4.298 13.875 0 4.628 13.875 0
4 0 73.719 14.25 0 72.727 14.25 0 72.727 13.5 0 73.719 13.5 0
4 15 72.727 14.625 0 69.091 14.625 0 69.091 13.5 0 72.727 13.5 0
4 25 65.785 14.625 0 61.818 14.625 0 61.818 13.5 0 65.785 13.5 0
4 0 61.818 14.25 0 60.826 14.25 0 60.826 13.5 0 61.818 13.5 0
4 0 56.529 14.25 0 55.537 14.25 0 55.537 13.5 0 56.529 13.5 0
4 15 55.537 14.625 0 51.901 14.625 0 51.901 13.5 0 55.537 13.5 0
4 15 48.595 14.625 0 44.628 14.625 0 44.628 13.5 0 48.595 13.5 0
4 0 44.628 14.25 0 43.636 14.25 0 43.636 13.5 0 44.628 13.5 0
4 0 39.339 14.25 0 38.347 14.25 0 38.347 13.5 0 39.339 13.5 0
4 15 38.347 14.625 0 34.711 14.625 0 34.711 13.5 0 38.347 13.5 0
4 4 31.405 14.625 0 27.438 14.625 0 27.438 13.5 0 31.405 13.5 0
4 0 27.438 14.25 0 26.446 14.25 0 26.446 13.5 0 27.438 13.5 0
4 15 26.446 14.25 0 23.471 14.25 0 23.471 13.5 0 26.446 13.5 0
4 0 23.471 13.875 0 20.826 13.875 0 20.826 13.5 0 23.471 13.5 0
4 0 19.174 13.875 0 16.198 13.875 0 16.198 13.5 0 19.174 13.5 0
4 15 16.198 16.125 0 11.57 16.125 0 11.57 13.5 0 16.198 13.5 0
4 0 11.57 13.875 0 8.926 13.875 0 8.926 13.5 0 11.57 13.5 0
4 0 7.273 13.875 0 4.298 13.875 0 4.298 13.5 0 7.273 13.5 0
4 15 4.298 16.125 0 1.983 16.125 0 1.983 13.5 0 4.298 13.5 0
4 0 73.719 13.5 0 73.058 13.5 0 73.058 11.25 0 73.719 11.25 0
4 15 73.058 13.5 0 69.091 13.5 0 69.091 11.25 0 73.058 11.25 0
4 25 65.785 13.5 0 61.488 13.5 0 61.488 11.25 0 65.785 11.25 0
4 0 61.488 13.5 0 60.826 13.5 0 60.826 11.25 0 61.488 11.25 0
4 0 56.529 13.5 0 55.868 13.5 0 55.868 11.25 0 56.529 11.25 0
4 15 55.868 13.5 0 51.901 13.5 0 51.901 11.25 0 55.868 11.25 0
4 15 48.595 13.5 0 44.297 13.5 0 44.297 11.25 0 48.595 11.25 0
4 0 44.297 13.5 0 43.636 13.5 0 43.636 11.25 0 44.297 11.25 0
4 0 39.339 13.5 0 38.678 13.5 0 38.678 11.25 0 39.339 11.25 0
4 15 38.678 13.5 0 34.711 13.5 0 34.711 11.25 0 38.678 11.25 0
4 4 31.405 13.5 0 27.107 13.5 0 27.107 11.25 0 31.405 11.25 0
4 0 27.107 13.5 0 26.446 13.5 0 26.446 11.25 0 27.107 11.25 0
4 0 21.157 13.5 0 20.826 13.5 0 20.826 11.25 0 21.157 11.25 0
4 14 20.826 13.875 0 19.174 13.875 0 19.174 11.25 0 20.826 11.25 0
4 0 19.174 13.5 0 18.843 13.5 0 18.843 11.25 0 19.174 11.25 0
4 15 18.843 13.5 0 9.256 13.5 0 9.256 11.25 0 18.843 11.25 0
4 0 9.256 13.5 0 8.926 13.5 0 8.926 11.25 0 9.256 11.25 0
4 14 8.926 13.875 0 7.273 13.875 0 7.273 11.25 0 8.926 11.25 0
4 0 7.273 13.5 0 6.942 13.5 0 6.942 11.25 0 7.273 11.25 0
4 15 26.446 13.5 0 21.157 13.5 0 21.157 10.875 0 26.446 10.875 0
4 0 21.157 11.25 0 18.843 11.25 0 18.843 10.875 0 21.157 10.875 0
4 15 18.843 11.25 0 15.207 11.25 0 15.207 10.875 0 18.843 10.875 0
4 20 15.207 11.25 0 14.876 11.25 0 14.876 10.875 0 15.207 10.875 0
4 8 14.876 11.25 0 14.546 11.25 0 14.546 10.875 0 14.876 10.875 0
4 8 14.546 11.25 0 14.215 11.25 0 14.215 10.875 0 14.546 10.875 0
4 8 14.215 11.25 0 13.884 11.25 0 13.884 10.875 0 14.215 10.875 0
4 8 13.884 11.25 0 13.554 11.25 0 13.554 10.875 0 13.884 10.875 0
4 8 13.554 11.25 0 13.223 11.25 0 13.223 10.875 0 13.554 10.875 0
4 8 13.223 11.25 0 12.893 11.25 0 12.893 10.875 0 13.223 10.875 0
4 8 12.893 11.25 0 12.562 11.25 0 12.562 10.875 0 12.893 10.875 0
4 8 12.562 11.25 0 12.231 11.25 0 12.231 10.875 0 12.562 10.875 0
4 15 12.231 11.25 0 9.256 11.25 0 9.256 10.875 0 12.231 10.875 0
4 0 9.256 11.25 0 6.942 11.25 0 6.942 10.875 0 9.256 10.875 0
4 15 6.942 13.5 0 1.983 13.5 0 1.983 10.875 0 6.942 10.875 0
4 15 78.016 14.25 0 73.719 14.25 0 73.719 10.5 0 78.016 10.5 0
4 0 73.719 11.25 0 72.727 11.25 0 72.727 10.5 0 73.719 10.5 0
4 0 61.818 11.25 0 60.826 11.25 0 60.826 10.5 0 61.818 10.5 0
4 15 60.826 14.25 0 56.529 14.25 0 56.529 10.5 0 60.826 10.5 0
4 0 56.529 11.25 0 55.537 11.25 0 55.537 10.5 0 56.529 10.5 0
4 0 44.628 11.25 0 43.636 11.25 0 43.636 10.5 0 44.628 10.5 0
4 15 43.636 14.25 0 39.339 14.25 0 39.339 10.5 0 43.636 10.5 0
4 0 39.339 11.25 0 38.347 11.25 0 38.347 10.5 0 39.339 10.5 0
4 0 27.438 11.25 0 26.446 11.25 0 26.446 10.5 0 27.438 10.5 0
4 15 26.446 10.875 0 15.537 10.875 0 15.537 10.5 0 26.446 10.5 0
4 20 15.537 10.875 0 15.207 10.875 0 15.207 10.5 0 15.537 10.5 0
4 8 15.207 10.875 0 14.876 10.875 0 14.876 10.5 0 15.207 10.5 0
4 0 14.876 10.875 0 14.215 10.875 0 14.215 10.5 0 14.876 10.5 0
4 0 14.215 10.875 0 13.554 10.875 0 13.554 10.5 0 14.215 10.5 0
4 0 13.554 10.875 0 12.231 10.875 0 12.231 10.5 0 13.554 10.5 0
4 8 12.231 10.875 0 11.901 10.875 0 11.901 10.5 0 12.231 10.5 0
4 7 11.901 10.875 0 11.57 10.875 0 11.57 10.5 0 11.901 10.5 0
4 15 11.57 10.875 0 1.983 10.875 0 1.983 10.5 0 11.57 10.5 0
4 0 73.388 10.5 0 72.727 10.5 0 72.727 10.125 0 73.388 10.125 0
4 15 72.727 11.25 0 69.091 11.25 0 69.091 10.125 0 72.727 10.125 0
4 25 65.785 11.25 0 61.818 11.25 0 61.818 10.125 0 65.785 10.125 0
4 0 61.818 10.5 0 61.157 10.5 0 61.157 10.125 0 61.818 10.125 0
4 0 56.198 10.5 0 55.537 10.5 0 55.537 10.125 0 56.198 10.125 0
4 15 55.537 11.25 0 51.901 11.25 0 51.901 10.125 0 55.537 10.125 0
4 15 48.595 11.25 0 44.628 11.25 0 44.628 10.125 0 48.595 10.125 0
4 0 44.628 10.5 0 43.967 10.5 0 43.967 10.125 0 44.628 10.125 0
4 0 39.008 10.5 0 38.347 10.5 0 38.347 10.125 0 39.008 10.125 0
4 15 38.347 11.25 0 34.711 11.25 0 34.711 10.125 0 38.347 10.125 0
4 4 31.405 11.25 0 27.438 11.25 0 27.438 10.125 0 31.405 10.125 0
4 0 27.438 10.5 0 26.777 10.5 0 26.777 10.125 0 27.438 10.125 0
4 7 15.868 10.5 0 15.537 10.5 0 15.537 10.125 0 15.868 10.125 0
4 8 15.537 10.5 0 15.207 10.5 0 15.207 10.125 0 15.537 10.125 0
4 0 15.207 10.5 0 14.876 10.5 0 14.876 10.125 0 15.207 10.125 0
4 0 14.876 10.5 0 14.546 10.5 0 14.546 10.125 0 14.876 10.125 0
4 8 14.546 10.5 0 14.215 10.5 0 14.215 10.125 0 14.546 10.125 0
4 7 14.215 10.5 0 13.884 10.5 0 13.884 10.125 0 14.215 10.125 0
4 8 13.223 10.5 0 12.893 10.5 0 12.893 10.125 0 13.223 10.125 0
4 8 12.893 10.5 0 12.231 10.5 0 12.231 10.125 0 12.893 10.125 0
4 0 12.231 10.5 0 11.57 10.5 0 11.57 10.125 0 12.231 10.125 0
4 7 11.57 10.5 0 11.24 10.5 0 11.24 10.125 0 11.57 10.125 0
4 20 11.24 10.5 0 10.909 10.5 0 10.909 10.125 0 11.24 10.125 0
4 15 26.777 10.5 0 15.868 10.5 0 15.868 9.75 0 26.777 9.75 0
4 6 15.868 10.125 0 15.537 10.125 0 15.537 9.75 0 15.868 9.75 0
4 0 15.537 10.125 0 15.207 10.125 0 15.207 9.75 0 15.537 9.75 0
4 8 15.207 10.125 0 14.876 10.125 0 14.876 9.75 0 15.207 9.75 0
4 20 14.876 10.125 0 14.546 10.125 0 14.546 9.75 0 14.876 9.75 0
4 15 14.546 10.125 0 13.884 10.125 0 13.884 9.75 0 14.546 9.75 0
4 8 13.884 10.5 0 13.554 10.5 0 13.554 9.75 0 13.884 9.75 0
4 7 13.223 10.125 0 12.893 10.125 0 12.893 9.75 0 13.223 9.75 0
4 7 12.893 10.125 0 12.562 10.125 0 12.562 9.75 0 12.893 9.75 0
4 20 12.562 10.125 0 12.231 10.125 0 12.231 9.75 0 12.562 9.75 0
4 8 12.231 10.125 0 11.901 10.125 0 11.901 9.75 0 12.231 9.75 0
4 0 11.901 10.125 0 11.57 10.125 0 11.57 9.75 0 11.901 9.75 0
4 7 11.24 10.125 0 10.909 10.125 0 10.909 9.75 0 11.24 9.75 0
4 15 78.016 10.5 0 73.388 10.5 0 73.388 9.375 0 78.016 9.375 0
4 0 73.388 10.125 0 72.397 10.125 0 72.397 9.375 0 73.388 9.375 0
4 15 72.397 10.125 0 69.091 10.125 0 69.091 9.375 0 72.397 9.375 0
4 25 65.785 10.125 0 62.149 10.125 0 62.149 9.375 0 65.785 9.375 0
4 0 62.149 10.125 0 61.157 10.125 0 61.157 9.375 0 62.149 9.375 0
4 15 61.157 10.5 0 56.198 10.5 0 56.198 9.375 0 61.157 9.375 0
4 0 56.198 10.125 0 55.207 10.125 0 55.207 9.375 0 56.198 9.375 0
4 15 55.207 10.125 0 51.901 10.125 0 51.901 9.375 0 55.207 9.375 0
4 15 48.595 10.125 0 44.959 10.125 0 44.959 9.375 0 48.595 9.375 0
4 0 44.959 10.125 0 43.967 10.125 0 43.967 9.375 0 44.959 9.375 0
4 15 43.967 10.5 0 39.008 10.5 0 39.008 9.375 0 43.967 9.375 0
4 0 39.008 10.125 0 38.016 10.125 0 38.016 9.375 0 39.008 9.375 0
4 15 38.016 10.125 0 34.711 10.125 0 34.711 9.375 0 38.016 9.375 0
4 4 31.405 10.125 0 27.769 10.125 0 27.769 9.375 0 31.405 9.375 0
4 0 27.769 10.125 0 26.777 10.125 0 26.777 9.375 0 27.769 9.375 0
4 15 26.777 9.75 0 16.198 9.75 0 16.198 9.375 0 26.777 9.375 0
4 7 16.198 9.75 0 15.868 9.75 0 15.868 9.375 0 16.198 9.375 0
4 0 15.868 9.75 0 15.207 9.75 0 15.207 9.375 0 15.868 9.375 0
4 7 15.207 9.75 0 14.876 9.75 0 14.876 9.375 0 15.207 9.375 0
4 15 14.876 9.75 0 14.546 9.75 0 14.546 9.375 0 14.876 9.375 0
4 20 14.546 9.75 0 14.215 9.75 0 14.215 9.375 0 14.546 9.375 0
4 15 14.215 9.75 0 13.884 9.75 0 13.884 9.375 0 14.215 9.375 0
4 7 13.884 9.75 0 13.554 9.75 0 13.554 9.375 0 13.884 9.375 0
4 8 12.893 9.75 0 12.562 9.75 0 12.562 9.375 0 12.893 9.375 0
4 7 12.562 9.75 0 12.231 9.75 0 12.231 9.375 0 12.562 9.375 0
4 11 11.901 9.75 0 11.57 9.75 0 11.57 9.375 0 11.901 9.375 0
4 0 11.57 10.125 0 11.24 10.125 0 11.24 9.375 0 11.57 9.375 0
4 8 11.24 9.75 0 10.909 9.75 0 10.909 9.375 0 11.24 9.375 0
4 15 10.909 10.5 0 1.983 10.5 0 1.983 9.375 0 10.909 9.375 0
4 20 16.529 9.375 0 16.198 9.375 0 16.198 9 0 16.529 9 0
4 7 15.537 9.375 0 15.207 9.375 0 15.207 9 0 15.537 9 0
4 15 15.207 9.375 0 14.546 9.375 0 14.546 9 0 15.207 9 0
4 20 14.546 9.375 0 13.884 9.375 0 13.884 9 0 14.546 9 0
4 15 13.884 9.375 0 13.554 9.375 0 13.554 9 0 13.884 9 0
4 11 12.231 9.75 0 11.901 9.75 0 11.901 9 0 12.231 9 0
4 20 11.901 9.375 0 11.57 9.375 0 11.57 9 0 11.901 9 0
4 1 11.57 9.375 0 11.24 9.375 0 11.24 9 0 11.57 9 0
4 7 10.909 9.375 0 10.578 9.375 0 10.578 9 0 10.909 9 0
4 15 78.016 9.375 0 73.058 9.375 0 73.058 8.625 0 78.016 8.625 0
4 0 73.058 9.375 0 72.066 9.375 0 72.066 8.625 0 73.058 8.625 0
4 15 72.066 9.375 0 69.091 9.375 0 69.091 8.625 0 72.066 8.625 0
4 25 65.785 9.375 0 62.479 9.375 0 62.479 8.625 0 65.785 8.625 0
4 0 62.479 9.375 0 61.488 9.375 0 61.488 8.625 0 62.479 8.625 0
4 15 61.488 9.375 0 55.868 9.375 0 55.868 8.625 0 61.488 8.625 0
4 0 55.868 9.375 0 54.876 9.375 0 54.876 8.625 0 55.868 8.625 0
4 15 54.876 9.375 0 51.901 9.375 0 51.901 8.625 0 54.876 8.625 0
4 15 48.595 9.375 0 45.289 9.375 0 45.289 8.625 0 48.595 8.625 0
4 0 45.289 9.375 0 44.297 9.375 0 44.297 8.625 0 45.289 8.625 0
4 15 44.297 9.375 0 38.678 9.375 0 38.678 8.625 0 44.297 8.625 0
4 0 38.678 9.375 0 37.686 9.375 0 37.686 8.625 0 38.678 8.625 0
4 15 37.686 9.375 0 34.711 9.375 0 34.711 8.625 0 37.686 8.625 0
4 4 31.405 9.375 0 28.099 9.375 0 28.099 8.625 0 31.405 8.625 0
4 0 28.099 9.375 0 27.107 9.375 0 27.107 8.625 0 28.099 8.625 0
4 15 27.107 9.375 0 16.529 9.375 0 16.529 8.625 0 27.107 8.625 0
4 7 16.529 9 0 16.198 9 0 16.198 8.625 0 16.529 8.625 0
4 0 15.868 9.375 0 15.537 9.375 0 15.537 8.625 0 15.868 8.625 0
4 20 15.537 9 0 15.207 9 0 15.207 8.625 0 15.537 8.625 0
4 15 15.207 9 0 14.876 9 0 14.876 8.625 0 15.207 8.625 0
4 20 14.876 9 0 14.546 9 0 14.546 8.625 0 14.876 8.625 0
4 7 12.893 9.375 0 12.562 9.375 0 12.562 8.625 0 12.893 8.625 0
4 11 11.901 9 0 11.57 9 0 11.57 8.625 0 11.901 8.625 0
4 0 11.24 9.375 0 10.909 9.375 0 10.909 8.625 0 11.24 8.625 0
4 8 10.909 9 0 10.578 9 0 10.578 8.625 0 10.909 8.625 0
4 0 72.727 8.625 0 71.736 8.625 0 71.736 8.25 0 72.727 8.25 0
4 15 71.736 8.625 0 69.091 8.625 0 69.091 8.25 0 71.736 8.25 0
4 25 65.785 8.625 0 62.81 8.625 0 62.81 8.25 0 65.785 8.25 0
4 0 62.81 8.625 0 61.818 8.625 0 61.818 8.25 0 62.81 8.25 0
4 0 55.537 8.625 0 54.545 8.625 0 54.545 8.25 0 55.537 8.25 0
4 15 54.545 8.625 0 51.901 8.625 0 51.901 8.25 0 54.545 8.25 0
4 15 48.595 8.625 0 45.62 8.625 0 45.62 8.25 0 48.595 8.25 0
4 0 45.62 8.625 0 44.628 8.625 0 44.628 8.25 0 45.62 8.25 0
4 0 38.347 8.625 0 37.355 8.625 0 37.355 8.25 0 38.347 8.25 0
4 15 37.355 8.625 0 34.711 8.625 0 34.711 8.25 0 37.355 8.25 0
4 4 31.405 8.625 0 28.43 8.625 0 28.43 8.25 0 31.405 8.25 0
4 0 28.43 8.625 0 27.438 8.625 0 27.438 8.25 0 28.43 8.25 0
4 8 15.868 8.625 0 15.537 8.625 0 15.537 8.25 0 15.868 8.25 0
4 20 15.537 8.625 0 14.546 8.625 0 14.546 8.25 0 15.537 8.25 0
4 15 14.215 9 0 13.554 9 0 13.554 8.25 0 14.215 8.25 0
4 8 13.554 10.5 0 13.223 10.5 0 13.223 8.25 0 13.554 8.25 0
4 8 13.223 9.75 0 12.893 9.75 0 12.893 8.25 0 13.223 8.25 0
4 20 12.893 8.625 0 12.562 8.625 0 12.562 8.25 0 12.893 8.25 0
4 1 12.562 9.375 0 12.231 9.375 0 12.231 8.25 0 12.562 8.25 0
4 20 11.901 8.625 0 11.57 8.625 0 11.57 8.25 0 11.901 8.25 0
4 7 11.57 9 0 11.24 9 0 11.24 8.25 0 11.57 8.25 0
4 15 78.016 8.625 0 72.727 8.625 0 72.727 7.875 0 78.016 7.875 0
4 0 72.727 8.25 0 71.405 8.25 0 71.405 7.875 0 72.727 7.875 0
4 15 71.405 8.25 0 69.091 8.25 0 69.091 7.875 0 71.405 7.875 0
4 25 65.785 8.25 0 63.141 8.25 0 63.141 7.875 0 65.785 7.875 0
4 0 63.141 8.25 0 61.818 8.25 0 61.818 7.875 0 63.141 7.875 0
4 15 61.818 8.625 0 55.537 8.625 0 55.537 7.875 0 61.818 7.875 0
4 0 55.537 8.25 0 54.215 8.25 0 54.215 7.875 0 55.537 7.875 0
4 15 54.215 8.25 0 51.901 8.25 0 51.901 7.875 0 54.215 7.875 0
4 15 48.595 8.25 0 45.95 8.25 0 45.95 7.875 0 48.595 7.875 0
4 0 45.95 8.25 0 44.628 8.25 0 44.628 7.875 0 45.95 7.875 0
4 15 44.628 8.625 0 38.347 8.625 0 38.347 7.875 0 44.628 7.875 0
4 0 38.347 8.25 0 37.025 8.25 0 37.025 7.875 0 38.347 7.875 0
4 15 37.025 8.25 0 34.711 8.25 0 34.711 7.875 0 37.025 7.875 0
4 4 31.405 8.25 0 28.76 8.25 0 28.76 7.875 0 31.405 7.875 0
4 0 28.76 8.25 0 27.438 8.25 0 27.438 7.875 0 28.76 7.875 0
4 15 27.438 8.625 0 16.529 8.625 0 16.529 7.875 0 27.438 7.875 0
4 8 16.529 8.625 0 16.198 8.625 0 16.198 7.875 0 16.529 7.875 0
4 7 15.868 8.25 0 15.537 8.25 0 15.537 7.875 0 15.868 7.875 0
4 15 15.537 8.25 0 15.207 8.25 0 15.207 7.875 0 15.537 7.875 0
4 15 15.207 8.25 0 14.876 8.25 0 14.876 7.875 0 15.207 7.875 0
4 15 14.876 8.25 0 14.546 8.25 0 14.546 7.875 0 14.876 7.875 0
4 15 14.546 9 0 14.215 9 0 14.215 7.875 0 14.546 7.875 0
4 20 14.215 8.25 0 13.884 8.25 0 13.884 7.875 0 14.215 7.875 0
4 15 13.884 8.25 0 13.554 8.25 0 13.554 7.875 0 13.884 7.875 0
4 20 13.554 8.25 0 13.223 8.25 0 13.223 7.875 0 13.554 7.875 0
4 7 12.893 8.25 0 12.562 8.25 0 12.562 7.875 0 12.893 7.875 0
4 7 12.562 8.25 0 12.231 8.25 0 12.231 7.875 0 12.562 7.875 0
4 2 10.909 8.625 0 10.578 8.625 0 10.578 7.875 0 10.909 7.875 0
4 15 78.016 7.875 0 72.397 7.875 0 72.397 7.5 0 78.016 7.5 0
4 0 72.397 7.875 0 71.074 7.875 0 71.074 7.5 0 72.397 7.5 0
4 15 71.074 7.875 0 69.091 7.875 0 69.091 7.5 0 71.074 7.5 0
4 25 65.785 7.875 0 63.471 7.875 0 63.471 7.5 0 65.785 7.5 0
4 0 63.471 7.875 0 62.149 7.875 0 62.149 7.5 0 63.471 7.5 0
4 15 62.149 7.875 0 55.207 7.875 0 55.207 7.5 0 62.149 7.5 0
4 0 55.207 7.875 0 53.884 7.875 0 53.884 7.5 0 55.207 7.5 0
4 15 53.884 7.875 0 51.901 7.875 0 51.901 7.5 0 53.884 7.5 0
4 15 48.595 7.875 0 46.281 7.875 0 46.281 7.5 0 48.595 7.5 0
4 0 46.281 7.875 0 44.959 7.875 0 44.959 7.5 0 46.281 7.5 0
4 15 44.959 7.875 0 38.016 7.875 0 38.016 7.5 0 44.959 7.5 0
4 0 38.016 7.875 0 36.694 7.875 0 36.694 7.5 0 38.016 7.5 0
4 15 36.694 7.875 0 34.711 7.875 0 34.711 7.5 0 36.694 7.5 0
4 4 31.405 7.875 0 29.091 7.875 0 29.091 7.5 0 31.405 7.5 0
4 0 29.091 7.875 0 27.769 7.875 0 27.769 7.5 0 29.091 7.5 0
4 15 27.769 7.875 0 16.529 7.875 0 16.529 7.5 0 27.769 7.5 0
4 7 16.529 7.875 0 16.198 7.875 0 16.198 7.5 0 16.529 7.5 0
4 8 15.868 7.875 0 15.537 7.875 0 15.537 7.5 0 15.868 7.5 0
4 15 15.537 7.875 0 14.876 7.875 0 14.876 7.5 0 15.537 7.5 0
4 20 14.876 7.875 0 14.546 7.875 0 14.546 7.5 0 14.876 7.5 0
4 15 14.546 7.875 0 13.884 7.875 0 13.884 7.5 0 14.546 7.5 0
4 20 13.884 7.875 0 13.554 7.875 0 13.554 7.5 0 13.884 7.5 0
4 8 12.893 7.875 0 12.562 7.875 0 12.562 7.5 0 12.893 7.5 0
4 11 12.562 7.875 0 12.231 7.875 0 12.231 7.5 0 12.562 7.5 0
4 1 12.231 9 0 11.901 9 0 11.901 7.5 0 12.231 7.5 0
4 11 11.901 8.25 0 11.57 8.25 0 11.57 7.5 0 11.901 7.5 0
4 20 11.57 8.25 0 11.24 8.25 0 11.24 7.5 0 11.57 7.5 0
4 8 11.24 8.625 0 10.909 8.625 0 10.909 7.5 0 11.24 7.5 0
4 15 78.016 7.5 0 72.066 7.5 0 72.066 7.125 0 78.016 7.125 0
4 0 72.066 7.5 0 70.413 7.5 0 70.413 7.125 0 72.066 7.125 0
4 15 70.413 7.5 0 69.091 7.5 0 69.091 7.125 0 70.413 7.125 0
4 25 65.785 7.5 0 64.132 7.5 0 64.132 7.125 0 65.785 7.125 0
4 0 64.132 7.5 0 62.479 7.5 0 62.479 7.125 0 64.132 7.125 0
4 15 62.479 7.5 0 54.876 7.5 0 54.876 7.125 0 62.479 7.125 0
4 0 54.876 7.5 0 53.223 7.5 0 53.223 7.125 0 54.876 7.125 0
4 15 53.223 7.5 0 51.901 7.5 0 51.901 7.125 0 53.223 7.125 0
4 15 48.595 7.5 0 46.942 7.5 0 46.942 7.125 0 48.595 7.125 0
4 0 46.942 7.5 0 45.289 7.5 0 45.289 7.125 0 46.942 7.125 0
4 15 45.289 7.5 0 37.686 7.5 0 37.686 7.125 0 45.289 7.125 0
4 0 37.686 7.5 0 36.033 7.5 0 36.033 7.125 0 37.686 7.125 0
4 15 36.033 7.5 0 34.711 7.5 0 34.711 7.125 0 36.033 7.125 0
4 4 31.405 7.5 0 29.752 7.5 0 29.752 7.125 0 31.405 7.125 0
4 0 29.752 7.5 0 28.099 7.5 0 28.099 7.125 0 29.752 7.125 0
4 15 28.099 7.5 0 16.529 7.5 0 16.529 7.125 0 28.099 7.125 0
4 8 16.529 7.5 0 16.198 7.5 0 16.198 7.125 0 16.529 7.125 0
4 7 15.868 7.5 0 15.537 7.5 0 15.537 7.125 0 15.868 7.125 0
4 20 15.537 7.5 0 14.876 7.5 0 14.876 7.125 0 15.537 7.125 0
4 15 14.876 7.5 0 14.215 7.5 0 14.215 7.125 0 14.876 7.125 0
4 20 14.215 7.5 0 13.884 7.5 0 13.884 7.125 0 14.215 7.125 0
4 0 12.893 7.5 0 12.562 7.5 0 12.562 7.125 0 12.893 7.125 0
4 7 11.901 7.5 0 11.57 7.5 0 11.57 7.125 0 11.901 7.125 0
4 7 11.57 7.5 0 11.24 7.5 0 11.24 7.125 0 11.57 7.125 0
4 15 78.016 7.125 0 71.736 7.125 0 71.736 6.75 0 78.016 6.75 0
4 0 71.736 7.125 0 70.083 7.125 0 70.083 6.75 0 71.736 6.75 0
4 15 70.083 7.125 0 69.091 7.125 0 69.091 6.75 0 70.083 6.75 0
4 25 65.785 7.125 0 64.463 7.125 0 64.463 6.75 0 65.785 6.75 0
4 0 64.463 7.125 0 62.81 7.125 0 62.81 6.75 0 64.463 6.75 0
4 15 62.81 7.125 0 54.545 7.125 0 54.545 6.75 0 62.81 6.75 0
4 0 54.545 7.125 0 52.893 7.125 0 52.893 6.75 0 54.545 6.75 0
4 15 52.893 7.125 0 51.901 7.125 0 51.901 6.75 0 52.893 6.75 0
4 15 48.595 7.125 0 47.273 7.125 0 47.273 6.75 0 48.595 6.75 0
4 0 47.273 7.125 0 45.62 7.125 0 45.62 6.75 0 47.273 6.75 0
4 15 45.62 7.125 0 37.355 7.125 0 37.355 6.75 0 45.62 6.75 0
4 0 37.355 7.125 0 35.702 7.125 0 35.702 6.75 0 37.355 6.75 0
4 15 35.702 7.125 0 34.711 7.125 0 34.711 6.75 0 35.702 6.75 0
4 4 31.405 7.125 0 30.083 7.125 0 30.083 6.75 0 31.405 6.75 0
4 0 30.083 7.125 0 28.43 7.125 0 28.43 6.75 0 30.083 6.75 0
4 15 28.43 7.125 0 16.529 7.125 0 16.529 6.75 0 28.43 6.75 0
4 7 16.529 7.125 0 16.198 7.125 0 16.198 6.75 0 16.529 6.75 0
4 8 15.868 7.125 0 15.537 7.125 0 15.537 6.75 0 15.868 6.75 0
4 20 15.537 7.125 0 15.207 7.125 0 15.207 6.75 0 15.537 6.75 0
4 20 14.876 7.125 0 14.215 7.125 0 14.215 6.75 0 14.876 6.75 0
4 15 14.215 7.125 0 13.884 7.125 0 13.884 6.75 0 14.215 6.75 0
4 15 13.554 7.875 0 13.223 7.875 0 13.223 6.75 0 13.554 6.75 0
4 7 13.223 8.25 0 12.893 8.25 0 12.893 6.75 0 13.223 6.75 0
4 8 12.893 7.125 0 12.562 7.125 0 12.562 6.75 0 12.893 6.75 0
4 8 12.231 7.5 0 11.901 7.5 0 11.901 6.75 0 12.231 6.75 0
4 20 11.901 7.125 0 11.57 7.125 0 11.57 6.75 0 11.901 6.75 0
4 8 11.57 7.125 0 11.24 7.125 0 11.24 6.75 0 11.57 6.75 0
4 8 10.909 7.875 0 10.578 7.875 0 10.578 6.75 0 10.909 6.75 0
4 15 78.016 6.75 0 71.074 6.75 0 71.074 6.375 0 78.016 6.375 0
4 0 71.074 6.75 0 69.421 6.75 0 69.421 6.375 0 71.074 6.375 0
4 15 69.421 6.75 0 69.091 6.75 0 69.091 6.375 0 69.421 6.375 0
4 0 69.091 18.375 0 68.43 18.375 0 68.43 6.375 0 69.091 6.375 0
4 0 66.446 18.375 0 65.785 18.375 0 65.785 6.375 0 66.446 6.375 0
4 25 65.785 6.75 0 65.124 6.75 0 65.124 6.375 0 65.785 6.375 0
4 0 65.124 6.75 0 63.471 6.75 0 63.471 6.375 0 65.124 6.375 0
4 15 63.471 6.75 0 53.884 6.75 0 53.884 6.375 0 63.471 6.375 0
4 0 53.884 6.75 0 52.231 6.75 0 52.231 6.375 0 53.884 6.375 0
4 15 52.231 6.75 0 51.901 6.75 0 51.901 6.375 0 52.231 6.375 0
4 0 51.901 18.375 0 51.24 18.375 0 51.24 6.375 0 51.901 6.375 0
4 0 49.256 18.375 0 48.595 18.375 0 48.595 6.375 0 49.256 6.375 0
4 15 48.595 6.75 0 47.934 6.75 0 47.934 6.375 0 48.595 6.375 0
4 0 47.934 6.75 0 46.281 6.75 0 46.281 6.375 0 47.934 6.375 0
4 15 46.281 6.75 0 36.694 6.75 0 36.694 6.375 0 46.281 6.375 0
4 0 36.694 6.75 0 35.041 6.75 0 35.041 6.375 0 36.694 6.375 0
4 15 35.041 6.75 0 34.711 6.75 0 34.711 6.375 0 35.041 6.375 0
4 0 34.711 18.375 0 34.05 18.375 0 34.05 6.375 0 34.711 6.375 0
4 0 32.066 18.375 0 31.405 18.375 0 31.405 6.375 0 32.066 6.375 0
4 4 31.405 6.75 0 30.744 6.75 0 30.744 6.375 0 31.405 6.375 0
4 0 30.744 6.75 0 29.091 6.75 0 29.091 6.375 0 30.744 6.375 0
4 15 29.091 6.75 0 16.198 6.75 0 16.198 6.375 0 29.091 6.375 0
4 0 16.198 9.375 0 15.868 9.375 0 15.868 6.375 0 16.198 6.375 0
4 0 15.868 6.75 0 15.537 6.75 0 15.537 6.375 0 15.868 6.375 0
4 7 15.537 6.75 0 15.207 6.75 0 15.207 6.375 0 15.537 6.375 0
4 15 15.207 7.125 0 14.876 7.125 0 14.876 6.375 0 15.207 6.375 0
4 20 14.876 6.75 0 14.546 6.75 0 14.546 6.375 0 14.876 6.375 0
4 15 14.546 6.75 0 14.215 6.75 0 14.215 6.375 0 14.546 6.375 0
4 20 14.215 6.75 0 13.884 6.75 0 13.884 6.375 0 14.215 6.375 0
4 7 13.554 6.75 0 13.223 6.75 0 13.223 6.375 0 13.554 6.375 0
4 8 12.231 6.75 0 11.57 6.75 0 11.57 6.375 0 12.231 6.375 0
4 0 11.24 7.5 0 10.909 7.5 0 10.909 6.375 0 11.24 6.375 0
4 20 10.909 6.75 0 10.578 6.75 0 10.578 6.375 0 10.909 6.375 0
4 15 10.578 9.375 0 1.983 9.375 0 1.983 6.375 0 10.578 6.375 0
4 15 78.016 6.375 0 70.744 6.375 0 70.744 6 0 78.016 6 0
4 0 70.744 6.375 0 68.43 6.375 0 68.43 6 0 70.744 6 0
4 14 68.43 18.75 0 66.446 18.75 0 66.446 6 0 68.43 6 0
4 0 66.446 6.375 0 63.802 6.375 0 63.802 6 0 66.446 6 0
4 15 63.802 6.375 0 53.554 6.375 0 53.554 6 0 63.802 6 0
4 0 53.554 6.375 0 51.24 6.375 0 51.24 6 0 53.554 6 0
4 14 51.24 18.75 0 49.256 18.75 0 49.256 6 0 51.24 6 0
4 0 49.256 6.375 0 46.612 6.375 0 46.612 6 0 49.256 6 0
4 15 46.612 6.375 0 36.364 6.375 0 36.364 6 0 46.612 6 0
4 0 36.364 6.375 0 34.05 6.375 0 34.05 6 0 36.364 6 0
4 14 34.05 18.75 0 32.066 18.75 0 32.066 6 0 34.05 6 0
4 0 32.066 6.375 0 29.422 6.375 0 29.422 6 0 32.066 6 0
4 15 29.422 6.375 0 16.198 6.375 0 16.198 6 0 29.422 6 0
4 7 16.198 6.375 0 15.868 6.375 0 15.868 6 0 16.198 6 0
4 0 15.868 6.375 0 15.207 6.375 0 15.207 6 0 15.868 6 0
4 7 15.207 6.375 0 14.876 6.375 0 14.876 6 0 15.207 6 0
4 15 14.876 6.375 0 14.546 6.375 0 14.546 6 0 14.876 6 0
4 20 14.546 6.375 0 13.884 6.375 0 13.884 6 0 14.546 6 0
4 15 13.884 7.5 0 13.554 7.5 0 13.554 6 0 13.884 6 0
4 8 13.554 6.375 0 13.223 6.375 0 13.223 6 0 13.554 6 0
4 8 13.223 6.75 0 12.893 6.75 0 12.893 6 0 13.223 6 0
4 7 12.893 6.75 0 12.562 6.75 0 12.562 6 0 12.893 6 0
4 7 12.562 7.5 0 12.231 7.5 0 12.231 6 0 12.562 6 0
4 8 12.231 6.375 0 11.901 6.375 0 11.901 6 0 12.231 6 0
4 0 11.57 6.75 0 11.24 6.75 0 11.24 6 0 11.57 6 0
4 8 11.24 6.375 0 10.909 6.375 0 10.909 6 0 11.24 6 0
4 15 78.016 6 0 70.083 6 0 70.083 5.625 0 78.016 5.625 0
4 0 70.083 6 0 64.463 6 0 64.463 5.625 0 70.083 5.625 0
4 15 64.463 6 0 52.893 6 0 52.893 5.625 0 64.463 5.625 0
4 0 52.893 6 0 47.273 6 0 47.273 5.625 0 52.893 5.625 0
4 15 47.273 6 0 35.702 6 0 35.702 5.625 0 47.273 5.625 0
4 0 35.702 6 0 30.083 6 0 30.083 5.625 0 35.702 5.625 0
4 15 30.083 6 0 15.868 6 0 15.868 5.625 0 30.083 5.625 0
4 7 15.868 6 0 15.537 6 0 15.537 5.625 0 15.868 5.625 0
4 0 15.537 6 0 14.876 6 0 14.876 5.625 0 15.537 5.625 0
4 7 14.876 6 0 14.546 6 0 14.546 5.625 0 14.876 5.625 0
4 15 14.546 6 0 13.884 6 0 13.884 5.625 0 14.546 5.625 0
4 7 13.884 6 0 13.554 6 0 13.554 5.625 0 13.884 5.625 0
4 7 13.554 6 0 13.223 6 0 13.223 5.625 0 13.554 5.625 0
4 7 13.223 6 0 12.893 6 0 12.893 5.625 0 13.223 5.625 0
4 8 12.893 6 0 12.562 6 0 12.562 5.625 0 12.893 5.625 0
4 8 12.562 6 0 12.231 6 0 12.231 5.625 0 12.562 5.625 0
4 0 12.231 6 0 11.901 6 0 11.901 5.625 0 12.231 5.625 0
4 0 11.901 6.375 0 11.57 6.375 0 11.57 5.625 0 11.901 5.625 0
4 8 11.57 6 0 11.24 6 0 11.24 5.625 0 11.57 5.625 0
4 20 11.24 6 0 10.909 6 0 10.909 5.625 0 11.24 5.625 0
4 15 10.909 6.375 0 1.983 6.375 0 1.983 5.625 0 10.909 5.625 0
4 15 78.016 5.625 0 69.091 5.625 0 69.091 5.25 0 78.016 5.25 0
4 0 69.091 5.625 0 65.454 5.625 0 65.454 5.25 0 69.091 5.25 0
4 15 65.454 5.625 0 51.901 5.625 0 51.901 5.25 0 65.454 5.25 0
4 0 51.901 5.625 0 48.264 5.625 0 48.264 5.25 0 51.901 5.25 0
4 15 48.264 5.625 0 34.711 5.625 0 34.711 5.25 0 48.264 5.25 0
4 0 34.711 5.625 0 31.074 5.625 0 31.074 5.25 0 34.711 5.25 0
4 15 31.074 5.625 0 15.868 5.625 0 15.868 5.25 0 31.074 5.25 0
4 20 15.868 5.625 0 15.537 5.625 0 15.537 5.25 0 15.868 5.25 0
4 7 15.537 5.625 0 15.207 5.625 0 15.207 5.25 0 15.537 5.25 0
4 0 15.207 5.625 0 14.876 5.625 0 14.876 5.25 0 15.207 5.25 0
4 7 14.546 5.625 0 13.884 5.625 0 13.884 5.25 0 14.546 5.25 0
4 8 13.554 5.625 0 13.223 5.625 0 13.223 5.25 0 13.554 5.25 0
4 8 13.223 5.625 0 12.893 5.625 0 12.893 5.25 0 13.223 5.25 0
4 0 12.562 5.625 0 12.231 5.625 0 12.231 5.25 0 12.562 5.25 0
4 8 12.231 5.625 0 11.901 5.625 0 11.901 5.25 0 12.231 5.25 0
4 7 11.901 5.625 0 11.57 5.625 0 11.57 5.25 0 11.901 5.25 0
4 15 78.016 5.25 0 15.207 5.25 0 15.207 4.875 0 78.016 4.875 0
4 7 15.207 5.25 0 14.876 5.25 0 14.876 4.875 0 15.207 4.875 0
4 0 14.876 5.625 0 14.546 5.625 0 14.546 4.875 0 14.876 4.875 0
4 0 14.546 5.25 0 13.884 5.25 0 13.884 4.875 0 14.546 4.875 0
4 0 13.223 5.25 0 12.893 5.25 0 12.893 4.875 0 13.223 4.875 0
4 0 12.893 5.625 0 12.562 5.625 0 12.562 4.875 0 12.893 4.875 0
4 8 12.562 5.25 0 12.231 5.25 0 12.231 4.875 0 12.562 4.875 0
4 7 12.231 5.25 0 11.901 5.25 0 11.901 4.875 0 12.231 4.875 0
4 15 11.901 5.25 0 11.57 5.25 0 11.57 4.875 0 11.901 4.875 0
4 15 11.57 5.625 0 1.983 5.625 0 1.983 4.875 0 11.57 4.875 0
4 15 78.016 4.875 0 14.876 4.875 0 14.876 4.5 0 78.016 4.5 0
4 7 14.876 4.875 0 14.546 4.875 0 14.546 4.5 0 14.876 4.5 0
4 0 14.546 4.875 0 14.215 4.875 0 14.215 4.5 0 14.546 4.5 0
4 0 14.215 4.875 0 13.884 4.875 0 13.884 4.5 0 14.215 4.5 0
4 0 13.884 5.625 0 13.554 5.625 0 13.554 4.5 0 13.884 4.5 0
4 0 13.554 5.25 0 13.223 5.25 0 13.223 4.5 0 13.554 4.5 0
4 8 13.223 4.875 0 12.893 4.875 0 12.893 4.5 0 13.223 4.5 0
4 7 12.893 4.875 0 12.562 4.875 0 12.562 4.5 0 12.893 4.5 0
4 15 12.562 4.875 0 1.983 4.875 0 1.983 4.5 0 12.562 4.5 0
4 0 78.678 21.75 0 78.016 21.75 0 78.016 2.25 0 78.678 2.25 0
4 15 78.016 4.5 0 1.983 4.5 0 1.983 2.25 0 78.016 2.25 0
4 0 1.983 21.75 0 1.322 21.75 0 1.322 2.25 0 1.983 2.25 0
4 0 78.678 2.25 0 78.347 2.25 0 78.347 1.875 0 78.678 1.875 0
4 0 78.347 2.25 0 1.322 2.25 0 1.322 1.875 0 78.347 1.875 0
4 8 78.678 1.875 0 78.347 1.875 0 78.347 1.5 0 78.678 1.5 0
4 0 78.347 1.875 0 1.653 1.875 0 1.653 1.5 0 78.347 1.5 0
4 0 1.653 1.875 0 1.322 1.875 0 1.322 1.5 0 1.653 1.5 0
0 
