0 Etiqueta Ref. 270 firetruck (luces laterales derecha)
0 Name: ftlightr.dat
0 Author: cpcbegin
0 BFC CERTIFY CW
4 0 78.678 22.5 0 1.322 22.5 0 1.322 22.125 0 78.678 22.125 0
4 0 78.678 22.125 0 1.653 22.125 0 1.653 21.75 0 78.678 21.75 0
4 0 1.653 22.125 0 1.322 22.125 0 1.322 21.75 0 1.653 21.75 0
4 15 78.016 21.75 0 1.983 21.75 0 1.983 18.75 0 78.016 18.75 0
4 15 78.016 18.75 0 48.264 18.75 0 48.264 18.375 0 78.016 18.375 0
4 0 48.264 18.75 0 44.628 18.75 0 44.628 18.375 0 48.264 18.375 0
4 15 44.628 18.75 0 31.074 18.75 0 31.074 18.375 0 44.628 18.375 0
4 0 31.074 18.75 0 27.438 18.75 0 27.438 18.375 0 31.074 18.375 0
4 15 27.438 18.75 0 13.884 18.75 0 13.884 18.375 0 27.438 18.375 0
4 0 13.884 18.75 0 10.248 18.75 0 10.248 18.375 0 13.884 18.375 0
4 15 10.248 18.75 0 1.983 18.75 0 1.983 18.375 0 10.248 18.375 0
4 15 78.016 18.375 0 49.256 18.375 0 49.256 18 0 78.016 18 0
4 0 49.256 18.375 0 43.636 18.375 0 43.636 18 0 49.256 18 0
4 15 43.636 18.375 0 32.066 18.375 0 32.066 18 0 43.636 18 0
4 0 32.066 18.375 0 26.446 18.375 0 26.446 18 0 32.066 18 0
4 15 26.446 18.375 0 14.876 18.375 0 14.876 18 0 26.446 18 0
4 0 14.876 18.375 0 9.256 18.375 0 9.256 18 0 14.876 18 0
4 15 9.256 18.375 0 1.983 18.375 0 1.983 18 0 9.256 18 0
4 0 73.058 18 0 70.744 18 0 70.744 17.625 0 73.058 17.625 0
4 0 61.157 18 0 58.843 18 0 58.843 17.625 0 61.157 17.625 0
4 15 58.843 18 0 49.917 18 0 49.917 17.625 0 58.843 17.625 0
4 0 49.917 18 0 47.273 18 0 47.273 17.625 0 49.917 17.625 0
4 0 45.289 18 0 42.975 18 0 42.975 17.625 0 45.289 17.625 0
4 15 42.975 18 0 32.727 18 0 32.727 17.625 0 42.975 17.625 0
4 0 32.727 18 0 30.083 18 0 30.083 17.625 0 32.727 17.625 0
4 0 28.099 18 0 25.785 18 0 25.785 17.625 0 28.099 17.625 0
4 15 25.785 18 0 15.537 18 0 15.537 17.625 0 25.785 17.625 0
4 0 15.537 18 0 12.893 18 0 12.893 17.625 0 15.537 17.625 0
4 0 10.909 18 0 8.595 18 0 8.595 17.625 0 10.909 17.625 0
4 15 8.595 18 0 1.983 18 0 1.983 17.625 0 8.595 17.625 0
4 15 58.843 17.625 0 50.248 17.625 0 50.248 17.25 0 58.843 17.25 0
4 0 50.248 17.625 0 48.595 17.625 0 48.595 17.25 0 50.248 17.25 0
4 4 48.595 17.625 0 47.934 17.625 0 47.934 17.25 0 48.595 17.25 0
4 15 44.628 17.625 0 44.297 17.625 0 44.297 17.25 0 44.628 17.25 0
4 0 44.297 17.625 0 42.645 17.625 0 42.645 17.25 0 44.297 17.25 0
4 15 42.645 17.625 0 33.058 17.625 0 33.058 17.25 0 42.645 17.25 0
4 0 33.058 17.625 0 31.405 17.625 0 31.405 17.25 0 33.058 17.25 0
4 15 31.405 17.625 0 30.744 17.625 0 30.744 17.25 0 31.405 17.25 0
4 15 27.438 17.625 0 27.107 17.625 0 27.107 17.25 0 27.438 17.25 0
4 0 27.107 17.625 0 25.454 17.625 0 25.454 17.25 0 27.107 17.25 0
4 15 25.454 17.625 0 15.868 17.625 0 15.868 17.25 0 25.454 17.25 0
4 0 15.868 17.625 0 14.215 17.625 0 14.215 17.25 0 15.868 17.25 0
4 25 14.215 17.625 0 13.554 17.625 0 13.554 17.25 0 14.215 17.25 0
4 15 10.248 17.625 0 9.917 17.625 0 9.917 17.25 0 10.248 17.25 0
4 0 9.917 17.625 0 8.264 17.625 0 8.264 17.25 0 9.917 17.25 0
4 15 8.264 17.625 0 1.983 17.625 0 1.983 17.25 0 8.264 17.25 0
4 15 58.843 17.25 0 50.909 17.25 0 50.909 16.875 0 58.843 16.875 0
4 0 50.909 17.25 0 49.256 17.25 0 49.256 16.875 0 50.909 16.875 0
4 4 49.256 17.25 0 47.934 17.25 0 47.934 16.875 0 49.256 16.875 0
4 15 44.628 17.25 0 43.636 17.25 0 43.636 16.875 0 44.628 16.875 0
4 0 43.636 17.25 0 41.983 17.25 0 41.983 16.875 0 43.636 16.875 0
4 15 41.983 17.25 0 33.719 17.25 0 33.719 16.875 0 41.983 16.875 0
4 0 33.719 17.25 0 32.066 17.25 0 32.066 16.875 0 33.719 16.875 0
4 15 32.066 17.25 0 30.744 17.25 0 30.744 16.875 0 32.066 16.875 0
4 15 27.438 17.25 0 26.446 17.25 0 26.446 16.875 0 27.438 16.875 0
4 0 26.446 17.25 0 24.793 17.25 0 24.793 16.875 0 26.446 16.875 0
4 15 24.793 17.25 0 16.529 17.25 0 16.529 16.875 0 24.793 16.875 0
4 0 16.529 17.25 0 14.876 17.25 0 14.876 16.875 0 16.529 16.875 0
4 25 14.876 17.25 0 13.554 17.25 0 13.554 16.875 0 14.876 16.875 0
4 15 10.248 17.25 0 9.256 17.25 0 9.256 16.875 0 10.248 16.875 0
4 0 9.256 17.25 0 7.603 17.25 0 7.603 16.875 0 9.256 16.875 0
4 15 7.603 17.25 0 1.983 17.25 0 1.983 16.875 0 7.603 16.875 0
4 15 58.843 16.875 0 51.24 16.875 0 51.24 16.5 0 58.843 16.5 0
4 0 51.24 16.875 0 49.587 16.875 0 49.587 16.5 0 51.24 16.5 0
4 4 49.587 16.875 0 47.934 16.875 0 47.934 16.5 0 49.587 16.5 0
4 15 44.628 16.875 0 43.306 16.875 0 43.306 16.5 0 44.628 16.5 0
4 0 43.306 16.875 0 41.653 16.875 0 41.653 16.5 0 43.306 16.5 0
4 15 41.653 16.875 0 34.05 16.875 0 34.05 16.5 0 41.653 16.5 0
4 0 34.05 16.875 0 32.397 16.875 0 32.397 16.5 0 34.05 16.5 0
4 15 32.397 16.875 0 30.744 16.875 0 30.744 16.5 0 32.397 16.5 0
4 15 27.438 16.875 0 26.116 16.875 0 26.116 16.5 0 27.438 16.5 0
4 0 26.116 16.875 0 24.463 16.875 0 24.463 16.5 0 26.116 16.5 0
4 15 24.463 16.875 0 16.86 16.875 0 16.86 16.5 0 24.463 16.5 0
4 0 16.86 16.875 0 15.207 16.875 0 15.207 16.5 0 16.86 16.5 0
4 25 15.207 16.875 0 13.554 16.875 0 13.554 16.5 0 15.207 16.5 0
4 15 10.248 16.875 0 8.926 16.875 0 8.926 16.5 0 10.248 16.5 0
4 0 8.926 16.875 0 7.273 16.875 0 7.273 16.5 0 8.926 16.5 0
4 15 7.273 16.875 0 1.983 16.875 0 1.983 16.5 0 7.273 16.5 0
4 15 58.843 16.5 0 51.57 16.5 0 51.57 16.125 0 58.843 16.125 0
4 0 51.57 16.5 0 50.248 16.5 0 50.248 16.125 0 51.57 16.125 0
4 4 50.248 16.5 0 47.934 16.5 0 47.934 16.125 0 50.248 16.125 0
4 15 44.628 16.5 0 42.645 16.5 0 42.645 16.125 0 44.628 16.125 0
4 0 42.645 16.5 0 41.322 16.5 0 41.322 16.125 0 42.645 16.125 0
4 15 41.322 16.5 0 34.38 16.5 0 34.38 16.125 0 41.322 16.125 0
4 0 34.38 16.5 0 33.058 16.5 0 33.058 16.125 0 34.38 16.125 0
4 15 33.058 16.5 0 30.744 16.5 0 30.744 16.125 0 33.058 16.125 0
4 15 27.438 16.5 0 25.454 16.5 0 25.454 16.125 0 27.438 16.125 0
4 0 25.454 16.5 0 24.132 16.5 0 24.132 16.125 0 25.454 16.125 0
4 15 24.132 16.5 0 17.19 16.5 0 17.19 16.125 0 24.132 16.125 0
4 0 17.19 16.5 0 15.868 16.5 0 15.868 16.125 0 17.19 16.125 0
4 25 15.868 16.5 0 13.554 16.5 0 13.554 16.125 0 15.868 16.125 0
4 15 10.248 16.5 0 8.264 16.5 0 8.264 16.125 0 10.248 16.125 0
4 0 8.264 16.5 0 6.942 16.5 0 6.942 16.125 0 8.264 16.125 0
4 15 6.942 16.5 0 1.983 16.5 0 1.983 16.125 0 6.942 16.125 0
4 0 51.901 16.125 0 50.578 16.125 0 50.578 15.75 0 51.901 15.75 0
4 4 50.578 16.125 0 47.934 16.125 0 47.934 15.75 0 50.578 15.75 0
4 15 44.628 16.125 0 42.314 16.125 0 42.314 15.75 0 44.628 15.75 0
4 0 42.314 16.125 0 40.992 16.125 0 40.992 15.75 0 42.314 15.75 0
4 0 34.711 16.125 0 33.388 16.125 0 33.388 15.75 0 34.711 15.75 0
4 15 33.388 16.125 0 30.744 16.125 0 30.744 15.75 0 33.388 15.75 0
4 15 27.438 16.125 0 25.124 16.125 0 25.124 15.75 0 27.438 15.75 0
4 0 25.124 16.125 0 23.802 16.125 0 23.802 15.75 0 25.124 15.75 0
4 0 17.521 16.125 0 16.198 16.125 0 16.198 15.75 0 17.521 15.75 0
4 25 16.198 16.125 0 13.554 16.125 0 13.554 15.75 0 16.198 15.75 0
4 15 10.248 16.125 0 7.934 16.125 0 7.934 15.75 0 10.248 15.75 0
4 0 7.934 16.125 0 6.612 16.125 0 6.612 15.75 0 7.934 15.75 0
4 15 78.016 18 0 73.058 18 0 73.058 15.375 0 78.016 15.375 0
4 0 73.058 17.625 0 72.727 17.625 0 72.727 15.375 0 73.058 15.375 0
4 0 71.074 17.625 0 70.744 17.625 0 70.744 15.375 0 71.074 15.375 0
4 15 70.744 18 0 61.157 18 0 61.157 15.375 0 70.744 15.375 0
4 0 61.157 17.625 0 60.826 17.625 0 60.826 15.375 0 61.157 15.375 0
4 0 59.174 17.625 0 58.843 17.625 0 58.843 15.375 0 59.174 15.375 0
4 15 58.843 16.125 0 51.901 16.125 0 51.901 15.375 0 58.843 15.375 0
4 0 51.901 15.75 0 50.909 15.75 0 50.909 15.375 0 51.901 15.375 0
4 4 50.909 15.75 0 47.934 15.75 0 47.934 15.375 0 50.909 15.375 0
4 15 44.628 15.75 0 41.983 15.75 0 41.983 15.375 0 44.628 15.375 0
4 0 41.983 15.75 0 40.992 15.75 0 40.992 15.375 0 41.983 15.375 0
4 15 40.992 16.125 0 34.711 16.125 0 34.711 15.375 0 40.992 15.375 0
4 0 34.711 15.75 0 33.719 15.75 0 33.719 15.375 0 34.711 15.375 0
4 15 33.719 15.75 0 30.744 15.75 0 30.744 15.375 0 33.719 15.375 0
4 15 27.438 15.75 0 24.793 15.75 0 24.793 15.375 0 27.438 15.375 0
4 0 24.793 15.75 0 23.802 15.75 0 23.802 15.375 0 24.793 15.375 0
4 15 23.802 16.125 0 17.521 16.125 0 17.521 15.375 0 23.802 15.375 0
4 0 17.521 15.75 0 16.529 15.75 0 16.529 15.375 0 17.521 15.375 0
4 25 16.529 15.75 0 13.554 15.75 0 13.554 15.375 0 16.529 15.375 0
4 15 10.248 15.75 0 7.603 15.75 0 7.603 15.375 0 10.248 15.375 0
4 0 7.603 15.75 0 6.612 15.75 0 6.612 15.375 0 7.603 15.375 0
4 15 6.612 16.125 0 1.983 16.125 0 1.983 15.375 0 6.612 15.375 0
4 0 75.372 15.375 0 72.727 15.375 0 72.727 15 0 75.372 15 0
4 14 72.727 17.625 0 71.074 17.625 0 71.074 15 0 72.727 15 0
4 0 71.074 15.375 0 68.099 15.375 0 68.099 15 0 71.074 15 0
4 0 63.471 15.375 0 60.826 15.375 0 60.826 15 0 63.471 15 0
4 14 60.826 17.625 0 59.174 17.625 0 59.174 15 0 60.826 15 0
4 0 59.174 15.375 0 56.198 15.375 0 56.198 15 0 59.174 15 0
4 15 56.198 15.375 0 52.231 15.375 0 52.231 14.625 0 56.198 14.625 0
4 0 52.231 15.375 0 51.24 15.375 0 51.24 14.625 0 52.231 14.625 0
4 4 51.24 15.375 0 47.934 15.375 0 47.934 14.625 0 51.24 14.625 0
4 15 44.628 15.375 0 41.653 15.375 0 41.653 14.625 0 44.628 14.625 0
4 0 41.653 15.375 0 40.661 15.375 0 40.661 14.625 0 41.653 14.625 0
4 15 40.661 15.375 0 35.041 15.375 0 35.041 14.625 0 40.661 14.625 0
4 0 35.041 15.375 0 34.05 15.375 0 34.05 14.625 0 35.041 14.625 0
4 15 34.05 15.375 0 30.744 15.375 0 30.744 14.625 0 34.05 14.625 0
4 15 27.438 15.375 0 24.463 15.375 0 24.463 14.625 0 27.438 14.625 0
4 0 24.463 15.375 0 23.471 15.375 0 23.471 14.625 0 24.463 14.625 0
4 15 23.471 15.375 0 17.851 15.375 0 17.851 14.625 0 23.471 14.625 0
4 0 17.851 15.375 0 16.86 15.375 0 16.86 14.625 0 17.851 14.625 0
4 25 16.86 15.375 0 13.554 15.375 0 13.554 14.625 0 16.86 14.625 0
4 15 10.248 15.375 0 7.273 15.375 0 7.273 14.625 0 10.248 14.625 0
4 0 7.273 15.375 0 6.281 15.375 0 6.281 14.625 0 7.273 14.625 0
4 15 6.281 15.375 0 1.983 15.375 0 1.983 14.625 0 6.281 14.625 0
4 0 52.562 14.625 0 51.57 14.625 0 51.57 13.875 0 52.562 13.875 0
4 4 51.57 14.625 0 47.934 14.625 0 47.934 13.875 0 51.57 13.875 0
4 15 44.628 14.625 0 41.322 14.625 0 41.322 13.875 0 44.628 13.875 0
4 0 41.322 14.625 0 40.331 14.625 0 40.331 13.875 0 41.322 13.875 0
4 0 35.372 14.625 0 34.38 14.625 0 34.38 13.875 0 35.372 13.875 0
4 15 34.38 14.625 0 30.744 14.625 0 30.744 13.875 0 34.38 13.875 0
4 15 27.438 14.625 0 24.132 14.625 0 24.132 13.875 0 27.438 13.875 0
4 0 24.132 14.625 0 23.14 14.625 0 23.14 13.875 0 24.132 13.875 0
4 0 18.182 14.625 0 17.19 14.625 0 17.19 13.875 0 18.182 13.875 0
4 25 17.19 14.625 0 13.554 14.625 0 13.554 13.875 0 17.19 13.875 0
4 15 10.248 14.625 0 6.942 14.625 0 6.942 13.875 0 10.248 13.875 0
4 0 6.942 14.625 0 5.95 14.625 0 5.95 13.875 0 6.942 13.875 0
4 15 56.198 14.625 0 52.562 14.625 0 52.562 13.5 0 56.198 13.5 0
4 0 52.562 13.875 0 51.901 13.875 0 51.901 13.5 0 52.562 13.5 0
4 0 40.992 13.875 0 40.331 13.875 0 40.331 13.5 0 40.992 13.5 0
4 15 40.331 14.625 0 35.372 14.625 0 35.372 13.5 0 40.331 13.5 0
4 0 35.372 13.875 0 34.711 13.875 0 34.711 13.5 0 35.372 13.5 0
4 0 23.802 13.875 0 23.14 13.875 0 23.14 13.5 0 23.802 13.5 0
4 15 23.14 14.625 0 18.182 14.625 0 18.182 13.5 0 23.14 13.5 0
4 0 18.182 13.875 0 17.521 13.875 0 17.521 13.5 0 18.182 13.5 0
4 0 6.612 13.875 0 5.95 13.875 0 5.95 13.5 0 6.612 13.5 0
4 15 5.95 14.625 0 1.983 14.625 0 1.983 13.5 0 5.95 13.5 0
4 0 75.372 15 0 75.041 15 0 75.041 13.125 0 75.372 13.125 0
4 14 75.041 15 0 68.43 15 0 68.43 13.125 0 75.041 13.125 0
4 0 68.43 15 0 68.099 15 0 68.099 13.125 0 68.43 13.125 0
4 0 63.471 15 0 63.141 15 0 63.141 13.125 0 63.471 13.125 0
4 14 63.141 15 0 56.529 15 0 56.529 13.125 0 63.141 13.125 0
4 0 56.529 15 0 56.198 15 0 56.198 13.125 0 56.529 13.125 0
4 15 78.016 15.375 0 75.372 15.375 0 75.372 12.75 0 78.016 12.75 0
4 0 75.372 13.125 0 72.727 13.125 0 72.727 12.75 0 75.372 12.75 0
4 0 71.074 13.125 0 68.099 13.125 0 68.099 12.75 0 71.074 12.75 0
4 15 68.099 15.375 0 63.471 15.375 0 63.471 12.75 0 68.099 12.75 0
4 0 63.471 13.125 0 60.826 13.125 0 60.826 12.75 0 63.471 12.75 0
4 0 59.174 13.125 0 56.198 13.125 0 56.198 12.75 0 59.174 12.75 0
4 15 56.198 13.5 0 52.893 13.5 0 52.893 12.75 0 56.198 12.75 0
4 0 52.893 13.5 0 51.901 13.5 0 51.901 12.75 0 52.893 12.75 0
4 4 51.901 13.875 0 47.934 13.875 0 47.934 12.75 0 51.901 12.75 0
4 15 44.628 13.875 0 40.992 13.875 0 40.992 12.75 0 44.628 12.75 0
4 0 40.992 13.5 0 40 13.5 0 40 12.75 0 40.992 12.75 0
4 0 35.702 13.5 0 34.711 13.5 0 34.711 12.75 0 35.702 12.75 0
4 15 34.711 13.875 0 30.744 13.875 0 30.744 12.75 0 34.711 12.75 0
4 15 27.438 13.875 0 23.802 13.875 0 23.802 12.75 0 27.438 12.75 0
4 0 23.802 13.5 0 22.81 13.5 0 22.81 12.75 0 23.802 12.75 0
4 0 18.512 13.5 0 17.521 13.5 0 17.521 12.75 0 18.512 12.75 0
4 25 17.521 13.875 0 13.554 13.875 0 13.554 12.75 0 17.521 12.75 0
4 15 10.248 13.875 0 6.612 13.875 0 6.612 12.75 0 10.248 12.75 0
4 0 6.612 13.5 0 5.62 13.5 0 5.62 12.75 0 6.612 12.75 0
4 15 70.744 12.75 0 61.157 12.75 0 61.157 10.875 0 70.744 10.875 0
4 0 73.058 12.75 0 72.727 12.75 0 72.727 10.5 0 73.058 10.5 0
4 14 72.727 13.125 0 71.074 13.125 0 71.074 10.5 0 72.727 10.5 0
4 0 71.074 12.75 0 70.744 12.75 0 70.744 10.5 0 71.074 10.5 0
4 15 70.744 10.875 0 67.438 10.875 0 67.438 10.5 0 70.744 10.5 0
4 2 67.438 10.875 0 67.107 10.875 0 67.107 10.5 0 67.438 10.5 0
4 8 67.107 10.875 0 66.777 10.875 0 66.777 10.5 0 67.107 10.5 0
4 0 66.777 10.875 0 66.116 10.875 0 66.116 10.5 0 66.777 10.5 0
4 8 66.116 10.875 0 65.124 10.875 0 65.124 10.5 0 66.116 10.5 0
4 15 65.124 10.875 0 61.157 10.875 0 61.157 10.5 0 65.124 10.5 0
4 0 61.157 12.75 0 60.826 12.75 0 60.826 10.5 0 61.157 10.5 0
4 14 60.826 13.125 0 59.174 13.125 0 59.174 10.5 0 60.826 10.5 0
4 0 59.174 12.75 0 58.843 12.75 0 58.843 10.5 0 59.174 10.5 0
4 0 52.893 12.75 0 52.231 12.75 0 52.231 10.5 0 52.893 10.5 0
4 4 52.231 12.75 0 47.934 12.75 0 47.934 10.5 0 52.231 10.5 0
4 15 44.628 12.75 0 40.661 12.75 0 40.661 10.5 0 44.628 10.5 0
4 0 40.661 12.75 0 40 12.75 0 40 10.5 0 40.661 10.5 0
4 0 35.702 12.75 0 35.041 12.75 0 35.041 10.5 0 35.702 10.5 0
4 15 35.041 12.75 0 30.744 12.75 0 30.744 10.5 0 35.041 10.5 0
4 15 27.438 12.75 0 23.471 12.75 0 23.471 10.5 0 27.438 10.5 0
4 0 23.471 12.75 0 22.81 12.75 0 22.81 10.5 0 23.471 10.5 0
4 0 18.512 12.75 0 17.851 12.75 0 17.851 10.5 0 18.512 10.5 0
4 25 17.851 12.75 0 13.554 12.75 0 13.554 10.5 0 17.851 10.5 0
4 15 10.248 12.75 0 6.281 12.75 0 6.281 10.5 0 10.248 10.5 0
4 0 6.281 12.75 0 5.62 12.75 0 5.62 10.5 0 6.281 10.5 0
4 15 78.016 12.75 0 73.058 12.75 0 73.058 10.125 0 78.016 10.125 0
4 0 73.058 10.5 0 70.744 10.5 0 70.744 10.125 0 73.058 10.125 0
4 15 70.744 10.5 0 67.769 10.5 0 67.769 10.125 0 70.744 10.125 0
4 0 67.769 10.5 0 67.438 10.5 0 67.438 10.125 0 67.769 10.125 0
4 0 67.438 10.5 0 66.116 10.5 0 66.116 10.125 0 67.438 10.125 0
4 0 66.116 10.5 0 65.454 10.5 0 65.454 10.125 0 66.116 10.125 0
4 0 65.454 10.5 0 64.793 10.5 0 64.793 10.125 0 65.454 10.125 0
4 15 64.793 10.5 0 61.157 10.5 0 61.157 10.125 0 64.793 10.125 0
4 0 61.157 10.5 0 58.843 10.5 0 58.843 10.125 0 61.157 10.125 0
4 15 58.843 12.75 0 52.893 12.75 0 52.893 10.125 0 58.843 10.125 0
4 15 78.016 10.125 0 68.43 10.125 0 68.43 9.75 0 78.016 9.75 0
4 7 68.43 10.125 0 68.099 10.125 0 68.099 9.75 0 68.43 9.75 0
4 0 68.099 10.125 0 67.438 10.125 0 67.438 9.75 0 68.099 9.75 0
4 8 67.438 10.125 0 67.107 10.125 0 67.107 9.75 0 67.438 9.75 0
4 8 67.107 10.125 0 66.777 10.125 0 66.777 9.75 0 67.107 9.75 0
4 8 66.777 10.125 0 66.446 10.125 0 66.446 9.75 0 66.777 9.75 0
4 8 66.446 10.125 0 66.116 10.125 0 66.116 9.75 0 66.446 9.75 0
4 8 66.116 10.125 0 65.785 10.125 0 65.785 9.75 0 66.116 9.75 0
4 8 65.785 10.125 0 65.454 10.125 0 65.454 9.75 0 65.785 9.75 0
4 8 65.454 10.125 0 65.124 10.125 0 65.124 9.75 0 65.454 9.75 0
4 0 65.124 10.125 0 64.793 10.125 0 64.793 9.75 0 65.124 9.75 0
4 0 64.793 10.125 0 64.463 10.125 0 64.463 9.75 0 64.793 9.75 0
4 8 64.463 10.125 0 64.132 10.125 0 64.132 9.75 0 64.463 9.75 0
4 20 64.132 10.125 0 63.802 10.125 0 63.802 9.75 0 64.132 9.75 0
4 15 63.802 10.125 0 52.893 10.125 0 52.893 9.75 0 63.802 9.75 0
4 0 52.893 10.5 0 51.901 10.5 0 51.901 9.75 0 52.893 9.75 0
4 0 40.992 10.5 0 40 10.5 0 40 9.75 0 40.992 9.75 0
4 15 40 13.5 0 35.702 13.5 0 35.702 9.75 0 40 9.75 0
4 0 35.702 10.5 0 34.711 10.5 0 34.711 9.75 0 35.702 9.75 0
4 0 23.802 10.5 0 22.81 10.5 0 22.81 9.75 0 23.802 9.75 0
4 15 22.81 13.5 0 18.512 13.5 0 18.512 9.75 0 22.81 9.75 0
4 0 18.512 10.5 0 17.521 10.5 0 17.521 9.75 0 18.512 9.75 0
4 0 6.612 10.5 0 5.62 10.5 0 5.62 9.75 0 6.612 9.75 0
4 15 5.62 13.5 0 1.983 13.5 0 1.983 9.75 0 5.62 9.75 0
4 15 78.016 9.75 0 68.76 9.75 0 68.76 9.375 0 78.016 9.375 0
4 7 68.76 9.75 0 68.43 9.75 0 68.43 9.375 0 68.76 9.375 0
4 0 68.099 9.75 0 67.769 9.75 0 67.769 9.375 0 68.099 9.375 0
4 8 67.769 9.75 0 67.438 9.75 0 67.438 9.375 0 67.769 9.375 0
4 20 67.107 9.75 0 66.777 9.75 0 66.777 9.375 0 67.107 9.375 0
4 7 66.777 9.75 0 66.446 9.75 0 66.446 9.375 0 66.777 9.375 0
4 20 66.446 9.75 0 66.116 9.75 0 66.116 9.375 0 66.446 9.375 0
4 20 66.116 9.75 0 65.785 9.75 0 65.785 9.375 0 66.116 9.375 0
4 15 65.785 9.75 0 65.124 9.75 0 65.124 9.375 0 65.785 9.375 0
4 7 65.124 9.75 0 64.793 9.75 0 64.793 9.375 0 65.124 9.375 0
4 0 64.793 9.75 0 64.132 9.75 0 64.132 9.375 0 64.793 9.375 0
4 8 64.132 9.75 0 63.802 9.75 0 63.802 9.375 0 64.132 9.375 0
4 15 63.802 9.75 0 52.562 9.75 0 52.562 9.375 0 63.802 9.375 0
4 0 52.562 9.75 0 51.901 9.75 0 51.901 9.375 0 52.562 9.375 0
4 4 51.901 10.5 0 47.934 10.5 0 47.934 9.375 0 51.901 9.375 0
4 15 44.628 10.5 0 40.992 10.5 0 40.992 9.375 0 44.628 9.375 0
4 0 40.992 9.75 0 40.331 9.75 0 40.331 9.375 0 40.992 9.375 0
4 0 35.372 9.75 0 34.711 9.75 0 34.711 9.375 0 35.372 9.375 0
4 15 34.711 10.5 0 30.744 10.5 0 30.744 9.375 0 34.711 9.375 0
4 15 27.438 10.5 0 23.802 10.5 0 23.802 9.375 0 27.438 9.375 0
4 0 23.802 9.75 0 23.14 9.75 0 23.14 9.375 0 23.802 9.375 0
4 0 18.182 9.75 0 17.521 9.75 0 17.521 9.375 0 18.182 9.375 0
4 25 17.521 10.5 0 13.554 10.5 0 13.554 9.375 0 17.521 9.375 0
4 15 10.248 10.5 0 6.612 10.5 0 6.612 9.375 0 10.248 9.375 0
4 0 6.612 9.75 0 5.95 9.75 0 5.95 9.375 0 6.612 9.375 0
4 20 69.091 9.375 0 68.76 9.375 0 68.76 9 0 69.091 9 0
4 0 68.76 9.375 0 68.43 9.375 0 68.43 9 0 68.76 9 0
4 0 68.43 9.75 0 68.099 9.75 0 68.099 9 0 68.43 9 0
4 7 68.099 9.375 0 67.769 9.375 0 67.769 9 0 68.099 9 0
4 7 67.769 9.375 0 67.438 9.375 0 67.438 9 0 67.769 9 0
4 7 67.438 9.75 0 67.107 9.75 0 67.107 9 0 67.438 9 0
4 8 67.107 9.375 0 66.777 9.375 0 66.777 9 0 67.107 9 0
4 8 66.777 9.375 0 66.446 9.375 0 66.446 9 0 66.777 9 0
4 15 66.446 9.375 0 66.116 9.375 0 66.116 9 0 66.446 9 0
4 20 65.785 9.375 0 65.454 9.375 0 65.454 9 0 65.785 9 0
4 20 65.454 9.375 0 65.124 9.375 0 65.124 9 0 65.454 9 0
4 20 64.793 9.375 0 64.463 9.375 0 64.463 9 0 64.793 9 0
4 0 64.463 9.375 0 64.132 9.375 0 64.132 9 0 64.463 9 0
4 7 63.802 9.375 0 63.471 9.375 0 63.471 9 0 63.802 9 0
4 8 69.091 9 0 68.76 9 0 68.76 8.625 0 69.091 8.625 0
4 8 68.76 9 0 68.43 9 0 68.43 8.625 0 68.76 8.625 0
4 7 68.43 9 0 68.099 9 0 68.099 8.625 0 68.43 8.625 0
4 8 68.099 9 0 67.769 9 0 67.769 8.625 0 68.099 8.625 0
4 0 67.769 9 0 67.438 9 0 67.438 8.625 0 67.769 8.625 0
4 8 67.438 9 0 67.107 9 0 67.107 8.625 0 67.438 8.625 0
4 20 66.446 9 0 66.116 9 0 66.116 8.625 0 66.446 8.625 0
4 15 66.116 9.375 0 65.785 9.375 0 65.785 8.625 0 66.116 8.625 0
4 15 65.785 9 0 65.454 9 0 65.454 8.625 0 65.785 8.625 0
4 15 65.454 9 0 65.124 9 0 65.124 8.625 0 65.454 8.625 0
4 7 64.463 9 0 64.132 9 0 64.132 8.625 0 64.463 8.625 0
4 0 64.132 9.375 0 63.802 9.375 0 63.802 8.625 0 64.132 8.625 0
4 8 63.802 9 0 63.471 9 0 63.471 8.625 0 63.802 8.625 0
4 15 63.471 9.375 0 52.562 9.375 0 52.562 8.625 0 63.471 8.625 0
4 0 52.562 9.375 0 51.57 9.375 0 51.57 8.625 0 52.562 8.625 0
4 4 51.57 9.375 0 47.934 9.375 0 47.934 8.625 0 51.57 8.625 0
4 15 44.628 9.375 0 41.322 9.375 0 41.322 8.625 0 44.628 8.625 0
4 0 41.322 9.375 0 40.331 9.375 0 40.331 8.625 0 41.322 8.625 0
4 15 40.331 9.75 0 35.372 9.75 0 35.372 8.625 0 40.331 8.625 0
4 0 35.372 9.375 0 34.38 9.375 0 34.38 8.625 0 35.372 8.625 0
4 15 34.38 9.375 0 30.744 9.375 0 30.744 8.625 0 34.38 8.625 0
4 15 27.438 9.375 0 24.132 9.375 0 24.132 8.625 0 27.438 8.625 0
4 0 24.132 9.375 0 23.14 9.375 0 23.14 8.625 0 24.132 8.625 0
4 15 23.14 9.75 0 18.182 9.75 0 18.182 8.625 0 23.14 8.625 0
4 0 18.182 9.375 0 17.19 9.375 0 17.19 8.625 0 18.182 8.625 0
4 25 17.19 9.375 0 13.554 9.375 0 13.554 8.625 0 17.19 8.625 0
4 15 10.248 9.375 0 6.942 9.375 0 6.942 8.625 0 10.248 8.625 0
4 0 6.942 9.375 0 5.95 9.375 0 5.95 8.625 0 6.942 8.625 0
4 15 5.95 9.75 0 1.983 9.75 0 1.983 8.625 0 5.95 8.625 0
4 7 68.099 8.625 0 67.769 8.625 0 67.769 8.25 0 68.099 8.25 0
4 7 67.438 8.625 0 67.107 8.625 0 67.107 8.25 0 67.438 8.25 0
4 15 66.777 9 0 66.446 9 0 66.446 8.25 0 66.777 8.25 0
4 20 66.446 8.625 0 65.785 8.625 0 65.785 8.25 0 66.446 8.25 0
4 15 65.785 8.625 0 65.124 8.625 0 65.124 8.25 0 65.785 8.25 0
4 15 65.124 9.375 0 64.793 9.375 0 64.793 8.25 0 65.124 8.25 0
4 15 64.793 9 0 64.463 9 0 64.463 8.25 0 64.793 8.25 0
4 20 64.463 8.625 0 64.132 8.625 0 64.132 8.25 0 64.463 8.25 0
4 0 64.132 8.625 0 63.471 8.625 0 63.471 8.25 0 64.132 8.25 0
4 8 67.769 8.625 0 67.438 8.625 0 67.438 7.875 0 67.769 7.875 0
4 20 67.107 9 0 66.777 9 0 66.777 7.875 0 67.107 7.875 0
4 20 66.777 8.25 0 66.446 8.25 0 66.446 7.875 0 66.777 7.875 0
4 20 66.116 8.25 0 65.454 8.25 0 65.454 7.875 0 66.116 7.875 0
4 15 65.454 8.25 0 64.793 8.25 0 64.793 7.875 0 65.454 7.875 0
4 20 64.793 8.25 0 64.463 8.25 0 64.463 7.875 0 64.793 7.875 0
4 15 64.463 8.25 0 64.132 8.25 0 64.132 7.875 0 64.463 7.875 0
4 15 63.471 8.625 0 52.231 8.625 0 52.231 7.875 0 63.471 7.875 0
4 0 52.231 8.625 0 51.24 8.625 0 51.24 7.875 0 52.231 7.875 0
4 4 51.24 8.625 0 47.934 8.625 0 47.934 7.875 0 51.24 7.875 0
4 15 44.628 8.625 0 41.653 8.625 0 41.653 7.875 0 44.628 7.875 0
4 0 41.653 8.625 0 40.661 8.625 0 40.661 7.875 0 41.653 7.875 0
4 15 40.661 8.625 0 35.041 8.625 0 35.041 7.875 0 40.661 7.875 0
4 0 35.041 8.625 0 34.05 8.625 0 34.05 7.875 0 35.041 7.875 0
4 15 34.05 8.625 0 30.744 8.625 0 30.744 7.875 0 34.05 7.875 0
4 15 27.438 8.625 0 24.463 8.625 0 24.463 7.875 0 27.438 7.875 0
4 0 24.463 8.625 0 23.471 8.625 0 23.471 7.875 0 24.463 7.875 0
4 15 23.471 8.625 0 17.851 8.625 0 17.851 7.875 0 23.471 7.875 0
4 0 17.851 8.625 0 16.86 8.625 0 16.86 7.875 0 17.851 7.875 0
4 25 16.86 8.625 0 13.554 8.625 0 13.554 7.875 0 16.86 7.875 0
4 15 10.248 8.625 0 7.273 8.625 0 7.273 7.875 0 10.248 7.875 0
4 0 7.273 8.625 0 6.281 8.625 0 6.281 7.875 0 7.273 7.875 0
4 15 6.281 8.625 0 1.983 8.625 0 1.983 7.875 0 6.281 7.875 0
4 0 68.76 8.625 0 68.43 8.625 0 68.43 7.5 0 68.76 7.5 0
4 20 67.438 8.25 0 67.107 8.25 0 67.107 7.5 0 67.438 7.5 0
4 15 67.107 7.875 0 66.446 7.875 0 66.446 7.5 0 67.107 7.5 0
4 15 66.446 8.25 0 66.116 8.25 0 66.116 7.5 0 66.446 7.5 0
4 15 66.116 7.875 0 64.463 7.875 0 64.463 7.5 0 66.116 7.5 0
4 20 64.463 7.875 0 64.132 7.875 0 64.132 7.5 0 64.463 7.5 0
4 0 51.901 7.875 0 50.909 7.875 0 50.909 7.5 0 51.901 7.5 0
4 4 50.909 7.875 0 47.934 7.875 0 47.934 7.5 0 50.909 7.5 0
4 15 44.628 7.875 0 41.983 7.875 0 41.983 7.5 0 44.628 7.5 0
4 0 41.983 7.875 0 40.992 7.875 0 40.992 7.5 0 41.983 7.5 0
4 0 34.711 7.875 0 33.719 7.875 0 33.719 7.5 0 34.711 7.5 0
4 15 33.719 7.875 0 30.744 7.875 0 30.744 7.5 0 33.719 7.5 0
4 15 27.438 7.875 0 24.793 7.875 0 24.793 7.5 0 27.438 7.5 0
4 0 24.793 7.875 0 23.802 7.875 0 23.802 7.5 0 24.793 7.5 0
4 0 17.521 7.875 0 16.529 7.875 0 16.529 7.5 0 17.521 7.5 0
4 25 16.529 7.875 0 13.554 7.875 0 13.554 7.5 0 16.529 7.5 0
4 15 10.248 7.875 0 7.603 7.875 0 7.603 7.5 0 10.248 7.5 0
4 0 7.603 7.875 0 6.612 7.875 0 6.612 7.5 0 7.603 7.5 0
4 8 68.76 7.5 0 68.43 7.5 0 68.43 7.125 0 68.76 7.125 0
4 8 68.43 8.625 0 68.099 8.625 0 68.099 7.125 0 68.43 7.125 0
4 15 67.107 7.5 0 65.785 7.5 0 65.785 7.125 0 67.107 7.125 0
4 20 65.785 7.5 0 65.454 7.5 0 65.454 7.125 0 65.785 7.125 0
4 15 65.454 7.5 0 64.132 7.5 0 64.132 7.125 0 65.454 7.125 0
4 0 63.802 8.25 0 63.471 8.25 0 63.471 7.125 0 63.802 7.125 0
4 15 63.471 7.875 0 51.901 7.875 0 51.901 7.125 0 63.471 7.125 0
4 0 51.901 7.5 0 50.578 7.5 0 50.578 7.125 0 51.901 7.125 0
4 4 50.578 7.5 0 47.934 7.5 0 47.934 7.125 0 50.578 7.125 0
4 15 44.628 7.5 0 42.314 7.5 0 42.314 7.125 0 44.628 7.125 0
4 0 42.314 7.5 0 40.992 7.5 0 40.992 7.125 0 42.314 7.125 0
4 15 40.992 7.875 0 34.711 7.875 0 34.711 7.125 0 40.992 7.125 0
4 0 34.711 7.5 0 33.388 7.5 0 33.388 7.125 0 34.711 7.125 0
4 15 33.388 7.5 0 30.744 7.5 0 30.744 7.125 0 33.388 7.125 0
4 15 27.438 7.5 0 25.124 7.5 0 25.124 7.125 0 27.438 7.125 0
4 0 25.124 7.5 0 23.802 7.5 0 23.802 7.125 0 25.124 7.125 0
4 15 23.802 7.875 0 17.521 7.875 0 17.521 7.125 0 23.802 7.125 0
4 0 17.521 7.5 0 16.198 7.5 0 16.198 7.125 0 17.521 7.125 0
4 25 16.198 7.5 0 13.554 7.5 0 13.554 7.125 0 16.198 7.125 0
4 15 10.248 7.5 0 7.934 7.5 0 7.934 7.125 0 10.248 7.125 0
4 0 7.934 7.5 0 6.612 7.5 0 6.612 7.125 0 7.934 7.125 0
4 15 6.612 7.875 0 1.983 7.875 0 1.983 7.125 0 6.612 7.125 0
4 0 69.091 8.625 0 68.76 8.625 0 68.76 6.75 0 69.091 6.75 0
4 7 67.769 7.875 0 67.438 7.875 0 67.438 6.75 0 67.769 6.75 0
4 20 67.107 7.125 0 66.777 7.125 0 66.777 6.75 0 67.107 6.75 0
4 15 66.777 7.125 0 65.785 7.125 0 65.785 6.75 0 66.777 6.75 0
4 20 65.785 7.125 0 65.124 7.125 0 65.124 6.75 0 65.785 6.75 0
4 15 65.124 7.125 0 64.463 7.125 0 64.463 6.75 0 65.124 6.75 0
4 20 64.463 7.125 0 64.132 7.125 0 64.132 6.75 0 64.463 6.75 0
4 15 63.471 7.125 0 51.57 7.125 0 51.57 6.75 0 63.471 6.75 0
4 0 51.57 7.125 0 50.248 7.125 0 50.248 6.75 0 51.57 6.75 0
4 4 50.248 7.125 0 47.934 7.125 0 47.934 6.75 0 50.248 6.75 0
4 15 44.628 7.125 0 42.645 7.125 0 42.645 6.75 0 44.628 6.75 0
4 0 42.645 7.125 0 41.322 7.125 0 41.322 6.75 0 42.645 6.75 0
4 15 41.322 7.125 0 34.38 7.125 0 34.38 6.75 0 41.322 6.75 0
4 0 34.38 7.125 0 33.058 7.125 0 33.058 6.75 0 34.38 6.75 0
4 15 33.058 7.125 0 30.744 7.125 0 30.744 6.75 0 33.058 6.75 0
4 15 27.438 7.125 0 25.454 7.125 0 25.454 6.75 0 27.438 6.75 0
4 0 25.454 7.125 0 24.132 7.125 0 24.132 6.75 0 25.454 6.75 0
4 15 24.132 7.125 0 17.19 7.125 0 17.19 6.75 0 24.132 6.75 0
4 0 17.19 7.125 0 15.868 7.125 0 15.868 6.75 0 17.19 6.75 0
4 25 15.868 7.125 0 13.554 7.125 0 13.554 6.75 0 15.868 6.75 0
4 15 10.248 7.125 0 8.264 7.125 0 8.264 6.75 0 10.248 6.75 0
4 0 8.264 7.125 0 6.942 7.125 0 6.942 6.75 0 8.264 6.75 0
4 15 6.942 7.125 0 1.983 7.125 0 1.983 6.75 0 6.942 6.75 0
4 8 69.091 6.75 0 68.76 6.75 0 68.76 6.375 0 69.091 6.375 0
4 8 68.099 8.25 0 67.769 8.25 0 67.769 6.375 0 68.099 6.375 0
4 20 67.769 6.75 0 67.438 6.75 0 67.438 6.375 0 67.769 6.375 0
4 15 67.438 7.5 0 67.107 7.5 0 67.107 6.375 0 67.438 6.375 0
4 15 66.777 6.75 0 66.446 6.75 0 66.446 6.375 0 66.777 6.375 0
4 20 66.446 6.75 0 66.116 6.75 0 66.116 6.375 0 66.446 6.375 0
4 15 66.116 6.75 0 64.793 6.75 0 64.793 6.375 0 66.116 6.375 0
4 20 64.793 6.75 0 64.463 6.75 0 64.463 6.375 0 64.793 6.375 0
4 8 64.463 6.75 0 64.132 6.75 0 64.132 6.375 0 64.463 6.375 0
4 8 63.802 7.125 0 63.471 7.125 0 63.471 6.375 0 63.802 6.375 0
4 15 63.471 6.75 0 51.24 6.75 0 51.24 6.375 0 63.471 6.375 0
4 0 51.24 6.75 0 49.587 6.75 0 49.587 6.375 0 51.24 6.375 0
4 4 49.587 6.75 0 47.934 6.75 0 47.934 6.375 0 49.587 6.375 0
4 15 44.628 6.75 0 43.306 6.75 0 43.306 6.375 0 44.628 6.375 0
4 0 43.306 6.75 0 41.653 6.75 0 41.653 6.375 0 43.306 6.375 0
4 15 41.653 6.75 0 34.05 6.75 0 34.05 6.375 0 41.653 6.375 0
4 0 34.05 6.75 0 32.397 6.75 0 32.397 6.375 0 34.05 6.375 0
4 15 32.397 6.75 0 30.744 6.75 0 30.744 6.375 0 32.397 6.375 0
4 15 27.438 6.75 0 26.116 6.75 0 26.116 6.375 0 27.438 6.375 0
4 0 26.116 6.75 0 24.463 6.75 0 24.463 6.375 0 26.116 6.375 0
4 15 24.463 6.75 0 16.86 6.75 0 16.86 6.375 0 24.463 6.375 0
4 0 16.86 6.75 0 15.207 6.75 0 15.207 6.375 0 16.86 6.375 0
4 25 15.207 6.75 0 13.554 6.75 0 13.554 6.375 0 15.207 6.375 0
4 15 10.248 6.75 0 8.926 6.75 0 8.926 6.375 0 10.248 6.375 0
4 0 8.926 6.75 0 7.273 6.75 0 7.273 6.375 0 8.926 6.375 0
4 15 7.273 6.75 0 1.983 6.75 0 1.983 6.375 0 7.273 6.375 0
4 15 78.016 9.375 0 69.091 9.375 0 69.091 6 0 78.016 6 0
4 7 69.091 6.375 0 68.76 6.375 0 68.76 6 0 69.091 6 0
4 0 68.76 7.125 0 68.43 7.125 0 68.43 6 0 68.76 6 0
4 0 68.43 7.125 0 68.099 7.125 0 68.099 6 0 68.43 6 0
4 0 68.099 6.375 0 67.769 6.375 0 67.769 6 0 68.099 6 0
4 7 67.769 6.375 0 67.438 6.375 0 67.438 6 0 67.769 6 0
4 20 67.438 6.375 0 67.107 6.375 0 67.107 6 0 67.438 6 0
4 20 66.777 6.375 0 66.446 6.375 0 66.446 6 0 66.777 6 0
4 15 66.446 6.375 0 66.116 6.375 0 66.116 6 0 66.446 6 0
4 20 66.116 6.375 0 65.454 6.375 0 65.454 6 0 66.116 6 0
4 15 65.454 6.375 0 65.124 6.375 0 65.124 6 0 65.454 6 0
4 20 65.124 6.375 0 64.793 6.375 0 64.793 6 0 65.124 6 0
4 8 64.793 6.375 0 64.463 6.375 0 64.463 6 0 64.793 6 0
4 0 64.463 6.375 0 64.132 6.375 0 64.132 6 0 64.463 6 0
4 0 64.132 8.25 0 63.802 8.25 0 63.802 6 0 64.132 6 0
4 7 63.802 6.375 0 63.471 6.375 0 63.471 6 0 63.802 6 0
4 15 63.471 6.375 0 50.909 6.375 0 50.909 6 0 63.471 6 0
4 0 50.909 6.375 0 49.256 6.375 0 49.256 6 0 50.909 6 0
4 4 49.256 6.375 0 47.934 6.375 0 47.934 6 0 49.256 6 0
4 15 44.628 6.375 0 43.636 6.375 0 43.636 6 0 44.628 6 0
4 0 43.636 6.375 0 41.983 6.375 0 41.983 6 0 43.636 6 0
4 15 41.983 6.375 0 33.719 6.375 0 33.719 6 0 41.983 6 0
4 0 33.719 6.375 0 32.066 6.375 0 32.066 6 0 33.719 6 0
4 15 32.066 6.375 0 30.744 6.375 0 30.744 6 0 32.066 6 0
4 15 27.438 6.375 0 26.446 6.375 0 26.446 6 0 27.438 6 0
4 0 26.446 6.375 0 24.793 6.375 0 24.793 6 0 26.446 6 0
4 15 24.793 6.375 0 16.529 6.375 0 16.529 6 0 24.793 6 0
4 0 16.529 6.375 0 14.876 6.375 0 14.876 6 0 16.529 6 0
4 25 14.876 6.375 0 13.554 6.375 0 13.554 6 0 14.876 6 0
4 15 10.248 6.375 0 9.256 6.375 0 9.256 6 0 10.248 6 0
4 0 9.256 6.375 0 7.603 6.375 0 7.603 6 0 9.256 6 0
4 15 7.603 6.375 0 1.983 6.375 0 1.983 6 0 7.603 6 0
4 8 68.76 6 0 68.43 6 0 68.43 5.625 0 68.76 5.625 0
4 0 68.43 6 0 67.438 6 0 67.438 5.625 0 68.43 5.625 0
4 7 67.438 6 0 67.107 6 0 67.107 5.625 0 67.438 5.625 0
4 15 67.107 6.75 0 66.777 6.75 0 66.777 5.625 0 67.107 5.625 0
4 15 66.777 6 0 65.454 6 0 65.454 5.625 0 66.777 5.625 0
4 20 65.454 6 0 65.124 6 0 65.124 5.625 0 65.454 5.625 0
4 8 65.124 6 0 64.793 6 0 64.793 5.625 0 65.124 5.625 0
4 0 64.793 6 0 64.132 6 0 64.132 5.625 0 64.793 5.625 0
4 7 64.132 6 0 63.802 6 0 63.802 5.625 0 64.132 5.625 0
4 15 63.802 6 0 50.248 6 0 50.248 5.625 0 63.802 5.625 0
4 0 50.248 6 0 48.595 6 0 48.595 5.625 0 50.248 5.625 0
4 4 48.595 6 0 47.934 6 0 47.934 5.625 0 48.595 5.625 0
4 0 47.934 17.625 0 47.273 17.625 0 47.273 5.625 0 47.934 5.625 0
4 0 45.289 17.625 0 44.628 17.625 0 44.628 5.625 0 45.289 5.625 0
4 15 44.628 6 0 44.297 6 0 44.297 5.625 0 44.628 5.625 0
4 0 44.297 6 0 42.645 6 0 42.645 5.625 0 44.297 5.625 0
4 15 42.645 6 0 33.058 6 0 33.058 5.625 0 42.645 5.625 0
4 0 33.058 6 0 31.405 6 0 31.405 5.625 0 33.058 5.625 0
4 15 31.405 6 0 30.744 6 0 30.744 5.625 0 31.405 5.625 0
4 0 30.744 17.625 0 30.083 17.625 0 30.083 5.625 0 30.744 5.625 0
4 0 28.099 17.625 0 27.438 17.625 0 27.438 5.625 0 28.099 5.625 0
4 15 27.438 6 0 27.107 6 0 27.107 5.625 0 27.438 5.625 0
4 0 27.107 6 0 25.454 6 0 25.454 5.625 0 27.107 5.625 0
4 15 25.454 6 0 15.868 6 0 15.868 5.625 0 25.454 5.625 0
4 0 15.868 6 0 14.215 6 0 14.215 5.625 0 15.868 5.625 0
4 25 14.215 6 0 13.554 6 0 13.554 5.625 0 14.215 5.625 0
4 0 13.554 17.625 0 12.893 17.625 0 12.893 5.625 0 13.554 5.625 0
4 0 10.909 17.625 0 10.248 17.625 0 10.248 5.625 0 10.909 5.625 0
4 15 10.248 6 0 9.917 6 0 9.917 5.625 0 10.248 5.625 0
4 0 9.917 6 0 8.264 6 0 8.264 5.625 0 9.917 5.625 0
4 15 8.264 6 0 1.983 6 0 1.983 5.625 0 8.264 5.625 0
4 15 78.016 6 0 68.76 6 0 68.76 5.25 0 78.016 5.25 0
4 20 68.76 5.625 0 68.43 5.625 0 68.43 5.25 0 68.76 5.25 0
4 8 68.43 5.625 0 67.769 5.625 0 67.769 5.25 0 68.43 5.25 0
4 0 67.769 5.625 0 67.107 5.625 0 67.107 5.25 0 67.769 5.25 0
4 8 67.107 5.625 0 66.777 5.625 0 66.777 5.25 0 67.107 5.25 0
4 7 66.777 5.625 0 66.116 5.625 0 66.116 5.25 0 66.777 5.25 0
4 7 66.116 5.625 0 65.785 5.625 0 65.785 5.25 0 66.116 5.25 0
4 7 65.785 5.625 0 65.454 5.625 0 65.454 5.25 0 65.785 5.25 0
4 8 65.454 5.625 0 65.124 5.625 0 65.124 5.25 0 65.454 5.25 0
4 0 65.124 5.625 0 64.463 5.625 0 64.463 5.25 0 65.124 5.25 0
4 7 64.463 5.625 0 64.132 5.625 0 64.132 5.25 0 64.463 5.25 0
4 15 64.132 5.625 0 49.917 5.625 0 49.917 5.25 0 64.132 5.25 0
4 0 49.917 5.625 0 47.273 5.625 0 47.273 5.25 0 49.917 5.25 0
4 14 47.273 18 0 45.289 18 0 45.289 5.25 0 47.273 5.25 0
4 0 45.289 5.625 0 42.975 5.625 0 42.975 5.25 0 45.289 5.25 0
4 15 42.975 5.625 0 32.727 5.625 0 32.727 5.25 0 42.975 5.25 0
4 0 32.727 5.625 0 30.083 5.625 0 30.083 5.25 0 32.727 5.25 0
4 14 30.083 18 0 28.099 18 0 28.099 5.25 0 30.083 5.25 0
4 0 28.099 5.625 0 25.785 5.625 0 25.785 5.25 0 28.099 5.25 0
4 15 25.785 5.625 0 15.537 5.625 0 15.537 5.25 0 25.785 5.25 0
4 0 15.537 5.625 0 12.893 5.625 0 12.893 5.25 0 15.537 5.25 0
4 14 12.893 18 0 10.909 18 0 10.909 5.25 0 12.893 5.25 0
4 0 10.909 5.625 0 8.595 5.625 0 8.595 5.25 0 10.909 5.25 0
4 15 8.595 5.625 0 1.983 5.625 0 1.983 5.25 0 8.595 5.25 0
4 15 78.016 5.25 0 67.769 5.25 0 67.769 4.875 0 78.016 4.875 0
4 7 67.769 5.25 0 67.438 5.25 0 67.438 4.875 0 67.769 4.875 0
4 8 67.438 5.25 0 67.107 5.25 0 67.107 4.875 0 67.438 4.875 0
4 0 67.107 5.25 0 66.777 5.25 0 66.777 4.875 0 67.107 4.875 0
4 0 66.777 5.25 0 65.124 5.25 0 65.124 4.875 0 66.777 4.875 0
4 8 65.124 5.25 0 64.793 5.25 0 64.793 4.875 0 65.124 4.875 0
4 8 64.793 5.25 0 64.463 5.25 0 64.463 4.875 0 64.793 4.875 0
4 15 64.463 5.25 0 49.256 5.25 0 49.256 4.875 0 64.463 4.875 0
4 0 49.256 5.25 0 43.636 5.25 0 43.636 4.875 0 49.256 4.875 0
4 15 43.636 5.25 0 32.066 5.25 0 32.066 4.875 0 43.636 4.875 0
4 0 32.066 5.25 0 26.446 5.25 0 26.446 4.875 0 32.066 4.875 0
4 15 26.446 5.25 0 14.876 5.25 0 14.876 4.875 0 26.446 4.875 0
4 0 14.876 5.25 0 9.256 5.25 0 9.256 4.875 0 14.876 4.875 0
4 15 9.256 5.25 0 1.983 5.25 0 1.983 4.875 0 9.256 4.875 0
4 15 78.016 4.875 0 67.107 4.875 0 67.107 4.5 0 78.016 4.5 0
4 20 67.107 4.875 0 66.777 4.875 0 66.777 4.5 0 67.107 4.5 0
4 0 66.777 4.875 0 66.446 4.875 0 66.446 4.5 0 66.777 4.5 0
4 0 66.446 4.875 0 65.785 4.875 0 65.785 4.5 0 66.446 4.5 0
4 0 65.785 4.875 0 65.454 4.875 0 65.454 4.5 0 65.785 4.5 0
4 8 65.454 4.875 0 65.124 4.875 0 65.124 4.5 0 65.454 4.5 0
4 15 65.124 4.875 0 48.264 4.875 0 48.264 4.5 0 65.124 4.5 0
4 0 48.264 4.875 0 44.628 4.875 0 44.628 4.5 0 48.264 4.5 0
4 15 44.628 4.875 0 31.074 4.875 0 31.074 4.5 0 44.628 4.5 0
4 0 31.074 4.875 0 27.438 4.875 0 27.438 4.5 0 31.074 4.5 0
4 15 27.438 4.875 0 13.884 4.875 0 13.884 4.5 0 27.438 4.5 0
4 0 13.884 4.875 0 10.248 4.875 0 10.248 4.5 0 13.884 4.5 0
4 15 10.248 4.875 0 1.983 4.875 0 1.983 4.5 0 10.248 4.5 0
4 0 78.678 21.75 0 78.016 21.75 0 78.016 2.25 0 78.678 2.25 0
4 15 78.016 4.5 0 1.983 4.5 0 1.983 2.25 0 78.016 2.25 0
4 0 1.983 21.75 0 1.322 21.75 0 1.322 2.25 0 1.983 2.25 0
4 0 78.678 2.25 0 1.322 2.25 0 1.322 1.875 0 78.678 1.875 0
4 8 78.678 1.875 0 78.347 1.875 0 78.347 1.5 0 78.678 1.5 0
4 0 78.347 1.875 0 1.653 1.875 0 1.653 1.5 0 78.347 1.5 0
4 0 1.653 1.875 0 1.322 1.875 0 1.322 1.5 0 1.653 1.5 0
0 
