0 Grua 2    |R:R
0 Name: grua2.dat
0 Author: betatron
0 !LDRAW_ORG Unofficial_Part
0 BFC CERTIFY CCW
2 24 -32.5 -35 20 -32.5 -35 40
2 24 -32.5 -35 0 -32.5 -35 20
2 24 -32.5 -35 260 -32.5 -35 280
2 24 -32.5 -35 40 -32.5 -35 260
2 24 -30 -35 40 -30 -35 260
2 24 -30 -35 260 -30 -35 277.5
2 24 -32.5 -35 0 -20 -35 0
2 24 -30 -35 40 -20 -35 40
2 24 -32.5 -35 280 -20 -35 280
2 24 -30 -35 277.5 -20 -35 277.5
2 24 -20 -35 40 -10 -35 40
2 24 -10 -35 40 -10 -35 260
2 24 -10 -35 260 -10 -35 277.5
2 24 -20 -35 277.5 -10 -35 277.5
2 24 -20 -35 0 -7.5 -35 0
2 24 -7.5 -35 0 -7.5 -35 20
2 24 -7.5 -35 20 -7.5 -35 40
2 24 -7.5 -35 40 -7.5 -35 260
2 24 -20 -35 280 -7.5 -35 280
2 24 -7.5 -35 260 -7.5 -35 280
2 24 -30 -32.5 18.75 -30 -32.5 37.5
2 24 -30 -32.5 0 -30 -32.5 18.75
2 24 -25 -32.5 10.114 -24.619 -32.5 12.027
2 24 -25 -32.5 30.114 -24.619 -32.5 28.201
2 24 -25 -32.5 10.114 -24.619 -32.5 8.2
2 24 -25 -32.5 30.114 -24.619 -32.5 32.027
2 24 -24.619 -32.5 8.2 -23.535 -32.5 6.578
2 24 -24.619 -32.5 12.027 -23.535 -32.5 13.649
2 24 -24.619 -32.5 28.201 -23.535 -32.5 26.578
2 24 -24.619 -32.5 32.027 -23.535 -32.5 33.649
2 24 -23.535 -32.5 13.649 -21.913 -32.5 14.733
2 24 -23.535 -32.5 33.649 -21.913 -32.5 34.733
2 24 -23.535 -32.5 6.578 -21.913 -32.5 5.494
2 24 -23.535 -32.5 26.578 -21.913 -32.5 25.494
2 24 -21.913 -32.5 34.733 -20 -32.5 35.114
2 24 -30 -32.5 37.5 -20 -32.5 37.5
2 24 -21.913 -32.5 25.494 -20 -32.5 25.114
2 24 -21.913 -32.5 14.733 -20 -32.5 15.114
2 24 -21.913 -32.5 5.494 -20 -32.5 5.114
2 24 -30 -32.5 0 -20 -32.5 0
2 24 -20 -32.5 5.114 -18.087 -32.5 5.494
2 24 -20 -32.5 15.114 -18.087 -32.5 14.733
2 24 -20 -32.5 25.114 -18.087 -32.5 25.494
2 24 -20 -32.5 35.114 -18.087 -32.5 34.733
2 24 -18.087 -32.5 5.494 -16.464 -32.5 6.578
2 24 -18.087 -32.5 25.494 -16.464 -32.5 26.578
2 24 -18.087 -32.5 14.733 -16.464 -32.5 13.649
2 24 -18.087 -32.5 34.733 -16.464 -32.5 33.649
2 24 -16.464 -32.5 6.578 -15.38 -32.5 8.2
2 24 -16.464 -32.5 33.649 -15.38 -32.5 32.027
2 24 -16.464 -32.5 26.578 -15.38 -32.5 28.2
2 24 -16.464 -32.5 13.649 -15.38 -32.5 12.027
2 24 -15.38 -32.5 12.027 -15 -32.5 10.114
2 24 -15.38 -32.5 32.027 -15 -32.5 30.114
2 24 -15.38 -32.5 28.2 -15 -32.5 30.114
2 24 -15.38 -32.5 8.2 -15 -32.5 10.114
2 24 -20 -32.5 0 -10 -32.5 0
2 24 -10 -32.5 0 -10 -32.5 18.75
2 24 -20 -32.5 37.5 -10 -32.5 37.5
2 24 -10 -32.5 18.75 -10 -32.5 37.5
2 24 -30 -35 40 -30 -31.25 40
2 24 -30 -31.25 40 -30 -31.25 260
2 24 -30 -31.25 260 -30 -31.25 277.5
2 24 -30 -35 277.5 -30 -31.25 277.5
2 24 -23.75 -31.25 52.5 -23.75 -31.25 260
2 24 -23.75 -31.25 260 -23.75 -31.25 270
2 24 -23.75 -31.25 52.5 -23.464 -31.25 51.065
2 24 -23.75 -31.25 270 -23.464 -31.25 271.435
2 24 -23.464 -31.25 51.065 -22.652 -31.25 49.848
2 24 -23.464 -31.25 271.435 -22.651 -31.25 272.652
2 24 -22.652 -31.25 49.848 -21.435 -31.25 49.035
2 24 -22.651 -31.25 272.652 -21.435 -31.25 273.465
2 24 -21.435 -31.25 49.035 -20 -31.25 48.75
2 24 -30 -31.25 40 -20 -31.25 40
2 24 -30 -31.25 277.5 -20 -31.25 277.5
2 24 -21.435 -31.25 273.465 -20 -31.25 273.75
2 24 -20 -31.25 48.75 -18.565 -31.25 49.035
2 24 -20 -31.25 273.75 -18.564 -31.25 273.465
2 24 -18.565 -31.25 49.035 -17.348 -31.25 49.848
2 24 -18.564 -31.25 273.465 -17.348 -31.25 272.652
2 24 -17.348 -31.25 49.848 -16.535 -31.25 51.065
2 24 -17.348 -31.25 272.652 -16.535 -31.25 271.435
2 24 -16.535 -31.25 51.065 -16.25 -31.25 52.5
2 24 -16.535 -31.25 271.435 -16.25 -31.25 270
2 24 -16.25 -31.25 260 -16.25 -31.25 270
2 24 -16.25 -31.25 52.5 -16.25 -31.25 260
2 24 -20 -31.25 40 -10 -31.25 40
2 24 -10 -35 40 -10 -31.25 40
2 24 -10 -31.25 40 -10 -31.25 260
2 24 -20 -31.25 277.5 -10 -31.25 277.5
2 24 -10 -31.25 260 -10 -31.25 277.5
2 24 -10 -31.25 277.5 -10 -35 277.5
2 24 -30 -32.5 37.5 -30 -29 37.5
2 24 -30 -29 37.5 -30 -29 40
2 24 -30 -29 40 -30 -29 260
2 24 -30 -29 260 -30 -29 277.5
2 24 -30 -29 277.5 -30 -29 280
2 24 -23.75 -29 52.5 -23.75 -29 260
2 24 -23.75 -29 260 -23.75 -29 270
2 24 -23.75 -29 52.5 -23.464 -29 51.065
2 24 -23.75 -29 270 -23.464 -29 271.435
2 24 -23.464 -29 51.065 -22.652 -29 49.848
2 24 -23.464 -29 271.435 -22.651 -29 272.652
2 24 -22.652 -29 49.848 -21.435 -29 49.035
2 24 -22.651 -29 272.652 -21.435 -29 273.465
2 24 -21.435 -29 49.035 -20 -29 48.75
2 24 -30 -29 37.5 -20 -29 37.5
2 24 -30 -29 280 -20 -29 280
2 24 -21.435 -29 273.465 -20 -29 273.75
2 24 -20 -29 48.75 -18.565 -29 49.035
2 24 -20 -29 273.75 -18.564 -29 273.465
2 24 -18.565 -29 49.035 -17.348 -29 49.848
2 24 -18.564 -29 273.465 -17.348 -29 272.652
2 24 -17.348 -29 49.848 -16.535 -29 51.065
2 24 -17.348 -29 272.652 -16.535 -29 271.435
2 24 -16.535 -29 51.065 -16.25 -29 52.5
2 24 -16.25 -29 52.5 -16.25 -29 260
2 24 -16.25 -29 260 -16.25 -29 270
2 24 -16.535 -29 271.435 -16.25 -29 270
2 24 -20 -29 37.5 -10 -29 37.5
2 24 -10 -29 37.5 -10 -29 40
2 24 -10 -29 37.5 -10 -32.5 37.5
2 24 -10 -29 40 -10 -29 260
2 24 -10 -29 280 -10 -29 277.5
2 24 -20 -29 280 -10 -29 280
2 24 -10 -29 260 -10 -29 277.5
2 24 -25 -28.75 30.114 -24.619 -28.75 32.027
2 24 -25 -28.75 10.114 -24.619 -28.75 8.2
2 24 -25 -28.75 10.114 -24.619 -28.75 12.027
2 24 -25 -28.75 30.114 -24.619 -28.75 28.201
2 24 -24.619 -28.75 28.201 -23.535 -28.75 26.578
2 24 -24.619 -28.75 12.027 -23.535 -28.75 13.649
2 24 -24.619 -28.75 8.2 -23.535 -28.75 6.578
2 24 -24.619 -28.75 32.027 -23.535 -28.75 33.649
2 24 -23.535 -28.75 33.649 -21.913 -28.75 34.733
2 24 -23.535 -28.75 26.578 -21.913 -28.75 25.494
2 24 -23.535 -28.75 13.649 -21.913 -28.75 14.733
2 24 -23.535 -28.75 6.578 -21.913 -28.75 5.494
2 24 -21.913 -28.75 25.494 -20 -28.75 25.114
2 24 -21.913 -28.75 5.494 -20 -28.75 5.114
2 24 -21.913 -28.75 34.733 -20 -28.75 35.114
2 24 -21.913 -28.75 14.733 -20 -28.75 15.114
2 24 -20 -28.75 25.114 -18.087 -28.75 25.494
2 24 -20 -28.75 15.114 -18.087 -28.75 14.733
2 24 -20 -28.75 35.114 -18.087 -28.75 34.733
2 24 -20 -28.75 5.114 -18.087 -28.75 5.494
2 24 -18.087 -28.75 14.733 -16.464 -28.75 13.649
2 24 -18.087 -28.75 5.494 -16.464 -28.75 6.578
2 24 -18.087 -28.75 25.494 -16.464 -28.75 26.578
2 24 -18.087 -28.75 34.733 -16.464 -28.75 33.649
2 24 -16.464 -28.75 13.649 -15.38 -28.75 12.027
2 24 -16.464 -28.75 6.578 -15.38 -28.75 8.2
2 24 -16.464 -28.75 26.578 -15.38 -28.75 28.2
2 24 -16.464 -28.75 33.649 -15.38 -28.75 32.027
2 24 -15.38 -28.75 32.027 -15 -28.75 30.114
2 24 -15.38 -28.75 8.2 -15 -28.75 10.114
2 24 -15.38 -28.75 12.027 -15 -28.75 10.114
2 24 -15.38 -28.75 28.2 -15 -28.75 30.114
2 24 -30 0 20 -30 0 40
2 24 -32.5 0 0 -32.5 -35 0
2 24 -32.5 0 0 -32.5 0 20
2 24 -30 -32.5 0 -30 0 0
2 24 -32.5 0 0 -30 0 0
2 24 -30 0 0 -30 0 20
2 24 -32.5 0 20 -32.5 0 40
2 24 -30 0 280 -30 -29 280
2 24 -10 0 20 -10 0 40
2 24 -30 0 40 -30 0 260
2 24 -30 0 260 -30 0 280
2 24 -10 0 0 -10 -32.5 0
2 24 -10 0 0 -10 0 20
2 24 -10 0 0 -7.5 0 0
2 24 -7.5 0 0 -7.5 -35 0
2 24 -7.5 0 0 -7.5 0 20
2 24 -10 0 280 -10 -29 280
2 24 -32.5 0 40 -32.5 0 260
2 24 -32.5 0 260 -30 0 260
2 24 -30 0 260 -20 0 260
2 24 -7.5 0 20 -7.5 0 40
2 24 -32.5 0 280 -32.5 -35 280
2 24 -30 0 280 -20 0 280
2 24 -20 0 280 -10 0 280
2 24 -20 0 260 -10 0 260
2 24 -10 0 40 -10 0 260
2 24 -10 0 260 -10 0 280
2 24 -7.5 0 40 -7.5 0 260
2 24 -10 0 260 -7.5 0 260
2 24 -7.5 0 280 -7.5 -35 280
2 24 -32.5 2.5 260 -32.5 0 260
2 24 -32.5 2.5 260 -32.5 2.5 280
2 24 -32.5 0 280 -32.5 2.5 280
2 24 -32.5 2.5 260 -30 2.5 260
2 24 -32.5 2.5 280 -30 2.5 280
2 24 -30 2.5 260 -20 2.5 260
2 24 -30 2.5 280 -20 2.5 280
2 24 -20 2.5 260 -10 2.5 260
2 24 -20 2.5 280 -10 2.5 280
2 24 -7.5 2.5 260 -7.5 0 260
2 24 -10 2.5 260 -7.5 2.5 260
2 24 -10 2.5 280 -7.5 2.5 280
2 24 -7.5 2.5 280 -7.5 0 280
2 24 -7.5 2.5 260 -7.5 2.5 280
3 16 -30 -35 40 -32.5 -35 40 -32.5 -35 20
3 16 -30 -35 40 -32.5 -35 260 -32.5 -35 40
3 16 -32.5 -35 260 -30 -35 40 -30 -35 260
3 16 -32.5 -35 260 -30 -35 277.5 -32.5 -35 280
3 16 -30 -35 277.5 -32.5 -35 260 -30 -35 260
3 16 -30 -35 40 -32.5 -35 20 -20 -35 40
3 16 -32.5 -35 20 -20 -35 0 -20 -35 40
3 16 -20 -35 0 -32.5 -35 20 -32.5 -35 0
3 16 -20 -35 280 -30 -35 277.5 -20 -35 277.5
3 16 -30 -35 277.5 -20 -35 280 -32.5 -35 280
3 16 -20 -35 280 -20 -35 277.5 -10 -35 277.5
3 16 -7.5 -35 20 -20 -35 40 -20 -35 0
3 16 -10 -35 40 -20 -35 40 -7.5 -35 20
3 16 -20 -35 0 -7.5 -35 0 -7.5 -35 20
3 16 -10 -35 40 -7.5 -35 20 -7.5 -35 40
3 16 -7.5 -35 260 -10 -35 260 -10 -35 40
3 16 -10 -35 277.5 -10 -35 260 -7.5 -35 260
3 16 -10 -35 40 -7.5 -35 40 -7.5 -35 260
3 16 -10 -35 277.5 -7.5 -35 280 -20 -35 280
3 16 -7.5 -35 260 -7.5 -35 280 -10 -35 277.5
3 16 -30 -32.5 18.75 -25 -32.5 10.114 -30 -32.5 0
3 16 -30 -32.5 37.5 -25 -32.5 30.114 -30 -32.5 18.75
3 16 -24.619 -32.5 8.2 -30 -32.5 0 -25 -32.5 10.114
3 16 -25 -32.5 30.114 -30 -32.5 37.5 -24.619 -32.5 32.027
3 16 -24.619 -32.5 28.201 -30 -32.5 18.75 -25 -32.5 30.114
3 16 -25 -32.5 10.114 -30 -32.5 18.75 -24.619 -32.5 12.027
3 16 -24.619 -32.5 12.027 -30 -32.5 18.75 -23.535 -32.5 13.649
3 16 -23.535 -32.5 26.578 -30 -32.5 18.75 -24.619 -32.5 28.201
3 16 -23.535 -32.5 6.578 -30 -32.5 0 -24.619 -32.5 8.2
3 16 -24.619 -32.5 32.027 -30 -32.5 37.5 -23.535 -32.5 33.649
3 16 -23.535 -32.5 13.649 -30 -32.5 18.75 -21.913 -32.5 14.733
3 16 -23.535 -32.5 33.649 -30 -32.5 37.5 -21.913 -32.5 34.733
3 16 -21.913 -32.5 5.494 -30 -32.5 0 -23.535 -32.5 6.578
3 16 -21.913 -32.5 25.494 -30 -32.5 18.75 -23.535 -32.5 26.578
3 16 -20 -32.5 35.114 -30 -32.5 37.5 -20 -32.5 37.5
3 16 -21.913 -32.5 34.733 -30 -32.5 37.5 -20 -32.5 35.114
3 16 -20 -32.5 25.114 -30 -32.5 18.75 -21.913 -32.5 25.494
3 16 -20 -32.5 15.114 -30 -32.5 18.75 -20 -32.5 25.114
3 16 -20 -32.5 5.114 -30 -32.5 0 -21.913 -32.5 5.494
3 16 -21.913 -32.5 14.733 -30 -32.5 18.75 -20 -32.5 15.114
3 16 -30 -32.5 0 -20 -32.5 5.114 -20 -32.5 0
3 16 -30 -32.5 0 -20 -35 0 -32.5 -35 0
3 16 -20 -35 0 -30 -32.5 0 -20 -32.5 0
3 16 -16.464 -32.5 6.578 -15.38 -32.5 8.2 -10 -32.5 0
3 16 -10 -32.5 0 -20 -32.5 0 -20 -32.5 5.114
3 16 -18.087 -32.5 5.494 -16.464 -32.5 6.578 -10 -32.5 0
3 16 -20 -35 0 -20 -32.5 0 -10 -32.5 0
3 16 -20 -32.5 5.114 -18.087 -32.5 5.494 -10 -32.5 0
3 16 -15.38 -32.5 8.2 -15 -32.5 10.114 -10 -32.5 0
3 16 -18.087 -32.5 25.494 -16.464 -32.5 26.578 -10 -32.5 18.75
3 16 -20 -32.5 25.114 -18.087 -32.5 25.494 -10 -32.5 18.75
3 16 -16.464 -32.5 26.578 -15.38 -32.5 28.2 -10 -32.5 18.75
3 16 -15.38 -32.5 28.2 -15 -32.5 30.114 -10 -32.5 18.75
3 16 -15.38 -32.5 12.027 -16.464 -32.5 13.649 -10 -32.5 18.75
3 16 -20 -32.5 15.114 -20 -32.5 25.114 -10 -32.5 18.75
3 16 -10 -32.5 18.75 -10 -32.5 0 -15 -32.5 10.114
3 16 -18.087 -32.5 14.733 -20 -32.5 15.114 -10 -32.5 18.75
3 16 -16.464 -32.5 13.649 -18.087 -32.5 14.733 -10 -32.5 18.75
3 16 -15 -32.5 10.114 -15.38 -32.5 12.027 -10 -32.5 18.75
3 16 -20 -32.5 35.114 -20 -32.5 37.5 -10 -32.5 37.5
3 16 -18.087 -32.5 34.733 -20 -32.5 35.114 -10 -32.5 37.5
3 16 -10 -32.5 37.5 -10 -32.5 18.75 -15 -32.5 30.114
3 16 -16.464 -32.5 33.649 -18.087 -32.5 34.733 -10 -32.5 37.5
3 16 -15 -32.5 30.114 -15.38 -32.5 32.027 -10 -32.5 37.5
3 16 -15.38 -32.5 32.027 -16.464 -32.5 33.649 -10 -32.5 37.5
3 16 -10 -32.5 0 -7.5 -35 0 -20 -35 0
3 16 -30 -35 40 -30 -31.25 260 -30 -35 260
3 16 -30 -31.25 260 -30 -35 40 -30 -31.25 40
3 16 -30 -35 277.5 -30 -31.25 260 -30 -31.25 277.5
3 16 -30 -31.25 260 -30 -35 277.5 -30 -35 260
3 16 -23.75 -31.25 52.5 -30 -31.25 260 -30 -31.25 40
3 16 -30 -31.25 260 -23.75 -31.25 270 -30 -31.25 277.5
3 16 -30 -31.25 260 -23.75 -31.25 52.5 -23.75 -31.25 260
3 16 -23.75 -31.25 270 -30 -31.25 260 -23.75 -31.25 260
3 16 -23.75 -31.25 52.5 -30 -31.25 40 -23.464 -31.25 51.065
3 16 -23.464 -31.25 271.435 -30 -31.25 277.5 -23.75 -31.25 270
3 16 -23.464 -31.25 51.065 -30 -31.25 40 -22.652 -31.25 49.848
3 16 -22.651 -31.25 272.652 -30 -31.25 277.5 -23.464 -31.25 271.435
3 16 -22.652 -31.25 49.848 -30 -31.25 40 -21.435 -31.25 49.035
3 16 -21.435 -31.25 273.465 -30 -31.25 277.5 -22.651 -31.25 272.652
3 16 -20 -31.25 40 -30 -35 40 -20 -35 40
3 16 -30 -35 40 -20 -31.25 40 -30 -31.25 40
3 16 -21.435 -31.25 49.035 -30 -31.25 40 -20 -31.25 48.75
3 16 -20 -31.25 48.75 -30 -31.25 40 -20 -31.25 40
3 16 -30 -31.25 277.5 -20 -35 277.5 -30 -35 277.5
3 16 -20 -35 277.5 -30 -31.25 277.5 -20 -31.25 277.5
3 16 -21.435 -31.25 273.465 -20 -31.25 277.5 -30 -31.25 277.5
3 16 -20 -31.25 277.5 -21.435 -31.25 273.465 -20 -31.25 273.75
3 16 -20 -31.25 277.5 -20 -31.25 273.75 -18.564 -31.25 273.465
3 16 -17.348 -31.25 49.848 -18.565 -31.25 49.035 -10 -31.25 40
3 16 -18.565 -31.25 49.035 -20 -31.25 48.75 -10 -31.25 40
3 16 -20 -31.25 48.75 -20 -31.25 40 -10 -31.25 40
3 16 -16.535 -31.25 51.065 -17.348 -31.25 49.848 -10 -31.25 40
3 16 -10 -35 40 -10 -31.25 40 -20 -31.25 40
3 16 -20 -31.25 40 -20 -35 40 -10 -35 40
3 16 -16.25 -31.25 52.5 -16.535 -31.25 51.065 -10 -31.25 40
3 16 -10 -31.25 260 -10 -31.25 40 -10 -35 40
3 16 -16.25 -31.25 270 -16.25 -31.25 260 -10 -31.25 260
3 16 -10 -35 40 -10 -35 260 -10 -31.25 260
3 16 -10 -31.25 260 -16.25 -31.25 260 -16.25 -31.25 52.5
3 16 -16.25 -31.25 52.5 -10 -31.25 40 -10 -31.25 260
3 16 -18.564 -31.25 273.465 -17.348 -31.25 272.652 -10 -31.25 277.5
3 16 -18.564 -31.25 273.465 -10 -31.25 277.5 -20 -31.25 277.5
3 16 -20 -35 277.5 -20 -31.25 277.5 -10 -31.25 277.5
3 16 -17.348 -31.25 272.652 -16.535 -31.25 271.435 -10 -31.25 277.5
3 16 -10 -31.25 277.5 -10 -35 277.5 -20 -35 277.5
3 16 -10 -35 277.5 -10 -31.25 277.5 -10 -31.25 260
3 16 -10 -31.25 260 -10 -35 260 -10 -35 277.5
3 16 -10 -31.25 260 -10 -31.25 277.5 -16.25 -31.25 270
3 16 -16.535 -31.25 271.435 -16.25 -31.25 270 -10 -31.25 277.5
3 16 -30 -29 260 -23.75 -29 52.5 -30 -29 40
3 16 -23.75 -29 52.5 -23.75 -31.25 260 -23.75 -31.25 52.5
3 16 -30 -29 260 -23.75 -29 270 -23.75 -29 260
3 16 -23.75 -29 270 -30 -29 260 -30 -29 277.5
3 16 -23.75 -31.25 260 -23.75 -29 52.5 -23.75 -29 260
3 16 -23.75 -29 52.5 -30 -29 260 -23.75 -29 260
3 16 -23.75 -31.25 270 -23.75 -29 260 -23.75 -29 270
3 16 -23.75 -29 260 -23.75 -31.25 270 -23.75 -31.25 260
3 16 -23.464 -29 51.065 -23.75 -31.25 52.5 -23.464 -31.25 51.065
3 16 -23.464 -29 51.065 -30 -29 40 -23.75 -29 52.5
3 16 -23.75 -31.25 52.5 -23.464 -29 51.065 -23.75 -29 52.5
3 16 -23.75 -29 270 -23.464 -31.25 271.435 -23.75 -31.25 270
3 16 -23.75 -29 270 -30 -29 277.5 -23.464 -29 271.435
3 16 -23.464 -31.25 271.435 -23.75 -29 270 -23.464 -29 271.435
3 16 -22.652 -29 49.848 -23.464 -31.25 51.065 -22.652 -31.25 49.848
3 16 -22.652 -29 49.848 -30 -29 40 -23.464 -29 51.065
3 16 -23.464 -31.25 51.065 -22.652 -29 49.848 -23.464 -29 51.065
3 16 -22.651 -31.25 272.652 -23.464 -29 271.435 -22.651 -29 272.652
3 16 -23.464 -29 271.435 -22.651 -31.25 272.652 -23.464 -31.25 271.435
3 16 -23.464 -29 271.435 -30 -29 277.5 -22.651 -29 272.652
3 16 -22.652 -31.25 49.848 -21.435 -29 49.035 -22.652 -29 49.848
3 16 -21.435 -29 49.035 -30 -29 40 -22.652 -29 49.848
3 16 -21.435 -29 49.035 -22.652 -31.25 49.848 -21.435 -31.25 49.035
3 16 -30 -29 277.5 -21.435 -29 273.465 -22.651 -29 272.652
3 16 -22.651 -29 272.652 -21.435 -31.25 273.465 -22.651 -31.25 272.652
3 16 -22.651 -29 272.652 -21.435 -29 273.465 -21.435 -31.25 273.465
3 16 -30 -32.5 37.5 -20 -29 37.5 -20 -32.5 37.5
3 16 -20 -29 37.5 -30 -32.5 37.5 -30 -29 37.5
3 16 -20 -29 48.75 -30 -29 40 -21.435 -29 49.035
3 16 -21.435 -31.25 49.035 -20 -29 48.75 -21.435 -29 49.035
3 16 -20 -29 48.75 -21.435 -31.25 49.035 -20 -31.25 48.75
3 16 -20 -29 40 -30 -29 40 -20 -29 48.75
3 16 -20 -29 40 -30 -29 37.5 -30 -29 40
3 16 -30 -29 37.5 -20 -29 40 -20 -29 37.5
3 16 -20 -29 277.5 -21.435 -29 273.465 -30 -29 277.5
3 16 -21.435 -29 273.465 -20 -29 277.5 -20 -29 273.75
3 16 -20 -31.25 273.75 -21.435 -29 273.465 -20 -29 273.75
3 16 -30 -29 280 -20 -29 277.5 -30 -29 277.5
3 16 -21.435 -29 273.465 -20 -31.25 273.75 -21.435 -31.25 273.465
3 16 -20 -35 280 -30 -29 280 -32.5 -35 280
3 16 -30 -29 280 -20 -35 280 -20 -29 280
3 16 -20 -29 277.5 -30 -29 280 -20 -29 280
3 16 -18.565 -31.25 49.035 -18.565 -29 49.035 -20 -29 48.75
3 16 -20 -29 48.75 -20 -31.25 48.75 -18.565 -31.25 49.035
3 16 -18.564 -29 273.465 -18.564 -31.25 273.465 -20 -31.25 273.75
3 16 -20 -31.25 273.75 -20 -29 273.75 -18.564 -29 273.465
3 16 -18.564 -29 273.465 -20 -29 273.75 -20 -29 277.5
3 16 -17.348 -31.25 49.848 -17.348 -29 49.848 -18.565 -29 49.035
3 16 -18.565 -29 49.035 -18.565 -31.25 49.035 -17.348 -31.25 49.848
3 16 -18.564 -31.25 273.465 -18.564 -29 273.465 -17.348 -29 272.652
3 16 -17.348 -29 272.652 -17.348 -31.25 272.652 -18.564 -31.25 273.465
3 16 -17.348 -29 49.848 -17.348 -31.25 49.848 -16.535 -31.25 51.065
3 16 -16.535 -31.25 51.065 -16.535 -29 51.065 -17.348 -29 49.848
3 16 -16.535 -29 271.435 -16.535 -31.25 271.435 -17.348 -31.25 272.652
3 16 -17.348 -31.25 272.652 -17.348 -29 272.652 -16.535 -29 271.435
3 16 -16.25 -31.25 52.5 -16.25 -29 52.5 -16.535 -29 51.065
3 16 -16.535 -29 51.065 -16.535 -31.25 51.065 -16.25 -31.25 52.5
3 16 -16.25 -29 260 -16.25 -31.25 260 -16.25 -31.25 270
3 16 -16.25 -29 270 -16.25 -31.25 270 -16.535 -31.25 271.435
3 16 -16.25 -31.25 260 -16.25 -29 260 -16.25 -29 52.5
3 16 -16.25 -29 52.5 -16.25 -31.25 52.5 -16.25 -31.25 260
3 16 -16.535 -31.25 271.435 -16.535 -29 271.435 -16.25 -29 270
3 16 -16.25 -31.25 270 -16.25 -29 270 -16.25 -29 260
3 16 -10 -29 37.5 -20 -29 37.5 -20 -29 40
3 16 -20 -29 40 -10 -29 40 -10 -29 37.5
3 16 -17.348 -29 49.848 -16.535 -29 51.065 -10 -29 40
3 16 -10 -32.5 37.5 -20 -32.5 37.5 -20 -29 37.5
3 16 -20 -29 37.5 -10 -29 37.5 -10 -32.5 37.5
3 16 -20 -29 48.75 -18.565 -29 49.035 -10 -29 40
3 16 -20 -29 40 -20 -29 48.75 -10 -29 40
3 16 -18.565 -29 49.035 -17.348 -29 49.848 -10 -29 40
3 16 -16.535 -29 51.065 -16.25 -29 52.5 -10 -29 40
3 16 -10 -29 260 -16.25 -29 260 -16.25 -29 270
3 16 -16.25 -29 52.5 -16.25 -29 260 -10 -29 260
3 16 -10 -29 260 -10 -29 40 -16.25 -29 52.5
3 16 -20 -29 277.5 -10 -29 277.5 -18.564 -29 273.465
3 16 -17.348 -29 272.652 -18.564 -29 273.465 -10 -29 277.5
3 16 -10 -29 280 -10 -29 277.5 -20 -29 277.5
3 16 -20 -29 277.5 -20 -29 280 -10 -29 280
3 16 -16.535 -29 271.435 -17.348 -29 272.652 -10 -29 277.5
3 16 -10 -29 280 -20 -29 280 -20 -35 280
3 16 -16.25 -29 270 -10 -29 277.5 -10 -29 260
3 16 -16.25 -29 270 -16.535 -29 271.435 -10 -29 277.5
3 16 -20 -35 280 -7.5 -35 280 -10 -29 280
3 16 -25 -28.75 30.114 -24.619 -32.5 32.027 -24.619 -28.75 32.027
3 16 -25 -32.5 30.114 -24.619 -28.75 28.201 -24.619 -32.5 28.201
3 16 -24.619 -28.75 28.201 -25 -32.5 30.114 -25 -28.75 30.114
3 16 -25 -28.75 10.114 -24.619 -32.5 12.027 -24.619 -28.75 12.027
3 16 -24.619 -32.5 12.027 -25 -28.75 10.114 -25 -32.5 10.114
3 16 -25 -32.5 10.114 -24.619 -28.75 8.2 -24.619 -32.5 8.2
3 16 -24.619 -32.5 32.027 -25 -28.75 30.114 -25 -32.5 30.114
3 16 -24.619 -28.75 8.2 -25 -32.5 10.114 -25 -28.75 10.114
3 16 -23.535 -28.75 33.649 -25 -28.75 30.114 -24.619 -28.75 32.027
3 16 -23.535 -28.75 26.578 -24.619 -32.5 28.201 -24.619 -28.75 28.201
3 16 -25 -28.75 10.114 -23.535 -28.75 6.578 -24.619 -28.75 8.2
3 16 -25 -28.75 30.114 -23.535 -28.75 26.578 -24.619 -28.75 28.201
3 16 -24.619 -28.75 32.027 -23.535 -32.5 33.649 -23.535 -28.75 33.649
3 16 -23.535 -32.5 33.649 -24.619 -28.75 32.027 -24.619 -32.5 32.027
3 16 -24.619 -32.5 28.201 -23.535 -28.75 26.578 -23.535 -32.5 26.578
3 16 -23.535 -28.75 13.649 -25 -28.75 10.114 -24.619 -28.75 12.027
3 16 -23.535 -28.75 6.578 -24.619 -32.5 8.2 -24.619 -28.75 8.2
3 16 -23.535 -32.5 13.649 -24.619 -28.75 12.027 -24.619 -32.5 12.027
3 16 -24.619 -28.75 12.027 -23.535 -32.5 13.649 -23.535 -28.75 13.649
3 16 -24.619 -32.5 8.2 -23.535 -28.75 6.578 -23.535 -32.5 6.578
3 16 -21.913 -28.75 25.494 -23.535 -32.5 26.578 -23.535 -28.75 26.578
3 16 -23.535 -32.5 26.578 -21.913 -28.75 25.494 -21.913 -32.5 25.494
3 16 -21.913 -28.75 5.494 -23.535 -32.5 6.578 -23.535 -28.75 6.578
3 16 -21.913 -32.5 34.733 -23.535 -28.75 33.649 -23.535 -32.5 33.649
3 16 -23.535 -28.75 33.649 -21.913 -32.5 34.733 -21.913 -28.75 34.733
3 16 -23.535 -32.5 6.578 -21.913 -28.75 5.494 -21.913 -32.5 5.494
3 16 -21.913 -32.5 14.733 -23.535 -28.75 13.649 -23.535 -32.5 13.649
3 16 -23.535 -28.75 13.649 -21.913 -32.5 14.733 -21.913 -28.75 14.733
3 16 -20 -28.75 5.114 -21.913 -32.5 5.494 -21.913 -28.75 5.494
3 16 -25 -28.75 10.114 -20 -28.75 5.114 -23.535 -28.75 6.578
3 16 -25 -28.75 30.114 -20 -28.75 25.114 -23.535 -28.75 26.578
3 16 -23.535 -28.75 26.578 -20 -28.75 25.114 -21.913 -28.75 25.494
3 16 -20 -28.75 35.114 -25 -28.75 30.114 -23.535 -28.75 33.649
3 16 -20 -28.75 35.114 -20 -28.75 25.114 -25 -28.75 30.114
3 16 -20 -28.75 15.114 -20 -28.75 5.114 -25 -28.75 10.114
3 16 -20 -32.5 35.114 -21.913 -28.75 34.733 -21.913 -32.5 34.733
3 16 -20 -28.75 35.114 -23.535 -28.75 33.649 -21.913 -28.75 34.733
3 16 -23.535 -28.75 6.578 -20 -28.75 5.114 -21.913 -28.75 5.494
3 16 -21.913 -28.75 34.733 -20 -32.5 35.114 -20 -28.75 35.114
3 16 -20 -28.75 25.114 -21.913 -32.5 25.494 -21.913 -28.75 25.494
3 16 -21.913 -32.5 5.494 -20 -28.75 5.114 -20 -32.5 5.114
3 16 -21.913 -28.75 14.733 -20 -32.5 15.114 -20 -28.75 15.114
3 16 -21.913 -32.5 25.494 -20 -28.75 25.114 -20 -32.5 25.114
3 16 -20 -28.75 15.114 -25 -28.75 10.114 -23.535 -28.75 13.649
3 16 -20 -28.75 15.114 -23.535 -28.75 13.649 -21.913 -28.75 14.733
3 16 -20 -32.5 15.114 -21.913 -28.75 14.733 -21.913 -32.5 14.733
3 16 -18.087 -32.5 25.494 -20 -32.5 25.114 -20 -28.75 25.114
3 16 -18.087 -28.75 34.733 -20 -28.75 35.114 -20 -32.5 35.114
3 16 -20 -32.5 35.114 -18.087 -32.5 34.733 -18.087 -28.75 34.733
3 16 -18.087 -28.75 14.733 -20 -28.75 15.114 -20 -32.5 15.114
3 16 -20 -32.5 15.114 -18.087 -32.5 14.733 -18.087 -28.75 14.733
3 16 -18.087 -32.5 5.494 -20 -32.5 5.114 -20 -28.75 5.114
3 16 -20 -28.75 25.114 -18.087 -28.75 25.494 -18.087 -32.5 25.494
3 16 -20 -28.75 5.114 -18.087 -28.75 5.494 -18.087 -32.5 5.494
3 16 -18.087 -28.75 5.494 -16.464 -28.75 6.578 -16.464 -32.5 6.578
3 16 -16.464 -32.5 6.578 -18.087 -32.5 5.494 -18.087 -28.75 5.494
3 16 -18.087 -28.75 25.494 -16.464 -28.75 26.578 -16.464 -32.5 26.578
3 16 -16.464 -28.75 26.578 -18.087 -28.75 25.494 -20 -28.75 25.114
3 16 -16.464 -32.5 26.578 -18.087 -32.5 25.494 -18.087 -28.75 25.494
3 16 -20 -28.75 15.114 -18.087 -28.75 14.733 -16.464 -28.75 13.649
3 16 -18.087 -32.5 14.733 -16.464 -32.5 13.649 -16.464 -28.75 13.649
3 16 -16.464 -28.75 13.649 -18.087 -28.75 14.733 -18.087 -32.5 14.733
3 16 -16.464 -28.75 6.578 -18.087 -28.75 5.494 -20 -28.75 5.114
3 16 -16.464 -28.75 33.649 -18.087 -28.75 34.733 -18.087 -32.5 34.733
3 16 -20 -28.75 35.114 -18.087 -28.75 34.733 -16.464 -28.75 33.649
3 16 -18.087 -32.5 34.733 -16.464 -32.5 33.649 -16.464 -28.75 33.649
3 16 -16.464 -32.5 33.649 -15.38 -32.5 32.027 -15.38 -28.75 32.027
3 16 -15.38 -28.75 32.027 -16.464 -28.75 33.649 -16.464 -32.5 33.649
3 16 -15.38 -32.5 8.2 -16.464 -32.5 6.578 -16.464 -28.75 6.578
3 16 -16.464 -28.75 6.578 -15.38 -28.75 8.2 -15.38 -32.5 8.2
3 16 -15.38 -32.5 28.2 -16.464 -32.5 26.578 -16.464 -28.75 26.578
3 16 -16.464 -28.75 26.578 -15.38 -28.75 28.2 -15.38 -32.5 28.2
3 16 -15.38 -28.75 12.027 -16.464 -28.75 13.649 -16.464 -32.5 13.649
3 16 -16.464 -32.5 13.649 -15.38 -32.5 12.027 -15.38 -28.75 12.027
3 16 -20 -28.75 15.114 -16.464 -28.75 13.649 -15 -28.75 10.114
3 16 -15 -28.75 10.114 -15.38 -28.75 8.2 -16.464 -28.75 6.578
3 16 -16.464 -28.75 13.649 -15.38 -28.75 12.027 -15 -28.75 10.114
3 16 -20 -28.75 35.114 -16.464 -28.75 33.649 -15 -28.75 30.114
3 16 -15 -28.75 30.114 -15.38 -28.75 28.2 -16.464 -28.75 26.578
3 16 -15 -28.75 10.114 -16.464 -28.75 6.578 -20 -28.75 5.114
3 16 -15 -28.75 30.114 -15.38 -28.75 32.027 -15.38 -32.5 32.027
3 16 -15 -28.75 30.114 -16.464 -28.75 26.578 -20 -28.75 25.114
3 16 -20 -28.75 15.114 -15 -28.75 10.114 -20 -28.75 5.114
3 16 -15 -32.5 30.114 -15.38 -32.5 28.2 -15.38 -28.75 28.2
3 16 -20 -28.75 35.114 -15 -28.75 30.114 -20 -28.75 25.114
3 16 -15 -28.75 10.114 -15.38 -28.75 12.027 -15.38 -32.5 12.027
3 16 -15.38 -32.5 12.027 -15 -32.5 10.114 -15 -28.75 10.114
3 16 -15.38 -28.75 8.2 -15 -28.75 10.114 -15 -32.5 10.114
3 16 -15.38 -28.75 28.2 -15 -28.75 30.114 -15 -32.5 30.114
3 16 -15.38 -32.5 32.027 -15 -32.5 30.114 -15 -28.75 30.114
3 16 -15 -32.5 10.114 -15.38 -32.5 8.2 -15.38 -28.75 8.2
3 16 -16.464 -28.75 33.649 -15.38 -28.75 32.027 -15 -28.75 30.114
3 16 -30 -32.5 37.5 -30 0 20 -30 -29 37.5
3 16 -30 -29 40 -30 -29 37.5 -30 0 20
3 16 -30 -29 40 -30 0 20 -30 0 40
3 16 -32.5 -35 0 -32.5 0 20 -32.5 0 0
3 16 -32.5 0 20 -32.5 -35 0 -32.5 -35 20
3 16 -32.5 -35 0 -30 0 0 -30 -32.5 0
3 16 -30 0 0 -32.5 -35 0 -32.5 0 0
3 16 -32.5 0 20 -30 0 0 -32.5 0 0
3 16 -30 -32.5 37.5 -30 0 0 -30 0 20
3 16 -30 -32.5 37.5 -30 -32.5 18.75 -30 0 0
3 16 -30 0 0 -32.5 0 20 -30 0 20
3 16 -30 0 0 -30 -32.5 18.75 -30 -32.5 0
3 16 -32.5 -35 20 -32.5 0 40 -32.5 0 20
3 16 -32.5 0 40 -32.5 -35 20 -32.5 -35 40
3 16 -32.5 -35 260 -32.5 0 40 -32.5 -35 40
3 16 -30 0 20 -32.5 0 40 -30 0 40
3 16 -32.5 0 40 -30 0 20 -32.5 0 20
3 16 -30 -29 260 -30 0 280 -30 -29 277.5
3 16 -30 -29 280 -30 -29 277.5 -30 0 280
3 16 -30 0 280 -32.5 -35 280 -30 -29 280
3 16 -10 -32.5 37.5 -10 -29 37.5 -10 0 20
3 16 -10 -29 40 -10 0 20 -10 -29 37.5
3 16 -10 -29 40 -10 0 40 -10 0 20
3 16 -30 -29 40 -30 0 260 -30 -29 260
3 16 -30 0 260 -30 -29 40 -30 0 40
3 16 -30 0 280 -30 -29 260 -30 0 260
3 16 -10 0 0 -10 -32.5 0 -10 -32.5 18.75
3 16 -10 -32.5 37.5 -10 0 0 -10 -32.5 18.75
3 16 -10 -32.5 37.5 -10 0 20 -10 0 0
3 16 -7.5 -35 0 -10 -32.5 0 -10 0 0
3 16 -10 0 0 -7.5 0 0 -7.5 -35 0
3 16 -7.5 -35 0 -7.5 0 0 -7.5 0 20
3 16 -7.5 0 20 -7.5 0 0 -10 0 0
3 16 -10 0 0 -10 0 20 -7.5 0 20
3 16 -7.5 0 20 -7.5 -35 20 -7.5 -35 0
3 16 -10 -29 280 -10 0 280 -10 -29 277.5
3 16 -10 -29 260 -10 -29 277.5 -10 0 280
3 16 -10 0 280 -10 -29 280 -7.5 -35 280
3 16 -32.5 0 40 -32.5 -35 260 -32.5 0 260
3 16 -32.5 0 260 -30 0 40 -32.5 0 40
3 16 -30 0 40 -32.5 0 260 -30 0 260
3 16 -20 0 260 -30 0 280 -30 0 260
3 16 -10 0 20 -10 0 40 -7.5 0 40
3 16 -7.5 -35 20 -7.5 0 20 -7.5 0 40
3 16 -7.5 0 40 -7.5 0 20 -10 0 20
3 16 -7.5 0 40 -7.5 -35 40 -7.5 -35 20
3 16 -7.5 -35 260 -7.5 -35 40 -7.5 0 40
3 16 -32.5 -35 260 -32.5 0 280 -32.5 0 260
3 16 -32.5 0 280 -32.5 -35 260 -32.5 -35 280
3 16 -32.5 -35 280 -30 0 280 -32.5 0 280
3 16 -30 0 280 -20 0 260 -20 0 280
3 16 -10 0 280 -20 0 280 -20 0 260
3 16 -10 0 260 -10 0 40 -10 -29 40
3 16 -10 -29 40 -10 -29 260 -10 0 260
3 16 -10 0 280 -10 0 260 -10 -29 260
3 16 -20 0 260 -10 0 260 -10 0 280
3 16 -10 0 40 -10 0 260 -7.5 0 260
3 16 -7.5 0 260 -7.5 0 40 -10 0 40
3 16 -7.5 0 40 -7.5 0 260 -7.5 -35 260
3 16 -7.5 -35 260 -7.5 0 260 -7.5 0 280
3 16 -7.5 0 280 -7.5 -35 280 -7.5 -35 260
3 16 -7.5 -35 280 -7.5 0 280 -10 0 280
3 16 -32.5 0 280 -32.5 2.5 260 -32.5 0 260
3 16 -32.5 2.5 260 -32.5 0 280 -32.5 2.5 280
3 16 -30 2.5 260 -32.5 0 260 -32.5 2.5 260
3 16 -32.5 2.5 280 -30 2.5 260 -32.5 2.5 260
3 16 -32.5 0 260 -30 2.5 260 -30 0 260
3 16 -30 2.5 260 -32.5 2.5 280 -30 2.5 280
3 16 -32.5 2.5 280 -30 0 280 -30 2.5 280
3 16 -30 0 280 -32.5 2.5 280 -32.5 0 280
3 16 -30 2.5 280 -20 2.5 260 -30 2.5 260
3 16 -30 2.5 260 -20 0 260 -30 0 260
3 16 -20 0 260 -30 2.5 260 -20 2.5 260
3 16 -20 2.5 280 -30 0 280 -20 0 280
3 16 -30 0 280 -20 2.5 280 -30 2.5 280
3 16 -20 2.5 260 -30 2.5 280 -20 2.5 280
3 16 -10 2.5 260 -10 0 260 -20 0 260
3 16 -20 0 260 -20 2.5 260 -10 2.5 260
3 16 -20 2.5 260 -20 2.5 280 -10 2.5 280
3 16 -10 2.5 280 -10 2.5 260 -20 2.5 260
3 16 -20 2.5 280 -20 0 280 -10 0 280
3 16 -10 0 280 -10 2.5 280 -20 2.5 280
3 16 -10 2.5 260 -7.5 2.5 260 -7.5 0 260
3 16 -7.5 0 260 -10 0 260 -10 2.5 260
3 16 -7.5 0 280 -7.5 0 260 -7.5 2.5 260
3 16 -10 2.5 260 -10 2.5 280 -7.5 2.5 280
3 16 -7.5 2.5 280 -7.5 2.5 260 -10 2.5 260
3 16 -7.5 2.5 280 -10 2.5 280 -10 0 280
3 16 -7.5 2.5 260 -7.5 2.5 280 -7.5 0 280
3 16 -10 0 280 -7.5 0 280 -7.5 2.5 280
5 24 -23.75 -31.25 52.5 -23.75 -29 52.5 -23.464 -29 51.065 -23.75 -31.25 260
5 24 -23.75 -31.25 270 -23.75 -29 270 -23.464 -31.25 271.435 -23.75 -29 260
5 24 -23.464 -31.25 51.065 -23.464 -29 51.065 -22.652 -29 49.848 -23.75 -31.25 52.5
5 24 -23.464 -31.25 271.435 -23.464 -29 271.435 -23.75 -29 270 -22.651 -31.25 272.652
5 24 -22.652 -31.25 49.848 -22.652 -29 49.848 -21.435 -29 49.035 -23.464 -31.25 51.065
5 24 -22.651 -31.25 272.652 -22.651 -29 272.652 -23.464 -29 271.435 -21.435 -31.25 273.465
5 24 -21.435 -31.25 49.035 -21.435 -29 49.035 -20 -29 48.75 -22.652 -31.25 49.848
5 24 -21.435 -31.25 273.465 -21.435 -29 273.465 -22.651 -29 272.652 -20 -31.25 273.75
5 24 -20 -31.25 48.75 -20 -29 48.75 -21.435 -31.25 49.035 -18.565 -31.25 49.035
5 24 -20 -31.25 273.75 -20 -29 273.75 -21.435 -29 273.465 -18.564 -29 273.465
5 24 -18.565 -31.25 49.035 -18.565 -29 49.035 -20 -29 48.75 -17.348 -31.25 49.848
5 24 -18.564 -31.25 273.465 -18.564 -29 273.465 -17.348 -29 272.652 -20 -31.25 273.75
5 24 -17.348 -31.25 49.848 -17.348 -29 49.848 -18.565 -29 49.035 -16.535 -31.25 51.065
5 24 -17.348 -31.25 272.652 -17.348 -29 272.652 -16.535 -29 271.435 -18.564 -31.25 273.465
5 24 -16.535 -31.25 51.065 -16.535 -29 51.065 -17.348 -29 49.848 -16.25 -31.25 52.5
5 24 -16.535 -29 271.435 -16.535 -31.25 271.435 -16.25 -29 270 -17.348 -31.25 272.652
5 24 -16.25 -31.25 270 -16.25 -29 270 -16.535 -31.25 271.435 -16.25 -29 260
5 24 -25 -32.5 10.114 -25 -28.75 10.114 -24.619 -28.75 8.2 -24.619 -32.5 12.027
5 24 -25 -32.5 30.114 -25 -28.75 30.114 -24.619 -28.75 28.201 -24.619 -32.5 32.027
5 24 -24.619 -32.5 28.201 -24.619 -28.75 28.201 -23.535 -28.75 26.578 -25 -32.5 30.114
5 24 -24.619 -32.5 12.027 -24.619 -28.75 12.027 -25 -28.75 10.114 -23.535 -32.5 13.649
5 24 -24.619 -32.5 8.2 -24.619 -28.75 8.2 -23.535 -28.75 6.578 -25 -32.5 10.114
5 24 -24.619 -32.5 32.027 -24.619 -28.75 32.027 -25 -28.75 30.114 -23.535 -32.5 33.649
5 24 -23.535 -32.5 13.649 -23.535 -28.75 13.649 -24.619 -28.75 12.027 -21.913 -32.5 14.733
5 24 -23.535 -32.5 33.649 -23.535 -28.75 33.649 -24.619 -28.75 32.027 -21.913 -32.5 34.733
5 24 -23.535 -32.5 6.578 -23.535 -28.75 6.578 -21.913 -28.75 5.494 -24.619 -32.5 8.2
5 24 -23.535 -32.5 26.578 -23.535 -28.75 26.578 -21.913 -28.75 25.494 -24.619 -32.5 28.201
5 24 -21.913 -32.5 34.733 -21.913 -28.75 34.733 -23.535 -28.75 33.649 -20 -32.5 35.114
5 24 -21.913 -28.75 5.494 -21.913 -32.5 5.494 -20 -28.75 5.114 -23.535 -32.5 6.578
5 24 -21.913 -32.5 25.494 -21.913 -28.75 25.494 -20 -28.75 25.114 -23.535 -32.5 26.578
5 24 -21.913 -28.75 14.733 -21.913 -32.5 14.733 -23.535 -28.75 13.649 -20 -32.5 15.114
5 24 -20 -32.5 25.114 -20 -28.75 25.114 -21.913 -32.5 25.494 -18.087 -32.5 25.494
5 24 -20 -32.5 15.114 -20 -28.75 15.114 -21.913 -28.75 14.733 -18.087 -28.75 14.733
5 24 -20 -28.75 35.114 -20 -32.5 35.114 -21.913 -28.75 34.733 -18.087 -28.75 34.733
5 24 -20 -32.5 5.114 -20 -28.75 5.114 -21.913 -32.5 5.494 -18.087 -32.5 5.494
5 24 -18.087 -32.5 14.733 -18.087 -28.75 14.733 -16.464 -28.75 13.649 -20 -32.5 15.114
5 24 -18.087 -32.5 34.733 -18.087 -28.75 34.733 -16.464 -28.75 33.649 -20 -32.5 35.114
5 24 -18.087 -32.5 5.494 -18.087 -28.75 5.494 -20 -28.75 5.114 -16.464 -32.5 6.578
5 24 -18.087 -32.5 25.494 -18.087 -28.75 25.494 -20 -28.75 25.114 -16.464 -32.5 26.578
5 24 -16.464 -32.5 26.578 -16.464 -28.75 26.578 -18.087 -28.75 25.494 -15.38 -32.5 28.2
5 24 -16.464 -28.75 13.649 -16.464 -32.5 13.649 -15.38 -28.75 12.027 -18.087 -32.5 14.733
5 24 -16.464 -32.5 6.578 -16.464 -28.75 6.578 -18.087 -28.75 5.494 -15.38 -32.5 8.2
5 24 -16.464 -32.5 33.649 -16.464 -28.75 33.649 -15.38 -28.75 32.027 -18.087 -32.5 34.733
5 24 -15.38 -32.5 12.027 -15.38 -28.75 12.027 -15 -28.75 10.114 -16.464 -32.5 13.649
5 24 -15.38 -32.5 8.2 -15.38 -28.75 8.2 -16.464 -28.75 6.578 -15 -32.5 10.114
5 24 -15.38 -32.5 32.027 -15.38 -28.75 32.027 -15 -28.75 30.114 -16.464 -32.5 33.649
5 24 -15.38 -32.5 28.2 -15.38 -28.75 28.2 -16.464 -28.75 26.578 -15 -32.5 30.114
5 24 -15 -32.5 30.114 -15 -28.75 30.114 -15.38 -28.75 28.2 -15.38 -32.5 32.027
5 24 -15 -32.5 10.114 -15 -28.75 10.114 -15.38 -28.75 8.2 -15.38 -32.5 12.027
0
