0 Grua Tope 1    |R:R
0 Name: gruatop1.dat
0 Author: betatron & jasolo
0 !LDRAW_ORG Unofficial_Part
0 BFC CERTIFY CCW
0 
4 16 -22.31 -37.5 30.956 -21.768 -37.5 31.768 -21.768 -35.25 31.768 -22.31 -35.25 30.956
4 16 -30 -37.5 2.5 -30 -37.5 37.5 -22.31 -37.5 29.043 -22.31 -37.5 10.957
4 16 -19.043 -37.5 27.69 -20 -37.5 27.5 -20 -35.25 27.5 -19.043 -35.25 27.69
3 16 -22.5 -37.5 10 -22.31 -37.5 9.043 -30 -37.5 2.5
4 16 -20.957 -37.5 27.69 -20.957 -37.5 12.309 -21.768 -37.5 11.768 -21.768 -37.5 28.232
4 16 -20 -35.25 32.5 -20.957 -35.25 32.309 -20.957 -37.5 32.309 -20 -37.5 32.5
4 16 -10 -40.75 37.5 -30 -40.75 37.5 -29.5 -41.25 37 -10.5 -41.25 37
4 16 -20 -37.5 27.5 -19.043 -37.5 27.69 -19.043 -37.5 12.309 -20 -37.5 12.5
4 16 -10 -37.5 2.5 -10 -37.5 37.5 -10 -40.75 37.5 -10 -40.75 2.5
4 16 -30 -40.75 2.5 -10 -40.75 2.5 -10.5 -41.25 3 -29.5 -41.25 3
4 16 -22.5 -35.25 30 -22.31 -35.25 30.956 -21.768 -35.25 31.768 -20.957 -35.25 32.309
4 16 -22.31 -37.5 9.043 -22.31 -35.25 9.043 -21.768 -35.25 8.232 -21.768 -37.5 8.232
4 16 -21.768 -35.25 11.768 -21.768 -37.5 11.768 -20.957 -37.5 12.309 -20.957 -35.25 12.309
4 16 -18.232 -37.5 11.768 -18.232 -35.25 11.768 -19.043 -35.25 12.309 -19.043 -37.5 12.309
4 16 -21.768 -37.5 11.768 -22.31 -37.5 10.957 -22.31 -37.5 29.043 -21.768 -37.5 28.232
3 16 -30 -37.5 37.5 -22.5 -37.5 30 -22.31 -37.5 29.043
4 16 -17.5 -35.25 10 -18.232 -35.25 8.232 -19.043 -35.25 7.69 -20 -35.25 7.5
4 16 -22.31 -37.5 10.957 -22.31 -35.25 10.957 -22.5 -35.25 10 -22.5 -37.5 10
3 16 -20.957 -35.25 27.69 -21.768 -35.25 28.232 -20 -35.25 27.5
4 16 -10 -40.75 2.5 -10 -40.75 37.5 -10.5 -41.25 37 -10.5 -41.25 3
3 16 -30 -37.5 37.5 -21.768 -37.5 31.768 -22.31 -37.5 30.956
4 16 -19.043 -37.5 32.309 -20 -37.5 32.5 -30 -37.5 37.5 -10 -37.5 37.5
4 16 -22.31 -35.25 10.957 -21.768 -35.25 11.768 -20.957 -35.25 12.309 -22.5 -35.25 10
4 16 -18.232 -35.25 28.232 -17.69 -35.25 29.043 -17.69 -37.5 29.043 -18.232 -37.5 28.232
3 16 -30 -37.5 37.5 -20.957 -37.5 32.309 -21.768 -37.5 31.768
3 16 -21.768 -37.5 8.232 -20.957 -37.5 7.69 -30 -37.5 2.5
3 16 -22.31 -37.5 9.043 -21.768 -37.5 8.232 -30 -37.5 2.5
3 16 -18.232 -37.5 31.768 -19.043 -37.5 32.309 -10 -37.5 37.5
3 16 -10 -37.5 2.5 -17.5 -37.5 10 -17.69 -37.5 10.957
3 16 -18.232 -37.5 8.232 -17.69 -37.5 9.043 -10 -37.5 2.5
4 16 -18.232 -35.25 8.232 -17.69 -35.25 9.043 -17.69 -37.5 9.043 -18.232 -37.5 8.232
4 16 -30 -40.75 2.5 -29.5 -41.25 3 -29.5 -41.25 37 -30 -40.75 37.5
3 16 -10 -37.5 2.5 -19.043 -37.5 7.69 -18.232 -37.5 8.232
4 16 -18.232 -37.5 11.768 -17.69 -37.5 10.957 -17.69 -35.25 10.957 -18.232 -35.25 11.768
4 16 -17.69 -35.25 10.957 -17.5 -35.25 10 -19.043 -35.25 12.309 -18.232 -35.25 11.768
3 16 -30 -37.5 37.5 -22.31 -37.5 30.956 -22.5 -37.5 30
4 16 -17.69 -37.5 29.043 -10 -37.5 37.5 -10 -37.5 2.5 -17.69 -37.5 10.957
3 16 -22.31 -35.25 9.043 -22.5 -35.25 10 -21.768 -35.25 8.232
3 16 -20.957 -37.5 7.69 -20 -37.5 7.5 -30 -37.5 2.5
3 16 -30 -37.5 37.5 -20 -37.5 32.5 -20.957 -37.5 32.309
4 16 -19.043 -35.25 32.309 -18.232 -35.25 31.768 -17.69 -35.25 30.956 -17.5 -35.25 30
4 16 -19.043 -35.25 27.69 -20 -35.25 27.5 -17.5 -35.25 30 -18.232 -35.25 28.232
4 16 -20 -37.5 7.5 -19.043 -37.5 7.69 -10 -37.5 2.5 -30 -37.5 2.5
4 16 -20 -35.25 32.5 -20 -37.5 32.5 -19.043 -37.5 32.309 -19.043 -35.25 32.309
4 16 -18.232 -35.25 31.768 -18.232 -37.5 31.768 -17.69 -37.5 30.956 -17.69 -35.25 30.956
4 16 -20.957 -37.5 27.69 -21.768 -37.5 28.232 -21.768 -35.25 28.232 -20.957 -35.25 27.69
4 16 -22.31 -37.5 30.956 -22.31 -35.25 30.956 -22.5 -35.25 30 -22.5 -37.5 30
4 16 -20 -37.5 12.5 -20 -35.25 12.5 -20.957 -35.25 12.309 -20.957 -37.5 12.309
4 16 -30 -40.75 2.5 -30 -37.5 2.5 -10 -37.5 2.5 -10 -40.75 2.5
4 16 -19.043 -35.25 27.69 -18.232 -35.25 28.232 -18.232 -37.5 28.232 -19.043 -37.5 27.69
4 16 -22.31 -35.25 29.043 -21.768 -35.25 28.232 -21.768 -37.5 28.232 -22.31 -37.5 29.043
4 16 -30 -37.5 2.5 -30 -40.75 2.5 -30 -40.75 37.5 -30 -37.5 37.5
4 16 -20 -35.25 27.5 -21.768 -35.25 28.232 -22.5 -35.25 30 -20.957 -35.25 32.309
4 16 -17.5 -35.25 30 -17.69 -35.25 30.956 -17.69 -37.5 30.956 -17.5 -37.5 30
4 16 -20.957 -35.25 27.69 -20 -35.25 27.5 -20 -37.5 27.5 -20.957 -37.5 27.69
4 16 -17.69 -37.5 9.043 -17.69 -35.25 9.043 -17.5 -35.25 10 -17.5 -37.5 10
4 16 -18.232 -35.25 8.232 -18.232 -37.5 8.232 -19.043 -37.5 7.69 -19.043 -35.25 7.69
4 16 -22.31 -37.5 9.043 -22.5 -37.5 10 -22.5 -35.25 10 -22.31 -35.25 9.043
4 16 -19.043 -35.25 7.69 -19.043 -37.5 7.69 -20 -37.5 7.5 -20 -35.25 7.5
4 16 -20.957 -37.5 27.69 -20 -37.5 27.5 -20 -37.5 12.5 -20.957 -37.5 12.309
4 16 -10 -37.5 37.5 -30 -37.5 37.5 -30 -40.75 37.5 -10 -40.75 37.5
4 16 -22.5 -35.25 10 -20.957 -35.25 12.309 -20 -35.25 7.5 -21.768 -35.25 8.232
3 16 -17.69 -37.5 9.043 -17.5 -37.5 10 -10 -37.5 2.5
3 16 -17.69 -35.25 9.043 -18.232 -35.25 8.232 -17.5 -35.25 10
3 16 -17.69 -37.5 30.956 -18.232 -37.5 31.768 -10 -37.5 37.5
3 16 -17.5 -37.5 30 -17.69 -37.5 30.956 -10 -37.5 37.5
3 16 -17.5 -37.5 30 -10 -37.5 37.5 -17.69 -37.5 29.043
4 16 -20 -35.25 12.5 -20 -37.5 12.5 -19.043 -37.5 12.309 -19.043 -35.25 12.309
4 16 -18.232 -35.25 31.768 -19.043 -35.25 32.309 -19.043 -37.5 32.309 -18.232 -37.5 31.768
4 16 -18.232 -37.5 28.232 -18.232 -37.5 11.768 -19.043 -37.5 12.309 -19.043 -37.5 27.69
3 16 -22.31 -37.5 10.957 -22.5 -37.5 10 -30 -37.5 2.5
4 16 -17.5 -35.25 10 -17.69 -35.25 10.957 -17.69 -37.5 10.957 -17.5 -37.5 10
3 16 -17.69 -35.25 29.043 -18.232 -35.25 28.232 -17.5 -35.25 30
4 16 -22.31 -35.25 10.957 -22.31 -37.5 10.957 -21.768 -37.5 11.768 -21.768 -35.25 11.768
4 16 -20 -35.25 7.5 -20 -37.5 7.5 -20.957 -37.5 7.69 -20.957 -35.25 7.69
4 16 -29.5 -41.25 3 -10.5 -41.25 3 -10.5 -41.25 37 -29.5 -41.25 37
3 16 -20.957 -35.25 7.69 -21.768 -35.25 8.232 -20 -35.25 7.5
4 16 -17.69 -37.5 29.043 -17.69 -37.5 10.957 -18.232 -37.5 11.768 -18.232 -37.5 28.232
4 16 -20.957 -35.25 32.309 -21.768 -35.25 31.768 -21.768 -37.5 31.768 -20.957 -37.5 32.309
4 16 -22.5 -35.25 30 -22.31 -35.25 29.043 -22.31 -37.5 29.043 -22.5 -37.5 30
4 16 -17.69 -35.25 29.043 -17.5 -35.25 30 -17.5 -37.5 30 -17.69 -37.5 29.043
3 16 -22.31 -35.25 29.043 -22.5 -35.25 30 -21.768 -35.25 28.232
4 16 -21.768 -35.25 8.232 -20.957 -35.25 7.69 -20.957 -37.5 7.69 -21.768 -37.5 8.232
3 16 -19.043 -35.25 12.309 -17.5 -35.25 10 -20 -35.25 7.5
3 16 -20 -35.25 12.5 -19.043 -35.25 12.309 -20 -35.25 7.5
3 16 -20 -35.25 12.5 -20 -35.25 7.5 -20.957 -35.25 12.309
3 16 -19.043 -35.25 32.309 -17.5 -35.25 30 -20 -35.25 27.5
3 16 -20 -35.25 32.5 -19.043 -35.25 32.309 -20 -35.25 27.5
3 16 -20 -35.25 32.5 -20 -35.25 27.5 -20.957 -35.25 32.309
5 24 -18.232 -37.5 11.768 -18.232 -35.25 11.768 -19.043 -37.5 12.309 -17.69 -37.5 10.957
2 24 -18.232 -35.25 8.232 -17.69 -35.25 9.043
5 24 -17.69 -37.5 30.956 -17.69 -35.25 30.956 -18.232 -37.5 31.768 -17.5 -37.5 30
2 24 -18.232 -37.5 11.768 -17.69 -37.5 10.957
5 24 -22.5 -37.5 10 -22.5 -35.25 10 -22.31 -37.5 10.957 -22.31 -37.5 9.043
2 24 -19.043 -35.25 32.309 -18.232 -35.25 31.768
2 24 -30 -40.75 2.5 -10 -40.75 2.5
2 24 -20.957 -35.25 7.69 -20 -35.25 7.5
5 24 -18.232 -37.5 8.232 -18.232 -35.25 8.232 -17.69 -37.5 9.043 -19.043 -37.5 7.69
2 24 -21.768 -35.25 8.232 -20.957 -35.25 7.69
2 24 -19.043 -37.5 12.309 -18.232 -37.5 11.768
2 24 -10.5 -41.25 3 -10.5 -41.25 37
2 24 -29.5 -41.25 3 -10.5 -41.25 3
2 24 -22.5 -37.5 30 -22.31 -37.5 29.043
2 24 -21.768 -35.25 31.768 -20.957 -35.25 32.309
2 24 -21.768 -37.5 28.232 -20.957 -37.5 27.69
5 24 -20.957 -37.5 7.69 -20.957 -35.25 7.69 -20 -37.5 7.5 -21.768 -37.5 8.232
2 24 -20 -37.5 12.5 -19.043 -37.5 12.309
5 24 -17.69 -37.5 10.957 -17.69 -35.25 10.957 -18.232 -37.5 11.768 -17.5 -37.5 10
2 24 -19.043 -35.25 7.69 -18.232 -35.25 8.232
5 24 -17.5 -37.5 30 -17.5 -35.25 30 -17.69 -37.5 30.956 -17.69 -37.5 29.043
2 24 -21.768 -35.25 11.768 -20.957 -35.25 12.309
2 24 -30 -40.75 2.5 -30 -40.75 37.5
5 24 -22.31 -37.5 30.956 -22.31 -35.25 30.956 -21.768 -37.5 31.768 -22.5 -37.5 30
2 24 -21.768 -37.5 31.768 -20.957 -37.5 32.309
2 24 -30 -37.5 2.5 -30 -37.5 37.5
2 24 -19.043 -35.25 12.309 -18.232 -35.25 11.768
2 24 -22.31 -37.5 30.956 -21.768 -37.5 31.768
5 24 -19.043 -37.5 7.69 -19.043 -35.25 7.69 -18.232 -37.5 8.232 -20 -37.5 7.5
2 24 -20.957 -37.5 32.309 -20 -37.5 32.5
2 24 -10 -37.5 2.5 -10 -37.5 37.5
2 24 -22.31 -35.25 10.957 -21.768 -35.25 11.768
2 24 -29.5 -41.25 37 -10.5 -41.25 37
2 24 -22.5 -37.5 10 -22.31 -37.5 9.043
2 24 -20 -37.5 7.5 -19.043 -37.5 7.69
2 24 -17.69 -35.25 29.043 -17.5 -35.25 30
2 24 -21.768 -37.5 8.232 -20.957 -37.5 7.69
2 24 -20.957 -37.5 27.69 -20 -37.5 27.5
2 24 -19.043 -37.5 27.69 -18.232 -37.5 28.232
2 24 -20.957 -35.25 32.309 -20 -35.25 32.5
2 24 -20 -37.5 27.5 -19.043 -37.5 27.69
5 24 -20 -37.5 32.5 -20 -35.25 32.5 -20.957 -37.5 32.309 -19.043 -37.5 32.309
2 24 -20 -35.25 27.5 -19.043 -35.25 27.69
5 24 -19.043 -37.5 12.309 -19.043 -35.25 12.309 -18.232 -37.5 11.768 -20 -37.5 12.5
5 24 -20 -37.5 12.5 -20 -35.25 12.5 -20.957 -37.5 12.309 -19.043 -37.5 12.309
2 24 -22.5 -35.25 10 -22.31 -35.25 9.043
2 24 -17.69 -37.5 30.956 -17.5 -37.5 30
2 24 -20.957 -35.25 12.309 -20 -35.25 12.5
2 24 -20 -37.5 32.5 -19.043 -37.5 32.309
5 24 -17.69 -37.5 29.043 -17.69 -35.25 29.043 -18.232 -37.5 28.232 -17.5 -37.5 30
2 24 -10.5 -41.25 37 -10 -40.75 37.5
5 24 -21.768 -37.5 8.232 -21.768 -35.25 8.232 -22.31 -37.5 9.043 -20.957 -37.5 7.69
2 24 -22.5 -37.5 30 -22.31 -37.5 30.956
2 24 -22.31 -37.5 29.043 -21.768 -37.5 28.232
5 24 -18.232 -37.5 31.768 -18.232 -35.25 31.768 -17.69 -37.5 30.956 -19.043 -37.5 32.309
2 24 -19.043 -37.5 7.69 -18.232 -37.5 8.232
2 24 -20.957 -37.5 12.309 -20 -37.5 12.5
2 24 -30 -40.75 37.5 -10 -40.75 37.5
2 24 -30 -40.75 2.5 -29.5 -41.25 3
2 24 -10 -40.75 2.5 -10 -37.5 2.5
5 24 -18.232 -37.5 28.232 -18.232 -35.25 28.232 -17.69 -37.5 29.043 -19.043 -37.5 27.69
2 24 -30 -37.5 2.5 -10 -37.5 2.5
5 24 -17.69 -37.5 9.043 -17.69 -35.25 9.043 -18.232 -37.5 8.232 -17.5 -37.5 10
2 24 -18.232 -35.25 11.768 -17.69 -35.25 10.957
2 24 -17.69 -35.25 9.043 -17.5 -35.25 10
2 24 -22.5 -35.25 10 -22.31 -35.25 10.957
2 24 -22.5 -35.25 30 -22.31 -35.25 29.043
2 24 -19.043 -35.25 27.69 -18.232 -35.25 28.232
2 24 -18.232 -37.5 8.232 -17.69 -37.5 9.043
2 24 -22.31 -35.25 29.043 -21.768 -35.25 28.232
2 24 -19.043 -37.5 32.309 -18.232 -37.5 31.768
5 24 -21.768 -37.5 31.768 -21.768 -35.25 31.768 -22.31 -37.5 30.956 -20.957 -37.5 32.309
2 24 -22.5 -35.25 30 -22.31 -35.25 30.956
5 24 -22.31 -37.5 10.957 -22.31 -35.25 10.957 -22.5 -37.5 10 -21.768 -37.5 11.768
2 24 -29.5 -41.25 3 -29.5 -41.25 37
2 24 -17.69 -37.5 10.957 -17.5 -37.5 10
5 24 -20.957 -37.5 12.309 -20.957 -35.25 12.309 -21.768 -37.5 11.768 -20 -37.5 12.5
5 24 -19.043 -37.5 32.309 -19.043 -35.25 32.309 -20 -37.5 32.5 -18.232 -37.5 31.768
5 24 -21.768 -37.5 11.768 -21.768 -35.25 11.768 -20.957 -37.5 12.309 -22.31 -37.5 10.957
2 24 -17.69 -37.5 9.043 -17.5 -37.5 10
2 24 -22.31 -35.25 30.956 -21.768 -35.25 31.768
2 24 -30 -40.75 37.5 -29.5 -41.25 37
2 24 -10 -40.75 2.5 -10 -40.75 37.5
2 24 -30 -40.75 37.5 -30 -37.5 37.5
2 24 -22.31 -37.5 9.043 -21.768 -37.5 8.232
2 24 -20 -35.25 32.5 -19.043 -35.25 32.309
5 24 -20 -37.5 7.5 -20 -35.25 7.5 -19.043 -37.5 7.69 -20.957 -37.5 7.69
5 24 -21.768 -37.5 28.232 -21.768 -35.25 28.232 -20.957 -37.5 27.69 -22.31 -37.5 29.043
2 24 -20.957 -37.5 7.69 -20 -37.5 7.5
2 24 -18.232 -35.25 31.768 -17.69 -35.25 30.956
2 24 -17.69 -37.5 29.043 -17.5 -37.5 30
2 24 -18.232 -37.5 31.768 -17.69 -37.5 30.956
2 24 -18.232 -37.5 28.232 -17.69 -37.5 29.043
5 24 -17.5 -37.5 10 -17.5 -35.25 10 -17.69 -37.5 9.043 -17.69 -37.5 10.957
2 24 -21.768 -35.25 28.232 -20.957 -35.25 27.69
2 24 -22.5 -37.5 10 -22.31 -37.5 10.957
2 24 -17.69 -35.25 30.956 -17.5 -35.25 30
2 24 -30 -40.75 2.5 -30 -37.5 2.5
5 24 -20.957 -37.5 27.69 -20.957 -35.25 27.69 -21.768 -37.5 28.232 -20 -37.5 27.5
5 24 -22.5 -37.5 30 -22.5 -35.25 30 -22.31 -37.5 30.956 -22.31 -37.5 29.043
5 24 -20 -37.5 27.5 -20 -35.25 27.5 -19.043 -37.5 27.69 -20.957 -37.5 27.69
5 24 -22.31 -37.5 29.043 -22.31 -35.25 29.043 -21.768 -37.5 28.232 -22.5 -37.5 30
2 24 -20 -35.25 12.5 -19.043 -35.25 12.309
2 24 -10.5 -41.25 3 -10 -40.75 2.5
5 24 -19.043 -37.5 27.69 -19.043 -35.25 27.69 -20 -37.5 27.5 -18.232 -37.5 28.232
2 24 -20.957 -35.25 27.69 -20 -35.25 27.5
2 24 -20 -35.25 7.5 -19.043 -35.25 7.69
2 24 -22.31 -35.25 9.043 -21.768 -35.25 8.232
2 24 -30 -37.5 37.5 -10 -37.5 37.5
5 24 -20.957 -37.5 32.309 -20.957 -35.25 32.309 -20 -37.5 32.5 -21.768 -37.5 31.768
2 24 -21.768 -37.5 11.768 -20.957 -37.5 12.309
2 24 -18.232 -35.25 28.232 -17.69 -35.25 29.043
2 24 -10 -40.75 37.5 -10 -37.5 37.5
2 24 -22.31 -37.5 10.957 -21.768 -37.5 11.768
2 24 -17.69 -35.25 10.957 -17.5 -35.25 10
5 24 -22.31 -37.5 9.043 -22.31 -35.25 9.043 -21.768 -37.5 8.232 -22.5 -37.5 10
