0 Hombre Titanium mano derecha      |T:T|F:F
0 Name: htitmand.dat
0 Author: Tronk
0 !LDRAW_ORG Unofficial_Part
0 BFC CERTIFY CCW
0 ROTATION CENTER -18.95 -39.3 3.14 1 "Eje" 
0 ROTATION CONFIG 1 1
3 16 -20.46 -38.07 3.52 -20.51 -39.3 3.14 -20.46 -39.3 3.53
3 16 -20.51 -39.3 3.14 -20.46 -38.07 3.52 -20.51 -38.06 3.13
3 16 -20.46 -39.3 3.53 -20.32 -39.3 3.89 -20.32 -38.09 3.89
3 16 -20.46 -39.3 3.53 -20.32 -38.09 3.89 -20.46 -38.07 3.52
3 16 -20.09 -38.13 4.21 -20.32 -39.3 3.89 -20.09 -39.3 4.21
3 16 -20.32 -39.3 3.89 -20.09 -38.13 4.21 -20.32 -38.09 3.89
3 16 -19.78 -38.18 4.46 -20.09 -39.3 4.21 -19.78 -39.3 4.46
3 16 -20.09 -39.3 4.21 -19.78 -38.18 4.46 -20.09 -38.13 4.21
3 16 -19.78 -38.18 4.46 -19.43 -39.3 4.63 -19.43 -38.24 4.63
3 16 -19.43 -39.3 4.63 -19.78 -38.18 4.46 -19.78 -39.3 4.46
3 16 -19.33 -38.26 4.65 -19.04 -39.3 4.71 -19.04 -38.25 4.7
3 16 -19.33 -38.26 4.65 -19.43 -39.3 4.63 -19.04 -39.3 4.71
3 16 -19.33 -38.26 4.65 -19.43 -38.24 4.63 -19.43 -39.3 4.63
3 16 -18.65 -39.3 4.68 -19.04 -38.25 4.7 -19.04 -39.3 4.71
3 16 -19.04 -38.25 4.7 -18.65 -39.3 4.68 -18.65 -38.24 4.68
3 16 -18.65 -38.24 4.68 -18.27 -39.3 4.56 -18.27 -38.24 4.55
3 16 -18.27 -39.3 4.56 -18.65 -38.24 4.68 -18.65 -39.3 4.68
3 16 -18.27 -39.3 4.56 -18 -38.23 4.39 -18.27 -38.24 4.55
3 16 -17.94 -39.3 4.35 -18 -38.23 4.39 -18.27 -39.3 4.56
3 16 -17.94 -38.21 4.34 -18 -38.23 4.39 -17.94 -39.3 4.35
3 16 -17.94 -38.21 4.34 -17.67 -39.3 4.06 -17.67 -38.11 4.06
3 16 -17.67 -39.3 4.06 -17.94 -38.21 4.34 -17.94 -39.3 4.35
3 16 -17.48 -39.3 3.72 -17.67 -38.11 4.06 -17.67 -39.3 4.06
3 16 -17.67 -38.11 4.06 -17.48 -39.3 3.72 -17.48 -38.04 3.71
3 16 -17.38 -39.3 3.33 -17.48 -38.04 3.71 -17.48 -39.3 3.72
3 16 -17.38 -39.3 3.33 -17.38 -38.01 3.33 -17.48 -38.04 3.71
3 16 -17.38 -39.3 2.94 -17.38 -38.01 3.33 -17.38 -39.3 3.33
3 16 -17.38 -38.01 3.33 -17.38 -39.3 2.94 -17.38 -38.01 2.93
3 16 -17.48 -38.05 2.55 -17.38 -39.3 2.94 -17.48 -39.3 2.56
3 16 -17.38 -38.01 2.93 -17.38 -39.3 2.94 -17.48 -38.05 2.55
3 16 -17.67 -38.12 2.21 -17.48 -39.3 2.56 -17.67 -39.3 2.21
3 16 -17.48 -39.3 2.56 -17.67 -38.12 2.21 -17.48 -38.05 2.55
3 16 -17.94 -38.22 1.92 -17.67 -39.3 2.21 -17.94 -39.3 1.93
3 16 -17.67 -39.3 2.21 -17.94 -38.22 1.92 -17.67 -38.12 2.21
3 16 -18.27 -39.3 1.72 -17.94 -38.22 1.92 -17.94 -39.3 1.93
3 16 -18.27 -39.3 1.72 -18 -38.24 1.88 -17.94 -38.22 1.92
3 16 -18.27 -39.3 1.72 -18.27 -38.25 1.71 -18 -38.24 1.88
3 16 -18.65 -38.26 1.59 -18.27 -39.3 1.72 -18.65 -39.3 1.59
3 16 -18.27 -39.3 1.72 -18.65 -38.26 1.59 -18.27 -38.25 1.71
3 16 -18.65 -38.26 1.59 -19.04 -39.3 1.57 -19.04 -38.27 1.56
3 16 -19.04 -39.3 1.57 -18.65 -38.26 1.59 -18.65 -39.3 1.59
3 16 -19.04 -39.3 1.57 -19.33 -38.27 1.62 -19.04 -38.27 1.56
3 16 -19.43 -39.3 1.64 -19.33 -38.27 1.62 -19.04 -39.3 1.57
3 16 -19.43 -38.26 1.64 -19.33 -38.27 1.62 -19.43 -39.3 1.64
3 16 -19.43 -38.26 1.64 -19.78 -39.3 1.81 -19.78 -38.19 1.81
3 16 -19.78 -39.3 1.81 -19.43 -38.26 1.64 -19.43 -39.3 1.64
3 16 -20.09 -39.3 2.06 -19.78 -38.19 1.81 -19.78 -39.3 1.81
3 16 -19.78 -38.19 1.81 -20.09 -39.3 2.06 -20.09 -38.14 2.06
3 16 -20.32 -39.3 2.38 -20.09 -38.14 2.06 -20.09 -39.3 2.06
3 16 -20.09 -38.14 2.06 -20.32 -39.3 2.38 -20.32 -38.1 2.38
3 16 -20.46 -39.3 2.75 -20.32 -38.1 2.38 -20.32 -39.3 2.38
3 16 -20.32 -38.1 2.38 -20.46 -39.3 2.75 -20.46 -38.07 2.74
3 16 -20.51 -39.3 3.14 -20.46 -38.07 2.74 -20.46 -39.3 2.75
3 16 -20.46 -38.07 2.74 -20.51 -39.3 3.14 -20.51 -38.06 3.13
3 16 -19.33 -38.29 -1.35 -20.04 -35.59 -1.36 -19.33 -35.72 -1.36
3 16 -20.04 -35.59 -1.36 -19.33 -38.29 -1.35 -20.92 -38.01 -1.35
3 16 -19.33 -35.72 -1.36 -20.04 -35.55 7.6 -19.33 -35.68 7.6
3 16 -20.04 -35.55 7.6 -19.33 -35.72 -1.36 -20.04 -35.59 -1.36
3 16 -19.33 -35.68 7.6 -20.92 -37.97 7.61 -19.33 -38.25 7.61
3 16 -20.92 -37.97 7.61 -19.33 -35.68 7.6 -20.04 -35.55 7.6
3 16 -20.92 -37.97 7.61 -22.31 -37.2 -1.35 -20.92 -38.01 -1.35
3 16 -22.31 -37.2 -1.35 -20.92 -37.97 7.61 -22.31 -37.16 7.61
3 16 -20.92 -38.01 -1.35 -20.66 -35.23 -1.36 -20.04 -35.59 -1.36
3 16 -20.66 -35.23 -1.36 -20.92 -38.01 -1.35 -22.31 -37.2 -1.35
3 16 -20.04 -35.59 -1.36 -20.66 -35.19 7.6 -20.04 -35.55 7.6
3 16 -20.66 -35.19 7.6 -20.04 -35.59 -1.36 -20.66 -35.23 -1.36
3 16 -20.04 -35.55 7.6 -22.31 -37.16 7.61 -20.92 -37.97 7.61
3 16 -22.31 -37.16 7.61 -20.04 -35.55 7.6 -20.66 -35.19 7.6
3 16 -22.31 -37.16 7.61 -23.35 -35.96 -1.36 -22.31 -37.2 -1.35
3 16 -23.35 -35.96 -1.36 -22.31 -37.16 7.61 -23.35 -35.92 7.6
3 16 -22.31 -37.2 -1.35 -21.13 -34.68 -1.36 -20.66 -35.23 -1.36
3 16 -21.13 -34.68 -1.36 -22.31 -37.2 -1.35 -23.35 -35.96 -1.36
3 16 -20.66 -35.23 -1.36 -21.13 -34.64 7.6 -20.66 -35.19 7.6
3 16 -21.13 -34.64 7.6 -20.66 -35.23 -1.36 -21.13 -34.68 -1.36
3 16 -20.66 -35.19 7.6 -23.35 -35.92 7.6 -22.31 -37.16 7.61
3 16 -23.35 -35.92 7.6 -20.66 -35.19 7.6 -21.13 -34.64 7.6
3 16 -23.35 -35.92 7.6 -23.9 -34.45 -1.37 -23.35 -35.96 -1.36
3 16 -23.9 -34.45 -1.37 -23.35 -35.92 7.6 -23.9 -34.41 7.59
3 16 -23.35 -35.96 -1.36 -21.37 -34 -1.37 -21.13 -34.68 -1.36
3 16 -21.37 -34 -1.37 -23.35 -35.96 -1.36 -23.9 -34.45 -1.37
3 16 -21.13 -34.68 -1.36 -21.37 -33.96 7.59 -21.13 -34.64 7.6
3 16 -21.37 -33.96 7.59 -21.13 -34.68 -1.36 -21.37 -34 -1.37
3 16 -21.13 -34.64 7.6 -23.9 -34.41 7.59 -23.35 -35.92 7.6
3 16 -23.9 -34.41 7.59 -21.13 -34.64 7.6 -21.37 -33.96 7.59
3 16 -23.9 -34.41 7.59 -23.9 -32.83 -1.37 -23.9 -34.45 -1.37
3 16 -23.9 -32.83 -1.37 -23.9 -34.41 7.59 -23.9 -32.79 7.59
3 16 -23.9 -34.45 -1.37 -21.37 -33.28 -1.37 -21.37 -34 -1.37
3 16 -21.37 -33.28 -1.37 -23.9 -34.45 -1.37 -23.9 -32.83 -1.37
3 16 -21.37 -34 -1.37 -21.37 -33.24 7.59 -21.37 -33.96 7.59
3 16 -21.37 -33.24 7.59 -21.37 -34 -1.37 -21.37 -33.28 -1.37
3 16 -21.37 -33.96 7.59 -23.9 -32.79 7.59 -23.9 -34.41 7.59
3 16 -23.9 -32.79 7.59 -21.37 -33.96 7.59 -21.37 -33.24 7.59
3 16 -23.9 -32.79 7.59 -23.35 -31.32 -1.38 -23.9 -32.83 -1.37
3 16 -23.35 -31.32 -1.38 -23.9 -32.79 7.59 -23.35 -31.27 7.58
3 16 -23.9 -32.83 -1.37 -21.13 -32.6 -1.37 -21.37 -33.28 -1.37
3 16 -21.13 -32.6 -1.37 -23.9 -32.83 -1.37 -23.35 -31.32 -1.38
3 16 -21.37 -33.28 -1.37 -21.13 -32.56 7.59 -21.37 -33.24 7.59
3 16 -21.13 -32.56 7.59 -21.37 -33.28 -1.37 -21.13 -32.6 -1.37
3 16 -21.37 -33.24 7.59 -23.35 -31.27 7.58 -23.9 -32.79 7.59
3 16 -23.35 -31.27 7.58 -21.37 -33.24 7.59 -21.13 -32.56 7.59
3 16 -23.35 -31.27 7.58 -22.31 -30.08 -1.39 -23.35 -31.32 -1.38
3 16 -22.31 -30.08 -1.39 -23.35 -31.27 7.58 -22.31 -30.04 7.57
3 16 -23.35 -31.32 -1.38 -20.66 -32.05 -1.38 -21.13 -32.6 -1.37
3 16 -20.66 -32.05 -1.38 -23.35 -31.32 -1.38 -22.31 -30.08 -1.39
3 16 -21.13 -32.6 -1.37 -20.66 -32.01 7.58 -21.13 -32.56 7.59
3 16 -20.66 -32.01 7.58 -21.13 -32.6 -1.37 -20.66 -32.05 -1.38
3 16 -21.13 -32.56 7.59 -22.31 -30.04 7.57 -23.35 -31.27 7.58
3 16 -22.31 -30.04 7.57 -21.13 -32.56 7.59 -20.66 -32.01 7.58
3 16 -22.31 -30.04 7.57 -20.92 -29.27 -1.39 -22.31 -30.08 -1.39
3 16 -20.92 -29.27 -1.39 -22.31 -30.04 7.57 -20.92 -29.23 7.57
3 16 -22.31 -30.08 -1.39 -20.04 -31.69 -1.38 -20.66 -32.05 -1.38
3 16 -20.04 -31.69 -1.38 -22.31 -30.08 -1.39 -20.92 -29.27 -1.39
3 16 -20.66 -32.05 -1.38 -20.04 -31.64 7.58 -20.66 -32.01 7.58
3 16 -20.04 -31.64 7.58 -20.66 -32.05 -1.38 -20.04 -31.69 -1.38
3 16 -20.66 -32.01 7.58 -20.92 -29.23 7.57 -22.31 -30.04 7.57
3 16 -20.92 -29.23 7.57 -20.66 -32.01 7.58 -20.04 -31.64 7.58
3 16 -20.92 -29.23 7.57 -18.08 -29.19 -1.39 -20.92 -29.27 -1.39
3 16 -18.08 -29.19 -1.39 -20.92 -29.23 7.57 -18.08 -29.15 7.57
3 16 -20.92 -29.27 -1.39 -17.41 -31.67 -1.38 -20.04 -31.69 -1.38
3 16 -17.41 -31.67 -1.38 -20.92 -29.27 -1.39 -18.08 -29.19 -1.39
3 16 -20.04 -31.69 -1.38 -17.41 -31.63 7.58 -20.04 -31.64 7.58
3 16 -17.41 -31.63 7.58 -20.04 -31.69 -1.38 -17.41 -31.67 -1.38
3 16 -20.04 -31.64 7.58 -18.08 -29.15 7.57 -20.92 -29.23 7.57
3 16 -18.08 -29.15 7.57 -20.04 -31.64 7.58 -17.41 -31.63 7.58
3 16 -18.08 -29.19 -1.39 -16.65 -29.06 -1.29 -16.89 -29.08 -1.39
3 16 -18.08 -29.19 -1.39 -16.47 -29.05 -1.12 -16.65 -29.06 -1.29
3 16 -18.08 -29.15 7.57 -16.47 -29.05 -1.12 -18.08 -29.19 -1.39
3 16 -16.47 -29.01 7.29 -16.89 -29.04 7.57 -16.65 -29.02 7.47
3 16 -16.47 -29.05 -1.12 -16.89 -29.04 7.57 -16.47 -29.01 7.29
3 16 -18.08 -29.15 7.57 -16.89 -29.04 7.57 -16.47 -29.05 -1.12
3 16 -18.08 -29.19 -1.39 -17.11 -31.64 -1.38 -17.41 -31.67 -1.38
3 16 -17.11 -31.64 -1.38 -18.08 -29.19 -1.39 -16.89 -29.08 -1.39
3 16 -17.41 -31.63 7.58 -16.87 -31.58 7.48 -17.11 -31.6 7.58
3 16 -17.41 -31.63 7.58 -16.69 -31.57 7.31 -16.87 -31.58 7.48
3 16 -17.41 -31.67 -1.38 -16.69 -31.57 7.31 -17.41 -31.63 7.58
3 16 -16.69 -31.61 -1.1 -17.11 -31.64 -1.38 -16.87 -31.62 -1.28
3 16 -16.69 -31.57 7.31 -17.11 -31.64 -1.38 -16.69 -31.61 -1.1
3 16 -17.41 -31.67 -1.38 -17.11 -31.64 -1.38 -16.69 -31.57 7.31
3 16 -17.41 -31.63 7.58 -16.89 -29.04 7.57 -18.08 -29.15 7.57
3 16 -16.89 -29.04 7.57 -17.41 -31.63 7.58 -17.11 -31.6 7.58
3 16 -16.88 -37.85 -1.35 -18.45 -35.73 -1.36 -18.17 -35.62 -1.36
3 16 -18.45 -35.73 -1.36 -16.88 -37.85 -1.35 -18 -38.26 -1.35
3 16 -17.77 -35.44 7.33 -18.17 -35.58 7.6 -17.94 -35.5 7.5
3 16 -17.77 -35.48 -1.09 -18.17 -35.58 7.6 -17.77 -35.44 7.33
3 16 -17.77 -35.48 -1.09 -18.45 -35.69 7.6 -18.17 -35.58 7.6
3 16 -17.77 -35.48 -1.09 -18.45 -35.73 -1.36 -18.45 -35.69 7.6
3 16 -17.94 -35.54 -1.26 -18.45 -35.73 -1.36 -17.77 -35.48 -1.09
3 16 -18.17 -35.62 -1.36 -18.45 -35.73 -1.36 -17.94 -35.54 -1.26
3 16 -18.17 -35.58 7.6 -18 -38.22 7.61 -16.88 -37.81 7.61
3 16 -18 -38.22 7.61 -18.17 -35.58 7.6 -18.45 -35.69 7.6
3 16 -18 -38.22 7.61 -18.27 -38.24 4.55 -18 -38.23 4.39
3 16 -18 -38.22 7.61 -18.65 -38.24 4.68 -18.27 -38.24 4.55
3 16 -18 -38.22 7.61 -19.04 -38.25 4.7 -18.65 -38.24 4.68
3 16 -19.04 -38.25 4.7 -19.33 -38.25 7.61 -19.33 -38.26 4.65
3 16 -18 -38.22 7.61 -19.33 -38.25 7.61 -19.04 -38.25 4.7
3 16 -18 -38.26 -1.35 -19.33 -35.72 -1.36 -18.45 -35.73 -1.36
3 16 -19.33 -35.72 -1.36 -18 -38.26 -1.35 -19.33 -38.29 -1.35
3 16 -18.45 -35.73 -1.36 -19.33 -35.68 7.6 -18.45 -35.69 7.6
3 16 -19.33 -35.68 7.6 -18.45 -35.73 -1.36 -19.33 -35.72 -1.36
3 16 -18.45 -35.69 7.6 -19.33 -38.25 7.61 -18 -38.22 7.61
3 16 -19.33 -38.25 7.61 -18.45 -35.69 7.6 -19.33 -35.68 7.6
3 16 -16.55 -36.48 -0.26 -16.74 -36.11 6.51 -16.55 -36.45 6.51
3 16 -16.74 -36.11 6.51 -16.55 -36.48 -0.26 -16.74 -36.14 -0.27
3 16 -16.01 -30.15 6.48 -16.04 -30.56 -0.29 -16.01 -30.18 -0.29
3 16 -16.04 -30.56 -0.29 -16.01 -30.15 6.48 -16.04 -30.53 6.48
3 16 -16.5 -37.4 -1.08 -16.49 -37.71 -1.08 -16.49 -37.57 -1.09
3 16 -16.49 -37.67 7.34 -16.5 -37.36 7.34 -16.49 -37.53 7.35
3 16 -16.49 -37.71 -1.08 -16.5 -37.36 7.34 -16.49 -37.67 7.34
3 16 -16.5 -37.4 -1.08 -16.5 -37.36 7.34 -16.49 -37.71 -1.08
3 16 -17.52 -35.61 7.33 -17.77 -35.44 7.33 -17.66 -35.51 7.34
3 16 -17.77 -35.48 -1.09 -17.52 -35.65 -1.09 -17.66 -35.55 -1.1
3 16 -17.77 -35.44 7.33 -17.52 -35.65 -1.09 -17.77 -35.48 -1.09
3 16 -17.52 -35.61 7.33 -17.52 -35.65 -1.09 -17.77 -35.44 7.33
3 16 -16.5 -37.4 -1.08 -16.52 -37.05 7.06 -16.5 -37.36 7.34
3 16 -16.52 -37.05 7.06 -16.5 -37.4 -1.08 -16.52 -37.09 -0.81
3 16 -16.5 -37.36 7.34 -17.26 -35.77 7.06 -17.52 -35.61 7.33
3 16 -17.26 -35.77 7.06 -16.5 -37.36 7.34 -16.52 -37.05 7.06
3 16 -17.52 -35.61 7.33 -17.26 -35.81 -0.81 -17.52 -35.65 -1.09
3 16 -17.26 -35.81 -0.81 -17.52 -35.61 7.33 -17.26 -35.77 7.06
3 16 -17.52 -35.65 -1.09 -16.52 -37.09 -0.81 -16.5 -37.4 -1.08
3 16 -16.52 -37.09 -0.81 -17.52 -35.65 -1.09 -17.26 -35.81 -0.81
3 16 -16.52 -37.09 -0.81 -16.53 -36.75 6.79 -16.52 -37.05 7.06
3 16 -16.53 -36.75 6.79 -16.52 -37.09 -0.81 -16.53 -36.78 -0.54
3 16 -16.52 -37.05 7.06 -17 -35.94 6.78 -17.26 -35.77 7.06
3 16 -17 -35.94 6.78 -16.52 -37.05 7.06 -16.53 -36.75 6.79
3 16 -17.26 -35.77 7.06 -17 -35.98 -0.54 -17.26 -35.81 -0.81
3 16 -17 -35.98 -0.54 -17.26 -35.77 7.06 -17 -35.94 6.78
3 16 -17.26 -35.81 -0.81 -16.53 -36.78 -0.54 -16.52 -37.09 -0.81
3 16 -16.53 -36.78 -0.54 -17.26 -35.81 -0.81 -17 -35.98 -0.54
3 16 -16.53 -36.78 -0.54 -16.55 -36.45 6.51 -16.53 -36.75 6.79
3 16 -16.55 -36.45 6.51 -16.53 -36.78 -0.54 -16.55 -36.48 -0.26
3 16 -16.53 -36.75 6.79 -16.74 -36.11 6.51 -17 -35.94 6.78
3 16 -16.74 -36.11 6.51 -16.53 -36.75 6.79 -16.55 -36.45 6.51
3 16 -17 -35.94 6.78 -16.74 -36.14 -0.27 -17 -35.98 -0.54
3 16 -16.74 -36.14 -0.27 -17 -35.94 6.78 -16.74 -36.11 6.51
3 16 -17 -35.98 -0.54 -16.55 -36.48 -0.26 -16.53 -36.78 -0.54
3 16 -16.55 -36.48 -0.26 -17 -35.98 -0.54 -16.74 -36.14 -0.27
3 16 -16.35 -29.29 7.3 -16.47 -29.01 7.29 -16.42 -29.13 7.31
3 16 -16.47 -29.05 -1.12 -16.35 -29.33 -1.12 -16.42 -29.17 -1.13
3 16 -16.47 -29.01 7.29 -16.35 -29.33 -1.12 -16.47 -29.05 -1.12
3 16 -16.35 -29.29 7.3 -16.35 -29.33 -1.12 -16.47 -29.01 7.29
3 16 -16.53 -31.35 -1.11 -16.69 -31.61 -1.1 -16.62 -31.49 -1.12
3 16 -16.69 -31.57 7.31 -16.53 -31.31 7.31 -16.62 -31.45 7.32
3 16 -16.69 -31.61 -1.1 -16.53 -31.31 7.31 -16.69 -31.57 7.31
3 16 -16.53 -31.35 -1.11 -16.53 -31.31 7.31 -16.69 -31.61 -1.1
3 16 -16.35 -29.29 7.3 -16.24 -29.61 -0.84 -16.35 -29.33 -1.12
3 16 -16.24 -29.61 -0.84 -16.35 -29.29 7.3 -16.24 -29.58 7.03
3 16 -16.35 -29.33 -1.12 -16.37 -31.09 -0.84 -16.53 -31.35 -1.11
3 16 -16.37 -31.09 -0.84 -16.35 -29.33 -1.12 -16.24 -29.61 -0.84
3 16 -16.53 -31.35 -1.11 -16.37 -31.05 7.03 -16.53 -31.31 7.31
3 16 -16.37 -31.05 7.03 -16.53 -31.35 -1.11 -16.37 -31.09 -0.84
3 16 -16.53 -31.31 7.31 -16.24 -29.58 7.03 -16.35 -29.29 7.3
3 16 -16.24 -29.58 7.03 -16.53 -31.31 7.31 -16.37 -31.05 7.03
3 16 -16.24 -29.58 7.03 -16.12 -29.9 -0.57 -16.24 -29.61 -0.84
3 16 -16.12 -29.9 -0.57 -16.24 -29.58 7.03 -16.12 -29.86 6.75
3 16 -16.24 -29.61 -0.84 -16.21 -30.82 -0.56 -16.37 -31.09 -0.84
3 16 -16.21 -30.82 -0.56 -16.24 -29.61 -0.84 -16.12 -29.9 -0.57
3 16 -16.37 -31.09 -0.84 -16.21 -30.79 6.76 -16.37 -31.05 7.03
3 16 -16.21 -30.79 6.76 -16.37 -31.09 -0.84 -16.21 -30.82 -0.56
3 16 -16.37 -31.05 7.03 -16.12 -29.86 6.75 -16.24 -29.58 7.03
3 16 -16.12 -29.86 6.75 -16.37 -31.05 7.03 -16.21 -30.79 6.76
3 16 -16.12 -29.86 6.75 -16.01 -30.18 -0.29 -16.12 -29.9 -0.57
3 16 -16.01 -30.18 -0.29 -16.12 -29.86 6.75 -16.01 -30.15 6.48
3 16 -16.12 -29.9 -0.57 -16.04 -30.56 -0.29 -16.21 -30.82 -0.56
3 16 -16.04 -30.56 -0.29 -16.12 -29.9 -0.57 -16.01 -30.18 -0.29
3 16 -16.21 -30.82 -0.56 -16.04 -30.53 6.48 -16.21 -30.79 6.76
3 16 -16.04 -30.53 6.48 -16.21 -30.82 -0.56 -16.04 -30.56 -0.29
3 16 -16.21 -30.79 6.76 -16.01 -30.15 6.48 -16.12 -29.86 6.75
3 16 -16.01 -30.15 6.48 -16.21 -30.79 6.76 -16.04 -30.53 6.48
3 16 -16.47 -29.01 7.29 -16.48 -29.19 7.4 -16.42 -29.13 7.31
3 16 -16.65 -29.02 7.47 -16.48 -29.19 7.4 -16.47 -29.01 7.29
3 16 -16.64 -29.1 7.5 -16.48 -29.19 7.4 -16.65 -29.02 7.47
3 16 -16.64 -29.14 -1.32 -16.42 -29.17 -1.13 -16.48 -29.23 -1.22
3 16 -16.64 -29.14 -1.32 -16.47 -29.05 -1.12 -16.42 -29.17 -1.13
3 16 -16.65 -29.06 -1.29 -16.47 -29.05 -1.12 -16.64 -29.14 -1.32
3 16 -16.69 -31.61 -1.1 -16.67 -31.45 -1.21 -16.62 -31.49 -1.12
3 16 -16.87 -31.62 -1.28 -16.67 -31.45 -1.21 -16.69 -31.61 -1.1
3 16 -16.85 -31.56 -1.31 -16.67 -31.45 -1.21 -16.87 -31.62 -1.28
3 16 -16.85 -31.51 7.51 -16.62 -31.45 7.32 -16.67 -31.41 7.41
3 16 -16.85 -31.51 7.51 -16.69 -31.57 7.31 -16.62 -31.45 7.32
3 16 -16.87 -31.58 7.48 -16.69 -31.57 7.31 -16.85 -31.51 7.51
3 16 -16.49 -37.67 7.34 -16.68 -37.65 7.54 -16.66 -37.73 7.51
3 16 -16.68 -37.65 7.54 -16.49 -37.53 7.35 -16.57 -37.5 7.44
3 16 -16.49 -37.67 7.34 -16.49 -37.53 7.35 -16.68 -37.65 7.54
3 16 -16.49 -37.71 -1.08 -16.57 -37.54 -1.18 -16.49 -37.57 -1.09
3 16 -16.57 -37.54 -1.18 -16.66 -37.77 -1.25 -16.68 -37.69 -1.28
3 16 -16.49 -37.71 -1.08 -16.66 -37.77 -1.25 -16.57 -37.54 -1.18
3 16 -17.77 -35.48 -1.09 -17.89 -35.59 -1.29 -17.94 -35.54 -1.26
3 16 -17.66 -35.55 -1.1 -17.89 -35.59 -1.29 -17.77 -35.48 -1.09
3 16 -17.69 -35.61 -1.19 -17.89 -35.59 -1.29 -17.66 -35.55 -1.1
3 16 -17.77 -35.44 7.33 -17.69 -35.57 7.43 -17.66 -35.51 7.34
3 16 -17.94 -35.5 7.5 -17.69 -35.57 7.43 -17.77 -35.44 7.33
3 16 -17.89 -35.55 7.53 -17.69 -35.57 7.43 -17.94 -35.5 7.5
3 16 -16.48 -29.23 -1.22 -16.85 -31.56 -1.31 -16.64 -29.14 -1.32
3 16 -16.85 -31.56 -1.31 -16.48 -29.23 -1.22 -16.67 -31.45 -1.21
3 16 -16.67 -31.41 7.41 -16.64 -29.1 7.5 -16.85 -31.51 7.51
3 16 -16.64 -29.1 7.5 -16.67 -31.41 7.41 -16.48 -29.19 7.4
3 16 -17.69 -35.61 -1.19 -16.68 -37.69 -1.28 -17.89 -35.59 -1.29
3 16 -16.68 -37.69 -1.28 -17.69 -35.61 -1.19 -16.57 -37.54 -1.18
3 16 -16.57 -37.5 7.44 -17.89 -35.55 7.53 -16.68 -37.65 7.54
3 16 -17.89 -35.55 7.53 -16.57 -37.5 7.44 -17.69 -35.57 7.43
3 16 -16.89 -29.04 7.57 -16.64 -29.1 7.5 -16.65 -29.02 7.47
3 16 -16.89 -29.08 -1.39 -16.65 -29.06 -1.29 -16.64 -29.14 -1.32
3 16 -17.11 -31.64 -1.38 -16.85 -31.56 -1.31 -16.87 -31.62 -1.28
3 16 -17.11 -31.6 7.58 -16.87 -31.58 7.48 -16.85 -31.51 7.51
3 16 -17.52 -35.65 -1.09 -17.69 -35.61 -1.19 -17.66 -35.55 -1.1
3 16 -18.17 -35.58 7.6 -17.89 -35.55 7.53 -17.94 -35.5 7.5
3 16 -16.48 -29.19 7.4 -16.35 -29.29 7.3 -16.42 -29.13 7.31
3 16 -16.48 -29.23 -1.22 -16.42 -29.17 -1.13 -16.35 -29.33 -1.12
3 16 -16.67 -31.45 -1.21 -16.53 -31.35 -1.11 -16.62 -31.49 -1.12
3 16 -16.67 -31.41 7.41 -16.62 -31.45 7.32 -16.53 -31.31 7.31
3 16 -16.66 -37.73 7.51 -16.68 -37.65 7.54 -16.88 -37.81 7.61
3 16 -16.49 -37.53 7.35 -16.5 -37.36 7.34 -16.57 -37.5 7.44
3 16 -16.49 -37.57 -1.09 -16.57 -37.54 -1.18 -16.5 -37.4 -1.08
3 16 -16.66 -37.77 -1.25 -16.88 -37.85 -1.35 -16.68 -37.69 -1.28
3 16 -17.89 -35.59 -1.29 -18.17 -35.62 -1.36 -17.94 -35.54 -1.26
3 16 -17.69 -35.57 7.43 -17.52 -35.61 7.33 -17.66 -35.51 7.34
3 16 -16.35 -29.33 -1.12 -16.67 -31.45 -1.21 -16.48 -29.23 -1.22
3 16 -16.67 -31.45 -1.21 -16.35 -29.33 -1.12 -16.53 -31.35 -1.11
3 16 -16.53 -31.31 7.31 -16.48 -29.19 7.4 -16.67 -31.41 7.41
3 16 -16.48 -29.19 7.4 -16.53 -31.31 7.31 -16.35 -29.29 7.3
3 16 -17.52 -35.65 -1.09 -16.57 -37.54 -1.18 -17.69 -35.61 -1.19
3 16 -16.57 -37.54 -1.18 -17.52 -35.65 -1.09 -16.5 -37.4 -1.08
3 16 -16.5 -37.36 7.34 -17.69 -35.57 7.43 -16.57 -37.5 7.44
3 16 -17.69 -35.57 7.43 -16.5 -37.36 7.34 -17.52 -35.61 7.33
3 16 -16.64 -29.14 -1.32 -17.11 -31.64 -1.38 -16.89 -29.08 -1.39
3 16 -17.11 -31.64 -1.38 -16.64 -29.14 -1.32 -16.85 -31.56 -1.31
3 16 -16.85 -31.51 7.51 -16.89 -29.04 7.57 -17.11 -31.6 7.58
3 16 -16.89 -29.04 7.57 -16.85 -31.51 7.51 -16.64 -29.1 7.5
3 16 -17.89 -35.59 -1.29 -16.88 -37.85 -1.35 -18.17 -35.62 -1.36
3 16 -16.88 -37.85 -1.35 -17.89 -35.59 -1.29 -16.68 -37.69 -1.28
3 16 -16.68 -37.65 7.54 -18.17 -35.58 7.6 -16.88 -37.81 7.61
3 16 -18.17 -35.58 7.6 -16.68 -37.65 7.54 -17.89 -35.55 7.53
3 16 -19.33 -38.25 7.61 -19.43 -38.24 4.63 -19.33 -38.26 4.65
3 16 -19.33 -38.25 7.61 -19.78 -38.18 4.46 -19.43 -38.24 4.63
3 16 -19.33 -38.25 7.61 -20.09 -38.13 4.21 -19.78 -38.18 4.46
3 16 -19.33 -38.25 7.61 -20.32 -38.09 3.89 -20.09 -38.13 4.21
3 16 -19.33 -38.25 7.61 -20.46 -38.07 3.52 -20.32 -38.09 3.89
3 16 -20.92 -37.97 7.61 -20.46 -38.07 3.52 -19.33 -38.25 7.61
3 16 -20.92 -37.97 7.61 -20.51 -38.06 3.13 -20.46 -38.07 3.52
3 16 -20.92 -38.01 -1.35 -20.51 -38.06 3.13 -20.92 -37.97 7.61
3 16 -20.92 -38.01 -1.35 -20.46 -38.07 2.74 -20.51 -38.06 3.13
3 16 -20.92 -38.01 -1.35 -20.32 -38.1 2.38 -20.46 -38.07 2.74
3 16 -20.92 -38.01 -1.35 -20.09 -38.14 2.06 -20.32 -38.1 2.38
3 16 -20.92 -38.01 -1.35 -19.78 -38.19 1.81 -20.09 -38.14 2.06
3 16 -19.33 -38.29 -1.35 -19.78 -38.19 1.81 -20.92 -38.01 -1.35
3 16 -19.33 -38.29 -1.35 -19.43 -38.26 1.64 -19.78 -38.19 1.81
3 16 -19.33 -38.27 1.62 -19.43 -38.26 1.64 -19.33 -38.29 -1.35
3 16 -19.33 -38.29 -1.35 -19.04 -38.27 1.56 -19.33 -38.27 1.62
3 16 -19.33 -38.29 -1.35 -18.65 -38.26 1.59 -19.04 -38.27 1.56
3 16 -18 -38.26 -1.35 -18.65 -38.26 1.59 -19.33 -38.29 -1.35
3 16 -18 -38.26 -1.35 -18.27 -38.25 1.71 -18.65 -38.26 1.59
3 16 -18 -38.24 1.88 -18.27 -38.25 1.71 -18 -38.26 -1.35
3 16 -17.94 -38.21 4.34 -18 -38.22 7.61 -18 -38.23 4.39
3 16 -18 -38.22 7.61 -16.66 -37.73 7.51 -16.88 -37.81 7.61
3 16 -17.94 -38.21 4.34 -16.66 -37.73 7.51 -18 -38.22 7.61
3 16 -17.94 -38.21 4.34 -16.49 -37.67 7.34 -16.66 -37.73 7.51
3 16 -17.67 -38.11 4.06 -16.49 -37.67 7.34 -17.94 -38.21 4.34
3 16 -17.48 -38.04 3.71 -16.49 -37.67 7.34 -17.67 -38.11 4.06
3 16 -17.38 -38.01 3.33 -16.49 -37.67 7.34 -17.48 -38.04 3.71
3 16 -17.38 -38.01 3.33 -16.49 -37.71 -1.08 -16.49 -37.67 7.34
3 16 -16.49 -37.71 -1.08 -16.88 -37.85 -1.35 -16.66 -37.77 -1.25
3 16 -16.49 -37.71 -1.08 -18 -38.26 -1.35 -16.88 -37.85 -1.35
3 16 -18 -38.26 -1.35 -17.94 -38.22 1.92 -18 -38.24 1.88
3 16 -18 -38.26 -1.35 -17.67 -38.12 2.21 -17.94 -38.22 1.92
3 16 -17.67 -38.12 2.21 -18 -38.26 -1.35 -17.48 -38.05 2.55
3 16 -18 -38.26 -1.35 -16.49 -37.71 -1.08 -17.48 -38.05 2.55
3 16 -16.49 -37.71 -1.08 -17.38 -38.01 2.93 -17.48 -38.05 2.55
3 16 -17.38 -38.01 3.33 -17.38 -38.01 2.93 -16.49 -37.71 -1.08
3 16 -20.09 -39.3 2.06 -19.78 -39.3 1.81 -18.95 -39.3 3.14
3 16 -18.65 -39.3 1.59 -18.27 -39.3 1.72 -18.95 -39.3 3.14
3 16 -18.95 -39.3 3.14 -18.27 -39.3 1.72 -17.94 -39.3 1.93
3 16 -19.43 -39.3 1.64 -18.95 -39.3 3.14 -19.78 -39.3 1.81
3 16 -18.95 -39.3 3.14 -17.94 -39.3 4.35 -18.27 -39.3 4.56
3 16 -20.46 -39.3 2.75 -18.95 -39.3 3.14 -20.51 -39.3 3.14
3 16 -20.32 -39.3 2.38 -20.09 -39.3 2.06 -18.95 -39.3 3.14
3 16 -20.32 -39.3 2.38 -18.95 -39.3 3.14 -20.46 -39.3 2.75
3 16 -17.67 -39.3 4.06 -17.94 -39.3 4.35 -18.95 -39.3 3.14
3 16 -17.67 -39.3 4.06 -18.95 -39.3 3.14 -17.48 -39.3 3.72
3 16 -18.95 -39.3 3.14 -19.43 -39.3 1.64 -19.04 -39.3 1.57
3 16 -18.95 -39.3 3.14 -19.04 -39.3 1.57 -18.65 -39.3 1.59
3 16 -18.95 -39.3 3.14 -18.27 -39.3 4.56 -18.65 -39.3 4.68
3 16 -18.95 -39.3 3.14 -17.48 -39.3 2.56 -17.38 -39.3 2.94
3 16 -20.46 -39.3 3.53 -20.51 -39.3 3.14 -18.95 -39.3 3.14
3 16 -17.38 -39.3 3.33 -17.48 -39.3 3.72 -18.95 -39.3 3.14
3 16 -17.38 -39.3 3.33 -18.95 -39.3 3.14 -17.38 -39.3 2.94
3 16 -19.04 -39.3 4.71 -18.95 -39.3 3.14 -18.65 -39.3 4.68
3 16 -17.67 -39.3 2.21 -17.48 -39.3 2.56 -18.95 -39.3 3.14
3 16 -17.67 -39.3 2.21 -18.95 -39.3 3.14 -17.94 -39.3 1.93
3 16 -19.43 -39.3 4.63 -19.78 -39.3 4.46 -18.95 -39.3 3.14
3 16 -19.43 -39.3 4.63 -18.95 -39.3 3.14 -19.04 -39.3 4.71
3 16 -18.95 -39.3 3.14 -20.32 -39.3 3.89 -20.46 -39.3 3.53
3 16 -20.09 -39.3 4.21 -20.32 -39.3 3.89 -18.95 -39.3 3.14
3 16 -20.09 -39.3 4.21 -18.95 -39.3 3.14 -19.78 -39.3 4.46
5 24 -17 -35.94 6.78 -16.74 -36.11 6.51 -16.53 -36.75 6.79 -16.74 -36.14 -0.27
5 24 -16.89 -29.08 -1.39 -16.65 -29.06 -1.29 -18.08 -29.19 -1.39 -16.64 -29.14 -1.32
5 24 -20.04 -35.59 -1.36 -19.33 -35.72 -1.36 -19.33 -38.29 -1.35 -20.04 -35.55 7.6
5 24 -20.51 -38.06 3.13 -20.46 -38.07 2.74 -20.51 -39.3 3.14 -20.92 -38.01 -1.35
5 24 -17.94 -35.54 -1.26 -17.89 -35.59 -1.29 -17.77 -35.48 -1.09 -18.17 -35.62 -1.36
5 24 -20.92 -29.27 -1.39 -18.08 -29.19 -1.39 -20.92 -29.23 7.57 -17.41 -31.67 -1.38
5 24 -17.94 -38.22 1.92 -17.67 -38.12 2.21 -17.67 -39.3 2.21 -18 -38.26 -1.35
5 24 -16.85 -31.56 -1.31 -16.64 -29.14 -1.32 -16.48 -29.23 -1.22 -17.11 -31.64 -1.38
5 24 -16.88 -37.81 7.61 -16.66 -37.73 7.51 -16.68 -37.65 7.54 -18 -38.22 7.61
5 24 -16.21 -30.82 -0.56 -16.04 -30.53 6.48 -16.21 -30.79 6.76 -16.04 -30.56 -0.29
5 24 -17.69 -35.57 7.43 -17.66 -35.51 7.34 -17.77 -35.44 7.33 -17.52 -35.61 7.33
5 24 -16.88 -37.85 -1.35 -16.66 -37.77 -1.25 -16.68 -37.69 -1.28 -16.49 -37.71 -1.08
5 24 -18.27 -39.3 4.56 -17.94 -39.3 4.35 -18 -38.23 4.39 -18.95 -39.3 3.14
5 24 -16.21 -30.79 6.76 -16.04 -30.53 6.48 -16.21 -30.82 -0.56 -16.01 -30.15 6.48
5 24 -21.13 -32.56 7.59 -20.66 -32.01 7.58 -21.13 -32.6 -1.37 -22.31 -30.04 7.57
5 24 -17.94 -39.3 1.93 -17.67 -39.3 2.21 -17.94 -38.22 1.92 -18.95 -39.3 3.14
5 24 -17.89 -35.59 -1.29 -16.68 -37.69 -1.28 -17.69 -35.61 -1.19 -16.88 -37.85 -1.35
5 24 -20.66 -35.23 -1.36 -20.04 -35.59 -1.36 -20.92 -38.01 -1.35 -20.66 -35.19 7.6
5 24 -22.31 -30.04 7.57 -22.31 -30.08 -1.39 -23.35 -31.27 7.58 -20.92 -29.27 -1.39
5 24 -16.04 -30.56 -0.29 -16.01 -30.18 -0.29 -16.01 -30.15 6.48 -16.12 -29.9 -0.57
5 24 -16.66 -37.73 7.51 -16.49 -37.67 7.34 -16.68 -37.65 7.54 -17.94 -38.21 4.34
5 24 -17.89 -35.55 7.53 -16.57 -37.5 7.44 -16.68 -37.65 7.54 -17.69 -35.57 7.43
5 24 -17.94 -38.21 4.34 -17.67 -38.11 4.06 -17.67 -39.3 4.06 -16.49 -37.67 7.34
5 24 -23.35 -35.92 7.6 -20.66 -35.19 7.6 -22.31 -37.16 7.61 -21.13 -34.64 7.6
5 24 -21.37 -33.96 7.59 -21.37 -33.24 7.59 -21.37 -34 -1.37 -23.9 -32.79 7.59
5 24 -18 -38.22 7.61 -17.94 -38.21 4.34 -18 -38.23 4.39 -16.66 -37.73 7.51
5 24 -16.24 -29.58 7.03 -16.24 -29.61 -0.84 -16.35 -29.29 7.3 -16.12 -29.9 -0.57
5 24 -22.31 -30.08 -1.39 -20.66 -32.05 -1.38 -23.35 -31.32 -1.38 -20.04 -31.69 -1.38
5 24 -16.35 -29.29 7.3 -16.24 -29.61 -0.84 -16.35 -29.33 -1.12 -16.24 -29.58 7.03
5 24 -20.51 -38.06 3.13 -20.46 -38.07 3.52 -20.51 -39.3 3.14 -20.92 -37.97 7.61
5 24 -16.87 -31.62 -1.28 -16.85 -31.56 -1.31 -16.67 -31.45 -1.21 -17.11 -31.64 -1.38
5 24 -17.11 -31.64 -1.38 -16.87 -31.62 -1.28 -16.69 -31.61 -1.1 -16.85 -31.56 -1.31
5 24 -16.89 -29.08 -1.39 -16.64 -29.14 -1.32 -16.65 -29.06 -1.29 -17.11 -31.64 -1.38
5 24 -20.32 -38.09 3.89 -19.33 -38.25 7.61 -20.09 -38.13 4.21 -20.46 -38.07 3.52
5 24 -16.68 -37.69 -1.28 -16.66 -37.77 -1.25 -16.57 -37.54 -1.18 -16.88 -37.85 -1.35
5 24 -20.92 -37.97 7.61 -20.46 -38.07 3.52 -19.33 -38.25 7.61 -20.51 -38.06 3.13
5 24 -16.62 -31.49 -1.12 -16.53 -31.35 -1.11 -16.69 -31.61 -1.1 -16.67 -31.45 -1.21
5 24 -18 -38.22 7.61 -18 -38.23 4.39 -18.27 -38.24 4.55 -17.94 -38.21 4.34
5 24 -16.69 -31.61 -1.1 -16.62 -31.49 -1.12 -16.53 -31.35 -1.11 -16.67 -31.45 -1.21
5 24 -18 -38.26 -1.35 -16.49 -37.71 -1.08 -16.88 -37.85 -1.35 -17.48 -38.05 2.55
5 24 -16.53 -31.35 -1.11 -16.35 -29.33 -1.12 -16.37 -31.09 -0.84 -16.67 -31.45 -1.21
5 24 -23.9 -34.41 7.59 -23.9 -34.45 -1.37 -23.35 -35.92 7.6 -23.9 -32.83 -1.37
5 24 -17.48 -38.05 2.55 -17.48 -39.3 2.56 -17.38 -39.3 2.94 -17.67 -38.12 2.21
5 24 -16.55 -36.48 -0.26 -16.53 -36.78 -0.54 -16.55 -36.45 6.51 -17 -35.98 -0.54
5 24 -23.35 -35.96 -1.36 -21.13 -34.68 -1.36 -22.31 -37.2 -1.35 -21.37 -34 -1.37
5 24 -22.31 -30.04 7.57 -21.13 -32.56 7.59 -23.35 -31.27 7.58 -20.66 -32.01 7.58
5 24 -17.26 -35.77 7.06 -16.5 -37.36 7.34 -17.52 -35.61 7.33 -16.52 -37.05 7.06
5 24 -23.9 -34.41 7.59 -23.9 -32.79 7.59 -23.9 -32.83 -1.37 -21.37 -33.96 7.59
5 24 -17.66 -35.55 -1.1 -17.52 -35.65 -1.09 -17.77 -35.48 -1.09 -17.69 -35.61 -1.19
5 24 -21.37 -33.96 7.59 -21.13 -34.64 7.6 -21.13 -34.68 -1.36 -23.9 -34.41 7.59
5 24 -21.37 -33.28 -1.37 -21.13 -32.6 -1.37 -23.9 -32.83 -1.37 -21.13 -32.56 7.59
5 24 -20.04 -35.55 7.6 -20.04 -35.59 -1.36 -19.33 -35.72 -1.36 -20.66 -35.19 7.6
5 24 -16.53 -36.75 6.79 -16.53 -36.78 -0.54 -16.52 -37.09 -0.81 -16.55 -36.45 6.51
5 24 -16.37 -31.05 7.03 -16.12 -29.86 6.75 -16.24 -29.58 7.03 -16.21 -30.79 6.76
5 24 -16.48 -29.19 7.4 -16.47 -29.01 7.29 -16.42 -29.13 7.31 -16.65 -29.02 7.47
5 24 -19.43 -39.3 1.64 -19.04 -39.3 1.57 -19.33 -38.27 1.62 -18.95 -39.3 3.14
5 24 -20.92 -37.97 7.61 -20.92 -38.01 -1.35 -22.31 -37.2 -1.35 -20.51 -38.06 3.13
5 24 -17.67 -38.11 4.06 -17.48 -39.3 3.72 -17.67 -39.3 4.06 -17.48 -38.04 3.71
5 24 -16.47 -29.01 7.29 -16.35 -29.29 7.3 -16.42 -29.13 7.31 -16.35 -29.33 -1.12
5 24 -18.45 -35.69 7.6 -18.45 -35.73 -1.36 -17.77 -35.48 -1.09 -19.33 -35.68 7.6
5 24 -16.12 -29.9 -0.57 -16.12 -29.86 6.75 -16.24 -29.58 7.03 -16.01 -30.18 -0.29
5 24 -19.04 -39.3 1.57 -18.65 -38.26 1.59 -19.04 -38.27 1.56 -18.65 -39.3 1.59
5 24 -20.09 -39.3 4.21 -19.78 -39.3 4.46 -19.78 -38.18 4.46 -18.95 -39.3 3.14
5 24 -21.37 -33.24 7.59 -21.37 -33.28 -1.37 -21.37 -34 -1.37 -21.13 -32.56 7.59
5 24 -17.26 -35.77 7.06 -17.26 -35.81 -0.81 -17.52 -35.61 7.33 -17 -35.98 -0.54
5 24 -18.17 -35.62 -1.36 -16.88 -37.85 -1.35 -18.45 -35.73 -1.36 -17.89 -35.59 -1.29
5 24 -16.67 -31.41 7.41 -16.53 -31.31 7.31 -16.62 -31.45 7.32 -16.48 -29.19 7.4
5 24 -18.08 -29.19 -1.39 -16.89 -29.08 -1.39 -16.65 -29.06 -1.29 -17.11 -31.64 -1.38
5 24 -16.12 -29.9 -0.57 -16.01 -30.18 -0.29 -16.12 -29.86 6.75 -16.04 -30.56 -0.29
5 24 -18.65 -38.24 4.68 -18.27 -38.24 4.55 -18.27 -39.3 4.56 -18 -38.22 7.61
5 24 -23.9 -32.79 7.59 -23.35 -31.27 7.58 -23.35 -31.32 -1.38 -21.37 -33.24 7.59
5 24 -16.35 -29.33 -1.12 -16.24 -29.61 -0.84 -16.35 -29.29 7.3 -16.37 -31.09 -0.84
5 24 -17.26 -35.81 -0.81 -17 -35.98 -0.54 -17.26 -35.77 7.06 -16.53 -36.78 -0.54
5 24 -16.37 -31.05 7.03 -16.21 -30.79 6.76 -16.37 -31.09 -0.84 -16.12 -29.86 6.75
5 24 -20.32 -39.3 2.38 -20.09 -39.3 2.06 -20.09 -38.14 2.06 -18.95 -39.3 3.14
5 24 -23.35 -31.27 7.58 -22.31 -30.08 -1.39 -23.35 -31.32 -1.38 -22.31 -30.04 7.57
5 24 -16.65 -29.06 -1.29 -16.64 -29.14 -1.32 -16.47 -29.05 -1.12 -16.89 -29.08 -1.39
5 24 -17.52 -35.65 -1.09 -17.26 -35.81 -0.81 -17.52 -35.61 7.33 -16.52 -37.09 -0.81
5 24 -16.67 -31.45 -1.21 -16.35 -29.33 -1.12 -16.48 -29.23 -1.22 -16.53 -31.35 -1.11
5 24 -16.37 -31.05 7.03 -16.37 -31.09 -0.84 -16.53 -31.35 -1.11 -16.21 -30.79 6.76
5 24 -19.33 -38.29 -1.35 -18.65 -38.26 1.59 -19.04 -38.27 1.56 -18 -38.26 -1.35
5 24 -20.46 -39.3 3.53 -20.46 -38.07 3.52 -20.51 -39.3 3.14 -20.32 -38.09 3.89
5 24 -16.57 -37.54 -1.18 -16.5 -37.4 -1.08 -16.49 -37.57 -1.09 -17.52 -35.65 -1.09
5 24 -23.35 -31.27 7.58 -21.37 -33.24 7.59 -23.9 -32.79 7.59 -21.13 -32.56 7.59
5 24 -17.48 -38.04 3.71 -17.38 -39.3 3.33 -17.48 -39.3 3.72 -17.38 -38.01 3.33
5 24 -16.67 -31.41 7.41 -16.48 -29.19 7.4 -16.64 -29.1 7.5 -16.53 -31.31 7.31
5 24 -16.5 -37.36 7.34 -16.49 -37.53 7.35 -16.49 -37.67 7.34 -16.57 -37.5 7.44
5 24 -17.41 -31.63 7.58 -17.41 -31.67 -1.38 -20.04 -31.69 -1.38 -16.69 -31.57 7.31
5 24 -16.49 -37.67 7.34 -16.49 -37.71 -1.08 -16.5 -37.36 7.34 -17.38 -38.01 3.33
5 24 -20.04 -35.55 7.6 -19.33 -35.68 7.6 -19.33 -35.72 -1.36 -20.92 -37.97 7.61
5 24 -18.45 -35.73 -1.36 -17.94 -35.54 -1.26 -17.77 -35.48 -1.09 -18.17 -35.62 -1.36
5 24 -17.69 -35.57 7.43 -16.5 -37.36 7.34 -16.57 -37.5 7.44 -17.52 -35.61 7.33
5 24 -23.9 -34.41 7.59 -21.37 -33.96 7.59 -21.13 -34.64 7.6 -23.9 -32.79 7.59
5 24 -16.21 -30.79 6.76 -16.01 -30.15 6.48 -16.12 -29.86 6.75 -16.04 -30.53 6.48
5 24 -19.04 -39.3 1.57 -19.04 -38.27 1.56 -18.65 -38.26 1.59 -19.33 -38.27 1.62
5 24 -16.68 -37.65 7.54 -16.66 -37.73 7.51 -16.49 -37.67 7.34 -16.88 -37.81 7.61
5 24 -18.45 -35.69 7.6 -18.17 -35.58 7.6 -17.77 -35.48 -1.09 -18 -38.22 7.61
5 24 -16.87 -31.62 -1.28 -16.69 -31.61 -1.1 -17.11 -31.64 -1.38 -16.67 -31.45 -1.21
5 24 -17.94 -35.5 7.5 -17.69 -35.57 7.43 -17.77 -35.44 7.33 -17.89 -35.55 7.53
5 24 -16.21 -30.79 6.76 -16.21 -30.82 -0.56 -16.37 -31.09 -0.84 -16.04 -30.53 6.48
5 24 -21.37 -33.24 7.59 -21.13 -32.56 7.59 -21.37 -33.28 -1.37 -23.35 -31.27 7.58
5 24 -17.67 -39.3 2.21 -17.67 -38.12 2.21 -17.48 -39.3 2.56 -17.94 -38.22 1.92
5 24 -16.52 -37.09 -0.81 -16.5 -37.4 -1.08 -16.52 -37.05 7.06 -17.52 -35.65 -1.09
5 24 -17.52 -35.61 7.33 -17.52 -35.65 -1.09 -17.77 -35.44 7.33 -17.26 -35.81 -0.81
5 24 -23.35 -31.27 7.58 -21.13 -32.56 7.59 -21.37 -33.24 7.59 -22.31 -30.04 7.57
5 24 -16.89 -29.04 7.57 -16.64 -29.1 7.5 -16.65 -29.02 7.47 -16.85 -31.51 7.51
5 24 -17.94 -38.22 1.92 -17.67 -39.3 2.21 -17.94 -39.3 1.93 -17.67 -38.12 2.21
5 24 -17 -35.94 6.78 -16.52 -37.05 7.06 -17.26 -35.77 7.06 -16.53 -36.75 6.79
5 24 -23.35 -31.27 7.58 -23.35 -31.32 -1.38 -23.9 -32.79 7.59 -22.31 -30.08 -1.39
5 24 -18.17 -35.58 7.6 -16.88 -37.81 7.61 -18 -38.22 7.61 -16.68 -37.65 7.54
5 24 -19.33 -38.29 -1.35 -18 -38.26 -1.35 -19.33 -35.72 -1.36 -18.65 -38.26 1.59
5 24 -16.64 -29.14 -1.32 -16.42 -29.17 -1.13 -16.48 -29.23 -1.22 -16.47 -29.05 -1.12
5 24 -17.38 -39.3 2.94 -17.38 -39.3 3.33 -17.38 -38.01 3.33 -18.95 -39.3 3.14
5 24 -17.11 -31.6 7.58 -16.85 -31.51 7.51 -16.87 -31.58 7.48 -16.89 -29.04 7.57
5 24 -20.51 -39.3 3.14 -20.46 -39.3 2.75 -20.46 -38.07 2.74 -18.95 -39.3 3.14
5 24 -19.04 -39.3 1.57 -18.65 -39.3 1.59 -18.65 -38.26 1.59 -18.95 -39.3 3.14
5 24 -16.53 -31.31 7.31 -16.37 -31.05 7.03 -16.53 -31.35 -1.11 -16.24 -29.58 7.03
5 24 -16.68 -37.69 -1.28 -16.57 -37.54 -1.18 -16.66 -37.77 -1.25 -17.69 -35.61 -1.19
5 24 -20.66 -32.05 -1.38 -20.04 -31.69 -1.38 -22.31 -30.08 -1.39 -20.04 -31.64 7.58
5 24 -17.52 -35.65 -1.09 -16.57 -37.54 -1.18 -17.69 -35.61 -1.19 -16.5 -37.4 -1.08
5 24 -18.65 -39.3 1.59 -18.27 -39.3 1.72 -18.65 -38.26 1.59 -18.95 -39.3 3.14
5 24 -19.78 -38.18 4.46 -19.78 -39.3 4.46 -20.09 -39.3 4.21 -19.43 -39.3 4.63
5 24 -18.08 -29.15 7.57 -16.47 -29.05 -1.12 -18.08 -29.19 -1.39 -16.89 -29.04 7.57
5 24 -18.17 -35.58 7.6 -17.89 -35.55 7.53 -17.94 -35.5 7.5 -16.68 -37.65 7.54
5 24 -16.37 -31.09 -0.84 -16.21 -30.79 6.76 -16.37 -31.05 7.03 -16.21 -30.82 -0.56
5 24 -17.66 -35.51 7.34 -17.52 -35.61 7.33 -17.77 -35.44 7.33 -17.69 -35.57 7.43
5 24 -17.77 -35.48 -1.09 -17.52 -35.65 -1.09 -17.66 -35.55 -1.1 -17.77 -35.44 7.33
5 24 -16.88 -37.85 -1.35 -16.68 -37.69 -1.28 -16.66 -37.77 -1.25 -17.89 -35.59 -1.29
5 24 -18.45 -35.73 -1.36 -17.77 -35.48 -1.09 -18.45 -35.69 7.6 -17.94 -35.54 -1.26
5 24 -20.92 -37.97 7.61 -20.51 -38.06 3.13 -20.46 -38.07 3.52 -20.92 -38.01 -1.35
5 24 -18 -38.26 -1.35 -17.94 -38.22 1.92 -18 -38.24 1.88 -17.67 -38.12 2.21
5 24 -23.35 -31.32 -1.38 -21.13 -32.6 -1.37 -23.9 -32.83 -1.37 -20.66 -32.05 -1.38
5 24 -16.53 -31.31 7.31 -16.35 -29.29 7.3 -16.24 -29.58 7.03 -16.48 -29.19 7.4
5 24 -18.65 -38.26 1.59 -18.27 -39.3 1.72 -18.65 -39.3 1.59 -18.27 -38.25 1.71
5 24 -16.37 -31.09 -0.84 -16.24 -29.61 -0.84 -16.35 -29.33 -1.12 -16.21 -30.82 -0.56
5 24 -18.27 -39.3 1.72 -18 -38.24 1.88 -17.94 -38.22 1.92 -18.27 -38.25 1.71
5 24 -19.33 -35.68 7.6 -19.33 -35.72 -1.36 -20.04 -35.55 7.6 -18.45 -35.73 -1.36
5 24 -16.42 -29.17 -1.13 -16.35 -29.33 -1.12 -16.47 -29.05 -1.12 -16.48 -29.23 -1.22
5 24 -17.77 -35.44 7.33 -17.66 -35.51 7.34 -17.52 -35.61 7.33 -17.69 -35.57 7.43
5 24 -16.24 -29.58 7.03 -16.12 -29.9 -0.57 -16.24 -29.61 -0.84 -16.12 -29.86 6.75
5 24 -18.27 -39.3 1.72 -17.94 -39.3 1.93 -17.94 -38.22 1.92 -18.95 -39.3 3.14
5 24 -23.9 -34.45 -1.37 -21.37 -34 -1.37 -23.35 -35.96 -1.36 -21.37 -33.28 -1.37
5 24 -16.68 -37.65 7.54 -16.49 -37.53 7.35 -16.57 -37.5 7.44 -16.49 -37.67 7.34
5 24 -16.04 -30.53 6.48 -16.04 -30.56 -0.29 -16.01 -30.15 6.48 -16.21 -30.82 -0.56
5 24 -20.92 -38.01 -1.35 -20.32 -38.1 2.38 -20.46 -38.07 2.74 -20.09 -38.14 2.06
5 24 -18.08 -29.15 7.57 -16.89 -29.04 7.57 -16.47 -29.05 -1.12 -17.41 -31.63 7.58
5 24 -18.65 -38.24 4.68 -18.27 -39.3 4.56 -18.27 -38.24 4.55 -18.65 -39.3 4.68
5 24 -18.08 -29.19 -1.39 -16.65 -29.06 -1.29 -16.89 -29.08 -1.39 -16.47 -29.05 -1.12
5 24 -20.32 -39.3 2.38 -20.32 -38.1 2.38 -20.09 -38.14 2.06 -20.46 -39.3 2.75
5 24 -19.78 -39.3 1.81 -19.43 -39.3 1.64 -19.43 -38.26 1.64 -18.95 -39.3 3.14
5 24 -19.43 -39.3 4.63 -19.43 -38.24 4.63 -19.78 -38.18 4.46 -19.33 -38.26 4.65
5 24 -16.5 -37.4 -1.08 -16.49 -37.71 -1.08 -16.49 -37.57 -1.09 -16.5 -37.36 7.34
5 24 -17.67 -39.3 4.06 -17.48 -39.3 3.72 -17.67 -38.11 4.06 -18.95 -39.3 3.14
5 24 -20.66 -35.19 7.6 -20.66 -35.23 -1.36 -20.04 -35.59 -1.36 -21.13 -34.64 7.6
5 24 -19.33 -38.26 4.65 -19.04 -38.25 4.7 -19.04 -39.3 4.71 -19.33 -38.25 7.61
5 24 -16.53 -31.35 -1.11 -16.37 -31.05 7.03 -16.53 -31.31 7.31 -16.37 -31.09 -0.84
5 24 -17.89 -35.59 -1.29 -16.88 -37.85 -1.35 -18.17 -35.62 -1.36 -16.68 -37.69 -1.28
5 24 -20.04 -31.64 7.58 -20.04 -31.69 -1.38 -20.66 -32.05 -1.38 -17.41 -31.63 7.58
5 24 -16.69 -31.61 -1.1 -16.67 -31.45 -1.21 -16.62 -31.49 -1.12 -16.87 -31.62 -1.28
5 24 -18.17 -35.62 -1.36 -17.94 -35.54 -1.26 -18.45 -35.73 -1.36 -17.89 -35.59 -1.29
5 24 -20.66 -32.01 7.58 -20.66 -32.05 -1.38 -21.13 -32.6 -1.37 -20.04 -31.64 7.58
5 24 -17.89 -35.55 7.53 -16.68 -37.65 7.54 -16.57 -37.5 7.44 -18.17 -35.58 7.6
5 24 -19.33 -38.29 -1.35 -19.04 -38.27 1.56 -19.33 -38.27 1.62 -18.65 -38.26 1.59
5 24 -16.21 -30.82 -0.56 -16.12 -29.9 -0.57 -16.24 -29.61 -0.84 -16.04 -30.56 -0.29
5 24 -16.85 -31.51 7.51 -16.67 -31.41 7.41 -16.62 -31.45 7.32 -16.64 -29.1 7.5
5 24 -17.69 -35.57 7.43 -16.57 -37.5 7.44 -17.89 -35.55 7.53 -16.5 -37.36 7.34
5 24 -17.38 -38.01 2.93 -16.49 -37.71 -1.08 -17.48 -38.05 2.55 -17.38 -38.01 3.33
5 24 -17.11 -31.64 -1.38 -16.69 -31.57 7.31 -16.69 -31.61 -1.1 -17.41 -31.67 -1.38
5 24 -17.67 -38.12 2.21 -17.48 -39.3 2.56 -17.67 -39.3 2.21 -17.48 -38.05 2.55
5 24 -18 -38.26 -1.35 -17.48 -38.05 2.55 -17.67 -38.12 2.21 -16.49 -37.71 -1.08
5 24 -17.69 -35.57 7.43 -17.52 -35.61 7.33 -17.66 -35.51 7.34 -16.5 -37.36 7.34
5 24 -16.5 -37.36 7.34 -16.5 -37.4 -1.08 -16.49 -37.71 -1.08 -16.52 -37.05 7.06
5 24 -20.92 -38.01 -1.35 -20.51 -38.06 3.13 -20.92 -37.97 7.61 -20.46 -38.07 2.74
5 24 -16.88 -37.85 -1.35 -16.49 -37.71 -1.08 -16.66 -37.77 -1.25 -18 -38.26 -1.35
5 24 -19.78 -38.19 1.81 -19.33 -38.29 -1.35 -20.92 -38.01 -1.35 -19.43 -38.26 1.64
5 24 -16.48 -29.23 -1.22 -16.35 -29.33 -1.12 -16.42 -29.17 -1.13 -16.67 -31.45 -1.21
5 24 -16.57 -37.5 7.44 -16.5 -37.36 7.34 -16.49 -37.53 7.35 -17.69 -35.57 7.43
5 24 -16.12 -29.86 6.75 -16.01 -30.18 -0.29 -16.12 -29.9 -0.57 -16.01 -30.15 6.48
5 24 -19.43 -38.26 1.64 -19.33 -38.27 1.62 -19.43 -39.3 1.64 -19.33 -38.29 -1.35
5 24 -21.37 -33.96 7.59 -21.37 -34 -1.37 -21.13 -34.68 -1.36 -21.37 -33.24 7.59
5 24 -22.31 -30.04 7.57 -20.92 -29.23 7.57 -20.92 -29.27 -1.39 -20.66 -32.01 7.58
5 24 -20.46 -39.3 3.53 -20.32 -38.09 3.89 -20.32 -39.3 3.89 -20.46 -38.07 3.52
5 24 -17.77 -35.48 -1.09 -17.66 -35.55 -1.1 -17.52 -35.65 -1.09 -17.89 -35.59 -1.29
5 24 -16.52 -37.05 7.06 -16.52 -37.09 -0.81 -16.5 -37.4 -1.08 -16.53 -36.75 6.79
5 24 -20.66 -35.19 7.6 -20.04 -35.55 7.6 -20.04 -35.59 -1.36 -22.31 -37.16 7.61
5 24 -21.13 -32.56 7.59 -21.13 -32.6 -1.37 -21.37 -33.28 -1.37 -20.66 -32.01 7.58
5 24 -16.74 -36.11 6.51 -16.55 -36.45 6.51 -16.55 -36.48 -0.26 -16.53 -36.75 6.79
5 24 -18.27 -39.3 4.56 -18 -38.23 4.39 -18.27 -38.24 4.55 -17.94 -39.3 4.35
5 24 -20.04 -31.64 7.58 -17.41 -31.63 7.58 -20.04 -31.69 -1.38 -18.08 -29.15 7.57
5 24 -16.47 -29.01 7.29 -16.42 -29.13 7.31 -16.35 -29.29 7.3 -16.48 -29.19 7.4
5 24 -23.9 -34.45 -1.37 -23.9 -32.83 -1.37 -23.9 -34.41 7.59 -21.37 -33.28 -1.37
5 24 -16.69 -31.57 7.31 -16.53 -31.31 7.31 -16.62 -31.45 7.32 -16.69 -31.61 -1.1
5 24 -17.77 -35.44 7.33 -17.69 -35.57 7.43 -17.66 -35.51 7.34 -17.94 -35.5 7.5
5 24 -17.48 -39.3 2.56 -17.38 -39.3 2.94 -17.48 -38.05 2.55 -18.95 -39.3 3.14
5 24 -22.31 -37.16 7.61 -22.31 -37.2 -1.35 -20.92 -37.97 7.61 -23.35 -35.96 -1.36
5 24 -17.11 -31.64 -1.38 -16.69 -31.61 -1.1 -16.87 -31.62 -1.28 -16.69 -31.57 7.31
5 24 -22.31 -37.2 -1.35 -21.13 -34.68 -1.36 -20.66 -35.23 -1.36 -23.35 -35.96 -1.36
5 24 -21.13 -34.64 7.6 -20.66 -35.19 7.6 -20.66 -35.23 -1.36 -23.35 -35.92 7.6
5 24 -22.31 -30.08 -1.39 -20.92 -29.27 -1.39 -22.31 -30.04 7.57 -20.04 -31.69 -1.38
5 24 -17.69 -35.61 -1.19 -17.52 -35.65 -1.09 -17.66 -35.55 -1.1 -16.57 -37.54 -1.18
5 24 -20.04 -31.69 -1.38 -17.41 -31.67 -1.38 -20.92 -29.27 -1.39 -17.41 -31.63 7.58
5 24 -16.65 -29.02 7.47 -16.64 -29.1 7.5 -16.48 -29.19 7.4 -16.89 -29.04 7.57
5 24 -17 -35.94 6.78 -16.53 -36.75 6.79 -16.52 -37.05 7.06 -16.74 -36.11 6.51
5 24 -19.04 -38.25 4.7 -18 -38.22 7.61 -18.65 -38.24 4.68 -19.33 -38.25 7.61
5 24 -16.67 -31.41 7.41 -16.62 -31.45 7.32 -16.85 -31.51 7.51 -16.53 -31.31 7.31
5 24 -17.41 -31.63 7.58 -16.69 -31.57 7.31 -16.87 -31.58 7.48 -17.41 -31.67 -1.38
5 24 -17.67 -38.12 2.21 -17.48 -38.05 2.55 -17.48 -39.3 2.56 -18 -38.26 -1.35
5 24 -16.57 -37.54 -1.18 -16.49 -37.57 -1.09 -16.49 -37.71 -1.08 -16.5 -37.4 -1.08
5 24 -20.09 -38.13 4.21 -19.33 -38.25 7.61 -19.78 -38.18 4.46 -20.32 -38.09 3.89
5 24 -16.64 -29.14 -1.32 -16.47 -29.05 -1.12 -16.42 -29.17 -1.13 -16.65 -29.06 -1.29
5 24 -20.92 -29.27 -1.39 -20.04 -31.69 -1.38 -22.31 -30.08 -1.39 -17.41 -31.67 -1.38
5 24 -16.04 -30.53 6.48 -16.01 -30.15 6.48 -16.04 -30.56 -0.29 -16.21 -30.79 6.76
5 24 -20.66 -32.01 7.58 -20.04 -31.64 7.58 -20.66 -32.05 -1.38 -20.92 -29.23 7.57
5 24 -16.55 -36.45 6.51 -16.53 -36.75 6.79 -16.53 -36.78 -0.54 -16.74 -36.11 6.51
5 24 -20.92 -29.23 7.57 -20.04 -31.64 7.58 -20.66 -32.01 7.58 -18.08 -29.15 7.57
5 24 -20.92 -38.01 -1.35 -19.78 -38.19 1.81 -20.09 -38.14 2.06 -19.33 -38.29 -1.35
5 24 -17.48 -38.04 3.71 -17.48 -39.3 3.72 -17.67 -38.11 4.06 -17.38 -39.3 3.33
5 24 -17.48 -38.04 3.71 -17.38 -38.01 3.33 -17.38 -39.3 3.33 -16.49 -37.67 7.34
5 24 -19.78 -38.18 4.46 -19.43 -38.24 4.63 -19.43 -39.3 4.63 -19.33 -38.25 7.61
5 24 -17.41 -31.63 7.58 -16.87 -31.58 7.48 -17.11 -31.6 7.58 -16.69 -31.57 7.31
5 24 -17.69 -35.61 -1.19 -16.57 -37.54 -1.18 -16.68 -37.69 -1.28 -17.52 -35.65 -1.09
5 24 -18.27 -38.24 4.55 -18 -38.23 4.39 -18.27 -39.3 4.56 -18 -38.22 7.61
5 24 -16.12 -29.9 -0.57 -16.04 -30.56 -0.29 -16.21 -30.82 -0.56 -16.01 -30.18 -0.29
5 24 -23.35 -35.96 -1.36 -22.31 -37.2 -1.35 -22.31 -37.16 7.61 -21.13 -34.68 -1.36
5 24 -16.47 -29.05 -1.12 -16.35 -29.33 -1.12 -16.42 -29.17 -1.13 -16.47 -29.01 7.29
5 24 -17.89 -35.55 7.53 -17.69 -35.57 7.43 -17.94 -35.5 7.5 -16.57 -37.5 7.44
5 24 -17.94 -39.3 4.35 -17.94 -38.21 4.34 -18 -38.23 4.39 -17.67 -39.3 4.06
5 24 -23.9 -34.41 7.59 -23.35 -35.92 7.6 -23.9 -34.45 -1.37 -21.13 -34.64 7.6
5 24 -17.38 -38.01 3.33 -16.49 -37.67 7.34 -17.48 -38.04 3.71 -16.49 -37.71 -1.08
5 24 -18 -38.26 -1.35 -17.67 -38.12 2.21 -17.94 -38.22 1.92 -17.48 -38.05 2.55
5 24 -23.9 -34.41 7.59 -21.13 -34.64 7.6 -23.35 -35.92 7.6 -21.37 -33.96 7.59
5 24 -17.94 -38.21 4.34 -17.67 -39.3 4.06 -17.67 -38.11 4.06 -17.94 -39.3 4.35
5 24 -18 -38.23 4.39 -17.94 -39.3 4.35 -18.27 -39.3 4.56 -17.94 -38.21 4.34
5 24 -18.65 -38.24 4.68 -18 -38.22 7.61 -18.27 -38.24 4.55 -19.04 -38.25 4.7
5 24 -16.24 -29.61 -0.84 -16.12 -29.9 -0.57 -16.24 -29.58 7.03 -16.21 -30.82 -0.56
5 24 -17 -35.98 -0.54 -16.74 -36.14 -0.27 -17 -35.94 6.78 -16.55 -36.48 -0.26
5 24 -16.53 -36.78 -0.54 -16.52 -37.09 -0.81 -16.53 -36.75 6.79 -17.26 -35.81 -0.81
5 24 -23.9 -32.83 -1.37 -23.35 -31.32 -1.38 -23.9 -32.79 7.59 -21.13 -32.6 -1.37
5 24 -16.24 -29.58 7.03 -16.12 -29.86 6.75 -16.12 -29.9 -0.57 -16.37 -31.05 7.03
5 24 -17 -35.94 6.78 -17 -35.98 -0.54 -17.26 -35.77 7.06 -16.74 -36.14 -0.27
5 24 -17.94 -35.5 7.5 -17.77 -35.44 7.33 -18.17 -35.58 7.6 -17.69 -35.57 7.43
5 24 -16.37 -31.05 7.03 -16.24 -29.58 7.03 -16.53 -31.31 7.31 -16.12 -29.86 6.75
5 24 -20.09 -38.14 2.06 -19.78 -38.19 1.81 -20.09 -39.3 2.06 -20.92 -38.01 -1.35
5 24 -18.27 -39.3 1.72 -18.27 -38.25 1.71 -18 -38.24 1.88 -18.65 -38.26 1.59
5 24 -18.65 -39.3 1.59 -18.65 -38.26 1.59 -18.27 -39.3 1.72 -19.04 -39.3 1.57
5 24 -16.48 -29.23 -1.22 -16.42 -29.17 -1.13 -16.64 -29.14 -1.32 -16.35 -29.33 -1.12
5 24 -16.87 -31.62 -1.28 -16.67 -31.45 -1.21 -16.69 -31.61 -1.1 -16.85 -31.56 -1.31
5 24 -17.77 -35.44 7.33 -17.77 -35.48 -1.09 -18.17 -35.58 7.6 -17.52 -35.65 -1.09
5 24 -16.69 -31.57 7.31 -16.69 -31.61 -1.1 -17.11 -31.64 -1.38 -16.53 -31.31 7.31
5 24 -16.67 -31.45 -1.21 -16.53 -31.35 -1.11 -16.62 -31.49 -1.12 -16.35 -29.33 -1.12
5 24 -19.33 -38.25 7.61 -18 -38.22 7.61 -19.04 -38.25 4.7 -18.45 -35.69 7.6
5 24 -18.17 -35.58 7.6 -17.94 -35.5 7.5 -17.77 -35.44 7.33 -17.89 -35.55 7.53
5 24 -21.13 -32.6 -1.37 -20.66 -32.05 -1.38 -23.35 -31.32 -1.38 -20.66 -32.01 7.58
5 24 -19.33 -38.25 7.61 -19.04 -38.25 4.7 -19.33 -38.26 4.65 -18 -38.22 7.61
5 24 -20.92 -38.01 -1.35 -20.46 -38.07 2.74 -20.51 -38.06 3.13 -20.32 -38.1 2.38
5 24 -19.33 -38.29 -1.35 -19.33 -38.27 1.62 -19.43 -38.26 1.64 -19.04 -38.27 1.56
5 24 -19.43 -38.24 4.63 -19.33 -38.25 7.61 -19.33 -38.26 4.65 -19.78 -38.18 4.46
5 24 -18.65 -39.3 4.68 -18.27 -39.3 4.56 -18.65 -38.24 4.68 -18.95 -39.3 3.14
5 24 -16.37 -31.09 -0.84 -16.21 -30.82 -0.56 -16.24 -29.61 -0.84 -16.21 -30.79 6.76
5 24 -17.11 -31.64 -1.38 -16.85 -31.56 -1.31 -16.87 -31.62 -1.28 -16.64 -29.14 -1.32
5 24 -20.51 -39.3 3.14 -20.51 -38.06 3.13 -20.46 -38.07 3.52 -20.46 -38.07 2.74
5 24 -20.46 -38.07 3.52 -20.32 -38.09 3.89 -20.46 -39.3 3.53 -19.33 -38.25 7.61
5 24 -20.04 -31.69 -1.38 -17.41 -31.63 7.58 -20.04 -31.64 7.58 -17.41 -31.67 -1.38
5 24 -16.64 -29.1 7.5 -16.48 -29.19 7.4 -16.65 -29.02 7.47 -16.67 -31.41 7.41
5 24 -20.09 -39.3 2.06 -19.78 -39.3 1.81 -19.78 -38.19 1.81 -18.95 -39.3 3.14
5 24 -20.92 -38.01 -1.35 -20.09 -38.14 2.06 -20.32 -38.1 2.38 -19.78 -38.19 1.81
5 24 -18.27 -39.3 1.72 -17.94 -38.22 1.92 -17.94 -39.3 1.93 -18 -38.24 1.88
5 24 -20.46 -39.3 2.75 -20.32 -39.3 2.38 -20.32 -38.1 2.38 -18.95 -39.3 3.14
5 24 -17.38 -38.01 2.93 -17.38 -39.3 2.94 -17.38 -38.01 3.33 -17.48 -38.05 2.55
5 24 -16.87 -31.58 7.48 -16.85 -31.51 7.51 -16.69 -31.57 7.31 -17.11 -31.6 7.58
5 24 -18 -38.26 -1.35 -16.88 -37.85 -1.35 -18.45 -35.73 -1.36 -16.49 -37.71 -1.08
5 24 -17.41 -31.67 -1.38 -16.69 -31.57 7.31 -17.41 -31.63 7.58 -17.11 -31.64 -1.38
5 24 -17.11 -31.64 -1.38 -16.89 -29.08 -1.39 -18.08 -29.19 -1.39 -16.64 -29.14 -1.32
5 24 -20.92 -29.23 7.57 -18.08 -29.15 7.57 -18.08 -29.19 -1.39 -20.04 -31.64 7.58
5 24 -16.74 -36.11 6.51 -16.74 -36.14 -0.27 -16.55 -36.48 -0.26 -17 -35.94 6.78
5 24 -20.32 -38.09 3.89 -20.09 -38.13 4.21 -20.32 -39.3 3.89 -19.33 -38.25 7.61
5 24 -16.12 -29.86 6.75 -16.01 -30.15 6.48 -16.01 -30.18 -0.29 -16.21 -30.79 6.76
5 24 -18.27 -39.3 4.56 -18.27 -38.24 4.55 -18.65 -38.24 4.68 -18 -38.23 4.39
5 24 -21.37 -33.28 -1.37 -21.37 -34 -1.37 -23.9 -34.45 -1.37 -21.37 -33.24 7.59
5 24 -17.94 -39.3 4.35 -17.67 -39.3 4.06 -17.94 -38.21 4.34 -18.95 -39.3 3.14
5 24 -16.42 -29.13 7.31 -16.35 -29.29 7.3 -16.47 -29.01 7.29 -16.48 -29.19 7.4
5 24 -16.35 -29.29 7.3 -16.35 -29.33 -1.12 -16.47 -29.01 7.29 -16.24 -29.61 -0.84
5 24 -18.08 -29.19 -1.39 -16.47 -29.05 -1.12 -16.65 -29.06 -1.29 -18.08 -29.15 7.57
5 24 -16.5 -37.36 7.34 -16.49 -37.67 7.34 -16.49 -37.53 7.35 -16.49 -37.71 -1.08
5 24 -19.33 -38.27 1.62 -19.04 -39.3 1.57 -19.04 -38.27 1.56 -19.43 -39.3 1.64
5 24 -17.41 -31.63 7.58 -17.11 -31.6 7.58 -16.87 -31.58 7.48 -16.89 -29.04 7.57
5 24 -16.66 -37.77 -1.25 -16.57 -37.54 -1.18 -16.68 -37.69 -1.28 -16.49 -37.71 -1.08
5 24 -18 -38.23 4.39 -17.94 -38.21 4.34 -17.94 -39.3 4.35 -18 -38.22 7.61
5 24 -17.89 -35.59 -1.29 -17.66 -35.55 -1.1 -17.77 -35.48 -1.09 -17.69 -35.61 -1.19
5 24 -16.48 -29.19 7.4 -16.35 -29.29 7.3 -16.42 -29.13 7.31 -16.53 -31.31 7.31
5 24 -16.74 -36.14 -0.27 -16.55 -36.48 -0.26 -16.74 -36.11 6.51 -17 -35.98 -0.54
5 24 -17.67 -39.3 2.21 -17.48 -39.3 2.56 -17.67 -38.12 2.21 -18.95 -39.3 3.14
5 24 -17.38 -38.01 2.93 -17.38 -38.01 3.33 -17.38 -39.3 2.94 -16.49 -37.71 -1.08
5 24 -16.47 -29.05 -1.12 -16.42 -29.17 -1.13 -16.35 -29.33 -1.12 -16.64 -29.14 -1.32
5 24 -16.65 -29.06 -1.29 -16.47 -29.05 -1.12 -18.08 -29.19 -1.39 -16.64 -29.14 -1.32
5 24 -18.08 -29.15 7.57 -18.08 -29.19 -1.39 -20.92 -29.23 7.57 -16.47 -29.05 -1.12
5 24 -17.11 -31.64 -1.38 -16.64 -29.14 -1.32 -16.89 -29.08 -1.39 -16.85 -31.56 -1.31
5 24 -19.33 -35.72 -1.36 -18.45 -35.73 -1.36 -18 -38.26 -1.35 -19.33 -35.68 7.6
5 24 -23.9 -32.79 7.59 -23.9 -32.83 -1.37 -23.9 -34.41 7.59 -23.35 -31.32 -1.38
5 24 -16.37 -31.09 -0.84 -16.35 -29.33 -1.12 -16.53 -31.35 -1.11 -16.24 -29.61 -0.84
5 24 -19.04 -39.3 4.71 -18.65 -39.3 4.68 -19.04 -38.25 4.7 -18.95 -39.3 3.14
5 24 -20.32 -38.1 2.38 -20.09 -38.14 2.06 -20.32 -39.3 2.38 -20.92 -38.01 -1.35
5 24 -16.89 -29.04 7.57 -16.65 -29.02 7.47 -16.47 -29.01 7.29 -16.64 -29.1 7.5
5 24 -23.35 -35.96 -1.36 -21.37 -34 -1.37 -21.13 -34.68 -1.36 -23.9 -34.45 -1.37
5 24 -20.51 -39.3 3.14 -20.46 -39.3 3.53 -20.46 -38.07 3.52 -18.95 -39.3 3.14
5 24 -19.04 -38.27 1.56 -18.65 -38.26 1.59 -19.04 -39.3 1.57 -19.33 -38.29 -1.35
5 24 -17.52 -35.61 7.33 -17.26 -35.81 -0.81 -17.52 -35.65 -1.09 -17.26 -35.77 7.06
5 24 -18.17 -35.58 7.6 -17.77 -35.48 -1.09 -17.77 -35.44 7.33 -18.45 -35.69 7.6
5 24 -16.67 -31.41 7.41 -16.64 -29.1 7.5 -16.85 -31.51 7.51 -16.48 -29.19 7.4
5 24 -17 -35.94 6.78 -16.74 -36.14 -0.27 -17 -35.98 -0.54 -16.74 -36.11 6.51
5 24 -16.68 -37.65 7.54 -16.57 -37.5 7.44 -16.49 -37.53 7.35 -17.89 -35.55 7.53
5 24 -19.33 -38.27 1.62 -19.04 -38.27 1.56 -19.04 -39.3 1.57 -19.33 -38.29 -1.35
5 24 -17.52 -35.61 7.33 -17.26 -35.77 7.06 -16.5 -37.36 7.34 -17.26 -35.81 -0.81
5 24 -16.53 -31.31 7.31 -16.53 -31.35 -1.11 -16.69 -31.61 -1.1 -16.37 -31.05 7.03
5 24 -23.9 -32.83 -1.37 -21.13 -32.6 -1.37 -21.37 -33.28 -1.37 -23.35 -31.32 -1.38
5 24 -16.48 -29.19 7.4 -16.42 -29.13 7.31 -16.47 -29.01 7.29 -16.35 -29.29 7.3
5 24 -19.43 -38.24 4.63 -19.33 -38.26 4.65 -19.43 -39.3 4.63 -19.33 -38.25 7.61
5 24 -16.85 -31.51 7.51 -16.64 -29.1 7.5 -16.67 -31.41 7.41 -16.89 -29.04 7.57
5 24 -22.31 -37.16 7.61 -20.66 -35.19 7.6 -20.04 -35.55 7.6 -23.35 -35.92 7.6
5 24 -16.52 -37.05 7.06 -16.5 -37.36 7.34 -16.5 -37.4 -1.08 -17.26 -35.77 7.06
5 24 -21.13 -34.64 7.6 -21.13 -34.68 -1.36 -20.66 -35.23 -1.36 -21.37 -33.96 7.59
5 24 -20.09 -38.14 2.06 -20.09 -39.3 2.06 -19.78 -38.19 1.81 -20.32 -39.3 2.38
5 24 -17.94 -35.54 -1.26 -17.77 -35.48 -1.09 -18.45 -35.73 -1.36 -17.89 -35.59 -1.29
5 24 -18.65 -38.26 1.59 -18.27 -38.25 1.71 -18.27 -39.3 1.72 -18 -38.26 -1.35
5 24 -17.48 -38.05 2.55 -16.49 -37.71 -1.08 -18 -38.26 -1.35 -17.38 -38.01 2.93
5 24 -16.24 -29.61 -0.84 -16.21 -30.82 -0.56 -16.37 -31.09 -0.84 -16.12 -29.9 -0.57
5 24 -19.33 -38.26 4.65 -19.04 -39.3 4.71 -19.04 -38.25 4.7 -19.43 -39.3 4.63
5 24 -16.65 -29.02 7.47 -16.47 -29.01 7.29 -16.89 -29.04 7.57 -16.48 -29.19 7.4
5 24 -19.33 -38.26 4.65 -19.33 -38.25 7.61 -19.04 -38.25 4.7 -19.43 -38.24 4.63
5 24 -16.01 -30.18 -0.29 -16.01 -30.15 6.48 -16.04 -30.56 -0.29 -16.12 -29.86 6.75
5 24 -17.94 -35.5 7.5 -17.89 -35.55 7.53 -17.69 -35.57 7.43 -18.17 -35.58 7.6
5 24 -17.52 -35.65 -1.09 -16.52 -37.09 -0.81 -16.5 -37.4 -1.08 -17.26 -35.81 -0.81
5 24 -16.64 -29.14 -1.32 -16.48 -29.23 -1.22 -16.42 -29.17 -1.13 -16.85 -31.56 -1.31
5 24 -16.53 -31.31 7.31 -16.24 -29.58 7.03 -16.35 -29.29 7.3 -16.37 -31.05 7.03
5 24 -19.43 -38.26 1.64 -19.33 -38.29 -1.35 -19.78 -38.19 1.81 -19.33 -38.27 1.62
5 24 -17.67 -39.3 4.06 -17.67 -38.11 4.06 -17.94 -38.21 4.34 -17.48 -39.3 3.72
5 24 -21.37 -34 -1.37 -21.13 -34.68 -1.36 -23.35 -35.96 -1.36 -21.37 -33.96 7.59
5 24 -23.35 -31.32 -1.38 -20.66 -32.05 -1.38 -21.13 -32.6 -1.37 -22.31 -30.08 -1.39
5 24 -16.67 -31.45 -1.21 -16.62 -31.49 -1.12 -16.69 -31.61 -1.1 -16.53 -31.35 -1.11
5 24 -23.9 -32.79 7.59 -21.37 -33.24 7.59 -21.37 -33.96 7.59 -23.35 -31.27 7.58
5 24 -20.32 -39.3 3.89 -20.09 -39.3 4.21 -20.09 -38.13 4.21 -18.95 -39.3 3.14
5 24 -16.55 -36.48 -0.26 -16.55 -36.45 6.51 -16.74 -36.11 6.51 -16.53 -36.78 -0.54
5 24 -19.43 -39.3 4.63 -19.33 -38.26 4.65 -19.04 -39.3 4.71 -19.43 -38.24 4.63
5 24 -19.43 -39.3 4.63 -19.04 -39.3 4.71 -19.33 -38.26 4.65 -18.95 -39.3 3.14
5 24 -16.53 -31.35 -1.11 -16.37 -31.09 -0.84 -16.35 -29.33 -1.12 -16.37 -31.05 7.03
5 24 -16.69 -31.57 7.31 -16.62 -31.45 7.32 -16.53 -31.31 7.31 -16.85 -31.51 7.51
5 24 -17.26 -35.77 7.06 -17 -35.98 -0.54 -17.26 -35.81 -0.81 -17 -35.94 6.78
5 24 -17.48 -38.04 3.71 -16.49 -37.67 7.34 -17.67 -38.11 4.06 -17.38 -38.01 3.33
5 24 -20.92 -29.23 7.57 -20.92 -29.27 -1.39 -22.31 -30.04 7.57 -18.08 -29.19 -1.39
5 24 -16.62 -31.45 7.32 -16.53 -31.31 7.31 -16.69 -31.57 7.31 -16.67 -31.41 7.41
5 24 -17.26 -35.81 -0.81 -16.53 -36.78 -0.54 -16.52 -37.09 -0.81 -17 -35.98 -0.54
5 24 -18.27 -38.24 4.55 -18 -38.22 7.61 -18 -38.23 4.39 -18.65 -38.24 4.68
5 24 -22.31 -37.2 -1.35 -20.92 -38.01 -1.35 -20.92 -37.97 7.61 -20.66 -35.23 -1.36
5 24 -17.11 -31.6 7.58 -16.87 -31.58 7.48 -17.41 -31.63 7.58 -16.85 -31.51 7.51
5 24 -17.94 -38.21 4.34 -16.66 -37.73 7.51 -18 -38.22 7.61 -16.49 -37.67 7.34
5 24 -20.92 -38.01 -1.35 -19.33 -38.29 -1.35 -20.04 -35.59 -1.36 -19.78 -38.19 1.81
5 24 -19.78 -38.19 1.81 -19.43 -38.26 1.64 -19.78 -39.3 1.81 -19.33 -38.29 -1.35
5 24 -16.89 -29.04 7.57 -16.47 -29.05 -1.12 -16.47 -29.01 7.29 -18.08 -29.15 7.57
5 24 -17.48 -39.3 3.72 -17.38 -39.3 3.33 -17.48 -38.04 3.71 -18.95 -39.3 3.14
5 24 -19.78 -39.3 1.81 -19.78 -38.19 1.81 -19.43 -38.26 1.64 -20.09 -39.3 2.06
5 24 -16.85 -31.51 7.51 -16.62 -31.45 7.32 -16.67 -31.41 7.41 -16.69 -31.57 7.31
5 24 -18.27 -38.25 1.71 -18 -38.26 -1.35 -18.65 -38.26 1.59 -18 -38.24 1.88
5 24 -17.38 -38.01 3.33 -17.38 -39.3 3.33 -17.48 -38.04 3.71 -17.38 -39.3 2.94
5 24 -23.9 -34.45 -1.37 -23.35 -35.96 -1.36 -23.35 -35.92 7.6 -21.37 -34 -1.37
5 24 -23.35 -31.32 -1.38 -22.31 -30.08 -1.39 -23.35 -31.27 7.58 -20.66 -32.05 -1.38
5 24 -20.46 -39.3 2.75 -20.46 -38.07 2.74 -20.32 -38.1 2.38 -20.51 -39.3 3.14
5 24 -18.17 -35.58 7.6 -17.77 -35.44 7.33 -17.94 -35.5 7.5 -17.77 -35.48 -1.09
5 24 -17.69 -35.61 -1.19 -16.68 -37.69 -1.28 -17.89 -35.59 -1.29 -16.57 -37.54 -1.18
5 24 -19.78 -39.3 4.46 -19.43 -39.3 4.63 -19.78 -38.18 4.46 -18.95 -39.3 3.14
5 24 -16.88 -37.81 7.61 -16.68 -37.65 7.54 -16.66 -37.73 7.51 -18.17 -35.58 7.6
5 24 -16.87 -31.58 7.48 -16.69 -31.57 7.31 -17.41 -31.63 7.58 -16.85 -31.51 7.51
5 24 -16.21 -30.82 -0.56 -16.04 -30.56 -0.29 -16.12 -29.9 -0.57 -16.04 -30.53 6.48
5 24 -18 -38.24 1.88 -18 -38.26 -1.35 -18.27 -38.25 1.71 -17.94 -38.22 1.92
5 24 -20.46 -38.07 2.74 -20.32 -38.1 2.38 -20.46 -39.3 2.75 -20.92 -38.01 -1.35
5 24 -19.78 -38.18 4.46 -19.33 -38.25 7.61 -19.43 -38.24 4.63 -20.09 -38.13 4.21
5 24 -20.32 -39.3 3.89 -20.32 -38.09 3.89 -20.46 -39.3 3.53 -20.09 -38.13 4.21
5 24 -16.65 -29.02 7.47 -16.48 -29.19 7.4 -16.47 -29.01 7.29 -16.64 -29.1 7.5
5 24 -20.46 -39.3 3.53 -20.32 -39.3 3.89 -20.32 -38.09 3.89 -18.95 -39.3 3.14
5 24 -16.74 -36.11 6.51 -16.53 -36.75 6.79 -17 -35.94 6.78 -16.55 -36.45 6.51
5 24 -19.33 -35.68 7.6 -18.45 -35.69 7.6 -18.45 -35.73 -1.36 -19.33 -38.25 7.61
5 24 -17 -35.98 -0.54 -16.55 -36.48 -0.26 -16.53 -36.78 -0.54 -16.74 -36.14 -0.27
5 24 -20.46 -38.07 3.52 -19.33 -38.25 7.61 -20.32 -38.09 3.89 -20.92 -37.97 7.61
5 24 -17.69 -35.61 -1.19 -17.66 -35.55 -1.1 -17.89 -35.59 -1.29 -17.52 -35.65 -1.09
5 24 -20.09 -38.13 4.21 -19.78 -38.18 4.46 -20.09 -39.3 4.21 -19.33 -38.25 7.61
5 24 -18 -38.24 1.88 -17.94 -38.22 1.92 -18.27 -39.3 1.72 -18 -38.26 -1.35
5 24 -18 -38.22 7.61 -16.88 -37.81 7.61 -18.17 -35.58 7.6 -16.66 -37.73 7.51
5 24 -16.67 -31.45 -1.21 -16.48 -29.23 -1.22 -16.85 -31.56 -1.31 -16.35 -29.33 -1.12
5 24 -16.57 -37.5 7.44 -16.49 -37.53 7.35 -16.68 -37.65 7.54 -16.5 -37.36 7.34
5 24 -17.67 -38.11 4.06 -17.48 -38.04 3.71 -17.48 -39.3 3.72 -16.49 -37.67 7.34
5 24 -18.65 -39.3 4.68 -18.65 -38.24 4.68 -19.04 -38.25 4.7 -18.27 -39.3 4.56
5 24 -19.04 -39.3 4.71 -19.04 -38.25 4.7 -19.33 -38.26 4.65 -18.65 -39.3 4.68
5 24 -16.53 -31.31 7.31 -16.48 -29.19 7.4 -16.67 -31.41 7.41 -16.35 -29.29 7.3
5 24 -16.68 -37.65 7.54 -16.49 -37.67 7.34 -16.66 -37.73 7.51 -16.49 -37.53 7.35
5 24 -16.57 -37.54 -1.18 -16.49 -37.71 -1.08 -16.49 -37.57 -1.09 -16.66 -37.77 -1.25
5 24 -16.49 -37.53 7.35 -16.49 -37.67 7.34 -16.5 -37.36 7.34 -16.68 -37.65 7.54
5 24 -20.92 -37.97 7.61 -19.33 -38.25 7.61 -19.33 -35.68 7.6 -20.46 -38.07 3.52
5 24 -19.04 -38.25 4.7 -18.65 -39.3 4.68 -19.04 -39.3 4.71 -18.65 -38.24 4.68
5 24 -16.85 -31.56 -1.31 -16.67 -31.45 -1.21 -16.87 -31.62 -1.28 -16.48 -29.23 -1.22
5 24 -22.31 -37.16 7.61 -20.92 -37.97 7.61 -22.31 -37.2 -1.35 -20.04 -35.55 7.6
5 24 -22.31 -30.04 7.57 -20.66 -32.01 7.58 -21.13 -32.56 7.59 -20.92 -29.23 7.57
5 24 -20.09 -39.3 4.21 -20.09 -38.13 4.21 -20.32 -39.3 3.89 -19.78 -38.18 4.46
5 24 -17.41 -31.67 -1.38 -17.11 -31.64 -1.38 -18.08 -29.19 -1.39 -16.69 -31.57 7.31
5 24 -17.26 -35.81 -0.81 -16.52 -37.09 -0.81 -17.52 -35.65 -1.09 -16.53 -36.78 -0.54
5 24 -17.38 -38.01 3.33 -16.49 -37.71 -1.08 -16.49 -37.67 7.34 -17.38 -38.01 2.93
5 24 -17.26 -35.77 7.06 -17 -35.94 6.78 -16.52 -37.05 7.06 -17 -35.98 -0.54
5 24 -16.85 -31.51 7.51 -16.69 -31.57 7.31 -16.62 -31.45 7.32 -16.87 -31.58 7.48
5 24 -18.17 -35.58 7.6 -16.68 -37.65 7.54 -16.88 -37.81 7.61 -17.89 -35.55 7.53
5 24 -21.13 -34.68 -1.36 -20.66 -35.23 -1.36 -22.31 -37.2 -1.35 -21.13 -34.64 7.6
5 24 -16.53 -36.75 6.79 -16.52 -37.05 7.06 -16.52 -37.09 -0.81 -17 -35.94 6.78
5 24 -19.43 -39.3 1.64 -19.33 -38.27 1.62 -19.04 -39.3 1.57 -19.43 -38.26 1.64
5 24 -18.45 -35.69 7.6 -17.77 -35.48 -1.09 -18.17 -35.58 7.6 -18.45 -35.73 -1.36
5 24 -18.17 -35.62 -1.36 -17.89 -35.59 -1.29 -17.94 -35.54 -1.26 -16.88 -37.85 -1.35
5 24 -19.43 -38.26 1.64 -19.43 -39.3 1.64 -19.33 -38.27 1.62 -19.78 -39.3 1.81
5 24 -23.35 -35.92 7.6 -22.31 -37.16 7.61 -23.35 -35.96 -1.36 -20.66 -35.19 7.6
5 24 -17.94 -38.21 4.34 -16.49 -37.67 7.34 -16.66 -37.73 7.51 -17.67 -38.11 4.06
5 24 -20.46 -39.3 2.75 -20.32 -38.1 2.38 -20.32 -39.3 2.38 -20.46 -38.07 2.74
5 24 -16.47 -29.01 7.29 -16.47 -29.05 -1.12 -16.89 -29.04 7.57 -16.35 -29.33 -1.12
5 24 -17.52 -35.65 -1.09 -16.5 -37.4 -1.08 -16.52 -37.09 -0.81 -16.57 -37.54 -1.18
5 24 -16.69 -31.61 -1.1 -16.53 -31.35 -1.11 -16.62 -31.49 -1.12 -16.53 -31.31 7.31
5 24 -17.26 -35.77 7.06 -16.52 -37.05 7.06 -16.5 -37.36 7.34 -17 -35.94 6.78
5 24 -17.89 -35.59 -1.29 -17.77 -35.48 -1.09 -17.94 -35.54 -1.26 -17.66 -35.55 -1.1
5 24 -18.65 -38.26 1.59 -18 -38.26 -1.35 -19.33 -38.29 -1.35 -18.27 -38.25 1.71
5 24 -17.77 -35.44 7.33 -17.52 -35.61 7.33 -17.66 -35.51 7.34 -17.52 -35.65 -1.09
5 24 -17.11 -31.6 7.58 -16.89 -29.04 7.57 -17.41 -31.63 7.58 -16.85 -31.51 7.51
5 24 -17.89 -35.59 -1.29 -17.69 -35.61 -1.19 -17.66 -35.55 -1.1 -16.68 -37.69 -1.28
5 24 -17 -35.98 -0.54 -16.53 -36.78 -0.54 -17.26 -35.81 -0.81 -16.55 -36.48 -0.26
5 24 -16.5 -37.4 -1.08 -16.49 -37.57 -1.09 -16.49 -37.71 -1.08 -16.57 -37.54 -1.18
5 24 -18.27 -38.25 1.71 -18 -38.24 1.88 -18.27 -39.3 1.72 -18 -38.26 -1.35
5 24 -17.52 -35.61 7.33 -16.5 -37.36 7.34 -17.26 -35.77 7.06 -17.69 -35.57 7.43
5 24 -18.45 -35.73 -1.36 -18.17 -35.62 -1.36 -16.88 -37.85 -1.35 -17.94 -35.54 -1.26
5 24 -16.66 -37.77 -1.25 -16.49 -37.71 -1.08 -16.57 -37.54 -1.18 -16.88 -37.85 -1.35
5 24 -23.35 -35.92 7.6 -21.13 -34.64 7.6 -20.66 -35.19 7.6 -23.9 -34.41 7.59
5 24 -17.94 -39.3 1.93 -17.94 -38.22 1.92 -17.67 -39.3 2.21 -18.27 -39.3 1.72
5 24 -16.35 -29.29 7.3 -16.24 -29.58 7.03 -16.24 -29.61 -0.84 -16.53 -31.31 7.31
5 24 -23.35 -35.92 7.6 -23.35 -35.96 -1.36 -22.31 -37.16 7.61 -23.9 -34.45 -1.37
5 24 -16.85 -31.56 -1.31 -16.48 -29.23 -1.22 -16.64 -29.14 -1.32 -16.67 -31.45 -1.21
5 24 -23.9 -32.79 7.59 -23.35 -31.32 -1.38 -23.9 -32.83 -1.37 -23.35 -31.27 7.58
5 24 -17.48 -38.05 2.55 -17.38 -38.01 2.93 -17.38 -39.3 2.94 -16.49 -37.71 -1.08
5 24 -23.35 -31.27 7.58 -22.31 -30.04 7.57 -22.31 -30.08 -1.39 -21.13 -32.56 7.59
5 24 -19.04 -38.25 4.7 -18.65 -38.24 4.68 -18.65 -39.3 4.68 -18 -38.22 7.61
5 24 -16.49 -37.57 -1.09 -16.49 -37.71 -1.08 -16.5 -37.4 -1.08 -16.57 -37.54 -1.18
5 24 -16.89 -29.04 7.57 -16.47 -29.01 7.29 -16.65 -29.02 7.47 -16.47 -29.05 -1.12
0
