0 Hombre Titanium cabeza 2      |T:T|F:F
0 Name: htitcab2.dat
0 Author: jasolo & plinman
0 !LDRAW_ORG Unofficial_Part
0 BFC CERTIFY CCW
4 92 0 5 2.5 0 0 2.5 0.957 0 2.31 0.957 5 2.31
4 92 0.957 5 2.31 0.957 0 2.31 1.768 0 1.768 1.768 5 1.768
4 92 1.768 5 1.768 1.768 0 1.768 2.31 0 0.957 2.31 5 0.957
4 92 2.31 5 0.957 2.31 0 0.957 2.5 0 0 2.5 5 0
4 92 2.5 5 0 2.5 0 0 2.31 0 -0.957 2.31 5 -0.957
4 92 2.31 5 -0.957 2.31 0 -0.957 1.768 0 -1.768 1.768 5 -1.768
4 92 1.768 5 -1.768 1.768 0 -1.768 0.957 0 -2.31 0.957 5 -2.31
4 92 0.957 5 -2.31 0.957 0 -2.31 0 0 -2.5 0 5 -2.5
4 92 0 5 -2.5 0 0 -2.5 -0.957 0 -2.31 -0.957 5 -2.31
4 92 -0.957 5 -2.31 -0.957 0 -2.31 -1.768 0 -1.768 -1.768 5 -1.768
4 92 -1.768 5 -1.768 -1.768 0 -1.768 -2.31 0 -0.957 -2.31 5 -0.957
4 92 -2.31 5 -0.957 -2.31 0 -0.957 -2.5 0 0 -2.5 5 0
4 92 -2.5 5 0 -2.5 0 0 -2.31 0 0.957 -2.31 5 0.957
4 92 -2.31 5 0.957 -2.31 0 0.957 -1.768 0 1.768 -1.768 5 1.768
4 92 -1.768 5 1.768 -1.768 0 1.768 -0.957 0 2.31 -0.957 5 2.31
4 92 0 0 2.5 0 5 2.5 -0.957 5 2.31 -0.957 0 2.31
4 92 2.5 5 0 2.31 5 -0.957 4.331 5 -1.794 4.687 5 0
4 92 -0.957 5 2.31 0 5 2.5 0 5 4.687 -1.794 5 4.331
4 92 0 5 2.5 0.957 5 2.31 1.794 5 4.331 0 5 4.687
4 92 0.957 5 -2.31 0 5 -2.5 0 5 -4.687 1.794 5 -4.331
4 92 -1.768 5 -1.768 -2.31 5 -0.957 -4.331 5 -1.794 -3.315 5 -3.315
4 92 1.768 5 1.768 2.31 5 0.957 4.331 5 1.794 3.315 5 3.315
4 92 -2.31 5 0.957 -1.768 5 1.768 -3.315 5 3.315 -4.331 5 1.794
4 92 2.31 5 -0.957 1.768 5 -1.768 3.315 5 -3.315 4.331 5 -1.794
4 92 0 5 -2.5 -0.957 5 -2.31 -1.794 5 -4.331 0 5 -4.687
4 92 -2.31 5 -0.957 -2.5 5 0 -4.687 5 0 -4.331 5 -1.794
4 92 2.31 5 0.957 2.5 5 0 4.687 5 0 4.331 5 1.794
4 92 -1.768 5 1.768 -0.957 5 2.31 -1.794 5 4.331 -3.315 5 3.315
4 92 1.768 5 -1.768 0.957 5 -2.31 1.794 5 -4.331 3.315 5 -3.315
4 92 -0.957 5 -2.31 -1.768 5 -1.768 -3.315 5 -3.315 -1.794 5 -4.331
4 92 0.957 5 2.31 1.768 5 1.768 3.315 5 3.315 1.794 5 4.331
4 92 -2.5 5 0 -2.31 5 0.957 -4.331 5 1.794 -4.687 5 0
4 92 -1.794 5 -4.331 -3.315 5 -3.315 -3.315 10 -3.315 -1.794 10 -4.331
4 92 1.794 5 -4.331 0 5 -4.687 0 10 -4.687 1.794 10 -4.331
4 92 4.331 5 -1.794 3.315 5 -3.315 3.315 10 -3.315 4.331 10 -1.794
4 92 4.331 5 1.794 4.687 5 0 4.687 10 0 4.331 10 1.794
4 92 -3.315 5 3.315 -1.794 5 4.331 -1.794 10 4.331 -3.315 10 3.315
4 92 1.794 5 4.331 3.315 5 3.315 3.315 10 3.315 1.794 10 4.331
4 92 -4.687 5 0 -4.331 5 1.794 -4.331 10 1.794 -4.687 10 0
4 92 -3.315 5 -3.315 -4.331 5 -1.794 -4.331 10 -1.794 -3.315 10 -3.315
4 92 0 5 -4.687 -1.794 5 -4.331 -1.794 10 -4.331 0 10 -4.687
4 92 3.315 5 -3.315 1.794 5 -4.331 1.794 10 -4.331 3.315 10 -3.315
4 92 4.687 5 0 4.331 5 -1.794 4.331 10 -1.794 4.687 10 0
4 92 -1.794 5 4.331 0 5 4.687 0 10 4.687 -1.794 10 4.331
4 92 3.315 5 3.315 4.331 5 1.794 4.331 10 1.794 3.315 10 3.315
4 92 -4.331 5 1.794 -3.315 5 3.315 -3.315 10 3.315 -4.331 10 1.794
4 92 0 5 4.687 1.794 5 4.331 1.794 10 4.331 0 10 4.687
4 92 -4.331 5 -1.794 -4.687 5 0 -4.687 10 0 -4.331 10 -1.794
3 92 -3.315 10 -3.315 -4.331 10 -1.794 0 10 0
3 92 0 10 -4.687 -1.794 10 -4.331 0 10 0
3 92 3.315 10 -3.315 1.794 10 -4.331 0 10 0
3 92 4.687 10 0 4.331 10 -1.794 0 10 0
3 92 -1.794 10 4.331 0 10 4.687 0 10 0
3 92 3.315 10 3.315 4.331 10 1.794 0 10 0
3 92 -4.331 10 1.794 -3.315 10 3.315 0 10 0
3 92 0 10 4.687 1.794 10 4.331 0 10 0
3 92 -4.331 10 -1.794 -4.687 10 0 0 10 0
3 92 -1.794 10 -4.331 -3.315 10 -3.315 0 10 0
3 92 1.794 10 -4.331 0 10 -4.687 0 10 0
3 92 4.331 10 -1.794 3.315 10 -3.315 0 10 0
3 92 4.331 10 1.794 4.687 10 0 0 10 0
3 92 -3.315 10 3.315 -1.794 10 4.331 0 10 0
3 92 1.794 10 4.331 3.315 10 3.315 0 10 0
3 92 -4.687 10 0 -4.331 10 1.794 0 10 0
4 92 -8.398 -3.491 0 -7.759 -3.491 -4.604 -8.188 -4.062 -4.916 -8.863 -4.062 0
3 92 2.884 -10.045 -11.677 2.721 -10.289 -11.693 1.297 -6.506 -12.537
4 6 -0.858 -5.849 -12.733 -0.858 -6.346 -12.666 -1.397 -6.414 -12.506 -1.397 -5.918 -12.573
4 92 -6.352 -2.5 2.631 -7.211 -2.919 2.987 -5.519 -2.919 5.519 -4.861 -2.5 4.861
3 6 2.191 -11.273 -11.722 0.985 -10.848 -12.065 0.998 -10.403 -12.122
3 6 0.998 -10.403 -12.122 2.629 -10.581 -11.685 2.191 -11.273 -11.722
5 24 0.998 -10.403 -12.122 2.191 -11.273 -11.722 2.629 -10.581 -11.685 0.985 -10.848 -12.065
4 6 -4.614 -10.6 -10.343 -4.744 -11.499 -10.136 -5.418 -11.563 -9.545 -5.498 -10.875 -9.547
4 6 2.721 -10.289 -11.693 3.54 -11.459 -11.327 2.779 -11.414 -11.545 2.629 -10.581 -11.685
4 6 -3.54 -11.448 -11.24 -3.737 -11.466 -11.052 -3.784 -9.826 -11.226 -3.54 -9.874 -11.449
4 6 6.706 -4.062 6.706 6.999 -5.625 6.999 9.144 -5.625 3.788 8.761 -4.062 3.629
3 6 -5.051 -20.85 -6.993 -2.734 -20.85 -9.18 -1.757 -22.725 -6.163
3 92 -1.397 -6.414 -12.506 -0.858 -6.346 -12.666 -1.455 -10.368 -11.956
3 92 -0.858 -6.346 -12.666 -0.32 -6.297 -12.823 -1.455 -10.368 -11.956
3 92 -2.999 -10.581 -11.503 -3.092 -10.289 -11.517 -2.474 -6.649 -12.173
3 92 -3.214 -3.491 -11.114 -3.392 -4.062 -11.869 -6.267 -4.062 -9.084
3 92 -4.744 -11.499 -10.136 -6.541 -13.125 -8.406 -5.418 -11.563 -9.545
4 6 3.127 -9.883 -11.628 3.414 -9.826 -11.554 2.721 -10.289 -11.693 2.884 -10.045 -11.677
4 6 3.788 -15.85 8.856 3.487 -18.35 8.146 6.444 -18.35 6.233 6.999 -15.85 6.778
4 6 -0.858 -5.849 -12.733 -0.32 -5.8 -12.891 -0.32 -6.297 -12.823 -0.858 -6.346 -12.666
3 92 1.297 -6.01 -12.596 0.758 -5.918 -12.757 0 -5.625 -13.004
3 6 9.25 -15.625 0 9.25 -5.625 0 9.898 -13.986 0
4 92 -2.631 -2.5 -6.352 0 -2.5 -6.875 0 -2.919 -10.177 -2.987 -2.919 -9.402
4 92 3.414 -9.826 -11.554 3.127 -9.883 -11.628 1.835 -6.143 -12.43 3.54 -5.625 -12.014
3 92 -4.614 -10.6 -10.343 -6.541 -5.625 -9.195 -4.477 -10.289 -10.513
3 6 -3.092 -10.289 -11.517 -2.999 -10.581 -11.503 -3.54 -11.448 -11.24
3 92 -6.267 -4.062 -9.084 -6.541 -5.625 -9.195 -8.546 -5.625 -4.976
3 92 -8.546 -5.625 -4.976 -8.188 -4.062 -4.916 -6.267 -4.062 -9.084
5 24 -8.546 -5.625 -4.976 -6.267 -4.062 -9.084 -8.188 -4.062 -4.916 -6.541 -5.625 -9.195
4 6 0.758 -6.414 -12.699 0.219 -6.346 -12.854 0.219 -5.849 -12.916 0.758 -5.918 -12.757
4 6 -1.936 -6.522 -12.341 -2.474 -6.649 -12.173 -2.474 -6.153 -12.24 -1.936 -6.026 -12.408
4 6 9.25 -5.625 0 8.863 -4.062 0 9.483 -4.062 0 9.898 -5.625 0
4 6 -9.898 -13.986 0 -9.25 -13.125 0 -8.546 -13.125 -4.549 -9.144 -13.986 -4.868
4 92 -8.863 -4.062 0 -8.188 -4.062 -4.916 -8.546 -5.625 -4.976 -9.25 -5.625 0
4 6 -9.144 -5.625 3.788 -9.144 -13.986 3.788 -6.999 -13.986 6.999 -6.999 -5.625 6.999
3 92 -4.477 -10.289 -10.513 -6.541 -5.625 -9.195 -4.315 -10.045 -10.698
3 6 3.54 -9.851 -11.516 3.701 -9.883 -11.378 3.54 -11.459 -11.327
3 92 0.985 -10.848 -12.065 2.191 -11.273 -11.722 0 -13.875 -11.888
4 6 6.999 -15.538 -8.995 6.999 -15.85 -8.995 3.788 -15.85 -11.752 3.788 -15.236 -11.752
4 6 -6.541 -13.125 -8.406 -3.54 -13.375 -10.983 -3.788 -14.236 -11.752 -6.999 -13.986 -8.995
3 6 8.546 -15.312 -4.549 9.144 -15.85 -4.868 6.999 -15.538 -8.995
3 6 6.999 -15.538 -8.995 6.541 -15 -8.406 8.546 -15.312 -4.549
5 24 6.999 -15.538 -8.995 8.546 -15.312 -4.549 6.541 -15 -8.406 9.144 -15.85 -4.868
4 92 -3.214 -3.491 -11.114 0 -3.491 -12.03 0 -4.062 -12.847 -3.392 -4.062 -11.869
4 6 1.297 -6.01 -12.596 1.297 -6.506 -12.537 0.758 -6.414 -12.699 0.758 -5.918 -12.757
3 6 -4.477 -10.289 -10.513 -4.188 -11.518 -10.621 -4.614 -10.6 -10.343
4 6 6.999 -15.85 -8.995 9.144 -15.85 -4.868 8.419 -18.35 -4.547 6.444 -18.35 -8.422
3 6 5.291 -11.197 -9.896 4.269 -11.395 -10.726 4.107 -10.289 -10.992
3 6 4.107 -10.289 -10.992 5.233 -10.526 -10.011 5.291 -11.197 -9.896
5 24 4.107 -10.289 -10.992 5.291 -11.197 -9.896 5.233 -10.526 -10.011 4.269 -11.395 -10.726
4 6 -4.188 -11.518 -10.621 -4.315 -10.045 -10.698 -4.071 -9.883 -10.948 -3.737 -11.466 -11.052
4 92 -2.631 -2.5 6.352 -4.861 -2.5 4.861 -5.519 -2.919 5.519 -2.987 -2.919 7.211
4 92 0 -3.491 -12.03 3.214 -3.491 -11.114 3.392 -4.062 -11.869 0 -4.062 -12.847
3 92 3.392 -4.062 -11.869 3.214 -3.491 -11.114 6.267 -4.062 -9.084
3 92 3.392 -4.062 -11.869 3.54 -5.625 -12.014 0 -5.625 -13.004
3 92 0 -5.625 -13.004 0 -4.062 -12.847 3.392 -4.062 -11.869
5 24 0 -5.625 -13.004 3.392 -4.062 -11.869 0 -4.062 -12.847 3.54 -5.625 -12.014
3 92 6.267 -4.062 -9.084 6.541 -5.625 -9.195 3.54 -5.625 -12.014
3 92 3.54 -5.625 -12.014 3.392 -4.062 -11.869 6.267 -4.062 -9.084
5 24 3.54 -5.625 -12.014 6.267 -4.062 -9.084 3.392 -4.062 -11.869 6.541 -5.625 -9.195
3 92 4.861 -2.5 -4.861 6.352 -2.5 -2.631 7.211 -2.919 -3.895
3 92 8.188 -4.062 -4.916 8.546 -5.625 -4.976 6.541 -5.625 -9.195
3 92 6.541 -5.625 -9.195 6.267 -4.062 -9.084 8.188 -4.062 -4.916
5 24 6.541 -5.625 -9.195 8.188 -4.062 -4.916 6.267 -4.062 -9.084 8.546 -5.625 -4.976
3 92 7.211 -2.919 -3.895 6.352 -2.5 -2.631 7.805 -2.919 0
4 6 -9.898 -13.986 0 -9.898 -15.85 0 -9.144 -15.85 3.668 -9.144 -13.986 3.788
4 92 7.759 -3.491 -4.604 8.398 -3.491 0 8.863 -4.062 0 8.188 -4.062 -4.916
3 92 -6.352 -2.5 -2.631 -7.211 -2.919 -3.895 -7.805 -2.919 0
4 92 9.25 -5.625 0 8.546 -5.625 -4.976 8.188 -4.062 -4.916 8.863 -4.062 0
3 92 -6.352 -2.5 -2.631 -4.861 -2.5 -4.861 -7.211 -2.919 -3.895
3 92 2.987 -2.919 -9.402 2.631 -2.5 -6.352 5.519 -2.919 -7.196
4 92 0 -2.5 -6.875 2.631 -2.5 -6.352 2.987 -2.919 -9.402 0 -2.919 -10.177
4 92 0 -2.5 6.875 2.631 -2.5 6.352 2.631 0 6.352 0 0 6.875
4 92 2.631 -2.5 6.352 4.861 -2.5 4.861 4.861 0 4.861 2.631 0 6.352
4 92 4.861 -2.5 4.861 6.352 -2.5 2.631 6.352 0 2.631 4.861 0 4.861
4 92 6.352 -2.5 2.631 6.875 -2.5 0 6.875 0 0 6.352 0 2.631
4 92 6.875 -2.5 0 6.352 -2.5 -2.631 6.352 0 -2.631 6.875 0 0
4 92 6.352 -2.5 -2.631 4.861 -2.5 -4.861 4.861 0 -4.861 6.352 0 -2.631
4 92 4.861 -2.5 -4.861 2.631 -2.5 -6.352 2.631 0 -6.352 4.861 0 -4.861
4 92 2.631 -2.5 -6.352 0 -2.5 -6.875 0 0 -6.875 2.631 0 -6.352
4 92 0 -2.5 -6.875 -2.631 -2.5 -6.352 -2.631 0 -6.352 0 0 -6.875
4 92 -2.631 -2.5 -6.352 -4.861 -2.5 -4.861 -4.861 0 -4.861 -2.631 0 -6.352
4 92 -4.861 -2.5 -4.861 -6.352 -2.5 -2.631 -6.352 0 -2.631 -4.861 0 -4.861
4 92 -6.352 -2.5 -2.631 -6.875 -2.5 0 -6.875 0 0 -6.352 0 -2.631
4 92 -6.875 0 0 -6.875 -2.5 0 -6.352 -2.5 2.631 -6.352 0 2.631
4 92 -6.352 0 2.631 -6.352 -2.5 2.631 -4.861 -2.5 4.861 -4.861 0 4.861
4 92 -2.631 0 6.352 -2.631 -2.5 6.352 0 -2.5 6.875 0 0 6.875
4 92 -4.861 0 4.861 -4.861 -2.5 4.861 -2.631 -2.5 6.352 -2.631 0 6.352
3 92 -3.54 -5.625 -12.014 -2.474 -6.153 -12.24 -2.474 -6.649 -12.173
3 92 -3.54 -5.625 -12.014 -1.936 -6.026 -12.408 -2.474 -6.153 -12.24
4 6 -3.629 -4.062 8.761 0 -4.062 9.483 0 -2.919 7.805 -2.987 -2.919 7.211
3 92 8.546 -5.625 -4.976 8.546 -15.312 -4.549 6.541 -15 -8.406
3 92 6.541 -15 -8.406 6.541 -5.625 -9.195 8.546 -5.625 -4.976
5 24 6.541 -15 -8.406 8.546 -5.625 -4.976 6.541 -5.625 -9.195 8.546 -15.312 -4.549
4 92 -9.25 -5.625 0 -8.546 -5.625 -4.976 -8.546 -13.125 -4.549 -9.25 -13.125 0
4 6 -6.541 -13.125 -8.406 -6.999 -13.986 -8.995 -9.144 -13.986 -4.868 -8.546 -13.125 -4.549
4 92 8.546 -5.625 -4.976 9.25 -5.625 0 9.25 -15.625 0 8.546 -15.312 -4.549
3 92 -6.541 -5.625 -9.195 -6.541 -13.125 -8.406 -8.546 -13.125 -4.549
3 92 -8.546 -13.125 -4.549 -8.546 -5.625 -4.976 -6.541 -5.625 -9.195
5 24 -8.546 -13.125 -4.549 -6.541 -5.625 -9.195 -8.546 -5.625 -4.976 -6.541 -13.125 -8.406
3 6 -6.999 -13.986 6.999 -6.999 -15.85 6.778 -3.788 -15.85 8.856
3 6 -3.788 -15.85 8.856 -3.788 -13.986 9.144 -6.999 -13.986 6.999
5 24 -3.788 -15.85 8.856 -6.999 -13.986 6.999 -3.788 -13.986 9.144 -6.999 -15.85 6.778
4 6 9.144 -5.625 3.788 9.144 -13.986 3.788 9.898 -13.986 0 9.898 -5.625 0
4 6 0 -13.986 9.898 -3.788 -13.986 9.144 -3.788 -15.85 8.856 0 -15.85 9.586
4 6 0 -5.625 9.898 0 -13.986 9.898 3.788 -13.986 9.144 3.788 -5.625 9.144
3 6 6.999 -13.986 6.999 6.999 -15.85 6.778 9.144 -15.85 3.668
3 6 9.144 -15.85 3.668 9.144 -13.986 3.788 6.999 -13.986 6.999
5 24 9.144 -15.85 3.668 6.999 -13.986 6.999 9.144 -13.986 3.788 6.999 -15.85 6.778
3 6 3.788 -13.986 9.144 3.788 -15.85 8.856 6.999 -15.85 6.778
3 6 6.999 -15.85 6.778 6.999 -13.986 6.999 3.788 -13.986 9.144
5 24 6.999 -15.85 6.778 3.788 -13.986 9.144 6.999 -13.986 6.999 3.788 -15.85 8.856
4 6 -9.898 -5.625 0 -9.144 -5.625 3.788 -8.761 -4.062 3.629 -9.483 -4.062 0
4 6 -9.144 -5.625 3.788 -6.999 -5.625 6.999 -6.706 -4.062 6.706 -8.761 -4.062 3.629
4 6 -7.211 -2.919 2.987 -8.761 -4.062 3.629 -6.706 -4.062 6.706 -5.519 -2.919 5.519
4 6 -9.898 -15.85 0 -9.898 -13.986 0 -9.144 -13.986 -4.868 -9.144 -15.85 -4.868
4 6 0 -5.625 9.898 3.788 -5.625 9.144 3.629 -4.062 8.761 0 -4.062 9.483
4 6 -9.25 -5.625 0 -9.898 -5.625 0 -9.483 -4.062 0 -8.863 -4.062 0
4 92 -2.987 -2.919 7.211 0 -2.919 7.805 0 -2.5 6.875 -2.631 -2.5 6.352
4 6 8.761 -4.062 3.629 9.144 -5.625 3.788 9.898 -5.625 0 9.483 -4.062 0
4 92 7.211 -2.919 2.987 6.352 -2.5 2.631 4.861 -2.5 4.861 5.519 -2.919 5.519
4 6 3.788 -5.625 9.144 3.788 -13.986 9.144 6.999 -13.986 6.999 6.999 -5.625 6.999
4 6 3.788 -13.986 9.144 0 -13.986 9.898 0 -15.85 9.586 3.788 -15.85 8.856
3 6 3.54 -14.375 -10.983 3.788 -15.236 -11.752 0 -14.736 -12.72
3 6 0 -14.736 -12.72 0 -13.875 -11.888 3.54 -14.375 -10.983
5 24 0 -14.736 -12.72 3.54 -14.375 -10.983 0 -13.875 -11.888 3.788 -15.236 -11.752
4 6 3.788 -5.625 9.144 6.999 -5.625 6.999 6.706 -4.062 6.706 3.629 -4.062 8.761
4 92 2.631 -2.5 6.352 2.987 -2.919 7.211 5.519 -2.919 5.519 4.861 -2.5 4.861
3 92 -3.392 -4.062 -11.869 -3.54 -5.625 -12.014 -6.541 -5.625 -9.195
3 92 -6.541 -5.625 -9.195 -6.267 -4.062 -9.084 -3.392 -4.062 -11.869
5 24 -6.541 -5.625 -9.195 -3.392 -4.062 -11.869 -6.267 -4.062 -9.084 -3.54 -5.625 -12.014
3 6 8.398 -3.491 0 7.805 -2.919 0 9.483 -4.062 0
3 6 9.483 -4.062 0 8.863 -4.062 0 8.398 -3.491 0
3 92 -7.805 -2.919 0 -8.398 -3.491 0 -8.863 -4.062 0
3 6 -7.805 -2.919 0 -8.863 -4.062 0 -9.483 -4.062 0
4 6 7.211 -2.919 2.987 8.761 -4.062 3.629 9.483 -4.062 0 7.805 -2.919 0
4 92 6.352 -2.5 2.631 7.211 -2.919 2.987 7.805 -2.919 0 6.875 -2.5 0
4 6 -2.987 -2.919 7.211 -5.519 -2.919 5.519 -6.706 -4.062 6.706 -3.629 -4.062 8.761
4 92 -6.875 -2.5 0 -7.805 -2.919 0 -7.211 -2.919 2.987 -6.352 -2.5 2.631
4 6 9.144 -15.85 3.668 6.999 -15.85 6.778 6.444 -18.35 6.233 8.419 -18.35 3.37
4 6 -7.805 -2.919 0 -9.483 -4.062 0 -8.761 -4.062 3.629 -7.211 -2.919 2.987
3 92 0 -5.83 -12.976 -0.32 -5.8 -12.891 0.219 -5.849 -12.916
4 6 -3.629 -4.062 8.761 -3.788 -5.625 9.144 0 -5.625 9.898 0 -4.062 9.483
4 6 6.706 -4.062 6.706 5.519 -2.919 5.519 2.987 -2.919 7.211 3.629 -4.062 8.761
4 6 6.706 -4.062 6.706 8.761 -4.062 3.629 7.211 -2.919 2.987 5.519 -2.919 5.519
4 6 3.788 -15.236 -11.752 3.788 -15.85 -11.752 0 -15.85 -12.72 0 -14.736 -12.72
4 6 0 -14.736 -12.72 0 -15.85 -12.72 -3.788 -15.85 -11.752 -3.788 -14.236 -11.752
4 6 6.999 -5.625 6.999 6.999 -13.986 6.999 9.144 -13.986 3.788 9.144 -5.625 3.788
4 6 -3.788 -5.625 9.144 -3.629 -4.062 8.761 -6.706 -4.062 6.706 -6.999 -5.625 6.999
4 6 -3.788 -5.625 9.144 -3.788 -13.986 9.144 0 -13.986 9.898 0 -5.625 9.898
4 6 -6.999 -5.625 6.999 -6.999 -13.986 6.999 -3.788 -13.986 9.144 -3.788 -5.625 9.144
4 6 -6.999 -13.986 -8.995 -3.788 -14.236 -11.752 -3.788 -15.85 -11.752 -6.999 -15.85 -8.995
3 6 9.144 -15.85 -4.868 8.546 -15.312 -4.549 9.898 -15.85 0
3 6 9.25 -15.625 0 9.898 -13.986 0 9.898 -15.85 0
3 92 2.987 -2.919 -9.402 5.519 -2.919 -7.196 5.939 -3.491 -8.506
4 6 9.898 -15.85 0 9.898 -13.986 0 9.144 -13.986 3.788 9.144 -15.85 3.668
3 6 -9.144 -13.986 3.788 -9.144 -15.85 3.668 -6.999 -15.85 6.778
3 6 -6.999 -15.85 6.778 -6.999 -13.986 6.999 -9.144 -13.986 3.788
5 24 -6.999 -15.85 6.778 -9.144 -13.986 3.788 -6.999 -13.986 6.999 -9.144 -15.85 3.668
4 6 -9.898 -15.85 0 -9.113 -18.35 -0.008 -8.419 -18.35 3.37 -9.144 -15.85 3.668
3 6 6.999 -15.538 -8.995 9.144 -15.85 -4.868 6.999 -15.85 -8.995
4 6 -9.898 -5.625 0 -9.898 -13.986 0 -9.144 -13.986 3.788 -9.144 -5.625 3.788
4 6 -9.25 -13.125 0 -9.898 -13.986 0 -9.898 -5.625 0 -9.25 -5.625 0
4 6 6.999 -15.85 -8.995 6.444 -18.35 -8.422 3.487 -18.35 -11.011 3.788 -15.85 -11.752
4 6 -9.144 -15.85 3.668 -8.419 -18.35 3.37 -6.444 -18.35 6.233 -6.999 -15.85 6.778
4 6 -3.788 -15.85 8.856 -6.999 -15.85 6.778 -6.444 -18.35 6.233 -3.487 -18.35 8.146
4 6 -3.788 -15.85 -11.752 0 -15.85 -12.72 0 -18.35 -11.92 -3.487 -18.35 -11.011
4 6 -9.144 -15.85 -4.868 -6.999 -15.85 -8.995 -6.444 -18.35 -8.422 -8.419 -18.35 -4.547
4 6 -9.898 -15.85 0 -9.144 -15.85 -4.868 -8.419 -18.35 -4.547 -9.113 -18.35 -0.008
4 6 -6.999 -15.85 -8.995 -3.788 -15.85 -11.752 -3.487 -18.35 -11.011 -6.444 -18.35 -8.422
4 6 9.898 -15.85 0 9.144 -15.85 3.668 8.419 -18.35 3.37 9.113 -18.35 -0.008
4 6 0 -15.85 9.586 0 -18.35 8.818 3.487 -18.35 8.146 3.788 -15.85 8.856
4 6 9.144 -15.85 -4.868 9.898 -15.85 0 9.113 -18.35 -0.008 8.419 -18.35 -4.547
4 6 0 -15.85 9.586 -3.788 -15.85 8.856 -3.487 -18.35 8.146 0 -18.35 8.818
4 6 0 -15.85 -12.72 3.788 -15.85 -11.752 3.487 -18.35 -11.011 0 -18.35 -11.92
4 6 0 -18.35 8.818 -3.487 -18.35 8.146 -2.734 -20.85 6.38 0 -20.85 6.907
4 6 -9.113 -18.35 -0.008 -7.143 -20.85 -0.012 -6.599 -20.85 2.636 -8.419 -18.35 3.37
3 6 -3.487 -18.35 -11.011 -2.734 -20.85 -9.18 -5.051 -20.85 -6.993
3 6 -5.051 -20.85 -6.993 -6.444 -18.35 -8.422 -3.487 -18.35 -11.011
5 24 -5.051 -20.85 -6.993 -3.487 -18.35 -11.011 -6.444 -18.35 -8.422 -2.734 -20.85 -9.18
4 6 0 -18.35 8.818 0 -20.85 6.907 2.734 -20.85 6.38 3.487 -18.35 8.146
4 6 3.487 -18.35 8.146 2.734 -20.85 6.38 5.051 -20.85 4.88 6.444 -18.35 6.233
3 6 8.419 -18.35 -4.547 6.599 -20.85 -3.719 5.051 -20.85 -6.993
3 6 5.051 -20.85 -6.993 6.444 -18.35 -8.422 8.419 -18.35 -4.547
5 24 5.051 -20.85 -6.993 8.419 -18.35 -4.547 6.444 -18.35 -8.422 6.599 -20.85 -3.719
4 6 -8.419 -18.35 3.37 -6.599 -20.85 2.636 -5.051 -20.85 4.88 -6.444 -18.35 6.233
4 6 -3.487 -18.35 8.146 -6.444 -18.35 6.233 -5.051 -20.85 4.88 -2.734 -20.85 6.38
3 6 3.487 -18.35 -11.011 2.734 -20.85 -9.18 0 -20.85 -9.949
3 6 0 -20.85 -9.949 0 -18.35 -11.92 3.487 -18.35 -11.011
5 24 0 -20.85 -9.949 3.487 -18.35 -11.011 0 -18.35 -11.92 2.734 -20.85 -9.18
3 6 -6.444 -18.35 -8.422 -5.051 -20.85 -6.993 -6.599 -20.85 -3.719
3 6 -6.599 -20.85 -3.719 -8.419 -18.35 -4.547 -6.444 -18.35 -8.422
5 24 -6.599 -20.85 -3.719 -6.444 -18.35 -8.422 -8.419 -18.35 -4.547 -5.051 -20.85 -6.993
4 6 -9.113 -18.35 -0.008 -8.419 -18.35 -4.547 -6.599 -20.85 -3.719 -7.143 -20.85 -0.012
3 6 6.444 -18.35 -8.422 5.051 -20.85 -6.993 2.734 -20.85 -9.18
3 6 2.734 -20.85 -9.18 3.487 -18.35 -11.011 6.444 -18.35 -8.422
5 24 2.734 -20.85 -9.18 6.444 -18.35 -8.422 3.487 -18.35 -11.011 5.051 -20.85 -6.993
4 6 8.419 -18.35 3.37 6.444 -18.35 6.233 5.051 -20.85 4.88 6.599 -20.85 2.636
4 6 9.113 -18.35 -0.008 8.419 -18.35 3.37 6.599 -20.85 2.636 7.143 -20.85 -0.012
4 6 8.419 -18.35 -4.547 9.113 -18.35 -0.008 7.143 -20.85 -0.012 6.599 -20.85 -3.719
3 6 -4.242 -22.725 -2.175 -6.599 -20.85 -3.719 -3.247 -22.725 -4.566
3 6 0 -18.35 -11.92 0 -20.85 -9.949 -2.734 -20.85 -9.18
3 6 -2.734 -20.85 -9.18 -3.487 -18.35 -11.011 0 -18.35 -11.92
5 24 -2.734 -20.85 -9.18 0 -18.35 -11.92 -3.487 -18.35 -11.011 0 -20.85 -9.949
3 6 5.051 -20.85 -6.993 3.247 -22.725 -4.566 1.757 -22.725 -6.163
4 6 -7.143 -20.85 -0.012 -6.599 -20.85 -3.719 -4.242 -22.725 -2.175 -4.592 -22.725 -0.002
4 6 5.051 -20.85 4.88 3.247 -22.725 3.142 4.242 -22.725 1.7 6.599 -20.85 2.636
4 6 6.599 -20.85 2.636 4.242 -22.725 1.7 4.592 -22.725 -0.002 7.143 -20.85 -0.012
4 6 0 -20.85 6.907 -2.734 -20.85 6.38 -1.757 -22.725 4.106 0 -22.725 4.445
4 6 6.599 -20.85 -3.719 7.143 -20.85 -0.012 4.592 -22.725 -0.002 4.242 -22.725 -2.175
3 6 0 -20.85 -9.949 0 -22.725 -6.724 -1.757 -22.725 -6.163
3 6 -1.757 -22.725 -6.163 -2.734 -20.85 -9.18 0 -20.85 -9.949
5 24 -1.757 -22.725 -6.163 0 -20.85 -9.949 -2.734 -20.85 -9.18 0 -22.725 -6.724
3 6 -3.247 -22.725 -4.566 -5.051 -20.85 -6.993 -1.757 -22.725 -6.163
4 6 -6.599 -20.85 2.636 -7.143 -20.85 -0.012 -4.592 -22.725 -0.002 -4.242 -22.725 1.7
3 6 6.599 -20.85 -3.719 4.242 -22.725 -2.175 3.247 -22.725 -4.566
4 6 2.734 -20.85 6.38 1.757 -22.725 4.106 3.247 -22.725 3.142 5.051 -20.85 4.88
4 6 -2.734 -20.85 6.38 -5.051 -20.85 4.88 -3.247 -22.725 3.142 -1.757 -22.725 4.106
4 6 -5.051 -20.85 4.88 -6.599 -20.85 2.636 -4.242 -22.725 1.7 -3.247 -22.725 3.142
4 6 0 -20.85 6.907 0 -22.725 4.445 1.757 -22.725 4.106 2.734 -20.85 6.38
3 6 0 -23.725 -0.002 0 -22.725 4.445 -1.757 -22.725 4.106
3 92 -2.987 -2.919 -9.402 -3.214 -3.491 -11.114 -5.939 -3.491 -8.506
3 92 7.211 -2.919 -3.895 7.805 -2.919 0 8.398 -3.491 0
3 6 2.734 -20.85 -9.18 1.757 -22.725 -6.163 0 -22.725 -6.724
3 6 0 -22.725 -6.724 0 -20.85 -9.949 2.734 -20.85 -9.18
5 24 0 -22.725 -6.724 2.734 -20.85 -9.18 0 -20.85 -9.949 1.757 -22.725 -6.163
4 92 -2.987 -2.919 -9.402 0 -2.919 -10.177 0 -3.491 -12.03 -3.214 -3.491 -11.114
3 92 3.214 -3.491 -11.114 2.987 -2.919 -9.402 5.939 -3.491 -8.506
3 92 7.759 -3.491 -4.604 7.211 -2.919 -3.895 8.398 -3.491 0
4 92 0 -2.919 -10.177 2.987 -2.919 -9.402 3.214 -3.491 -11.114 0 -3.491 -12.03
4 6 -1.397 -6.414 -12.506 -1.936 -6.522 -12.341 -1.936 -6.026 -12.408 -1.397 -5.918 -12.573
4 6 -0.32 -5.8 -12.891 0 -5.83 -12.976 0 -6.326 -12.909 -0.32 -6.297 -12.823
3 92 -3.092 -10.289 -11.517 -3.54 -5.625 -12.014 -2.474 -6.649 -12.173
3 92 -0.32 -6.297 -12.823 0 -6.326 -12.909 -1.455 -10.368 -11.956
3 92 2.629 -10.581 -11.685 0.998 -10.403 -12.122 2.721 -10.289 -11.693
3 92 2.884 -10.045 -11.677 1.835 -6.639 -12.371 1.835 -6.143 -12.43
3 92 3.54 -5.625 -12.014 1.297 -6.01 -12.596 0 -5.625 -13.004
3 92 0.219 -5.849 -12.916 0 -5.625 -13.004 0.758 -5.918 -12.757
3 6 0 -6.326 -12.909 0 -5.83 -12.976 0.219 -5.849 -12.916
3 6 0.219 -5.849 -12.916 0.219 -6.346 -12.854 0 -6.326 -12.909
5 24 0.219 -5.849 -12.916 0 -6.326 -12.909 0.219 -6.346 -12.854 0 -5.83 -12.976
3 92 0 -13.875 -11.888 -2.282 -11.256 -11.61 -1.251 -11.058 -11.92
3 6 2.779 -11.414 -11.545 2.191 -11.273 -11.722 2.629 -10.581 -11.685
3 92 0.219 -6.346 -12.854 0.998 -10.403 -12.122 0.985 -10.848 -12.065
3 92 3.54 -5.625 -12.014 3.54 -9.851 -11.516 3.414 -9.826 -11.554
3 92 0.219 -5.849 -12.916 0 -5.83 -12.976 0 -5.625 -13.004
3 92 1.835 -6.143 -12.43 1.297 -6.01 -12.596 3.54 -5.625 -12.014
3 92 -3.54 -5.625 -12.014 -1.397 -5.918 -12.573 -1.936 -6.026 -12.408
3 92 -3.54 -5.625 -12.014 -0.858 -5.849 -12.733 -1.397 -5.918 -12.573
4 6 -9.144 -15.85 -4.868 -9.144 -13.986 -4.868 -6.999 -13.986 -8.995 -6.999 -15.85 -8.995
3 6 -3.54 -9.874 -11.449 -3.092 -10.289 -11.517 -3.54 -11.448 -11.24
3 92 0.998 -10.403 -12.122 0.758 -6.414 -12.699 2.721 -10.289 -11.693
3 92 -3.54 -5.625 -12.014 0 -5.625 -13.004 -0.858 -5.849 -12.733
3 92 0 -13.875 -11.888 -3.54 -13.375 -10.983 -2.282 -11.256 -11.61
3 92 0 -5.625 -13.004 0 -5.83 -12.976 -0.32 -5.8 -12.891
3 92 -3.392 -4.062 -11.869 0 -4.062 -12.847 0 -5.625 -13.004
3 92 0 -5.625 -13.004 -3.54 -5.625 -12.014 -3.392 -4.062 -11.869
5 24 0 -5.625 -13.004 -3.392 -4.062 -11.869 -3.54 -5.625 -12.014 0 -4.062 -12.847
4 92 2.987 -2.919 7.211 2.631 -2.5 6.352 0 -2.5 6.875 0 -2.919 7.805
3 6 5.051 -20.85 -6.993 6.599 -20.85 -3.719 3.247 -22.725 -4.566
3 92 -1.936 -6.522 -12.341 -1.397 -6.414 -12.506 -1.455 -10.368 -11.956
3 92 -3.54 -5.625 -12.014 -3.092 -10.289 -11.517 -3.254 -10.045 -11.504
3 92 3.54 -5.625 -12.014 3.944 -10.045 -11.156 3.701 -9.883 -11.378
3 92 3.701 -9.883 -11.378 3.54 -9.851 -11.516 3.54 -5.625 -12.014
3 6 3.54 -14.375 -10.983 6.541 -15 -8.406 6.999 -15.538 -8.995
3 92 4.269 -11.395 -10.726 5.291 -11.197 -9.896 3.54 -14.375 -10.983
3 6 -2.999 -10.581 -11.503 -1.455 -10.368 -11.956 -2.282 -11.256 -11.61
3 92 -3.54 -13.375 -10.983 -4.188 -11.518 -10.621 -3.737 -11.466 -11.052
3 92 -3.54 -5.625 -12.014 -3.254 -10.045 -11.504 -3.54 -9.874 -11.449
3 92 -3.54 -5.625 -12.014 -3.784 -9.826 -11.226 -4.071 -9.883 -10.948
3 6 -4.188 -11.518 -10.621 -4.477 -10.289 -10.513 -4.315 -10.045 -10.698
3 92 -3.54 -5.625 -12.014 -3.54 -9.874 -11.449 -3.784 -9.826 -11.226
3 6 -3.254 -10.045 -11.504 -3.092 -10.289 -11.517 -3.54 -9.874 -11.449
3 92 -5.498 -10.875 -9.547 -5.418 -11.563 -9.545 -6.541 -13.125 -8.406
3 92 -6.541 -5.625 -9.195 -3.54 -5.625 -12.014 -4.315 -10.045 -10.698
3 92 -6.541 -5.625 -9.195 -4.614 -10.6 -10.343 -5.498 -10.875 -9.547
3 92 -3.54 -5.625 -12.014 -4.071 -9.883 -10.948 -4.315 -10.045 -10.698
4 92 -1.936 -6.522 -12.341 -1.455 -10.368 -11.956 -2.999 -10.581 -11.503 -2.474 -6.649 -12.173
3 6 -4.242 -22.725 1.7 -4.592 -22.725 -0.002 0 -23.725 -0.002
3 6 -3.247 -22.725 -4.566 -1.757 -22.725 -6.163 0 -23.725 -0.002
3 6 3.247 -22.725 3.142 1.757 -22.725 4.106 0 -23.725 -0.002
3 6 4.242 -22.725 -2.175 0 -23.725 -0.002 3.247 -22.725 -4.566
3 6 0 -23.725 -0.002 -1.757 -22.725 4.106 -3.247 -22.725 3.142
3 6 0 -23.725 -0.002 -3.247 -22.725 3.142 -4.242 -22.725 1.7
3 6 0 -22.725 4.445 0 -23.725 -0.002 1.757 -22.725 4.106
3 92 -5.519 -2.919 -7.196 -2.987 -2.919 -9.402 -5.939 -3.491 -8.506
3 6 -4.242 -22.725 -2.175 -3.247 -22.725 -4.566 0 -23.725 -0.002
3 6 -4.592 -22.725 -0.002 -4.242 -22.725 -2.175 0 -23.725 -0.002
3 6 1.757 -22.725 -6.163 3.247 -22.725 -4.566 0 -23.725 -0.002
3 6 3.247 -22.725 3.142 0 -23.725 -0.002 4.242 -22.725 1.7
3 6 4.592 -22.725 -0.002 4.242 -22.725 1.7 0 -23.725 -0.002
3 6 4.242 -22.725 -2.175 4.592 -22.725 -0.002 0 -23.725 -0.002
3 92 3.54 -14.375 -10.983 2.779 -11.414 -11.545 3.54 -11.459 -11.327
3 6 -3.149 -11.414 -11.351 -2.999 -10.581 -11.503 -2.282 -11.256 -11.61
3 6 3.414 -9.826 -11.554 3.54 -9.851 -11.516 3.54 -11.459 -11.327
3 92 -3.54 -13.375 -10.983 -3.149 -11.414 -11.351 -2.282 -11.256 -11.61
3 92 -2.631 -2.5 -6.352 -2.987 -2.919 -9.402 -5.519 -2.919 -7.196
3 92 -4.861 -2.5 -4.861 -2.631 -2.5 -6.352 -5.519 -2.919 -7.196
3 92 -3.54 -13.375 -10.983 -6.541 -13.125 -8.406 -4.744 -11.499 -10.136
3 92 5.291 -11.197 -9.896 6.541 -15 -8.406 3.54 -14.375 -10.983
3 92 0 -6.326 -12.909 -1.251 -11.058 -11.92 -1.455 -10.368 -11.956
3 6 2.734 -20.85 -9.18 5.051 -20.85 -6.993 1.757 -22.725 -6.163
3 92 6.267 -4.062 -9.084 5.939 -3.491 -8.506 8.188 -4.062 -4.916
3 6 -6.599 -20.85 -3.719 -5.051 -20.85 -6.993 -3.247 -22.725 -4.566
3 6 9.25 -5.625 0 9.898 -5.625 0 9.898 -13.986 0
3 6 3.788 -15.236 -11.752 3.54 -14.375 -10.983 6.999 -15.538 -8.995
3 6 0 -13.875 -11.888 0 -14.736 -12.72 -3.788 -14.236 -11.752
3 6 -3.788 -14.236 -11.752 -3.54 -13.375 -10.983 0 -13.875 -11.888
5 24 -3.788 -14.236 -11.752 0 -13.875 -11.888 -3.54 -13.375 -10.983 0 -14.736 -12.72
3 6 8.546 -15.312 -4.549 9.25 -15.625 0 9.898 -15.85 0
3 92 2.631 -2.5 -6.352 4.861 -2.5 -4.861 5.519 -2.919 -7.196
3 92 -6.875 -2.5 0 -6.352 -2.5 -2.631 -7.805 -2.919 0
3 92 6.352 -2.5 -2.631 6.875 -2.5 0 7.805 -2.919 0
3 92 3.214 -3.491 -11.114 5.939 -3.491 -8.506 6.267 -4.062 -9.084
3 6 -4.188 -11.518 -10.621 -4.744 -11.499 -10.136 -4.614 -10.6 -10.343
3 92 2.191 -11.273 -11.722 3.54 -14.375 -10.983 0 -13.875 -11.888
3 6 3.701 -9.883 -11.378 4.269 -11.395 -10.726 3.54 -11.459 -11.327
3 92 0.985 -10.848 -12.065 0 -13.875 -11.888 0 -6.326 -12.909
3 6 -4.071 -9.883 -10.948 -3.784 -9.826 -11.226 -3.737 -11.466 -11.052
4 6 1.835 -6.143 -12.43 1.835 -6.639 -12.371 1.297 -6.506 -12.537 1.297 -6.01 -12.596
3 92 0.219 -6.346 -12.854 0.985 -10.848 -12.065 0 -6.326 -12.909
3 6 -2.999 -10.581 -11.503 -3.149 -11.414 -11.351 -3.54 -11.448 -11.24
3 92 2.721 -10.289 -11.693 0.758 -6.414 -12.699 1.297 -6.506 -12.537
3 92 3.54 -14.375 -10.983 2.191 -11.273 -11.722 2.779 -11.414 -11.545
3 92 2.884 -10.045 -11.677 1.835 -6.143 -12.43 3.127 -9.883 -11.628
3 92 1.835 -6.639 -12.371 2.884 -10.045 -11.677 1.297 -6.506 -12.537
3 92 0.998 -10.403 -12.122 0.219 -6.346 -12.854 0.758 -6.414 -12.699
3 92 -7.759 -3.491 -4.604 -5.939 -3.491 -8.506 -8.188 -4.062 -4.916
3 6 -1.455 -10.368 -11.956 -1.251 -11.058 -11.92 -2.282 -11.256 -11.61
3 92 -5.939 -3.491 -8.506 -3.214 -3.491 -11.114 -6.267 -4.062 -9.084
3 92 -3.54 -13.375 -10.983 -3.54 -11.448 -11.24 -3.149 -11.414 -11.351
3 92 -4.188 -11.518 -10.621 -3.54 -13.375 -10.983 -4.744 -11.499 -10.136
3 92 0 -5.625 -13.004 -0.32 -5.8 -12.891 -0.858 -5.849 -12.733
3 92 3.54 -14.375 -10.983 3.54 -11.459 -11.327 4.269 -11.395 -10.726
3 92 -3.54 -11.448 -11.24 -3.54 -13.375 -10.983 -3.737 -11.466 -11.052
3 6 2.721 -10.289 -11.693 3.414 -9.826 -11.554 3.54 -11.459 -11.327
3 92 -6.541 -5.625 -9.195 -5.498 -10.875 -9.547 -6.541 -13.125 -8.406
3 92 -5.939 -3.491 -8.506 -6.267 -4.062 -9.084 -8.188 -4.062 -4.916
3 92 0 -6.326 -12.909 0 -13.875 -11.888 -1.251 -11.058 -11.92
4 6 3.629 -4.062 8.761 2.987 -2.919 7.211 0 -2.919 7.805 0 -4.062 9.483
4 6 3.701 -9.883 -11.378 3.944 -10.045 -11.156 4.107 -10.289 -10.992 4.269 -11.395 -10.726
3 6 0 -22.725 -6.724 1.757 -22.725 -6.163 0 -23.725 -0.002
3 6 0 -22.725 -6.724 0 -23.725 -0.002 -1.757 -22.725 -6.163
3 92 -5.519 -2.919 -7.196 -7.211 -2.919 -3.895 -4.861 -2.5 -4.861
3 92 7.211 -2.919 -3.895 7.759 -3.491 -4.604 5.519 -2.919 -7.196
3 92 7.211 -2.919 -3.895 5.519 -2.919 -7.196 4.861 -2.5 -4.861
3 92 5.939 -3.491 -8.506 5.519 -2.919 -7.196 7.759 -3.491 -4.604
3 92 5.939 -3.491 -8.506 7.759 -3.491 -4.604 8.188 -4.062 -4.916
3 92 -5.939 -3.491 -8.506 -7.759 -3.491 -4.604 -7.211 -2.919 -3.895
3 92 -5.939 -3.491 -8.506 -7.211 -2.919 -3.895 -5.519 -2.919 -7.196
3 92 -7.759 -3.491 -4.604 -8.398 -3.491 0 -7.805 -2.919 0
3 92 -7.759 -3.491 -4.604 -7.805 -2.919 0 -7.211 -2.919 -3.895
4 92 4.861 0 4.861 6.352 0 2.631 2.31 0 0.957 1.768 0 1.768
4 92 6.875 0 0 6.352 0 -2.631 2.31 0 -0.957 2.5 0 0
4 92 0 0 -6.875 -2.631 0 -6.352 -0.957 0 -2.31 0 0 -2.5
4 92 -6.875 0 0 -6.352 0 2.631 -2.31 0 0.957 -2.5 0 0
4 92 2.5 0 0 2.31 0 0.957 6.352 0 2.631 6.875 0 0
4 92 6.352 0 -2.631 4.861 0 -4.861 1.768 0 -1.768 2.31 0 -0.957
4 92 4.861 0 -4.861 2.631 0 -6.352 0.957 0 -2.31 1.768 0 -1.768
4 92 0 0 -2.5 0.957 0 -2.31 2.631 0 -6.352 0 0 -6.875
4 92 -2.631 0 -6.352 -4.861 0 -4.861 -1.768 0 -1.768 -0.957 0 -2.31
4 92 -4.861 0 -4.861 -6.352 0 -2.631 -2.31 0 -0.957 -1.768 0 -1.768
4 92 -2.5 0 0 -2.31 0 -0.957 -6.352 0 -2.631 -6.875 0 0
4 92 -6.352 0 2.631 -4.861 0 4.861 -1.768 0 1.768 -2.31 0 0.957
4 92 -4.861 0 4.861 -2.631 0 6.352 -0.957 0 2.31 -1.768 0 1.768
4 92 -2.631 0 6.352 0 0 6.875 0 0 2.5 -0.957 0 2.31
4 92 0.957 0 2.31 0 0 2.5 0 0 6.875 2.631 0 6.352
4 92 1.768 0 1.768 0.957 0 2.31 2.631 0 6.352 4.861 0 4.861
3 92 3.54 -5.625 -12.014 4.107 -10.289 -10.992 3.944 -10.045 -11.156
3 92 6.541 -15 -8.406 5.291 -11.197 -9.896 5.233 -10.526 -10.011
3 92 6.541 -15 -8.406 5.233 -10.526 -10.011 6.541 -5.625 -9.195
3 92 5.233 -10.526 -10.011 4.107 -10.289 -10.992 3.54 -5.625 -12.014
3 92 5.233 -10.526 -10.011 3.54 -5.625 -12.014 6.541 -5.625 -9.195
5 24 3.54 -14.375 -10.983 3.54 -11.459 -11.327 2.779 -11.414 -11.545 4.269 -11.395 -10.726
5 24 -6.999 -13.986 6.999 -3.788 -13.986 9.144 -6.999 -15.85 6.778 -6.999 -5.625 6.999
5 24 0.758 -5.918 -12.757 1.297 -6.01 -12.596 0 -5.625 -13.004 0.758 -6.414 -12.699
5 24 0 -5.625 9.898 0 -4.062 9.483 3.788 -5.625 9.144 -3.788 -5.625 9.144
2 24 7.805 -2.919 0 9.483 -4.062 0
5 24 4.242 -22.725 1.7 4.592 -22.725 -0.002 6.599 -20.85 2.636 0 -23.725 -0.002
5 24 -6.541 -5.625 -9.195 -6.267 -4.062 -9.084 -8.546 -5.625 -4.976 -3.54 -5.625 -12.014
2 24 2.631 0 6.352 4.861 0 4.861
5 24 3.127 -9.883 -11.628 3.414 -9.826 -11.554 2.884 -10.045 -11.677 1.835 -6.143 -12.43
5 24 -4.744 -11.499 -10.136 -3.54 -13.375 -10.983 -6.541 -13.125 -8.406 -4.188 -11.518 -10.621
2 24 -3.315 5 -3.315 -1.794 5 -4.331
5 24 3.54 -5.625 -12.014 4.107 -10.289 -10.992 3.944 -10.045 -11.156 5.233 -10.526 -10.011
5 24 2.987 -2.919 -9.402 5.519 -2.919 -7.196 2.631 -2.5 -6.352 5.939 -3.491 -8.506
5 24 -9.113 -18.35 -0.008 -7.143 -20.85 -0.012 -8.419 -18.35 3.37 -8.419 -18.35 -4.547
5 24 6.267 -4.062 -9.084 6.541 -5.625 -9.195 3.392 -4.062 -11.869 8.188 -4.062 -4.916
2 24 3.54 -14.375 -10.983 6.541 -15 -8.406
5 24 -3.54 -13.375 -10.983 -3.54 -11.448 -11.24 -3.149 -11.414 -11.351 -3.737 -11.466 -11.052
2 24 2.631 -2.5 6.352 4.861 -2.5 4.861
2 24 -3.629 -4.062 8.761 0 -4.062 9.483
2 24 -9.25 -13.125 0 -9.25 -5.625 0
5 24 -4.331 5 1.794 -4.331 10 1.794 -4.687 5 0 -3.315 5 3.315
5 24 6.599 -20.85 -3.719 8.419 -18.35 -4.547 5.051 -20.85 -6.993 7.143 -20.85 -0.012
5 24 3.944 -10.045 -11.156 4.107 -10.289 -10.992 3.701 -9.883 -11.378 3.54 -5.625 -12.014
2 24 4.331 5 1.794 4.687 5 0
2 24 6.352 0 2.631 6.875 0 0
2 24 -2.31 0 0.957 -1.768 0 1.768
2 24 0.957 5 2.31 1.768 5 1.768
2 24 0 0 2.5 0.957 0 2.31
2 24 -2.5 0 0 -2.31 0 0.957
5 24 9.144 -15.85 3.668 9.898 -15.85 0 9.144 -13.986 3.788 8.419 -18.35 3.37
5 24 -3.54 -5.625 -12.014 -1.936 -6.026 -12.408 -2.474 -6.153 -12.24 -1.397 -5.918 -12.573
5 24 0 -2.919 -10.177 0 -2.5 -6.875 -2.987 -2.919 -9.402 2.987 -2.919 -9.402
5 24 4.861 -2.5 -4.861 7.211 -2.919 -3.895 6.352 -2.5 -2.631 5.519 -2.919 -7.196
5 24 -3.487 -18.35 -11.011 0 -18.35 -11.92 -3.788 -15.85 -11.752 -2.734 -20.85 -9.18
2 24 -3.315 10 3.315 -1.794 10 4.331
5 24 -8.546 -5.625 -4.976 -8.188 -4.062 -4.916 -6.541 -5.625 -9.195 -9.25 -5.625 0
2 24 0 10 4.687 1.794 10 4.331
5 24 3.54 -14.375 -10.983 3.788 -15.236 -11.752 0 -13.875 -11.888 6.999 -15.538 -8.995
5 24 1.297 -6.01 -12.596 1.835 -6.143 -12.43 3.54 -5.625 -12.014 1.297 -6.506 -12.537
5 24 -6.999 -15.85 6.778 -6.999 -13.986 6.999 -3.788 -15.85 8.856 -9.144 -15.85 3.668
5 24 -7.805 -2.919 0 -6.875 -2.5 0 -7.211 -2.919 2.987 -6.352 -2.5 -2.631
5 24 2.734 -20.85 6.38 5.051 -20.85 4.88 3.487 -18.35 8.146 1.757 -22.725 4.106
5 24 -3.788 -15.85 8.856 -3.487 -18.35 8.146 -6.999 -15.85 6.778 0 -15.85 9.586
5 24 -0.858 -5.849 -12.733 0 -5.625 -13.004 -3.54 -5.625 -12.014 -0.32 -5.8 -12.891
5 24 -5.051 -20.85 -6.993 -2.734 -20.85 -9.18 -1.757 -22.725 -6.163 -6.444 -18.35 -8.422
5 24 -3.487 -18.35 -11.011 -2.734 -20.85 -9.18 -6.444 -18.35 -8.422 0 -18.35 -11.92
5 24 2.987 -2.919 -9.402 3.214 -3.491 -11.114 5.939 -3.491 -8.506 0 -2.919 -10.177
5 24 -3.54 -13.375 -10.983 -3.149 -11.414 -11.351 -2.282 -11.256 -11.61 -3.54 -11.448 -11.24
2 24 6.352 -2.5 2.631 6.875 -2.5 0
5 24 0 -4.062 -12.847 0 -3.491 -12.03 -3.392 -4.062 -11.869 3.392 -4.062 -11.869
5 24 3.247 -22.725 -4.566 6.599 -20.85 -3.719 4.242 -22.725 -2.175 5.051 -20.85 -6.993
5 24 -9.898 -15.85 0 -9.144 -15.85 3.668 -9.898 -13.986 0 -9.113 -18.35 -0.008
5 24 1.297 -6.506 -12.537 2.721 -10.289 -11.693 2.884 -10.045 -11.677 0.758 -6.414 -12.699
5 24 -6.599 -20.85 -3.719 -4.242 -22.725 -2.175 -3.247 -22.725 -4.566 -7.143 -20.85 -0.012
5 24 -8.761 -4.062 3.629 -7.211 -2.919 2.987 -6.706 -4.062 6.706 -9.483 -4.062 0
2 24 4.861 -2.5 -4.861 6.352 -2.5 -2.631
5 24 -6.599 -20.85 2.636 -4.242 -22.725 1.7 -7.143 -20.85 -0.012 -5.051 -20.85 4.88
2 24 -6.352 0 -2.631 -4.861 0 -4.861
5 24 3.54 -5.625 -12.014 3.944 -10.045 -11.156 3.701 -9.883 -11.378 4.107 -10.289 -10.992
5 24 0 -5.625 -13.004 0.219 -5.849 -12.916 0.758 -5.918 -12.757 0 -5.83 -12.976
5 24 6.999 -5.625 6.999 9.144 -5.625 3.788 6.706 -4.062 6.706 6.999 -13.986 6.999
2 24 -6.352 -2.5 -2.631 -4.861 -2.5 -4.861
5 24 -3.788 -5.625 9.144 0 -5.625 9.898 -3.629 -4.062 8.761 -3.788 -13.986 9.144
5 24 -4.188 -11.518 -10.621 -3.54 -13.375 -10.983 -3.737 -11.466 -11.052 -4.744 -11.499 -10.136
2 24 8.546 -15.312 -4.549 9.25 -15.625 0
5 24 0 -20.85 6.907 2.734 -20.85 6.38 0 -18.35 8.818 0 -22.725 4.445
2 24 6.706 -4.062 6.706 8.761 -4.062 3.629
2 24 -0.957 0 2.31 0 0 2.5
5 24 -1.757 -22.725 -6.163 0 -22.725 -6.724 -2.734 -20.85 -9.18 0 -23.725 -0.002
5 24 5.519 -2.919 5.519 7.211 -2.919 2.987 4.861 -2.5 4.861 6.706 -4.062 6.706
5 24 5.939 -3.491 -8.506 6.267 -4.062 -9.084 8.188 -4.062 -4.916 3.214 -3.491 -11.114
5 24 5.939 -3.491 -8.506 7.759 -3.491 -4.604 5.519 -2.919 -7.196 8.188 -4.062 -4.916
5 24 7.211 -2.919 2.987 8.761 -4.062 3.629 7.805 -2.919 0 5.519 -2.919 5.519
5 24 -2.31 0 -0.957 -2.31 5 -0.957 -1.768 0 -1.768 -2.5 0 0
5 24 9.144 -15.85 3.668 9.144 -13.986 3.788 6.999 -15.85 6.778 9.898 -15.85 0
5 24 3.788 -13.986 9.144 6.999 -13.986 6.999 3.788 -15.85 8.856 3.788 -5.625 9.144
5 24 -8.546 -13.125 -4.549 -8.546 -5.625 -4.976 -9.25 -13.125 0 -6.541 -13.125 -8.406
5 24 4.107 -10.289 -10.992 4.269 -11.395 -10.726 5.233 -10.526 -10.011 3.944 -10.045 -11.156
2 24 9.898 -15.85 0 9.898 -13.986 0
2 24 0 -13.875 -11.888 3.54 -14.375 -10.983
2 24 2.31 0 0.957 2.5 0 0
5 24 -9.144 -13.986 3.788 -9.144 -5.625 3.788 -6.999 -13.986 6.999 -9.898 -13.986 0
5 24 0.758 -6.414 -12.699 0.998 -10.403 -12.122 2.721 -10.289 -11.693 0.219 -6.346 -12.854
2 24 0.957 5 -2.31 1.768 5 -1.768
5 24 -3.214 -3.491 -11.114 0 -3.491 -12.03 -3.392 -4.062 -11.869 -2.987 -2.919 -9.402
2 24 8.398 -3.491 0 8.863 -4.062 0
5 24 -3.788 -14.236 -11.752 -3.54 -13.375 -10.983 -6.999 -13.986 -8.995 0 -14.736 -12.72
5 24 1.757 -22.725 -6.163 3.247 -22.725 -4.566 5.051 -20.85 -6.993 0 -23.725 -0.002
5 24 -5.939 -3.491 -8.506 -3.214 -3.491 -11.114 -2.987 -2.919 -9.402 -6.267 -4.062 -9.084
5 24 -5.519 -2.919 -7.196 -2.987 -2.919 -9.402 -5.939 -3.491 -8.506 -2.631 -2.5 -6.352
5 24 -3.487 -18.35 8.146 0 -18.35 8.818 -3.788 -15.85 8.856 -2.734 -20.85 6.38
5 24 0 -23.725 -0.002 3.247 -22.725 -4.566 4.242 -22.725 -2.175 1.757 -22.725 -6.163
5 24 0.957 0 2.31 0.957 5 2.31 0 0 2.5 1.768 0 1.768
2 24 3.315 10 -3.315 4.331 10 -1.794
5 24 1.835 -6.639 -12.371 1.835 -6.143 -12.43 2.884 -10.045 -11.677 1.297 -6.506 -12.537
5 24 3.788 -15.85 -11.752 6.999 -15.85 -8.995 3.788 -15.236 -11.752 3.487 -18.35 -11.011
5 24 -8.188 -4.062 -4.916 -5.939 -3.491 -8.506 -7.759 -3.491 -4.604 -6.267 -4.062 -9.084
2 24 -8.863 -4.062 0 -8.398 -3.491 0
5 24 2.629 -10.581 -11.685 2.779 -11.414 -11.545 2.721 -10.289 -11.693 2.191 -11.273 -11.722
5 24 -4.744 -11.499 -10.136 -4.614 -10.6 -10.343 -5.418 -11.563 -9.545 -4.188 -11.518 -10.621
5 24 -6.706 -4.062 6.706 -5.519 -2.919 5.519 -8.761 -4.062 3.629 -3.629 -4.062 8.761
5 24 3.487 -18.35 -11.011 3.788 -15.85 -11.752 6.444 -18.35 -8.422 0 -18.35 -11.92
2 24 0 -2.5 6.875 2.631 -2.5 6.352
5 24 -6.875 -2.5 0 -6.875 0 0 -6.352 -2.5 -2.631 -6.352 -2.5 2.631
5 24 2.31 0 0.957 2.31 5 0.957 1.768 0 1.768 2.5 0 0
5 24 -3.54 -9.874 -11.449 -3.54 -5.625 -12.014 -3.254 -10.045 -11.504 -3.784 -9.826 -11.226
5 24 6.875 -2.5 0 7.805 -2.919 0 6.352 -2.5 2.631 6.352 -2.5 -2.631
5 24 -9.144 -5.625 3.788 -8.761 -4.062 3.629 -9.898 -5.625 0 -6.999 -5.625 6.999
5 24 -1.757 -22.725 -6.163 0 -23.725 -0.002 -3.247 -22.725 -4.566 0 -22.725 -6.724
5 24 -2.734 -20.85 -9.18 0 -20.85 -9.949 -3.487 -18.35 -11.011 -1.757 -22.725 -6.163
2 24 -9.898 -5.625 0 -9.483 -4.062 0
5 24 5.051 -20.85 4.88 6.444 -18.35 6.233 2.734 -20.85 6.38 6.599 -20.85 2.636
5 24 4.861 -2.5 -4.861 4.861 0 -4.861 6.352 -2.5 -2.631 2.631 -2.5 -6.352
5 24 -1.794 5 -4.331 -1.794 10 -4.331 -3.315 5 -3.315 0 5 -4.687
2 24 -1.768 0 1.768 -0.957 0 2.31
2 24 -1.794 10 4.331 0 10 4.687
5 24 5.519 -2.919 -7.196 7.211 -2.919 -3.895 7.759 -3.491 -4.604 4.861 -2.5 -4.861
2 24 -3.315 5 3.315 -1.794 5 4.331
2 24 -0.957 0 -2.31 0 0 -2.5
5 24 6.444 -18.35 6.233 6.999 -15.85 6.778 3.487 -18.35 8.146 8.419 -18.35 3.37
5 24 5.051 -20.85 -6.993 6.599 -20.85 -3.719 6.444 -18.35 -8.422 3.247 -22.725 -4.566
5 24 -9.144 -13.986 3.788 -6.999 -13.986 6.999 -9.144 -5.625 3.788 -9.144 -15.85 3.668
2 24 -4.331 10 1.794 -3.315 10 3.315
2 24 -4.687 10 0 -4.331 10 1.794
5 24 7.211 -2.919 2.987 7.805 -2.919 0 8.761 -4.062 3.629 6.352 -2.5 2.631
5 24 -3.487 -18.35 8.146 -2.734 -20.85 6.38 0 -18.35 8.818 -6.444 -18.35 6.233
5 24 -0.957 0 -2.31 -0.957 5 -2.31 0 0 -2.5 -1.768 0 -1.768
5 24 6.599 -20.85 -3.719 7.143 -20.85 -0.012 8.419 -18.35 -4.547 4.242 -22.725 -2.175
2 24 1.794 5 4.331 3.315 5 3.315
5 24 0 -3.491 -12.03 3.214 -3.491 -11.114 0 -4.062 -12.847 0 -2.919 -10.177
5 24 -5.051 -20.85 4.88 -3.247 -22.725 3.142 -2.734 -20.85 6.38 -6.599 -20.85 2.636
5 24 -3.392 -4.062 -11.869 -3.214 -3.491 -11.114 -6.267 -4.062 -9.084 0 -4.062 -12.847
5 24 6.444 -18.35 -8.422 8.419 -18.35 -4.547 6.999 -15.85 -8.995 5.051 -20.85 -6.993
2 24 -9.898 -13.986 0 -9.25 -13.125 0
5 24 -2.734 -20.85 6.38 0 -20.85 6.907 -3.487 -18.35 8.146 -1.757 -22.725 4.106
2 24 0 0 6.875 2.631 0 6.352
5 24 1.835 -6.143 -12.43 2.884 -10.045 -11.677 1.835 -6.639 -12.371 3.127 -9.883 -11.628
2 24 2.31 5 -0.957 2.5 5 0
5 24 -9.144 -15.85 -4.868 -8.419 -18.35 -4.547 -6.999 -15.85 -8.995 -9.898 -15.85 0
5 24 -7.805 -2.919 0 -6.352 -2.5 -2.631 -7.211 -2.919 -3.895 -6.875 -2.5 0
5 24 8.188 -4.062 -4.916 8.546 -5.625 -4.976 6.267 -4.062 -9.084 8.863 -4.062 0
5 24 -7.211 -2.919 -3.895 -5.519 -2.919 -7.196 -4.861 -2.5 -4.861 -5.939 -3.491 -8.506
2 24 4.331 5 -1.794 4.687 5 0
5 24 0 -6.326 -12.909 0 -5.83 -12.976 -0.32 -6.297 -12.823 0.219 -6.346 -12.854
2 24 -6.875 0 0 -6.352 0 -2.631
2 24 2.31 0 -0.957 2.5 0 0
5 24 4.242 -22.725 1.7 6.599 -20.85 2.636 3.247 -22.725 3.142 4.592 -22.725 -0.002
5 24 -2.474 -6.649 -12.173 -1.936 -6.522 -12.341 -2.474 -6.153 -12.24 -2.999 -10.581 -11.503
2 24 1.768 5 -1.768 2.31 5 -0.957
5 24 0 -5.83 -12.976 0 -5.625 -13.004 0.219 -5.849 -12.916 -0.32 -5.8 -12.891
5 24 -6.541 -5.625 -9.195 -3.54 -5.625 -12.014 -6.267 -4.062 -9.084 -4.315 -10.045 -10.698
5 24 3.54 -14.375 -10.983 6.999 -15.538 -8.995 6.541 -15 -8.406 3.788 -15.236 -11.752
5 24 2.31 0 -0.957 2.31 5 -0.957 2.5 0 0 1.768 0 -1.768
2 24 -4.687 10 0 -4.331 10 -1.794
2 24 4.861 -2.5 4.861 6.352 -2.5 2.631
5 24 1.768 0 -1.768 1.768 5 -1.768 2.31 0 -0.957 0.957 0 -2.31
5 24 -6.999 -15.85 -8.995 -3.788 -15.85 -11.752 -6.999 -13.986 -8.995 -6.444 -18.35 -8.422
5 24 -6.599 -20.85 -3.719 -3.247 -22.725 -4.566 -4.242 -22.725 -2.175 -5.051 -20.85 -6.993
5 24 -3.788 -5.625 9.144 -3.629 -4.062 8.761 0 -5.625 9.898 -6.999 -5.625 6.999
5 24 6.352 -2.5 2.631 7.211 -2.919 2.987 4.861 -2.5 4.861 6.875 -2.5 0
2 24 -8.863 -4.062 0 -7.805 -2.919 0
5 24 0 -18.35 -11.92 3.487 -18.35 -11.011 0 -15.85 -12.72 0 -20.85 -9.949
2 24 -2.631 -2.5 6.352 0 -2.5 6.875
5 24 -2.987 -2.919 -9.402 0 -2.919 -10.177 -2.631 -2.5 -6.352 -3.214 -3.491 -11.114
5 24 -1.455 -10.368 -11.956 -1.251 -11.058 -11.92 0 -6.326 -12.909 -2.282 -11.256 -11.61
5 24 2.734 -20.85 -9.18 3.487 -18.35 -11.011 0 -20.85 -9.949 5.051 -20.85 -6.993
5 24 0 -3.491 -12.03 0 -2.919 -10.177 -3.214 -3.491 -11.114 3.214 -3.491 -11.114
5 24 5.519 -2.919 -7.196 5.939 -3.491 -8.506 2.987 -2.919 -9.402 7.759 -3.491 -4.604
5 24 -3.247 -22.725 3.142 0 -23.725 -0.002 -1.757 -22.725 4.106 -4.242 -22.725 1.7
5 24 5.291 -11.197 -9.896 6.541 -15 -8.406 3.54 -14.375 -10.983 5.233 -10.526 -10.011
5 24 -3.247 -22.725 -4.566 0 -23.725 -0.002 -1.757 -22.725 -6.163 -4.242 -22.725 -2.175
5 24 -2.631 -2.5 -6.352 -2.631 0 -6.352 0 -2.5 -6.875 -4.861 -2.5 -4.861
2 24 -9.483 -4.062 0 -7.805 -2.919 0
5 24 0.219 -6.346 -12.854 0.998 -10.403 -12.122 0.985 -10.848 -12.065 0.758 -6.414 -12.699
5 24 -2.474 -6.153 -12.24 -1.936 -6.026 -12.408 -2.474 -6.649 -12.173 -3.54 -5.625 -12.014
5 24 -6.444 -18.35 -8.422 -5.051 -20.85 -6.993 -3.487 -18.35 -11.011 -8.419 -18.35 -4.547
5 24 0.998 -10.403 -12.122 2.721 -10.289 -11.693 2.629 -10.581 -11.685 0.758 -6.414 -12.699
5 24 6.599 -20.85 2.636 8.419 -18.35 3.37 5.051 -20.85 4.88 7.143 -20.85 -0.012
2 24 -2.5 5 0 -2.31 5 0.957
5 24 1.757 -22.725 4.106 2.734 -20.85 6.38 3.247 -22.725 3.142 0 -22.725 4.445
5 24 -7.143 -20.85 -0.012 -4.592 -22.725 -0.002 -6.599 -20.85 -3.719 -6.599 -20.85 2.636
5 24 -7.211 -2.919 2.987 -5.519 -2.919 5.519 -6.352 -2.5 2.631 -8.761 -4.062 3.629
5 24 -5.051 -20.85 4.88 -2.734 -20.85 6.38 -6.444 -18.35 6.233 -3.247 -22.725 3.142
5 24 0 -23.725 -0.002 0 -22.725 4.445 -1.757 -22.725 4.106 1.757 -22.725 4.106
2 24 -6.352 -2.5 2.631 -4.861 -2.5 4.861
5 24 -9.898 -5.625 0 -9.144 -5.625 3.788 -9.483 -4.062 0 -9.898 -13.986 0
5 24 4.687 5 0 4.687 10 0 4.331 5 1.794 4.331 5 -1.794
5 24 -6.999 -15.85 -8.995 -6.444 -18.35 -8.422 -9.144 -15.85 -4.868 -3.788 -15.85 -11.752
5 24 -2.631 -2.5 6.352 -2.631 0 6.352 0 -2.5 6.875 -4.861 -2.5 4.861
5 24 9.144 -13.986 3.788 9.898 -13.986 0 9.144 -5.625 3.788 9.144 -15.85 3.668
2 24 8.761 -4.062 3.629 9.483 -4.062 0
5 24 -3.247 -22.725 3.142 -1.757 -22.725 4.106 -5.051 -20.85 4.88 0 -23.725 -0.002
5 24 -4.242 -22.725 -2.175 -3.247 -22.725 -4.566 -6.599 -20.85 -3.719 0 -23.725 -0.002
5 24 0 -13.986 9.898 0 -5.625 9.898 3.788 -13.986 9.144 -3.788 -13.986 9.144
5 24 0 -18.35 8.818 0 -15.85 9.586 3.487 -18.35 8.146 -3.487 -18.35 8.146
5 24 -6.999 -15.85 6.778 -3.788 -15.85 8.856 -6.999 -13.986 6.999 -6.444 -18.35 6.233
2 24 -6.541 -13.125 -8.406 -3.54 -13.375 -10.983
5 24 -7.805 -2.919 0 -7.211 -2.919 -3.895 -6.352 -2.5 -2.631 -7.759 -3.491 -4.604
5 24 9.113 -18.35 -0.008 9.898 -15.85 0 8.419 -18.35 3.37 8.419 -18.35 -4.547
2 24 0.957 0 -2.31 1.768 0 -1.768
5 24 2.987 -2.919 -9.402 5.939 -3.491 -8.506 5.519 -2.919 -7.196 3.214 -3.491 -11.114
5 24 -2.5 0 0 -2.5 5 0 -2.31 0 -0.957 -2.31 0 0.957
5 24 0 0 2.5 0 5 2.5 0.957 0 2.31 -0.957 0 2.31
5 24 3.315 5 3.315 3.315 10 3.315 1.794 5 4.331 4.331 5 1.794
2 24 -0.32 -5.8 -12.891 0 -5.83 -12.976
2 24 6.352 -2.5 -2.631 6.875 -2.5 0
2 24 -4.331 5 -1.794 -3.315 5 -3.315
5 24 -0.32 -6.297 -12.823 0 -6.326 -12.909 -0.32 -5.8 -12.891 -1.455 -10.368 -11.956
2 24 -6.706 -4.062 6.706 -3.629 -4.062 8.761
2 24 -9.25 -13.125 0 -8.546 -13.125 -4.549
5 24 2.5 0 0 2.5 5 0 2.31 0 0.957 2.31 0 -0.957
5 24 1.757 -22.725 -6.163 5.051 -20.85 -6.993 3.247 -22.725 -4.566 2.734 -20.85 -9.18
5 24 -9.144 -15.85 3.668 -6.999 -15.85 6.778 -9.144 -13.986 3.788 -8.419 -18.35 3.37
5 24 -4.315 -10.045 -10.698 -3.54 -5.625 -12.014 -6.541 -5.625 -9.195 -4.071 -9.883 -10.948
5 24 3.214 -3.491 -11.114 6.267 -4.062 -9.084 3.392 -4.062 -11.869 5.939 -3.491 -8.506
5 24 0 -23.725 -0.002 3.247 -22.725 3.142 1.757 -22.725 4.106 4.242 -22.725 1.7
2 24 0 -5.83 -12.976 0.219 -5.849 -12.916
5 24 -0.957 0 2.31 -0.957 5 2.31 -1.768 0 1.768 0 0 2.5
5 24 -2.987 -2.919 -9.402 -2.631 -2.5 -6.352 0 -2.919 -10.177 -5.519 -2.919 -7.196
5 24 0 -20.85 -9.949 2.734 -20.85 -9.18 0 -18.35 -11.92 0 -22.725 -6.724
5 24 -3.788 -15.85 -11.752 0 -15.85 -12.72 -3.788 -14.236 -11.752 -3.487 -18.35 -11.011
5 24 0.219 -6.346 -12.854 0.985 -10.848 -12.065 0.998 -10.403 -12.122 0 -6.326 -12.909
2 24 0 5 -4.687 1.794 5 -4.331
2 24 3.629 -4.062 8.761 6.706 -4.062 6.706
5 24 0 -22.725 -6.724 0 -20.85 -9.949 -1.757 -22.725 -6.163 1.757 -22.725 -6.163
2 24 1.794 10 4.331 3.315 10 3.315
5 24 1.297 -6.506 -12.537 2.884 -10.045 -11.677 2.721 -10.289 -11.693 1.835 -6.639 -12.371
5 24 -1.794 5 4.331 -1.794 10 4.331 -3.315 5 3.315 0 5 4.687
2 24 -1.768 5 -1.768 -0.957 5 -2.31
5 24 -5.519 -2.919 5.519 -4.861 -2.5 4.861 -7.211 -2.919 2.987 -2.987 -2.919 7.211
5 24 1.794 5 -4.331 1.794 10 -4.331 0 5 -4.687 3.315 5 -3.315
5 24 8.419 -18.35 -4.547 9.113 -18.35 -0.008 9.144 -15.85 -4.868 6.599 -20.85 -3.719
2 24 -2.31 0 -0.957 -1.768 0 -1.768
5 24 3.487 -18.35 8.146 3.788 -15.85 8.856 6.444 -18.35 6.233 0 -18.35 8.818
5 24 -4.071 -9.883 -10.948 -3.737 -11.466 -11.052 -4.315 -10.045 -10.698 -3.784 -9.826 -11.226
2 24 9.898 -13.986 0 9.898 -5.625 0
5 24 6.999 -15.85 -8.995 9.144 -15.85 -4.868 6.444 -18.35 -8.422 6.999 -15.538 -8.995
2 24 9.144 -15.85 -4.868 9.898 -15.85 0
5 24 3.247 -22.725 3.142 4.242 -22.725 1.7 5.051 -20.85 4.88 0 -23.725 -0.002
2 24 9.483 -4.062 0 9.898 -5.625 0
5 24 -7.211 -2.919 -3.895 -6.352 -2.5 -2.631 -7.805 -2.919 0 -4.861 -2.5 -4.861
5 24 7.759 -3.491 -4.604 8.398 -3.491 0 8.188 -4.062 -4.916 7.211 -2.919 -3.895
5 24 8.419 -18.35 -4.547 9.144 -15.85 -4.868 6.444 -18.35 -8.422 9.113 -18.35 -0.008
5 24 0 -2.919 7.805 0 -2.5 6.875 -2.987 -2.919 7.211 2.987 -2.919 7.211
5 24 -5.051 -20.85 -6.993 -3.247 -22.725 -4.566 -1.757 -22.725 -6.163 -6.599 -20.85 -3.719
5 24 0 -18.35 8.818 3.487 -18.35 8.146 0 -15.85 9.586 0 -20.85 6.907
5 24 -3.254 -10.045 -11.504 -3.092 -10.289 -11.517 -3.54 -5.625 -12.014 -3.54 -9.874 -11.449
2 24 -2.631 0 -6.352 0 0 -6.875
5 24 -5.519 -2.919 -7.196 -2.631 -2.5 -6.352 -2.987 -2.919 -9.402 -4.861 -2.5 -4.861
5 24 1.757 -22.725 -6.163 2.734 -20.85 -9.18 0 -22.725 -6.724 5.051 -20.85 -6.993
2 24 3.315 5 3.315 4.331 5 1.794
2 24 -4.861 -2.5 4.861 -2.631 -2.5 6.352
2 24 6.352 0 -2.631 6.875 0 0
2 24 0 5 4.687 1.794 5 4.331
5 24 -1.757 -22.725 4.106 0 -23.725 -0.002 0 -22.725 4.445 -3.247 -22.725 3.142
5 24 -9.25 -5.625 0 -8.546 -5.625 -4.976 -8.863 -4.062 0 -9.25 -13.125 0
5 24 2.721 -10.289 -11.693 2.884 -10.045 -11.677 1.297 -6.506 -12.537 3.414 -9.826 -11.554
5 24 -3.788 -15.85 -11.752 -3.487 -18.35 -11.011 0 -15.85 -12.72 -6.999 -15.85 -8.995
5 24 -3.788 -15.85 8.856 0 -15.85 9.586 -3.788 -13.986 9.144 -3.487 -18.35 8.146
5 24 3.788 -13.986 9.144 3.788 -5.625 9.144 0 -13.986 9.898 6.999 -13.986 6.999
5 24 3.788 -15.85 -11.752 3.788 -15.236 -11.752 6.999 -15.85 -8.995 0 -15.85 -12.72
2 24 -1.768 5 1.768 -0.957 5 2.31
2 24 -0.957 5 2.31 0 5 2.5
5 24 8.419 -18.35 3.37 9.113 -18.35 -0.008 9.144 -15.85 3.668 6.599 -20.85 2.636
2 24 -0.32 -5.8 -12.891 0.219 -5.849 -12.916
5 24 -0.32 -5.8 -12.891 0 -5.625 -13.004 0 -5.83 -12.976 -0.858 -5.849 -12.733
2 24 -2.5 0 0 -2.31 0 -0.957
5 24 -3.54 -5.625 -12.014 -3.392 -4.062 -11.869 -6.541 -5.625 -9.195 0 -5.625 -13.004
5 24 2.631 -2.5 -6.352 2.987 -2.919 -9.402 5.519 -2.919 -7.196 0 -2.5 -6.875
5 24 0.219 -6.346 -12.854 0.758 -6.414 -12.699 0.219 -5.849 -12.916 0.998 -10.403 -12.122
2 24 0.957 0 2.31 1.768 0 1.768
5 24 6.541 -15 -8.406 6.541 -5.625 -9.195 8.546 -15.312 -4.549 5.233 -10.526 -10.011
2 24 -2.5 5 0 -2.31 5 -0.957
5 24 4.592 -22.725 -0.002 7.143 -20.85 -0.012 4.242 -22.725 1.7 4.242 -22.725 -2.175
5 24 -7.211 -2.919 -3.895 -5.939 -3.491 -8.506 -7.759 -3.491 -4.604 -5.519 -2.919 -7.196
2 24 -8.761 -4.062 3.629 -6.706 -4.062 6.706
5 24 0.758 -6.414 -12.699 0.758 -5.918 -12.757 0.219 -6.346 -12.854 1.297 -6.506 -12.537
5 24 3.487 -18.35 8.146 6.444 -18.35 6.233 3.788 -15.85 8.856 2.734 -20.85 6.38
2 24 -4.861 -2.5 -4.861 -2.631 -2.5 -6.352
5 24 0 -2.5 6.875 0 0 6.875 2.631 -2.5 6.352 -2.631 -2.5 6.352
5 24 -4.242 -22.725 -2.175 0 -23.725 -0.002 -3.247 -22.725 -4.566 -4.592 -22.725 -0.002
5 24 -9.898 -15.85 0 -9.898 -13.986 0 -9.144 -15.85 3.668 -9.144 -15.85 -4.868
5 24 -6.444 -18.35 -8.422 -3.487 -18.35 -11.011 -6.999 -15.85 -8.995 -5.051 -20.85 -6.993
5 24 7.759 -3.491 -4.604 8.188 -4.062 -4.916 8.398 -3.491 0 5.939 -3.491 -8.506
5 24 6.999 -15.85 6.778 6.999 -13.986 6.999 9.144 -15.85 3.668 3.788 -15.85 8.856
5 24 -9.144 -15.85 3.668 -8.419 -18.35 3.37 -9.898 -15.85 0 -6.999 -15.85 6.778
5 24 3.788 -15.85 8.856 3.788 -13.986 9.144 6.999 -15.85 6.778 0 -15.85 9.586
2 24 4.331 10 -1.794 4.687 10 0
2 24 0 5 2.5 0.957 5 2.31
5 24 6.999 -15.85 -8.995 6.999 -15.538 -8.995 3.788 -15.85 -11.752 9.144 -15.85 -4.868
2 24 -8.546 -13.125 -4.549 -6.541 -13.125 -8.406
5 24 5.051 -20.85 4.88 6.599 -20.85 2.636 6.444 -18.35 6.233 3.247 -22.725 3.142
5 24 2.987 -2.919 7.211 5.519 -2.919 5.519 2.631 -2.5 6.352 3.629 -4.062 8.761
2 24 -4.861 0 4.861 -2.631 0 6.352
5 24 -2.987 -2.919 7.211 -2.631 -2.5 6.352 -5.519 -2.919 5.519 0 -2.919 7.805
5 24 0.758 -6.414 -12.699 2.721 -10.289 -11.693 0.998 -10.403 -12.122 1.297 -6.506 -12.537
5 24 2.631 -2.5 6.352 2.631 0 6.352 0 -2.5 6.875 4.861 -2.5 4.861
5 24 -6.444 -18.35 6.233 -3.487 -18.35 8.146 -6.999 -15.85 6.778 -5.051 -20.85 4.88
5 24 3.247 -22.725 -4.566 5.051 -20.85 -6.993 1.757 -22.725 -6.163 6.599 -20.85 -3.719
5 24 0 -13.986 9.898 3.788 -13.986 9.144 0 -5.625 9.898 0 -15.85 9.586
5 24 4.861 -2.5 4.861 5.519 -2.919 5.519 6.352 -2.5 2.631 2.631 -2.5 6.352
5 24 -3.54 -5.625 -12.014 0 -5.625 -13.004 -0.858 -5.849 -12.733 -3.392 -4.062 -11.869
5 24 -8.863 -4.062 0 -8.188 -4.062 -4.916 -8.398 -3.491 0 -9.25 -5.625 0
5 24 6.541 -5.625 -9.195 8.546 -5.625 -4.976 6.267 -4.062 -9.084 6.541 -15 -8.406
2 24 2.631 0 -6.352 4.861 0 -4.861
5 24 -3.214 -3.491 -11.114 -2.987 -2.919 -9.402 -5.939 -3.491 -8.506 0 -3.491 -12.03
5 24 6.352 -2.5 2.631 6.352 0 2.631 4.861 -2.5 4.861 6.875 -2.5 0
5 24 -9.898 -15.85 0 -9.113 -18.35 -0.008 -9.144 -15.85 3.668 -9.144 -15.85 -4.868
5 24 -4.331 5 -1.794 -4.331 10 -1.794 -3.315 5 -3.315 -4.687 5 0
5 24 0 -5.625 9.898 3.788 -5.625 9.144 0 -13.986 9.898 0 -4.062 9.483
2 24 -2.631 -2.5 -6.352 0 -2.5 -6.875
5 24 1.768 0 1.768 1.768 5 1.768 0.957 0 2.31 2.31 0 0.957
5 24 -4.614 -10.6 -10.343 -4.188 -11.518 -10.621 -4.477 -10.289 -10.513 -4.744 -11.499 -10.136
5 24 0 -18.35 -11.92 0 -15.85 -12.72 -3.487 -18.35 -11.011 3.487 -18.35 -11.011
5 24 0 0 -2.5 0 5 -2.5 0.957 0 -2.31 -0.957 0 -2.31
5 24 7.211 -2.919 -3.895 8.398 -3.491 0 7.805 -2.919 0 7.759 -3.491 -4.604
5 24 0 5 4.687 0 10 4.687 -1.794 5 4.331 1.794 5 4.331
5 24 0 -4.062 9.483 0 -2.919 7.805 -3.629 -4.062 8.761 3.629 -4.062 8.761
5 24 1.794 5 4.331 1.794 10 4.331 3.315 5 3.315 0 5 4.687
2 24 2.631 -2.5 -6.352 4.861 -2.5 -4.861
5 24 4.861 -2.5 -4.861 5.519 -2.919 -7.196 2.631 -2.5 -6.352 7.211 -2.919 -3.895
2 24 9.25 -15.625 0 9.898 -15.85 0
5 24 -9.144 -15.85 -4.868 -6.999 -15.85 -8.995 -8.419 -18.35 -4.547 -9.144 -13.986 -4.868
2 24 -1.768 0 -1.768 -0.957 0 -2.31
5 24 3.315 5 -3.315 3.315 10 -3.315 4.331 5 -1.794 1.794 5 -4.331
5 24 8.546 -15.312 -4.549 9.898 -15.85 0 9.144 -15.85 -4.868 9.25 -15.625 0
2 24 1.768 5 1.768 2.31 5 0.957
2 24 -3.788 -14.236 -11.752 0 -14.736 -12.72
2 24 -2.31 5 0.957 -1.768 5 1.768
5 24 -3.54 -5.625 -12.014 -3.254 -10.045 -11.504 -3.092 -10.289 -11.517 -3.54 -9.874 -11.449
5 24 3.788 -15.85 8.856 6.999 -15.85 6.778 3.487 -18.35 8.146 3.788 -13.986 9.144
2 24 1.768 0 -1.768 2.31 0 -0.957
5 24 5.233 -10.526 -10.011 6.541 -15 -8.406 5.291 -11.197 -9.896 6.541 -5.625 -9.195
5 24 0 -23.725 -0.002 1.757 -22.725 -6.163 3.247 -22.725 -4.566 0 -22.725 -6.724
5 24 0 -6.326 -12.909 0.985 -10.848 -12.065 0 -13.875 -11.888 0.219 -6.346 -12.854
5 24 1.835 -6.639 -12.371 2.884 -10.045 -11.677 1.835 -6.143 -12.43 1.297 -6.506 -12.537
5 24 -8.419 -18.35 -4.547 -6.444 -18.35 -8.422 -9.144 -15.85 -4.868 -6.599 -20.85 -3.719
5 24 0 -23.725 -0.002 1.757 -22.725 4.106 3.247 -22.725 3.142 0 -22.725 4.445
2 24 6.541 -15 -8.406 8.546 -15.312 -4.549
5 24 8.546 -15.312 -4.549 9.144 -15.85 -4.868 6.541 -15 -8.406 9.898 -15.85 0
5 24 -3.149 -11.414 -11.351 -2.999 -10.581 -11.503 -2.282 -11.256 -11.61 -3.54 -11.448 -11.24
5 24 0 -23.725 -0.002 4.242 -22.725 1.7 3.247 -22.725 3.142 4.592 -22.725 -0.002
5 24 3.788 -5.625 9.144 6.999 -5.625 6.999 3.788 -13.986 9.144 3.629 -4.062 8.761
5 24 3.214 -3.491 -11.114 5.939 -3.491 -8.506 2.987 -2.919 -9.402 6.267 -4.062 -9.084
5 24 0 -20.85 -9.949 0 -18.35 -11.92 2.734 -20.85 -9.18 -2.734 -20.85 -9.18
2 24 -9.898 -13.986 0 -9.144 -13.986 -4.868
5 24 6.444 -18.35 -8.422 6.999 -15.85 -8.995 8.419 -18.35 -4.547 3.487 -18.35 -11.011
5 24 -7.805 -2.919 0 -7.211 -2.919 2.987 -6.875 -2.5 0 -9.483 -4.062 0
5 24 0 -20.85 6.907 0 -18.35 8.818 -2.734 -20.85 6.38 2.734 -20.85 6.38
5 24 -6.999 -13.986 6.999 -6.999 -5.625 6.999 -9.144 -13.986 3.788 -3.788 -13.986 9.144
2 24 -4.331 5 1.794 -3.315 5 3.315
5 24 9.144 -13.986 3.788 9.144 -5.625 3.788 9.898 -13.986 0 6.999 -13.986 6.999
5 24 -9.113 -18.35 -0.008 -8.419 -18.35 3.37 -9.898 -15.85 0 -7.143 -20.85 -0.012
5 24 3.54 -5.625 -12.014 6.541 -5.625 -9.195 3.392 -4.062 -11.869 5.233 -10.526 -10.011
5 24 6.352 -2.5 -2.631 6.352 0 -2.631 6.875 -2.5 0 4.861 -2.5 -4.861
5 24 -7.211 -2.919 2.987 -6.352 -2.5 2.631 -5.519 -2.919 5.519 -7.805 -2.919 0
5 24 -6.267 -4.062 -9.084 -5.939 -3.491 -8.506 -3.214 -3.491 -11.114 -8.188 -4.062 -4.916
5 24 7.143 -20.85 -0.012 9.113 -18.35 -0.008 6.599 -20.85 2.636 6.599 -20.85 -3.719
2 24 0 0 -6.875 2.631 0 -6.352
5 24 -6.267 -4.062 -9.084 -3.214 -3.491 -11.114 -3.392 -4.062 -11.869 -5.939 -3.491 -8.506
5 24 -6.541 -13.125 -8.406 -6.541 -5.625 -9.195 -8.546 -13.125 -4.549 -5.498 -10.875 -9.547
5 24 -2.999 -10.581 -11.503 -2.474 -6.649 -12.173 -3.092 -10.289 -11.517 -1.455 -10.368 -11.956
5 24 -6.999 -5.625 6.999 -6.706 -4.062 6.706 -9.144 -5.625 3.788 -3.788 -5.625 9.144
2 24 1.794 10 -4.331 3.315 10 -3.315
5 24 4.242 -22.725 -2.175 4.592 -22.725 -0.002 6.599 -20.85 -3.719 0 -23.725 -0.002
5 24 -2.31 0 0.957 -2.31 5 0.957 -2.5 0 0 -1.768 0 1.768
5 24 -9.113 -18.35 -0.008 -8.419 -18.35 -4.547 -9.898 -15.85 0 -7.143 -20.85 -0.012
5 24 8.546 -5.625 -4.976 9.25 -5.625 0 8.188 -4.062 -4.916 8.546 -15.312 -4.549
5 24 0 -22.725 4.445 0 -20.85 6.907 -1.757 -22.725 4.106 1.757 -22.725 4.106
5 24 0 -23.725 -0.002 4.242 -22.725 -2.175 3.247 -22.725 -4.566 4.592 -22.725 -0.002
5 24 -9.898 -15.85 0 -9.144 -15.85 -4.868 -9.898 -13.986 0 -9.113 -18.35 -0.008
5 24 -7.759 -3.491 -4.604 -7.211 -2.919 -3.895 -5.939 -3.491 -8.506 -7.805 -2.919 0
5 24 -3.54 -5.625 -12.014 -2.474 -6.153 -12.24 -2.474 -6.649 -12.173 -1.936 -6.026 -12.408
5 24 -3.315 5 3.315 -3.315 10 3.315 -1.794 5 4.331 -4.331 5 1.794
5 24 0 -2.5 -6.875 0 0 -6.875 2.631 -2.5 -6.352 -2.631 -2.5 -6.352
5 24 6.999 -13.986 6.999 6.999 -5.625 6.999 3.788 -13.986 9.144 9.144 -13.986 3.788
5 24 2.629 -10.581 -11.685 2.721 -10.289 -11.693 2.779 -11.414 -11.545 0.998 -10.403 -12.122
5 24 -4.592 -22.725 -0.002 -4.242 -22.725 -2.175 -7.143 -20.85 -0.012 0 -23.725 -0.002
5 24 3.629 -4.062 8.761 3.788 -5.625 9.144 0 -4.062 9.483 6.706 -4.062 6.706
2 24 7.805 -2.919 0 8.398 -3.491 0
2 24 0 -2.5 -6.875 2.631 -2.5 -6.352
5 24 -2.734 -20.85 -9.18 -1.757 -22.725 -6.163 -5.051 -20.85 -6.993 0 -20.85 -9.949
2 24 -9.483 -4.062 0 -8.761 -4.062 3.629
2 24 8.863 -4.062 0 9.25 -5.625 0
5 24 -6.352 -2.5 -2.631 -6.352 0 -2.631 -4.861 -2.5 -4.861 -6.875 -2.5 0
5 24 -6.599 -20.85 2.636 -5.051 -20.85 4.88 -8.419 -18.35 3.37 -4.242 -22.725 1.7
5 24 -2.734 -20.85 6.38 -1.757 -22.725 4.106 0 -20.85 6.907 -5.051 -20.85 4.88
5 24 -6.999 -15.85 6.778 -6.444 -18.35 6.233 -9.144 -15.85 3.668 -3.788 -15.85 8.856
5 24 -4.242 -22.725 1.7 0 -23.725 -0.002 -4.592 -22.725 -0.002 -3.247 -22.725 3.142
5 24 0.219 -6.346 -12.854 0.219 -5.849 -12.916 0.758 -6.414 -12.699 0 -6.326 -12.909
2 24 1.794 5 -4.331 3.315 5 -3.315
5 24 -8.188 -4.062 -4.916 -7.759 -3.491 -4.604 -8.863 -4.062 0 -5.939 -3.491 -8.506
5 24 0 -5.625 -13.004 0.758 -5.918 -12.757 1.297 -6.01 -12.596 0.219 -5.849 -12.916
5 24 -6.999 -5.625 6.999 -3.788 -5.625 9.144 -6.706 -4.062 6.706 -6.999 -13.986 6.999
5 24 0 -23.725 -0.002 4.592 -22.725 -0.002 4.242 -22.725 1.7 4.242 -22.725 -2.175
5 24 7.211 -2.919 -3.895 7.805 -2.919 0 6.352 -2.5 -2.631 8.398 -3.491 0
2 24 9.25 -15.625 0 9.25 -5.625 0
5 24 -3.54 -5.625 -12.014 -2.474 -6.649 -12.173 -2.474 -6.153 -12.24 -3.092 -10.289 -11.517
2 24 -2.31 5 -0.957 -1.768 5 -1.768
5 24 -9.144 -15.85 -4.868 -9.144 -13.986 -4.868 -9.898 -15.85 0 -6.999 -15.85 -8.995
5 24 -3.54 -9.874 -11.449 -3.254 -10.045 -11.504 -3.54 -5.625 -12.014 -3.092 -10.289 -11.517
2 24 -6.875 -2.5 0 -6.352 -2.5 2.631
5 24 -3.54 -11.448 -11.24 -3.092 -10.289 -11.517 -2.999 -10.581 -11.503 -3.54 -9.874 -11.449
2 24 4.861 0 -4.861 6.352 0 -2.631
5 24 -4.861 -2.5 4.861 -4.861 0 4.861 -6.352 -2.5 2.631 -2.631 -2.5 6.352
5 24 -1.757 -22.725 4.106 0 -22.725 4.445 -2.734 -20.85 6.38 0 -23.725 -0.002
5 24 2.884 -10.045 -11.677 3.127 -9.883 -11.628 2.721 -10.289 -11.693 1.835 -6.143 -12.43
5 24 -4.592 -22.725 -0.002 -4.242 -22.725 1.7 -7.143 -20.85 -0.012 0 -23.725 -0.002
5 24 -4.592 -22.725 -0.002 0 -23.725 -0.002 -4.242 -22.725 1.7 -4.242 -22.725 -2.175
5 24 3.54 -9.851 -11.516 3.54 -5.625 -12.014 3.414 -9.826 -11.554 3.701 -9.883 -11.378
5 24 -3.788 -15.85 -11.752 -3.788 -14.236 -11.752 0 -15.85 -12.72 -6.999 -15.85 -8.995
5 24 -5.939 -3.491 -8.506 -2.987 -2.919 -9.402 -3.214 -3.491 -11.114 -5.519 -2.919 -7.196
5 24 8.546 -15.312 -4.549 8.546 -5.625 -4.976 6.541 -15 -8.406 9.25 -15.625 0
5 24 -6.999 -15.85 -8.995 -6.999 -13.986 -8.995 -3.788 -15.85 -11.752 -9.144 -15.85 -4.868
2 24 -0.957 5 -2.31 0 5 -2.5
2 24 0 -4.062 9.483 3.629 -4.062 8.761
5 24 0 -14.736 -12.72 0 -13.875 -11.888 3.788 -15.236 -11.752 -3.788 -14.236 -11.752
5 24 -3.788 -13.986 9.144 -3.788 -5.625 9.144 0 -13.986 9.898 -6.999 -13.986 6.999
5 24 7.211 -2.919 -3.895 7.759 -3.491 -4.604 8.398 -3.491 0 5.519 -2.919 -7.196
2 24 -9.898 -13.986 0 -9.898 -5.625 0
2 24 4.861 0 4.861 6.352 0 2.631
5 24 6.352 -2.5 -2.631 7.211 -2.919 -3.895 4.861 -2.5 -4.861 7.805 -2.919 0
5 24 -7.211 -2.919 -3.895 -4.861 -2.5 -4.861 -6.352 -2.5 -2.631 -5.519 -2.919 -7.196
5 24 3.247 -22.725 3.142 5.051 -20.85 4.88 4.242 -22.725 1.7 1.757 -22.725 4.106
5 24 2.631 -2.5 6.352 2.987 -2.919 7.211 4.861 -2.5 4.861 0 -2.5 6.875
5 24 0 -2.919 7.805 2.987 -2.919 7.211 0 -2.5 6.875 0 -4.062 9.483
5 24 2.191 -11.273 -11.722 3.54 -14.375 -10.983 0 -13.875 -11.888 2.779 -11.414 -11.545
5 24 6.599 -20.85 2.636 7.143 -20.85 -0.012 8.419 -18.35 3.37 4.242 -22.725 1.7
2 24 -3.315 10 -3.315 -1.794 10 -4.331
2 24 -6.875 -2.5 0 -6.352 -2.5 -2.631
5 24 -3.54 -5.625 -12.014 -3.092 -10.289 -11.517 -2.474 -6.649 -12.173 -3.254 -10.045 -11.504
5 24 -5.939 -3.491 -8.506 -5.519 -2.919 -7.196 -2.987 -2.919 -9.402 -7.211 -2.919 -3.895
5 24 -6.541 -5.625 -9.195 -4.614 -10.6 -10.343 -4.477 -10.289 -10.513 -5.498 -10.875 -9.547
5 24 5.051 -20.85 -6.993 6.444 -18.35 -8.422 6.599 -20.85 -3.719 2.734 -20.85 -9.18
2 24 -6.352 0 2.631 -4.861 0 4.861
5 24 -3.247 -22.725 -4.566 -1.757 -22.725 -6.163 -5.051 -20.85 -6.993 0 -23.725 -0.002
5 24 3.414 -9.826 -11.554 3.54 -5.625 -12.014 3.127 -9.883 -11.628 3.54 -9.851 -11.516
2 24 -6.875 0 0 -6.352 0 2.631
2 24 -4.861 0 -4.861 -2.631 0 -6.352
5 24 3.487 -18.35 -11.011 6.444 -18.35 -8.422 3.788 -15.85 -11.752 2.734 -20.85 -9.18
5 24 2.631 -2.5 -6.352 5.519 -2.919 -7.196 2.987 -2.919 -9.402 4.861 -2.5 -4.861
5 24 -4.861 -2.5 -4.861 -4.861 0 -4.861 -2.631 -2.5 -6.352 -6.352 -2.5 -2.631
5 24 -9.144 -15.85 3.668 -9.144 -13.986 3.788 -9.898 -15.85 0 -6.999 -15.85 6.778
5 24 5.519 -2.919 -7.196 7.759 -3.491 -4.604 7.211 -2.919 -3.895 5.939 -3.491 -8.506
5 24 0 -22.725 -6.724 1.757 -22.725 -6.163 0 -20.85 -9.949 0 -23.725 -0.002
2 24 -9.25 -5.625 0 -8.863 -4.062 0
2 24 3.788 -15.236 -11.752 6.999 -15.538 -8.995
5 24 4.861 -2.5 4.861 4.861 0 4.861 2.631 -2.5 6.352 6.352 -2.5 2.631
5 24 -3.315 5 -3.315 -3.315 10 -3.315 -1.794 5 -4.331 -4.331 5 -1.794
2 24 -8.398 -3.491 0 -7.805 -2.919 0
5 24 0 -15.85 9.586 0 -13.986 9.898 -3.788 -15.85 8.856 3.788 -15.85 8.856
2 24 -1.794 10 -4.331 0 10 -4.687
5 24 -5.519 -2.919 -7.196 -4.861 -2.5 -4.861 -2.631 -2.5 -6.352 -7.211 -2.919 -3.895
5 24 3.214 -3.491 -11.114 3.392 -4.062 -11.869 0 -3.491 -12.03 6.267 -4.062 -9.084
5 24 -3.092 -10.289 -11.517 -2.474 -6.649 -12.173 -2.999 -10.581 -11.503 -3.54 -5.625 -12.014
5 24 -4.687 5 0 -4.687 10 0 -4.331 5 1.794 -4.331 5 -1.794
5 24 -7.759 -3.491 -4.604 -5.939 -3.491 -8.506 -8.188 -4.062 -4.916 -7.211 -2.919 -3.895
2 24 -1.794 5 -4.331 0 5 -4.687
2 24 -2.631 0 6.352 0 0 6.875
5 24 6.352 -2.5 -2.631 7.805 -2.919 0 7.211 -2.919 -3.895 6.875 -2.5 0
2 24 -6.999 -13.986 -8.995 -3.788 -14.236 -11.752
5 24 -3.54 -9.874 -11.449 -3.092 -10.289 -11.517 -3.54 -11.448 -11.24 -3.254 -10.045 -11.504
5 24 0 -2.919 -10.177 2.987 -2.919 -9.402 0 -2.5 -6.875 0 -3.491 -12.03
5 24 0.219 -5.849 -12.916 0.758 -5.918 -12.757 0.219 -6.346 -12.854 0 -5.625 -13.004
5 24 -4.071 -9.883 -10.948 -3.54 -5.625 -12.014 -3.784 -9.826 -11.226 -4.315 -10.045 -10.698
2 24 -4.331 10 -1.794 -3.315 10 -3.315
5 24 0 -15.85 -12.72 3.788 -15.85 -11.752 0 -14.736 -12.72 0 -18.35 -11.92
2 24 -4.687 5 0 -4.331 5 1.794
5 24 2.734 -20.85 6.38 3.487 -18.35 8.146 0 -20.85 6.907 5.051 -20.85 4.88
5 24 -8.419 -18.35 -4.547 -6.599 -20.85 -3.719 -6.444 -18.35 -8.422 -9.113 -18.35 -0.008
5 24 0 -15.85 9.586 3.788 -15.85 8.856 0 -13.986 9.898 0 -18.35 8.818
5 24 1.757 -22.725 4.106 3.247 -22.725 3.142 2.734 -20.85 6.38 0 -23.725 -0.002
2 24 -1.794 5 4.331 0 5 4.687
5 24 6.875 -2.5 0 6.875 0 0 6.352 -2.5 2.631 6.352 -2.5 -2.631
5 24 -7.805 -2.919 0 -7.759 -3.491 -4.604 -8.398 -3.491 0 -7.211 -2.919 -3.895
5 24 -8.398 -3.491 0 -7.759 -3.491 -4.604 -8.863 -4.062 0 -7.805 -2.919 0
5 24 3.54 -5.625 -12.014 5.233 -10.526 -10.011 4.107 -10.289 -10.992 6.541 -5.625 -9.195
5 24 2.631 -2.5 -6.352 2.631 0 -6.352 4.861 -2.5 -4.861 0 -2.5 -6.875
5 24 6.999 -15.85 6.778 9.144 -15.85 3.668 6.999 -13.986 6.999 6.444 -18.35 6.233
5 24 -6.999 -13.986 -8.995 -6.541 -13.125 -8.406 -3.788 -14.236 -11.752 -9.144 -13.986 -4.868
5 24 3.247 -22.725 -4.566 4.242 -22.725 -2.175 6.599 -20.85 -3.719 0 -23.725 -0.002
5 24 -1.768 0 -1.768 -1.768 5 -1.768 -0.957 0 -2.31 -2.31 0 -0.957
2 24 4.331 10 1.794 4.687 10 0
5 24 2.191 -11.273 -11.722 2.629 -10.581 -11.685 0.985 -10.848 -12.065 2.779 -11.414 -11.545
5 24 4.242 -22.725 -2.175 6.599 -20.85 -3.719 4.592 -22.725 -0.002 3.247 -22.725 -4.566
5 24 2.721 -10.289 -11.693 3.54 -11.459 -11.327 2.629 -10.581 -11.685 3.414 -9.826 -11.554
5 24 2.987 -2.919 7.211 3.629 -4.062 8.761 5.519 -2.919 5.519 0 -2.919 7.805
5 24 -4.315 -10.045 -10.698 -4.188 -11.518 -10.621 -4.071 -9.883 -10.948 -4.477 -10.289 -10.513
5 24 -2.987 -2.919 7.211 0 -2.919 7.805 -3.629 -4.062 8.761 -2.631 -2.5 6.352
5 24 0 -22.725 4.445 1.757 -22.725 4.106 0 -20.85 6.907 0 -23.725 -0.002
5 24 8.419 -18.35 3.37 9.144 -15.85 3.668 6.444 -18.35 6.233 9.113 -18.35 -0.008
2 24 1.768 0 1.768 2.31 0 0.957
5 24 -9.144 -5.625 3.788 -6.999 -5.625 6.999 -9.144 -13.986 3.788 -8.761 -4.062 3.629
5 24 -3.54 -11.448 -11.24 -3.54 -9.874 -11.449 -3.737 -11.466 -11.052 -3.092 -10.289 -11.517
5 24 -6.541 -13.125 -8.406 -5.418 -11.563 -9.545 -4.744 -11.499 -10.136 -5.498 -10.875 -9.547
5 24 -7.143 -20.85 -0.012 -6.599 -20.85 -3.719 -9.113 -18.35 -0.008 -4.592 -22.725 -0.002
5 24 -5.519 -2.919 5.519 -2.987 -2.919 7.211 -4.861 -2.5 4.861 -6.706 -4.062 6.706
5 24 5.519 -2.919 5.519 6.706 -4.062 6.706 2.987 -2.919 7.211 7.211 -2.919 2.987
5 24 5.939 -3.491 -8.506 8.188 -4.062 -4.916 6.267 -4.062 -9.084 7.759 -3.491 -4.604
5 24 6.444 -18.35 6.233 8.419 -18.35 3.37 6.999 -15.85 6.778 5.051 -20.85 4.88
5 24 5.233 -10.526 -10.011 5.291 -11.197 -9.896 4.107 -10.289 -10.992 6.541 -15 -8.406
2 24 0 0 -2.5 0.957 0 -2.31
2 24 3.315 5 -3.315 4.331 5 -1.794
5 24 -5.051 -20.85 -6.993 -1.757 -22.725 -6.163 -2.734 -20.85 -9.18 -3.247 -22.725 -4.566
5 24 4.331 5 1.794 4.331 10 1.794 4.687 5 0 3.315 5 3.315
5 24 6.999 -13.986 6.999 9.144 -13.986 3.788 6.999 -15.85 6.778 6.999 -5.625 6.999
2 24 -3.54 -13.375 -10.983 0 -13.875 -11.888
5 24 9.144 -5.625 3.788 9.898 -5.625 0 9.144 -13.986 3.788 8.761 -4.062 3.629
5 24 3.54 -11.459 -11.327 3.54 -9.851 -11.516 3.701 -9.883 -11.378 3.414 -9.826 -11.554
5 24 -8.419 -18.35 3.37 -6.599 -20.85 2.636 -9.113 -18.35 -0.008 -6.444 -18.35 6.233
5 24 -6.352 -2.5 2.631 -6.352 0 2.631 -6.875 -2.5 0 -4.861 -2.5 4.861
5 24 2.779 -11.414 -11.545 3.54 -14.375 -10.983 3.54 -11.459 -11.327 2.191 -11.273 -11.722
5 24 -1.768 0 1.768 -1.768 5 1.768 -2.31 0 0.957 -0.957 0 2.31
5 24 0 -5.625 -13.004 1.297 -6.01 -12.596 0.758 -5.918 -12.757 3.54 -5.625 -12.014
5 24 -3.54 -5.625 -12.014 -0.858 -5.849 -12.733 -1.397 -5.918 -12.573 0 -5.625 -13.004
5 24 -8.546 -5.625 -4.976 -6.541 -5.625 -9.195 -8.188 -4.062 -4.916 -8.546 -13.125 -4.549
5 24 -3.788 -15.85 8.856 -3.788 -13.986 9.144 -6.999 -15.85 6.778 0 -15.85 9.586
5 24 0.998 -10.403 -12.122 2.629 -10.581 -11.685 0.985 -10.848 -12.065 2.721 -10.289 -11.693
5 24 6.706 -4.062 6.706 6.999 -5.625 6.999 8.761 -4.062 3.629 3.629 -4.062 8.761
5 24 -3.629 -4.062 8.761 -2.987 -2.919 7.211 0 -4.062 9.483 -6.706 -4.062 6.706
5 24 -1.251 -11.058 -11.92 0 -13.875 -11.888 -2.282 -11.256 -11.61 0 -6.326 -12.909
5 24 2.734 -20.85 -9.18 5.051 -20.85 -6.993 3.487 -18.35 -11.011 1.757 -22.725 -6.163
5 24 -3.788 -13.986 9.144 0 -13.986 9.898 -3.788 -15.85 8.856 -3.788 -5.625 9.144
5 24 -0.858 -5.849 -12.733 -0.32 -5.8 -12.891 -0.858 -6.346 -12.666 0 -5.625 -13.004
5 24 0 -13.875 -11.888 0 -6.326 -12.909 0.985 -10.848 -12.065 -1.251 -11.058 -11.92
2 24 0 -14.736 -12.72 3.788 -15.236 -11.752
5 24 0 -23.725 -0.002 0 -22.725 -6.724 1.757 -22.725 -6.163 -1.757 -22.725 -6.163
5 24 8.188 -4.062 -4.916 8.863 -4.062 0 7.759 -3.491 -4.604 8.546 -5.625 -4.976
2 24 0 10 -4.687 1.794 10 -4.331
5 24 -4.242 -22.725 1.7 -3.247 -22.725 3.142 -6.599 -20.85 2.636 0 -23.725 -0.002
5 24 -8.419 -18.35 3.37 -6.444 -18.35 6.233 -9.144 -15.85 3.668 -6.599 -20.85 2.636
2 24 0 5 -2.5 0.957 5 -2.31
5 24 0.957 0 -2.31 0.957 5 -2.31 1.768 0 -1.768 0 0 -2.5
5 24 3.392 -4.062 -11.869 3.54 -5.625 -12.014 0 -4.062 -12.847 6.267 -4.062 -9.084
5 24 -6.444 -18.35 6.233 -5.051 -20.85 4.88 -8.419 -18.35 3.37 -3.487 -18.35 8.146
5 24 8.761 -4.062 3.629 9.144 -5.625 3.788 6.706 -4.062 6.706 9.483 -4.062 0
5 24 2.721 -10.289 -11.693 3.414 -9.826 -11.554 2.884 -10.045 -11.677 3.54 -11.459 -11.327
2 24 3.315 10 3.315 4.331 10 1.794
5 24 6.541 -15 -8.406 6.999 -15.538 -8.995 8.546 -15.312 -4.549 3.54 -14.375 -10.983
5 24 4.331 5 -1.794 4.331 10 -1.794 3.315 5 -3.315 4.687 5 0
5 24 -9.144 -13.986 -4.868 -8.546 -13.125 -4.549 -9.898 -13.986 0 -6.999 -13.986 -8.995
2 24 2.31 5 0.957 2.5 5 0
5 24 -7.143 -20.85 -0.012 -6.599 -20.85 2.636 -9.113 -18.35 -0.008 -4.592 -22.725 -0.002
2 24 -4.687 5 0 -4.331 5 -1.794
5 24 -6.599 -20.85 -3.719 -5.051 -20.85 -6.993 -8.419 -18.35 -4.547 -3.247 -22.725 -4.566
2 24 6.999 -15.538 -8.995 9.144 -15.85 -4.868
5 24 -4.744 -11.499 -10.136 -4.188 -11.518 -10.621 -4.614 -10.6 -10.343 -3.54 -13.375 -10.983
5 24 0 -15.85 -12.72 0 -14.736 -12.72 3.788 -15.85 -11.752 -3.788 -15.85 -11.752
5 24 0 5 -4.687 0 10 -4.687 1.794 5 -4.331 -1.794 5 -4.331
5 24 0 -5.625 -13.004 3.54 -5.625 -12.014 0 -4.062 -12.847 1.297 -6.01 -12.596
2 24 -9.144 -13.986 -4.868 -6.999 -13.986 -8.995
0
