0 Inversor cilindrico       |D:D
0 Name: invcilin.dat
0 Author: jasolo
0 !LDRAW_ORG Unofficial_Part
0 BFC CERTIFY CCW 
3 16 -2.378 -5.5 0.773 -2.5 -5.5 0 -7.5 -5.5 0
3 16 -7.5 -5.5 0 -2.5 -5.5 0 -2.378 -5.5 -0.773
3 16 2.378 -5.5 -0.773 2.5 -5.5 0 7.5 -5.5 0
3 16 2.378 -5.5 0.773 7.5 -5.5 0 2.5 -5.5 0
4 16 -7.133 -13 -2.318 -4.755 -13 -1.545 -5 -13 0 -7.5 -13 0
4 16 -7.133 -13 2.318 -7.5 -13 0 -5 -13 0 -4.755 -13 1.545
4 16 -6.068 -13 -4.408 -4.045 -13 -2.939 -4.755 -13 -1.545 -7.133 -13 -2.318
4 16 -6.068 -13 4.408 -7.133 -13 2.318 -4.755 -13 1.545 -4.045 -13 2.939
4 16 -4.408 -13 6.068 -6.068 -13 4.408 -4.045 -13 2.939 -2.939 -13 4.045
4 16 -4.408 -13 -6.068 -2.939 -13 -4.045 -4.045 -13 -2.939 -6.068 -13 -4.408
4 16 -2.318 -13 7.133 -4.408 -13 6.068 -2.939 -13 4.045 -1.545 -13 4.755
4 16 -2.318 -13 -7.133 -1.545 -13 -4.755 -2.939 -13 -4.045 -4.408 -13 -6.068
4 16 0 -13 -7.5 0 -13 -5 -1.545 -13 -4.755 -2.318 -13 -7.133
4 16 0 -13 7.5 -2.318 -13 7.133 -1.545 -13 4.755 0 -13 5
4 16 0 -13 -7.5 2.318 -13 -7.133 1.545 -13 -4.755 0 -13 -5
4 16 0 -13 7.5 0 -13 5 1.545 -13 4.755 2.318 -13 7.133
4 16 2.318 -13 -7.133 4.408 -13 -6.068 2.939 -13 -4.045 1.545 -13 -4.755
4 16 2.318 -13 7.133 1.545 -13 4.755 2.939 -13 4.045 4.408 -13 6.068
4 16 4.408 -13 6.068 2.939 -13 4.045 4.045 -13 2.939 6.068 -13 4.408
4 16 4.408 -13 -6.068 6.068 -13 -4.408 4.045 -13 -2.939 2.939 -13 -4.045
4 16 6.068 -13 4.408 4.045 -13 2.939 4.755 -13 1.545 7.133 -13 2.318
4 16 6.068 -13 -4.408 7.133 -13 -2.318 4.755 -13 -1.545 4.045 -13 -2.939
4 16 7.133 -13 -2.318 7.5 -13 0 5 -13 0 4.755 -13 -1.545
4 16 7.133 -13 2.318 4.755 -13 1.545 5 -13 0 7.5 -13 0
4 16 -7.133 -8 2.318 -7.5 -8 0 -7.5 -13 0 -7.133 -13 2.318
4 16 -7.133 -8 -2.318 -7.133 -13 -2.318 -7.5 -13 0 -7.5 -8 0
4 16 -7.5 -8 0 -10 -8 0 -9.511 -8 -3.09 -7.133 -8 -2.318
4 16 -9.511 -8 3.09 -10 -8 0 -7.5 -8 0 -7.133 -8 2.318
4 16 -6.068 -8 4.408 -7.133 -8 2.318 -7.133 -13 2.318 -6.068 -13 4.408
4 16 -8.09 -8 5.878 -9.511 -8 3.09 -7.133 -8 2.318 -6.068 -8 4.408
4 16 -8.09 -8 -5.878 -6.068 -8 -4.408 -7.133 -8 -2.318 -9.511 -8 -3.09
4 16 -6.068 -8 -4.408 -6.068 -13 -4.408 -7.133 -13 -2.318 -7.133 -8 -2.318
4 16 -4.755 -13 1.545 -5 -13 0 -5 -8 0 -4.755 -8 1.545
4 16 -4.755 -13 -1.545 -4.755 -8 -1.545 -5 -8 0 -5 -13 0
4 16 -4.408 -8 6.068 -6.068 -8 4.408 -6.068 -13 4.408 -4.408 -13 6.068
4 16 -5.878 -8 -8.09 -4.408 -8 -6.068 -6.068 -8 -4.408 -8.09 -8 -5.878
4 16 -4.408 -8 -6.068 -4.408 -13 -6.068 -6.068 -13 -4.408 -6.068 -8 -4.408
4 16 -5.878 -8 8.09 -8.09 -8 5.878 -6.068 -8 4.408 -4.408 -8 6.068
4 16 -4.045 -13 -2.939 -4.045 -8 -2.939 -4.755 -8 -1.545 -4.755 -13 -1.545
4 16 -4.045 -13 2.939 -4.755 -13 1.545 -4.755 -8 1.545 -4.045 -8 2.939
4 16 -2.939 -13 4.045 -4.045 -13 2.939 -4.045 -8 2.939 -2.939 -8 4.045
4 16 -2.939 -13 -4.045 -2.939 -8 -4.045 -4.045 -8 -2.939 -4.045 -13 -2.939
4 16 -4.755 -8 -1.545 -2.378 -8 -0.773 -2.5 -8 0 -5 -8 0
4 16 -4.755 -8 1.545 -5 -8 0 -2.5 -8 0 -2.378 -8 0.773
4 16 -3.09 -8 -9.511 -2.318 -8 -7.133 -4.408 -8 -6.068 -5.878 -8 -8.09
4 16 -2.318 -8 7.133 -4.408 -8 6.068 -4.408 -13 6.068 -2.318 -13 7.133
4 16 -2.318 -8 -7.133 -2.318 -13 -7.133 -4.408 -13 -6.068 -4.408 -8 -6.068
4 16 -3.09 -8 9.511 -5.878 -8 8.09 -4.408 -8 6.068 -2.318 -8 7.133
4 16 -4.045 -8 2.939 -4.755 -8 1.545 -2.378 -8 0.773 -2.023 -8 1.469
4 16 -4.045 -8 -2.939 -2.023 -8 -1.469 -2.378 -8 -0.773 -4.755 -8 -1.545
4 16 -1.545 -13 4.755 -2.939 -13 4.045 -2.939 -8 4.045 -1.545 -8 4.755
4 16 -1.545 -13 -4.755 -1.545 -8 -4.755 -2.939 -8 -4.045 -2.939 -13 -4.045
4 16 -2.939 -8 -4.045 -1.47 -8 -2.023 -2.023 -8 -1.469 -4.045 -8 -2.939
4 16 -2.939 -8 4.045 -4.045 -8 2.939 -2.023 -8 1.469 -1.47 -8 2.023
4 16 -1.545 -8 -4.755 -0.773 -8 -2.378 -1.47 -8 -2.023 -2.939 -8 -4.045
4 16 -1.545 -8 4.755 -2.939 -8 4.045 -1.47 -8 2.023 -0.773 -8 2.378
4 16 0 -13 5 -1.545 -13 4.755 -1.545 -8 4.755 0 -8 5
4 16 0 -8 -7.5 0 -13 -7.5 -2.318 -13 -7.133 -2.318 -8 -7.133
4 16 0 -8 7.5 -2.318 -8 7.133 -2.318 -13 7.133 0 -13 7.5
4 16 0 -8 -5 0 -8 -2.5 -0.773 -8 -2.378 -1.545 -8 -4.755
4 16 0 -8 -10 0 -8 -7.5 -2.318 -8 -7.133 -3.09 -8 -9.511
4 16 0 -8 5 -1.545 -8 4.755 -0.773 -8 2.378 0 -8 2.5
4 16 0 -13 -5 0 -8 -5 -1.545 -8 -4.755 -1.545 -13 -4.755
4 16 0 -8 10 -3.09 -8 9.511 -2.318 -8 7.133 0 -8 7.5
4 16 0 -13 5 0 -8 5 1.545 -8 4.755 1.545 -13 4.755
4 16 0 -13 -5 1.545 -13 -4.755 1.545 -8 -4.755 0 -8 -5
4 16 0 -8 -5 1.545 -8 -4.755 0.773001 -8 -2.378 0 -8 -2.5
4 16 0 -8 5 0 -8 2.5 0.773001 -8 2.378 1.545 -8 4.755
4 16 0 -8 7.5 0 -13 7.5 2.318 -13 7.133 2.318 -8 7.133
4 16 0 -8 -7.5 2.318 -8 -7.133 2.318 -13 -7.133 0 -13 -7.5
4 16 1.545 -8 -4.755 2.939 -8 -4.045 1.469 -8 -2.023 0.773001 -8 -2.378
4 16 1.545 -13 -4.755 2.939 -13 -4.045 2.939 -8 -4.045 1.545 -8 -4.755
4 16 1.545 -8 4.755 0.773001 -8 2.378 1.469 -8 2.023 2.939 -8 4.045
4 16 1.545 -13 4.755 1.545 -8 4.755 2.939 -8 4.045 2.939 -13 4.045
4 16 0 -8 10 0 -8 7.5 2.318 -8 7.133 3.09 -8 9.511
4 16 0 -8 -10 3.09 -8 -9.511 2.318 -8 -7.133 0 -8 -7.5
4 16 2.939 -13 -4.045 4.045 -13 -2.939 4.045 -8 -2.939 2.939 -8 -4.045
4 16 2.939 -13 4.045 2.939 -8 4.045 4.045 -8 2.939 4.045 -13 2.939
4 16 2.939 -8 4.045 1.469 -8 2.023 2.023 -8 1.469 4.045 -8 2.939
4 16 2.939 -8 -4.045 4.045 -8 -2.939 2.023 -8 -1.469 1.469 -8 -2.023
4 16 2.318 -8 7.133 2.318 -13 7.133 4.408 -13 6.068 4.408 -8 6.068
4 16 2.318 -8 -7.133 4.408 -8 -6.068 4.408 -13 -6.068 2.318 -13 -7.133
4 16 4.045 -13 2.939 4.045 -8 2.939 4.755 -8 1.545 4.755 -13 1.545
4 16 4.045 -8 2.939 2.023 -8 1.469 2.378 -8 0.773 4.755 -8 1.545
4 16 4.045 -8 -2.939 4.755 -8 -1.545 2.378 -8 -0.773 2.023 -8 -1.469
4 16 4.045 -13 -2.939 4.755 -13 -1.545 4.755 -8 -1.545 4.045 -8 -2.939
4 16 4.755 -13 1.545 4.755 -8 1.545 5 -8 0 5 -13 0
4 16 4.755 -8 1.545 2.378 -8 0.773 2.5 -8 0 5 -8 0
4 16 4.755 -8 -1.545 5 -8 0 2.5 -8 0 2.378 -8 -0.773
4 16 4.755 -13 -1.545 5 -13 0 5 -8 0 4.755 -8 -1.545
4 16 3.09 -8 -9.511 5.878 -8 -8.09 4.408 -8 -6.068 2.318 -8 -7.133
4 16 3.09 -8 9.511 2.318 -8 7.133 4.408 -8 6.068 5.878 -8 8.09
4 16 4.408 -8 6.068 4.408 -13 6.068 6.068 -13 4.408 6.068 -8 4.408
4 16 4.408 -8 -6.068 6.068 -8 -4.408 6.068 -13 -4.408 4.408 -13 -6.068
4 16 6.068 -8 -4.408 7.133 -8 -2.318 7.133 -13 -2.318 6.068 -13 -4.408
4 16 6.068 -8 4.408 6.068 -13 4.408 7.133 -13 2.318 7.133 -8 2.318
4 16 7.133 -8 -2.318 7.5 -8 0 7.5 -13 0 7.133 -13 -2.318
4 16 7.133 -8 2.318 7.133 -13 2.318 7.5 -13 0 7.5 -8 0
4 16 5.878 -8 8.09 4.408 -8 6.068 6.068 -8 4.408 8.09 -8 5.878
4 16 5.878 -8 -8.09 8.09 -8 -5.878 6.068 -8 -4.408 4.408 -8 -6.068
4 16 8.09 -8 -5.878 9.511 -8 -3.09 7.133 -8 -2.318 6.068 -8 -4.408
4 16 8.09 -8 5.878 6.068 -8 4.408 7.133 -8 2.318 9.511 -8 3.09
4 16 9.511 -8 3.09 7.133 -8 2.318 7.5 -8 0 10 -8 0
4 16 9.511 -8 -3.09 10 -8 0 7.5 -8 0 7.133 -8 -2.318
4 16 -2.378 -8 -0.773 -2.378 -5.5 -0.773 -2.5 -5.5 0 -2.5 -8 0
4 16 -2.5 -8 0 -2.5 -5.5 0 -2.378 -5.5 0.773 -2.378 -8 0.773
4 16 -2.378 -5.5 0.773 -7.5 -5.5 0 -7.133 -5.5 2.318 -2.023 -5.5 1.469
4 16 -2.023 -8 1.469 -2.378 -8 0.773 -2.378 -5.5 0.773 -2.023 -5.5 1.469
4 16 -2.023 -8 -1.469 -2.023 -5.5 -1.469 -2.378 -5.5 -0.773 -2.378 -8 -0.773
4 16 -2.378 -5.5 -0.773 -2.023 -5.5 -1.469 -7.133 -5.5 -2.318 -7.5 -5.5 0
4 16 -2.023 -5.5 1.469 -7.133 -5.5 2.318 -6.068 -5.5 4.408 -1.47 -5.5 2.023
4 16 -2.023 -5.5 -1.469 -1.47 -5.5 -2.023 -6.068 -5.5 -4.408 -7.133 -5.5 -2.318
4 16 -1.47 -8 2.023 -2.023 -8 1.469 -2.023 -5.5 1.469 -1.47 -5.5 2.023
4 16 -1.47 -8 -2.023 -1.47 -5.5 -2.023 -2.023 -5.5 -1.469 -2.023 -8 -1.469
4 16 -1.47 -5.5 2.023 -6.068 -5.5 4.408 -4.408 -5.5 6.068 -0.773 -5.5 2.378
4 16 -0.773 -8 2.378 -1.47 -8 2.023 -1.47 -5.5 2.023 -0.773 -5.5 2.378
4 16 -0.773 -8 -2.378 -0.773 -5.5 -2.378 -1.47 -5.5 -2.023 -1.47 -8 -2.023
4 16 -1.47 -5.5 -2.023 -0.773 -5.5 -2.378 -4.408 -5.5 -6.068 -6.068 -5.5 -4.408
4 16 0 -8 2.5 -0.773 -8 2.378 -0.773 -5.5 2.378 0 -5.5 2.5
4 16 -0.773 -5.5 2.378 -4.408 -5.5 6.068 -2.318 -5.5 7.133 0 -5.5 2.5
4 16 -0.773 -5.5 -2.378 0 -5.5 -2.5 -2.318 -5.5 -7.133 -4.408 -5.5 -6.068
4 16 0 -8 -2.5 0 -5.5 -2.5 -0.773 -5.5 -2.378 -0.773 -8 -2.378
4 16 0 -8 2.5 0 -5.5 2.5 0.773001 -5.5 2.378 0.773001 -8 2.378
4 16 0 -8 -2.5 0.773001 -8 -2.378 0.773001 -5.5 -2.378 0 -5.5 -2.5
4 16 0.773001 -8 -2.378 1.469 -8 -2.023 1.469 -5.5 -2.023 0.773001 -5.5 -2.378
4 16 0.773001 -8 2.378 0.773001 -5.5 2.378 1.469 -5.5 2.023 1.469 -8 2.023
4 16 1.469 -8 2.023 1.469 -5.5 2.023 2.023 -5.5 1.469 2.023 -8 1.469
4 16 1.469 -8 -2.023 2.023 -8 -1.469 2.023 -5.5 -1.469 1.469 -5.5 -2.023
4 16 2.023 -8 1.469 2.023 -5.5 1.469 2.378 -5.5 0.773 2.378 -8 0.773
4 16 2.023 -8 -1.469 2.378 -8 -0.773 2.378 -5.5 -0.773 2.023 -5.5 -1.469
4 16 2.378 -8 0.773 2.378 -5.5 0.773 2.5 -5.5 0 2.5 -8 0
4 16 2.378 -8 -0.773 2.5 -8 0 2.5 -5.5 0 2.378 -5.5 -0.773
4 16 0.773001 -5.5 2.378 0 -5.5 2.5 2.318 -5.5 7.133 4.408 -5.5 6.068
4 16 0.773001 -5.5 -2.378 4.408 -5.5 -6.068 2.318 -5.5 -7.133 0 -5.5 -2.5
4 16 1.469 -5.5 2.023 0.773001 -5.5 2.378 4.408 -5.5 6.068 6.068 -5.5 4.408
4 16 1.469 -5.5 -2.023 6.068 -5.5 -4.408 4.408 -5.5 -6.068 0.773001 -5.5 -2.378
4 16 2.023 -5.5 -1.469 7.133 -5.5 -2.318 6.068 -5.5 -4.408 1.469 -5.5 -2.023
4 16 2.023 -5.5 1.469 1.469 -5.5 2.023 6.068 -5.5 4.408 7.133 -5.5 2.318
4 16 2.378 -5.5 0.773 2.023 -5.5 1.469 7.133 -5.5 2.318 7.5 -5.5 0
4 16 2.378 -5.5 -0.773 7.5 -5.5 0 7.133 -5.5 -2.318 2.023 -5.5 -1.469
4 16 -10 -8 0 -10 -8.74228e-07 0 -9.511 -8.31478e-07 -3.09 -9.511 -8 -3.09
4 16 -10 -8 0 -9.511 -8 3.09 -9.511 -9.53674e-07 3.09 -10 -8.74228e-07 0
4 16 -8.09 0 -5.878 -8.09 -8 -5.878 -9.511 -8 -3.09 -9.511 -8.31478e-07 -3.09
4 16 -8.09 -7.0725e-07 5.878 -9.511 -9.53674e-07 3.09 -9.511 -8 3.09 -8.09 -8 5.878
4 16 -7.133 -2.5 2.318 -7.133 -5.5 2.318 -7.5 -5.5 0 -7.5 -2.5 0
4 16 -7.133 -2.5 -2.318 -7.5 -2.5 0 -7.5 -5.5 0 -7.133 -5.5 -2.318
4 16 -6.068 -2.5 4.408 -6.068 -5.5 4.408 -7.133 -5.5 2.318 -7.133 -2.5 2.318
4 16 -6.068 -2.5 -4.408 -7.133 -2.5 -2.318 -7.133 -5.5 -2.318 -6.068 -5.5 -4.408
4 16 -5.878 -5.13871e-07 -8.09 -5.878 -8 -8.09 -8.09 -8 -5.878 -8.09 0 -5.878
4 16 -5.878 -5.13871e-07 8.09 -8.09 -7.0725e-07 5.878 -8.09 -8 5.878 -5.878 -8 8.09
4 16 -4.408 -2.5 6.068 -4.408 -5.5 6.068 -6.068 -5.5 4.408 -6.068 -2.5 4.408
4 16 -4.408 -2.5 -6.068 -6.068 -2.5 -4.408 -6.068 -5.5 -4.408 -4.408 -5.5 -6.068
4 16 -3.09 0 -9.511 -3.09 -8 -9.511 -5.878 -8 -8.09 -5.878 -5.13871e-07 -8.09
4 16 -3.09 0 9.511 -5.878 -5.13871e-07 8.09 -5.878 -8 8.09 -3.09 -8 9.511
4 16 -2.318 -2.5 -7.133 -4.408 -2.5 -6.068 -4.408 -5.5 -6.068 -2.318 -5.5 -7.133
4 16 -2.318 -2.5 7.133 -2.318 -5.5 7.133 -4.408 -5.5 6.068 -4.408 -2.5 6.068
4 16 -4.80825e-07 -2.5 7.5 0 -5.5 7.5 -2.318 -5.5 7.133 -2.318 -2.5 7.133
4 16 -4.80825e-07 -2.5 -7.5 -2.318 -2.5 -7.133 -2.318 -5.5 -7.133 0 -5.5 -7.5
4 16 -6.99382e-07 0 -10 0 -8 -10 -3.09 -8 -9.511 -3.09 0 -9.511
4 16 -6.99382e-07 0 10 -3.09 0 9.511 -3.09 -8 9.511 0 -8 10
4 16 -4.80825e-07 -2.5 7.5 2.318 -2.5 7.133 2.318 -5.5 7.133 0 -5.5 7.5
4 16 -4.80825e-07 -2.5 -7.5 0 -5.5 -7.5 2.318 -5.5 -7.133 2.318 -2.5 -7.133
4 16 -6.99382e-07 0 10 0 -8 10 3.09 -8 9.511 3.09 0 9.511
4 16 -6.99382e-07 0 -10 3.09 0 -9.511 3.09 -8 -9.511 0 -8 -10
4 16 2.318 -2.5 -7.133 2.318 -5.5 -7.133 4.408 -5.5 -6.068 4.408 -2.5 -6.068
4 16 2.318 -2.5 7.133 4.408 -2.5 6.068 4.408 -5.5 6.068 2.318 -5.5 7.133
4 16 3.09 0 9.511 3.09 -8 9.511 5.878 -8 8.09 5.878 0 8.09
4 16 3.09 0 -9.511 5.878 0 -8.09 5.878 -8 -8.09 3.09 -8 -9.511
4 16 4.408 -2.5 -6.068 4.408 -5.5 -6.068 6.068 -5.5 -4.408 6.068 -2.5 -4.408
4 16 4.408 -2.5 6.068 6.068 -2.5 4.408 6.068 -5.5 4.408 4.408 -5.5 6.068
4 16 6.068 -2.5 -4.408 6.068 -5.5 -4.408 7.133 -5.5 -2.318 7.133 -2.5 -2.318
4 16 6.068 -2.5 4.408 7.133 -2.5 2.318 7.133 -5.5 2.318 6.068 -5.5 4.408
4 16 7.133 -2.5 -2.318 7.133 -5.5 -2.318 7.5 -5.5 0 7.5 -2.5 0
4 16 7.133 -2.5 2.318 7.5 -2.5 0 7.5 -5.5 0 7.133 -5.5 2.318
4 16 5.878 0 -8.09 8.09 0 -5.878 8.09 -8 -5.878 5.878 -8 -8.09
4 16 5.878 0 8.09 5.878 -8 8.09 8.09 -8 5.878 8.09 7.0725e-07 5.878
4 16 8.09 0 -5.878 9.511 0 -3.09 9.511 -8 -3.09 8.09 -8 -5.878
4 16 8.09 7.0725e-07 5.878 8.09 -8 5.878 9.511 -8 3.09 9.511 0 3.09
4 16 9.511 0 -3.09 10 0 0 10 -8 0 9.511 -8 -3.09
4 16 9.511 0 3.09 9.511 -8 3.09 10 -8 0 10 0 0
3 16 0 -5.5 2.5 0 -5.5 7.5 2.318 -5.5 7.133
3 16 0 -5.5 -2.5 2.318 -5.5 -7.133 0 -5.5 -7.5
3 16 0 -5.5 -2.5 0 -5.5 -7.5 -2.318 -5.5 -7.133
3 16 0 -5.5 2.5 -2.318 -5.5 7.133 0 -5.5 7.5
3 16 -4.80825e-07 -2.5 2.5 2.318 -2.5 7.133 -4.80825e-07 -2.5 7.5
3 16 -4.80825e-07 -2.5 -2.5 -4.80825e-07 -2.5 -7.5 2.318 -2.5 -7.133
3 16 -4.80825e-07 -2.5 -2.5 -2.318 -2.5 -7.133 -4.80825e-07 -2.5 -7.5
3 16 -4.80825e-07 -2.5 2.5 -4.80825e-07 -2.5 7.5 -2.318 -2.5 7.133
4 16 -2.378 -2.5 -0.773 -7.5 -2.5 0 -7.133 -2.5 -2.318 -2.023 -2.5 -1.469
4 16 -2.378 -2.5 0.773 -2.023 -2.5 1.469 -7.133 -2.5 2.318 -7.5 -2.5 0
4 16 -2.023 -2.5 1.469 -1.469 -2.5 2.023 -6.068 -2.5 4.408 -7.133 -2.5 2.318
4 16 -2.023 -2.5 -1.469 -7.133 -2.5 -2.318 -6.068 -2.5 -4.408 -1.469 -2.5 -2.023
4 16 -1.469 -2.5 -2.023 -6.068 -2.5 -4.408 -4.408 -2.5 -6.068 -0.773001 -2.5 -2.378
4 16 -1.469 -2.5 2.023 -0.773001 -2.5 2.378 -4.408 -2.5 6.068 -6.068 -2.5 4.408
4 16 -0.773001 -2.5 -2.378 -4.408 -2.5 -6.068 -2.318 -2.5 -7.133 -4.80825e-07 -2.5 -2.5
4 16 -0.773001 -2.5 2.378 -4.80825e-07 -2.5 2.5 -2.318 -2.5 7.133 -4.408 -2.5 6.068
4 16 -2.378 0 -0.773 -2.5 0 0 -2.5 -2.5 0 -2.378 -2.5 -0.773
4 16 -2.378 0 0.773 -2.378 -2.5 0.773 -2.5 -2.5 0 -2.5 0 0
4 16 -2.023 0 -1.469 -2.378 0 -0.773 -2.378 -2.5 -0.773 -2.023 -2.5 -1.469
4 16 -2.023 0 1.469 -2.023 -2.5 1.469 -2.378 -2.5 0.773 -2.378 0 0.773
4 16 -1.469 0 -2.023 -2.023 0 -1.469 -2.023 -2.5 -1.469 -1.469 -2.5 -2.023
4 16 -1.469 0 2.023 -1.469 -2.5 2.023 -2.023 -2.5 1.469 -2.023 0 1.469
4 16 -0.773001 0 2.378 -0.773001 -2.5 2.378 -1.469 -2.5 2.023 -1.469 0 2.023
4 16 -0.773001 0 -2.378 -1.469 0 -2.023 -1.469 -2.5 -2.023 -0.773001 -2.5 -2.378
4 16 -6.99382e-07 0 -2.5 -0.773001 0 -2.378 -0.773001 -2.5 -2.378 -4.80825e-07 -2.5 -2.5
4 16 -6.99382e-07 0 2.5 -4.80825e-07 -2.5 2.5 -0.773001 -2.5 2.378 -0.773001 0 2.378
4 16 -6.99382e-07 0 -2.5 -4.80825e-07 -2.5 -2.5 0.773 -2.5 -2.378 0.772999 0 -2.378
4 16 0.773 -2.5 -2.378 -4.80825e-07 -2.5 -2.5 2.318 -2.5 -7.133 4.408 -2.5 -6.068
4 16 0.773 -2.5 2.378 4.408 -2.5 6.068 2.318 -2.5 7.133 -4.80825e-07 -2.5 2.5
4 16 -6.99382e-07 0 2.5 0.772999 0 2.378 0.773 -2.5 2.378 -4.80825e-07 -2.5 2.5
4 16 1.47 -2.5 -2.023 0.773 -2.5 -2.378 4.408 -2.5 -6.068 6.068 -2.5 -4.408
4 16 0.772999 0 -2.378 0.773 -2.5 -2.378 1.47 -2.5 -2.023 1.47 0 -2.023
4 16 0.772999 0 2.378 1.47 0 2.023 1.47 -2.5 2.023 0.773 -2.5 2.378
4 16 1.47 -2.5 2.023 6.068 -2.5 4.408 4.408 -2.5 6.068 0.773 -2.5 2.378
4 16 1.47 0 -2.023 1.47 -2.5 -2.023 2.023 -2.5 -1.469 2.023 0 -1.469
4 16 1.47 0 2.023 2.023 0 1.469 2.023 -2.5 1.469 1.47 -2.5 2.023
4 16 2.023 -2.5 -1.469 1.47 -2.5 -2.023 6.068 -2.5 -4.408 7.133 -2.5 -2.318
4 16 2.023 -2.5 1.469 7.133 -2.5 2.318 6.068 -2.5 4.408 1.47 -2.5 2.023
4 16 2.378 -2.5 -0.773 2.023 -2.5 -1.469 7.133 -2.5 -2.318 7.5 -2.5 0
4 16 2.023 0 -1.469 2.023 -2.5 -1.469 2.378 -2.5 -0.773 2.378 0 -0.773
4 16 2.023 0 1.469 2.378 0 0.773 2.378 -2.5 0.773 2.023 -2.5 1.469
4 16 2.378 -2.5 0.773 7.5 -2.5 0 7.133 -2.5 2.318 2.023 -2.5 1.469
4 16 2.5 0 0 2.5 -2.5 0 2.378 -2.5 0.773 2.378 0 0.773
4 16 2.378 0 -0.773 2.378 -2.5 -0.773 2.5 -2.5 0 2.5 0 0
4 16 -9.511 -8.31478e-07 -3.09 -10 -8.74228e-07 0 -7.5 0 0 -7.133 0 -2.318
4 16 -9.511 -9.53674e-07 3.09 -7.133 0 2.318 -7.5 0 0 -10 -8.74228e-07 0
4 16 -8.09 -7.0725e-07 5.878 -6.068 0 4.408 -7.133 0 2.318 -9.511 -9.53674e-07 3.09
4 16 -8.09 0 -5.878 -9.511 -8.31478e-07 -3.09 -7.133 0 -2.318 -6.068 0 -4.408
4 16 -5.878 -5.13871e-07 -8.09 -8.09 0 -5.878 -6.068 0 -4.408 -4.408 0 -6.068
4 16 -5.878 -5.13871e-07 8.09 -4.408 0 6.068 -6.068 0 4.408 -8.09 -7.0725e-07 5.878
4 16 -7.133 0 2.318 -7.133 5 2.318 -7.5 5 0 -7.5 0 0
4 16 -7.133 0 -2.318 -7.5 0 0 -7.5 5 0 -7.133 5 -2.318
4 16 -6.068 0 4.408 -6.068 5 4.408 -7.133 5 2.318 -7.133 0 2.318
4 16 -6.068 0 -4.408 -7.133 0 -2.318 -7.133 5 -2.318 -6.068 5 -4.408
4 16 -4.408 0 -6.068 -6.068 0 -4.408 -6.068 5 -4.408 -4.408 5 -6.068
4 16 -4.408 0 6.068 -4.408 5 6.068 -6.068 5 4.408 -6.068 0 4.408
4 16 -3.09 0 9.511 -2.318 0 7.133 -4.408 0 6.068 -5.878 -5.13871e-07 8.09
4 16 -3.09 0 -9.511 -5.878 -5.13871e-07 -8.09 -4.408 0 -6.068 -2.318 0 -7.133
4 16 -4.755 5 -1.545 -5 5 0 -5 0 0 -4.755 0 -1.545
4 16 -4.755 0 -1.545 -5 0 0 -2.5 0 0 -2.378 0 -0.773
4 16 -4.755 0 1.545 -2.378 0 0.773 -2.5 0 0 -5 0 0
4 16 -4.755 5 1.545 -4.755 0 1.545 -5 0 0 -5 5 0
4 16 -4.045 5 -2.939 -4.755 5 -1.545 -4.755 0 -1.545 -4.045 0 -2.939
4 16 -4.045 0 -2.939 -4.755 0 -1.545 -2.378 0 -0.773 -2.023 0 -1.469
4 16 -4.045 0 2.939 -2.023 0 1.469 -2.378 0 0.773 -4.755 0 1.545
4 16 -4.045 5 2.939 -4.045 0 2.939 -4.755 0 1.545 -4.755 5 1.545
4 16 -2.318 0 -7.133 -4.408 0 -6.068 -4.408 5 -6.068 -2.318 5 -7.133
4 16 -2.318 0 7.133 -2.318 5 7.133 -4.408 5 6.068 -4.408 0 6.068
4 16 -2.939 0 -4.045 -4.045 0 -2.939 -2.023 0 -1.469 -1.469 0 -2.023
4 16 -2.939 0 4.045 -1.469 0 2.023 -2.023 0 1.469 -4.045 0 2.939
4 16 -2.939 5 4.045 -2.939 0 4.045 -4.045 0 2.939 -4.045 5 2.939
4 16 -2.939 5 -4.045 -4.045 5 -2.939 -4.045 0 -2.939 -2.939 0 -4.045
4 16 -6.99382e-07 0 -10 -3.09 0 -9.511 -2.318 0 -7.133 -6.99382e-07 0 -7.5
4 16 -6.99382e-07 0 10 -6.99382e-07 0 7.5 -2.318 0 7.133 -3.09 0 9.511
4 16 -1.545 5 4.755 -1.545 0 4.755 -2.939 0 4.045 -2.939 5 4.045
4 16 -1.545 0 4.755 -0.773001 0 2.378 -1.469 0 2.023 -2.939 0 4.045
4 16 -1.545 5 -4.755 -2.939 5 -4.045 -2.939 0 -4.045 -1.545 0 -4.755
4 16 -1.545 0 -4.755 -2.939 0 -4.045 -1.469 0 -2.023 -0.773001 0 -2.378
4 16 -6.99382e-07 0 -7.5 -2.318 0 -7.133 -2.318 5 -7.133 -1.1365e-06 5 -7.5
4 16 -6.99382e-07 0 7.5 -1.1365e-06 5 7.5 -2.318 5 7.133 -2.318 0 7.133
4 16 -6.99382e-07 0 5 -6.99382e-07 0 2.5 -0.773001 0 2.378 -1.545 0 4.755
4 16 -6.99382e-07 0 -5 -1.545 0 -4.755 -0.773001 0 -2.378 -6.99382e-07 0 -2.5
4 16 -1.1365e-06 5 -5 -1.545 5 -4.755 -1.545 0 -4.755 -6.99382e-07 0 -5
4 16 -1.1365e-06 5 5 -6.99382e-07 0 5 -1.545 0 4.755 -1.545 5 4.755
4 16 -6.99382e-07 0 10 3.09 0 9.511 2.318 0 7.133 -6.99382e-07 0 7.5
4 16 -1.1365e-06 5 -5 -6.99382e-07 0 -5 1.545 0 -4.755 1.545 5 -4.755
4 16 -6.99382e-07 0 5 1.545 0 4.755 0.772999 0 2.378 -6.99382e-07 0 2.5
4 16 -6.99382e-07 0 -10 -6.99382e-07 0 -7.5 2.318 0 -7.133 3.09 0 -9.511
4 16 -6.99382e-07 0 -5 -6.99382e-07 0 -2.5 0.772999 0 -2.378 1.545 0 -4.755
4 16 -6.99382e-07 0 7.5 2.318 0 7.133 2.318 5 7.133 -1.1365e-06 5 7.5
4 16 -6.99382e-07 0 -7.5 -1.1365e-06 5 -7.5 2.318 5 -7.133 2.318 0 -7.133
4 16 -1.1365e-06 5 5 1.545 5 4.755 1.545 0 4.755 -6.99382e-07 0 5
4 16 1.545 0 4.755 2.939 0 4.045 1.47 0 2.023 0.772999 0 2.378
4 16 1.545 0 -4.755 0.772999 0 -2.378 1.47 0 -2.023 2.939 0 -4.045
4 16 2.939 0 4.045 4.045 0 2.939 2.023 0 1.469 1.47 0 2.023
4 16 2.939 0 -4.045 1.47 0 -2.023 2.023 0 -1.469 4.045 0 -2.939
4 16 1.545 5 -4.755 1.545 0 -4.755 2.939 0 -4.045 2.939 5 -4.045
4 16 1.545 5 4.755 2.939 5 4.045 2.939 0 4.045 1.545 0 4.755
4 16 4.045 0 -2.939 2.023 0 -1.469 2.378 0 -0.773 4.755 0 -1.545
4 16 4.045 0 2.939 4.755 0 1.545 2.378 0 0.773 2.023 0 1.469
4 16 3.09 0 9.511 5.878 0 8.09 4.408 0 6.068 2.318 0 7.133
4 16 2.318 0 -7.133 2.318 5 -7.133 4.408 5 -6.068 4.408 0 -6.068
4 16 2.318 0 7.133 4.408 0 6.068 4.408 5 6.068 2.318 5 7.133
4 16 3.09 0 -9.511 2.318 0 -7.133 4.408 0 -6.068 5.878 0 -8.09
4 16 4.755 0 1.545 5 0 0 2.5 0 0 2.378 0 0.773
4 16 4.755 0 -1.545 2.378 0 -0.773 2.5 0 0 5 0 0
4 16 2.939 5 -4.045 2.939 0 -4.045 4.045 0 -2.939 4.045 5 -2.939
4 16 2.939 5 4.045 4.045 5 2.939 4.045 0 2.939 2.939 0 4.045
4 16 4.045 5 2.939 4.755 5 1.545 4.755 0 1.545 4.045 0 2.939
4 16 4.045 5 -2.939 4.045 0 -2.939 4.755 0 -1.545 4.755 5 -1.545
4 16 5.878 0 8.09 8.09 7.0725e-07 5.878 6.068 0 4.408 4.408 0 6.068
4 16 4.408 0 -6.068 4.408 5 -6.068 6.068 5 -4.408 6.068 0 -4.408
4 16 5.878 0 -8.09 4.408 0 -6.068 6.068 0 -4.408 8.09 0 -5.878
4 16 4.408 0 6.068 6.068 0 4.408 6.068 5 4.408 4.408 5 6.068
4 16 4.755 5 -1.545 4.755 0 -1.545 5 0 0 5 5 0
4 16 4.755 5 1.545 5 5 0 5 0 0 4.755 0 1.545
4 16 6.068 0 -4.408 6.068 5 -4.408 7.133 5 -2.318 7.133 0 -2.318
4 16 8.09 0 -5.878 6.068 0 -4.408 7.133 0 -2.318 9.511 0 -3.09
4 16 8.09 7.0725e-07 5.878 9.511 0 3.09 7.133 0 2.318 6.068 0 4.408
4 16 6.068 0 4.408 7.133 0 2.318 7.133 5 2.318 6.068 5 4.408
4 16 9.511 0 3.09 10 0 0 7.5 0 0 7.133 0 2.318
4 16 7.5 0 0 10 0 0 9.511 0 -3.09 7.133 0 -2.318
4 16 7.133 0 -2.318 7.133 5 -2.318 7.5 5 0 7.5 0 0
4 16 7.133 0 2.318 7.5 0 0 7.5 5 0 7.133 5 2.318
4 16 -7.133 5 2.318 -4.755 5 1.545 -5 5 0 -7.5 5 0
4 16 -7.133 5 -2.318 -7.5 5 0 -5 5 0 -4.755 5 -1.545
4 16 -6.068 5 -4.408 -7.133 5 -2.318 -4.755 5 -1.545 -4.045 5 -2.939
4 16 -6.068 5 4.408 -4.045 5 2.939 -4.755 5 1.545 -7.133 5 2.318
4 16 -4.408 5 -6.068 -6.068 5 -4.408 -4.045 5 -2.939 -2.939 5 -4.045
4 16 -4.408 5 6.068 -2.939 5 4.045 -4.045 5 2.939 -6.068 5 4.408
4 16 -2.318 5 7.133 -1.545 5 4.755 -2.939 5 4.045 -4.408 5 6.068
4 16 -2.318 5 -7.133 -4.408 5 -6.068 -2.939 5 -4.045 -1.545 5 -4.755
4 16 -1.1365e-06 5 7.5 -1.1365e-06 5 5 -1.545 5 4.755 -2.318 5 7.133
4 16 -1.1365e-06 5 -7.5 -2.318 5 -7.133 -1.545 5 -4.755 -1.1365e-06 5 -5
4 16 -1.1365e-06 5 7.5 2.318 5 7.133 1.545 5 4.755 -1.1365e-06 5 5
4 16 -1.1365e-06 5 -7.5 -1.1365e-06 5 -5 1.545 5 -4.755 2.318 5 -7.133
4 16 2.318 5 -7.133 1.545 5 -4.755 2.939 5 -4.045 4.408 5 -6.068
4 16 2.318 5 7.133 4.408 5 6.068 2.939 5 4.045 1.545 5 4.755
4 16 4.408 5 -6.068 2.939 5 -4.045 4.045 5 -2.939 6.068 5 -4.408
4 16 4.408 5 6.068 6.068 5 4.408 4.045 5 2.939 2.939 5 4.045
4 16 6.068 5 4.408 7.133 5 2.318 4.755 5 1.545 4.045 5 2.939
4 16 6.068 5 -4.408 4.045 5 -2.939 4.755 5 -1.545 7.133 5 -2.318
4 16 7.133 5 2.318 7.5 5 0 5 5 0 4.755 5 1.545
4 16 7.133 5 -2.318 4.755 5 -1.545 5 5 0 7.5 5 0
3 16 -2.378 -2.5 0.773 -7.5 -2.5 0 -2.5 -2.5 0
3 16 -2.378 -2.5 -0.773 -2.5 -2.5 0 -7.5 -2.5 0
3 16 7.5 -2.5 0 2.5 -2.5 0 2.378 -2.5 -0.773
3 16 2.378 -2.5 0.773 2.5 -2.5 0 7.5 -2.5 0
5 24 4.408 5 -6.068 4.408 0 -6.068 2.318 5 -7.133 6.068 5 -4.408
5 24 7.133 -13 2.318 7.133 -8 2.318 6.068 -13 4.408 7.5 -13 0
2 24 -4.755 0 -1.545 -4.045 0 -2.939
2 24 2.318 -5.5 7.133 4.408 -5.5 6.068
2 24 4.408 -5.5 -6.068 6.068 -5.5 -4.408
5 24 2.939 5 -4.045 2.939 0 -4.045 1.545 5 -4.755 4.045 5 -2.939
5 24 -9.511 -8 3.09 -9.511 -9.53674e-07 3.09 -10 -8 0 -8.09 -8 5.878
2 24 0.773 -2.5 2.378 1.47 -2.5 2.023
2 24 -4.80825e-07 -2.5 -2.5 0.773 -2.5 -2.378
5 24 2.378 -2.5 0.773 2.378 0 0.773 2.023 -2.5 1.469 2.5 -2.5 0
2 24 -7.5 -2.5 0 -7.133 -2.5 2.318
2 24 -2.023 -8 1.469 -1.47 -8 2.023
5 24 -3.09 0 -9.511 -3.09 -8 -9.511 -5.878 -5.13871e-07 -8.09 -6.99382e-07 0 -10
5 24 -5 -13 0 -5 -8 0 -4.755 -13 1.545 -4.755 -13 -1.545
2 24 -1.469 0 -2.023 -0.773001 0 -2.378
5 24 2.318 5 7.133 2.318 0 7.133 -1.1365e-06 5 7.5 4.408 5 6.068
2 24 -2.5 -8 0 -2.378 -8 -0.773
2 24 7.133 0 -2.318 7.5 0 0
5 24 -4.755 5 -1.545 -4.755 0 -1.545 -5 5 0 -4.045 5 -2.939
2 24 -7.5 -13 0 -7.133 -13 2.318
2 24 -4.045 -13 -2.939 -2.939 -13 -4.045
5 24 -8.09 -8 -5.878 -8.09 0 -5.878 -9.511 -8 -3.09 -5.878 -8 -8.09
2 24 -2.023 0 -1.469 -1.469 0 -2.023
5 24 -2.023 -8 1.469 -2.023 -5.5 1.469 -2.378 -8 0.773 -1.47 -8 2.023
2 24 -6.99382e-07 0 -5 1.545 0 -4.755
5 24 4.408 -13 6.068 4.408 -8 6.068 2.318 -13 7.133 6.068 -13 4.408
2 24 -5 0 0 -4.755 0 1.545
2 24 -7.5 5 0 -7.133 5 -2.318
2 24 5.878 -8 8.09 8.09 -8 5.878
2 24 -10 -8.74228e-07 0 -9.511 -8.31478e-07 -3.09
5 24 0 -8 -2.5 0 -5.5 -2.5 -0.773 -8 -2.378 0.773001 -8 -2.378
2 24 4.755 -13 -1.545 5 -13 0
2 24 -8.09 -7.0725e-07 5.878 -5.878 -5.13871e-07 8.09
5 24 7.133 -13 -2.318 7.133 -8 -2.318 6.068 -13 -4.408 7.5 -13 0
2 24 1.47 -2.5 -2.023 2.023 -2.5 -1.469
2 24 -1.545 5 -4.755 -1.1365e-06 5 -5
5 24 -2.5 0 0 -2.5 -2.5 0 -2.378 0 -0.773 -2.378 0 0.773
2 24 0 -5.5 -2.5 0.773001 -5.5 -2.378
5 24 4.045 5 -2.939 4.045 0 -2.939 2.939 5 -4.045 4.755 5 -1.545
2 24 0.772999 0 -2.378 1.47 0 -2.023
2 24 2.023 0 -1.469 2.378 0 -0.773
2 24 2.378 -8 0.773 2.5 -8 0
2 24 -1.469 -2.5 2.023 -0.773001 -2.5 2.378
5 24 -4.408 5 6.068 -4.408 0 6.068 -6.068 5 4.408 -2.318 5 7.133
2 24 -5 5 0 -4.755 5 1.545
2 24 -0.773001 0 2.378 -6.99382e-07 0 2.5
2 24 -4.408 -2.5 -6.068 -2.318 -2.5 -7.133
2 24 1.469 -8 -2.023 2.023 -8 -1.469
2 24 -1.545 0 -4.755 -6.99382e-07 0 -5
2 24 6.068 5 -4.408 7.133 5 -2.318
2 24 7.133 -13 -2.318 7.5 -13 0
5 24 -1.545 -13 4.755 -1.545 -8 4.755 -2.939 -13 4.045 0 -13 5
2 24 -2.378 -8 0.773 -2.023 -8 1.469
5 24 2.5 -8 0 2.5 -5.5 0 2.378 -8 0.773 2.378 -8 -0.773
2 24 1.545 5 4.755 2.939 5 4.045
5 24 2.023 -2.5 1.469 2.023 0 1.469 1.47 -2.5 2.023 2.378 -2.5 0.773
5 24 8.09 -8 5.878 8.09 7.0725e-07 5.878 5.878 -8 8.09 9.511 -8 3.09
5 24 1.47 0 -2.023 1.47 -2.5 -2.023 0.772999 0 -2.378 2.023 0 -1.469
2 24 -2.939 -8 -4.045 -1.545 -8 -4.755
5 24 -4.408 -2.5 -6.068 -4.408 -5.5 -6.068 -6.068 -2.5 -4.408 -2.318 -2.5 -7.133
5 24 0.772999 0 2.378 0.773 -2.5 2.378 -6.99382e-07 0 2.5 1.47 0 2.023
2 24 4.045 -8 2.939 4.755 -8 1.545
2 24 -2.378 -8 -0.773 -2.023 -8 -1.469
5 24 -1.1365e-06 5 5 -6.99382e-07 0 5 -1.545 5 4.755 1.545 5 4.755
2 24 4.045 5 -2.939 4.755 5 -1.545
2 24 4.408 -8 -6.068 6.068 -8 -4.408
2 24 2.378 -2.5 0.773 2.5 -2.5 0
2 24 0.773001 -8 2.378 1.469 -8 2.023
2 24 -5.878 -8 8.09 -3.09 -8 9.511
2 24 -7.133 -5.5 -2.318 -6.068 -5.5 -4.408
2 24 4.408 -2.5 -6.068 6.068 -2.5 -4.408
5 24 10 -8 0 10 0 0 9.511 -8 -3.09 9.511 -8 3.09
2 24 -6.99382e-07 0 2.5 0.772999 0 2.378
5 24 2.023 -8 1.469 2.023 -5.5 1.469 1.469 -8 2.023 2.378 -8 0.773
2 24 1.545 5 -4.755 2.939 5 -4.045
2 24 2.023 -2.5 -1.469 2.378 -2.5 -0.773
2 24 4.755 0 1.545 5 0 0
2 24 1.545 -8 -4.755 2.939 -8 -4.045
2 24 -2.5 -2.5 0 -2.378 -2.5 -0.773
2 24 4.408 -13 -6.068 6.068 -13 -4.408
2 24 1.545 -13 4.755 2.939 -13 4.045
5 24 -4.80825e-07 -2.5 7.5 0 -5.5 7.5 -2.318 -2.5 7.133 2.318 -2.5 7.133
2 24 -4.408 0 -6.068 -2.318 0 -7.133
2 24 0 -5.5 -7.5 2.318 -5.5 -7.133
2 24 -2.5 0 0 -2.378 0 0.773
2 24 6.068 -13 4.408 7.133 -13 2.318
2 24 0 -5.5 7.5 2.318 -5.5 7.133
5 24 0.773001 -8 2.378 0.773001 -5.5 2.378 0 -8 2.5 1.469 -8 2.023
2 24 -2.318 5 -7.133 -1.1365e-06 5 -7.5
5 24 5.878 0 8.09 5.878 -8 8.09 3.09 0 9.511 8.09 7.0725e-07 5.878
2 24 -4.80825e-07 -2.5 2.5 0.773 -2.5 2.378
2 24 -5 -13 0 -4.755 -13 -1.545
2 24 2.318 5 -7.133 4.408 5 -6.068
2 24 -2.318 -8 7.133 0 -8 7.5
5 24 -7.133 -5.5 -2.318 -7.133 -2.5 -2.318 -7.5 -5.5 0 -6.068 -5.5 -4.408
2 24 3.09 -8 -9.511 5.878 -8 -8.09
2 24 -6.99382e-07 0 -2.5 0.772999 0 -2.378
2 24 4.408 -2.5 6.068 6.068 -2.5 4.408
2 24 -1.47 -8 2.023 -0.773 -8 2.378
2 24 -1.47 -8 -2.023 -0.773 -8 -2.378
2 24 -5.878 -8 -8.09 -3.09 -8 -9.511
2 24 -1.469 -2.5 -2.023 -0.773001 -2.5 -2.378
5 24 -0.773 -8 2.378 -0.773 -5.5 2.378 -1.47 -8 2.023 0 -8 2.5
2 24 2.939 -8 4.045 4.045 -8 2.939
2 24 -4.755 -8 -1.545 -4.045 -8 -2.939
2 24 -7.5 0 0 -7.133 0 -2.318
2 24 1.469 -5.5 -2.023 2.023 -5.5 -1.469
2 24 -3.09 0 9.511 -6.99382e-07 0 10
2 24 -2.378 -5.5 0.773 -2.023 -5.5 1.469
2 24 4.755 -8 -1.545 5 -8 0
2 24 -1.545 5 4.755 -1.1365e-06 5 5
5 24 -4.045 5 -2.939 -4.045 0 -2.939 -4.755 5 -1.545 -2.939 5 -4.045
2 24 -2.939 5 -4.045 -1.545 5 -4.755
2 24 -2.939 -13 4.045 -1.545 -13 4.755
5 24 -2.318 -2.5 -7.133 -2.318 -5.5 -7.133 -4.408 -2.5 -6.068 -4.80825e-07 -2.5 -7.5
5 24 -1.545 5 -4.755 -1.545 0 -4.755 -2.939 5 -4.045 -1.1365e-06 5 -5
2 24 9.511 0 3.09 10 0 0
2 24 -3.09 -8 -9.511 0 -8 -10
2 24 -4.755 0 1.545 -4.045 0 2.939
2 24 -6.068 -5.5 4.408 -4.408 -5.5 6.068
2 24 7.133 -2.5 2.318 7.5 -2.5 0
2 24 -3.09 0 -9.511 -6.99382e-07 0 -10
2 24 0 -8 -10 3.09 -8 -9.511
5 24 7.133 0 -2.318 7.133 5 -2.318 6.068 0 -4.408 7.5 0 0
5 24 4.755 5 -1.545 4.755 0 -1.545 4.045 5 -2.939 5 5 0
2 24 4.045 -13 -2.939 4.755 -13 -1.545
2 24 1.545 0 4.755 2.939 0 4.045
2 24 -6.99382e-07 0 -7.5 2.318 0 -7.133
2 24 -5 -8 0 -4.755 -8 1.545
5 24 3.09 0 -9.511 3.09 -8 -9.511 -6.99382e-07 0 -10 5.878 0 -8.09
2 24 7.133 -8 2.318 7.5 -8 0
5 24 -9.511 -8 -3.09 -9.511 -8.31478e-07 -3.09 -10 -8 0 -8.09 -8 -5.878
5 24 -7.133 5 -2.318 -7.133 0 -2.318 -7.5 5 0 -6.068 5 -4.408
2 24 -4.755 -13 1.545 -4.045 -13 2.939
5 24 -2.318 -2.5 7.133 -2.318 -5.5 7.133 -4.408 -2.5 6.068 -4.80825e-07 -2.5 7.5
2 24 -2.023 0 1.469 -1.469 0 2.023
2 24 -6.99382e-07 0 5 1.545 0 4.755
2 24 6.068 -2.5 4.408 7.133 -2.5 2.318
5 24 -2.378 0 -0.773 -2.378 -2.5 -0.773 -2.5 0 0 -2.023 0 -1.469
5 24 -4.408 -13 -6.068 -4.408 -8 -6.068 -6.068 -13 -4.408 -2.318 -13 -7.133
5 24 7.5 5 0 7.5 0 0 7.133 5 -2.318 7.133 5 2.318
2 24 -7.133 5 -2.318 -6.068 5 -4.408
2 24 -5 5 0 -4.755 5 -1.545
2 24 6.068 -5.5 -4.408 7.133 -5.5 -2.318
5 24 -8.09 -8 5.878 -8.09 -7.0725e-07 5.878 -9.511 -8 3.09 -5.878 -8 8.09
2 24 4.045 -8 -2.939 4.755 -8 -1.545
2 24 -7.133 -13 2.318 -6.068 -13 4.408
5 24 6.068 -13 4.408 6.068 -8 4.408 4.408 -13 6.068 7.133 -13 2.318
2 24 -6.068 0 -4.408 -4.408 0 -6.068
2 24 -0.773 -5.5 2.378 0 -5.5 2.5
2 24 -8.09 -8 5.878 -5.878 -8 8.09
2 24 6.068 0 4.408 7.133 0 2.318
2 24 -2.939 0 -4.045 -1.545 0 -4.755
2 24 -7.5 -2.5 0 -7.133 -2.5 -2.318
2 24 4.755 -8 1.545 5 -8 0
2 24 4.408 5 -6.068 6.068 5 -4.408
2 24 -4.80825e-07 -2.5 7.5 2.318 -2.5 7.133
2 24 7.133 5 -2.318 7.5 5 0
5 24 6.068 -2.5 4.408 6.068 -5.5 4.408 4.408 -2.5 6.068 7.133 -2.5 2.318
5 24 -7.133 -13 2.318 -7.133 -8 2.318 -7.5 -13 0 -6.068 -13 4.408
2 24 2.318 -2.5 7.133 4.408 -2.5 6.068
2 24 -1.47 -5.5 -2.023 -0.773 -5.5 -2.378
5 24 -2.939 0 4.045 -2.939 5 4.045 -4.045 0 2.939 -1.545 0 4.755
5 24 -4.045 -13 2.939 -4.045 -8 2.939 -4.755 -13 1.545 -2.939 -13 4.045
2 24 -7.5 -5.5 0 -7.133 -5.5 -2.318
2 24 2.318 -13 7.133 4.408 -13 6.068
2 24 0 -8 5 1.545 -8 4.755
5 24 -6.99382e-07 0 -10 0 -8 -10 -3.09 0 -9.511 3.09 0 -9.511
5 24 2.023 -2.5 -1.469 2.023 0 -1.469 1.47 -2.5 -2.023 2.378 -2.5 -0.773
2 24 2.939 0 -4.045 4.045 0 -2.939
5 24 -6.068 -2.5 -4.408 -6.068 -5.5 -4.408 -7.133 -2.5 -2.318 -4.408 -2.5 -6.068
5 24 6.068 5 4.408 6.068 0 4.408 4.408 5 6.068 7.133 5 2.318
2 24 -10 -8 0 -9.511 -8 -3.09
2 24 -5.878 -5.13871e-07 -8.09 -3.09 0 -9.511
2 24 -1.545 -8 4.755 0 -8 5
2 24 -4.408 -13 -6.068 -2.318 -13 -7.133
5 24 7.133 -5.5 2.318 7.133 -2.5 2.318 6.068 -5.5 4.408 7.5 -5.5 0
2 24 -2.318 0 -7.133 -6.99382e-07 0 -7.5
5 24 -4.408 5 -6.068 -4.408 0 -6.068 -6.068 5 -4.408 -2.318 5 -7.133
5 24 1.545 -13 -4.755 1.545 -8 -4.755 0 -13 -5 2.939 -13 -4.045
5 24 2.5 0 0 2.5 -2.5 0 2.378 0 0.773 2.378 0 -0.773
2 24 -2.5 -5.5 0 -2.378 -5.5 0.773
2 24 -2.318 0 7.133 -6.99382e-07 0 7.5
2 24 -5 -8 0 -4.755 -8 -1.545
5 24 1.469 -8 -2.023 1.469 -5.5 -2.023 0.773001 -8 -2.378 2.023 -8 -1.469
2 24 4.045 5 2.939 4.755 5 1.545
2 24 -2.318 -2.5 7.133 -4.80825e-07 -2.5 7.5
5 24 -0.773001 0 -2.378 -0.773001 -2.5 -2.378 -1.469 0 -2.023 -6.99382e-07 0 -2.5
5 24 -4.045 -13 -2.939 -4.045 -8 -2.939 -4.755 -13 -1.545 -2.939 -13 -4.045
2 24 -6.99382e-07 0 -10 3.09 0 -9.511
2 24 -2.023 -2.5 -1.469 -1.469 -2.5 -2.023
2 24 2.318 -13 -7.133 4.408 -13 -6.068
5 24 2.318 -2.5 7.133 2.318 -5.5 7.133 -4.80825e-07 -2.5 7.5 4.408 -2.5 6.068
2 24 -7.5 -13 0 -7.133 -13 -2.318
2 24 5.878 -8 -8.09 8.09 -8 -5.878
5 24 2.939 -13 -4.045 2.939 -8 -4.045 1.545 -13 -4.755 4.045 -13 -2.939
5 24 -6.068 -2.5 4.408 -6.068 -5.5 4.408 -7.133 -2.5 2.318 -4.408 -2.5 6.068
2 24 2.318 -8 -7.133 4.408 -8 -6.068
2 24 -7.133 5 2.318 -6.068 5 4.408
2 24 2.378 -5.5 0.773 2.5 -5.5 0
2 24 -2.318 -5.5 7.133 0 -5.5 7.5
5 24 2.023 -8 -1.469 2.023 -5.5 -1.469 1.469 -8 -2.023 2.378 -8 -0.773
2 24 -10 -8.74228e-07 0 -9.511 -9.53674e-07 3.09
5 24 -6.99382e-07 0 -2.5 -4.80825e-07 -2.5 -2.5 -0.773001 0 -2.378 0.772999 0 -2.378
5 24 1.545 5 4.755 1.545 0 4.755 -1.1365e-06 5 5 2.939 5 4.045
2 24 7.133 -8 -2.318 7.5 -8 0
2 24 2.318 0 7.133 4.408 0 6.068
5 24 0 -8 2.5 0 -5.5 2.5 -0.773 -8 2.378 0.773001 -8 2.378
2 24 -2.378 -5.5 -0.773 -2.023 -5.5 -1.469
2 24 8.09 0 -5.878 9.511 0 -3.09
5 24 5.878 0 -8.09 5.878 -8 -8.09 3.09 0 -9.511 8.09 0 -5.878
5 24 -2.318 0 7.133 -2.318 5 7.133 -4.408 0 6.068 -6.99382e-07 0 7.5
2 24 2.939 0 4.045 4.045 0 2.939
2 24 1.47 0 -2.023 2.023 0 -1.469
2 24 -7.5 -8 0 -7.133 -8 2.318
5 24 0 -13 -5 0 -8 -5 -1.545 -13 -4.755 1.545 -13 -4.755
2 24 -6.99382e-07 0 10 3.09 0 9.511
2 24 -2.939 -8 4.045 -1.545 -8 4.755
2 24 0.773001 -5.5 2.378 1.469 -5.5 2.023
2 24 4.408 -13 6.068 6.068 -13 4.408
5 24 -1.47 -8 2.023 -1.47 -5.5 2.023 -2.023 -8 1.469 -0.773 -8 2.378
2 24 -4.408 -2.5 6.068 -2.318 -2.5 7.133
2 24 0 -8 2.5 0.773001 -8 2.378
5 24 -2.378 0 0.773 -2.378 -2.5 0.773 -2.5 0 0 -2.023 0 1.469
2 24 0 -8 10 3.09 -8 9.511
2 24 2.318 0 -7.133 4.408 0 -6.068
5 24 -2.318 -13 -7.133 -2.318 -8 -7.133 -4.408 -13 -6.068 0 -13 -7.5
5 24 7.5 -13 0 7.5 -8 0 7.133 -13 -2.318 7.133 -13 2.318
2 24 7.133 -13 2.318 7.5 -13 0
5 24 6.068 -2.5 -4.408 6.068 -5.5 -4.408 4.408 -2.5 -6.068 7.133 -2.5 -2.318
2 24 3.09 -8 9.511 5.878 -8 8.09
2 24 -4.045 -13 2.939 -2.939 -13 4.045
5 24 -6.068 5 4.408 -6.068 0 4.408 -7.133 5 2.318 -4.408 5 6.068
2 24 -2.5 0 0 -2.378 0 -0.773
2 24 -9.511 -8.31478e-07 -3.09 -8.09 0 -5.878
2 24 -5.878 -5.13871e-07 8.09 -3.09 0 9.511
2 24 4.045 -13 2.939 4.755 -13 1.545
5 24 0.773001 -8 -2.378 0.773001 -5.5 -2.378 0 -8 -2.5 1.469 -8 -2.023
2 24 2.318 -5.5 -7.133 4.408 -5.5 -6.068
2 24 4.755 5 -1.545 5 5 0
2 24 0.773 -2.5 -2.378 1.47 -2.5 -2.023
2 24 -10 -8 0 -9.511 -8 3.09
2 24 -6.068 -2.5 4.408 -4.408 -2.5 6.068
5 24 -1.469 0 -2.023 -1.469 -2.5 -2.023 -2.023 0 -1.469 -0.773001 0 -2.378
5 24 -6.068 -13 4.408 -6.068 -8 4.408 -7.133 -13 2.318 -4.408 -13 6.068
2 24 1.545 0 -4.755 2.939 0 -4.045
2 24 6.068 -8 4.408 7.133 -8 2.318
2 24 -0.773 -8 -2.378 0 -8 -2.5
2 24 -2.939 -13 -4.045 -1.545 -13 -4.755
2 24 -2.378 0 0.773 -2.023 0 1.469
2 24 -4.408 5 6.068 -2.318 5 7.133
5 24 -3.09 0 9.511 -3.09 -8 9.511 -5.878 -5.13871e-07 8.09 -6.99382e-07 0 10
5 24 6.068 5 -4.408 6.068 0 -4.408 4.408 5 -6.068 7.133 5 -2.318
2 24 -1.545 -13 -4.755 0 -13 -5
2 24 -2.378 -2.5 -0.773 -2.023 -2.5 -1.469
2 24 7.133 -5.5 -2.318 7.5 -5.5 0
2 24 -1.545 0 4.755 -6.99382e-07 0 5
2 24 -4.045 0 2.939 -2.939 0 4.045
2 24 -2.023 -2.5 1.469 -1.469 -2.5 2.023
5 24 -7.133 5 2.318 -7.133 0 2.318 -7.5 5 0 -6.068 5 4.408
2 24 -9.511 -9.53674e-07 3.09 -8.09 -7.0725e-07 5.878
2 24 -7.5 5 0 -7.133 5 2.318
2 24 -1.1365e-06 5 -7.5 2.318 5 -7.133
2 24 -6.068 -2.5 -4.408 -4.408 -2.5 -6.068
2 24 9.511 -8 3.09 10 -8 0
2 24 -4.045 -8 2.939 -2.939 -8 4.045
5 24 -2.023 0 1.469 -2.023 -2.5 1.469 -2.378 0 0.773 -1.469 0 2.023
2 24 -1.47 -5.5 2.023 -0.773 -5.5 2.378
5 24 2.318 -13 -7.133 2.318 -8 -7.133 0 -13 -7.5 4.408 -13 -6.068
2 24 -9.511 -8 -3.09 -8.09 -8 -5.878
5 24 -2.318 -13 7.133 -2.318 -8 7.133 -4.408 -13 6.068 0 -13 7.5
2 24 4.755 5 1.545 5 5 0
5 24 1.47 0 2.023 1.47 -2.5 2.023 0.772999 0 2.378 2.023 0 1.469
5 24 -2.5 -8 0 -2.5 -5.5 0 -2.378 -8 -0.773 -2.378 -8 0.773
2 24 0.772999 0 2.378 1.47 0 2.023
5 24 2.318 -2.5 -7.133 2.318 -5.5 -7.133 -4.80825e-07 -2.5 -7.5 4.408 -2.5 -6.068
5 24 2.318 5 -7.133 2.318 0 -7.133 -1.1365e-06 5 -7.5 4.408 5 -6.068
2 24 -1.1365e-06 5 -5 1.545 5 -4.755
2 24 9.511 -8 -3.09 10 -8 0
2 24 2.023 -8 -1.469 2.378 -8 -0.773
5 24 7.133 -2.5 -2.318 7.133 -5.5 -2.318 6.068 -2.5 -4.408 7.5 -2.5 0
2 24 2.939 -8 -4.045 4.045 -8 -2.939
2 24 2.023 0 1.469 2.378 0 0.773
5 24 4.755 -13 -1.545 4.755 -8 -1.545 4.045 -13 -2.939 5 -13 0
2 24 0.773001 -5.5 -2.378 1.469 -5.5 -2.023
5 24 4.408 -2.5 6.068 4.408 -5.5 6.068 2.318 -2.5 7.133 6.068 -2.5 4.408
2 24 7.133 5 2.318 7.5 5 0
5 24 4.408 5 6.068 4.408 0 6.068 2.318 5 7.133 6.068 5 4.408
2 24 -4.80825e-07 -2.5 -7.5 2.318 -2.5 -7.133
2 24 -4.408 -13 6.068 -2.318 -13 7.133
2 24 0 -13 7.5 2.318 -13 7.133
2 24 -2.318 -5.5 -7.133 0 -5.5 -7.5
2 24 3.09 0 9.511 5.878 0 8.09
5 24 -1.1365e-06 5 -7.5 -6.99382e-07 0 -7.5 -2.318 5 -7.133 2.318 5 -7.133
2 24 2.318 5 7.133 4.408 5 6.068
2 24 0 -13 5 1.545 -13 4.755
2 24 5.878 0 8.09 8.09 7.0725e-07 5.878
2 24 -4.408 -5.5 6.068 -2.318 -5.5 7.133
5 24 2.378 -2.5 -0.773 2.378 0 -0.773 2.023 -2.5 -1.469 2.5 -2.5 0
5 24 -7.5 -13 0 -7.5 -8 0 -7.133 -13 2.318 -7.133 -13 -2.318
2 24 -6.068 -8 -4.408 -4.408 -8 -6.068
5 24 5 5 0 5 0 0 4.755 5 -1.545 4.755 5 1.545
2 24 0 -8 -7.5 2.318 -8 -7.133
2 24 -7.133 0 -2.318 -6.068 0 -4.408
2 24 -0.773001 0 -2.378 -6.99382e-07 0 -2.5
5 24 -1.1365e-06 5 7.5 -6.99382e-07 0 7.5 -2.318 5 7.133 2.318 5 7.133
2 24 -2.5 -8 0 -2.378 -8 0.773
2 24 -0.773 -8 2.378 0 -8 2.5
2 24 -2.318 -8 -7.133 0 -8 -7.5
2 24 -2.378 -2.5 0.773 -2.023 -2.5 1.469
5 24 6.068 -13 -4.408 6.068 -8 -4.408 4.408 -13 -6.068 7.133 -13 -2.318
2 24 8.09 -8 5.878 9.511 -8 3.09
5 24 0 -13 -7.5 0 -8 -7.5 -2.318 -13 -7.133 2.318 -13 -7.133
5 24 9.511 -8 -3.09 9.511 0 -3.09 8.09 -8 -5.878 10 -8 0
5 24 -0.773 -8 -2.378 -0.773 -5.5 -2.378 -1.47 -8 -2.023 0 -8 -2.5
5 24 -7.5 -5.5 0 -7.5 -2.5 0 -7.133 -5.5 2.318 -7.133 -5.5 -2.318
2 24 -1.469 0 2.023 -0.773001 0 2.378
5 24 -2.378 -8 -0.773 -2.378 -5.5 -0.773 -2.5 -8 0 -2.023 -8 -1.469
2 24 -2.939 5 4.045 -1.545 5 4.755
2 24 -6.068 0 4.408 -4.408 0 6.068
5 24 -4.408 -2.5 6.068 -4.408 -5.5 6.068 -6.068 -2.5 4.408 -2.318 -2.5 7.133
5 24 -2.023 -8 -1.469 -2.023 -5.5 -1.469 -2.378 -8 -0.773 -1.47 -8 -2.023
2 24 -7.133 -8 -2.318 -6.068 -8 -4.408
2 24 -4.755 -8 1.545 -4.045 -8 2.939
2 24 2.939 5 4.045 4.045 5 2.939
5 24 2.378 -8 0.773 2.378 -5.5 0.773 2.023 -8 1.469 2.5 -8 0
2 24 2.378 -8 -0.773 2.5 -8 0
2 24 2.378 -2.5 -0.773 2.5 -2.5 0
2 24 4.755 -13 1.545 5 -13 0
2 24 -9.511 -8 3.09 -8.09 -8 5.878
2 24 -8.09 -8 -5.878 -5.878 -8 -8.09
2 24 -6.99382e-07 0 7.5 2.318 0 7.133
5 24 8.09 -8 -5.878 8.09 0 -5.878 5.878 -8 -8.09 9.511 -8 -3.09
2 24 2.939 -13 -4.045 4.045 -13 -2.939
2 24 -4.755 5 -1.545 -4.045 5 -2.939
2 24 5.878 0 -8.09 8.09 0 -5.878
5 24 4.045 -13 -2.939 4.045 -8 -2.939 2.939 -13 -4.045 4.755 -13 -1.545
5 24 -6.068 -13 -4.408 -6.068 -8 -4.408 -7.133 -13 -2.318 -4.408 -13 -6.068
2 24 0.773001 -8 -2.378 1.469 -8 -2.023
2 24 -7.5 0 0 -7.133 0 2.318
2 24 -7.5 -5.5 0 -7.133 -5.5 2.318
2 24 -4.408 -5.5 -6.068 -2.318 -5.5 -7.133
2 24 -5 0 0 -4.755 0 -1.545
5 24 -4.408 -13 6.068 -4.408 -8 6.068 -6.068 -13 4.408 -2.318 -13 7.133
2 24 2.023 -2.5 1.469 2.378 -2.5 0.773
5 24 -2.939 0 -4.045 -2.939 5 -4.045 -4.045 0 -2.939 -1.545 0 -4.755
2 24 4.408 -8 6.068 6.068 -8 4.408
2 24 0 -13 -7.5 2.318 -13 -7.133
5 24 -1.545 -13 -4.755 -1.545 -8 -4.755 -2.939 -13 -4.045 0 -13 -5
2 24 1.47 0 2.023 2.023 0 1.469
5 24 4.408 -2.5 -6.068 4.408 -5.5 -6.068 2.318 -2.5 -7.133 6.068 -2.5 -4.408
5 24 -6.068 5 -4.408 -6.068 0 -4.408 -7.133 5 -2.318 -4.408 5 -6.068
5 24 -4.045 5 2.939 -4.045 0 2.939 -4.755 5 1.545 -2.939 5 4.045
5 24 -2.939 -13 4.045 -2.939 -8 4.045 -4.045 -13 2.939 -1.545 -13 4.755
2 24 -4.755 5 1.545 -4.045 5 2.939
2 24 -0.773001 -2.5 -2.378 -4.80825e-07 -2.5 -2.5
2 24 -2.5 -2.5 0 -2.378 -2.5 0.773
2 24 -6.068 -13 -4.408 -4.408 -13 -6.068
5 24 -4.755 -13 1.545 -4.755 -8 1.545 -5 -13 0 -4.045 -13 2.939
5 24 4.045 5 2.939 4.045 0 2.939 2.939 5 4.045 4.755 5 1.545
2 24 4.408 0 6.068 6.068 0 4.408
5 24 7.5 -5.5 0 7.5 -2.5 0 7.133 -5.5 -2.318 7.133 -5.5 2.318
2 24 -6.068 -5.5 -4.408 -4.408 -5.5 -6.068
2 24 3.09 0 -9.511 5.878 0 -8.09
2 24 2.378 0 -0.773 2.5 0 0
2 24 1.469 -5.5 2.023 2.023 -5.5 1.469
5 24 -2.023 0 -1.469 -2.023 -2.5 -1.469 -2.378 0 -0.773 -1.469 0 -2.023
5 24 -7.133 -13 -2.318 -7.133 -8 -2.318 -7.5 -13 0 -6.068 -13 -4.408
2 24 -7.133 0 2.318 -6.068 0 4.408
5 24 1.469 -8 2.023 1.469 -5.5 2.023 0.773001 -8 2.378 2.023 -8 1.469
2 24 -4.408 0 6.068 -2.318 0 7.133
5 24 -5.878 -5.13871e-07 8.09 -5.878 -8 8.09 -8.09 -7.0725e-07 5.878 -3.09 0 9.511
2 24 2.023 -5.5 -1.469 2.378 -5.5 -0.773
2 24 4.408 0 -6.068 6.068 0 -4.408
2 24 4.408 5 6.068 6.068 5 4.408
2 24 -2.023 -5.5 1.469 -1.47 -5.5 2.023
2 24 6.068 0 -4.408 7.133 0 -2.318
5 24 -4.755 5 1.545 -4.755 0 1.545 -5 5 0 -4.045 5 2.939
2 24 -6.068 -13 4.408 -4.408 -13 6.068
2 24 2.378 -5.5 -0.773 2.5 -5.5 0
5 24 -10 -8 0 -10 -8.74228e-07 0 -9.511 -8 -3.09 -9.511 -8 3.09
2 24 -2.5 -5.5 0 -2.378 -5.5 -0.773
5 24 0.772999 0 -2.378 0.773 -2.5 -2.378 -6.99382e-07 0 -2.5 1.47 0 -2.023
2 24 0 -8 -5 1.545 -8 -4.755
2 24 -4.045 5 -2.939 -2.939 5 -4.045
2 24 -3.09 -8 9.511 0 -8 10
2 24 -4.045 5 2.939 -2.939 5 4.045
5 24 7.133 0 2.318 7.133 5 2.318 6.068 0 4.408 7.5 0 0
2 24 0 -8 7.5 2.318 -8 7.133
5 24 2.318 -13 7.133 2.318 -8 7.133 0 -13 7.5 4.408 -13 6.068
2 24 -7.133 -8 2.318 -6.068 -8 4.408
5 24 -1.469 0 2.023 -1.469 -2.5 2.023 -2.023 0 1.469 -0.773001 0 2.378
2 24 8.09 -8 -5.878 9.511 -8 -3.09
2 24 4.755 0 -1.545 5 0 0
2 24 6.068 5 4.408 7.133 5 2.318
5 24 -1.545 5 4.755 -1.545 0 4.755 -2.939 5 4.045 -1.1365e-06 5 5
2 24 4.045 0 2.939 4.755 0 1.545
2 24 -5 -13 0 -4.755 -13 1.545
2 24 -8.09 0 -5.878 -5.878 -5.13871e-07 -8.09
5 24 -5.878 -5.13871e-07 -8.09 -5.878 -8 -8.09 -8.09 0 -5.878 -3.09 0 -9.511
2 24 4.408 -5.5 6.068 6.068 -5.5 4.408
2 24 1.47 -2.5 2.023 2.023 -2.5 1.469
5 24 -6.99382e-07 0 2.5 -4.80825e-07 -2.5 2.5 -0.773001 0 2.378 0.772999 0 2.378
2 24 -0.773001 -2.5 2.378 -4.80825e-07 -2.5 2.5
2 24 7.133 -2.5 -2.318 7.5 -2.5 0
5 24 2.939 -13 4.045 2.939 -8 4.045 1.545 -13 4.755 4.045 -13 2.939
5 24 -2.318 0 -7.133 -2.318 5 -7.133 -4.408 0 -6.068 -6.99382e-07 0 -7.5
2 24 -2.023 -5.5 -1.469 -1.47 -5.5 -2.023
5 24 1.545 -13 4.755 1.545 -8 4.755 0 -13 5 2.939 -13 4.045
2 24 -6.068 -8 4.408 -4.408 -8 6.068
2 24 -1.1365e-06 5 5 1.545 5 4.755
5 24 -4.755 -13 -1.545 -4.755 -8 -1.545 -5 -13 0 -4.045 -13 -2.939
2 24 -2.939 0 4.045 -1.545 0 4.755
2 24 2.378 0 0.773 2.5 0 0
2 24 -2.318 -13 7.133 0 -13 7.5
2 24 2.939 -13 4.045 4.045 -13 2.939
2 24 6.068 -5.5 4.408 7.133 -5.5 2.318
2 24 -2.318 -13 -7.133 0 -13 -7.5
2 24 9.511 0 -3.09 10 0 0
2 24 6.068 -2.5 -4.408 7.133 -2.5 -2.318
2 24 -7.133 -2.5 -2.318 -6.068 -2.5 -4.408
2 24 -1.545 -13 4.755 0 -13 5
5 24 -5 5 0 -5 0 0 -4.755 5 -1.545 -4.755 5 1.545
2 24 1.469 -8 2.023 2.023 -8 1.469
2 24 -7.133 -2.5 2.318 -6.068 -2.5 4.408
5 24 2.378 -8 -0.773 2.378 -5.5 -0.773 2.023 -8 -1.469 2.5 -8 0
2 24 -4.408 -8 6.068 -2.318 -8 7.133
5 24 2.939 5 4.045 2.939 0 4.045 1.545 5 4.755 4.045 5 2.939
2 24 -7.133 -5.5 2.318 -6.068 -5.5 4.408
2 24 -2.318 5 7.133 -1.1365e-06 5 7.5
2 24 -0.773 -5.5 -2.378 0 -5.5 -2.5
5 24 -1.47 -8 -2.023 -1.47 -5.5 -2.023 -2.023 -8 -1.469 -0.773 -8 -2.378
5 24 5 -13 0 5 -8 0 4.755 -13 1.545 4.755 -13 -1.545
5 24 -0.773001 0 2.378 -0.773001 -2.5 2.378 -1.469 0 2.023 -6.99382e-07 0 2.5
2 24 1.545 -8 4.755 2.939 -8 4.045
5 24 -7.5 5 0 -7.5 0 0 -7.133 5 2.318 -7.133 5 -2.318
2 24 1.545 -13 -4.755 2.939 -13 -4.045
5 24 4.755 -13 1.545 4.755 -8 1.545 4.045 -13 2.939 5 -13 0
2 24 2.023 -5.5 1.469 2.378 -5.5 0.773
2 24 -2.318 -2.5 -7.133 -4.80825e-07 -2.5 -7.5
5 24 3.09 0 9.511 3.09 -8 9.511 -6.99382e-07 0 10 5.878 0 8.09
5 24 4.408 -13 -6.068 4.408 -8 -6.068 2.318 -13 -7.133 6.068 -13 -4.408
2 24 6.068 -13 -4.408 7.133 -13 -2.318
2 24 -4.408 5 -6.068 -2.318 5 -7.133
2 24 -4.408 -8 -6.068 -2.318 -8 -7.133
2 24 -6.068 5 4.408 -4.408 5 6.068
5 24 -2.378 -8 0.773 -2.378 -5.5 0.773 -2.5 -8 0 -2.023 -8 1.469
5 24 4.045 -13 2.939 4.045 -8 2.939 2.939 -13 4.045 4.755 -13 1.545
5 24 -1.1365e-06 5 -5 -6.99382e-07 0 -5 -1.545 5 -4.755 1.545 5 -4.755
2 24 7.133 -5.5 2.318 7.5 -5.5 0
5 24 0 -13 7.5 0 -8 7.5 -2.318 -13 7.133 2.318 -13 7.133
2 24 7.133 0 2.318 7.5 0 0
2 24 2.939 5 -4.045 4.045 5 -2.939
2 24 8.09 7.0725e-07 5.878 9.511 0 3.09
5 24 -7.133 -5.5 2.318 -7.133 -2.5 2.318 -7.5 -5.5 0 -6.068 -5.5 4.408
5 24 -4.80825e-07 -2.5 -7.5 0 -5.5 -7.5 -2.318 -2.5 -7.133 2.318 -2.5 -7.133
5 24 9.511 -8 3.09 9.511 0 3.09 8.09 -8 5.878 10 -8 0
5 24 -2.939 -13 -4.045 -2.939 -8 -4.045 -4.045 -13 -2.939 -1.545 -13 -4.755
5 24 4.755 5 1.545 4.755 0 1.545 4.045 5 2.939 5 5 0
2 24 4.045 0 -2.939 4.755 0 -1.545
2 24 0 -8 -2.5 0.773001 -8 -2.378
2 24 -4.045 -8 -2.939 -2.939 -8 -4.045
2 24 -4.045 0 -2.939 -2.939 0 -4.045
2 24 -7.5 -8 0 -7.133 -8 -2.318
2 24 6.068 -8 -4.408 7.133 -8 -2.318
2 24 2.318 -2.5 -7.133 4.408 -2.5 -6.068
2 24 -1.545 -8 -4.755 0 -8 -5
5 24 0 -13 5 0 -8 5 -1.545 -13 4.755 1.545 -13 4.755
2 24 -2.023 -8 -1.469 -1.47 -8 -2.023
2 24 0 -5.5 2.5 0.773001 -5.5 2.378
5 24 1.545 5 -4.755 1.545 0 -4.755 -1.1365e-06 5 -5 2.939 5 -4.045
2 24 -4.755 -13 -1.545 -4.045 -13 -2.939
2 24 2.023 -8 1.469 2.378 -8 0.773
2 24 -6.068 5 -4.408 -4.408 5 -6.068
2 24 -2.378 0 -0.773 -2.023 0 -1.469
2 24 2.318 -8 7.133 4.408 -8 6.068
2 24 -7.133 -13 -2.318 -6.068 -13 -4.408
2 24 0 -13 -5 1.545 -13 -4.755
2 24 -1.1365e-06 5 7.5 2.318 5 7.133
5 24 -6.99382e-07 0 10 0 -8 10 -3.09 0 9.511 3.09 0 9.511
