0 Jacena 4 con agujero
0 Name: jacn4a.dat
0 Author: jasolo
0 !LDRAW_ORG Unofficial_Part
0 BFC CERTIFY CCW
1 16 10 0 0 1 0 0 0 1 0 0 0 1 s\teton.dat
1 16 30 0 0 1 0 0 0 1 0 0 0 1 s\teton.dat
1 16 -30 0 0 1 0 0 0 1 0 0 0 1 s\teton.dat
1 16 -10 0 0 1 0 0 0 1 0 0 0 1 s\teton.dat
4 16 2.5 -21.5 7.5 2.5 0 7.5 2.69 0 7.022 2.69 -21.5 7.022
4 16 2.69 -21.5 7.022 2.69 0 7.022 3.232 0 6.616 3.232 -21.5 6.616
4 16 3.232 -21.5 6.616 3.232 0 6.616 4.043 0 6.345 4.043 -21.5 6.345
4 16 4.043 -21.5 6.345 4.043 0 6.345 5 0 6.25 5 -21.5 6.25
4 16 5 -21.5 6.25 5 0 6.25 5.957 0 6.345 5.957 -21.5 6.345
4 16 5.957 -21.5 6.345 5.957 0 6.345 6.768 0 6.616 6.768 -21.5 6.616
4 16 6.768 -21.5 6.616 6.768 0 6.616 7.31 0 7.022 7.31 -21.5 7.022
4 16 7.5 0 7.5 7.5 -21.5 7.5 7.31 -21.5 7.022 7.31 0 7.022
3 16 7.5 0 7.5 7.31 0 7.022 5 0 7.5
3 16 7.31 0 7.022 6.768 0 6.616 5 0 7.5
3 16 6.768 0 6.616 5.957 0 6.345 5 0 7.5
3 16 5.957 0 6.345 5 0 6.25 5 0 7.5
3 16 5 0 6.25 4.043 0 6.345 5 0 7.5
3 16 4.043 0 6.345 3.232 0 6.616 5 0 7.5
3 16 3.232 0 6.616 2.69 0 7.022 5 0 7.5
3 16 2.69 0 7.022 2.5 0 7.5 5 0 7.5
3 16 -22.69 0 -7.022 -22.5 0 -7.5 -25 0 -7.5
3 16 -23.232 0 -6.616 -22.69 0 -7.022 -25 0 -7.5
3 16 -24.043 0 -6.345 -23.232 0 -6.616 -25 0 -7.5
3 16 -25 0 -6.25 -24.043 0 -6.345 -25 0 -7.5
3 16 -25.957 0 -6.345 -25 0 -6.25 -25 0 -7.5
3 16 -26.768 0 -6.616 -25.957 0 -6.345 -25 0 -7.5
3 16 -27.31 0 -7.022 -26.768 0 -6.616 -25 0 -7.5
3 16 -27.5 0 -7.5 -27.31 0 -7.022 -25 0 -7.5
4 16 12.5 -21.5 7.5 12.5 0 7.5 12.69 0 7.022 12.69 -21.5 7.022
4 16 12.69 -21.5 7.022 12.69 0 7.022 13.232 0 6.616 13.232 -21.5 6.616
4 16 13.232 -21.5 6.616 13.232 0 6.616 14.043 0 6.345 14.043 -21.5 6.345
4 16 14.043 -21.5 6.345 14.043 0 6.345 15 0 6.25 15 -21.5 6.25
4 16 15 -21.5 6.25 15 0 6.25 15.957 0 6.345 15.957 -21.5 6.345
4 16 15.957 -21.5 6.345 15.957 0 6.345 16.768 0 6.616 16.768 -21.5 6.616
4 16 16.768 -21.5 6.616 16.768 0 6.616 17.31 0 7.022 17.31 -21.5 7.022
4 16 17.31 -21.5 7.022 17.31 0 7.022 17.5 0 7.5 17.5 -21.5 7.5
3 16 17.5 0 7.5 17.31 0 7.022 15 0 7.5
3 16 17.31 0 7.022 16.768 0 6.616 15 0 7.5
3 16 16.768 0 6.616 15.957 0 6.345 15 0 7.5
3 16 15.957 0 6.345 15 0 6.25 15 0 7.5
3 16 15 0 6.25 14.043 0 6.345 15 0 7.5
3 16 14.043 0 6.345 13.232 0 6.616 15 0 7.5
3 16 13.232 0 6.616 12.69 0 7.022 15 0 7.5
3 16 12.69 0 7.022 12.5 0 7.5 15 0 7.5
4 16 -27.5 0 -7.5 -27.5 -21.5 -7.5 -27.31 -21.5 -7.022 -27.31 0 -7.022
4 16 -26.768 -21.5 -6.616 -26.768 0 -6.616 -27.31 0 -7.022 -27.31 -21.5 -7.022
4 16 -25.957 -21.5 -6.345 -25.957 0 -6.345 -26.768 0 -6.616 -26.768 -21.5 -6.616
4 16 -25 -21.5 -6.25 -25 0 -6.25 -25.957 0 -6.345 -25.957 -21.5 -6.345
4 16 -24.043 -21.5 -6.345 -24.043 0 -6.345 -25 0 -6.25 -25 -21.5 -6.25
4 16 -23.232 -21.5 -6.616 -23.232 0 -6.616 -24.043 0 -6.345 -24.043 -21.5 -6.345
4 16 -22.69 -21.5 -7.022 -22.69 0 -7.022 -23.232 0 -6.616 -23.232 -21.5 -6.616
4 16 -22.5 -21.5 -7.5 -22.5 0 -7.5 -22.69 0 -7.022 -22.69 -21.5 -7.022
4 16 22.5 -21.5 7.5 22.5 0 7.5 22.69 0 7.022 22.69 -21.5 7.022
4 16 22.69 -21.5 7.022 22.69 0 7.022 23.232 0 6.616 23.232 -21.5 6.616
4 16 23.232 -21.5 6.616 23.232 0 6.616 24.043 0 6.345 24.043 -21.5 6.345
4 16 24.043 -21.5 6.345 24.043 0 6.345 25 0 6.25 25 -21.5 6.25
4 16 25 -21.5 6.25 25 0 6.25 25.957 0 6.345 25.957 -21.5 6.345
4 16 25.957 -21.5 6.345 25.957 0 6.345 26.768 0 6.616 26.768 -21.5 6.616
4 16 26.768 -21.5 6.616 26.768 0 6.616 27.31 0 7.022 27.31 -21.5 7.022
4 16 27.31 -21.5 7.022 27.31 0 7.022 27.5 0 7.5 27.5 -21.5 7.5
3 16 27.5 0 7.5 27.31 0 7.022 25 0 7.5
3 16 27.31 0 7.022 26.768 0 6.616 25 0 7.5
3 16 26.768 0 6.616 25.957 0 6.345 25 0 7.5
3 16 25.957 0 6.345 25 0 6.25 25 0 7.5
3 16 25 0 6.25 24.043 0 6.345 25 0 7.5
3 16 24.043 0 6.345 23.232 0 6.616 25 0 7.5
3 16 23.232 0 6.616 22.69 0 7.022 25 0 7.5
3 16 22.69 0 7.022 22.5 0 7.5 25 0 7.5
3 16 -12.69 0 -7.022 -12.5 0 -7.5 -15 0 -7.5
3 16 -13.232 0 -6.616 -12.69 0 -7.022 -15 0 -7.5
3 16 -14.043 0 -6.345 -13.232 0 -6.616 -15 0 -7.5
3 16 -15 0 -6.25 -14.043 0 -6.345 -15 0 -7.5
3 16 -15.957 0 -6.345 -15 0 -6.25 -15 0 -7.5
3 16 -16.768 0 -6.616 -15.957 0 -6.345 -15 0 -7.5
3 16 -17.31 0 -7.022 -16.768 0 -6.616 -15 0 -7.5
3 16 -17.5 0 -7.5 -17.31 0 -7.022 -15 0 -7.5
4 16 -27.5 -21.5 7.5 -27.5 0 7.5 -27.31 0 7.022 -27.31 -21.5 7.022
4 16 -27.31 -21.5 7.022 -27.31 0 7.022 -26.768 0 6.616 -26.768 -21.5 6.616
4 16 -26.768 -21.5 6.616 -26.768 0 6.616 -25.957 0 6.345 -25.957 -21.5 6.345
4 16 -25.957 -21.5 6.345 -25.957 0 6.345 -25 0 6.25 -25 -21.5 6.25
4 16 -25 -21.5 6.25 -25 0 6.25 -24.043 0 6.345 -24.043 -21.5 6.345
4 16 -24.043 -21.5 6.345 -24.043 0 6.345 -23.232 0 6.616 -23.232 -21.5 6.616
4 16 -23.232 -21.5 6.616 -23.232 0 6.616 -22.69 0 7.022 -22.69 -21.5 7.022
4 16 -22.69 -21.5 7.022 -22.69 0 7.022 -22.5 0 7.5 -22.5 -21.5 7.5
3 16 -22.5 0 7.5 -22.69 0 7.022 -25 0 7.5
3 16 -22.69 0 7.022 -23.232 0 6.616 -25 0 7.5
3 16 -23.232 0 6.616 -24.043 0 6.345 -25 0 7.5
3 16 -24.043 0 6.345 -25 0 6.25 -25 0 7.5
3 16 -25 0 6.25 -25.957 0 6.345 -25 0 7.5
3 16 -25.957 0 6.345 -26.768 0 6.616 -25 0 7.5
3 16 -26.768 0 6.616 -27.31 0 7.022 -25 0 7.5
3 16 -27.31 0 7.022 -27.5 0 7.5 -25 0 7.5
4 16 -17.31 -21.5 -7.022 -17.31 0 -7.022 -17.5 0 -7.5 -17.5 -21.5 -7.5
4 16 -16.768 -21.5 -6.616 -16.768 0 -6.616 -17.31 0 -7.022 -17.31 -21.5 -7.022
4 16 -15.957 -21.5 -6.345 -15.957 0 -6.345 -16.768 0 -6.616 -16.768 -21.5 -6.616
4 16 -15 -21.5 -6.25 -15 0 -6.25 -15.957 0 -6.345 -15.957 -21.5 -6.345
4 16 -14.043 -21.5 -6.345 -14.043 0 -6.345 -15 0 -6.25 -15 -21.5 -6.25
4 16 -13.232 -21.5 -6.616 -13.232 0 -6.616 -14.043 0 -6.345 -14.043 -21.5 -6.345
4 16 -12.69 -21.5 -7.022 -12.69 0 -7.022 -13.232 0 -6.616 -13.232 -21.5 -6.616
4 16 -12.5 -21.5 -7.5 -12.5 0 -7.5 -12.69 0 -7.022 -12.69 -21.5 -7.022
4 16 -17.5 -21.5 7.5 -17.5 0 7.5 -17.31 0 7.022 -17.31 -21.5 7.022
4 16 -17.31 -21.5 7.022 -17.31 0 7.022 -16.768 0 6.616 -16.768 -21.5 6.616
4 16 -16.768 -21.5 6.616 -16.768 0 6.616 -15.957 0 6.345 -15.957 -21.5 6.345
4 16 -15.957 -21.5 6.345 -15.957 0 6.345 -15 0 6.25 -15 -21.5 6.25
4 16 -15 -21.5 6.25 -15 0 6.25 -14.043 0 6.345 -14.043 -21.5 6.345
4 16 -14.043 -21.5 6.345 -14.043 0 6.345 -13.232 0 6.616 -13.232 -21.5 6.616
4 16 -13.232 -21.5 6.616 -13.232 0 6.616 -12.69 0 7.022 -12.69 -21.5 7.022
4 16 -12.69 -21.5 7.022 -12.69 0 7.022 -12.5 0 7.5 -12.5 -21.5 7.5
3 16 -12.5 0 7.5 -12.69 0 7.022 -15 0 7.5
3 16 -12.69 0 7.022 -13.232 0 6.616 -15 0 7.5
3 16 -13.232 0 6.616 -14.043 0 6.345 -15 0 7.5
3 16 -14.043 0 6.345 -15 0 6.25 -15 0 7.5
3 16 -15 0 6.25 -15.957 0 6.345 -15 0 7.5
3 16 -15.957 0 6.345 -16.768 0 6.616 -15 0 7.5
3 16 -16.768 0 6.616 -17.31 0 7.022 -15 0 7.5
3 16 -17.31 0 7.022 -17.5 0 7.5 -15 0 7.5
3 16 -2.69 0 -7.022 -2.5 0 -7.5 -5 0 -7.5
3 16 -3.232 0 -6.616 -2.69 0 -7.022 -5 0 -7.5
3 16 -4.043 0 -6.345 -3.232 0 -6.616 -5 0 -7.5
3 16 -5 0 -6.25 -4.043 0 -6.345 -5 0 -7.5
3 16 -5.957 0 -6.345 -5 0 -6.25 -5 0 -7.5
3 16 -6.768 0 -6.616 -5.957 0 -6.345 -5 0 -7.5
3 16 -7.31 0 -7.022 -6.768 0 -6.616 -5 0 -7.5
3 16 -7.5 0 -7.5 -7.31 0 -7.022 -5 0 -7.5
4 16 -7.5 -21.5 7.5 -7.5 0 7.5 -7.31 0 7.022 -7.31 -21.5 7.022
4 16 -7.31 -21.5 7.022 -7.31 0 7.022 -6.768 0 6.616 -6.768 -21.5 6.616
4 16 -6.768 -21.5 6.616 -6.768 0 6.616 -5.957 0 6.345 -5.957 -21.5 6.345
4 16 -5.957 -21.5 6.345 -5.957 0 6.345 -5 0 6.25 -5 -21.5 6.25
4 16 -5 -21.5 6.25 -5 0 6.25 -4.043 0 6.345 -4.043 -21.5 6.345
4 16 -4.043 -21.5 6.345 -4.043 0 6.345 -3.232 0 6.616 -3.232 -21.5 6.616
4 16 -3.232 -21.5 6.616 -3.232 0 6.616 -2.69 0 7.022 -2.69 -21.5 7.022
4 16 -2.69 -21.5 7.022 -2.69 0 7.022 -2.5 0 7.5 -2.5 -21.5 7.5
3 16 -2.5 0 7.5 -2.69 0 7.022 -5 0 7.5
3 16 -2.69 0 7.022 -3.232 0 6.616 -5 0 7.5
3 16 -3.232 0 6.616 -4.043 0 6.345 -5 0 7.5
3 16 -4.043 0 6.345 -5 0 6.25 -5 0 7.5
3 16 -5 0 6.25 -5.957 0 6.345 -5 0 7.5
3 16 -5.957 0 6.345 -6.768 0 6.616 -5 0 7.5
3 16 -6.768 0 6.616 -7.31 0 7.022 -5 0 7.5
3 16 -7.31 0 7.022 -7.5 0 7.5 -5 0 7.5
4 16 -7.31 -21.5 -7.022 -7.31 0 -7.022 -7.5 0 -7.5 -7.5 -21.5 -7.5
4 16 -6.768 -21.5 -6.616 -6.768 0 -6.616 -7.31 0 -7.022 -7.31 -21.5 -7.022
4 16 -5.957 -21.5 -6.345 -5.957 0 -6.345 -6.768 0 -6.616 -6.768 -21.5 -6.616
4 16 -5 -21.5 -6.25 -5 0 -6.25 -5.957 0 -6.345 -5.957 -21.5 -6.345
4 16 -4.043 -21.5 -6.345 -4.043 0 -6.345 -5 0 -6.25 -5 -21.5 -6.25
4 16 -3.232 -21.5 -6.616 -3.232 0 -6.616 -4.043 0 -6.345 -4.043 -21.5 -6.345
4 16 -2.69 -21.5 -7.022 -2.69 0 -7.022 -3.232 0 -6.616 -3.232 -21.5 -6.616
4 16 -2.5 -21.5 -7.5 -2.5 0 -7.5 -2.69 0 -7.022 -2.69 -21.5 -7.022
4 16 27.5 -21.5 -7.5 27.5 0 -7.5 27.31 0 -7.022 27.31 -21.5 -7.022
4 16 27.31 -21.5 -7.022 27.31 0 -7.022 26.768 0 -6.616 26.768 -21.5 -6.616
4 16 26.768 -21.5 -6.616 26.768 0 -6.616 25.957 0 -6.345 25.957 -21.5 -6.345
4 16 25.957 -21.5 -6.345 25.957 0 -6.345 25 0 -6.25 25 -21.5 -6.25
4 16 25 -21.5 -6.25 25 0 -6.25 24.043 0 -6.345 24.043 -21.5 -6.345
4 16 24.043 -21.5 -6.345 24.043 0 -6.345 23.232 0 -6.616 23.232 -21.5 -6.616
4 16 23.232 -21.5 -6.616 23.232 0 -6.616 22.69 0 -7.022 22.69 -21.5 -7.022
4 16 22.69 -21.5 -7.022 22.69 0 -7.022 22.5 0 -7.5 22.5 -21.5 -7.5
3 16 22.5 0 -7.5 22.69 0 -7.022 25 0 -7.5
3 16 22.69 0 -7.022 23.232 0 -6.616 25 0 -7.5
3 16 23.232 0 -6.616 24.043 0 -6.345 25 0 -7.5
3 16 24.043 0 -6.345 25 0 -6.25 25 0 -7.5
3 16 25 0 -6.25 25.957 0 -6.345 25 0 -7.5
3 16 25.957 0 -6.345 26.768 0 -6.616 25 0 -7.5
3 16 26.768 0 -6.616 27.31 0 -7.022 25 0 -7.5
3 16 27.31 0 -7.022 27.5 0 -7.5 25 0 -7.5
4 16 17.5 -21.5 -7.5 17.5 0 -7.5 17.31 0 -7.022 17.31 -21.5 -7.022
4 16 17.31 -21.5 -7.022 17.31 0 -7.022 16.768 0 -6.616 16.768 -21.5 -6.616
4 16 16.768 -21.5 -6.616 16.768 0 -6.616 15.957 0 -6.345 15.957 -21.5 -6.345
4 16 15.957 -21.5 -6.345 15.957 0 -6.345 15 0 -6.25 15 -21.5 -6.25
4 16 15 -21.5 -6.25 15 0 -6.25 14.043 0 -6.345 14.043 -21.5 -6.345
4 16 14.043 -21.5 -6.345 14.043 0 -6.345 13.232 0 -6.616 13.232 -21.5 -6.616
4 16 13.232 -21.5 -6.616 13.232 0 -6.616 12.69 0 -7.022 12.69 -21.5 -7.022
4 16 12.69 -21.5 -7.022 12.69 0 -7.022 12.5 0 -7.5 12.5 -21.5 -7.5
3 16 12.5 0 -7.5 12.69 0 -7.022 15 0 -7.5
3 16 12.69 0 -7.022 13.232 0 -6.616 15 0 -7.5
3 16 13.232 0 -6.616 14.043 0 -6.345 15 0 -7.5
3 16 14.043 0 -6.345 15 0 -6.25 15 0 -7.5
3 16 15 0 -6.25 15.957 0 -6.345 15 0 -7.5
3 16 15.957 0 -6.345 16.768 0 -6.616 15 0 -7.5
3 16 16.768 0 -6.616 17.31 0 -7.022 15 0 -7.5
3 16 17.31 0 -7.022 17.5 0 -7.5 15 0 -7.5
4 16 7.5 -21.5 -7.5 7.5 0 -7.5 7.31 0 -7.022 7.31 -21.5 -7.022
4 16 7.31 -21.5 -7.022 7.31 0 -7.022 6.768 0 -6.616 6.768 -21.5 -6.616
4 16 6.768 -21.5 -6.616 6.768 0 -6.616 5.957 0 -6.345 5.957 -21.5 -6.345
4 16 5.957 -21.5 -6.345 5.957 0 -6.345 5 0 -6.25 5 -21.5 -6.25
4 16 5 -21.5 -6.25 5 0 -6.25 4.043 0 -6.345 4.043 -21.5 -6.345
4 16 4.043 -21.5 -6.345 4.043 0 -6.345 3.232 0 -6.616 3.232 -21.5 -6.616
4 16 3.232 -21.5 -6.616 3.232 0 -6.616 2.69 0 -7.022 2.69 -21.5 -7.022
4 16 2.69 -21.5 -7.022 2.69 0 -7.022 2.5 0 -7.5 2.5 -21.5 -7.5
3 16 2.5 0 -7.5 2.69 0 -7.022 5 0 -7.5
3 16 2.69 0 -7.022 3.232 0 -6.616 5 0 -7.5
3 16 3.232 0 -6.616 4.043 0 -6.345 5 0 -7.5
3 16 4.043 0 -6.345 5 0 -6.25 5 0 -7.5
3 16 5 0 -6.25 5.957 0 -6.345 5 0 -7.5
3 16 5.957 0 -6.345 6.768 0 -6.616 5 0 -7.5
3 16 6.768 0 -6.616 7.31 0 -7.022 5 0 -7.5
3 16 7.31 0 -7.022 7.5 0 -7.5 5 0 -7.5
2 24 -3.232 0 6.616 -2.69 0 7.022
2 24 -15.957 -21.5 6.345 -16.768 -21.5 6.616
2 24 27.5 -21.5 -7.5 27.5 0 -7.5
2 24 3.232 -21.5 6.616 2.69 -21.5 7.022
5 24 4.043 -21.5 6.345 4.043 0 6.345 3.232 -21.5 6.616 5 -21.5 6.25
2 24 -12.69 -21.5 7.022 -12.69 0 7.022
2 24 -2.69 -21.5 -7.022 -3.232 -21.5 -6.616
2 24 -17.5 0 -7.5 -17.31 0 -7.022
2 24 -22.69 0 -7.022 -23.232 0 -6.616
2 24 25 -21.5 6.25 25.957 -21.5 6.345
2 24 7.5 0 -7.5 7.31 0 -7.022
5 24 26.768 -21.5 6.616 26.768 0 6.616 25.957 -21.5 6.345 27.31 -21.5 7.022
5 24 -13.232 -21.5 6.616 -13.232 0 6.616 -14.043 -21.5 6.345 -12.69 -21.5 7.022
5 24 3.232 -21.5 6.616 3.232 0 6.616 2.69 -21.5 7.022 4.043 -21.5 6.345
2 24 -3.232 -21.5 6.616 -2.69 -21.5 7.022
2 24 -2.5 -21.5 -7.5 -2.69 -21.5 -7.022
5 24 25.957 -21.5 -6.345 25.957 0 -6.345 26.768 -21.5 -6.616 25 -21.5 -6.25
5 24 15.957 -21.5 6.345 15.957 0 6.345 15 -21.5 6.25 16.768 -21.5 6.616
2 24 -7.5 -21.5 -7.5 -7.31 -21.5 -7.022
5 24 -25 -21.5 -6.25 -25 0 -6.25 -25.957 -21.5 -6.345 -24.043 -21.5 -6.345
2 24 -12.69 -21.5 7.022 -12.5 -21.5 7.5
2 24 17.31 -21.5 -7.022 17.31 0 -7.022
2 24 -4.043 -21.5 -6.345 -5 -21.5 -6.25
2 24 -22.5 0 -7.5 -22.69 0 -7.022
2 24 2.69 0 7.022 2.5 0 7.5
2 24 15 0 7.5 17.5 0 7.5
2 24 26.768 -21.5 -6.616 25.957 -21.5 -6.345
2 24 -6.768 0 6.616 -7.31 0 7.022
2 24 -6.768 -21.5 -6.616 -5.957 -21.5 -6.345
2 24 12.69 -21.5 -7.022 13.232 -21.5 -6.616
2 24 -24.043 -21.5 -6.345 -25 -21.5 -6.25
5 24 23.232 -21.5 6.616 23.232 0 6.616 22.69 -21.5 7.022 24.043 -21.5 6.345
2 24 22.69 0 -7.022 23.232 0 -6.616
2 24 -7.5 0 -7.5 -5 0 -7.5
2 24 5 0 6.25 5.957 0 6.345
2 24 15.957 -21.5 -6.345 15 -21.5 -6.25
2 24 -22.69 -21.5 -7.022 -23.232 -21.5 -6.616
2 24 26.768 0 6.616 27.31 0 7.022
5 24 14.043 -21.5 -6.345 14.043 0 -6.345 15 -21.5 -6.25 13.232 -21.5 -6.616
2 24 -12.69 -21.5 -7.022 -12.69 0 -7.022
2 24 26.768 -21.5 6.616 27.31 -21.5 7.022
5 24 5.957 -21.5 -6.345 5.957 0 -6.345 6.768 -21.5 -6.616 5 -21.5 -6.25
2 24 27.5 0 -7.5 27.31 0 -7.022
2 24 22.5 -21.5 -7.5 22.69 -21.5 -7.022
2 24 22.69 -21.5 7.022 22.5 -21.5 7.5
2 24 -25 0 7.5 -22.5 0 7.5
2 24 -22.5 -21.5 7.5 -22.5 0 7.5
2 24 5.957 0 -6.345 5 0 -6.25
5 24 -15 -21.5 -6.25 -15 0 -6.25 -15.957 -21.5 -6.345 -14.043 -21.5 -6.345
2 24 6.768 -21.5 -6.616 5.957 -21.5 -6.345
2 24 25.957 0 6.345 26.768 0 6.616
2 24 15.957 -21.5 6.345 16.768 -21.5 6.616
2 24 15 -21.5 6.25 14.043 -21.5 6.345
2 24 5.957 -21.5 6.345 6.768 -21.5 6.616
5 24 -3.232 -21.5 6.616 -3.232 0 6.616 -4.043 -21.5 6.345 -2.69 -21.5 7.022
2 24 17.5 0 -7.5 17.31 0 -7.022
5 24 -3.232 -21.5 -6.616 -3.232 0 -6.616 -4.043 -21.5 -6.345 -2.69 -21.5 -7.022
2 24 -2.69 -21.5 7.022 -2.5 -21.5 7.5
2 24 25 0 7.5 27.5 0 7.5
2 24 14.043 -21.5 6.345 13.232 -21.5 6.616
2 24 15.957 0 6.345 16.768 0 6.616
2 24 -6.768 0 -6.616 -5.957 0 -6.345
5 24 16.768 -21.5 -6.616 16.768 0 -6.616 17.31 -21.5 -7.022 15.957 -21.5 -6.345
5 24 25.957 -21.5 6.345 25.957 0 6.345 25 -21.5 6.25 26.768 -21.5 6.616
2 24 -27.31 -21.5 7.022 -27.5 -21.5 7.5
2 24 -2.69 -21.5 7.022 -2.69 0 7.022
2 24 -17.31 -21.5 7.022 -17.5 -21.5 7.5
2 24 -16.768 0 6.616 -17.31 0 7.022
2 24 -27.31 0 -7.022 -26.768 0 -6.616
5 24 26.768 -21.5 -6.616 26.768 0 -6.616 27.31 -21.5 -7.022 25.957 -21.5 -6.345
2 24 -12.5 -21.5 -7.5 -12.69 -21.5 -7.022
2 24 5 -21.5 6.25 4.043 -21.5 6.345
2 24 -5.957 0 6.345 -6.768 0 6.616
2 24 22.69 0 7.022 22.5 0 7.5
2 24 3.232 -21.5 -6.616 4.043 -21.5 -6.345
2 24 -15 -21.5 6.25 -15.957 -21.5 6.345
2 24 7.31 0 -7.022 6.768 0 -6.616
2 24 12.5 -21.5 -7.5 12.5 0 -7.5
2 24 -5 0 6.25 -5.957 0 6.345
2 24 -22.69 -21.5 7.022 -22.69 0 7.022
2 24 2.5 0 7.5 5 0 7.5
2 24 16.768 -21.5 -6.616 15.957 -21.5 -6.345
2 24 26.768 0 -6.616 25.957 0 -6.345
2 24 5.957 -21.5 -6.345 5 -21.5 -6.25
2 24 27.31 -21.5 7.022 27.5 -21.5 7.5
2 24 12.69 0 7.022 12.5 0 7.5
5 24 4.043 -21.5 -6.345 4.043 0 -6.345 5 -21.5 -6.25 3.232 -21.5 -6.616
2 24 -5 -21.5 6.25 -4.043 -21.5 6.345
5 24 14.043 -21.5 6.345 14.043 0 6.345 13.232 -21.5 6.616 15 -21.5 6.25
2 24 4.043 0 6.345 3.232 0 6.616
2 24 -25 -21.5 6.25 -25.957 -21.5 6.345
5 24 -24.043 -21.5 -6.345 -24.043 0 -6.345 -25 -21.5 -6.25 -23.232 -21.5 -6.616
2 24 17.31 0 -7.022 16.768 0 -6.616
2 24 -27.31 -21.5 -7.022 -27.31 0 -7.022
5 24 -13.232 -21.5 -6.616 -13.232 0 -6.616 -14.043 -21.5 -6.345 -12.69 -21.5 -7.022
2 24 16.768 -21.5 6.616 17.31 -21.5 7.022
2 24 23.232 0 6.616 22.69 0 7.022
2 24 17.5 -21.5 -7.5 17.5 0 -7.5
2 24 2.5 0 -7.5 2.69 0 -7.022
2 24 -6.768 -21.5 6.616 -7.31 -21.5 7.022
2 24 27.31 -21.5 7.022 27.31 0 7.022
2 24 -26.768 -21.5 -6.616 -25.957 -21.5 -6.345
2 24 22.5 -21.5 -7.5 22.5 0 -7.5
2 24 -27.5 0 -7.5 -25 0 -7.5
2 24 12.69 0 -7.022 13.232 0 -6.616
2 24 2.69 -21.5 7.022 2.69 0 7.022
2 24 22.5 0 -7.5 22.69 0 -7.022
2 24 25.957 0 -6.345 25 0 -6.25
2 24 12.69 -21.5 7.022 12.5 -21.5 7.5
2 24 -17.31 0 7.022 -17.5 0 7.5
2 24 -25.957 -21.5 6.345 -26.768 -21.5 6.616
2 24 -7.31 -21.5 7.022 -7.31 0 7.022
5 24 -26.768 -21.5 6.616 -26.768 0 6.616 -27.31 -21.5 7.022 -25.957 -21.5 6.345
2 24 -27.5 -21.5 7.5 -27.5 0 7.5
2 24 -17.31 0 -7.022 -16.768 0 -6.616
2 24 -2.69 0 -7.022 -3.232 0 -6.616
2 24 17.31 -21.5 -7.022 16.768 -21.5 -6.616
2 24 -26.768 0 6.616 -27.31 0 7.022
2 24 2.5 -21.5 -7.5 2.5 0 -7.5
2 24 25.957 -21.5 -6.345 25 -21.5 -6.25
2 24 12.5 -21.5 7.5 12.5 0 7.5
2 24 -7.31 -21.5 -7.022 -7.31 0 -7.022
2 24 22.5 0 7.5 25 0 7.5
2 24 27.5 -21.5 -7.5 27.31 -21.5 -7.022
5 24 -25 -21.5 6.25 -25 0 6.25 -25.957 -21.5 6.345 -24.043 -21.5 6.345
5 24 5.957 -21.5 6.345 5.957 0 6.345 5 -21.5 6.25 6.768 -21.5 6.616
2 24 -16.768 -21.5 6.616 -17.31 -21.5 7.022
2 24 23.232 0 -6.616 24.043 0 -6.345
2 24 15 0 6.25 15.957 0 6.345
2 24 22.5 0 -7.5 25 0 -7.5
2 24 27.31 -21.5 -7.022 26.768 -21.5 -6.616
2 24 -22.5 -21.5 -7.5 -22.69 -21.5 -7.022
5 24 15 -21.5 6.25 15 0 6.25 14.043 -21.5 6.345 15.957 -21.5 6.345
2 24 -24.043 0 -6.345 -25 0 -6.25
5 24 -5 -21.5 -6.25 -5 0 -6.25 -5.957 -21.5 -6.345 -4.043 -21.5 -6.345
2 24 17.31 -21.5 7.022 17.31 0 7.022
2 24 2.5 -21.5 7.5 2.5 0 7.5
2 24 -25 0 6.25 -25.957 0 6.345
5 24 5 -21.5 6.25 5 0 6.25 4.043 -21.5 6.345 5.957 -21.5 6.345
5 24 -14.043 -21.5 -6.345 -14.043 0 -6.345 -15 -21.5 -6.25 -13.232 -21.5 -6.616
2 24 25 0 6.25 24.043 0 6.345
2 24 5 0 7.5 7.5 0 7.5
2 24 12.69 -21.5 7.022 12.69 0 7.022
2 24 2.69 0 -7.022 3.232 0 -6.616
2 24 -7.31 -21.5 -7.022 -6.768 -21.5 -6.616
5 24 15 -21.5 -6.25 15 0 -6.25 15.957 -21.5 -6.345 14.043 -21.5 -6.345
2 24 27.31 0 -7.022 26.768 0 -6.616
2 24 -2.5 0 -7.5 -2.69 0 -7.022
2 24 17.5 -21.5 7.5 17.5 0 7.5
2 24 -7.5 0 -7.5 -7.31 0 -7.022
5 24 -25.957 -21.5 -6.345 -25.957 0 -6.345 -26.768 -21.5 -6.616 -25 -21.5 -6.25
5 24 15.957 -21.5 -6.345 15.957 0 -6.345 16.768 -21.5 -6.616 15 -21.5 -6.25
5 24 24.043 -21.5 -6.345 24.043 0 -6.345 25 -21.5 -6.25 23.232 -21.5 -6.616
5 24 -5 -21.5 6.25 -5 0 6.25 -5.957 -21.5 6.345 -4.043 -21.5 6.345
2 24 2.69 -21.5 -7.022 2.69 0 -7.022
2 24 3.232 0 6.616 2.69 0 7.022
5 24 -15.957 -21.5 6.345 -15.957 0 6.345 -16.768 -21.5 6.616 -15 -21.5 6.25
5 24 -15.957 -21.5 -6.345 -15.957 0 -6.345 -16.768 -21.5 -6.616 -15 -21.5 -6.25
2 24 -25 -21.5 6.25 -24.043 -21.5 6.345
2 24 12.5 0 -7.5 12.69 0 -7.022
5 24 -25.957 -21.5 6.345 -25.957 0 6.345 -26.768 -21.5 6.616 -25 -21.5 6.25
2 24 -7.31 0 7.022 -7.5 0 7.5
5 24 -4.043 -21.5 6.345 -4.043 0 6.345 -5 -21.5 6.25 -3.232 -21.5 6.616
2 24 24.043 -21.5 -6.345 25 -21.5 -6.25
2 24 -5.957 -21.5 6.345 -6.768 -21.5 6.616
2 24 -15 -21.5 6.25 -14.043 -21.5 6.345
2 24 14.043 -21.5 -6.345 15 -21.5 -6.25
5 24 24.043 -21.5 6.345 24.043 0 6.345 23.232 -21.5 6.616 25 -21.5 6.25
2 24 25.957 -21.5 6.345 26.768 -21.5 6.616
2 24 -13.232 0 6.616 -12.69 0 7.022
2 24 -14.043 -21.5 6.345 -13.232 -21.5 6.616
2 24 -15 0 6.25 -15.957 0 6.345
2 24 -23.232 0 -6.616 -24.043 0 -6.345
2 24 12.5 -21.5 -7.5 12.69 -21.5 -7.022
2 24 14.043 0 6.345 13.232 0 6.616
5 24 5 -21.5 -6.25 5 0 -6.25 5.957 -21.5 -6.345 4.043 -21.5 -6.345
2 24 -23.232 0 6.616 -22.69 0 7.022
2 24 27.5 -21.5 7.5 27.5 0 7.5
2 24 -17.31 -21.5 7.022 -17.31 0 7.022
2 24 -26.768 0 -6.616 -25.957 0 -6.345
2 24 2.5 0 -7.5 5 0 -7.5
2 24 25 -21.5 6.25 24.043 -21.5 6.345
2 24 -25 0 6.25 -24.043 0 6.345
2 24 12.69 -21.5 -7.022 12.69 0 -7.022
2 24 23.232 -21.5 6.616 22.69 -21.5 7.022
2 24 25 0 6.25 25.957 0 6.345
2 24 -17.5 -21.5 -7.5 -17.31 -21.5 -7.022
2 24 15 -21.5 6.25 15.957 -21.5 6.345
2 24 7.31 -21.5 -7.022 6.768 -21.5 -6.616
2 24 -14.043 -21.5 -6.345 -15 -21.5 -6.25
2 24 -27.5 -21.5 -7.5 -27.31 -21.5 -7.022
5 24 13.232 -21.5 6.616 13.232 0 6.616 12.69 -21.5 7.022 14.043 -21.5 6.345
2 24 4.043 0 -6.345 5 0 -6.25
2 24 17.31 0 7.022 17.5 0 7.5
2 24 -17.5 -21.5 7.5 -17.5 0 7.5
2 24 -22.5 -21.5 -7.5 -22.5 0 -7.5
2 24 16.768 0 6.616 17.31 0 7.022
5 24 6.768 -21.5 -6.616 6.768 0 -6.616 7.31 -21.5 -7.022 5.957 -21.5 -6.345
2 24 -23.232 -21.5 6.616 -22.69 -21.5 7.022
2 24 7.31 -21.5 -7.022 7.31 0 -7.022
2 24 7.31 -21.5 7.022 7.5 -21.5 7.5
2 24 -14.043 0 -6.345 -15 0 -6.25
2 24 5 0 -7.5 7.5 0 -7.5
2 24 5 -21.5 6.25 5.957 -21.5 6.345
2 24 -3.232 0 -6.616 -4.043 0 -6.345
2 24 -22.69 -21.5 -7.022 -22.69 0 -7.022
2 24 -7.5 -21.5 7.5 -7.5 0 7.5
2 24 7.31 0 7.022 7.5 0 7.5
2 24 -12.69 0 7.022 -12.5 0 7.5
2 24 22.69 -21.5 -7.022 23.232 -21.5 -6.616
5 24 -14.043 -21.5 6.345 -14.043 0 6.345 -15 -21.5 6.25 -13.232 -21.5 6.616
2 24 -5 0 -7.5 -2.5 0 -7.5
2 24 2.69 -21.5 7.022 2.5 -21.5 7.5
2 24 -15 0 -7.5 -12.5 0 -7.5
2 24 -25.957 0 6.345 -26.768 0 6.616
2 24 7.5 -21.5 -7.5 7.31 -21.5 -7.022
5 24 25 -21.5 -6.25 25 0 -6.25 25.957 -21.5 -6.345 24.043 -21.5 -6.345
2 24 -7.5 0 7.5 -5 0 7.5
2 24 12.5 0 -7.5 15 0 -7.5
5 24 13.232 -21.5 -6.616 13.232 0 -6.616 14.043 -21.5 -6.345 12.69 -21.5 -7.022
2 24 -12.5 -21.5 -7.5 -12.5 0 -7.5
5 24 -6.768 -21.5 -6.616 -6.768 0 -6.616 -7.31 -21.5 -7.022 -5.957 -21.5 -6.345
2 24 -7.31 0 -7.022 -6.768 0 -6.616
2 24 -26.768 -21.5 6.616 -27.31 -21.5 7.022
2 24 -2.69 0 7.022 -2.5 0 7.5
5 24 23.232 -21.5 -6.616 23.232 0 -6.616 24.043 -21.5 -6.345 22.69 -21.5 -7.022
2 24 -2.5 -21.5 7.5 -2.5 0 7.5
5 24 -15 -21.5 6.25 -15 0 6.25 -15.957 -21.5 6.345 -14.043 -21.5 6.345
2 24 -25.957 0 -6.345 -25 0 -6.25
2 24 -12.69 0 -7.022 -13.232 0 -6.616
2 24 -5.957 -21.5 -6.345 -5 -21.5 -6.25
2 24 -24.043 0 6.345 -23.232 0 6.616
2 24 7.5 -21.5 7.5 7.5 0 7.5
2 24 4.043 -21.5 6.345 3.232 -21.5 6.616
5 24 -16.768 -21.5 -6.616 -16.768 0 -6.616 -17.31 -21.5 -7.022 -15.957 -21.5 -6.345
2 24 -27.5 0 7.5 -25 0 7.5
2 24 22.5 -21.5 7.5 22.5 0 7.5
5 24 -23.232 -21.5 -6.616 -23.232 0 -6.616 -24.043 -21.5 -6.345 -22.69 -21.5 -7.022
2 24 24.043 0 6.345 23.232 0 6.616
2 24 13.232 0 6.616 12.69 0 7.022
2 24 17.31 -21.5 7.022 17.5 -21.5 7.5
2 24 22.69 -21.5 7.022 22.69 0 7.022
2 24 22.69 -21.5 -7.022 22.69 0 -7.022
2 24 5 0 6.25 4.043 0 6.345
2 24 7.5 -21.5 -7.5 7.5 0 -7.5
2 24 23.232 -21.5 -6.616 24.043 -21.5 -6.345
2 24 15.957 0 -6.345 15 0 -6.25
5 24 -5.957 -21.5 6.345 -5.957 0 6.345 -6.768 -21.5 6.616 -5 -21.5 6.25
2 24 -22.69 0 7.022 -22.5 0 7.5
2 24 -16.768 -21.5 -6.616 -15.957 -21.5 -6.345
2 24 7.31 -21.5 7.022 7.31 0 7.022
2 24 -12.69 -21.5 -7.022 -13.232 -21.5 -6.616
2 24 -15 0 6.25 -14.043 0 6.345
2 24 -14.043 0 6.345 -13.232 0 6.616
2 24 15 0 6.25 14.043 0 6.345
2 24 -4.043 -21.5 6.345 -3.232 -21.5 6.616
2 24 13.232 0 -6.616 14.043 0 -6.345
2 24 14.043 0 -6.345 15 0 -6.25
2 24 3.232 0 -6.616 4.043 0 -6.345
2 24 -17.31 -21.5 -7.022 -17.31 0 -7.022
2 24 -5.957 0 -6.345 -5 0 -6.25
2 24 6.768 0 6.616 7.31 0 7.022
2 24 -24.043 -21.5 6.345 -23.232 -21.5 6.616
5 24 -26.768 -21.5 -6.616 -26.768 0 -6.616 -27.31 -21.5 -7.022 -25.957 -21.5 -6.345
5 24 16.768 -21.5 6.616 16.768 0 6.616 15.957 -21.5 6.345 17.31 -21.5 7.022
2 24 -15.957 -21.5 -6.345 -15 -21.5 -6.25
2 24 6.768 -21.5 6.616 7.31 -21.5 7.022
2 24 -17.5 0 -7.5 -15 0 -7.5
2 24 -27.5 -21.5 -7.5 -27.5 0 -7.5
5 24 -5.957 -21.5 -6.345 -5.957 0 -6.345 -6.768 -21.5 -6.616 -5 -21.5 -6.25
2 24 24.043 -21.5 6.345 23.232 -21.5 6.616
2 24 -4.043 0 6.345 -3.232 0 6.616
2 24 15 0 -7.5 17.5 0 -7.5
5 24 -23.232 -21.5 6.616 -23.232 0 6.616 -24.043 -21.5 6.345 -22.69 -21.5 7.022
2 24 -2.69 -21.5 -7.022 -2.69 0 -7.022
2 24 16.768 0 -6.616 15.957 0 -6.345
2 24 -12.5 0 -7.5 -12.69 0 -7.022
2 24 -15.957 0 -6.345 -15 0 -6.25
2 24 -15 0 7.5 -12.5 0 7.5
2 24 -15.957 0 6.345 -16.768 0 6.616
2 24 -25 0 -7.5 -22.5 0 -7.5
2 24 27.31 0 7.022 27.5 0 7.5
2 24 25 0 -7.5 27.5 0 -7.5
2 24 -5 0 6.25 -4.043 0 6.345
2 24 -3.232 -21.5 -6.616 -4.043 -21.5 -6.345
2 24 17.5 -21.5 -7.5 17.31 -21.5 -7.022
5 24 3.232 -21.5 -6.616 3.232 0 -6.616 4.043 -21.5 -6.345 2.69 -21.5 -7.022
2 24 4.043 -21.5 -6.345 5 -21.5 -6.25
2 24 -27.31 -21.5 -7.022 -26.768 -21.5 -6.616
2 24 -23.232 -21.5 -6.616 -24.043 -21.5 -6.345
2 24 2.5 -21.5 -7.5 2.69 -21.5 -7.022
2 24 -13.232 -21.5 -6.616 -14.043 -21.5 -6.345
2 24 -5 -21.5 6.25 -5.957 -21.5 6.345
5 24 -4.043 -21.5 -6.345 -4.043 0 -6.345 -5 -21.5 -6.25 -3.232 -21.5 -6.616
2 24 -7.5 -21.5 -7.5 -7.5 0 -7.5
2 24 -27.31 0 7.022 -27.5 0 7.5
2 24 -4.043 0 -6.345 -5 0 -6.25
2 24 -17.31 -21.5 -7.022 -16.768 -21.5 -6.616
2 24 13.232 -21.5 6.616 12.69 -21.5 7.022
2 24 -27.5 0 -7.5 -27.31 0 -7.022
2 24 -2.5 -21.5 -7.5 -2.5 0 -7.5
2 24 -5 0 7.5 -2.5 0 7.5
2 24 -7.31 -21.5 7.022 -7.5 -21.5 7.5
2 24 -13.232 0 -6.616 -14.043 0 -6.345
2 24 12.5 0 7.5 15 0 7.5
2 24 -12.5 -21.5 7.5 -12.5 0 7.5
2 24 -13.232 -21.5 6.616 -12.69 -21.5 7.022
2 24 -16.768 0 -6.616 -15.957 0 -6.345
2 24 2.69 -21.5 -7.022 3.232 -21.5 -6.616
2 24 24.043 0 -6.345 25 0 -6.25
5 24 -24.043 -21.5 6.345 -24.043 0 6.345 -25 -21.5 6.25 -23.232 -21.5 6.616
2 24 6.768 0 -6.616 5.957 0 -6.345
5 24 -6.768 -21.5 6.616 -6.768 0 6.616 -7.31 -21.5 7.022 -5.957 -21.5 6.345
2 24 -27.31 -21.5 7.022 -27.31 0 7.022
5 24 6.768 -21.5 6.616 6.768 0 6.616 5.957 -21.5 6.345 7.31 -21.5 7.022
2 24 -17.5 0 7.5 -15 0 7.5
2 24 13.232 -21.5 -6.616 14.043 -21.5 -6.345
2 24 27.31 -21.5 -7.022 27.31 0 -7.022
5 24 25 -21.5 6.25 25 0 6.25 24.043 -21.5 6.345 25.957 -21.5 6.345
2 24 -25.957 -21.5 -6.345 -25 -21.5 -6.25
5 24 -16.768 -21.5 6.616 -16.768 0 6.616 -17.31 -21.5 7.022 -15.957 -21.5 6.345
2 24 5.957 0 6.345 6.768 0 6.616
2 24 -22.69 -21.5 7.022 -22.5 -21.5 7.5
2 24 -17.5 -21.5 -7.5 -17.5 0 -7.5
0 
4 16 -0.75 -11 7.5 0.75 -11 7.5 0.75 -11 2 -0.75 -11 2
4 16 -0.75 -11 7.5 -0.75 -11 2 -0.75 -21.5 2 -0.75 -21.5 7.5
4 16 0.75 -21.5 7.5 0.75 -21.5 2 0.75 -11 2 0.75 -11 7.5
4 16 0.75 -11 -7.5 -0.75 -11 -7.5 -0.75 -11 -2 0.75 -11 -2
4 16 0.75 -11 -7.5 0.75 -11 -2 0.75 -21.5 -2 0.75 -21.5 -7.5
4 16 -0.75 -21.5 -7.5 -0.75 -21.5 -2 -0.75 -11 -2 -0.75 -11 -7.5
3 16 20 -11 0 22.5 -11 0 22.31 -11 -0.957
3 16 20 -11 0 22.31 -11 -0.957 21.768 -11 -1.768
3 16 20 -11 0 21.768 -11 -1.768 20.957 -11 -2.31
3 16 20 -11 0 20.957 -11 -2.31 20 -11 -2.5
3 16 20 -11 0 20 -11 -2.5 19.043 -11 -2.31
3 16 20 -11 0 19.043 -11 -2.31 18.232 -11 -1.768
3 16 20 -11 0 18.232 -11 -1.768 17.69 -11 -0.957
3 16 17.69 -11 -0.957 17.5 -11 0 20 -11 0
3 16 20 -11 0 17.5 -11 0 17.69 -11 0.957
3 16 20 -11 0 17.69 -11 0.957 18.232 -11 1.768
3 16 20 -11 0 18.232 -11 1.768 19.043 -11 2.31
3 16 20 -11 0 19.043 -11 2.31 20 -11 2.5
3 16 20 -11 0 20 -11 2.5 20.957 -11 2.31
3 16 20 -11 0 20.957 -11 2.31 21.768 -11 1.768
3 16 20 -11 0 21.768 -11 1.768 22.31 -11 0.957
3 16 20 -11 0 22.31 -11 0.957 22.5 -11 0
4 16 22.5 -11 0 22.5 -21.5 0 22.31 -21.5 -0.957 22.31 -11 -0.957
4 16 22.31 -11 -0.957 22.31 -21.5 -0.957 21.768 -21.5 -1.768 21.768 -11 -1.768
4 16 21.768 -11 -1.768 21.768 -21.5 -1.768 20.957 -21.5 -2.31 20.957 -11 -2.31
4 16 20.957 -11 -2.31 20.957 -21.5 -2.31 20 -21.5 -2.5 20 -11 -2.5
4 16 20 -11 -2.5 20 -21.5 -2.5 19.043 -21.5 -2.31 19.043 -11 -2.31
4 16 19.043 -11 -2.31 19.043 -21.5 -2.31 18.232 -21.5 -1.768 18.232 -11 -1.768
4 16 18.232 -11 -1.768 18.232 -21.5 -1.768 17.69 -21.5 -0.957 17.69 -11 -0.957
4 16 17.5 -21.5 0 17.5 -11 0 17.69 -11 -0.957 17.69 -21.5 -0.957
4 16 17.5 -11 0 17.5 -21.5 0 17.69 -21.5 0.957 17.69 -11 0.957
4 16 17.69 -11 0.957 17.69 -21.5 0.957 18.232 -21.5 1.768 18.232 -11 1.768
4 16 18.232 -11 1.768 18.232 -21.5 1.768 19.043 -21.5 2.31 19.043 -11 2.31
4 16 19.043 -11 2.31 19.043 -21.5 2.31 20 -21.5 2.5 20 -11 2.5
4 16 20 -11 2.5 20 -21.5 2.5 20.957 -21.5 2.31 20.957 -11 2.31
4 16 20.957 -11 2.31 20.957 -21.5 2.31 21.768 -21.5 1.768 21.768 -11 1.768
4 16 21.768 -11 1.768 21.768 -21.5 1.768 22.31 -21.5 0.957 22.31 -11 0.957
4 16 22.31 -11 0.957 22.31 -21.5 0.957 22.5 -21.5 0 22.5 -11 0
3 16 0 -11 0 2.5 -11 0 2.31 -11 -0.957
3 16 0 -11 0 2.31 -11 -0.957 1.768 -11 -1.768
3 16 0 -11 0 1.768 -11 -1.768 0.957 -11 -2.31
3 16 0 -11 0 0.957 -11 -2.31 0 -11 -2.5
3 16 0 -11 0 0 -11 -2.5 -0.957 -11 -2.31
3 16 0 -11 0 -0.957 -11 -2.31 -1.768 -11 -1.768
3 16 0 -11 0 -1.768 -11 -1.768 -2.31 -11 -0.957
3 16 -2.31 -11 -0.957 -2.5 -11 0 0 -11 0
3 16 0 -11 0 -2.5 -11 0 -2.31 -11 0.957
3 16 0 -11 0 -2.31 -11 0.957 -1.768 -11 1.768
3 16 0 -11 0 -1.768 -11 1.768 -0.957 -11 2.31
3 16 0 -11 0 -0.957 -11 2.31 0 -11 2.5
3 16 0 -11 0 0 -11 2.5 0.957 -11 2.31
3 16 0 -11 0 0.957 -11 2.31 1.768 -11 1.768
3 16 0 -11 0 1.768 -11 1.768 2.31 -11 0.957
3 16 0 -11 0 2.31 -11 0.957 2.5 -11 0
4 16 2.5 -11 0 2.5 -21.5 0 2.31 -21.5 -0.957 2.31 -11 -0.957
4 16 2.31 -11 -0.957 2.31 -21.5 -0.957 1.768 -21.5 -1.768 1.768 -11 -1.768
4 16 1.768 -11 -1.768 1.768 -21.5 -1.768 0.957 -21.5 -2.31 0.957 -11 -2.31
4 16 0.957 -11 -2.31 0.957 -21.5 -2.31 0 -21.5 -2.5 0 -11 -2.5
4 16 0 -11 -2.5 0 -21.5 -2.5 -0.957 -21.5 -2.31 -0.957 -11 -2.31
4 16 -0.957 -11 -2.31 -0.957 -21.5 -2.31 -1.768 -21.5 -1.768 -1.768 -11 -1.768
4 16 -1.768 -11 -1.768 -1.768 -21.5 -1.768 -2.31 -21.5 -0.957 -2.31 -11 -0.957
4 16 -2.5 -21.5 0 -2.5 -11 0 -2.31 -11 -0.957 -2.31 -21.5 -0.957
4 16 -2.31 -21.5 0.957 -2.31 -11 0.957 -2.5 -11 0 -2.5 -21.5 0
4 16 -2.31 -11 0.957 -2.31 -21.5 0.957 -1.768 -21.5 1.768 -1.768 -11 1.768
4 16 -1.768 -11 1.768 -1.768 -21.5 1.768 -0.957 -21.5 2.31 -0.957 -11 2.31
4 16 -0.957 -11 2.31 -0.957 -21.5 2.31 0 -21.5 2.5 0 -11 2.5
4 16 0 -11 2.5 0 -21.5 2.5 0.957 -21.5 2.31 0.957 -11 2.31
4 16 0.957 -11 2.31 0.957 -21.5 2.31 1.768 -21.5 1.768 1.768 -11 1.768
4 16 1.768 -11 1.768 1.768 -21.5 1.768 2.31 -21.5 0.957 2.31 -11 0.957
4 16 2.31 -11 0.957 2.31 -21.5 0.957 2.5 -21.5 0 2.5 -11 0
4 16 40 0 10 37.5 0 7.5 -37.5 0 7.5 -40 0 10
4 16 37.5 0 -7.5 40 0 -10 -40 0 -10 -37.5 0 -7.5
4 16 -40 -24 10 40 -24 10 40 0 10 -40 0 10
4 16 -40 0 -10 40 0 -10 40 -24 -10 -40 -24 -10
4 16 -37.5 -21.5 7.5 -37.5 0 7.5 37.5 0 7.5 37.5 -21.5 7.5
4 16 -37.5 0 -7.5 -37.5 -21.5 -7.5 37.5 -21.5 -7.5 37.5 0 -7.5
4 16 40 -24 10 -40 -24 10 -40 -24 -10 40 -24 -10
4 16 40 -4.613 1.196 40 -5.29 2.21 37.5 -5.29 2.21 37.5 -4.613 1.196
4 16 40 -4.375 0 40 -4.613 1.196 37.5 -4.613 1.196 37.5 -4.375 0
4 16 40 -4.613 -1.196 40 -4.375 0 37.5 -4.375 0 37.5 -4.613 -1.196
4 16 40 -5.29 -2.21 40 -4.613 -1.196 37.5 -4.613 -1.196 37.5 -5.29 -2.21
4 16 40 -6.304 -2.887 40 -5.29 -2.21 37.5 -5.29 -2.21 37.5 -6.304 -2.887
4 16 40 -7.5 -3.125 40 -6.304 -2.887 37.5 -6.304 -2.887 37.5 -7.5 -3.125
4 16 40 -8.696 -2.887 40 -7.5 -3.125 37.5 -7.5 -3.125 37.5 -8.696 -2.887
4 16 40 -9.71 -2.21 40 -8.696 -2.887 37.5 -8.696 -2.887 37.5 -9.71 -2.21
4 16 40 -10.387 -1.196 40 -9.71 -2.21 37.5 -9.71 -2.21 37.5 -10.387 -1.196
4 16 40 -10.625 0 40 -10.387 -1.196 37.5 -10.387 -1.196 37.5 -10.625 0
4 16 40 -10.387 1.196 40 -10.625 0 37.5 -10.625 0 37.5 -10.387 1.196
4 16 40 -9.71 2.21 40 -10.387 1.196 37.5 -10.387 1.196 37.5 -9.71 2.21
4 16 40 -8.696 2.887 40 -9.71 2.21 37.5 -9.71 2.21 37.5 -8.696 2.887
4 16 40 -7.5 3.125 40 -8.696 2.887 37.5 -8.696 2.887 37.5 -7.5 3.125
4 16 40 -6.304 2.887 40 -7.5 3.125 37.5 -7.5 3.125 37.5 -6.304 2.887
4 16 40 -6.304 2.887 37.5 -6.304 2.887 37.5 -5.29 2.21 40 -5.29 2.21
4 16 37.5 0 7.5 40 0 10 40 0 -10 37.5 0 -7.5
4 16 -40 0 -10 -40 0 10 -37.5 0 7.5 -37.5 0 -7.5
3 16 40 0 -10 40 0 10 40 -4.375 0
3 16 40 0 -10 40 -4.375 0 40 -4.613 -1.196
3 16 40 0 -10 40 -4.613 -1.196 40 -5.29 -2.21
3 16 40 0 -10 40 -5.29 -2.21 40 -6.304 -2.887
3 16 40 0 -10 40 -6.304 -2.887 40 -7.5 -3.125
3 16 40 0 -10 40 -7.5 -3.125 40 -24 -10
3 16 40 -24 -10 40 -7.5 -3.125 40 -8.696 -2.887
3 16 40 -24 -10 40 -8.696 -2.887 40 -9.71 -2.21
3 16 40 -24 -10 40 -9.71 -2.21 40 -10.387 -1.196
3 16 40 -24 -10 40 -10.387 -1.196 40 -10.625 0
3 16 40 -24 -10 40 -10.625 0 40 -24 10
3 16 40 -24 10 40 -10.625 0 40 -10.387 1.196
3 16 40 -24 10 40 -10.387 1.196 40 -9.71 2.21
3 16 40 -24 10 40 -9.71 2.21 40 -8.696 2.887
3 16 40 -24 10 40 -8.696 2.887 40 -7.5 3.125
3 16 40 0 10 40 -24 10 40 -7.5 3.125
3 16 40 0 10 40 -7.5 3.125 40 -6.304 2.887
3 16 40 0 10 40 -6.304 2.887 40 -5.29 2.21
3 16 40 0 10 40 -5.29 2.21 40 -4.613 1.196
3 16 40 0 10 40 -4.613 1.196 40 -4.375 0
3 16 37.5 0 -7.5 37.5 -4.613 -1.196 37.5 -4.375 0
3 16 37.5 0 -7.5 37.5 -5.29 -2.21 37.5 -4.613 -1.196
3 16 37.5 0 -7.5 37.5 -6.304 -2.887 37.5 -5.29 -2.21
3 16 37.5 0 -7.5 37.5 -7.5 -3.125 37.5 -6.304 -2.887
3 16 37.5 0 -7.5 37.5 -21.5 -7.5 37.5 -7.5 -3.125
3 16 37.5 -21.5 -7.5 37.5 -8.696 -2.887 37.5 -7.5 -3.125
3 16 37.5 -21.5 -7.5 37.5 -9.71 -2.21 37.5 -8.696 -2.887
3 16 37.5 -21.5 -7.5 37.5 -10.387 -1.196 37.5 -9.71 -2.21
3 16 37.5 -21.5 -7.5 37.5 -10.625 0 37.5 -10.387 -1.196
3 16 37.5 -21.5 7.5 37.5 -10.625 0 37.5 -21.5 -7.5
3 16 37.5 -21.5 7.5 37.5 -10.387 1.196 37.5 -10.625 0
3 16 37.5 -21.5 7.5 37.5 -9.71 2.21 37.5 -10.387 1.196
3 16 37.5 -21.5 7.5 37.5 -8.696 2.887 37.5 -9.71 2.21
3 16 37.5 -21.5 7.5 37.5 -7.5 3.125 37.5 -8.696 2.887
3 16 37.5 0 7.5 37.5 -7.5 3.125 37.5 -21.5 7.5
3 16 37.5 0 7.5 37.5 -6.304 2.887 37.5 -7.5 3.125
3 16 37.5 0 7.5 37.5 -5.29 2.21 37.5 -6.304 2.887
3 16 37.5 0 7.5 37.5 -4.613 1.196 37.5 -5.29 2.21
3 16 37.5 0 7.5 37.5 -4.375 0 37.5 -4.613 1.196
3 16 37.5 0 7.5 37.5 0 -7.5 37.5 -4.375 0
3 16 -37.5 0 -7.5 -37.5 0 7.5 -37.5 -4.375 0
3 16 -37.5 0 -7.5 -37.5 -4.375 0 -37.5 -4.613 -1.196
3 16 -37.5 0 -7.5 -37.5 -4.613 -1.196 -37.5 -5.29 -2.21
3 16 -37.5 0 -7.5 -37.5 -5.29 -2.21 -37.5 -6.304 -2.887
3 16 -37.5 0 -7.5 -37.5 -6.304 -2.887 -37.5 -7.5 -3.125
3 16 -37.5 0 -7.5 -37.5 -7.5 -3.125 -37.5 -21.5 -7.5
3 16 -37.5 -21.5 -7.5 -37.5 -7.5 -3.125 -37.5 -8.696 -2.887
3 16 -37.5 -21.5 -7.5 -37.5 -8.696 -2.887 -37.5 -9.71 -2.21
3 16 -37.5 -21.5 -7.5 -37.5 -9.71 -2.21 -37.5 -10.387 -1.196
3 16 -37.5 -21.5 -7.5 -37.5 -10.387 -1.196 -37.5 -10.625 0
3 16 -37.5 -21.5 -7.5 -37.5 -10.625 0 -37.5 -21.5 7.5
3 16 -37.5 -21.5 7.5 -37.5 -10.625 0 -37.5 -10.387 1.196
3 16 -37.5 -21.5 7.5 -37.5 -10.387 1.196 -37.5 -9.71 2.21
3 16 -37.5 -21.5 7.5 -37.5 -9.71 2.21 -37.5 -8.696 2.887
3 16 -37.5 -21.5 7.5 -37.5 -8.696 2.887 -37.5 -7.5 3.125
3 16 -37.5 0 7.5 -37.5 -21.5 7.5 -37.5 -7.5 3.125
3 16 -37.5 0 7.5 -37.5 -7.5 3.125 -37.5 -6.304 2.887
3 16 -37.5 0 7.5 -37.5 -6.304 2.887 -37.5 -5.29 2.21
3 16 -37.5 0 7.5 -37.5 -5.29 2.21 -37.5 -4.613 1.196
3 16 -37.5 0 7.5 -37.5 -4.613 1.196 -37.5 -4.375 0
3 16 -40 0 -10 -40 -4.613 -1.196 -40 -4.375 0
3 16 -40 0 -10 -40 -5.29 -2.21 -40 -4.613 -1.196
3 16 -40 0 -10 -40 -6.304 -2.887 -40 -5.29 -2.21
3 16 -40 0 -10 -40 -7.5 -3.125 -40 -6.304 -2.887
3 16 -40 0 -10 -40 -24 -10 -40 -7.5 -3.125
3 16 -40 -24 -10 -40 -8.696 -2.887 -40 -7.5 -3.125
3 16 -40 -24 -10 -40 -9.71 -2.21 -40 -8.696 -2.887
3 16 -40 -24 -10 -40 -10.387 -1.196 -40 -9.71 -2.21
3 16 -40 -24 -10 -40 -10.625 0 -40 -10.387 -1.196
3 16 -40 -24 10 -40 -10.625 0 -40 -24 -10
3 16 -40 -24 10 -40 -10.387 1.196 -40 -10.625 0
3 16 -40 -24 10 -40 -9.71 2.21 -40 -10.387 1.196
3 16 -40 -24 10 -40 -8.696 2.887 -40 -9.71 2.21
3 16 -40 -24 10 -40 -7.5 3.125 -40 -8.696 2.887
3 16 -40 0 10 -40 -7.5 3.125 -40 -24 10
3 16 -40 0 10 -40 -6.304 2.887 -40 -7.5 3.125
3 16 -40 0 10 -40 -5.29 2.21 -40 -6.304 2.887
3 16 -40 0 10 -40 -4.613 1.196 -40 -5.29 2.21
3 16 -40 0 10 -40 -4.375 0 -40 -4.613 1.196
3 16 -40 0 10 -40 0 -10 -40 -4.375 0
4 16 -40 -6.304 -2.887 -37.5 -6.304 -2.887 -37.5 -5.29 -2.21 -40 -5.29 -2.21
4 16 -40 -6.304 -2.887 -40 -7.5 -3.125 -37.5 -7.5 -3.125 -37.5 -6.304 -2.887
4 16 -40 -7.5 -3.125 -40 -8.696 -2.887 -37.5 -8.696 -2.887 -37.5 -7.5 -3.125
4 16 -40 -8.696 -2.887 -40 -9.71 -2.21 -37.5 -9.71 -2.21 -37.5 -8.696 -2.887
4 16 -40 -9.71 -2.21 -40 -10.387 -1.196 -37.5 -10.387 -1.196 -37.5 -9.71 -2.21
4 16 -40 -10.387 -1.196 -40 -10.625 0 -37.5 -10.625 0 -37.5 -10.387 -1.196
4 16 -40 -10.625 0 -40 -10.387 1.196 -37.5 -10.387 1.196 -37.5 -10.625 0
4 16 -40 -10.387 1.196 -40 -9.71 2.21 -37.5 -9.71 2.21 -37.5 -10.387 1.196
4 16 -40 -9.71 2.21 -40 -8.696 2.887 -37.5 -8.696 2.887 -37.5 -9.71 2.21
4 16 -40 -8.696 2.887 -40 -7.5 3.125 -37.5 -7.5 3.125 -37.5 -8.696 2.887
4 16 -40 -7.5 3.125 -40 -6.304 2.887 -37.5 -6.304 2.887 -37.5 -7.5 3.125
4 16 -40 -6.304 2.887 -40 -5.29 2.21 -37.5 -5.29 2.21 -37.5 -6.304 2.887
4 16 -40 -5.29 2.21 -40 -4.613 1.196 -37.5 -4.613 1.196 -37.5 -5.29 2.21
4 16 -40 -4.613 1.196 -40 -4.375 0 -37.5 -4.375 0 -37.5 -4.613 1.196
4 16 -40 -4.375 0 -40 -4.613 -1.196 -37.5 -4.613 -1.196 -37.5 -4.375 0
4 16 -40 -4.613 -1.196 -40 -5.29 -2.21 -37.5 -5.29 -2.21 -37.5 -4.613 -1.196
4 16 -20.75 -21.5 -7.5 -20.75 -21.5 -2 -20.75 -11 -2 -20.75 -11 -7.5
4 16 -19.25 -11 -7.5 -19.25 -11 -2 -19.25 -21.5 -2 -19.25 -21.5 -7.5
4 16 -19.25 -11 -7.5 -20.75 -11 -7.5 -20.75 -11 -2 -19.25 -11 -2
4 16 -19.25 -21.5 7.5 -19.25 -21.5 2 -19.25 -11 2 -19.25 -11 7.5
4 16 -20.75 -11 7.5 -20.75 -11 2 -20.75 -21.5 2 -20.75 -21.5 7.5
4 16 -20.75 -11 7.5 -19.25 -11 7.5 -19.25 -11 2 -20.75 -11 2
4 16 19.25 -21.5 -7.5 19.25 -21.5 -2 19.25 -11 -2 19.25 -11 -7.5
4 16 20.75 -11 -7.5 20.75 -11 -2 20.75 -21.5 -2 20.75 -21.5 -7.5
4 16 20.75 -11 -7.5 19.25 -11 -7.5 19.25 -11 -2 20.75 -11 -2
4 16 20.75 -21.5 7.5 20.75 -21.5 2 20.75 -11 2 20.75 -11 7.5
4 16 19.25 -11 7.5 19.25 -11 2 19.25 -21.5 2 19.25 -21.5 7.5
4 16 19.25 -11 7.5 20.75 -11 7.5 20.75 -11 2 19.25 -11 2
4 16 -17.69 -11 0.957 -17.69 -21.5 0.957 -17.5 -21.5 0 -17.5 -11 0
4 16 -18.232 -11 1.768 -18.232 -21.5 1.768 -17.69 -21.5 0.957 -17.69 -11 0.957
4 16 -19.043 -11 2.31 -19.043 -21.5 2.31 -18.232 -21.5 1.768 -18.232 -11 1.768
4 16 -20 -11 2.5 -20 -21.5 2.5 -19.043 -21.5 2.31 -19.043 -11 2.31
4 16 -20.957 -11 2.31 -20.957 -21.5 2.31 -20 -21.5 2.5 -20 -11 2.5
4 16 -21.768 -11 1.768 -21.768 -21.5 1.768 -20.957 -21.5 2.31 -20.957 -11 2.31
4 16 -22.31 -11 0.957 -22.31 -21.5 0.957 -21.768 -21.5 1.768 -21.768 -11 1.768
4 16 -22.31 -21.5 0.957 -22.31 -11 0.957 -22.5 -11 0 -22.5 -21.5 0
4 16 -22.5 -21.5 0 -22.5 -11 0 -22.31 -11 -0.957 -22.31 -21.5 -0.957
4 16 -21.768 -11 -1.768 -21.768 -21.5 -1.768 -22.31 -21.5 -0.957 -22.31 -11 -0.957
4 16 -20.957 -11 -2.31 -20.957 -21.5 -2.31 -21.768 -21.5 -1.768 -21.768 -11 -1.768
4 16 -20 -11 -2.5 -20 -21.5 -2.5 -20.957 -21.5 -2.31 -20.957 -11 -2.31
4 16 -19.043 -11 -2.31 -19.043 -21.5 -2.31 -20 -21.5 -2.5 -20 -11 -2.5
4 16 -18.232 -11 -1.768 -18.232 -21.5 -1.768 -19.043 -21.5 -2.31 -19.043 -11 -2.31
4 16 -17.69 -11 -0.957 -17.69 -21.5 -0.957 -18.232 -21.5 -1.768 -18.232 -11 -1.768
4 16 -17.5 -11 0 -17.5 -21.5 0 -17.69 -21.5 -0.957 -17.69 -11 -0.957
3 16 -20 -11 0 -17.69 -11 0.957 -17.5 -11 0
3 16 -20 -11 0 -18.232 -11 1.768 -17.69 -11 0.957
3 16 -20 -11 0 -19.043 -11 2.31 -18.232 -11 1.768
3 16 -20 -11 0 -20 -11 2.5 -19.043 -11 2.31
3 16 -20 -11 0 -20.957 -11 2.31 -20 -11 2.5
3 16 -20 -11 0 -21.768 -11 1.768 -20.957 -11 2.31
3 16 -20 -11 0 -22.31 -11 0.957 -21.768 -11 1.768
3 16 -20 -11 0 -22.5 -11 0 -22.31 -11 0.957
3 16 -22.31 -11 -0.957 -22.5 -11 0 -20 -11 0
3 16 -20 -11 0 -21.768 -11 -1.768 -22.31 -11 -0.957
3 16 -20 -11 0 -20.957 -11 -2.31 -21.768 -11 -1.768
3 16 -20 -11 0 -20 -11 -2.5 -20.957 -11 -2.31
3 16 -20 -11 0 -19.043 -11 -2.31 -20 -11 -2.5
3 16 -20 -11 0 -18.232 -11 -1.768 -19.043 -11 -2.31
3 16 -20 -11 0 -17.69 -11 -0.957 -18.232 -11 -1.768
3 16 -20 -11 0 -17.5 -11 0 -17.69 -11 -0.957
2 24 0.957 -11 -2.31 1.768 -11 -1.768
5 24 -40 -9.71 -2.21 -37.5 -9.71 -2.21 -40 -8.696 -2.887 -40 -10.387 -1.196
2 24 21.768 -11 1.768 22.31 -11 0.957
2 24 -0.75 -21.5 7.5 -0.75 -11 7.5
2 24 -21.768 -21.5 -1.768 -20.957 -21.5 -2.31
2 24 -40 -6.304 -2.887 -40 -5.29 -2.21
2 24 0 -11 -2.5 0.957 -11 -2.31
2 24 0 -21.5 2.5 0.957 -21.5 2.31
5 24 22.31 -21.5 0.957 22.31 -11 0.957 21.768 -21.5 1.768 22.5 -21.5 0
2 24 -0.75 -11 -7.5 0.75 -11 -7.5
2 24 40 -9.71 2.21 40 -8.696 2.887
2 24 -37.5 -21.5 7.5 -37.5 0 7.5
2 24 -37.5 -10.625 0 -37.5 -10.387 1.196
5 24 37.5 -5.29 2.21 40 -5.29 2.21 37.5 -4.613 1.196 37.5 -6.304 2.887
2 24 -40 -6.304 2.887 -40 -5.29 2.21
2 24 2.31 -11 -0.957 2.5 -11 0
2 24 37.5 -9.71 2.21 37.5 -8.696 2.887
2 24 -20.75 -11 2 -20.75 -11 7.5
5 24 -40 -4.375 0 -37.5 -4.375 0 -40 -4.613 1.196 -40 -4.613 -1.196
2 24 19.043 -21.5 -2.31 20 -21.5 -2.5
5 24 -1.768 -21.5 -1.768 -1.768 -11 -1.768 -0.957 -21.5 -2.31 -2.31 -21.5 -0.957
2 24 18.232 -21.5 1.768 19.043 -21.5 2.31
2 24 -37.5 -4.613 -1.196 -37.5 -4.375 0
2 24 19.25 -21.5 -7.5 19.25 -21.5 -2
2 24 37.5 -8.696 2.887 37.5 -7.5 3.125
2 24 2.31 -21.5 0.957 2.5 -21.5 0
2 24 -0.957 -11 2.31 0 -11 2.5
2 24 -37.5 -21.5 -7.5 -37.5 0 -7.5
2 24 -19.25 -21.5 -2 -19.25 -11 -2
2 24 17.5 -21.5 0 17.69 -21.5 0.957
5 24 1.768 -21.5 -1.768 1.768 -11 -1.768 2.31 -21.5 -0.957 0.957 -21.5 -2.31
2 24 -0.75 -11 -2 0.75 -11 -2
2 24 40 -5.29 2.21 40 -4.613 1.196
2 24 40 -24 -10 40 -24 10
2 24 -17.69 -11 -0.957 -17.5 -11 0
2 24 -22.5 -11 0 -22.31 -11 0.957
5 24 20.957 -21.5 2.31 20.957 -11 2.31 20 -21.5 2.5 21.768 -21.5 1.768
2 24 20 -21.5 2.5 20.957 -21.5 2.31
2 24 -37.5 -9.71 2.21 -37.5 -8.696 2.887
5 24 -20 -21.5 -2.5 -20 -11 -2.5 -20.957 -21.5 -2.31 -19.043 -21.5 -2.31
2 24 21.768 -21.5 -1.768 22.31 -21.5 -0.957
2 24 -22.31 -11 -0.957 -21.768 -11 -1.768
2 24 22.31 -21.5 -0.957 22.5 -21.5 0
2 24 1.768 -21.5 -1.768 2.31 -21.5 -0.957
5 24 -40 -10.387 -1.196 -37.5 -10.387 -1.196 -40 -9.71 -2.21 -40 -10.625 0
2 24 37.5 -10.387 -1.196 37.5 -9.71 -2.21
5 24 21.768 -21.5 -1.768 21.768 -11 -1.768 22.31 -21.5 -0.957 20.957 -21.5 -2.31
2 24 0.75 -11 -7.5 0.75 -11 -2
2 24 20.75 -21.5 2 20.75 -21.5 7.5
2 24 19.25 -11 2 20.75 -11 2
2 24 40 -5.29 -2.21 40 -4.613 -1.196
2 24 0.75 -21.5 7.5 0.75 -11 7.5
5 24 -40 -8.696 2.887 -37.5 -8.696 2.887 -40 -9.71 2.21 -40 -7.5 3.125
5 24 19.043 -21.5 -2.31 19.043 -11 -2.31 20 -21.5 -2.5 18.232 -21.5 -1.768
2 24 0.75 -21.5 -7.5 0.75 -11 -7.5
2 24 -20.75 -21.5 -7.5 -20.75 -21.5 -2
5 24 17.69 -21.5 -0.957 17.69 -11 -0.957 18.232 -21.5 -1.768 17.5 -21.5 0
2 24 -40 -4.613 -1.196 -40 -4.375 0
2 24 17.5 -11 0 17.69 -11 -0.957
5 24 37.5 -6.304 2.887 40 -6.304 2.887 37.5 -7.5 3.125 37.5 -5.29 2.21
5 24 -17.5 -21.5 0 -17.5 -11 0 -17.69 -21.5 0.957 -17.69 -21.5 -0.957
2 24 19.25 -21.5 -7.5 19.25 -11 -7.5
2 24 -17.69 -21.5 0.957 -17.5 -21.5 0
2 24 1.768 -11 1.768 2.31 -11 0.957
5 24 -40 -7.5 -3.125 -37.5 -7.5 -3.125 -40 -6.304 -2.887 -40 -8.696 -2.887
5 24 20 -21.5 -2.5 20 -11 -2.5 20.957 -21.5 -2.31 19.043 -21.5 -2.31
2 24 19.25 -11 -7.5 20.75 -11 -7.5
2 24 -19.25 -21.5 -7.5 -19.25 -11 -7.5
2 24 -20.75 -21.5 -7.5 -20.75 -11 -7.5
2 24 40 -24 -10 40 0 -10
2 24 20.75 -21.5 -7.5 20.75 -11 -7.5
2 24 -20.75 -21.5 -2 -20.75 -11 -2
2 24 37.5 0 -7.5 37.5 0 7.5
2 24 -0.75 -21.5 -7.5 -0.75 -11 -7.5
5 24 -40 -5.29 -2.21 -37.5 -5.29 -2.21 -40 -6.304 -2.887 -40 -4.613 -1.196
5 24 37.5 -10.387 -1.196 40 -10.387 -1.196 37.5 -9.71 -2.21 37.5 -10.625 0
2 24 -37.5 -5.29 2.21 -37.5 -4.613 1.196
2 24 -40 -8.696 -2.887 -40 -7.5 -3.125
5 24 18.232 -21.5 1.768 18.232 -11 1.768 17.69 -21.5 0.957 19.043 -21.5 2.31
5 24 -19.043 -21.5 -2.31 -19.043 -11 -2.31 -20 -21.5 -2.5 -18.232 -21.5 -1.768
2 24 19.043 -21.5 2.31 20 -21.5 2.5
2 24 -19.25 -21.5 2 -19.25 -11 2
2 24 19.043 -11 2.31 20 -11 2.5
5 24 22.5 -21.5 0 22.5 -11 0 22.31 -21.5 -0.957 22.31 -21.5 0.957
2 24 -40 -24 10 40 -24 10
2 24 -19.25 -11 2 -19.25 -11 7.5
2 24 -2.5 -21.5 0 -2.31 -21.5 0.957
2 24 40 0 -10 40 0 10
2 24 37.5 -7.5 3.125 37.5 -6.304 2.887
2 24 -0.75 -21.5 -7.5 -0.75 -21.5 -2
5 24 37.5 -5.29 -2.21 40 -5.29 -2.21 37.5 -4.613 -1.196 37.5 -6.304 -2.887
5 24 37.5 -4.613 1.196 40 -4.613 1.196 37.5 -5.29 2.21 37.5 -4.375 0
2 24 17.69 -21.5 -0.957 18.232 -21.5 -1.768
2 24 -2.5 -21.5 0 -2.31 -21.5 -0.957
2 24 -20.75 -11 7.5 -19.25 -11 7.5
5 24 37.5 -7.5 3.125 40 -7.5 3.125 37.5 -8.696 2.887 37.5 -6.304 2.887
5 24 -2.5 -21.5 0 -2.5 -11 0 -2.31 -21.5 -0.957 -2.31 -21.5 0.957
2 24 20.75 -21.5 7.5 20.75 -11 7.5
2 24 20.75 -21.5 -2 20.75 -11 -2
2 24 40 -10.387 1.196 40 -9.71 2.21
2 24 -40 -9.71 -2.21 -40 -8.696 -2.887
2 24 0.75 -21.5 -2 0.75 -11 -2
2 24 19.25 -11 2 19.25 -11 7.5
2 24 40 -10.387 -1.196 40 -9.71 -2.21
2 24 -1.768 -11 -1.768 -0.957 -11 -2.31
2 24 -20.75 -11 -7.5 -20.75 -11 -2
5 24 18.232 -21.5 -1.768 18.232 -11 -1.768 19.043 -21.5 -2.31 17.69 -21.5 -0.957
2 24 -19.25 -11 -7.5 -19.25 -11 -2
5 24 17.69 -21.5 0.957 17.69 -11 0.957 17.5 -21.5 0 18.232 -21.5 1.768
2 24 17.69 -11 -0.957 18.232 -11 -1.768
2 24 -40 -24 -10 40 -24 -10
2 24 20 -21.5 -2.5 20.957 -21.5 -2.31
2 24 -22.5 -21.5 0 -22.31 -21.5 0.957
2 24 -40 -10.387 -1.196 -40 -9.71 -2.21
5 24 20 -21.5 2.5 20 -11 2.5 19.043 -21.5 2.31 20.957 -21.5 2.31
2 24 -40 -24 -10 -40 0 -10
2 24 -18.232 -11 1.768 -17.69 -11 0.957
2 24 -37.5 -10.625 0 -37.5 -10.387 -1.196
2 24 -18.232 -11 -1.768 -17.69 -11 -0.957
5 24 1.768 -21.5 1.768 1.768 -11 1.768 0.957 -21.5 2.31 2.31 -21.5 0.957
2 24 -20.957 -21.5 -2.31 -20 -21.5 -2.5
2 24 -18.232 -21.5 -1.768 -17.69 -21.5 -0.957
2 24 18.232 -21.5 -1.768 19.043 -21.5 -2.31
2 24 -0.957 -11 -2.31 0 -11 -2.5
2 24 0.957 -21.5 -2.31 1.768 -21.5 -1.768
2 24 -22.31 -21.5 -0.957 -21.768 -21.5 -1.768
2 24 0 -21.5 -2.5 0.957 -21.5 -2.31
5 24 -20.957 -21.5 -2.31 -20.957 -11 -2.31 -21.768 -21.5 -1.768 -20 -21.5 -2.5
2 24 37.5 -8.696 -2.887 37.5 -7.5 -3.125
5 24 -40 -8.696 -2.887 -37.5 -8.696 -2.887 -40 -7.5 -3.125 -40 -9.71 -2.21
5 24 37.5 -8.696 2.887 40 -8.696 2.887 37.5 -9.71 2.21 37.5 -7.5 3.125
5 24 -22.31 -21.5 0.957 -22.31 -11 0.957 -21.768 -21.5 1.768 -22.5 -21.5 0
2 24 -19.043 -11 -2.31 -18.232 -11 -1.768
2 24 22.31 -21.5 0.957 22.5 -21.5 0
5 24 0.957 -21.5 2.31 0.957 -11 2.31 0 -21.5 2.5 1.768 -21.5 1.768
2 24 -37.5 -7.5 -3.125 -37.5 -6.304 -2.887
2 24 20.75 -21.5 2 20.75 -11 2
2 24 0.75 -21.5 7.5 0.75 -21.5 2
2 24 37.5 -21.5 -7.5 37.5 0 -7.5
2 24 -40 -24 10 -40 0 10
5 24 37.5 -8.696 -2.887 40 -8.696 -2.887 37.5 -7.5 -3.125 37.5 -9.71 -2.21
2 24 22.31 -11 -0.957 22.5 -11 0
2 24 -40 0 -10 -40 0 10
2 24 -22.31 -21.5 0.957 -21.768 -21.5 1.768
2 24 -40 -8.696 2.887 -40 -7.5 3.125
2 24 -20.75 -21.5 7.5 -20.75 -11 7.5
2 24 19.25 -21.5 2 19.25 -21.5 7.5
2 24 17.5 -11 0 17.69 -11 0.957
2 24 0.75 -21.5 2 0.75 -11 2
5 24 -0.957 -21.5 -2.31 -0.957 -11 -2.31 0 -21.5 -2.5 -1.768 -21.5 -1.768
2 24 -1.768 -11 1.768 -0.957 -11 2.31
2 24 21.768 -21.5 1.768 22.31 -21.5 0.957
2 24 2.31 -21.5 -0.957 2.5 -21.5 0
2 24 40 -6.304 -2.887 40 -5.29 -2.21
5 24 37.5 -7.5 -3.125 40 -7.5 -3.125 37.5 -6.304 -2.887 37.5 -8.696 -2.887
2 24 40 -4.613 -1.196 40 -4.375 0
2 24 -20.75 -11 -7.5 -19.25 -11 -7.5
5 24 -17.69 -21.5 -0.957 -17.69 -11 -0.957 -18.232 -21.5 -1.768 -17.5 -21.5 0
2 24 -20 -21.5 2.5 -19.043 -21.5 2.31
2 24 -22.5 -11 0 -22.31 -11 -0.957
2 24 -40 0 -10 40 0 -10
5 24 -21.768 -21.5 -1.768 -21.768 -11 -1.768 -22.31 -21.5 -0.957 -20.957 -21.5 -2.31
2 24 -0.75 -11 2 0.75 -11 2
2 24 19.25 -21.5 2 19.25 -11 2
5 24 37.5 -4.613 -1.196 40 -4.613 -1.196 37.5 -4.375 0 37.5 -5.29 -2.21
2 24 20.957 -21.5 -2.31 21.768 -21.5 -1.768
2 24 -40 -9.71 2.21 -40 -8.696 2.887
2 24 -0.957 -21.5 2.31 0 -21.5 2.5
2 24 1.768 -21.5 1.768 2.31 -21.5 0.957
2 24 19.25 -11 -2 20.75 -11 -2
5 24 -21.768 -21.5 1.768 -21.768 -11 1.768 -20.957 -21.5 2.31 -22.31 -21.5 0.957
5 24 -40 -6.304 2.887 -37.5 -6.304 2.887 -40 -7.5 3.125 -40 -5.29 2.21
5 24 -20.957 -21.5 2.31 -20.957 -11 2.31 -20 -21.5 2.5 -21.768 -21.5 1.768
2 24 -37.5 -6.304 2.887 -37.5 -5.29 2.21
2 24 -40 -24 -10 -40 -24 10
2 24 -37.5 -5.29 -2.21 -37.5 -4.613 -1.196
5 24 -40 -10.625 0 -37.5 -10.625 0 -40 -10.387 -1.196 -40 -10.387 1.196
2 24 -0.957 -21.5 -2.31 0 -21.5 -2.5
2 24 0.957 -11 2.31 1.768 -11 1.768
2 24 -21.768 -21.5 1.768 -20.957 -21.5 2.31
2 24 20.957 -21.5 2.31 21.768 -21.5 1.768
2 24 17.5 -21.5 0 17.69 -21.5 -0.957
5 24 -2.31 -21.5 -0.957 -2.31 -11 -0.957 -1.768 -21.5 -1.768 -2.5 -21.5 0
2 24 -20.75 -11 -2 -19.25 -11 -2
2 24 -20.957 -21.5 2.31 -20 -21.5 2.5
2 24 1.768 -11 -1.768 2.31 -11 -0.957
2 24 -20.75 -11 2 -19.25 -11 2
2 24 -1.768 -21.5 -1.768 -0.957 -21.5 -2.31
2 24 20.75 -21.5 -7.5 20.75 -21.5 -2
2 24 20 -11 2.5 20.957 -11 2.31
2 24 37.5 -21.5 -7.5 37.5 -21.5 7.5
2 24 2.31 -11 0.957 2.5 -11 0
2 24 -40 -5.29 -2.21 -40 -4.613 -1.196
2 24 37.5 -6.304 2.887 37.5 -5.29 2.21
2 24 20.75 -11 2 20.75 -11 7.5
5 24 0.957 -21.5 -2.31 0.957 -11 -2.31 1.768 -21.5 -1.768 0 -21.5 -2.5
2 24 20.957 -11 -2.31 21.768 -11 -1.768
2 24 -0.75 -11 -7.5 -0.75 -11 -2
2 24 -2.31 -21.5 0.957 -1.768 -21.5 1.768
2 24 -22.5 -21.5 0 -22.31 -21.5 -0.957
5 24 -40 -9.71 2.21 -37.5 -9.71 2.21 -40 -10.387 1.196 -40 -8.696 2.887
2 24 40 -7.5 -3.125 40 -6.304 -2.887
2 24 -2.31 -21.5 -0.957 -1.768 -21.5 -1.768
5 24 2.31 -21.5 0.957 2.31 -11 0.957 1.768 -21.5 1.768 2.5 -21.5 0
2 24 -2.5 -11 0 -2.31 -11 -0.957
5 24 -18.232 -21.5 -1.768 -18.232 -11 -1.768 -19.043 -21.5 -2.31 -17.69 -21.5 -0.957
5 24 -17.69 -21.5 0.957 -17.69 -11 0.957 -17.5 -21.5 0 -18.232 -21.5 1.768
5 24 20.957 -21.5 -2.31 20.957 -11 -2.31 21.768 -21.5 -1.768 20 -21.5 -2.5
2 24 -20 -11 -2.5 -19.043 -11 -2.31
5 24 2.31 -21.5 -0.957 2.31 -11 -0.957 2.5 -21.5 0 1.768 -21.5 -1.768
5 24 -40 -7.5 3.125 -37.5 -7.5 3.125 -40 -8.696 2.887 -40 -6.304 2.887
5 24 2.5 -21.5 0 2.5 -11 0 2.31 -21.5 -0.957 2.31 -21.5 0.957
5 24 37.5 -4.375 0 40 -4.375 0 37.5 -4.613 1.196 37.5 -4.613 -1.196
2 24 -40 -5.29 2.21 -40 -4.613 1.196
2 24 -37.5 0 -7.5 -37.5 0 7.5
2 24 -40 -4.613 1.196 -40 -4.375 0
2 24 -19.25 -21.5 -7.5 -19.25 -21.5 -2
5 24 -22.31 -21.5 -0.957 -22.31 -11 -0.957 -22.5 -21.5 0 -21.768 -21.5 -1.768
2 24 -37.5 -21.5 -7.5 -37.5 -21.5 7.5
2 24 -19.25 -21.5 2 -19.25 -21.5 7.5
2 24 37.5 -9.71 -2.21 37.5 -8.696 -2.887
5 24 -20 -21.5 2.5 -20 -11 2.5 -19.043 -21.5 2.31 -20.957 -21.5 2.31
5 24 -22.5 -21.5 0 -22.5 -11 0 -22.31 -21.5 0.957 -22.31 -21.5 -0.957
2 24 -22.31 -11 0.957 -21.768 -11 1.768
2 24 -37.5 -10.387 -1.196 -37.5 -9.71 -2.21
5 24 -40 -10.387 1.196 -37.5 -10.387 1.196 -40 -10.625 0 -40 -9.71 2.21
2 24 37.5 -7.5 -3.125 37.5 -6.304 -2.887
2 24 0.75 -11 7.5 0.75 -11 2
2 24 -20.75 -21.5 2 -20.75 -21.5 7.5
2 24 40 -6.304 2.887 40 -5.29 2.21
2 24 -20 -11 2.5 -19.043 -11 2.31
2 24 -0.75 -21.5 -2 -0.75 -11 -2
2 24 -37.5 -21.5 7.5 37.5 -21.5 7.5
2 24 -37.5 0 -7.5 37.5 0 -7.5
2 24 20.957 -11 2.31 21.768 -11 1.768
2 24 -37.5 -21.5 -7.5 37.5 -21.5 -7.5
2 24 19.25 -21.5 7.5 19.25 -11 7.5
2 24 -37.5 -6.304 -2.887 -37.5 -5.29 -2.21
2 24 -21.768 -11 -1.768 -20.957 -11 -2.31
2 24 -37.5 -8.696 2.887 -37.5 -7.5 3.125
2 24 19.25 -11 7.5 20.75 -11 7.5
2 24 -19.043 -11 2.31 -18.232 -11 1.768
2 24 40 -8.696 2.887 40 -7.5 3.125
2 24 -40 -7.5 -3.125 -40 -6.304 -2.887
2 24 22.31 -11 0.957 22.5 -11 0
2 24 21.768 -11 -1.768 22.31 -11 -0.957
2 24 -0.75 -11 7.5 0.75 -11 7.5
2 24 18.232 -11 -1.768 19.043 -11 -2.31
2 24 -17.69 -21.5 -0.957 -17.5 -21.5 0
2 24 -20.957 -11 2.31 -20 -11 2.5
2 24 37.5 -21.5 7.5 37.5 0 7.5
5 24 0 -21.5 -2.5 0 -11 -2.5 0.957 -21.5 -2.31 -0.957 -21.5 -2.31
5 24 37.5 -9.71 2.21 40 -9.71 2.21 37.5 -10.387 1.196 37.5 -8.696 2.887
5 24 -40 -4.613 1.196 -37.5 -4.613 1.196 -40 -5.29 2.21 -40 -4.375 0
2 24 -40 0 10 40 0 10
2 24 -37.5 -4.613 1.196 -37.5 -4.375 0
2 24 -18.232 -21.5 1.768 -17.69 -21.5 0.957
2 24 -37.5 -8.696 -2.887 -37.5 -7.5 -3.125
2 24 -19.25 -21.5 7.5 -19.25 -11 7.5
5 24 -40 -6.304 -2.887 -37.5 -6.304 -2.887 -40 -5.29 -2.21 -40 -7.5 -3.125
2 24 -37.5 -7.5 3.125 -37.5 -6.304 2.887
2 24 -21.768 -11 1.768 -20.957 -11 2.31
5 24 37.5 -9.71 -2.21 40 -9.71 -2.21 37.5 -8.696 -2.887 37.5 -10.387 -1.196
2 24 40 -4.613 1.196 40 -4.375 0
2 24 20.75 -11 -7.5 20.75 -11 -2
2 24 18.232 -11 1.768 19.043 -11 2.31
5 24 -40 -4.613 -1.196 -37.5 -4.613 -1.196 -40 -4.375 0 -40 -5.29 -2.21
5 24 -18.232 -21.5 1.768 -18.232 -11 1.768 -17.69 -21.5 0.957 -19.043 -21.5 2.31
2 24 19.25 -21.5 -2 19.25 -11 -2
2 24 -37.5 -9.71 -2.21 -37.5 -8.696 -2.887
5 24 -1.768 -21.5 1.768 -1.768 -11 1.768 -2.31 -21.5 0.957 -0.957 -21.5 2.31
2 24 40 -7.5 3.125 40 -6.304 2.887
2 24 -17.69 -11 0.957 -17.5 -11 0
2 24 37.5 -4.613 1.196 37.5 -4.375 0
2 24 -40 -10.387 1.196 -40 -9.71 2.21
5 24 0 -21.5 2.5 0 -11 2.5 -0.957 -21.5 2.31 0.957 -21.5 2.31
2 24 -2.5 -11 0 -2.31 -11 0.957
5 24 -2.31 -21.5 0.957 -2.31 -11 0.957 -2.5 -21.5 0 -1.768 -21.5 1.768
2 24 19.043 -11 -2.31 20 -11 -2.5
2 24 -0.75 -21.5 7.5 -0.75 -21.5 2
5 24 37.5 -10.387 1.196 40 -10.387 1.196 37.5 -10.625 0 37.5 -9.71 2.21
2 24 20 -11 -2.5 20.957 -11 -2.31
2 24 -40 -7.5 3.125 -40 -6.304 2.887
2 24 40 -10.625 0 40 -10.387 -1.196
2 24 37.5 -10.625 0 37.5 -10.387 1.196
2 24 37.5 -10.625 0 37.5 -10.387 -1.196
5 24 -0.957 -21.5 2.31 -0.957 -11 2.31 -1.768 -21.5 1.768 0 -21.5 2.5
2 24 0.75 -21.5 -7.5 0.75 -21.5 -2
2 24 -19.043 -21.5 -2.31 -18.232 -21.5 -1.768
2 24 0.957 -21.5 2.31 1.768 -21.5 1.768
2 24 37.5 -4.613 -1.196 37.5 -4.375 0
5 24 17.5 -21.5 0 17.5 -11 0 17.69 -21.5 -0.957 17.69 -21.5 0.957
2 24 -1.768 -21.5 1.768 -0.957 -21.5 2.31
2 24 37.5 -10.387 1.196 37.5 -9.71 2.21
2 24 0 -11 2.5 0.957 -11 2.31
2 24 -20.957 -11 -2.31 -20 -11 -2.5
2 24 17.69 -11 0.957 18.232 -11 1.768
2 24 -20.75 -21.5 2 -20.75 -11 2
5 24 -19.043 -21.5 2.31 -19.043 -11 2.31 -18.232 -21.5 1.768 -20 -21.5 2.5
2 24 40 -8.696 -2.887 40 -7.5 -3.125
2 24 40 -10.625 0 40 -10.387 1.196
2 24 -20 -21.5 -2.5 -19.043 -21.5 -2.31
5 24 19.043 -21.5 2.31 19.043 -11 2.31 18.232 -21.5 1.768 20 -21.5 2.5
5 24 37.5 -6.304 -2.887 40 -6.304 -2.887 37.5 -5.29 -2.21 37.5 -7.5 -3.125
2 24 -37.5 0 7.5 37.5 0 7.5
5 24 22.31 -21.5 -0.957 22.31 -11 -0.957 22.5 -21.5 0 21.768 -21.5 -1.768
2 24 -40 -10.625 0 -40 -10.387 -1.196
5 24 37.5 -10.625 0 40 -10.625 0 37.5 -10.387 -1.196 37.5 -10.387 1.196
2 24 -2.31 -11 -0.957 -1.768 -11 -1.768
2 24 -40 -10.625 0 -40 -10.387 1.196
2 24 37.5 -5.29 -2.21 37.5 -4.613 -1.196
2 24 -0.75 -21.5 2 -0.75 -11 2
2 24 37.5 -5.29 2.21 37.5 -4.613 1.196
2 24 40 -9.71 -2.21 40 -8.696 -2.887
5 24 -40 -5.29 2.21 -37.5 -5.29 2.21 -40 -6.304 2.887 -40 -4.613 1.196
2 24 -37.5 -10.387 1.196 -37.5 -9.71 2.21
2 24 -19.043 -21.5 2.31 -18.232 -21.5 1.768
5 24 21.768 -21.5 1.768 21.768 -11 1.768 20.957 -21.5 2.31 22.31 -21.5 0.957
2 24 -2.31 -11 0.957 -1.768 -11 1.768
2 24 19.25 -11 -7.5 19.25 -11 -2
2 24 17.69 -21.5 0.957 18.232 -21.5 1.768
2 24 -0.75 -11 7.5 -0.75 -11 2
2 24 40 -24 10 40 0 10
2 24 37.5 -6.304 -2.887 37.5 -5.29 -2.21
0
