0 Jacena 2x2 con agujero
0 Name: jacn2x2a.dat
0 Author: jasolo
0 !LDRAW_ORG Unofficial_Part
0 BFC CERTIFY CCW
1 16 -10 0 -10 1 0 0 0 1 0 0 0 1 s\teton.dat
1 16 -10 0 10 1 0 0 0 1 0 0 0 1 s\teton.dat
1 16 10 0 -10 1 0 0 0 1 0 0 0 1 s\teton.dat
1 16 10 0 10 1 0 0 0 1 0 0 0 1 s\teton.dat
1 16 0 0 -10 1 0 0 0 1 0 0 0 1 s\pilar.dat
1 16 0 0 10 1 0 0 0 1 0 0 0 1 s\pilar.dat
4 16 -0.75 -11 17.5 0.75 -11 17.5 0.75 -11 12 -0.75 -11 12
4 16 -0.75 -11 17.5 -0.75 -11 12 -0.75 -21.5 12 -0.75 -21.5 17.5
4 16 0.75 -21.5 17.5 0.75 -21.5 12 0.75 -11 12 0.75 -11 17.5
4 16 17.5 -11 0.75 17.5 -11 -0.75 12 -11 -0.75 12 -11 0.75
4 16 17.5 -11 0.75 12 -11 0.75 12 -21.5 0.75 17.5 -21.5 0.75
4 16 17.5 -21.5 -0.75 12 -21.5 -0.75 12 -11 -0.75 17.5 -11 -0.75
4 16 -17.5 -11 -0.75 -17.5 -11 0.75 -12 -11 0.75 -12 -11 -0.75
4 16 -17.5 -11 -0.75 -12 -11 -0.75 -12 -21.5 -0.75 -17.5 -21.5 -0.75
4 16 -17.5 -21.5 0.75 -12 -21.5 0.75 -12 -11 0.75 -17.5 -11 0.75
4 16 0.75 -11 -17.5 -0.75 -11 -17.5 -0.75 -11 -12 0.75 -11 -12
4 16 0.75 -11 -17.5 0.75 -11 -12 0.75 -21.5 -12 0.75 -21.5 -17.5
4 16 -0.75 -21.5 -17.5 -0.75 -21.5 -12 -0.75 -11 -12 -0.75 -11 -17.5
3 16 10 -11 0 12.5 -11 0 12.31 -11 -0.957
3 16 10 -11 0 12.31 -11 -0.957 11.768 -11 -1.768
3 16 10 -11 0 11.768 -11 -1.768 10.957 -11 -2.31
3 16 10 -11 0 10.957 -11 -2.31 10 -11 -2.5
3 16 10 -11 0 10 -11 -2.5 9.043 -11 -2.31
3 16 10 -11 0 9.043 -11 -2.31 8.232 -11 -1.768
3 16 10 -11 0 8.232 -11 -1.768 7.69 -11 -0.957
3 16 7.69 -11 -0.957 7.5 -11 0 10 -11 0
3 16 10 -11 0 7.5 -11 0 7.69 -11 0.957
3 16 10 -11 0 7.69 -11 0.957 8.232 -11 1.768
3 16 10 -11 0 8.232 -11 1.768 9.043 -11 2.31
3 16 10 -11 0 9.043 -11 2.31 10 -11 2.5
3 16 10 -11 0 10 -11 2.5 10.957 -11 2.31
3 16 10 -11 0 10.957 -11 2.31 11.768 -11 1.768
3 16 10 -11 0 11.768 -11 1.768 12.31 -11 0.957
3 16 10 -11 0 12.31 -11 0.957 12.5 -11 0
4 16 12.5 -11 0 12.5 -21.5 0 12.31 -21.5 -0.957 12.31 -11 -0.957
4 16 12.31 -11 -0.957 12.31 -21.5 -0.957 11.768 -21.5 -1.768 11.768 -11 -1.768
4 16 11.768 -11 -1.768 11.768 -21.5 -1.768 10.957 -21.5 -2.31 10.957 -11 -2.31
4 16 10.957 -11 -2.31 10.957 -21.5 -2.31 10 -21.5 -2.5 10 -11 -2.5
4 16 10 -11 -2.5 10 -21.5 -2.5 9.043 -21.5 -2.31 9.043 -11 -2.31
4 16 9.043 -11 -2.31 9.043 -21.5 -2.31 8.232 -21.5 -1.768 8.232 -11 -1.768
4 16 8.232 -11 -1.768 8.232 -21.5 -1.768 7.69 -21.5 -0.957 7.69 -11 -0.957
4 16 7.5 -21.5 0 7.5 -11 0 7.69 -11 -0.957 7.69 -21.5 -0.957
4 16 7.5 -11 0 7.5 -21.5 0 7.69 -21.5 0.957 7.69 -11 0.957
4 16 7.69 -11 0.957 7.69 -21.5 0.957 8.232 -21.5 1.768 8.232 -11 1.768
4 16 8.232 -11 1.768 8.232 -21.5 1.768 9.043 -21.5 2.31 9.043 -11 2.31
4 16 9.043 -11 2.31 9.043 -21.5 2.31 10 -21.5 2.5 10 -11 2.5
4 16 10 -11 2.5 10 -21.5 2.5 10.957 -21.5 2.31 10.957 -11 2.31
4 16 10.957 -11 2.31 10.957 -21.5 2.31 11.768 -21.5 1.768 11.768 -11 1.768
4 16 11.768 -11 1.768 11.768 -21.5 1.768 12.31 -21.5 0.957 12.31 -11 0.957
4 16 12.31 -11 0.957 12.31 -21.5 0.957 12.5 -21.5 0 12.5 -11 0
3 16 -10 -11 0 -7.5 -11 0 -7.69 -11 -0.957
3 16 -10 -11 0 -7.69 -11 -0.957 -8.232 -11 -1.768
3 16 -10 -11 0 -8.232 -11 -1.768 -9.043 -11 -2.31
3 16 -10 -11 0 -9.043 -11 -2.31 -10 -11 -2.5
3 16 -10 -11 0 -10 -11 -2.5 -10.957 -11 -2.31
3 16 -10 -11 0 -10.957 -11 -2.31 -11.768 -11 -1.768
3 16 -10 -11 0 -11.768 -11 -1.768 -12.31 -11 -0.957
3 16 -12.31 -11 -0.957 -12.5 -11 0 -10 -11 0
3 16 -10 -11 0 -12.5 -11 0 -12.31 -11 0.957
3 16 -10 -11 0 -12.31 -11 0.957 -11.768 -11 1.768
3 16 -10 -11 0 -11.768 -11 1.768 -10.957 -11 2.31
3 16 -10 -11 0 -10.957 -11 2.31 -10 -11 2.5
3 16 -10 -11 0 -10 -11 2.5 -9.043 -11 2.31
3 16 -10 -11 0 -9.043 -11 2.31 -8.232 -11 1.768
3 16 -10 -11 0 -8.232 -11 1.768 -7.69 -11 0.957
3 16 -10 -11 0 -7.69 -11 0.957 -7.5 -11 0
4 16 -7.5 -11 0 -7.5 -21.5 0 -7.69 -21.5 -0.957 -7.69 -11 -0.957
4 16 -7.69 -11 -0.957 -7.69 -21.5 -0.957 -8.232 -21.5 -1.768 -8.232 -11 -1.768
4 16 -8.232 -11 -1.768 -8.232 -21.5 -1.768 -9.043 -21.5 -2.31 -9.043 -11 -2.31
4 16 -9.043 -11 -2.31 -9.043 -21.5 -2.31 -10 -21.5 -2.5 -10 -11 -2.5
4 16 -10 -11 -2.5 -10 -21.5 -2.5 -10.957 -21.5 -2.31 -10.957 -11 -2.31
4 16 -10.957 -11 -2.31 -10.957 -21.5 -2.31 -11.768 -21.5 -1.768 -11.768 -11 -1.768
4 16 -11.768 -11 -1.768 -11.768 -21.5 -1.768 -12.31 -21.5 -0.957 -12.31 -11 -0.957
4 16 -12.5 -21.5 0 -12.5 -11 0 -12.31 -11 -0.957 -12.31 -21.5 -0.957
4 16 -12.31 -21.5 0.957 -12.31 -11 0.957 -12.5 -11 0 -12.5 -21.5 0
4 16 -12.31 -11 0.957 -12.31 -21.5 0.957 -11.768 -21.5 1.768 -11.768 -11 1.768
4 16 -11.768 -11 1.768 -11.768 -21.5 1.768 -10.957 -21.5 2.31 -10.957 -11 2.31
4 16 -10.957 -11 2.31 -10.957 -21.5 2.31 -10 -21.5 2.5 -10 -11 2.5
4 16 -10 -11 2.5 -10 -21.5 2.5 -9.043 -21.5 2.31 -9.043 -11 2.31
4 16 -9.043 -11 2.31 -9.043 -21.5 2.31 -8.232 -21.5 1.768 -8.232 -11 1.768
4 16 -8.232 -11 1.768 -8.232 -21.5 1.768 -7.69 -21.5 0.957 -7.69 -11 0.957
4 16 -7.69 -11 0.957 -7.69 -21.5 0.957 -7.5 -21.5 0 -7.5 -11 0
4 16 -8 -11 -0.75 -8 -11 0.75 -0.75 -11 0.75 -0.75 -11 -0.75
4 16 -0.75 -11 0.75 -8 -11 0.75 -8 -21.5 0.75 -0.75 -21.5 0.75
4 16 -8 -11 -0.75 -0.75 -11 -0.75 -0.75 -21.5 -0.75 -8 -21.5 -0.75
4 16 -0.75 -11 -0.75 -0.75 -11 -8 -0.75 -21.5 -8 -0.75 -21.5 -0.75
4 16 -0.75 -11 8 -0.75 -11 0.75 -0.75 -21.5 0.75 -0.75 -21.5 8
4 16 -0.75 -11 -0.75 -0.75 -11 0.75 0.75 -11 0.75 0.75 -11 -0.75
4 16 0.75 -11 -8 0.75 -11 -0.75 0.75 -21.5 -0.75 0.75 -21.5 -8
4 16 0.75 -11 0.75 0.75 -11 8 0.75 -21.5 8 0.75 -21.5 0.75
4 16 0.75 -11 0.75 -0.75 -11 0.75 -0.75 -11 8 0.75 -11 8
4 16 0.75 -11 -8 -0.75 -11 -8 -0.75 -11 -0.75 0.75 -11 -0.75
4 16 8 -11 0.75 0.75 -11 0.75 0.75 -21.5 0.75 8 -21.5 0.75
4 16 8 -11 0.75 8 -11 -0.75 0.75 -11 -0.75 0.75 -11 0.75
4 16 0.75 -11 -0.75 8 -11 -0.75 8 -21.5 -0.75 0.75 -21.5 -0.75
4 16 20 0 20 17.5 0 17.5 -17.5 0 17.5 -20 0 20
4 16 17.5 0 -17.5 20 0 -20 -20 0 -20 -17.5 0 -17.5
4 16 -20 -24 20 20 -24 20 20 0 20 -20 0 20
4 16 -20 0 -20 20 0 -20 20 -24 -20 -20 -24 -20
4 16 -17.5 -21.5 17.5 -17.5 0 17.5 17.5 0 17.5 17.5 -21.5 17.5
4 16 -17.5 0 -17.5 -17.5 -21.5 -17.5 17.5 -21.5 -17.5 17.5 0 -17.5
4 16 20 -24 20 -20 -24 20 -20 -24 -20 20 -24 -20
4 16 20 -4.613 1.196 20 -5.29 2.21 17.5 -5.29 2.21 17.5 -4.613 1.196
4 16 20 -4.375 0 20 -4.613 1.196 17.5 -4.613 1.196 17.5 -4.375 0
4 16 20 -4.613 -1.196 20 -4.375 0 17.5 -4.375 0 17.5 -4.613 -1.196
4 16 20 -5.29 -2.21 20 -4.613 -1.196 17.5 -4.613 -1.196 17.5 -5.29 -2.21
4 16 20 -6.304 -2.887 20 -5.29 -2.21 17.5 -5.29 -2.21 17.5 -6.304 -2.887
4 16 20 -7.5 -3.125 20 -6.304 -2.887 17.5 -6.304 -2.887 17.5 -7.5 -3.125
4 16 20 -8.696 -2.887 20 -7.5 -3.125 17.5 -7.5 -3.125 17.5 -8.696 -2.887
4 16 20 -9.71 -2.21 20 -8.696 -2.887 17.5 -8.696 -2.887 17.5 -9.71 -2.21
4 16 20 -10.387 -1.196 20 -9.71 -2.21 17.5 -9.71 -2.21 17.5 -10.387 -1.196
4 16 20 -10.625 0 20 -10.387 -1.196 17.5 -10.387 -1.196 17.5 -10.625 0
4 16 20 -10.387 1.196 20 -10.625 0 17.5 -10.625 0 17.5 -10.387 1.196
4 16 20 -9.71 2.21 20 -10.387 1.196 17.5 -10.387 1.196 17.5 -9.71 2.21
4 16 20 -8.696 2.887 20 -9.71 2.21 17.5 -9.71 2.21 17.5 -8.696 2.887
4 16 20 -7.5 3.125 20 -8.696 2.887 17.5 -8.696 2.887 17.5 -7.5 3.125
4 16 20 -6.304 2.887 20 -7.5 3.125 17.5 -7.5 3.125 17.5 -6.304 2.887
4 16 20 -6.304 2.887 17.5 -6.304 2.887 17.5 -5.29 2.21 20 -5.29 2.21
4 16 17.5 0 17.5 20 0 20 20 0 -20 17.5 0 -17.5
4 16 -20 0 -20 -20 0 20 -17.5 0 17.5 -17.5 0 -17.5
3 16 20 0 -20 20 0 20 20 -4.375 0
3 16 20 0 -20 20 -4.375 0 20 -4.613 -1.196
3 16 20 0 -20 20 -4.613 -1.196 20 -5.29 -2.21
3 16 20 0 -20 20 -5.29 -2.21 20 -6.304 -2.887
3 16 20 0 -20 20 -6.304 -2.887 20 -7.5 -3.125
3 16 20 0 -20 20 -7.5 -3.125 20 -24 -20
3 16 20 -24 -20 20 -7.5 -3.125 20 -8.696 -2.887
3 16 20 -24 -20 20 -8.696 -2.887 20 -9.71 -2.21
3 16 20 -24 -20 20 -9.71 -2.21 20 -10.387 -1.196
3 16 20 -24 -20 20 -10.387 -1.196 20 -10.625 0
3 16 20 -24 -20 20 -10.625 0 20 -24 20
3 16 20 -24 20 20 -10.625 0 20 -10.387 1.196
3 16 20 -24 20 20 -10.387 1.196 20 -9.71 2.21
3 16 20 -24 20 20 -9.71 2.21 20 -8.696 2.887
3 16 20 -24 20 20 -8.696 2.887 20 -7.5 3.125
3 16 20 0 20 20 -24 20 20 -7.5 3.125
3 16 20 0 20 20 -7.5 3.125 20 -6.304 2.887
3 16 20 0 20 20 -6.304 2.887 20 -5.29 2.21
3 16 20 0 20 20 -5.29 2.21 20 -4.613 1.196
3 16 20 0 20 20 -4.613 1.196 20 -4.375 0
3 16 17.5 0 -17.5 17.5 -4.613 -1.196 17.5 -4.375 0
3 16 17.5 0 -17.5 17.5 -5.29 -2.21 17.5 -4.613 -1.196
3 16 17.5 0 -17.5 17.5 -6.304 -2.887 17.5 -5.29 -2.21
3 16 17.5 0 -17.5 17.5 -7.5 -3.125 17.5 -6.304 -2.887
3 16 17.5 0 -17.5 17.5 -21.5 -17.5 17.5 -7.5 -3.125
3 16 17.5 -21.5 -17.5 17.5 -8.696 -2.887 17.5 -7.5 -3.125
3 16 17.5 -21.5 -17.5 17.5 -9.71 -2.21 17.5 -8.696 -2.887
3 16 17.5 -21.5 -17.5 17.5 -10.387 -1.196 17.5 -9.71 -2.21
3 16 17.5 -21.5 -17.5 17.5 -10.625 0 17.5 -10.387 -1.196
3 16 17.5 -21.5 17.5 17.5 -10.625 0 17.5 -21.5 -17.5
3 16 17.5 -21.5 17.5 17.5 -10.387 1.196 17.5 -10.625 0
3 16 17.5 -21.5 17.5 17.5 -9.71 2.21 17.5 -10.387 1.196
3 16 17.5 -21.5 17.5 17.5 -8.696 2.887 17.5 -9.71 2.21
3 16 17.5 -21.5 17.5 17.5 -7.5 3.125 17.5 -8.696 2.887
3 16 17.5 0 17.5 17.5 -7.5 3.125 17.5 -21.5 17.5
3 16 17.5 0 17.5 17.5 -6.304 2.887 17.5 -7.5 3.125
3 16 17.5 0 17.5 17.5 -5.29 2.21 17.5 -6.304 2.887
3 16 17.5 0 17.5 17.5 -4.613 1.196 17.5 -5.29 2.21
3 16 17.5 0 17.5 17.5 -4.375 0 17.5 -4.613 1.196
3 16 17.5 0 17.5 17.5 0 -17.5 17.5 -4.375 0
3 16 -17.5 0 -17.5 -17.5 0 17.5 -17.5 -4.375 0
3 16 -17.5 0 -17.5 -17.5 -4.375 0 -17.5 -4.613 -1.196
3 16 -17.5 0 -17.5 -17.5 -4.613 -1.196 -17.5 -5.29 -2.21
3 16 -17.5 0 -17.5 -17.5 -5.29 -2.21 -17.5 -6.304 -2.887
3 16 -17.5 0 -17.5 -17.5 -6.304 -2.887 -17.5 -7.5 -3.125
3 16 -17.5 0 -17.5 -17.5 -7.5 -3.125 -17.5 -21.5 -17.5
3 16 -17.5 -21.5 -17.5 -17.5 -7.5 -3.125 -17.5 -8.696 -2.887
3 16 -17.5 -21.5 -17.5 -17.5 -8.696 -2.887 -17.5 -9.71 -2.21
3 16 -17.5 -21.5 -17.5 -17.5 -9.71 -2.21 -17.5 -10.387 -1.196
3 16 -17.5 -21.5 -17.5 -17.5 -10.387 -1.196 -17.5 -10.625 0
3 16 -17.5 -21.5 -17.5 -17.5 -10.625 0 -17.5 -21.5 17.5
3 16 -17.5 -21.5 17.5 -17.5 -10.625 0 -17.5 -10.387 1.196
3 16 -17.5 -21.5 17.5 -17.5 -10.387 1.196 -17.5 -9.71 2.21
3 16 -17.5 -21.5 17.5 -17.5 -9.71 2.21 -17.5 -8.696 2.887
3 16 -17.5 -21.5 17.5 -17.5 -8.696 2.887 -17.5 -7.5 3.125
3 16 -17.5 0 17.5 -17.5 -21.5 17.5 -17.5 -7.5 3.125
3 16 -17.5 0 17.5 -17.5 -7.5 3.125 -17.5 -6.304 2.887
3 16 -17.5 0 17.5 -17.5 -6.304 2.887 -17.5 -5.29 2.21
3 16 -17.5 0 17.5 -17.5 -5.29 2.21 -17.5 -4.613 1.196
3 16 -17.5 0 17.5 -17.5 -4.613 1.196 -17.5 -4.375 0
3 16 -20 0 -20 -20 -4.613 -1.196 -20 -4.375 0
3 16 -20 0 -20 -20 -5.29 -2.21 -20 -4.613 -1.196
3 16 -20 0 -20 -20 -6.304 -2.887 -20 -5.29 -2.21
3 16 -20 0 -20 -20 -7.5 -3.125 -20 -6.304 -2.887
3 16 -20 0 -20 -20 -24 -20 -20 -7.5 -3.125
3 16 -20 -24 -20 -20 -8.696 -2.887 -20 -7.5 -3.125
3 16 -20 -24 -20 -20 -9.71 -2.21 -20 -8.696 -2.887
3 16 -20 -24 -20 -20 -10.387 -1.196 -20 -9.71 -2.21
3 16 -20 -24 -20 -20 -10.625 0 -20 -10.387 -1.196
3 16 -20 -24 20 -20 -10.625 0 -20 -24 -20
3 16 -20 -24 20 -20 -10.387 1.196 -20 -10.625 0
3 16 -20 -24 20 -20 -9.71 2.21 -20 -10.387 1.196
3 16 -20 -24 20 -20 -8.696 2.887 -20 -9.71 2.21
3 16 -20 -24 20 -20 -7.5 3.125 -20 -8.696 2.887
3 16 -20 0 20 -20 -7.5 3.125 -20 -24 20
3 16 -20 0 20 -20 -6.304 2.887 -20 -7.5 3.125
3 16 -20 0 20 -20 -5.29 2.21 -20 -6.304 2.887
3 16 -20 0 20 -20 -4.613 1.196 -20 -5.29 2.21
3 16 -20 0 20 -20 -4.375 0 -20 -4.613 1.196
3 16 -20 0 20 -20 0 -20 -20 -4.375 0
4 16 -20 -6.304 -2.887 -17.5 -6.304 -2.887 -17.5 -5.29 -2.21 -20 -5.29 -2.21
4 16 -20 -6.304 -2.887 -20 -7.5 -3.125 -17.5 -7.5 -3.125 -17.5 -6.304 -2.887
4 16 -20 -7.5 -3.125 -20 -8.696 -2.887 -17.5 -8.696 -2.887 -17.5 -7.5 -3.125
4 16 -20 -8.696 -2.887 -20 -9.71 -2.21 -17.5 -9.71 -2.21 -17.5 -8.696 -2.887
4 16 -20 -9.71 -2.21 -20 -10.387 -1.196 -17.5 -10.387 -1.196 -17.5 -9.71 -2.21
4 16 -20 -10.387 -1.196 -20 -10.625 0 -17.5 -10.625 0 -17.5 -10.387 -1.196
4 16 -20 -10.625 0 -20 -10.387 1.196 -17.5 -10.387 1.196 -17.5 -10.625 0
4 16 -20 -10.387 1.196 -20 -9.71 2.21 -17.5 -9.71 2.21 -17.5 -10.387 1.196
4 16 -20 -9.71 2.21 -20 -8.696 2.887 -17.5 -8.696 2.887 -17.5 -9.71 2.21
4 16 -20 -8.696 2.887 -20 -7.5 3.125 -17.5 -7.5 3.125 -17.5 -8.696 2.887
4 16 -20 -7.5 3.125 -20 -6.304 2.887 -17.5 -6.304 2.887 -17.5 -7.5 3.125
4 16 -20 -6.304 2.887 -20 -5.29 2.21 -17.5 -5.29 2.21 -17.5 -6.304 2.887
4 16 -20 -5.29 2.21 -20 -4.613 1.196 -17.5 -4.613 1.196 -17.5 -5.29 2.21
4 16 -20 -4.613 1.196 -20 -4.375 0 -17.5 -4.375 0 -17.5 -4.613 1.196
4 16 -20 -4.375 0 -20 -4.613 -1.196 -17.5 -4.613 -1.196 -17.5 -4.375 0
4 16 -20 -4.613 -1.196 -20 -5.29 -2.21 -17.5 -5.29 -2.21 -17.5 -4.613 -1.196
2 24 -0.75 -11 17.5 0.75 -11 17.5
2 24 12 -21.5 0.75 12 -11 0.75
2 24 -17.5 -11 0.75 -12 -11 0.75
2 24 -12.31 -11 -0.957 -11.768 -11 -1.768
5 24 11.768 -21.5 1.768 11.768 -11 1.768 10.957 -21.5 2.31 12.31 -21.5 0.957
2 24 0.75 -21.5 -8 0.75 -11 -8
2 24 -20 -24 20 -20 0 20
2 24 12 -11 -0.75 17.5 -11 -0.75
2 24 -17.5 -10.625 0 -17.5 -10.387 1.196
5 24 12.31 -21.5 0.957 12.31 -11 0.957 11.768 -21.5 1.768 12.5 -21.5 0
2 24 17.5 -21.5 0.75 17.5 -11 0.75
2 24 17.5 -9.71 2.21 17.5 -8.696 2.887
2 24 20 -6.304 2.887 20 -5.29 2.21
2 24 8 -11 -0.75 8 -11 0.75
2 24 20 -24 20 20 0 20
2 24 -9.043 -11 2.31 -8.232 -11 1.768
2 24 12.31 -11 -0.957 12.5 -11 0
2 24 12.31 -11 0.957 12.5 -11 0
2 24 17.5 -8.696 2.887 17.5 -7.5 3.125
2 24 -12 -11 -0.75 -12 -11 0.75
2 24 10 -11 -2.5 10.957 -11 -2.31
5 24 -20 -10.625 0 -17.5 -10.625 0 -20 -10.387 -1.196 -20 -10.387 1.196
2 24 0.75 -11 -17.5 0.75 -11 -12
2 24 -20 -4.613 -1.196 -20 -4.375 0
2 24 0.75 -21.5 12 0.75 -11 12
5 24 17.5 -4.375 0 20 -4.375 0 17.5 -4.613 1.196 17.5 -4.613 -1.196
2 24 10 -21.5 2.5 10.957 -21.5 2.31
2 24 -20 -6.304 -2.887 -20 -5.29 -2.21
5 24 -8.232 -21.5 -1.768 -8.232 -11 -1.768 -7.69 -21.5 -0.957 -9.043 -21.5 -2.31
2 24 11.768 -11 -1.768 12.31 -11 -0.957
2 24 17.5 -10.387 -1.196 17.5 -9.71 -2.21
2 24 9.043 -21.5 -2.31 10 -21.5 -2.5
2 24 8.232 -11 -1.768 9.043 -11 -2.31
2 24 -20 -9.71 2.21 -20 -8.696 2.887
2 24 -0.75 -11 8 0.75 -11 8
2 24 7.5 -21.5 0 7.69 -21.5 0.957
5 24 -7.5 -21.5 0 -7.5 -11 0 -7.69 -21.5 -0.957 -7.69 -21.5 0.957
2 24 0.75 -21.5 -12 0.75 -11 -12
2 24 17.5 -9.71 -2.21 17.5 -8.696 -2.887
2 24 -17.5 -21.5 -0.75 -17.5 -11 -0.75
2 24 -17.5 -21.5 17.5 -17.5 0 17.5
5 24 8.232 -21.5 1.768 8.232 -11 1.768 7.69 -21.5 0.957 9.043 -21.5 2.31
2 24 17.5 -21.5 -0.75 17.5 -11 -0.75
2 24 10.957 -11 2.31 11.768 -11 1.768
2 24 -12 -21.5 -0.75 -12 -11 -0.75
2 24 20 -24 -20 20 0 -20
2 24 17.5 -11 -0.75 17.5 -11 0.75
2 24 -10 -21.5 2.5 -9.043 -21.5 2.31
5 24 8.232 -21.5 -1.768 8.232 -11 -1.768 9.043 -21.5 -2.31 7.69 -21.5 -0.957
2 24 10 -11 2.5 10.957 -11 2.31
5 24 -20 -6.304 2.887 -17.5 -6.304 2.887 -20 -7.5 3.125 -20 -5.29 2.21
2 24 11.768 -21.5 1.768 12.31 -21.5 0.957
2 24 -0.75 -21.5 -12 -0.75 -11 -12
5 24 -10.957 -21.5 2.31 -10.957 -11 2.31 -11.768 -21.5 1.768 -10 -21.5 2.5
2 24 20 -9.71 2.21 20 -8.696 2.887
2 24 -10 -11 -2.5 -9.043 -11 -2.31
2 24 20 -4.613 -1.196 20 -4.375 0
2 24 -20 0 -20 -20 0 20
2 24 -0.75 -21.5 8 -0.75 -11 8
5 24 10 -21.5 2.5 10 -11 2.5 9.043 -21.5 2.31 10.957 -21.5 2.31
5 24 -20 -8.696 -2.887 -17.5 -8.696 -2.887 -20 -7.5 -3.125 -20 -9.71 -2.21
2 24 8.232 -21.5 -1.768 9.043 -21.5 -2.31
2 24 -20 -24 -20 -20 -24 20
2 24 7.5 -11 0 7.69 -11 -0.957
5 24 17.5 -8.696 2.887 20 -8.696 2.887 17.5 -9.71 2.21 17.5 -7.5 3.125
2 24 0.75 -21.5 0.75 0.75 -21.5 8
2 24 -17.5 -5.29 2.21 -17.5 -4.613 1.196
2 24 20 -10.625 0 20 -10.387 1.196
2 24 -20 -7.5 3.125 -20 -6.304 2.887
5 24 17.5 -5.29 2.21 20 -5.29 2.21 17.5 -4.613 1.196 17.5 -6.304 2.887
2 24 -20 -8.696 -2.887 -20 -7.5 -3.125
2 24 -11.768 -11 -1.768 -10.957 -11 -2.31
2 24 -8.232 -11 -1.768 -7.69 -11 -0.957
2 24 -20 0 -20 20 0 -20
5 24 12.5 -21.5 0 12.5 -11 0 12.31 -21.5 -0.957 12.31 -21.5 0.957
2 24 12 -11 0.75 17.5 -11 0.75
5 24 -9.043 -21.5 -2.31 -9.043 -11 -2.31 -8.232 -21.5 -1.768 -10 -21.5 -2.5
2 24 17.5 -7.5 3.125 17.5 -6.304 2.887
2 24 0.75 -11 0.75 8 -11 0.75
2 24 0.75 -21.5 17.5 0.75 -11 17.5
5 24 -20 -5.29 -2.21 -17.5 -5.29 -2.21 -20 -6.304 -2.887 -20 -4.613 -1.196
2 24 -20 0 20 20 0 20
5 24 -12.31 -21.5 0.957 -12.31 -11 0.957 -12.5 -21.5 0 -11.768 -21.5 1.768
2 24 12 -21.5 -0.75 17.5 -21.5 -0.75
2 24 12 -21.5 -0.75 12 -11 -0.75
2 24 20 -10.625 0 20 -10.387 -1.196
5 24 17.5 -10.387 1.196 20 -10.387 1.196 17.5 -10.625 0 17.5 -9.71 2.21
2 24 -20 -10.387 1.196 -20 -9.71 2.21
2 24 -20 -9.71 -2.21 -20 -8.696 -2.887
2 24 0.75 -11 17.5 0.75 -11 12
2 24 17.5 -21.5 -17.5 17.5 0 -17.5
2 24 0.75 -21.5 -17.5 0.75 -11 -17.5
2 24 -8 -21.5 0.75 -8 -11 0.75
2 24 12 -21.5 0.75 17.5 -21.5 0.75
2 24 -0.75 -11 -8 -0.75 -11 -0.75
2 24 17.5 -8.696 -2.887 17.5 -7.5 -3.125
5 24 7.69 -21.5 0.957 7.69 -11 0.957 7.5 -21.5 0 8.232 -21.5 1.768
2 24 -10.957 -21.5 -2.31 -10 -21.5 -2.5
2 24 -20 -24 -20 20 -24 -20
5 24 -12.5 -21.5 0 -12.5 -11 0 -12.31 -21.5 -0.957 -12.31 -21.5 0.957
2 24 -9.043 -21.5 2.31 -8.232 -21.5 1.768
2 24 -17.5 -21.5 -17.5 17.5 -21.5 -17.5
5 24 -20 -5.29 2.21 -17.5 -5.29 2.21 -20 -6.304 2.887 -20 -4.613 1.196
2 24 7.5 -11 0 7.69 -11 0.957
2 24 -20 -24 -20 -20 0 -20
5 24 -20 -8.696 2.887 -17.5 -8.696 2.887 -20 -9.71 2.21 -20 -7.5 3.125
2 24 -20 -5.29 -2.21 -20 -4.613 -1.196
2 24 -17.5 -10.625 0 -17.5 -10.387 -1.196
2 24 -8 -11 0.75 -0.75 -11 0.75
2 24 7.69 -11 -0.957 8.232 -11 -1.768
5 24 10 -21.5 -2.5 10 -11 -2.5 10.957 -21.5 -2.31 9.043 -21.5 -2.31
2 24 -9.043 -11 -2.31 -8.232 -11 -1.768
2 24 -0.75 -21.5 -8 -0.75 -11 -8
2 24 -8 -11 -0.75 -8 -11 0.75
2 24 -0.75 -21.5 -0.75 -0.75 -11 -0.75
2 24 0.75 -21.5 -0.75 0.75 -11 -0.75
5 24 17.5 -8.696 -2.887 20 -8.696 -2.887 17.5 -7.5 -3.125 17.5 -9.71 -2.21
2 24 -12 -21.5 0.75 -12 -11 0.75
2 24 0.75 -11 -8 0.75 -11 -0.75
2 24 20 -6.304 -2.887 20 -5.29 -2.21
2 24 -17.5 -9.71 -2.21 -17.5 -8.696 -2.887
2 24 -10.957 -21.5 2.31 -10 -21.5 2.5
2 24 0.75 -11 0.75 0.75 -11 8
2 24 -17.5 -7.5 -3.125 -17.5 -6.304 -2.887
5 24 17.5 -9.71 2.21 20 -9.71 2.21 17.5 -10.387 1.196 17.5 -8.696 2.887
2 24 0.75 -21.5 17.5 0.75 -21.5 12
2 24 20 -10.387 -1.196 20 -9.71 -2.21
5 24 -20 -7.5 -3.125 -17.5 -7.5 -3.125 -20 -6.304 -2.887 -20 -8.696 -2.887
5 24 17.5 -6.304 -2.887 20 -6.304 -2.887 17.5 -5.29 -2.21 17.5 -7.5 -3.125
2 24 12.31 -21.5 0.957 12.5 -21.5 0
2 24 12.31 -21.5 -0.957 12.5 -21.5 0
2 24 8 -21.5 0.75 8 -11 0.75
2 24 -8.232 -21.5 1.768 -7.69 -21.5 0.957
2 24 -20 -8.696 2.887 -20 -7.5 3.125
2 24 8.232 -21.5 1.768 9.043 -21.5 2.31
5 24 17.5 -7.5 3.125 20 -7.5 3.125 17.5 -8.696 2.887 17.5 -6.304 2.887
2 24 -20 -7.5 -3.125 -20 -6.304 -2.887
5 24 9.043 -21.5 -2.31 9.043 -11 -2.31 10 -21.5 -2.5 8.232 -21.5 -1.768
2 24 -17.5 -21.5 0.75 -12 -21.5 0.75
2 24 -17.5 0 -17.5 17.5 0 -17.5
5 24 10.957 -21.5 -2.31 10.957 -11 -2.31 11.768 -21.5 -1.768 10 -21.5 -2.5
5 24 17.5 -4.613 1.196 20 -4.613 1.196 17.5 -5.29 2.21 17.5 -4.375 0
5 24 -10.957 -21.5 -2.31 -10.957 -11 -2.31 -10 -21.5 -2.5 -11.768 -21.5 -1.768
2 24 -8 -21.5 0.75 -0.75 -21.5 0.75
2 24 -17.5 -5.29 -2.21 -17.5 -4.613 -1.196
5 24 -20 -9.71 2.21 -17.5 -9.71 2.21 -20 -10.387 1.196 -20 -8.696 2.887
2 24 -17.5 -9.71 2.21 -17.5 -8.696 2.887
5 24 -7.69 -21.5 -0.957 -7.69 -11 -0.957 -7.5 -21.5 0 -8.232 -21.5 -1.768
2 24 0.75 -21.5 0.75 0.75 -11 0.75
2 24 20 -7.5 3.125 20 -6.304 2.887
5 24 17.5 -10.387 -1.196 20 -10.387 -1.196 17.5 -9.71 -2.21 17.5 -10.625 0
5 24 -8.232 -21.5 1.768 -8.232 -11 1.768 -9.043 -21.5 2.31 -7.69 -21.5 0.957
2 24 0.75 -21.5 0.75 8 -21.5 0.75
2 24 -17.5 -6.304 2.887 -17.5 -5.29 2.21
2 24 -12.31 -11 0.957 -11.768 -11 1.768
2 24 -0.75 -11 -12 0.75 -11 -12
2 24 20 -5.29 2.21 20 -4.613 1.196
2 24 -12.5 -21.5 0 -12.31 -21.5 -0.957
2 24 -17.5 -21.5 -17.5 -17.5 0 -17.5
2 24 7.5 -21.5 0 7.69 -21.5 -0.957
5 24 -20 -10.387 -1.196 -17.5 -10.387 -1.196 -20 -9.71 -2.21 -20 -10.625 0
2 24 -20 -10.625 0 -20 -10.387 -1.196
2 24 10.957 -21.5 2.31 11.768 -21.5 1.768
2 24 -7.69 -21.5 -0.957 -7.5 -21.5 0
2 24 -17.5 -4.613 -1.196 -17.5 -4.375 0
2 24 17.5 -6.304 2.887 17.5 -5.29 2.21
2 24 20 -9.71 -2.21 20 -8.696 -2.887
2 24 -20 -6.304 2.887 -20 -5.29 2.21
5 24 17.5 -10.625 0 20 -10.625 0 17.5 -10.387 -1.196 17.5 -10.387 1.196
2 24 -0.75 -11 12 0.75 -11 12
2 24 9.043 -21.5 2.31 10 -21.5 2.5
2 24 7.69 -11 0.957 8.232 -11 1.768
5 24 -20 -4.613 -1.196 -17.5 -4.613 -1.196 -20 -4.375 0 -20 -5.29 -2.21
2 24 0.75 -21.5 -0.75 8 -21.5 -0.75
5 24 17.5 -9.71 -2.21 20 -9.71 -2.21 17.5 -8.696 -2.887 17.5 -10.387 -1.196
2 24 -12.5 -21.5 0 -12.31 -21.5 0.957
2 24 -10.957 -11 -2.31 -10 -11 -2.5
2 24 -12.5 -11 0 -12.31 -11 0.957
2 24 20 -24 -20 20 -24 20
2 24 -11.768 -11 1.768 -10.957 -11 2.31
2 24 -17.5 0 17.5 17.5 0 17.5
2 24 -7.69 -21.5 0.957 -7.5 -21.5 0
5 24 -12.31 -21.5 -0.957 -12.31 -11 -0.957 -11.768 -21.5 -1.768 -12.5 -21.5 0
2 24 -17.5 -21.5 17.5 17.5 -21.5 17.5
2 24 20 -8.696 2.887 20 -7.5 3.125
2 24 -10 -11 2.5 -9.043 -11 2.31
2 24 -0.75 -21.5 17.5 -0.75 -11 17.5
5 24 -10 -21.5 2.5 -10 -11 2.5 -10.957 -21.5 2.31 -9.043 -21.5 2.31
2 24 17.5 -7.5 -3.125 17.5 -6.304 -2.887
2 24 -17.5 -11 -0.75 -12 -11 -0.75
2 24 17.5 -21.5 17.5 17.5 0 17.5
2 24 -10.957 -11 2.31 -10 -11 2.5
2 24 -0.75 -11 0.75 -0.75 -11 8
2 24 17.5 -21.5 -17.5 17.5 -21.5 17.5
2 24 0.75 -11 -0.75 8 -11 -0.75
5 24 -20 -6.304 -2.887 -17.5 -6.304 -2.887 -20 -5.29 -2.21 -20 -7.5 -3.125
2 24 -8 -21.5 -0.75 -8 -11 -0.75
5 24 -20 -7.5 3.125 -17.5 -7.5 3.125 -20 -8.696 2.887 -20 -6.304 2.887
2 24 -17.5 -6.304 -2.887 -17.5 -5.29 -2.21
2 24 17.5 0 -17.5 17.5 0 17.5
2 24 -17.5 -8.696 2.887 -17.5 -7.5 3.125
2 24 8.232 -11 1.768 9.043 -11 2.31
2 24 -8 -21.5 -0.75 -0.75 -21.5 -0.75
2 24 -0.75 -21.5 -17.5 -0.75 -21.5 -12
5 24 17.5 -5.29 -2.21 20 -5.29 -2.21 17.5 -4.613 -1.196 17.5 -6.304 -2.887
2 24 20 -10.387 1.196 20 -9.71 2.21
5 24 11.768 -21.5 -1.768 11.768 -11 -1.768 12.31 -21.5 -0.957 10.957 -21.5 -2.31
5 24 -11.768 -21.5 -1.768 -11.768 -11 -1.768 -10.957 -21.5 -2.31 -12.31 -21.5 -0.957
5 24 17.5 -7.5 -3.125 20 -7.5 -3.125 17.5 -6.304 -2.887 17.5 -8.696 -2.887
2 24 9.043 -11 2.31 10 -11 2.5
2 24 -17.5 -11 -0.75 -17.5 -11 0.75
2 24 -17.5 -10.387 -1.196 -17.5 -9.71 -2.21
2 24 -8.232 -21.5 -1.768 -7.69 -21.5 -0.957
2 24 10.957 -21.5 -2.31 11.768 -21.5 -1.768
2 24 7.69 -21.5 0.957 8.232 -21.5 1.768
2 24 -8.232 -11 1.768 -7.69 -11 0.957
2 24 -12.31 -21.5 0.957 -11.768 -21.5 1.768
5 24 -11.768 -21.5 1.768 -11.768 -11 1.768 -12.31 -21.5 0.957 -10.957 -21.5 2.31
2 24 -17.5 -4.613 1.196 -17.5 -4.375 0
2 24 -17.5 -21.5 -17.5 -17.5 -21.5 17.5
2 24 -17.5 -8.696 -2.887 -17.5 -7.5 -3.125
5 24 -20 -4.613 1.196 -17.5 -4.613 1.196 -20 -5.29 2.21 -20 -4.375 0
2 24 0.75 -21.5 -8 0.75 -21.5 -0.75
2 24 -17.5 -7.5 3.125 -17.5 -6.304 2.887
2 24 -12.31 -21.5 -0.957 -11.768 -21.5 -1.768
2 24 -7.69 -11 0.957 -7.5 -11 0
2 24 -0.75 -21.5 0.75 -0.75 -11 0.75
2 24 20 -7.5 -3.125 20 -6.304 -2.887
2 24 -0.75 -21.5 -17.5 -0.75 -11 -17.5
5 24 -10 -21.5 -2.5 -10 -11 -2.5 -9.043 -21.5 -2.31 -10.957 -21.5 -2.31
2 24 -9.043 -21.5 -2.31 -8.232 -21.5 -1.768
2 24 20 -8.696 -2.887 20 -7.5 -3.125
2 24 -12.5 -11 0 -12.31 -11 -0.957
2 24 -17.5 0 -17.5 -17.5 0 17.5
2 24 -0.75 -21.5 12 -0.75 -11 12
2 24 17.5 -4.613 1.196 17.5 -4.375 0
5 24 9.043 -21.5 2.31 9.043 -11 2.31 8.232 -21.5 1.768 10 -21.5 2.5
5 24 -20 -10.387 1.196 -17.5 -10.387 1.196 -20 -10.625 0 -20 -9.71 2.21
5 24 10.957 -21.5 2.31 10.957 -11 2.31 10 -21.5 2.5 11.768 -21.5 1.768
2 24 9.043 -11 -2.31 10 -11 -2.5
2 24 10 -21.5 -2.5 10.957 -21.5 -2.31
5 24 7.69 -21.5 -0.957 7.69 -11 -0.957 8.232 -21.5 -1.768 7.5 -21.5 0
2 24 -17.5 -21.5 0.75 -17.5 -11 0.75
5 24 7.5 -21.5 0 7.5 -11 0 7.69 -21.5 -0.957 7.69 -21.5 0.957
2 24 -20 -5.29 2.21 -20 -4.613 1.196
2 24 -0.75 -11 17.5 -0.75 -11 12
2 24 0.75 -21.5 -17.5 0.75 -21.5 -12
5 24 17.5 -4.613 -1.196 20 -4.613 -1.196 17.5 -4.375 0 17.5 -5.29 -2.21
2 24 20 -5.29 -2.21 20 -4.613 -1.196
2 24 7.69 -21.5 -0.957 8.232 -21.5 -1.768
2 24 17.5 -10.625 0 17.5 -10.387 -1.196
2 24 11.768 -11 1.768 12.31 -11 0.957
5 24 17.5 -6.304 2.887 20 -6.304 2.887 17.5 -7.5 3.125 17.5 -5.29 2.21
5 24 12.31 -21.5 -0.957 12.31 -11 -0.957 12.5 -21.5 0 11.768 -21.5 -1.768
2 24 -20 -10.387 -1.196 -20 -9.71 -2.21
2 24 10.957 -11 -2.31 11.768 -11 -1.768
2 24 17.5 -4.613 -1.196 17.5 -4.375 0
2 24 17.5 -10.625 0 17.5 -10.387 1.196
2 24 20 0 -20 20 0 20
2 24 -20 -24 20 20 -24 20
2 24 -20 -4.613 1.196 -20 -4.375 0
2 24 17.5 -10.387 1.196 17.5 -9.71 2.21
2 24 -8 -11 -0.75 -0.75 -11 -0.75
5 24 -9.043 -21.5 2.31 -9.043 -11 2.31 -10 -21.5 2.5 -8.232 -21.5 1.768
5 24 -20 -9.71 -2.21 -17.5 -9.71 -2.21 -20 -8.696 -2.887 -20 -10.387 -1.196
2 24 -0.75 -21.5 -8 -0.75 -21.5 -0.75
2 24 -10 -21.5 -2.5 -9.043 -21.5 -2.31
5 24 -7.69 -21.5 0.957 -7.69 -11 0.957 -8.232 -21.5 1.768 -7.5 -21.5 0
2 24 8 -21.5 -0.75 8 -11 -0.75
2 24 20 -4.613 1.196 20 -4.375 0
2 24 -20 -10.625 0 -20 -10.387 1.196
2 24 11.768 -21.5 -1.768 12.31 -21.5 -0.957
2 24 -11.768 -21.5 -1.768 -10.957 -21.5 -2.31
2 24 -17.5 -21.5 -0.75 -12 -21.5 -0.75
2 24 -0.75 -21.5 17.5 -0.75 -21.5 12
2 24 17.5 -5.29 -2.21 17.5 -4.613 -1.196
2 24 17.5 -5.29 2.21 17.5 -4.613 1.196
2 24 0.75 -21.5 8 0.75 -11 8
2 24 -17.5 -10.387 1.196 -17.5 -9.71 2.21
2 24 -0.75 -11 -17.5 0.75 -11 -17.5
5 24 -20 -4.375 0 -17.5 -4.375 0 -20 -4.613 1.196 -20 -4.613 -1.196
2 24 -0.75 -11 -8 0.75 -11 -8
2 24 12 -11 -0.75 12 -11 0.75
2 24 -0.75 -21.5 0.75 -0.75 -21.5 8
2 24 -11.768 -21.5 1.768 -10.957 -21.5 2.31
2 24 -0.75 -11 -17.5 -0.75 -11 -12
2 24 -7.69 -11 -0.957 -7.5 -11 0
2 24 17.5 -6.304 -2.887 17.5 -5.29 -2.21
0
