0 Jet 1 cola   |D:D
0 Name: jet1.dat
0 Author: jasolo
0 !LDRAW_ORG Unofficial_Part
0 BFC CERTIFY CCW
3 16 -2.5 -14.198 -46.256 -2.5 -6.501 -41.82 -6.729 -14.154 -46.295
3 16 -2.5 -6.501 -41.82 -7.5 -6.501 -41.82 -6.729 -14.154 -46.295
3 16 7.5 -6.501 -41.82 2.5 -6.501 -41.82 7.5 -14.154 -46.295
3 16 2.5 -6.501 -41.82 2.5 -14.198 -46.256 7.5 -14.154 -46.295
3 16 -7.5 -6.501 -41.82 -7.5 -18.368 -10 -6.729 -14.154 -46.295
3 16 7.5 -18.368 -10 7.5 -6.501 -41.82 7.5 -14.154 -46.295
3 16 0 -18.423 -10 2.5 -22.709 -44.54 -2.5 -22.709 -44.54
3 16 2.5 -14.377 -44.675 7.5 -14.154 -46.295 2.5 -14.198 -46.256
3 16 -6.729 -14.154 -46.295 -2.5 -14.377 -44.675 -2.5 -14.198 -46.256
3 16 2.5 -22.709 -44.54 2.5 -14.377 -44.675 2.5 -14.198 -46.256
3 16 -2.5 -14.377 -44.675 -2.5 -22.709 -44.54 -2.5 -14.198 -46.256
3 16 2.5 -14.377 -44.675 2.5 -22.709 -44.54 2.034 -14.999 -38.538
3 16 -2.034 -14.999 -38.538 -2.5 -22.709 -44.54 -2.5 -14.377 -44.675
3 16 0 -18.423 -10 2.034 -14.999 -38.538 2.5 -22.709 -44.54
3 16 -2.034 -14.999 -38.538 0 -18.423 -10 -2.5 -22.709 -44.54
3 16 -5 -16.704 -45 -5 -25.501 -45 -4.548 -17.481 -38.668
3 16 4.548 -17.481 -38.668 5 -25.501 -45 5 -16.704 -45
3 16 -5 -16.078 -50.092 -5 -25.501 -45 -5 -16.704 -45
3 16 5 -16.078 -50.092 5 -16.704 -45 5 -25.501 -45
3 16 -10 -18.501 30 -10 -16.001 20 -10 -18.501 20
3 16 -5 -16.078 -50.092 -5 -16.704 -45 -10 -16.001 -49.923
3 16 5 -16.078 -50.092 10 -16.001 -49.923 5 -16.704 -45
3 16 -6.692 -13.269 30 -10 -18.501 30 -5.881 -13.811 30
3 16 6.692 -13.269 30 5.881 -13.811 30 10 -18.501 30
3 16 -7.234 -12.458 30 -10 -18.501 30 -6.692 -13.269 30
3 16 7.234 -12.458 30 6.692 -13.269 30 10 -18.501 30
3 16 7.234 -12.458 30 10 -18.501 30 10 -11.501 30
3 16 -7.234 -12.458 30 -10 -11.501 30 -10 -18.501 30
3 16 10 -11.501 30 7.424 -11.501 30 7.234 -12.458 30
3 16 -10 -11.501 30 -7.234 -12.458 30 -7.424 -11.501 30
3 16 -5.881 -13.811 30 -10 -18.501 30 -4.924 -14.001 30
3 16 5.881 -13.811 30 4.924 -14.001 30 10 -18.501 30
3 16 -10 -16.001 20 -10 -11.501 25 -10 -6.501 25
3 16 10 -16.001 -49.923 5 -16.078 -50.092 5 -6.501 -45
3 16 10 -16.001 -49.923 5 -6.501 -45 10 -6.501 -45
3 16 -10 -16.001 -49.923 -10 -6.501 -45 -5 -6.501 -45
3 16 -10 -16.001 -49.923 -5 -6.501 -45 -5 -16.078 -50.092
3 16 -10 -18.501 30 -10 -18.501 20 -10 -21.001 -10
3 16 -10 -18.501 20 -10 -18.501 -30 -10 -21.001 -10
3 16 10 -18.501 30 10 -21.001 -10 10 -18.501 20
3 16 10 -21.001 -10 10 -18.501 -30 10 -18.501 20
3 16 7.499 -2.501 6.428 7.059 -2.501 2.5 2.5 -2.501 6.95
3 16 -7.499 -2.501 6.428 -2.5 -2.501 6.95 -7.059 -2.501 2.5
3 16 7.5 -2.501 -6.428 2.5 -2.501 -6.95 7.059 -2.501 -2.5
3 16 -7.5 -2.501 -6.428 -7.059 -2.501 -2.5 -2.5 -2.501 -6.95
3 16 9.543 -9.588 25 10 -11.501 25 10 -6.501 25
3 16 8.46 -7.965 25 9.543 -9.588 25 10 -6.501 25
3 16 6.837 -6.882 25 8.46 -7.965 25 10 -6.501 25
3 16 4.924 -6.501 25 6.837 -6.882 25 10 -6.501 25
3 16 -10 -11.501 25 -9.543 -9.588 25 -10 -6.501 25
3 16 -10 -6.501 25 -9.543 -9.588 25 -8.46 -7.965 25
3 16 -10 -6.501 25 -8.46 -7.965 25 -6.837 -6.882 25
3 16 -10 -6.501 25 -6.837 -6.882 25 -4.924 -6.501 25
3 16 -0.305 -9.588 25 0 -11.119 25 0.305 -9.588 25
3 16 -7.424 -11.501 25 -7.234 -12.458 25 -4.924 -11.501 25
3 16 -7.234 -10.544 25 -7.424 -11.501 25 -4.924 -11.501 25
3 16 -7.234 -12.458 25 -6.692 -13.269 25 -4.924 -11.501 25
3 16 -6.692 -9.733 25 -7.234 -10.544 25 -4.924 -11.501 25
3 16 -6.692 -13.269 25 -5.881 -13.811 25 -4.924 -11.501 25
3 16 -5.881 -9.191 25 -6.692 -9.733 25 -4.924 -11.501 25
3 16 -5.881 -13.811 25 -4.924 -14.001 25 -4.924 -11.501 25
3 16 -4.924 -9.001 25 -5.881 -9.191 25 -4.924 -11.501 25
3 16 -4.924 -14.001 25 -3.967 -13.811 25 -4.924 -11.501 25
3 16 -3.967 -9.191 25 -4.924 -9.001 25 -4.924 -11.501 25
3 16 -3.967 -13.811 25 -3.156 -13.269 25 -4.924 -11.501 25
3 16 -3.156 -9.733 25 -3.967 -9.191 25 -4.924 -11.501 25
3 16 -3.156 -13.269 25 -2.614 -12.458 25 -4.924 -11.501 25
3 16 -2.614 -10.544 25 -3.156 -9.733 25 -4.924 -11.501 25
3 16 -2.614 -12.458 25 -2.424 -11.501 25 -4.924 -11.501 25
3 16 -2.424 -11.501 25 -2.614 -10.544 25 -4.924 -11.501 25
3 16 2.424 -11.501 25 2.614 -12.458 25 4.924 -11.501 25
3 16 2.614 -10.544 25 2.424 -11.501 25 4.924 -11.501 25
3 16 2.614 -12.458 25 3.156 -13.269 25 4.924 -11.501 25
3 16 3.156 -9.733 25 2.614 -10.544 25 4.924 -11.501 25
3 16 3.156 -13.269 25 3.967 -13.811 25 4.924 -11.501 25
3 16 3.967 -9.191 25 3.156 -9.733 25 4.924 -11.501 25
3 16 3.967 -13.811 25 4.924 -14.001 25 4.924 -11.501 25
3 16 4.924 -9.001 25 3.967 -9.191 25 4.924 -11.501 25
3 16 4.924 -14.001 25 5.881 -13.811 25 4.924 -11.501 25
3 16 5.881 -9.191 25 4.924 -9.001 25 4.924 -11.501 25
3 16 5.881 -13.811 25 6.692 -13.269 25 4.924 -11.501 25
3 16 6.692 -9.733 25 5.881 -9.191 25 4.924 -11.501 25
3 16 6.692 -13.269 25 7.234 -12.458 25 4.924 -11.501 25
3 16 7.234 -10.544 25 6.692 -9.733 25 4.924 -11.501 25
3 16 7.234 -12.458 25 7.424 -11.501 25 4.924 -11.501 25
3 16 7.424 -11.501 25 7.234 -10.544 25 4.924 -11.501 25
3 16 -40 -16.001 10 -10 -16.001 20 -10 -16.001 -30
3 16 10 -16.001 -30 10 -16.001 20 40 -16.001 10
3 16 10 -18.501 -30 40 -18.501 10 10 -18.501 20
3 16 -40 -18.501 10 -10 -18.501 -30 -10 -18.501 20
3 16 -40 -18.501 10 -10 -18.501 20 -40 -18.501 30
3 16 40 -18.501 10 40 -18.501 30 10 -18.501 20
3 16 -2.5 -2.501 -6.95 -7.059 -2.501 -2.5 -2.5 -17.856 -6.95
3 16 -7.059 -2.501 -2.5 -7.059 -17.524 -2.5 -2.5 -17.856 -6.95
3 16 7.059 -2.501 -2.5 2.5 -2.501 -6.95 2.5 -17.856 -6.95
3 16 7.059 -2.501 -2.5 2.5 -17.856 -6.95 7.059 -17.524 -2.5
3 16 -7.059 -2.501 2.5 -2.5 -2.501 6.95 -2.5 -16.762 6.95
3 16 -7.059 -2.501 2.5 -2.5 -16.762 6.95 -7.059 -17.06 2.5
3 16 2.5 -2.501 6.95 7.059 -2.501 2.5 7.059 -17.06 2.5
3 16 2.5 -2.501 6.95 7.059 -17.06 2.5 2.5 -16.762 6.95
3 16 7.059 -2.501 2.5 7.5 -2.501 0 7.5 -17.292 0
3 16 7.059 -2.501 2.5 7.5 -17.292 0 7.059 -17.06 2.5
3 16 7.5 -2.501 0 7.059 -2.501 -2.5 7.5 -17.292 0
3 16 7.059 -2.501 -2.5 7.059 -17.524 -2.5 7.5 -17.292 0
3 16 1.302 -2.501 7.386 2.5 -2.501 6.95 2.5 -16.762 6.95
3 16 1.302 -2.501 7.386 2.5 -16.762 6.95 1.302 -16.728 7.386
3 16 2.5 -2.501 -6.95 1.302 -2.501 -7.386 1.302 -17.922 -7.386
3 16 2.5 -2.501 -6.95 1.302 -17.922 -7.386 2.5 -17.856 -6.95
3 16 -1.302 -2.501 7.386 1.302 -2.501 7.386 1.302 -16.728 7.386
3 16 -1.302 -2.501 7.386 1.302 -16.728 7.386 -1.302 -16.728 7.386
3 16 1.302 -2.501 -7.386 -1.302 -2.501 -7.386 -1.302 -17.922 -7.386
3 16 1.302 -2.501 -7.386 -1.302 -17.922 -7.386 1.302 -17.922 -7.386
3 16 -2.5 -2.501 6.95 -1.302 -2.501 7.386 -2.5 -16.762 6.95
3 16 -1.302 -2.501 7.386 -1.302 -16.728 7.386 -2.5 -16.762 6.95
3 16 -1.302 -2.501 -7.386 -2.5 -2.501 -6.95 -1.302 -17.922 -7.386
3 16 -2.5 -2.501 -6.95 -2.5 -17.856 -6.95 -1.302 -17.922 -7.386
3 16 -7.5 -2.501 0 -7.059 -2.501 2.5 -7.059 -17.06 2.5
3 16 -7.5 -2.501 0 -7.059 -17.06 2.5 -7.5 -17.292 0
3 16 -7.059 -2.501 -2.5 -7.5 -2.501 0 -7.5 -17.292 0
3 16 -7.059 -2.501 -2.5 -7.5 -17.292 0 -7.059 -17.524 -2.5
3 16 10 -16.001 20 40 -16.001 30 40 -16.001 10
3 16 -40 -16.001 10 -40 -16.001 30 -10 -16.001 20
3 16 9.397 -2.501 3.42 9.397 -6.501 3.42 9.559 -2.501 2.5
3 16 9.397 -6.501 3.42 10 -6.501 0 9.559 -2.501 2.5
3 16 9.397 -2.501 -3.42 9.559 -2.501 -2.5 9.397 -6.501 -3.42
3 16 9.559 -2.501 -2.5 10 -6.501 0 9.397 -6.501 -3.42
3 16 9.559 -0.001 2.5 9.559 -2.501 2.5 10 -0.001 0
3 16 9.559 -2.501 2.5 10 -6.501 0 10 -0.001 0
3 16 9.559 -0.001 -2.5 10 -0.001 0 9.559 -2.501 -2.5
3 16 10 -0.001 0 10 -6.501 0 9.559 -2.501 -2.5
3 16 -9.397 -2.501 3.42 -9.559 -2.501 2.5 -9.397 -6.501 3.42
3 16 -9.559 -2.501 2.5 -10 -6.501 0 -9.397 -6.501 3.42
3 16 -9.397 -2.501 -3.42 -9.397 -6.501 -3.42 -9.559 -2.501 -2.5
3 16 -9.397 -6.501 -3.42 -10 -6.501 0 -9.559 -2.501 -2.5
3 16 -9.559 -0.001 2.5 -10 -0.001 0 -9.559 -2.501 2.5
3 16 -10 -0.001 0 -10 -6.501 0 -9.559 -2.501 2.5
3 16 -9.559 -0.001 -2.5 -9.559 -2.501 -2.5 -10 -0.001 0
3 16 -9.559 -2.501 -2.5 -10 -6.501 0 -10 -0.001 0
3 16 -9.397 -2.501 -3.42 -9.559 -2.501 -2.5 -7.059 -2.501 -2.5
3 16 -9.397 -2.501 -3.42 -7.059 -2.501 -2.5 -7.5 -2.501 -6.428
3 16 -9.397 -2.501 3.42 -7.499 -2.501 6.428 -7.059 -2.501 2.5
3 16 -9.397 -2.501 3.42 -7.059 -2.501 2.5 -9.559 -2.501 2.5
3 16 9.397 -2.501 -3.42 7.5 -2.501 -6.428 7.059 -2.501 -2.5
3 16 9.397 -2.501 -3.42 7.059 -2.501 -2.5 9.559 -2.501 -2.5
3 16 9.397 -2.501 3.42 9.559 -2.501 2.5 7.059 -2.501 2.5
3 16 9.397 -2.501 3.42 7.059 -2.501 2.5 7.499 -2.501 6.428
3 16 1.302 -0.001 -7.386 2.5 -0.001 -6.95 2.5 -0.001 -9.57
3 16 1.302 -0.001 -7.386 2.5 -0.001 -9.57 1.737 -0.001 -9.848
3 16 -2.5 -0.001 9.57 -1.736 -0.001 9.848 -1.302 -0.001 7.386
3 16 -2.5 -0.001 9.57 -1.302 -0.001 7.386 -2.5 -0.001 6.95
3 16 9.559 -0.001 -2.5 7.059 -0.001 -2.5 7.5 -0.001 0
3 16 9.559 -0.001 -2.5 7.5 -0.001 0 10 -0.001 0
3 16 -9.559 -0.001 -2.5 -10 -0.001 0 -7.5 -0.001 0
3 16 -9.559 -0.001 -2.5 -7.5 -0.001 0 -7.059 -0.001 -2.5
3 16 1.737 -0.001 -9.848 -1.736 -0.001 -9.848 1.302 -0.001 -7.386
3 16 -1.736 -0.001 -9.848 -1.302 -0.001 -7.386 1.302 -0.001 -7.386
3 16 2.5 -0.001 9.57 2.5 -0.001 6.95 1.302 -0.001 7.386
3 16 2.5 -0.001 9.57 1.302 -0.001 7.386 1.737 -0.001 9.848
3 16 1.302 -0.001 7.386 -1.302 -0.001 7.386 -1.736 -0.001 9.848
3 16 1.302 -0.001 7.386 -1.736 -0.001 9.848 1.737 -0.001 9.848
3 16 7.5 -0.001 0 7.059 -0.001 2.5 9.559 -0.001 2.5
3 16 7.5 -0.001 0 9.559 -0.001 2.5 10 -0.001 0
3 16 -1.302 -0.001 -7.386 -1.736 -0.001 -9.848 -2.5 -0.001 -9.57
3 16 -1.302 -0.001 -7.386 -2.5 -0.001 -9.57 -2.5 -0.001 -6.95
3 16 -7.5 -0.001 0 -10 -0.001 0 -9.559 -0.001 2.5
3 16 -7.5 -0.001 0 -9.559 -0.001 2.5 -7.059 -0.001 2.5
3 16 1.302 -0.001 7.386 1.302 -2.501 7.386 -1.302 -2.501 7.386
3 16 1.302 -0.001 7.386 -1.302 -2.501 7.386 -1.302 -0.001 7.386
3 16 1.302 -0.001 7.386 2.5 -0.001 6.95 2.5 -2.501 6.95
3 16 1.302 -0.001 7.386 2.5 -2.501 6.95 1.302 -2.501 7.386
3 16 2.5 -2.501 -6.95 2.5 -0.001 -6.95 1.302 -0.001 -7.386
3 16 2.5 -2.501 -6.95 1.302 -0.001 -7.386 1.302 -2.501 -7.386
3 16 2.5 -0.001 -6.95 2.5 -2.501 -6.95 2.5 -2.501 -9.57
3 16 2.5 -0.001 -6.95 2.5 -2.501 -9.57 2.5 -0.001 -9.57
3 16 2.5 -2.501 9.57 2.5 -2.501 6.95 2.5 -0.001 9.57
3 16 2.5 -2.501 6.95 2.5 -0.001 6.95 2.5 -0.001 9.57
3 16 9.559 -0.001 2.5 7.059 -0.001 2.5 7.059 -2.501 2.5
3 16 9.559 -0.001 2.5 7.059 -2.501 2.5 9.559 -2.501 2.5
3 16 7.059 -2.501 -2.5 7.059 -0.001 -2.5 9.559 -0.001 -2.5
3 16 7.059 -2.501 -2.5 9.559 -0.001 -2.5 9.559 -2.501 -2.5
3 16 7.5 -0.001 0 7.5 -2.501 0 7.059 -2.501 2.5
3 16 7.5 -0.001 0 7.059 -2.501 2.5 7.059 -0.001 2.5
3 16 7.059 -2.501 -2.5 7.5 -2.501 0 7.5 -0.001 0
3 16 7.059 -2.501 -2.5 7.5 -0.001 0 7.059 -0.001 -2.5
3 16 -7.059 -2.501 -2.5 -7.059 -0.001 -2.5 -7.5 -0.001 0
3 16 -7.059 -2.501 -2.5 -7.5 -0.001 0 -7.5 -2.501 0
3 16 -7.5 -0.001 0 -7.059 -0.001 2.5 -7.059 -2.501 2.5
3 16 -7.5 -0.001 0 -7.059 -2.501 2.5 -7.5 -2.501 0
3 16 -9.559 -0.001 2.5 -9.559 -2.501 2.5 -7.059 -2.501 2.5
3 16 -9.559 -0.001 2.5 -7.059 -2.501 2.5 -7.059 -0.001 2.5
3 16 -7.059 -2.501 -2.5 -9.559 -2.501 -2.5 -9.559 -0.001 -2.5
3 16 -7.059 -2.501 -2.5 -9.559 -0.001 -2.5 -7.059 -0.001 -2.5
3 16 -2.5 -0.001 -6.95 -2.5 -0.001 -9.57 -2.5 -2.501 -9.57
3 16 -2.5 -0.001 -6.95 -2.5 -2.501 -9.57 -2.5 -2.501 -6.95
3 16 1.302 -2.501 -7.386 1.302 -0.001 -7.386 -1.302 -0.001 -7.386
3 16 1.302 -2.501 -7.386 -1.302 -0.001 -7.386 -1.302 -2.501 -7.386
3 16 -1.302 -0.001 7.386 -1.302 -2.501 7.386 -2.5 -2.501 6.95
3 16 -1.302 -0.001 7.386 -2.5 -2.501 6.95 -2.5 -0.001 6.95
3 16 -2.5 -2.501 -6.95 -1.302 -2.501 -7.386 -1.302 -0.001 -7.386
3 16 -2.5 -2.501 -6.95 -1.302 -0.001 -7.386 -2.5 -0.001 -6.95
3 16 -2.5 -2.501 9.57 -2.5 -0.001 9.57 -2.5 -2.501 6.95
3 16 -2.5 -0.001 9.57 -2.5 -0.001 6.95 -2.5 -2.501 6.95
3 16 1.737 -18.411 -9.848 1.737 -0.001 -9.848 2.5 -2.501 -9.57
3 16 1.737 -0.001 -9.848 2.5 -0.001 -9.57 2.5 -2.501 -9.57
3 16 2.5 -2.501 9.57 2.5 -0.001 9.57 1.737 -0.001 9.848
3 16 2.5 -2.501 9.57 1.737 -0.001 9.848 1.737 -16.486 9.848
3 16 -1.737 -18.411 -9.848 -2.5 -2.501 -9.57 -1.736 -0.001 -9.848
3 16 -2.5 -2.501 -9.57 -2.5 -0.001 -9.57 -1.736 -0.001 -9.848
3 16 -2.5 -2.501 9.57 -1.737 -16.486 9.848 -1.736 -0.001 9.848
3 16 -2.5 -2.501 9.57 -1.736 -0.001 9.848 -2.5 -0.001 9.57
3 16 7.5 -2.501 -6.428 5 -2.501 -8.66 2.5 -2.501 -6.95
3 16 5 -2.501 -8.66 2.5 -2.501 -9.57 2.5 -2.501 -6.95
3 16 2.5 -2.501 9.57 5 -2.501 8.66 2.5 -2.501 6.95
3 16 5 -2.501 8.66 7.499 -2.501 6.428 2.5 -2.501 6.95
3 16 -7.5 -2.501 -6.428 -2.5 -2.501 -6.95 -5 -2.501 -8.66
3 16 -2.5 -2.501 -6.95 -2.5 -2.501 -9.57 -5 -2.501 -8.66
3 16 -2.5 -2.501 9.57 -2.5 -2.501 6.95 -5 -2.501 8.66
3 16 -2.5 -2.501 6.95 -7.499 -2.501 6.428 -5 -2.501 8.66
3 16 1.737 -16.486 9.848 1.737 -0.001 9.848 -1.736 -0.001 9.848
3 16 1.737 -16.486 9.848 -1.736 -0.001 9.848 -1.737 -16.486 9.848
3 16 5 -2.501 -8.66 7.5 -2.501 -6.428 5 -18.253 -8.66
3 16 7.5 -2.501 -6.428 7.5 -6.501 -6.428 5 -18.253 -8.66
3 16 7.499 -6.501 6.428 7.499 -2.501 6.428 5 -2.501 8.66
3 16 7.499 -6.501 6.428 5 -2.501 8.66 5 -16.67 8.66
3 16 2.5 -2.501 -9.57 5 -2.501 -8.66 5 -18.253 -8.66
3 16 2.5 -2.501 -9.57 5 -18.253 -8.66 1.737 -18.411 -9.848
3 16 5 -16.67 8.66 5 -2.501 8.66 2.5 -2.501 9.57
3 16 5 -16.67 8.66 2.5 -2.501 9.57 1.737 -16.486 9.848
3 16 9.397 -6.501 3.42 9.397 -2.501 3.42 7.499 -6.501 6.428
3 16 9.397 -2.501 3.42 7.499 -2.501 6.428 7.499 -6.501 6.428
3 16 7.5 -2.501 -6.428 9.397 -2.501 -3.42 7.5 -6.501 -6.428
3 16 9.397 -2.501 -3.42 9.397 -6.501 -3.42 7.5 -6.501 -6.428
3 16 -7.5 -2.501 -6.428 -7.5 -6.501 -6.428 -9.397 -2.501 -3.42
3 16 -7.5 -6.501 -6.428 -9.397 -6.501 -3.42 -9.397 -2.501 -3.42
3 16 -9.397 -6.501 3.42 -7.499 -6.501 6.428 -9.397 -2.501 3.42
3 16 -7.499 -6.501 6.428 -7.499 -2.501 6.428 -9.397 -2.501 3.42
3 16 -2.5 -2.501 -9.57 -1.737 -18.411 -9.848 -5 -18.253 -8.66
3 16 -2.5 -2.501 -9.57 -5 -18.253 -8.66 -5 -2.501 -8.66
3 16 -1.737 -16.486 9.848 -2.5 -2.501 9.57 -5 -16.67 8.66
3 16 -2.5 -2.501 9.57 -5 -2.501 8.66 -5 -16.67 8.66
3 16 -5 -2.501 -8.66 -5 -18.253 -8.66 -7.5 -2.501 -6.428
3 16 -5 -18.253 -8.66 -7.5 -6.501 -6.428 -7.5 -2.501 -6.428
3 16 -7.499 -6.501 6.428 -5 -16.67 8.66 -5 -2.501 8.66
3 16 -7.499 -6.501 6.428 -5 -2.501 8.66 -7.499 -2.501 6.428
3 16 5 -16.078 -50.092 4.738 -9.137 -56.25 5 -7.353 -50
3 16 5 -16.078 -50.092 5 -7.353 -50 5 -6.501 -45
3 16 -5 -16.078 -50.092 -5 -6.501 -45 -5 -7.353 -50
3 16 -5 -16.078 -50.092 -5 -7.353 -50 -4.738 -9.137 -56.25
3 16 0 -11.501 30 2.614 -12.458 30 2.424 -11.501 30
3 16 0 -11.501 30 2.424 -11.501 30 0 -11.119 30
3 16 0 -11.501 30 0 -11.119 30 -2.424 -11.501 30
3 16 0 -11.501 30 -2.424 -11.501 30 -2.614 -12.458 30
3 16 10 -11.501 25 10 -11.501 30 10 -18.501 30
3 16 7.5 -15.374 22.5 -7.5 -15.374 22.5 -7.5 -6.501 22.5
3 16 7.5 -15.374 22.5 -7.5 -6.501 22.5 7.5 -6.501 22.5
3 16 -1.539 -17.35 -60 -2.5 -7.353 -50 -2.5 -14.198 -46.256
3 16 -2.5 -7.353 -50 -2.5 -6.501 -41.82 -2.5 -14.198 -46.256
3 16 2.5 -6.501 -41.82 2.5 -7.353 -50 2.5 -14.198 -46.256
3 16 2.5 -7.353 -50 1.539 -17.35 -60 2.5 -14.198 -46.256
3 16 7.5 -18.368 -10 2.034 -14.999 -38.538 0 -18.423 -10
3 16 0 -18.423 -10 -2.034 -14.999 -38.538 -7.5 -18.368 -10
3 16 -2.034 -14.999 -38.538 -2.5 -14.377 -44.675 -6.729 -14.154 -46.295
3 16 -2.034 -14.999 -38.538 -6.729 -14.154 -46.295 -7.5 -18.368 -10
3 16 7.5 -14.154 -46.295 2.5 -14.377 -44.675 2.034 -14.999 -38.538
3 16 7.5 -14.154 -46.295 2.034 -14.999 -38.538 7.5 -18.368 -10
3 16 -7.499 -6.501 6.428 -7.5 -6.501 22.5 -7.5 -15.374 22.5
3 16 -7.5 -6.501 -41.82 -7.5 -6.501 -6.428 -7.5 -18.368 -10
3 16 7.5 -6.501 -6.428 7.5 -6.501 -41.82 7.5 -18.368 -10
3 16 7.5 -6.501 22.5 7.499 -6.501 6.428 7.5 -15.374 22.5
3 16 -4.738 -22.677 -56.25 -5 -24.361 -52.5 -5 -16.078 -50.092
3 16 -5 -24.361 -52.5 -5 -25.287 -48.75 -5 -16.078 -50.092
3 16 -5 -25.287 -48.75 -5 -25.501 -45 -5 -16.078 -50.092
3 16 5 -25.501 -45 5 -25.287 -48.75 5 -16.078 -50.092
3 16 5 -25.287 -48.75 5 -24.361 -52.5 5 -16.078 -50.092
3 16 5 -24.361 -52.5 4.738 -22.677 -56.25 5 -16.078 -50.092
4 0 4.05 -20.281 -60 4.738 -22.677 -56.25 -4.738 -22.677 -56.25 -4.05 -20.281 -60
4 0 4.738 -22.677 -56.25 5 -24.361 -52.5 -5 -24.361 -52.5 -4.738 -22.677 -56.25
4 0 5 -24.361 -52.5 5 -25.287 -48.75 -5 -25.287 -48.75 -5 -24.361 -52.5
4 0 5 -25.287 -48.75 5 -25.501 -45 -5 -25.501 -45 -5 -25.287 -48.75
4 16 -4.05 -20.281 -60 -3.567 -19.88 -62.5 3.567 -19.88 -62.5 4.05 -20.281 -60
4 16 -3.567 -19.88 -62.5 -3.105 -19.235 -65 3.105 -19.235 -65 3.567 -19.88 -62.5
4 16 -3.105 -19.235 -65 -2.766 -18.387 -67.5 2.766 -18.387 -67.5 3.105 -19.235 -65
4 16 -2.766 -18.387 -67.5 -2.56 -17.251 -69.576 2.56 -17.251 -69.576 2.766 -18.387 -67.5
4 16 2.56 -14.751 -69.576 2.5 -16.001 -70 -2.5 -16.001 -70 -2.56 -14.751 -69.576
4 16 2.5 -16.001 -70 2.56 -17.251 -69.576 -2.56 -17.251 -69.576 -2.5 -16.001 -70
3 16 -5 -25.501 -45 -3.75 -24.142 -27.5 -4.548 -17.481 -38.668
3 16 -3.75 -24.142 -27.5 -2.5 -21.001 -10 -4.548 -17.481 -38.668
3 16 2.5 -21.001 -10 3.75 -24.142 -27.5 4.548 -17.481 -38.668
3 16 3.75 -24.142 -27.5 5 -25.501 -45 4.548 -17.481 -38.668
4 16 5 -25.501 -45 3.75 -24.142 -27.5 -3.75 -24.142 -27.5 -5 -25.501 -45
4 16 3.75 -24.142 -27.5 2.5 -21.001 -10 -2.5 -21.001 -10 -3.75 -24.142 -27.5
3 16 2.925 -12.894 -66.313 3.567 -11.315 -62.5 3.567 -19.88 -62.5
3 16 3.567 -19.88 -62.5 3.105 -19.235 -65 2.925 -12.894 -66.313
5 24 3.567 -19.88 -62.5 2.925 -12.894 -66.313 3.105 -19.235 -65 3.567 -11.315 -62.5
3 16 2.56 -17.251 -69.576 2.5 -16.001 -70 2.56 -14.751 -69.576
3 16 -2.56 -17.251 -69.576 -2.56 -14.751 -69.576 -2.5 -16.001 -70
4 16 -3.567 -19.88 -62.5 -3.567 -11.315 -62.5 -2.89 -12.894 -66.313 -3.105 -19.235 -65
3 16 -4.738 -9.137 -56.25 -4.05 -20.281 -60 -4.738 -22.677 -56.25
3 16 -4.738 -9.137 -56.25 -4.738 -22.677 -56.25 -5 -16.078 -50.092
3 16 4.738 -9.137 -56.25 5 -16.078 -50.092 4.738 -22.677 -56.25
3 16 4.738 -9.137 -56.25 4.738 -22.677 -56.25 4.05 -20.281 -60
3 16 4.05 -10.42 -60 4.05 -20.281 -60 3.567 -19.88 -62.5
3 16 3.567 -11.315 -62.5 4.05 -10.42 -60 3.567 -19.88 -62.5
3 16 4.05 -10.42 -60 4.738 -9.137 -56.25 4.05 -20.281 -60
3 16 -4.05 -10.42 -60 -3.567 -19.88 -62.5 -4.05 -20.281 -60
3 16 -4.738 -9.137 -56.25 -4.05 -10.42 -60 -4.05 -20.281 -60
3 16 -4.05 -10.42 -60 -3.567 -11.315 -62.5 -3.567 -19.88 -62.5
3 16 -2.56 -17.251 -69.576 -2.766 -18.387 -67.5 -2.56 -14.751 -69.576
3 16 2.56 -17.251 -69.576 2.56 -14.751 -69.576 2.766 -18.387 -67.5
3 16 -3.105 -19.235 -65 -2.89 -12.894 -66.313 -2.56 -14.751 -69.576
3 16 -3.105 -19.235 -65 -2.56 -14.751 -69.576 -2.766 -18.387 -67.5
3 16 3.105 -19.235 -65 2.766 -18.387 -67.5 2.56 -14.751 -69.576
3 16 3.105 -19.235 -65 2.56 -14.751 -69.576 2.925 -12.894 -66.313
3 16 -1.54 -10.42 -60 -2.237 -9.137 -56.25 -1.539 -17.35 -60
3 16 -2.237 -9.137 -56.25 -2.5 -7.353 -50 -1.539 -17.35 -60
3 16 2.5 -7.353 -50 2.237 -9.137 -56.25 1.539 -17.35 -60
3 16 2.237 -9.137 -56.25 1.54 -10.42 -60 1.539 -17.35 -60
3 16 -0.396 -12.849 -66.182 -1.067 -11.315 -62.5 -1.539 -17.35 -60
3 16 -1.067 -11.315 -62.5 -1.54 -10.42 -60 -1.539 -17.35 -60
3 16 1.54 -10.42 -60 1.067 -11.315 -62.5 1.539 -17.35 -60
3 16 1.067 -11.315 -62.5 0.396 -12.849 -66.182 1.539 -17.35 -60
3 16 1.539 -17.35 -60 2.236 -20.282 -55.257 2.5 -14.198 -46.256
3 16 2.236 -20.282 -55.257 2.5 -21.618 -51.485 2.5 -14.198 -46.256
3 16 2.5 -21.618 -51.485 2.5 -22.517 -48.013 2.5 -14.198 -46.256
3 16 2.5 -22.517 -48.013 2.5 -22.709 -44.54 2.5 -14.198 -46.256
3 16 -2.5 -22.709 -44.54 -2.5 -22.517 -48.013 -2.5 -14.198 -46.256
3 16 -2.5 -22.517 -48.013 -2.5 -21.618 -51.486 -2.5 -14.198 -46.256
3 16 -2.5 -21.618 -51.486 -2.236 -20.282 -55.257 -2.5 -14.198 -46.256
3 16 -2.236 -20.282 -55.257 -1.539 -17.35 -60 -2.5 -14.198 -46.256
4 16 -1.539 -17.35 -60 -2.236 -20.282 -55.257 2.236 -20.282 -55.257 1.539 -17.35 -60
4 16 -2.236 -20.282 -55.257 -2.5 -21.618 -51.486 2.5 -21.618 -51.485 2.236 -20.282 -55.257
4 16 -2.5 -21.618 -51.486 -2.5 -22.517 -48.013 2.5 -22.517 -48.013 2.5 -21.618 -51.485
4 16 -2.5 -22.517 -48.013 -2.5 -22.709 -44.54 2.5 -22.709 -44.54 2.5 -22.517 -48.013
3 16 -0.384 -15.811 -66.183 0 -15.579 -66.916 -0.396 -12.849 -66.182
3 16 0 -15.579 -66.916 0.384 -15.811 -66.183 0.396 -12.849 -66.182
3 16 0.396 -12.849 -66.182 0 -13.247 -66.916 0 -15.579 -66.916
3 16 0 -13.247 -66.916 -0.396 -12.849 -66.182 0 -15.579 -66.916
3 16 0.396 -12.849 -66.182 0.384 -15.811 -66.183 1.539 -17.35 -60
4 16 0.384 -15.811 -66.183 -0.384 -15.811 -66.183 -1.539 -17.35 -60 1.539 -17.35 -60
3 16 0.384 -15.811 -66.183 0 -15.579 -66.916 -0.384 -15.811 -66.183
3 16 -0.396 -12.849 -66.182 -1.539 -17.35 -60 -0.384 -15.811 -66.183
4 16 -1.737 -18.411 -9.848 -1.736 -0.001 -9.848 1.737 -0.001 -9.848 1.737 -18.411 -9.848
3 16 -10 -16.001 20 -10 -6.501 25 -10 -6.501 0
4 16 -7.5 -15.374 22.5 7.5 -15.374 22.5 1.737 -16.486 9.848 -1.737 -16.486 9.848
3 16 -7.5 -15.374 22.5 -1.737 -16.486 9.848 -5 -16.67 8.66
3 16 7.5 -15.374 22.5 5 -16.67 8.66 1.737 -16.486 9.848
3 16 5 -16.67 8.66 7.499 -16.791 6.428 7.499 -6.501 6.428
3 16 -7.499 -6.501 6.428 -7.499 -16.791 6.428 -5 -16.67 8.66
3 16 -7.5 -6.501 22.5 -10 -6.501 25 -4.924 -6.501 25
3 16 7.5 -6.501 22.5 4.924 -6.501 25 10 -6.501 25
4 16 -7.5 -6.501 22.5 -4.924 -6.501 25 4.924 -6.501 25 7.5 -6.501 22.5
3 16 7.5 -6.501 22.5 10 -6.501 25 7.499 -6.501 6.428
3 16 9.397 -6.501 3.42 7.499 -6.501 6.428 10 -6.501 25
3 16 9.397 -6.501 3.42 10 -6.501 25 10 -6.501 0
3 16 7.5 -15.374 22.5 7.499 -6.501 6.428 7.499 -16.791 6.428
3 16 7.5 -15.374 22.5 7.499 -16.791 6.428 5 -16.67 8.66
3 16 -7.5 -15.374 22.5 -5 -16.67 8.66 -7.499 -16.791 6.428
3 16 -7.5 -15.374 22.5 -7.499 -16.791 6.428 -7.499 -6.501 6.428
3 16 -7.5 -6.501 22.5 -7.499 -6.501 6.428 -10 -6.501 25
3 16 -10 -6.501 25 -7.499 -6.501 6.428 -9.397 -6.501 3.42
3 16 -10 -6.501 0 -10 -6.501 25 -9.397 -6.501 3.42
3 16 0 -18.423 -10 -1.737 -18.411 -9.848 1.737 -18.411 -9.848
3 16 -7.5 -18.368 -10 -1.737 -18.411 -9.848 0 -18.423 -10
3 16 7.5 -18.368 -10 0 -18.423 -10 1.737 -18.411 -9.848
3 16 -7.5 -18.368 -10 -5 -18.253 -8.66 -1.737 -18.411 -9.848
3 16 7.5 -18.368 -10 1.737 -18.411 -9.848 5 -18.253 -8.66
4 16 -7.5 -6.501 -41.82 -2.5 -6.501 -41.82 -5 -6.501 -45 -10 -6.501 -45
3 16 -2.5 -7.353 -50 -5 -7.353 -50 -5 -6.501 -45
3 16 -5 -6.501 -45 -2.5 -6.501 -41.82 -2.5 -7.353 -50
5 24 -5 -6.501 -45 -2.5 -7.353 -50 -5 -7.353 -50 -2.5 -6.501 -41.82
3 16 2.5 -6.501 -41.82 5 -6.501 -45 5 -7.353 -50
3 16 5 -7.353 -50 2.5 -7.353 -50 2.5 -6.501 -41.82
5 24 5 -7.353 -50 2.5 -6.501 -41.82 5 -6.501 -45 2.5 -7.353 -50
4 16 7.5 -6.501 -41.82 10 -6.501 -45 5 -6.501 -45 2.5 -6.501 -41.82
3 16 -10 -6.501 -45 -10 -6.501 0 -9.397 -6.501 -3.42
4 16 -7.5 -6.501 -41.82 -10 -6.501 -45 -9.397 -6.501 -3.42 -7.5 -6.501 -6.428
3 16 9.397 -6.501 -3.42 10 -6.501 0 10 -6.501 -45
4 16 7.5 -6.501 -41.82 7.5 -6.501 -6.428 9.397 -6.501 -3.42 10 -6.501 -45
4 16 -2.5 -7.353 -50 -2.237 -9.137 -56.25 -4.738 -9.137 -56.25 -5 -7.353 -50
4 16 -4.738 -9.137 -56.25 -2.237 -9.137 -56.25 -1.54 -10.42 -60 -4.05 -10.42 -60
4 16 -3.567 -11.315 -62.5 -4.05 -10.42 -60 -1.54 -10.42 -60 -1.067 -11.315 -62.5
4 16 -0.396 -12.849 -66.182 -2.89 -12.894 -66.313 -3.567 -11.315 -62.5 -1.067 -11.315 -62.5
3 16 0 -13.247 -66.916 -2.56 -14.751 -69.576 -2.89 -12.894 -66.313
3 16 -2.89 -12.894 -66.313 -0.396 -12.849 -66.182 0 -13.247 -66.916
5 24 -2.89 -12.894 -66.313 0 -13.247 -66.916 -0.396 -12.849 -66.182 -2.56 -14.751 -69.576
3 16 2.925 -12.894 -66.313 2.56 -14.751 -69.576 0 -13.247 -66.916
3 16 0 -13.247 -66.916 0.396 -12.849 -66.182 2.925 -12.894 -66.313
5 24 0 -13.247 -66.916 2.925 -12.894 -66.313 0.396 -12.849 -66.182 2.56 -14.751 -69.576
3 16 -2.56 -14.751 -69.576 0 -13.247 -66.916 2.56 -14.751 -69.576
4 16 0.396 -12.849 -66.182 1.067 -11.315 -62.5 3.567 -11.315 -62.5 2.925 -12.894 -66.313
4 16 3.567 -11.315 -62.5 1.067 -11.315 -62.5 1.54 -10.42 -60 4.05 -10.42 -60
4 16 4.738 -9.137 -56.25 4.05 -10.42 -60 1.54 -10.42 -60 2.237 -9.137 -56.25
4 16 5 -7.353 -50 4.738 -9.137 -56.25 2.237 -9.137 -56.25 2.5 -7.353 -50
3 16 5 -18.253 -8.66 7.5 -6.501 -6.428 7.5 -17.799 -6.428
3 16 -5 -18.253 -8.66 -7.5 -17.799 -6.428 -7.5 -6.501 -6.428
3 16 7.5 -18.368 -10 5 -18.253 -8.66 7.5 -17.799 -6.428
3 16 7.5 -18.368 -10 7.5 -17.799 -6.428 7.5 -6.501 -6.428
3 16 -7.5 -18.368 -10 -7.5 -17.799 -6.428 -5 -18.253 -8.66
3 16 -7.5 -18.368 -10 -7.5 -6.501 -6.428 -7.5 -17.799 -6.428
3 16 -7.059 -17.524 -2.5 -7.5 -17.292 0 0 -17.325 0
3 16 -7.5 -17.292 0 -7.059 -17.06 2.5 0 -17.325 0
3 16 -1.302 -17.922 -7.386 -2.5 -17.856 -6.95 0 -17.325 0
3 16 -2.5 -16.762 6.95 -1.302 -16.728 7.386 0 -17.325 0
3 16 1.302 -17.922 -7.386 -1.302 -17.922 -7.386 0 -17.325 0
3 16 -1.302 -16.728 7.386 1.302 -16.728 7.386 0 -17.325 0
3 16 2.5 -17.856 -6.95 1.302 -17.922 -7.386 0 -17.325 0
3 16 1.302 -16.728 7.386 2.5 -16.762 6.95 0 -17.325 0
3 16 7.5 -17.292 0 7.059 -17.524 -2.5 0 -17.325 0
3 16 7.059 -17.06 2.5 7.5 -17.292 0 0 -17.325 0
3 16 2.5 -16.762 6.95 7.059 -17.06 2.5 0 -17.325 0
3 16 -7.059 -17.06 2.5 -2.5 -16.762 6.95 0 -17.325 0
3 16 7.059 -17.524 -2.5 2.5 -17.856 -6.95 0 -17.325 0
3 16 -2.5 -17.856 -6.95 -7.059 -17.524 -2.5 0 -17.325 0
4 16 2.5 -21.001 -10 1.25 -20.023 5.674 -1.25 -20.023 5.674 -2.5 -21.001 -10
3 16 1.25 -18.501 30.038 10 -18.501 30 4.924 -14.001 30
3 16 -10 -18.501 30 -1.25 -18.501 30.038 -4.924 -14.001 30
3 16 10 -18.501 30 1.25 -18.501 30.038 1.25 -20.023 5.674
3 16 -10 -18.501 30 -1.25 -20.023 5.674 -1.25 -18.501 30.038
4 16 1.25 -20.023 5.674 1.25 -18.501 30.038 1.25 -39.751 40 1.25 -39.751 30
4 16 1.25 -39.751 30 1.25 -39.751 40 -1.25 -39.751 40 -1.25 -39.751 30
4 16 -1.25 -39.751 40 -1.25 -18.501 30.038 -1.25 -20.023 5.674 -1.25 -39.751 30
4 16 1.25 -20.023 5.674 1.25 -39.751 30 -1.25 -39.751 30 -1.25 -20.023 5.674
4 16 -10 -21.001 -10 -2.5 -21.001 -10 -1.25 -20.023 5.674 -10 -18.501 30
4 16 10 -21.001 -10 10 -18.501 30 1.25 -20.023 5.674 2.5 -21.001 -10
4 16 -10 -21.001 -10 -10 -18.501 -30 -4.548 -17.481 -38.668 -2.5 -21.001 -10
4 16 10 -21.001 -10 2.5 -21.001 -10 4.548 -17.481 -38.668 10 -18.501 -30
4 16 10 -16.001 20 10 -16.001 -30 10 -6.501 -45 10 -6.501 0
4 16 -10 -16.001 20 -10 -6.501 0 -10 -6.501 -45 -10 -16.001 -30
4 16 -10 -16.001 -49.923 -10 -18.501 -30 -10 -16.001 -30 -10 -6.501 -45
4 16 10 -16.001 -49.923 10 -6.501 -45 10 -16.001 -30 10 -18.501 -30
4 16 1.388 -7.965 25 0.305 -9.588 25 0.305 -9.588 30 1.388 -7.965 30
4 16 3.011 -6.882 30 3.011 -6.882 25 1.388 -7.965 25 1.388 -7.965 30
4 16 4.924 -6.501 25 3.011 -6.882 25 3.011 -6.882 30 4.924 -6.501 30
4 16 6.837 -6.882 25 4.924 -6.501 25 4.924 -6.501 30 6.837 -6.882 30
4 16 8.46 -7.965 25 6.837 -6.882 25 6.837 -6.882 30 8.46 -7.965 30
4 16 9.543 -9.588 25 8.46 -7.965 25 8.46 -7.965 30 9.543 -9.588 30
4 16 10 -11.501 25 9.543 -9.588 25 9.543 -9.588 30 10 -11.501 30
4 16 -3.011 -6.882 30 -1.388 -7.965 30 -1.388 -7.965 25 -3.011 -6.882 25
4 16 -3.011 -6.882 30 -3.011 -6.882 25 -4.924 -6.501 25 -4.924 -6.501 30
4 16 -4.924 -6.501 30 -4.924 -6.501 25 -6.837 -6.882 25 -6.837 -6.882 30
4 16 -6.837 -6.882 30 -6.837 -6.882 25 -8.46 -7.965 25 -8.46 -7.965 30
4 16 -8.46 -7.965 30 -8.46 -7.965 25 -9.543 -9.588 25 -9.543 -9.588 30
4 16 -9.543 -9.588 30 -9.543 -9.588 25 -10 -11.501 25 -10 -11.501 30
4 16 -0.305 -9.588 30 -0.305 -9.588 25 -1.388 -7.965 25 -1.388 -7.965 30
4 16 0.305 -9.588 30 0.305 -9.588 25 0 -11.119 25 0 -11.119 30
4 16 -0.305 -9.588 30 0 -11.119 30 0 -11.119 25 -0.305 -9.588 25
4 16 -10 -16.001 20 -10 -18.501 30 -10 -11.501 30 -10 -11.501 25
4 16 40 -18.501 10 40 -16.001 10 40 -16.001 30 40 -18.501 30
4 16 40 -18.501 10 10 -18.501 -30 10 -16.001 -30 40 -16.001 10
4 16 -40 -18.501 10 -40 -18.501 30 -40 -16.001 30 -40 -16.001 10
4 16 -40 -18.501 10 -40 -16.001 10 -10 -16.001 -30 -10 -18.501 -30
4 16 10 -11.501 25 10 -16.001 20 10 -6.501 0 10 -6.501 25
4 16 10 -18.501 20 10 -16.001 20 10 -11.501 25 10 -18.501 30
4 16 3.967 -13.811 30 3.967 -13.811 25 3.156 -13.269 25 3.156 -13.269 30
4 16 3.156 -13.269 30 3.156 -13.269 25 2.614 -12.458 25 2.614 -12.458 30
4 16 7.234 -12.458 30 7.234 -12.458 25 6.692 -13.269 25 6.692 -13.269 30
4 16 7.424 -11.501 30 7.424 -11.501 25 7.234 -12.458 25 7.234 -12.458 30
4 16 5.881 -13.811 30 5.881 -13.811 25 4.924 -14.001 25 4.924 -14.001 30
4 16 4.924 -14.001 30 4.924 -14.001 25 3.967 -13.811 25 3.967 -13.811 30
4 16 2.614 -12.458 30 2.614 -12.458 25 2.424 -11.501 25 2.424 -11.501 30
4 16 2.614 -10.544 30 2.614 -10.544 25 3.156 -9.733 25 3.156 -9.733 30
4 16 6.692 -9.733 30 6.692 -9.733 25 7.234 -10.544 25 7.234 -10.544 30
4 16 5.881 -9.191 30 5.881 -9.191 25 6.692 -9.733 25 6.692 -9.733 30
4 16 3.156 -9.733 30 3.156 -9.733 25 3.967 -9.191 25 3.967 -9.191 30
4 16 3.967 -9.191 30 3.967 -9.191 25 4.924 -9.001 25 4.924 -9.001 30
4 16 4.924 -9.001 30 4.924 -9.001 25 5.881 -9.191 25 5.881 -9.191 30
4 16 2.424 -11.501 30 2.424 -11.501 25 2.614 -10.544 25 2.614 -10.544 30
4 16 7.234 -10.544 30 7.234 -10.544 25 7.424 -11.501 25 7.424 -11.501 30
4 16 6.692 -13.269 30 6.692 -13.269 25 5.881 -13.811 25 5.881 -13.811 30
4 16 -7.234 -12.458 30 -6.692 -13.269 30 -6.692 -13.269 25 -7.234 -12.458 25
4 16 -5.881 -13.811 30 -5.881 -13.811 25 -6.692 -13.269 25 -6.692 -13.269 30
4 16 -4.924 -14.001 30 -4.924 -14.001 25 -5.881 -13.811 25 -5.881 -13.811 30
4 16 -3.967 -13.811 30 -3.967 -13.811 25 -4.924 -14.001 25 -4.924 -14.001 30
4 16 -3.156 -13.269 25 -3.967 -13.811 25 -3.967 -13.811 30 -3.156 -13.269 30
4 16 -2.614 -12.458 25 -3.156 -13.269 25 -3.156 -13.269 30 -2.614 -12.458 30
4 16 -2.424 -11.501 30 -2.424 -11.501 25 -2.614 -12.458 25 -2.614 -12.458 30
4 16 -2.424 -11.501 25 -2.424 -11.501 30 -2.614 -10.544 30 -2.614 -10.544 25
4 16 -2.614 -10.544 30 -3.156 -9.733 30 -3.156 -9.733 25 -2.614 -10.544 25
4 16 -3.156 -9.733 30 -3.967 -9.191 30 -3.967 -9.191 25 -3.156 -9.733 25
4 16 -3.967 -9.191 25 -3.967 -9.191 30 -4.924 -9.001 30 -4.924 -9.001 25
4 16 -5.881 -9.191 25 -4.924 -9.001 25 -4.924 -9.001 30 -5.881 -9.191 30
4 16 -5.881 -9.191 30 -6.692 -9.733 30 -6.692 -9.733 25 -5.881 -9.191 25
4 16 -6.692 -9.733 25 -6.692 -9.733 30 -7.234 -10.544 30 -7.234 -10.544 25
4 16 -7.424 -11.501 25 -7.234 -10.544 25 -7.234 -10.544 30 -7.424 -11.501 30
4 16 -7.234 -12.458 25 -7.424 -11.501 25 -7.424 -11.501 30 -7.234 -12.458 30
4 16 10 -18.501 -30 4.548 -17.481 -38.668 5 -16.704 -45 10 -16.001 -49.923
4 16 -10 -18.501 -30 -10 -16.001 -49.923 -5 -16.704 -45 -4.548 -17.481 -38.668
4 16 -1.388 -7.965 25 1.388 -7.965 25 3.011 -6.882 25 -3.011 -6.882 25
4 16 -3.011 -6.882 25 3.011 -6.882 25 4.924 -6.501 25 -4.924 -6.501 25
4 16 -0.305 -9.588 25 0.305 -9.588 25 1.388 -7.965 25 -1.388 -7.965 25
4 16 -3.967 -9.191 30 -3.011 -6.882 30 -4.924 -6.501 30 -4.924 -9.001 30
4 16 -5.881 -9.191 30 -4.924 -9.001 30 -4.924 -6.501 30 -6.837 -6.882 30
4 16 5.881 -9.191 30 6.837 -6.882 30 4.924 -6.501 30 4.924 -9.001 30
4 16 4.924 -6.501 30 3.011 -6.882 30 3.967 -9.191 30 4.924 -9.001 30
4 16 3.967 -9.191 30 3.011 -6.882 30 1.388 -7.965 30 3.156 -9.733 30
4 16 8.46 -7.965 30 6.837 -6.882 30 5.881 -9.191 30 6.692 -9.733 30
4 16 -5.881 -9.191 30 -6.837 -6.882 30 -8.46 -7.965 30 -6.692 -9.733 30
4 16 -3.967 -9.191 30 -3.156 -9.733 30 -1.388 -7.965 30 -3.011 -6.882 30
4 16 -2.614 -10.544 30 -0.305 -9.588 30 -1.388 -7.965 30 -3.156 -9.733 30
4 16 7.234 -10.544 30 9.543 -9.588 30 8.46 -7.965 30 6.692 -9.733 30
4 16 1.388 -7.965 30 0.305 -9.588 30 2.614 -10.544 30 3.156 -9.733 30
4 16 -7.234 -10.544 30 -6.692 -9.733 30 -8.46 -7.965 30 -9.543 -9.588 30
4 16 0.305 -9.588 30 0 -11.119 30 2.424 -11.501 30 2.614 -10.544 30
4 16 -2.424 -11.501 30 0 -11.119 30 -0.305 -9.588 30 -2.614 -10.544 30
4 16 10 -11.501 30 9.543 -9.588 30 7.234 -10.544 30 7.424 -11.501 30
4 16 -7.234 -10.544 30 -9.543 -9.588 30 -10 -11.501 30 -7.424 -11.501 30
4 16 -40 -18.501 30 -10 -18.501 20 -10 -16.001 20 -40 -16.001 30
4 16 40 -18.501 30 40 -16.001 30 10 -16.001 20 10 -18.501 20
4 16 -1.25 -39.751 40 1.25 -39.751 40 1.25 -18.501 30.038 -1.25 -18.501 30.038
3 16 2.614 -12.458 30 0 -11.501 30 -2.614 -12.458 30
3 16 4.924 -14.001 30 3.967 -13.811 30 -3.967 -13.811 30
3 16 -4.924 -14.001 30 4.924 -14.001 30 -3.967 -13.811 30
4 16 1.25 -18.501 30.038 4.924 -14.001 30 -4.924 -14.001 30 -1.25 -18.501 30.038
4 16 2.614 -12.458 30 -2.614 -12.458 30 -3.156 -13.269 30 3.156 -13.269 30
4 16 3.156 -13.269 30 -3.156 -13.269 30 -3.967 -13.811 30 3.967 -13.811 30
2 24 -6.692 -13.269 30 -5.881 -13.811 30
2 24 0 -13.247 -66.916 0 -15.579 -66.916
2 24 -1.302 -16.728 7.386 1.302 -16.728 7.386
5 24 9.397 -6.501 -3.42 10 -6.501 -45 10 -6.501 0 7.5 -6.501 -6.428
2 24 -4.738 -9.137 -56.25 -4.05 -10.42 -60
5 24 -7.059 -17.06 2.5 0 -17.325 0 -7.5 -17.292 0 -2.5 -16.762 6.95
2 24 6.692 -13.269 30 7.234 -12.458 30
2 24 1.54 -10.42 -60 2.237 -9.137 -56.25
2 24 -9.559 -2.501 2.5 -7.059 -2.501 2.5
5 24 0 -11.119 30 2.424 -11.501 30 0 -11.501 30 0.305 -9.588 30
2 24 7.5 -6.501 -6.428 9.397 -6.501 -3.42
5 24 5 -18.253 -8.66 7.5 -2.501 -6.428 5 -2.501 -8.66 7.5 -6.501 -6.428
2 24 -1.736 -0.001 -9.848 1.737 -0.001 -9.848
5 24 -4.924 -11.501 25 -2.424 -11.501 25 -2.614 -12.458 25 -2.614 -10.544 25
2 24 -1.067 -11.315 -62.5 -0.396 -12.849 -66.182
2 24 -7.5 -6.501 -6.428 -7.5 -6.501 -41.82
5 24 -9.543 -9.588 30 -7.234 -10.544 30 -8.46 -7.965 30 -10 -11.501 30
2 24 5 -16.078 -50.092 10 -16.001 -49.923
5 24 -1.388 -7.965 25 -1.388 -7.965 30 -3.011 -6.882 25 -0.305 -9.588 25
2 24 1.388 -7.965 30 3.011 -6.882 30
5 24 -5 -25.501 -45 -4.548 -17.481 -38.668 -5 -16.704 -45 -3.75 -24.142 -27.5
2 24 -10 -6.501 0 -10 -6.501 -45
2 24 -7.424 -11.501 25 -7.234 -12.458 25
5 24 4.548 -17.481 -38.668 5 -25.501 -45 5 -16.704 -45 3.75 -24.142 -27.5
2 24 -2.766 -18.387 -67.5 -2.56 -17.251 -69.576
5 24 3.967 -13.811 25 4.924 -11.501 25 3.156 -13.269 25 4.924 -14.001 25
2 24 10 -18.501 -30 10 -18.501 20
2 24 -10 -6.501 -45 -5 -6.501 -45
5 24 6.692 -9.733 25 6.692 -9.733 30 7.234 -10.544 25 5.881 -9.191 25
2 24 -40 -16.001 30 -10 -16.001 20
2 24 -0.396 -12.849 -66.182 0 -13.247 -66.916
2 24 4.924 -14.001 25 5.881 -13.811 25
5 24 -7.499 -2.501 6.428 -2.5 -2.501 6.95 -7.059 -2.501 2.5 -5 -2.501 8.66
2 24 1.067 -11.315 -62.5 1.54 -10.42 -60
5 24 -10 -6.501 25 -9.397 -6.501 3.42 -7.499 -6.501 6.428 -10 -6.501 0
2 24 -9.543 -9.588 30 -8.46 -7.965 30
2 24 2.5 -14.377 -44.675 2.5 -14.198 -46.256
5 24 -10 -11.501 30 -7.234 -12.458 30 -10 -18.501 30 -7.424 -11.501 30
2 24 -7.5 -18.368 -10 -6.729 -14.154 -46.295
5 24 -2.614 -10.544 25 -2.614 -10.544 30 -2.424 -11.501 25 -3.156 -9.733 25
2 24 5 -25.501 -45 5 -25.287 -48.75
5 24 -1.737 -16.486 9.848 -1.736 -0.001 9.848 -2.5 -2.501 9.57 1.737 -16.486 9.848
5 24 -1.736 -0.001 -9.848 -1.302 -0.001 -7.386 1.302 -0.001 -7.386 -2.5 -0.001 -9.57
2 24 -7.059 -2.501 -2.5 -7.059 -0.001 -2.5
5 24 0 -18.423 -10 7.5 -18.368 -10 2.034 -14.999 -38.538 1.737 -18.411 -9.848
2 24 -2.5 -21.618 -51.486 -2.236 -20.282 -55.257
2 24 7.5 -15.374 22.5 7.5 -6.501 22.5
2 24 -7.5 -17.799 -6.428 -7.5 -6.501 -6.428
5 24 4.924 -14.001 25 4.924 -11.501 25 3.967 -13.811 25 5.881 -13.811 25
5 24 -4.05 -10.42 -60 -1.54 -10.42 -60 -4.738 -9.137 -56.25 -3.567 -11.315 -62.5
2 24 -2.5 -16.762 6.95 -1.302 -16.728 7.386
5 24 -10 -11.501 30 -7.424 -11.501 30 -7.234 -12.458 30 -9.543 -9.588 30
2 24 10 -6.501 0 10 -6.501 25
2 24 4.924 -9.001 30 5.881 -9.191 30
2 24 -40 -16.001 10 -10 -16.001 -30
2 24 -3.156 -9.733 25 -2.614 -10.544 25
5 24 1.25 -20.023 5.674 2.5 -21.001 -10 -1.25 -20.023 5.674 10 -18.501 30
2 24 2.5 -2.501 -9.57 5 -2.501 -8.66
5 24 -5 -25.501 -45 5 -25.501 -45 -5 -25.287 -48.75 -3.75 -24.142 -27.5
2 24 -2.5 -0.001 -6.95 -1.302 -0.001 -7.386
5 24 -7.499 -2.501 6.428 -7.059 -2.501 2.5 -2.5 -2.501 6.95 -9.397 -2.501 3.42
5 24 -4.924 -14.001 30 -1.25 -18.501 30.038 -10 -18.501 30 4.924 -14.001 30
5 24 -10 -18.501 30 -4.924 -14.001 30 -5.881 -13.811 30 -1.25 -18.501 30.038
5 24 -6.729 -14.154 -46.295 -2.5 -6.501 -41.82 -2.5 -14.198 -46.256 -7.5 -6.501 -41.82
5 24 9.397 -6.501 3.42 9.397 -2.501 3.42 9.559 -2.501 2.5 7.499 -6.501 6.428
2 24 -4.924 -6.501 25 -3.011 -6.882 25
5 24 5.881 -13.811 25 5.881 -13.811 30 4.924 -14.001 25 6.692 -13.269 25
2 24 -9.397 -6.501 3.42 -7.499 -6.501 6.428
5 24 8.46 -7.965 25 8.46 -7.965 30 6.837 -6.882 25 9.543 -9.588 25
2 24 4.924 -6.501 30 6.837 -6.882 30
2 24 1.737 -0.001 9.848 2.5 -0.001 9.57
2 24 2.5 -22.709 -44.54 2.5 -22.517 -48.013
5 24 4.738 -22.677 -56.25 4.738 -9.137 -56.25 5 -16.078 -50.092 4.05 -20.281 -60
5 24 2.614 -10.544 25 4.924 -11.501 25 2.424 -11.501 25 3.156 -9.733 25
5 24 2.5 -2.501 -6.95 5 -2.501 -8.66 7.5 -2.501 -6.428 2.5 -2.501 -9.57
5 24 -5 -25.501 -45 -5 -16.704 -45 -4.548 -17.481 -38.668 -5 -16.078 -50.092
5 24 -7.5 -18.368 -10 -2.034 -14.999 -38.538 0 -18.423 -10 -6.729 -14.154 -46.295
2 24 -10 -16.001 -49.923 -5 -16.078 -50.092
5 24 -7.234 -10.544 25 -7.234 -10.544 30 -6.692 -9.733 25 -7.424 -11.501 25
5 24 -9.397 -2.501 -3.42 -7.059 -2.501 -2.5 -9.559 -2.501 -2.5 -7.5 -2.501 -6.428
5 24 6.692 -13.269 25 6.692 -13.269 30 7.234 -12.458 25 5.881 -13.811 25
2 24 -6.692 -9.733 25 -5.881 -9.191 25
2 24 -10 -18.501 20 -10 -16.001 20
5 24 1.25 -18.501 30.038 4.924 -14.001 30 10 -18.501 30 -1.25 -18.501 30.038
2 24 -4.924 -9.001 30 -3.967 -9.191 30
5 24 -2.766 -18.387 -67.5 2.766 -18.387 -67.5 -3.105 -19.235 -65 -2.56 -17.251 -69.576
5 24 -0.305 -9.588 25 0.305 -9.588 25 0 -11.119 25 -1.388 -7.965 25
5 24 -1.302 -17.922 -7.386 0 -17.325 0 -2.5 -17.856 -6.95 1.302 -17.922 -7.386
2 24 10 -16.001 -30 10 -16.001 20
2 24 -40 -18.501 10 -40 -18.501 30
5 24 0.305 -9.588 25 0.305 -9.588 30 1.388 -7.965 25 0 -11.119 25
5 24 -9.397 -2.501 3.42 -7.499 -6.501 6.428 -9.397 -6.501 3.42 -7.499 -2.501 6.428
5 24 5 -25.501 -45 5 -16.704 -45 4.548 -17.481 -38.668 5 -16.078 -50.092
2 24 -7.5 -15.374 22.5 7.5 -15.374 22.5
2 24 3.567 -11.315 -62.5 4.05 -10.42 -60
5 24 1.54 -10.42 -60 4.05 -10.42 -60 1.067 -11.315 -62.5 2.237 -9.137 -56.25
5 24 4.924 -11.501 25 7.234 -10.544 25 6.692 -9.733 25 7.424 -11.501 25
2 24 -1.54 -10.42 -60 -1.067 -11.315 -62.5
2 24 9.559 -0.001 2.5 10 -0.001 0
2 24 -7.059 -2.501 2.5 -7.059 -0.001 2.5
2 24 7.234 -12.458 25 7.424 -11.501 25
5 24 7.234 -12.458 30 10 -11.501 30 10 -18.501 30 7.424 -11.501 30
2 24 -10 -11.501 25 -10 -6.501 25
2 24 -3.156 -13.269 30 -2.614 -12.458 30
2 24 7.234 -10.544 25 7.424 -11.501 25
2 24 -7.424 -11.501 30 -7.234 -12.458 30
2 24 2.5 -16.001 -70 2.56 -14.751 -69.576
2 24 -9.559 -2.501 2.5 -9.559 -0.001 2.5
5 24 -40 -18.501 10 -10 -18.501 20 -10 -18.501 -30 -40 -18.501 30
5 24 -2.5 -16.762 6.95 -2.5 -2.501 6.95 -7.059 -2.501 2.5 -1.302 -2.501 7.386
5 24 2.424 -11.501 25 2.424 -11.501 30 2.614 -12.458 25 2.614 -10.544 25
5 24 7.5 -6.501 -6.428 7.5 -2.501 -6.428 5 -18.253 -8.66 9.397 -2.501 -3.42
5 24 -5 -7.353 -50 -2.5 -7.353 -50 -5 -6.501 -45 -4.738 -9.137 -56.25
5 24 4.924 -11.501 25 6.692 -9.733 25 5.881 -9.191 25 7.234 -10.544 25
5 24 5 -16.67 8.66 7.499 -6.501 6.428 5 -2.501 8.66 7.499 -16.791 6.428
5 24 2.5 -2.501 6.95 7.059 -17.06 2.5 7.059 -2.501 2.5 2.5 -16.762 6.95
5 24 -2.5 -2.501 -6.95 -1.302 -2.501 -7.386 -1.302 -17.922 -7.386 -1.302 -0.001 -7.386
2 24 -8.46 -7.965 30 -6.837 -6.882 30
5 24 3.011 -6.882 30 3.967 -9.191 30 4.924 -6.501 30 1.388 -7.965 30
2 24 2.5 -17.856 -6.95 7.059 -17.524 -2.5
5 24 -4.924 -14.001 25 -4.924 -14.001 30 -5.881 -13.811 25 -3.967 -13.811 25
5 24 -7.059 -17.524 -2.5 0 -17.325 0 -7.5 -17.292 0 -2.5 -17.856 -6.95
2 24 -4.924 -9.001 25 -3.967 -9.191 25
2 24 -10 -16.001 -30 -10 -16.001 20
5 24 4.924 -14.001 25 4.924 -14.001 30 5.881 -13.811 25 3.967 -13.811 25
5 24 -3.75 -24.142 -27.5 3.75 -24.142 -27.5 -5 -25.501 -45 -2.5 -21.001 -10
2 24 -2.56 -14.751 -69.576 -2.5 -16.001 -70
2 24 3.567 -19.88 -62.5 4.05 -20.281 -60
5 24 -3.105 -19.235 -65 -2.56 -14.751 -69.576 -2.89 -12.894 -66.313 -2.766 -18.387 -67.5
5 24 -5 -16.67 8.66 -2.5 -2.501 9.57 -1.737 -16.486 9.848 -5 -2.501 8.66
2 24 -9.559 -2.501 -2.5 -9.559 -0.001 -2.5
5 24 -1.302 -16.728 7.386 0 -17.325 0 -2.5 -16.762 6.95 1.302 -16.728 7.386
5 24 3.967 -9.191 25 4.924 -11.501 25 3.156 -9.733 25 4.924 -9.001 25
2 24 1.737 -16.486 9.848 5 -16.67 8.66
5 24 7.499 -6.501 6.428 7.5 -15.374 22.5 7.5 -6.501 22.5 7.499 -16.791 6.428
5 24 -9.397 -2.501 3.42 -7.059 -2.501 2.5 -7.499 -2.501 6.428 -9.559 -2.501 2.5
2 24 -7.059 -17.06 2.5 -2.5 -16.762 6.95
5 24 4.548 -17.481 -38.668 10 -18.501 -30 2.5 -21.001 -10 5 -16.704 -45
2 24 10 -18.501 -30 40 -18.501 10
2 24 4.05 -10.42 -60 4.738 -9.137 -56.25
2 24 -3.567 -19.88 -62.5 -3.105 -19.235 -65
5 24 7.059 -2.501 2.5 7.5 -2.501 0 7.5 -17.292 0 7.5 -0.001 0
5 24 -2.5 -14.198 -46.256 -1.539 -17.35 -60 -2.5 -7.353 -50 -2.236 -20.282 -55.257
5 24 7.059 -2.501 -2.5 7.5 -2.501 -6.428 2.5 -2.501 -6.95 9.397 -2.501 -3.42
5 24 2.5 -2.501 9.57 5 -16.67 8.66 5 -2.501 8.66 1.737 -16.486 9.848
2 24 2.5 -2.501 9.57 2.5 -0.001 9.57
5 24 -5 -2.501 -8.66 -2.5 -2.501 -6.95 -7.5 -2.501 -6.428 -2.5 -2.501 -9.57
5 24 6.837 -6.882 25 6.837 -6.882 30 4.924 -6.501 25 8.46 -7.965 25
2 24 5.881 -9.191 25 6.692 -9.733 25
2 24 -2.614 -10.544 25 -2.424 -11.501 25
2 24 9.397 -2.501 3.42 9.559 -2.501 2.5
2 24 -1.25 -20.023 5.674 -1.25 -39.751 30
5 24 2.034 -14.999 -38.538 2.5 -22.709 -44.54 2.5 -14.377 -44.675 0 -18.423 -10
5 24 9.397 -6.501 -3.42 9.397 -2.501 -3.42 9.559 -2.501 -2.5 7.5 -6.501 -6.428
5 24 -4.924 -14.001 25 -4.924 -11.501 25 -5.881 -13.811 25 -3.967 -13.811 25
5 24 7.234 -12.458 30 10 -18.501 30 6.692 -13.269 30 10 -11.501 30
5 24 -5.881 -13.811 25 -4.924 -11.501 25 -6.692 -13.269 25 -4.924 -14.001 25
2 24 -10 -0.001 0 -9.559 -0.001 2.5
5 24 7.5 -17.292 0 7.5 -2.501 0 7.059 -2.501 2.5 7.059 -2.501 -2.5
2 24 1.25 -39.751 40 1.25 -39.751 30
2 24 3.011 -6.882 30 4.924 -6.501 30
2 24 -7.5 -15.374 22.5 -7.5 -6.501 22.5
2 24 1.737 -18.411 -9.848 5 -18.253 -8.66
2 24 1.737 -0.001 -9.848 2.5 -0.001 -9.57
2 24 5 -2.501 8.66 7.499 -2.501 6.428
2 24 -7.5 -17.292 0 -7.059 -17.524 -2.5
2 24 -7.499 -16.791 6.428 -7.499 -6.501 6.428
5 24 7.059 -2.501 -2.5 9.397 -2.501 -3.42 7.5 -2.501 -6.428 9.559 -2.501 -2.5
2 24 9.543 -9.588 30 10 -11.501 30
5 24 -2.5 -16.762 6.95 -1.302 -2.501 7.386 -2.5 -2.501 6.95 -1.302 -16.728 7.386
5 24 3.156 -13.269 25 3.156 -13.269 30 3.967 -13.811 25 2.614 -12.458 25
2 24 10 -18.501 20 10 -16.001 20
5 24 -4.924 -11.501 25 -3.156 -13.269 25 -3.967 -13.811 25 -2.614 -12.458 25
2 24 2.56 -17.251 -69.576 2.766 -18.387 -67.5
5 24 2.5 -21.618 -51.485 2.5 -14.198 -46.256 2.236 -20.282 -55.257 2.5 -22.517 -48.013
2 24 -7.5 -0.001 0 -7.059 -0.001 2.5
2 24 -7.499 -2.501 6.428 -5 -2.501 8.66
5 24 -6.692 -9.733 25 -6.692 -9.733 30 -5.881 -9.191 25 -7.234 -10.544 25
2 24 -5 -16.078 -50.092 -5 -6.501 -45
5 24 4.924 -11.501 25 5.881 -9.191 25 4.924 -9.001 25 6.692 -9.733 25
2 24 6.837 -6.882 25 8.46 -7.965 25
2 24 3.105 -19.235 -65 3.567 -19.88 -62.5
5 24 -5 -24.361 -52.5 5 -24.361 -52.5 -4.738 -22.677 -56.25 -5 -25.287 -48.75
2 24 0 -15.579 -66.916 0.384 -15.811 -66.183
5 24 1.302 -16.728 7.386 1.302 -2.501 7.386 2.5 -16.762 6.95 -1.302 -2.501 7.386
2 24 2.424 -11.501 30 2.614 -10.544 30
5 24 7.5 -2.501 0 7.5 -0.001 0 7.059 -2.501 2.5 7.059 -2.501 -2.5
2 24 0 -11.119 25 0 -11.119 30
5 24 -7.059 -2.501 -2.5 -2.5 -17.856 -6.95 -2.5 -2.501 -6.95 -7.059 -17.524 -2.5
2 24 3.011 -6.882 25 4.924 -6.501 25
2 24 5 -7.353 -50 5 -6.501 -45
5 24 -2.5 -22.709 -44.54 -2.5 -14.377 -44.675 -2.5 -14.198 -46.256 -2.034 -14.999 -38.538
2 24 -7.234 -12.458 25 -6.692 -13.269 25
2 24 7.499 -16.791 6.428 7.5 -15.374 22.5
2 24 -6.692 -9.733 30 -5.881 -9.191 30
2 24 2.5 -2.501 -6.95 7.059 -2.501 -2.5
2 24 9.397 -6.501 -3.42 10 -6.501 0
5 24 -3.567 -19.88 -62.5 -3.567 -11.315 -62.5 -3.105 -19.235 -65 -4.05 -10.42 -60
5 24 -7.5 -18.368 -10 0 -18.423 -10 -2.034 -14.999 -38.538 -1.737 -18.411 -9.848
2 24 -2.5 -14.198 -46.256 -2.5 -6.501 -41.82
2 24 2.56 -14.751 -69.576 2.925 -12.894 -66.313
2 24 -4.05 -10.42 -60 -3.567 -11.315 -62.5
2 24 -2.5 -22.517 -48.013 -2.5 -21.618 -51.486
2 24 -1.737 -18.411 -9.848 1.737 -18.411 -9.848
2 24 2.5 -2.501 -6.95 2.5 -2.501 -9.57
2 24 2.614 -10.544 25 3.156 -9.733 25
5 24 -5.881 -9.191 25 -4.924 -11.501 25 -6.692 -9.733 25 -4.924 -9.001 25
2 24 2.614 -12.458 30 3.156 -13.269 30
5 24 2.5 -17.856 -6.95 7.059 -2.501 -2.5 2.5 -2.501 -6.95 7.059 -17.524 -2.5
5 24 -7.5 -2.501 0 -7.059 -2.501 2.5 -7.059 -17.06 2.5 -7.5 -0.001 0
5 24 -7.5 -2.501 -6.428 -7.059 -2.501 -2.5 -2.5 -2.501 -6.95 -9.397 -2.501 -3.42
2 24 1.302 -17.922 -7.386 2.5 -17.856 -6.95
5 24 -6.729 -14.154 -46.295 -2.034 -14.999 -38.538 -2.5 -14.377 -44.675 -7.5 -18.368 -10
2 24 -10 -18.501 -30 -10 -18.501 20
5 24 7.424 -11.501 25 7.424 -11.501 30 7.234 -12.458 25 7.234 -10.544 25
2 24 1.539 -17.35 -60 2.236 -20.282 -55.257
5 24 -3.967 -9.191 30 -3.011 -6.882 30 -4.924 -9.001 30 -3.156 -9.733 30
2 24 2.614 -10.544 30 3.156 -9.733 30
2 24 -5 -2.501 -8.66 -2.5 -2.501 -9.57
2 24 -2.5 -2.501 6.95 -2.5 -2.501 9.57
2 24 -2.5 -2.501 -6.95 -2.5 -2.501 -9.57
5 24 -3.105 -19.235 -65 3.105 -19.235 -65 -3.567 -19.88 -62.5 -2.766 -18.387 -67.5
5 24 -10 -16.001 -49.923 -5 -6.501 -45 -10 -6.501 -45 -5 -16.078 -50.092
2 24 0.384 -15.811 -66.183 1.539 -17.35 -60
2 24 2.034 -14.999 -38.538 2.5 -14.377 -44.675
2 24 -4.924 -14.001 30 -3.967 -13.811 30
5 24 -1.302 -2.501 -7.386 1.302 -2.501 -7.386 -1.302 -17.922 -7.386 -1.302 -0.001 -7.386
2 24 10 -16.001 -30 40 -16.001 10
2 24 7.499 -16.791 6.428 7.499 -6.501 6.428
2 24 -7.234 -10.544 25 -6.692 -9.733 25
2 24 2.5 -2.501 6.95 2.5 -0.001 6.95
2 24 -5 -2.501 8.66 -2.5 -2.501 9.57
2 24 -2.5 -2.501 -9.57 -2.5 -0.001 -9.57
2 24 10 -18.501 -30 10 -16.001 -30
5 24 -3.105 -19.235 -65 -2.89 -12.894 -66.313 -3.567 -19.88 -62.5 -2.56 -14.751 -69.576
2 24 2.5 -2.501 -6.95 2.5 -0.001 -6.95
2 24 -1.25 -39.751 30 1.25 -39.751 30
5 24 2.614 -12.458 30 2.614 -12.458 25 3.156 -13.269 30 2.424 -11.501 30
2 24 9.559 -0.001 -2.5 10 -0.001 0
2 24 4.924 -9.001 25 5.881 -9.191 25
5 24 5 -24.361 -52.5 5 -16.078 -50.092 5 -25.287 -48.75 4.738 -22.677 -56.25
5 24 7.499 -6.501 6.428 7.499 -2.501 6.428 5 -2.501 8.66 9.397 -2.501 3.42
2 24 -6.837 -6.882 25 -4.924 -6.501 25
5 24 1.539 -17.35 -60 2.237 -9.137 -56.25 2.5 -7.353 -50 1.54 -10.42 -60
2 24 -2.56 -14.751 -69.576 2.56 -14.751 -69.576
2 24 -2.5 -14.377 -44.675 -2.034 -14.999 -38.538
2 24 -2.5 -2.501 6.95 -2.5 -0.001 6.95
5 24 1.302 -0.001 -7.386 2.5 -2.501 -6.95 2.5 -0.001 -6.95 1.302 -2.501 -7.386
2 24 4.738 -9.137 -56.25 5 -7.353 -50
2 24 -7.234 -10.544 30 -6.692 -9.733 30
2 24 -1.737 -16.486 9.848 1.737 -16.486 9.848
2 24 5 -2.501 -8.66 7.5 -2.501 -6.428
2 24 -7.5 -17.292 0 -7.059 -17.06 2.5
2 24 7.5 -17.799 -6.428 7.5 -6.501 -6.428
5 24 2.5 -2.501 6.95 7.499 -2.501 6.428 7.059 -2.501 2.5 5 -2.501 8.66
2 24 10 -18.501 -30 10 -16.001 -49.923
2 24 10 -16.001 -49.923 10 -6.501 -45
5 24 -5 -16.67 8.66 -5 -2.501 8.66 -2.5 -2.501 9.57 -7.499 -6.501 6.428
2 24 9.397 -2.501 -3.42 9.559 -2.501 -2.5
5 24 -7.424 -11.501 25 -4.924 -11.501 25 -7.234 -12.458 25 -7.234 -10.544 25
2 24 7.5 -18.368 -10 7.5 -17.799 -6.428
5 24 -10 -18.501 30 -6.692 -13.269 30 -5.881 -13.811 30 -7.234 -12.458 30
2 24 -2.5 -0.001 -9.57 -1.736 -0.001 -9.848
5 24 1.737 -16.486 9.848 2.5 -2.501 9.57 1.737 -0.001 9.848 5 -16.67 8.66
5 24 9.397 -6.501 3.42 10 -6.501 25 7.499 -6.501 6.428 10 -6.501 0
5 24 -7.5 -2.501 0 -7.059 -2.501 -2.5 -7.5 -17.292 0 -7.5 -0.001 0
2 24 -2.5 -16.001 -70 2.5 -16.001 -70
2 24 -5 -16.704 -45 -5 -16.078 -50.092
5 24 -7.5 -2.501 -6.428 -5 -18.253 -8.66 -5 -2.501 -8.66 -7.5 -6.501 -6.428
5 24 1.302 -0.001 -7.386 2.5 -0.001 -9.57 2.5 -0.001 -6.95 1.737 -0.001 -9.848
5 24 -3.967 -9.191 25 -3.967 -9.191 30 -3.156 -9.733 25 -4.924 -9.001 25
5 24 -5 -25.287 -48.75 5 -25.287 -48.75 -5 -24.361 -52.5 -5 -25.501 -45
5 24 1.067 -11.315 -62.5 1.539 -17.35 -60 1.54 -10.42 -60 0.396 -12.849 -66.182
2 24 2.5 -16.001 -70 2.56 -17.251 -69.576
5 24 2.5 -14.198 -46.256 2.5 -7.353 -50 2.5 -6.501 -41.82 1.539 -17.35 -60
5 24 10 -18.501 20 40 -18.501 10 10 -18.501 -30 40 -18.501 30
2 24 -9.397 -2.501 3.42 -7.499 -2.501 6.428
5 24 3.156 -13.269 25 4.924 -11.501 25 2.614 -12.458 25 3.967 -13.811 25
5 24 1.067 -11.315 -62.5 3.567 -11.315 -62.5 0.396 -12.849 -66.182 1.54 -10.42 -60
2 24 -7.5 -18.368 -10 -7.5 -17.799 -6.428
2 24 10 -21.001 -10 10 -18.501 -30
5 24 5 -16.67 8.66 5 -2.501 8.66 7.499 -6.501 6.428 2.5 -2.501 9.57
2 24 -2.5 -22.709 -44.54 -2.5 -22.517 -48.013
5 24 -2.236 -20.282 -55.257 2.236 -20.282 -55.257 -1.539 -17.35 -60 -2.5 -21.618 -51.486
5 24 5.881 -13.811 30 10 -18.501 30 6.692 -13.269 30 4.924 -14.001 30
5 24 -2.5 -0.001 -9.57 -1.302 -0.001 -7.386 -1.736 -0.001 -9.848 -2.5 -0.001 -6.95
2 24 -4.924 -6.501 30 -3.011 -6.882 30
2 24 4.924 -14.001 30 5.881 -13.811 30
5 24 -7.5 -6.501 -6.428 -7.5 -2.501 -6.428 -9.397 -2.501 -3.42 -5 -18.253 -8.66
2 24 7.5 -6.501 -6.428 7.5 -6.501 -41.82
2 24 2.5 -2.501 -9.57 2.5 -0.001 -9.57
2 24 2.614 -12.458 25 3.156 -13.269 25
5 24 -9.559 -2.501 2.5 -9.397 -6.501 3.42 -9.397 -2.501 3.42 -10 -6.501 0
2 24 10 -16.001 20 40 -16.001 30
5 24 2.5 -7.353 -50 5 -7.353 -50 2.5 -6.501 -41.82 2.237 -9.137 -56.25
2 24 -5.881 -13.811 30 -4.924 -14.001 30
2 24 -1.539 -17.35 -60 -0.384 -15.811 -66.183
5 24 2.236 -20.282 -55.257 2.5 -14.198 -46.256 1.539 -17.35 -60 2.5 -21.618 -51.485
2 24 -5.881 -13.811 25 -4.924 -14.001 25
2 24 6.837 -6.882 30 8.46 -7.965 30
2 24 2.5 -21.001 -10 4.548 -17.481 -38.668
5 24 7.234 -12.458 30 7.234 -12.458 25 6.692 -13.269 30 7.424 -11.501 30
5 24 2.925 -12.894 -66.313 3.105 -19.235 -65 3.567 -11.315 -62.5 2.56 -14.751 -69.576
5 24 1.302 -2.501 7.386 1.302 -0.001 7.386 -1.302 -2.501 7.386 2.5 -2.501 6.95
5 24 -10 -6.501 25 -7.499 -6.501 6.428 -7.5 -6.501 22.5 -9.397 -6.501 3.42
2 24 3.156 -13.269 25 3.967 -13.811 25
5 24 10 -6.501 0 10 -0.001 0 9.559 -2.501 2.5 9.559 -2.501 -2.5
5 24 -2.5 -14.198 -46.256 -2.5 -7.353 -50 -1.539 -17.35 -60 -2.5 -6.501 -41.82
5 24 -4.924 -6.501 25 -4.924 -6.501 30 -3.011 -6.882 25 -6.837 -6.882 25
2 24 -2.5 -0.001 6.95 -1.302 -0.001 7.386
2 24 -7.5 -6.501 -41.82 -6.729 -14.154 -46.295
2 24 -3.105 -19.235 -65 -2.766 -18.387 -67.5
5 24 2.5 -2.501 -9.57 5 -18.253 -8.66 5 -2.501 -8.66 1.737 -18.411 -9.848
5 24 -5 -16.078 -50.092 -5 -7.353 -50 -5 -6.501 -45 -4.738 -9.137 -56.25
5 24 1.539 -17.35 -60 1.54 -10.42 -60 2.237 -9.137 -56.25 1.067 -11.315 -62.5
5 24 -1.302 -17.922 -7.386 -1.302 -2.501 -7.386 1.302 -2.501 -7.386 -2.5 -2.501 -6.95
2 24 40 -16.001 10 40 -16.001 30
5 24 2.5 -6.501 -41.82 5 -6.501 -45 2.5 -7.353 -50 7.5 -6.501 -41.82
2 24 -7.059 -17.06 2.5 -7.059 -2.501 2.5
2 24 3.156 -9.733 30 3.967 -9.191 30
5 24 -9.397 -6.501 -3.42 -9.397 -2.501 -3.42 -9.559 -2.501 -2.5 -7.5 -6.501 -6.428
2 24 -6.729 -14.154 -46.295 -2.5 -14.198 -46.256
2 24 7.059 -2.501 -2.5 9.559 -2.501 -2.5
2 24 -5 -16.67 8.66 -1.737 -16.486 9.848
5 24 -5 -16.078 -50.092 -4.738 -9.137 -56.25 -5 -7.353 -50 -4.738 -22.677 -56.25
5 24 4.924 -11.501 25 7.424 -11.501 25 7.234 -12.458 25 7.234 -10.544 25
5 24 9.543 -9.588 25 9.543 -9.588 30 8.46 -7.965 25 10 -11.501 25
2 24 -9.559 -2.501 -2.5 -7.059 -2.501 -2.5
5 24 10 -11.501 25 10 -11.501 30 10 -18.501 30 9.543 -9.588 25
5 24 -2.5 -21.618 -51.486 -2.5 -14.198 -46.256 -2.5 -22.517 -48.013 -2.236 -20.282 -55.257
5 24 -2.766 -18.387 -67.5 -2.56 -14.751 -69.576 -2.56 -17.251 -69.576 -3.105 -19.235 -65
5 24 -2.5 -22.709 -44.54 -2.034 -14.999 -38.538 -2.5 -14.377 -44.675 0 -18.423 -10
2 24 -3.011 -6.882 25 -1.388 -7.965 25
2 24 7.059 -2.501 2.5 7.059 -0.001 2.5
5 24 -2.89 -12.894 -66.313 -0.396 -12.849 -66.182 -3.567 -11.315 -62.5 -2.56 -14.751 -69.576
5 24 -2.56 -14.751 -69.576 0 -13.247 -66.916 -2.89 -12.894 -66.313 2.56 -14.751 -69.576
2 24 -0.384 -15.811 -66.183 0 -15.579 -66.916
2 24 -7.424 -11.501 25 -7.234 -10.544 25
5 24 7.5 -6.501 22.5 10 -6.501 25 4.924 -6.501 25 7.499 -6.501 6.428
5 24 4.924 -11.501 25 7.234 -12.458 25 6.692 -13.269 25 7.424 -11.501 25
5 24 5 -18.253 -8.66 5 -2.501 -8.66 7.5 -2.501 -6.428 2.5 -2.501 -9.57
5 24 -1.302 -16.728 7.386 -1.302 -2.501 7.386 1.302 -16.728 7.386 -2.5 -16.762 6.95
5 24 7.499 -6.501 6.428 9.397 -2.501 3.42 9.397 -6.501 3.42 7.499 -2.501 6.428
2 24 10 -21.001 -10 10 -18.501 30
2 24 -40 -18.501 10 -10 -18.501 -30
5 24 1.302 -17.922 -7.386 1.302 -2.501 -7.386 2.5 -2.501 -6.95 -1.302 -17.922 -7.386
2 24 -2.236 -20.282 -55.257 -1.539 -17.35 -60
5 24 4.924 -11.501 25 4.924 -9.001 25 3.967 -9.191 25 5.881 -9.191 25
2 24 -0.305 -9.588 30 0 -11.119 30
2 24 4.738 -22.677 -56.25 5 -24.361 -52.5
5 24 5 -18.253 -8.66 7.5 -6.501 -6.428 7.5 -2.501 -6.428 7.5 -17.799 -6.428
5 24 -7.5 -17.292 0 0 -17.325 0 -7.059 -17.524 -2.5 -7.059 -17.06 2.5
5 24 -2.5 -21.618 -51.486 2.5 -21.618 -51.485 -2.236 -20.282 -55.257 -2.5 -22.517 -48.013
2 24 -6.837 -6.882 30 -4.924 -6.501 30
2 24 1.302 -0.001 -7.386 2.5 -0.001 -6.95
5 24 2.424 -11.501 25 4.924 -11.501 25 2.614 -12.458 25 2.614 -10.544 25
5 24 -4.05 -20.281 -60 -4.05 -10.42 -60 -3.567 -19.88 -62.5 -4.738 -9.137 -56.25
2 24 -1.25 -20.023 5.674 1.25 -20.023 5.674
2 24 -5 -25.287 -48.75 -5 -24.361 -52.5
5 24 4.738 -9.137 -56.25 5 -16.078 -50.092 5 -7.353 -50 4.738 -22.677 -56.25
2 24 5 -6.501 -45 10 -6.501 -45
2 24 1.25 -18.501 30.038 1.25 -20.023 5.674
5 24 -0.396 -12.849 -66.182 0 -15.579 -66.916 -0.384 -15.811 -66.183 0 -13.247 -66.916
2 24 -1.25 -39.751 40 -1.25 -18.501 30.038
2 24 -4.05 -20.281 -60 -3.567 -19.88 -62.5
2 24 -5 -7.353 -50 -4.738 -9.137 -56.25
2 24 -7.5 -2.501 -6.428 -5 -2.501 -8.66
5 24 3.567 -19.88 -62.5 3.567 -11.315 -62.5 3.105 -19.235 -65 4.05 -10.42 -60
2 24 2.5 -14.198 -46.256 7.5 -14.154 -46.295
5 24 -4.924 -14.001 30 4.924 -14.001 30 -3.967 -13.811 30 -1.25 -18.501 30.038
5 24 -7.5 -18.368 -10 -1.737 -18.411 -9.848 0 -18.423 -10 -5 -18.253 -8.66
2 24 7.5 -14.154 -46.295 7.5 -6.501 -41.82
2 24 7.059 -17.524 -2.5 7.059 -2.501 -2.5
5 24 -0.384 -15.811 -66.183 0.384 -15.811 -66.183 -1.539 -17.35 -60 0 -15.579 -66.916
2 24 0 -13.247 -66.916 0.396 -12.849 -66.182
5 24 2.5 -2.501 -6.95 7.5 -2.501 -6.428 7.059 -2.501 -2.5 5 -2.501 -8.66
5 24 2.5 -6.501 -41.82 7.5 -14.154 -46.295 7.5 -6.501 -41.82 2.5 -14.198 -46.256
2 24 -7.5 -0.001 0 -7.059 -0.001 -2.5
2 24 1.25 -39.751 40 1.25 -18.501 30.038
2 24 5 -16.704 -45 5 -16.078 -50.092
2 24 -4.924 -14.001 25 -3.967 -13.811 25
2 24 2.5 -0.001 -6.95 2.5 -0.001 -9.57
2 24 -1.388 -7.965 30 -0.305 -9.588 30
5 24 0 -17.325 0 7.5 -17.292 0 7.059 -17.524 -2.5 7.059 -17.06 2.5
5 24 1.25 -20.023 5.674 10 -18.501 30 1.25 -18.501 30.038 2.5 -21.001 -10
5 24 9.543 -9.588 25 10 -6.501 25 10 -11.501 25 8.46 -7.965 25
5 24 -2.614 -12.458 30 -2.614 -12.458 25 -3.156 -13.269 30 -2.424 -11.501 30
5 24 -6.692 -9.733 25 -4.924 -11.501 25 -7.234 -10.544 25 -5.881 -9.191 25
2 24 -2.5 -2.501 -6.95 -2.5 -0.001 -6.95
2 24 0 -11.119 30 0.305 -9.588 30
5 24 0 -17.325 0 7.059 -17.06 2.5 7.5 -17.292 0 2.5 -16.762 6.95
5 24 -10 -18.501 30 -5.881 -13.811 30 -6.692 -13.269 30 -4.924 -14.001 30
2 24 10 -6.501 0 10 -6.501 -45
5 24 -2.5 -2.501 -6.95 -1.302 -0.001 -7.386 -1.302 -2.501 -7.386 -2.5 -0.001 -6.95
2 24 7.234 -10.544 30 7.424 -11.501 30
5 24 -2.237 -9.137 -56.25 -1.539 -17.35 -60 -1.54 -10.42 -60 -2.5 -7.353 -50
5 24 5 -16.67 8.66 7.5 -15.374 22.5 1.737 -16.486 9.848 7.499 -16.791 6.428
5 24 -7.5 -18.368 -10 -7.5 -6.501 -41.82 -6.729 -14.154 -46.295 -7.5 -6.501 -6.428
5 24 -4.05 -20.281 -60 4.05 -20.281 -60 -4.738 -22.677 -56.25 -3.567 -19.88 -62.5
2 24 7.499 -6.501 6.428 7.5 -6.501 22.5
2 24 7.499 -2.501 6.428 9.397 -2.501 3.42
2 24 -5 -7.353 -50 -5 -6.501 -45
2 24 3.967 -9.191 30 4.924 -9.001 30
2 24 5.881 -13.811 25 6.692 -13.269 25
2 24 4.05 -20.281 -60 4.738 -22.677 -56.25
2 24 2.5 -7.353 -50 2.5 -6.501 -41.82
5 24 -5 -16.078 -50.092 -4.738 -22.677 -56.25 -5 -24.361 -52.5 -4.738 -9.137 -56.25
2 24 -3.967 -9.191 30 -3.156 -9.733 30
5 24 1.737 -18.411 -9.848 7.5 -18.368 -10 0 -18.423 -10 5 -18.253 -8.66
2 24 10 -18.501 30 10 -11.501 30
5 24 2.614 -10.544 25 2.614 -10.544 30 3.156 -9.733 25 2.424 -11.501 25
5 24 1.302 -2.501 -7.386 1.302 -0.001 -7.386 2.5 -2.501 -6.95 -1.302 -0.001 -7.386
5 24 -7.5 -6.501 -6.428 -5 -18.253 -8.66 -7.5 -2.501 -6.428 -7.5 -17.799 -6.428
2 24 2.766 -18.387 -67.5 3.105 -19.235 -65
2 24 -10 -16.001 -49.923 -10 -6.501 -45
5 24 1.302 -0.001 -7.386 1.737 -0.001 -9.848 2.5 -0.001 -9.57 -1.736 -0.001 -9.848
5 24 -7.234 -12.458 30 -7.234 -12.458 25 -6.692 -13.269 30 -7.424 -11.501 30
2 24 7.059 -0.001 2.5 9.559 -0.001 2.5
5 24 -3.567 -11.315 -62.5 -1.067 -11.315 -62.5 -4.05 -10.42 -60 -2.89 -12.894 -66.313
5 24 9.397 -6.501 3.42 9.559 -2.501 2.5 9.397 -2.501 3.42 10 -6.501 0
2 24 -4.548 -17.481 -38.668 -2.5 -21.001 -10
2 24 -8.46 -7.965 25 -6.837 -6.882 25
5 24 7.5 -6.501 -41.82 10 -6.501 -45 2.5 -6.501 -41.82 7.5 -6.501 -6.428
5 24 -4.924 -11.501 25 -3.156 -9.733 25 -3.967 -9.191 25 -2.614 -10.544 25
2 24 2.5 -6.501 -41.82 7.5 -6.501 -41.82
5 24 1.539 -17.35 -60 2.5 -7.353 -50 2.5 -14.198 -46.256 2.237 -9.137 -56.25
5 24 -4.924 -11.501 25 -2.614 -12.458 25 -3.156 -13.269 25 -2.424 -11.501 25
5 24 9.559 -2.501 2.5 10 -6.501 0 9.397 -6.501 3.42 10 -0.001 0
5 24 4.924 -11.501 25 6.692 -13.269 25 5.881 -13.811 25 7.234 -12.458 25
2 24 -6.692 -13.269 25 -5.881 -13.811 25
2 24 7.5 -18.368 -10 7.5 -14.154 -46.295
5 24 -2.5 -22.517 -48.013 2.5 -22.517 -48.013 -2.5 -21.618 -51.486 -2.5 -22.709 -44.54
2 24 2.424 -11.501 30 2.614 -12.458 30
5 24 7.059 -2.501 2.5 7.499 -2.501 6.428 2.5 -2.501 6.95 9.397 -2.501 3.42
2 24 7.234 -12.458 30 7.424 -11.501 30
5 24 0.384 -15.811 -66.183 0.396 -12.849 -66.182 0 -15.579 -66.916 1.539 -17.35 -60
5 24 -3.967 -13.811 30 3.967 -13.811 30 4.924 -14.001 30 -3.156 -13.269 30
5 24 -1.737 -18.411 -9.848 0 -18.423 -10 1.737 -18.411 -9.848 -7.5 -18.368 -10
5 24 2.5 -17.856 -6.95 2.5 -2.501 -6.95 7.059 -2.501 -2.5 1.302 -17.922 -7.386
2 24 9.559 -2.501 -2.5 9.559 -0.001 -2.5
2 24 7.059 -17.06 2.5 7.059 -2.501 2.5
2 24 5 -16.67 8.66 7.499 -16.791 6.428
5 24 -10 -6.501 0 -9.559 -2.501 2.5 -9.397 -6.501 3.42 -10 -0.001 0
2 24 3.156 -9.733 25 3.967 -9.191 25
5 24 -10 -0.001 0 -9.559 -2.501 -2.5 -9.559 -0.001 -2.5 -10 -6.501 0
2 24 -2.614 -12.458 30 -2.424 -11.501 30
2 24 -9.559 -0.001 2.5 -7.059 -0.001 2.5
5 24 -4.738 -22.677 -56.25 -4.738 -9.137 -56.25 -4.05 -20.281 -60 -5 -16.078 -50.092
5 24 4.924 -6.501 25 7.5 -6.501 22.5 10 -6.501 25 -4.924 -6.501 25
2 24 7.059 -0.001 -2.5 7.5 -0.001 0
5 24 -7.5 -2.501 -6.428 -2.5 -2.501 -6.95 -7.059 -2.501 -2.5 -5 -2.501 -8.66
5 24 3.967 -13.811 25 3.967 -13.811 30 3.156 -13.269 25 4.924 -14.001 25
5 24 -7.5 -15.374 22.5 -7.499 -6.501 6.428 -7.5 -6.501 22.5 -7.499 -16.791 6.428
5 24 -2.424 -11.501 25 -2.424 -11.501 30 -2.614 -12.458 25 -2.614 -10.544 25
5 24 -5 -18.253 -8.66 -5 -2.501 -8.66 -2.5 -2.501 -9.57 -7.5 -2.501 -6.428
5 24 2.5 -16.762 6.95 2.5 -2.501 6.95 7.059 -17.06 2.5 1.302 -2.501 7.386
2 24 -7.5 -17.799 -6.428 -5 -18.253 -8.66
2 24 3.967 -9.191 25 4.924 -9.001 25
5 24 -2.5 -2.501 9.57 -1.736 -0.001 9.848 -1.737 -16.486 9.848 -2.5 -0.001 9.57
2 24 -1.25 -39.751 40 -1.25 -39.751 30
2 24 -9.543 -9.588 25 -8.46 -7.965 25
5 24 -5 -2.501 8.66 -2.5 -2.501 6.95 -2.5 -2.501 9.57 -7.499 -2.501 6.428
2 24 -2.56 -17.251 -69.576 2.56 -17.251 -69.576
5 24 -1.302 -2.501 7.386 -1.302 -0.001 7.386 1.302 -0.001 7.386 -2.5 -2.501 6.95
2 24 -0.305 -9.588 25 0 -11.119 25
5 24 0 -13.247 -66.916 2.56 -14.751 -69.576 0.396 -12.849 -66.182 -2.56 -14.751 -69.576
5 24 2.5 -21.001 -10 10 -21.001 -10 1.25 -20.023 5.674 4.548 -17.481 -38.668
5 24 -2.5 -21.001 -10 -1.25 -20.023 5.674 2.5 -21.001 -10 -10 -21.001 -10
5 24 5.881 -9.191 30 6.837 -6.882 30 4.924 -9.001 30 6.692 -9.733 30
5 24 9.559 -2.501 -2.5 10 -6.501 0 9.397 -6.501 -3.42 10 -0.001 0
5 24 7.234 -10.544 30 9.543 -9.588 30 6.692 -9.733 30 7.424 -11.501 30
5 24 7.499 -6.501 6.428 10 -6.501 25 7.5 -6.501 22.5 9.397 -6.501 3.42
5 24 -3.967 -13.811 25 -3.967 -13.811 30 -4.924 -14.001 25 -3.156 -13.269 25
5 24 4.924 -6.501 25 4.924 -6.501 30 3.011 -6.882 25 6.837 -6.882 25
5 24 7.059 -2.501 2.5 9.397 -2.501 3.42 9.559 -2.501 2.5 7.499 -2.501 6.428
5 24 -0.396 -12.849 -66.182 -0.384 -15.811 -66.183 0 -15.579 -66.916 -1.539 -17.35 -60
2 24 3.156 -13.269 30 3.967 -13.811 30
2 24 -3.156 -13.269 25 -2.614 -12.458 25
2 24 -10 -21.001 -10 -10 -18.501 30
2 24 2.5 -14.198 -46.256 2.5 -6.501 -41.82
2 24 -3.011 -6.882 30 -1.388 -7.965 30
5 24 1.302 -2.501 7.386 2.5 -2.501 6.95 2.5 -16.762 6.95 1.302 -0.001 7.386
2 24 -10 -21.001 -10 -10 -18.501 -30
2 24 -7.5 -6.501 22.5 -7.499 -6.501 6.428
2 24 2.5 -22.517 -48.013 2.5 -21.618 -51.485
5 24 1.302 -2.501 -7.386 2.5 -2.501 -6.95 1.302 -17.922 -7.386 1.302 -0.001 -7.386
2 24 -7.234 -12.458 30 -6.692 -13.269 30
5 24 -10 -6.501 -45 -9.397 -6.501 -3.42 -10 -6.501 0 -7.5 -6.501 -41.82
5 24 4.924 -9.001 30 4.924 -6.501 30 5.881 -9.191 30 3.967 -9.191 30
5 24 -10 -6.501 25 -7.5 -6.501 22.5 -4.924 -6.501 25 -7.499 -6.501 6.428
5 24 -2.5 -17.856 -6.95 -2.5 -2.501 -6.95 -7.059 -2.501 -2.5 -1.302 -17.922 -7.386
2 24 7.5 -2.501 -6.428 9.397 -2.501 -3.42
5 24 0 -17.325 0 1.302 -16.728 7.386 -1.302 -16.728 7.386 2.5 -16.762 6.95
5 24 -4.924 -11.501 25 -3.967 -9.191 25 -4.924 -9.001 25 -3.156 -9.733 25
5 24 -2.5 -2.501 -9.57 -1.737 -18.411 -9.848 -1.736 -0.001 -9.848 -5 -18.253 -8.66
5 24 -4.738 -9.137 -56.25 -2.237 -9.137 -56.25 -5 -7.353 -50 -4.05 -10.42 -60
5 24 7.5 -6.501 -6.428 9.397 -2.501 -3.42 7.5 -2.501 -6.428 9.397 -6.501 -3.42
2 24 -5 -25.501 -45 -3.75 -24.142 -27.5
5 24 0 -15.579 -66.916 0.396 -12.849 -66.182 0.384 -15.811 -66.183 0 -13.247 -66.916
5 24 4.738 -22.677 -56.25 5 -16.078 -50.092 5 -24.361 -52.5 4.738 -9.137 -56.25
5 24 -10 -11.501 25 -10 -11.501 30 -9.543 -9.588 25 -10 -16.001 20
5 24 -5 -24.361 -52.5 -5 -16.078 -50.092 -4.738 -22.677 -56.25 -5 -25.287 -48.75
5 24 -1.54 -10.42 -60 -1.539 -17.35 -60 -2.237 -9.137 -56.25 -1.067 -11.315 -62.5
2 24 2.237 -9.137 -56.25 2.5 -7.353 -50
5 24 0.396 -12.849 -66.182 2.925 -12.894 -66.313 0 -13.247 -66.916 1.067 -11.315 -62.5
2 24 6.692 -9.733 25 7.234 -10.544 25
5 24 -10 -0.001 0 -9.559 -2.501 2.5 -9.559 -0.001 2.5 -10 -6.501 0
5 24 -4.924 -9.001 25 -4.924 -9.001 30 -3.967 -9.191 25 -5.881 -9.191 25
2 24 -2.034 -14.999 -38.538 0 -18.423 -10
5 24 -0.305 -9.588 25 -0.305 -9.588 30 -1.388 -7.965 25 0 -11.119 25
2 24 -1.388 -7.965 25 -0.305 -9.588 25
2 24 -5 -24.361 -52.5 -4.738 -22.677 -56.25
2 24 10 -11.501 25 10 -6.501 25
2 24 8.46 -7.965 30 9.543 -9.588 30
2 24 -5.881 -9.191 25 -4.924 -9.001 25
2 24 2.424 -11.501 25 2.614 -10.544 25
2 24 -9.397 -2.501 -3.42 -7.5 -2.501 -6.428
5 24 -2.5 -14.198 -46.256 -2.236 -20.282 -55.257 -2.5 -21.618 -51.486 -1.539 -17.35 -60
2 24 6.692 -9.733 30 7.234 -10.544 30
2 24 -4.924 -6.501 25 4.924 -6.501 25
2 24 9.543 -9.588 25 10 -11.501 25
5 24 1.302 -2.501 7.386 2.5 -16.762 6.95 2.5 -2.501 6.95 1.302 -16.728 7.386
2 24 -10 -18.501 30 -1.25 -18.501 30.038
2 24 -3.967 -13.811 25 -3.156 -13.269 25
5 24 -2.5 -22.709 -44.54 2.5 -22.709 -44.54 0 -18.423 -10 -2.5 -22.517 -48.013
5 24 -2.5 -17.856 -6.95 0 -17.325 0 -1.302 -17.922 -7.386 -7.059 -17.524 -2.5
5 24 -10 -21.001 -10 -2.5 -21.001 -10 -10 -18.501 30 -10 -18.501 -30
5 24 -1.302 -2.501 -7.386 -1.302 -0.001 -7.386 1.302 -2.501 -7.386 -2.5 -2.501 -6.95
2 24 2.5 -2.501 9.57 5 -2.501 8.66
2 24 -1.302 -0.001 -7.386 1.302 -0.001 -7.386
2 24 -10 -18.501 -30 -10 -16.001 -49.923
5 24 -7.234 -10.544 25 -4.924 -11.501 25 -7.424 -11.501 25 -6.692 -9.733 25
2 24 2.5 -21.001 -10 3.75 -24.142 -27.5
2 24 1.25 -18.501 30.038 10 -18.501 30
2 24 -9.397 -6.501 -3.42 -7.5 -6.501 -6.428
2 24 2.5 -16.762 6.95 7.059 -17.06 2.5
5 24 -2.424 -11.501 30 0 -11.501 30 0 -11.119 30 -2.614 -12.458 30
5 24 3.011 -6.882 25 3.011 -6.882 30 1.388 -7.965 25 4.924 -6.501 25
2 24 4.924 -6.501 25 6.837 -6.882 25
5 24 -7.5 -18.368 -10 -5 -18.253 -8.66 -1.737 -18.411 -9.848 -7.5 -17.799 -6.428
2 24 -3.967 -13.811 30 -3.156 -13.269 30
5 24 -9.543 -9.588 25 -9.543 -9.588 30 -8.46 -7.965 25 -10 -11.501 25
2 24 4.548 -17.481 -38.668 5 -16.704 -45
5 24 4.924 -11.501 25 5.881 -13.811 25 4.924 -14.001 25 6.692 -13.269 25
2 24 3.967 -13.811 25 4.924 -14.001 25
5 24 3.75 -24.142 -27.5 4.548 -17.481 -38.668 2.5 -21.001 -10 5 -25.501 -45
2 24 -9.559 -2.501 -2.5 -9.397 -2.501 -3.42
5 24 -9.397 -2.501 -3.42 -7.5 -6.501 -6.428 -7.5 -2.501 -6.428 -9.397 -6.501 -3.42
5 24 2.56 -14.751 -69.576 3.105 -19.235 -65 2.766 -18.387 -67.5 2.925 -12.894 -66.313
5 24 -6.837 -6.882 30 -5.881 -9.191 30 -4.924 -6.501 30 -8.46 -7.965 30
2 24 -2.5 -0.001 -6.95 -2.5 -0.001 -9.57
2 24 1.25 -39.751 30 1.25 -20.023 5.674
2 24 -40 -18.501 30 -40 -16.001 30
2 24 -2.5 -0.001 9.57 -1.736 -0.001 9.848
2 24 -3.567 -11.315 -62.5 -2.89 -12.894 -66.313
2 24 4.924 -6.501 25 10 -6.501 25
2 24 2.5 -0.001 6.95 2.5 -0.001 9.57
2 24 2.925 -12.894 -66.313 3.567 -11.315 -62.5
2 24 2.424 -11.501 25 2.614 -12.458 25
5 24 -1.25 -18.501 30.038 1.25 -18.501 30.038 -1.25 -39.751 40 -4.924 -14.001 30
5 24 1.737 -16.486 9.848 1.737 -0.001 9.848 2.5 -2.501 9.57 -1.736 -0.001 9.848
2 24 3.967 -13.811 30 4.924 -14.001 30
5 24 -4.548 -17.481 -38.668 -3.75 -24.142 -27.5 -5 -25.501 -45 -2.5 -21.001 -10
5 24 6.692 -13.269 30 10 -18.501 30 5.881 -13.811 30 7.234 -12.458 30
2 24 0.396 -12.849 -66.182 1.067 -11.315 -62.5
5 24 -7.234 -12.458 25 -4.924 -11.501 25 -7.424 -11.501 25 -6.692 -13.269 25
2 24 3.75 -24.142 -27.5 5 -25.501 -45
2 24 -1.736 -0.001 9.848 1.737 -0.001 9.848
5 24 4.924 -14.001 30 10 -18.501 30 5.881 -13.811 30 1.25 -18.501 30.038
2 24 -7.424 -11.501 30 -7.234 -10.544 30
5 24 -2.5 -21.001 -10 2.5 -21.001 -10 -3.75 -24.142 -27.5 -1.25 -20.023 5.674
2 24 -7.059 -17.524 -2.5 -7.059 -2.501 -2.5
5 24 -4.924 -11.501 25 -4.924 -9.001 25 -5.881 -9.191 25 -3.967 -9.191 25
5 24 1.539 -17.35 -60 2.5 -14.198 -46.256 2.5 -7.353 -50 2.236 -20.282 -55.257
2 24 5 -18.253 -8.66 7.5 -17.799 -6.428
5 24 -6.729 -14.154 -46.295 -2.5 -14.377 -44.675 -2.5 -14.198 -46.256 -2.034 -14.999 -38.538
5 24 -4.924 -9.001 30 -4.924 -6.501 30 -3.967 -9.191 30 -5.881 -9.191 30
5 24 5 -16.704 -45 10 -16.001 -49.923 5 -16.078 -50.092 4.548 -17.481 -38.668
5 24 -8.46 -7.965 25 -8.46 -7.965 30 -6.837 -6.882 25 -9.543 -9.588 25
2 24 -3.156 -9.733 30 -2.614 -10.544 30
5 24 0.305 -9.588 30 2.614 -10.544 30 1.388 -7.965 30 0 -11.119 30
5 24 -1.539 -17.35 -60 1.539 -17.35 -60 -2.236 -20.282 -55.257 -0.384 -15.811 -66.183
2 24 -10 -11.501 25 -9.543 -9.588 25
5 24 7.059 -2.501 2.5 7.5 -17.292 0 7.5 -2.501 0 7.059 -17.06 2.5
5 24 -9.559 -2.501 -2.5 -9.397 -6.501 -3.42 -9.397 -2.501 -3.42 -10 -6.501 0
5 24 2.5 -2.501 6.95 5 -2.501 8.66 2.5 -2.501 9.57 7.499 -2.501 6.428
2 24 -2.614 -12.458 25 -2.424 -11.501 25
5 24 -10 -6.501 0 -9.559 -2.501 -2.5 -9.397 -6.501 -3.42 -10 -0.001 0
5 24 -3.011 -6.882 25 -3.011 -6.882 30 -1.388 -7.965 25 -4.924 -6.501 25
5 24 -2.5 -2.501 9.57 -1.737 -16.486 9.848 -1.736 -0.001 9.848 -5 -16.67 8.66
5 24 -1.539 -17.35 -60 -0.396 -12.849 -66.182 -1.067 -11.315 -62.5 -0.384 -15.811 -66.183
2 24 7.059 -2.501 2.5 9.559 -2.501 2.5
2 24 -10 -11.501 30 -9.543 -9.588 30
2 24 10 -18.501 20 40 -18.501 30
5 24 -10 -18.501 30 -7.234 -12.458 30 -6.692 -13.269 30 -10 -11.501 30
2 24 0.305 -9.588 25 1.388 -7.965 25
2 24 -40 -16.001 10 -40 -16.001 30
2 24 -2.237 -9.137 -56.25 -1.54 -10.42 -60
5 24 -5 -18.253 -8.66 -2.5 -2.501 -9.57 -1.737 -18.411 -9.848 -5 -2.501 -8.66
5 24 5 -16.078 -50.092 5 -7.353 -50 4.738 -9.137 -56.25 5 -6.501 -45
5 24 3.156 -9.733 25 4.924 -11.501 25 2.614 -10.544 25 3.967 -9.191 25
2 24 -1.25 -39.751 40 1.25 -39.751 40
2 24 -10 -18.501 30 -10 -11.501 30
2 24 -2.5 -14.377 -44.675 -2.5 -14.198 -46.256
2 24 -10 -6.501 25 -4.924 -6.501 25
2 24 -7.5 -6.501 22.5 7.5 -6.501 22.5
2 24 -2.614 -10.544 30 -2.424 -11.501 30
5 24 -1.737 -18.411 -9.848 -1.736 -0.001 -9.848 -2.5 -2.501 -9.57 1.737 -18.411 -9.848
5 24 7.424 -11.501 30 10 -11.501 30 7.234 -12.458 30 7.234 -10.544 30
5 24 -3.156 -13.269 25 -3.156 -13.269 30 -3.967 -13.811 25 -2.614 -12.458 25
2 24 5 -25.287 -48.75 5 -24.361 -52.5
2 24 -9.559 -0.001 -2.5 -7.059 -0.001 -2.5
2 24 -2.5 -22.709 -44.54 0 -18.423 -10
5 24 -5.881 -13.811 25 -5.881 -13.811 30 -6.692 -13.269 25 -4.924 -14.001 25
5 24 -6.837 -6.882 25 -6.837 -6.882 30 -4.924 -6.501 25 -8.46 -7.965 25
5 24 -4.05 -10.42 -60 -3.567 -19.88 -62.5 -4.05 -20.281 -60 -3.567 -11.315 -62.5
2 24 0 -11.119 25 0.305 -9.588 25
5 24 -7.499 -6.501 6.428 -7.499 -2.501 6.428 -9.397 -2.501 3.42 -5 -2.501 8.66
2 24 -1.302 -0.001 7.386 1.302 -0.001 7.386
5 24 0 -11.501 30 2.424 -11.501 30 2.614 -12.458 30 0 -11.119 30
2 24 7.499 -6.501 6.428 9.397 -6.501 3.42
5 24 -7.424 -11.501 25 -7.424 -11.501 30 -7.234 -10.544 25 -7.234 -12.458 25
5 24 2.237 -9.137 -56.25 4.738 -9.137 -56.25 1.54 -10.42 -60 2.5 -7.353 -50
2 24 8.46 -7.965 25 9.543 -9.588 25
5 24 5 -6.501 -45 10 -16.001 -49.923 5 -16.078 -50.092 10 -6.501 -45
5 24 3.156 -9.733 25 3.156 -9.733 30 2.614 -10.544 25 3.967 -9.191 25
5 24 3.967 -9.191 25 3.967 -9.191 30 3.156 -9.733 25 4.924 -9.001 25
5 24 -7.5 -15.374 22.5 -5 -16.67 8.66 -1.737 -16.486 9.848 -7.499 -16.791 6.428
2 24 -2.56 -17.251 -69.576 -2.5 -16.001 -70
5 24 -2.614 -12.458 30 2.614 -12.458 30 0 -11.501 30 -3.156 -13.269 30
2 24 2.5 -2.501 6.95 2.5 -2.501 9.57
2 24 -3.75 -24.142 -27.5 -2.5 -21.001 -10
2 24 2.5 -2.501 6.95 7.059 -2.501 2.5
5 24 9.397 -6.501 -3.42 9.559 -2.501 -2.5 9.397 -2.501 -3.42 10 -6.501 0
2 24 -4.738 -22.677 -56.25 -4.05 -20.281 -60
5 24 -7.059 -2.501 2.5 -2.5 -16.762 6.95 -2.5 -2.501 6.95 -7.059 -17.06 2.5
5 24 1.737 -0.001 9.848 2.5 -2.501 9.57 2.5 -0.001 9.57 1.737 -16.486 9.848
5 24 0 -18.423 -10 1.737 -18.411 -9.848 -1.737 -18.411 -9.848 7.5 -18.368 -10
5 24 -6.692 -13.269 25 -6.692 -13.269 30 -7.234 -12.458 25 -5.881 -13.811 25
2 24 7.059 -2.501 -2.5 7.059 -0.001 -2.5
5 24 0 -17.325 0 2.5 -16.762 6.95 1.302 -16.728 7.386 7.059 -17.06 2.5
5 24 -2.5 -16.762 6.95 0 -17.325 0 -1.302 -16.728 7.386 -7.059 -17.06 2.5
5 24 -10 -18.501 30 -1.25 -20.023 5.674 -1.25 -18.501 30.038 -10 -21.001 -10
5 24 -10 -18.501 -30 -4.548 -17.481 -38.668 -10 -21.001 -10 -10 -16.001 -49.923
5 24 -7.5 -15.374 22.5 -1.737 -16.486 9.848 7.5 -15.374 22.5 -5 -16.67 8.66
5 24 2.614 -12.458 25 4.924 -11.501 25 2.424 -11.501 25 3.156 -13.269 25
2 24 -10 -0.001 0 -9.559 -0.001 -2.5
2 24 -3.967 -9.191 25 -3.156 -9.733 25
2 24 -7.059 -2.501 2.5 -2.5 -2.501 6.95
5 24 -6.692 -13.269 25 -4.924 -11.501 25 -7.234 -12.458 25 -5.881 -13.811 25
5 24 -4.924 -11.501 25 -2.614 -10.544 25 -3.156 -9.733 25 -2.424 -11.501 25
2 24 0 -18.423 -10 2.034 -14.999 -38.538
5 24 -10 -6.501 25 -9.543 -9.588 25 -10 -11.501 25 -8.46 -7.965 25
2 24 -10 -6.501 0 -9.397 -6.501 -3.42
2 24 -2.89 -12.894 -66.313 -2.56 -14.751 -69.576
5 24 5 -18.253 -8.66 7.5 -18.368 -10 1.737 -18.411 -9.848 7.5 -17.799 -6.428
2 24 7.059 -17.524 -2.5 7.5 -17.292 0
2 24 -1.302 -17.922 -7.386 1.302 -17.922 -7.386
5 24 -2.5 -7.353 -50 -1.539 -17.35 -60 -2.5 -14.198 -46.256 -2.237 -9.137 -56.25
2 24 5.881 -13.811 30 6.692 -13.269 30
2 24 1.302 -0.001 7.386 2.5 -0.001 6.95
2 24 -10 -6.501 0 -9.397 -6.501 3.42
2 24 -2.5 -17.856 -6.95 -1.302 -17.922 -7.386
5 24 -9.397 -6.501 3.42 -9.397 -2.501 3.42 -9.559 -2.501 2.5 -7.499 -6.501 6.428
5 24 2.5 -22.709 -44.54 2.5 -14.377 -44.675 2.5 -14.198 -46.256 2.034 -14.999 -38.538
2 24 -2.5 -2.501 9.57 -2.5 -0.001 9.57
5 24 7.059 -2.501 -2.5 7.5 -2.501 0 7.5 -17.292 0 7.5 -0.001 0
5 24 0 -17.325 0 7.059 -17.524 -2.5 7.5 -17.292 0 2.5 -17.856 -6.95
2 24 7.059 -0.001 2.5 7.5 -0.001 0
2 24 -5.881 -9.191 30 -4.924 -9.001 30
5 24 -1.539 -17.35 -60 -1.067 -11.315 -62.5 -0.396 -12.849 -66.182 -1.54 -10.42 -60
5 24 1.388 -7.965 25 1.388 -7.965 30 0.305 -9.588 25 3.011 -6.882 25
5 24 -10 -16.001 -49.923 -5 -16.704 -45 -5 -16.078 -50.092 -10 -18.501 -30
2 24 -7.059 -17.524 -2.5 -2.5 -17.856 -6.95
5 24 -3.567 -19.88 -62.5 3.567 -19.88 -62.5 -4.05 -20.281 -60 -3.105 -19.235 -65
2 24 -10 -18.501 -30 -10 -16.001 -30
2 24 -1.25 -20.023 5.674 -1.25 -18.501 30.038
5 24 -10 -6.501 -45 -7.5 -6.501 -41.82 -5 -6.501 -45 -9.397 -6.501 -3.42
5 24 2.5 -14.377 -44.675 7.5 -14.154 -46.295 2.5 -14.198 -46.256 2.034 -14.999 -38.538
2 24 1.388 -7.965 25 3.011 -6.882 25
2 24 0 -18.423 -10 2.5 -22.709 -44.54
5 24 0.396 -12.849 -66.182 1.539 -17.35 -60 1.067 -11.315 -62.5 0.384 -15.811 -66.183
5 24 4.924 -9.001 25 4.924 -9.001 30 3.967 -9.191 25 5.881 -9.191 25
2 24 5.881 -9.191 30 6.692 -9.733 30
5 24 -7.5 -2.501 0 -7.059 -17.06 2.5 -7.059 -2.501 2.5 -7.5 -17.292 0
5 24 1.737 -18.411 -9.848 2.5 -2.501 -9.57 1.737 -0.001 -9.848 5 -18.253 -8.66
2 24 -40 -18.501 10 -40 -16.001 10
2 24 -7.5 -15.374 22.5 -7.499 -16.791 6.428
5 24 -5 -6.501 -45 -2.5 -6.501 -41.82 -10 -6.501 -45 -5 -7.353 -50
2 24 -2.5 -7.353 -50 -2.5 -6.501 -41.82
2 24 -10 -6.501 0 -10 -6.501 25
5 24 2.034 -14.999 -38.538 7.5 -14.154 -46.295 2.5 -14.377 -44.675 7.5 -18.368 -10
5 24 -4.738 -22.677 -56.25 4.738 -22.677 -56.25 -4.05 -20.281 -60 -5 -24.361 -52.5
5 24 1.737 -18.411 -9.848 1.737 -0.001 -9.848 2.5 -2.501 -9.57 -1.737 -18.411 -9.848
2 24 40 -18.501 10 40 -16.001 10
5 24 9.559 -2.501 2.5 10 -0.001 0 9.559 -0.001 2.5 10 -6.501 0
2 24 -5 -25.501 -45 -5 -25.287 -48.75
2 24 5 -16.078 -50.092 5 -6.501 -45
2 24 7.059 -0.001 -2.5 9.559 -0.001 -2.5
2 24 6.692 -13.269 25 7.234 -12.458 25
5 24 7.234 -10.544 25 7.234 -10.544 30 6.692 -9.733 25 7.424 -11.501 25
5 24 9.559 -2.501 -2.5 10 -0.001 0 9.559 -0.001 -2.5 10 -6.501 0
2 24 -40 -18.501 30 -10 -18.501 20
5 24 -4.924 -11.501 25 -3.967 -13.811 25 -4.924 -14.001 25 -3.156 -13.269 25
2 24 -7.059 -2.501 -2.5 -2.5 -2.501 -6.95
5 24 2.56 -17.251 -69.576 2.56 -14.751 -69.576 2.5 -16.001 -70 2.766 -18.387 -67.5
5 24 -2.56 -17.251 -69.576 -2.56 -14.751 -69.576 -2.5 -16.001 -70 -2.766 -18.387 -67.5
5 24 -2.5 -2.501 -9.57 -1.736 -0.001 -9.848 -1.737 -18.411 -9.848 -2.5 -0.001 -9.57
5 24 4.05 -20.281 -60 4.05 -10.42 -60 3.567 -19.88 -62.5 4.738 -9.137 -56.25
5 24 5.881 -9.191 25 5.881 -9.191 30 6.692 -9.733 25 4.924 -9.001 25
5 24 -2.5 -2.501 6.95 -1.302 -2.501 7.386 -2.5 -16.762 6.95 -1.302 -0.001 7.386
5 24 -2.614 -10.544 30 -0.305 -9.588 30 -3.156 -9.733 30 -2.424 -11.501 30
5 24 2.56 -14.751 -69.576 2.766 -18.387 -67.5 2.56 -17.251 -69.576 3.105 -19.235 -65
5 24 3.567 -19.88 -62.5 4.05 -10.42 -60 4.05 -20.281 -60 3.567 -11.315 -62.5
5 24 0 -17.325 0 1.302 -17.922 -7.386 -1.302 -17.922 -7.386 2.5 -17.856 -6.95
2 24 40 -18.501 30 40 -16.001 30
2 24 -5 -16.704 -45 -4.548 -17.481 -38.668
2 24 -7.499 -16.791 6.428 -5 -16.67 8.66
2 24 -7.5 -6.501 -41.82 -2.5 -6.501 -41.82
2 24 -2.5 -7.353 -50 -2.237 -9.137 -56.25
5 24 1.737 -16.486 9.848 7.5 -15.374 22.5 -1.737 -16.486 9.848 5 -16.67 8.66
5 24 -3.156 -9.733 25 -3.156 -9.733 30 -2.614 -10.544 25 -3.967 -9.191 25
2 24 1.302 -16.728 7.386 2.5 -16.762 6.95
5 24 -7.499 -6.501 6.428 -5 -16.67 8.66 -5 -2.501 8.66 -7.499 -16.791 6.428
2 24 9.559 -2.501 2.5 9.559 -0.001 2.5
5 24 2.034 -14.999 -38.538 7.5 -18.368 -10 0 -18.423 -10 7.5 -14.154 -46.295
2 24 -5 -18.253 -8.66 -1.737 -18.411 -9.848
5 24 -7.5 -2.501 0 -7.5 -0.001 0 -7.059 -2.501 -2.5 -7.059 -2.501 2.5
5 24 -2.424 -11.501 30 0 -11.119 30 0 -11.501 30 -2.614 -10.544 30
5 24 -10 -6.501 0 -10 -0.001 0 -9.559 -2.501 2.5 -9.559 -2.501 -2.5
2 24 7.059 -17.06 2.5 7.5 -17.292 0
2 24 2.236 -20.282 -55.257 2.5 -21.618 -51.485
5 24 -7.5 -17.292 0 -7.5 -2.501 0 -7.059 -17.06 2.5 -7.059 -2.501 -2.5
5 24 0 -17.325 0 2.5 -17.856 -6.95 1.302 -17.922 -7.386 7.059 -17.524 -2.5
2 24 0.305 -9.588 30 1.388 -7.965 30
2 24 -9.559 -2.501 2.5 -9.397 -2.501 3.42
5 24 -5.881 -9.191 25 -5.881 -9.191 30 -4.924 -9.001 25 -6.692 -9.733 25
2 24 40 -18.501 10 40 -18.501 30
2 24 -2.5 -0.001 6.95 -2.5 -0.001 9.57
2 24 9.397 -6.501 3.42 10 -6.501 0
0
