0 Laser     |E:E|V:V
0 Name: laser.dat
0 Author: betatron
0 !LDRAW_ORG Unofficial_Part
0 BFC CERTIFY CCW
2 24 -1.25 -120 -2.165 -0.434 -120 -2.462
2 24 -2.5 -120 0 -2.349 -120 -0.855
2 24 -1.915 -120 1.607 -1.25 -120 2.165
2 24 -1.25 -120 0 -1.175 -120 -0.428
2 24 -0.625 -120 1.083 -0.217 -120 1.231
2 24 0.625 -120 1.083 0.958 -120 0.803
2 24 1.915 -120 -1.607 2.349 -120 -0.855
2 24 1.175 -120 0.428 1.25 -120 0
2 24 2.349 -120 0.855 2.5 -120 0
2 24 -1.175 -120 -0.428 -0.958 -120 -0.803
2 24 0.625 -120 -1.083 0.958 -120 -0.803
2 24 0.217 -120 1.231 0.625 -120 1.083
2 24 1.175 -120 -0.428 1.25 -120 0
2 24 0.958 -120 0.803 1.175 -120 0.428
2 24 0.217 -120 -1.231 0.625 -120 -1.083
2 24 -0.217 -120 1.231 0.217 -120 1.231
2 24 -2.5 -120 0 -2.349 -120 0.855
2 24 1.915 -120 1.607 2.349 -120 0.855
2 24 -0.958 -120 -0.803 -0.625 -120 -1.083
2 24 -0.434 -120 -2.462 0.434 -120 -2.462
2 24 -1.25 -120 0 -1.175 -120 0.428
2 24 0.958 -120 -0.803 1.175 -120 -0.428
2 24 1.25 -120 2.165 1.915 -120 1.607
2 24 -0.958 -120 0.803 -0.625 -120 1.083
2 24 0.434 -120 2.462 1.25 -120 2.165
2 24 -1.915 -120 -1.607 -1.25 -120 -2.165
2 24 1.25 -120 -2.165 1.915 -120 -1.607
2 24 0.434 -120 -2.462 1.25 -120 -2.165
2 24 -1.175 -120 0.428 -0.958 -120 0.803
2 24 -2.349 -120 0.855 -1.915 -120 1.607
2 24 2.349 -120 -0.855 2.5 -120 0
2 24 -2.349 -120 -0.855 -1.915 -120 -1.607
2 24 -1.25 -120 2.165 -0.434 -120 2.462
2 24 -0.434 -120 2.462 0.434 -120 2.462
2 24 -0.217 -120 -1.231 0.217 -120 -1.231
2 24 -0.625 -120 -1.083 -0.217 -120 -1.231
2 24 -1.175 -117.5 -0.428 -0.958 -117.5 -0.803
2 24 -0.217 -117.5 1.231 0.217 -117.5 1.231
2 24 -1.25 -117.5 0 -1.175 -117.5 0.428
2 24 -0.958 -117.5 -0.803 -0.625 -117.5 -1.083
2 24 0.958 -117.5 0.803 1.175 -117.5 0.428
2 24 0.958 -117.5 -0.803 1.175 -117.5 -0.428
2 24 1.175 -117.5 0.428 1.25 -117.5 0
2 24 1.175 -117.5 -0.428 1.25 -117.5 0
2 24 0.625 -117.5 1.083 0.958 -117.5 0.803
2 24 -0.625 -117.5 1.083 -0.217 -117.5 1.231
2 24 -0.625 -117.5 -1.083 -0.217 -117.5 -1.231
2 24 -0.958 -117.5 0.803 -0.625 -117.5 1.083
2 24 0.625 -117.5 -1.083 0.958 -117.5 -0.803
2 24 -0.217 -117.5 -1.231 0.217 -117.5 -1.231
2 24 -1.25 -117.5 0 -1.175 -117.5 -0.428
2 24 -1.175 -117.5 0.428 -0.958 -117.5 0.803
2 24 0.217 -117.5 1.231 0.625 -117.5 1.083
2 24 0.217 -117.5 -1.231 0.625 -117.5 -1.083
2 24 4.698 -48 1.71 5 -48 0
2 24 1.25 -48 -2.165 1.915 -48 -1.607
2 24 3.83 -48 -3.214 4.698 -48 -1.71
2 24 -0.868 -48 -4.924 0.868 -48 -4.924
2 24 0.868 -48 -4.924 2.5 -48 -4.33
2 24 -2.349 -48 0.855 -1.915 -48 1.607
2 24 -1.915 -48 -1.607 -1.25 -48 -2.165
2 24 0.434 -48 -2.462 1.25 -48 -2.165
2 24 2.349 -48 -0.855 2.5 -48 0
2 24 -3.83 -48 3.214 -2.5 -48 4.33
2 24 2.5 -48 -4.33 3.83 -48 -3.214
2 24 -2.349 -48 -0.855 -1.915 -48 -1.607
2 24 -0.434 -48 2.462 0.434 -48 2.462
2 24 -5 -48 0 -4.698 -48 -1.71
2 24 -4.698 -48 -1.71 -3.83 -48 -3.214
2 24 3.83 -48 3.214 4.698 -48 1.71
2 24 -2.5 -48 -4.33 -0.868 -48 -4.924
2 24 -2.5 -48 0 -2.349 -48 0.855
2 24 2.349 -48 0.855 2.5 -48 0
2 24 0.434 -48 2.462 1.25 -48 2.165
2 24 -2.5 -48 4.33 -0.868 -48 4.924
2 24 -1.25 -48 -2.165 -0.434 -48 -2.462
2 24 -0.434 -48 -2.462 0.434 -48 -2.462
2 24 0.868 -48 4.924 2.5 -48 4.33
2 24 1.25 -48 2.165 1.915 -48 1.607
2 24 -3.83 -48 -3.214 -2.5 -48 -4.33
2 24 -2.5 -48 0 -2.349 -48 -0.855
2 24 -1.25 -48 2.165 -0.434 -48 2.462
2 24 -4.698 -48 1.71 -3.83 -48 3.214
2 24 4.698 -48 -1.71 5 -48 0
2 24 -5 -48 0 -4.698 -48 1.71
2 24 2.5 -48 4.33 3.83 -48 3.214
2 24 -1.915 -48 1.607 -1.25 -48 2.165
2 24 1.915 -48 1.607 2.349 -48 0.855
2 24 -0.868 -48 4.924 0.868 -48 4.924
2 24 1.915 -48 -1.607 2.349 -48 -0.855
2 24 -2.5 -45.5 0 -2.349 -45.5 0.855
2 24 -1.25 -45.5 2.165 -0.434 -45.5 2.462
2 24 -5 -45.5 0 -4.698 -45.5 -1.71
2 24 -2.5 -45.5 4.33 -0.868 -45.5 4.924
2 24 -5 -45.5 0 -4.698 -45.5 1.71
2 24 -4.698 -45.5 -1.71 -3.83 -45.5 -3.214
2 24 -0.434 -45.5 -2.462 0.434 -45.5 -2.462
2 24 -4.698 -45.5 1.71 -3.83 -45.5 3.214
2 24 1.25 -45.5 -2.165 1.915 -45.5 -1.607
2 24 -0.868 -45.5 4.924 0.868 -45.5 4.924
2 24 -2.5 -45.5 0 -2.349 -45.5 -0.855
2 24 2.349 -45.5 0.855 2.5 -45.5 0
2 24 -2.5 -45.5 -4.33 -0.868 -45.5 -4.924
2 24 -2.349 -45.5 0.855 -1.915 -45.5 1.607
2 24 -2.349 -45.5 -0.855 -1.915 -45.5 -1.607
2 24 -1.25 -45.5 -2.165 -0.434 -45.5 -2.462
2 24 2.5 -45.5 4.33 3.83 -45.5 3.214
2 24 2.5 -45.5 -4.33 3.83 -45.5 -3.214
2 24 1.915 -45.5 -1.607 2.349 -45.5 -0.855
2 24 1.25 -45.5 2.165 1.915 -45.5 1.607
2 24 -3.83 -45.5 -3.214 -2.5 -45.5 -4.33
2 24 0.434 -45.5 2.462 1.25 -45.5 2.165
2 24 3.83 -45.5 -3.214 4.698 -45.5 -1.71
2 24 0.868 -45.5 4.924 2.5 -45.5 4.33
2 24 0.434 -45.5 -2.462 1.25 -45.5 -2.165
2 24 4.698 -45.5 1.71 5 -45.5 0
2 24 -0.868 -45.5 -4.924 0.868 -45.5 -4.924
2 24 1.915 -45.5 1.607 2.349 -45.5 0.855
2 24 -0.434 -45.5 2.462 0.434 -45.5 2.462
2 24 -3.83 -45.5 3.214 -2.5 -45.5 4.33
2 24 2.349 -45.5 -0.855 2.5 -45.5 0
2 24 3.83 -45.5 3.214 4.698 -45.5 1.71
2 24 0.868 -45.5 -4.924 2.5 -45.5 -4.33
2 24 -1.915 -45.5 -1.607 -1.25 -45.5 -2.165
2 24 4.698 -45.5 -1.71 5 -45.5 0
2 24 -1.915 -45.5 1.607 -1.25 -45.5 2.165
2 24 2.349 -43 -0.855 2.5 -43 0
2 24 -1.25 -43 -2.165 -0.434 -43 -2.462
2 24 -5 -43 0 -4.698 -43 1.71
2 24 3.83 -43 -3.214 4.698 -43 -1.71
2 24 -4.698 -43 1.71 -3.83 -43 3.214
2 24 -0.434 -43 2.462 0.434 -43 2.462
2 24 4.698 -43 -1.71 5 -43 0
2 24 -2.5 -43 -4.33 -0.868 -43 -4.924
2 24 -2.349 -43 0.855 -1.915 -43 1.607
2 24 -5 -43 0 -4.698 -43 -1.71
2 24 0.434 -43 2.462 1.25 -43 2.165
2 24 2.5 -43 4.33 3.83 -43 3.214
2 24 -3.83 -43 3.214 -2.5 -43 4.33
2 24 -3.83 -43 -3.214 -2.5 -43 -4.33
2 24 -0.868 -43 -4.924 0.868 -43 -4.924
2 24 -4.698 -43 -1.71 -3.83 -43 -3.214
2 24 1.915 -43 -1.607 2.349 -43 -0.855
2 24 -0.868 -43 4.924 0.868 -43 4.924
2 24 -2.5 -43 4.33 -0.868 -43 4.924
2 24 -2.349 -43 -0.855 -1.915 -43 -1.607
2 24 2.5 -43 -4.33 3.83 -43 -3.214
2 24 -0.434 -43 -2.462 0.434 -43 -2.462
2 24 0.868 -43 -4.924 2.5 -43 -4.33
2 24 -1.915 -43 1.607 -1.25 -43 2.165
2 24 2.349 -43 0.855 2.5 -43 0
2 24 1.25 -43 -2.165 1.915 -43 -1.607
2 24 -1.25 -43 2.165 -0.434 -43 2.462
2 24 0.868 -43 4.924 2.5 -43 4.33
2 24 4.698 -43 1.71 5 -43 0
2 24 0.434 -43 -2.462 1.25 -43 -2.165
2 24 -1.915 -43 -1.607 -1.25 -43 -2.165
2 24 -2.5 -43 0 -2.349 -43 -0.855
2 24 1.25 -43 2.165 1.915 -43 1.607
2 24 1.915 -43 1.607 2.349 -43 0.855
2 24 -2.5 -43 0 -2.349 -43 0.855
2 24 3.83 -43 3.214 4.698 -43 1.71
2 24 -2.5 -40.5 0 -2.349 -40.5 -0.855
2 24 -1.915 -40.5 1.607 -1.25 -40.5 2.165
2 24 2.349 -40.5 0.855 2.5 -40.5 0
2 24 -1.25 -40.5 -2.165 -0.434 -40.5 -2.462
2 24 -0.434 -40.5 2.462 0.434 -40.5 2.462
2 24 -0.434 -40.5 -2.462 0.434 -40.5 -2.462
2 24 3.83 -40.5 -3.214 4.698 -40.5 -1.71
2 24 -2.5 -40.5 0 -2.349 -40.5 0.855
2 24 -2.349 -40.5 0.855 -1.915 -40.5 1.607
2 24 1.25 -40.5 -2.165 1.915 -40.5 -1.607
2 24 -1.25 -40.5 2.165 -0.434 -40.5 2.462
2 24 -5 -40.5 0 -4.698 -40.5 -1.71
2 24 1.25 -40.5 2.165 1.915 -40.5 1.607
2 24 0.434 -40.5 2.462 1.25 -40.5 2.165
2 24 -2.5 -40.5 4.33 -0.868 -40.5 4.924
2 24 -5 -40.5 0 -4.698 -40.5 1.71
2 24 -3.83 -40.5 -3.214 -2.5 -40.5 -4.33
2 24 -1.915 -40.5 -1.607 -1.25 -40.5 -2.165
2 24 0.434 -40.5 -2.462 1.25 -40.5 -2.165
2 24 0.868 -40.5 -4.924 2.5 -40.5 -4.33
2 24 -4.698 -40.5 1.71 -3.83 -40.5 3.214
2 24 -4.698 -40.5 -1.71 -3.83 -40.5 -3.214
2 24 0.868 -40.5 4.924 2.5 -40.5 4.33
2 24 3.83 -40.5 3.214 4.698 -40.5 1.71
2 24 -2.5 -40.5 -4.33 -0.868 -40.5 -4.924
2 24 4.698 -40.5 -1.71 5 -40.5 0
2 24 2.349 -40.5 -0.855 2.5 -40.5 0
2 24 2.5 -40.5 4.33 3.83 -40.5 3.214
2 24 1.915 -40.5 1.607 2.349 -40.5 0.855
2 24 -0.868 -40.5 4.924 0.868 -40.5 4.924
2 24 -0.868 -40.5 -4.924 0.868 -40.5 -4.924
2 24 -2.349 -40.5 -0.855 -1.915 -40.5 -1.607
2 24 4.698 -40.5 1.71 5 -40.5 0
2 24 -3.83 -40.5 3.214 -2.5 -40.5 4.33
2 24 2.5 -40.5 -4.33 3.83 -40.5 -3.214
2 24 1.915 -40.5 -1.607 2.349 -40.5 -0.855
2 24 4.698 -38 1.71 5 -38 0
2 24 3.83 -38 3.214 4.698 -38 1.71
2 24 1.915 -38 1.607 2.349 -38 0.855
2 24 1.25 -38 -2.165 1.915 -38 -1.607
2 24 -5 -38 0 -4.698 -38 -1.71
2 24 -3.83 -38 3.214 -2.5 -38 4.33
2 24 -1.915 -38 1.607 -1.25 -38 2.165
2 24 0.868 -38 -4.924 2.5 -38 -4.33
2 24 -1.915 -38 -1.607 -1.25 -38 -2.165
2 24 0.434 -38 2.462 1.25 -38 2.165
2 24 -0.434 -38 2.462 0.434 -38 2.462
2 24 -1.25 -38 2.165 -0.434 -38 2.462
2 24 -2.5 -38 4.33 -0.868 -38 4.924
2 24 -3.83 -38 -3.214 -2.5 -38 -4.33
2 24 0.434 -38 -2.462 1.25 -38 -2.165
2 24 4.698 -38 -1.71 5 -38 0
2 24 -2.5 -38 -4.33 -0.868 -38 -4.924
2 24 2.349 -38 0.855 2.5 -38 0
2 24 2.5 -38 -4.33 3.83 -38 -3.214
2 24 3.83 -38 -3.214 4.698 -38 -1.71
2 24 -1.25 -38 -2.165 -0.434 -38 -2.462
2 24 -2.349 -38 0.855 -1.915 -38 1.607
2 24 1.25 -38 2.165 1.915 -38 1.607
2 24 -2.5 -38 0 -2.349 -38 0.855
2 24 -4.698 -38 -1.71 -3.83 -38 -3.214
2 24 2.349 -38 -0.855 2.5 -38 0
2 24 0.868 -38 4.924 2.5 -38 4.33
2 24 -5 -38 0 -4.698 -38 1.71
2 24 -0.434 -38 -2.462 0.434 -38 -2.462
2 24 -2.349 -38 -0.855 -1.915 -38 -1.607
2 24 -2.5 -38 0 -2.349 -38 -0.855
2 24 -4.698 -38 1.71 -3.83 -38 3.214
2 24 2.5 -38 4.33 3.83 -38 3.214
2 24 -0.868 -38 4.924 0.868 -38 4.924
2 24 1.915 -38 -1.607 2.349 -38 -0.855
2 24 -0.868 -38 -4.924 0.868 -38 -4.924
2 24 -3.83 -35.5 -3.214 -2.5 -35.5 -4.33
2 24 -2.349 -35.5 -0.855 -1.915 -35.5 -1.607
2 24 -2.5 -35.5 0 -2.349 -35.5 0.855
2 24 -4.698 -35.5 -1.71 -3.83 -35.5 -3.214
2 24 -0.434 -35.5 2.462 0.434 -35.5 2.462
2 24 -1.25 -35.5 -2.165 -0.434 -35.5 -2.462
2 24 -4.698 -35.5 1.71 -3.83 -35.5 3.214
2 24 -1.915 -35.5 -1.607 -1.25 -35.5 -2.165
2 24 4.698 -35.5 1.71 5 -35.5 0
2 24 -5 -35.5 0 -4.698 -35.5 1.71
2 24 -2.5 -35.5 0 -2.349 -35.5 -0.855
2 24 1.915 -35.5 1.607 2.349 -35.5 0.855
2 24 2.349 -35.5 0.855 2.5 -35.5 0
2 24 -0.868 -35.5 -4.924 0.868 -35.5 -4.924
2 24 -0.868 -35.5 4.924 0.868 -35.5 4.924
2 24 -2.5 -35.5 -4.33 -0.868 -35.5 -4.924
2 24 2.349 -35.5 -0.855 2.5 -35.5 0
2 24 -1.915 -35.5 1.607 -1.25 -35.5 2.165
2 24 1.915 -35.5 -1.607 2.349 -35.5 -0.855
2 24 0.868 -35.5 4.924 2.5 -35.5 4.33
2 24 0.434 -35.5 2.462 1.25 -35.5 2.165
2 24 -0.434 -35.5 -2.462 0.434 -35.5 -2.462
2 24 1.25 -35.5 -2.165 1.915 -35.5 -1.607
2 24 2.5 -35.5 -4.33 3.83 -35.5 -3.214
2 24 1.25 -35.5 2.165 1.915 -35.5 1.607
2 24 -2.5 -35.5 4.33 -0.868 -35.5 4.924
2 24 4.698 -35.5 -1.71 5 -35.5 0
2 24 -3.83 -35.5 3.214 -2.5 -35.5 4.33
2 24 -5 -35.5 0 -4.698 -35.5 -1.71
2 24 -1.25 -35.5 2.165 -0.434 -35.5 2.462
2 24 3.83 -35.5 -3.214 4.698 -35.5 -1.71
2 24 -2.349 -35.5 0.855 -1.915 -35.5 1.607
2 24 0.868 -35.5 -4.924 2.5 -35.5 -4.33
2 24 2.5 -35.5 4.33 3.83 -35.5 3.214
2 24 0.434 -35.5 -2.462 1.25 -35.5 -2.165
2 24 3.83 -35.5 3.214 4.698 -35.5 1.71
2 24 -3.83 -33 3.214 -2.5 -33 4.33
2 24 -2.5 -33 -4.33 -0.868 -33 -4.924
2 24 -4.698 -33 1.71 -3.83 -33 3.214
2 24 1.915 -33 1.607 2.349 -33 0.855
2 24 4.698 -33 1.71 5 -33 0
2 24 -2.5 -33 0 -2.349 -33 0.855
2 24 3.83 -33 3.214 4.698 -33 1.71
2 24 4.698 -33 -1.71 5 -33 0
2 24 1.25 -33 -2.165 1.915 -33 -1.607
2 24 -5 -33 0 -4.698 -33 -1.71
2 24 -2.5 -33 0 -2.349 -33 -0.855
2 24 -2.349 -33 0.855 -1.915 -33 1.607
2 24 -0.434 -33 -2.462 0.434 -33 -2.462
2 24 3.83 -33 -3.214 4.698 -33 -1.71
2 24 2.349 -33 -0.855 2.5 -33 0
2 24 -0.868 -33 4.924 0.868 -33 4.924
2 24 -1.25 -33 2.165 -0.434 -33 2.462
2 24 -5 -33 0 -4.698 -33 1.71
2 24 -0.868 -33 -4.924 0.868 -33 -4.924
2 24 1.25 -33 2.165 1.915 -33 1.607
2 24 -0.434 -33 2.462 0.434 -33 2.462
2 24 -3.83 -33 -3.214 -2.5 -33 -4.33
2 24 -2.349 -33 -0.855 -1.915 -33 -1.607
2 24 2.5 -33 4.33 3.83 -33 3.214
2 24 0.434 -33 -2.462 1.25 -33 -2.165
2 24 2.5 -33 -4.33 3.83 -33 -3.214
2 24 -1.915 -33 -1.607 -1.25 -33 -2.165
2 24 -1.915 -33 1.607 -1.25 -33 2.165
2 24 -1.25 -33 -2.165 -0.434 -33 -2.462
2 24 0.868 -33 -4.924 2.5 -33 -4.33
2 24 2.349 -33 0.855 2.5 -33 0
2 24 0.434 -33 2.462 1.25 -33 2.165
2 24 1.915 -33 -1.607 2.349 -33 -0.855
2 24 -2.5 -33 4.33 -0.868 -33 4.924
2 24 0.868 -33 4.924 2.5 -33 4.33
2 24 -4.698 -33 -1.71 -3.83 -33 -3.214
2 24 -3.83 -5 3.214 -2.5 -5 4.33
2 24 0 -5 2.5 0.957 -5 2.31
2 24 1.768 -5 1.768 2.31 -5 0.957
2 24 -2.5 -5 -4.33 -0.868 -5 -4.924
2 24 3.83 -5 3.214 4.698 -5 1.71
2 24 0.957 -5 -2.31 1.768 -5 -1.768
2 24 4.698 -5 1.71 5 -5 0
2 24 0 -5 -2.5 0.957 -5 -2.31
2 24 -5 -5 0 -4.698 -5 -1.71
2 24 4.698 -5 -1.71 5 -5 0
2 24 -0.957 -5 2.31 0 -5 2.5
2 24 0.868 -5 4.924 2.5 -5 4.33
2 24 -2.5 -5 0 -2.31 -5 0.957
2 24 -2.31 -5 -0.957 -1.768 -5 -1.768
2 24 -0.868 -5 -4.924 0.868 -5 -4.924
2 24 -0.957 -5 -2.31 0 -5 -2.5
2 24 -1.768 -5 -1.768 -0.957 -5 -2.31
2 24 1.768 -5 -1.768 2.31 -5 -0.957
2 24 -5 -5 0 -4.698 -5 1.71
2 24 -3.83 -5 -3.214 -2.5 -5 -4.33
2 24 0.868 -5 -4.924 2.5 -5 -4.33
2 24 2.5 -5 -4.33 3.83 -5 -3.214
2 24 -4.698 -5 -1.71 -3.83 -5 -3.214
2 24 3.83 -5 -3.214 4.698 -5 -1.71
2 24 -4.698 -5 1.71 -3.83 -5 3.214
2 24 2.31 -5 -0.957 2.5 -5 0
2 24 -2.5 -5 0 -2.31 -5 -0.957
2 24 -2.5 -5 4.33 -0.868 -5 4.924
2 24 2.31 -5 0.957 2.5 -5 0
2 24 2.5 -5 4.33 3.83 -5 3.214
2 24 -2.31 -5 0.957 -1.768 -5 1.768
2 24 -0.868 -5 4.924 0.868 -5 4.924
2 24 -1.768 -5 1.768 -0.957 -5 2.31
2 24 0.957 -5 2.31 1.768 -5 1.768
2 24 0 0 2.5 0.957 0 2.31
2 24 -0.957 0 2.31 0 0 2.5
2 24 0.957 0 2.31 1.768 0 1.768
2 24 -1.768 0 1.768 -0.957 0 2.31
2 24 1.768 0 1.768 2.31 0 0.957
2 24 -2.31 0 0.957 -1.768 0 1.768
2 24 2.31 0 0.957 2.5 0 0
2 24 -2.5 0 0 -2.31 0 0.957
2 24 2.31 0 -0.957 2.5 0 0
2 24 -2.5 0 0 -2.31 0 -0.957
2 24 1.768 0 -1.768 2.31 0 -0.957
2 24 -2.31 0 -0.957 -1.768 0 -1.768
2 24 -1.768 0 -1.768 -0.957 0 -2.31
2 24 0.957 0 -2.31 1.768 0 -1.768
2 24 0 0 -2.5 0.957 0 -2.31
2 24 -0.957 0 -2.31 0 0 -2.5
3 16 -1.915 -120 -1.607 -0.625 -120 -1.083 -0.958 -120 -0.803
3 16 -1.915 -120 -1.607 -1.25 -120 -2.165 -0.625 -120 -1.083
3 16 -2.349 -120 -0.855 -0.958 -120 -0.803 -1.175 -120 -0.428
3 16 -2.349 -120 -0.855 -1.915 -120 -1.607 -0.958 -120 -0.803
3 16 -1.25 -120 -2.165 -0.217 -120 -1.231 -0.625 -120 -1.083
3 16 -0.434 -120 -2.462 0.434 -120 -2.462 0.217 -120 -1.231
3 16 0.434 -120 -2.462 0.625 -120 -1.083 0.217 -120 -1.231
3 16 -1.25 -120 -2.165 -0.434 -120 -2.462 -0.217 -120 -1.231
3 16 -0.434 -120 -2.462 0.217 -120 -1.231 -0.217 -120 -1.231
3 16 -1.25 -120 2.165 -1.915 -120 1.607 -0.958 -120 0.803
3 16 -1.915 -120 1.607 -1.175 -120 0.428 -0.958 -120 0.803
3 16 -0.434 -120 2.462 -1.25 -120 2.165 -0.625 -120 1.083
3 16 -1.25 -120 2.165 -0.958 -120 0.803 -0.625 -120 1.083
3 16 -1.915 -120 1.607 -2.349 -120 0.855 -1.175 -120 0.428
3 16 -2.5 -120 0 -1.175 -120 -0.428 -1.25 -120 0
3 16 -2.5 -120 0 -2.349 -120 -0.855 -1.175 -120 -0.428
3 16 -2.349 -120 0.855 -1.25 -120 0 -1.175 -120 0.428
3 16 -2.349 -120 0.855 -2.5 -120 0 -1.25 -120 0
3 16 1.25 -120 2.165 0.217 -120 1.231 0.625 -120 1.083
3 16 1.915 -120 1.607 1.25 -120 2.165 0.625 -120 1.083
3 16 0.434 -120 2.462 -0.217 -120 1.231 0.217 -120 1.231
3 16 1.25 -120 2.165 0.434 -120 2.462 0.217 -120 1.231
3 16 1.915 -120 1.607 0.625 -120 1.083 0.958 -120 0.803
3 16 2.5 -120 0 2.349 -120 0.855 1.175 -120 0.428
3 16 2.5 -120 0 1.175 -120 0.428 1.25 -120 0
3 16 2.349 -120 0.855 1.915 -120 1.607 0.958 -120 0.803
3 16 2.349 -120 0.855 0.958 -120 0.803 1.175 -120 0.428
3 16 1.25 -120 -2.165 1.915 -120 -1.607 0.958 -120 -0.803
3 16 1.915 -120 -1.607 1.175 -120 -0.428 0.958 -120 -0.803
3 16 0.434 -120 -2.462 1.25 -120 -2.165 0.625 -120 -1.083
3 16 1.25 -120 -2.165 0.958 -120 -0.803 0.625 -120 -1.083
3 16 1.915 -120 -1.607 2.349 -120 -0.855 1.175 -120 -0.428
3 16 -0.434 -120 2.462 -0.625 -120 1.083 -0.217 -120 1.231
3 16 0.434 -120 2.462 -0.434 -120 2.462 -0.217 -120 1.231
3 16 2.349 -120 -0.855 1.25 -120 0 1.175 -120 -0.428
3 16 2.349 -120 -0.855 2.5 -120 0 1.25 -120 0
3 16 0.625 -120 1.083 0.217 -120 1.231 0.217 -117.5 1.231
3 16 0.217 -120 1.231 -0.217 -120 1.231 -0.217 -117.5 1.231
3 16 0.958 -120 0.803 0.625 -120 1.083 0.625 -117.5 1.083
3 16 1.25 -120 0 1.175 -120 0.428 1.175 -117.5 0.428
3 16 1.175 -120 0.428 0.958 -120 0.803 0.958 -117.5 0.803
3 16 -0.217 -120 1.231 -0.625 -120 1.083 -0.625 -117.5 1.083
3 16 -1.25 -120 0 -1.175 -120 -0.428 -1.175 -117.5 -0.428
3 16 -1.175 -120 -0.428 -0.958 -120 -0.803 -0.958 -117.5 -0.803
3 16 -1.175 -120 0.428 -1.25 -120 0 -1.25 -117.5 0
3 16 -0.625 -120 1.083 -0.958 -120 0.803 -0.958 -117.5 0.803
3 16 -0.958 -120 0.803 -1.175 -120 0.428 -1.175 -117.5 0.428
3 16 -0.217 -120 -1.231 0.217 -120 -1.231 0.217 -117.5 -1.231
3 16 0.958 -120 -0.803 1.175 -120 -0.428 1.175 -117.5 -0.428
3 16 0.217 -120 -1.231 0.625 -120 -1.083 0.625 -117.5 -1.083
3 16 0.625 -120 -1.083 0.958 -120 -0.803 0.958 -117.5 -0.803
3 16 1.175 -120 -0.428 1.25 -120 0 1.25 -117.5 0
3 16 -0.958 -120 -0.803 -0.625 -120 -1.083 -0.625 -117.5 -1.083
3 16 -0.625 -120 -1.083 -0.217 -120 -1.231 -0.217 -117.5 -1.231
3 16 0.217 -117.5 -1.231 -0.217 -117.5 -1.231 -0.217 -120 -1.231
3 16 -1.175 -117.5 0.428 -0.958 -117.5 0.803 -0.958 -120 0.803
3 16 -0.958 -117.5 -0.803 -1.175 -117.5 -0.428 -1.175 -120 -0.428
3 16 -0.625 -117.5 -1.083 -0.958 -117.5 -0.803 -0.958 -120 -0.803
3 16 -1.175 -117.5 -0.428 -1.25 -117.5 0 -1.25 -120 0
3 16 -0.217 -117.5 -1.231 -0.625 -117.5 -1.083 -0.625 -120 -1.083
3 16 -1.25 -117.5 0 -1.175 -117.5 0.428 -1.175 -120 0.428
3 16 1.175 -117.5 -0.428 0.958 -117.5 -0.803 0.958 -120 -0.803
3 16 0.625 -117.5 1.083 0.958 -117.5 0.803 0.958 -120 0.803
3 16 0.958 -117.5 0.803 1.175 -117.5 0.428 1.175 -120 0.428
3 16 1.25 -117.5 0 1.175 -117.5 -0.428 1.175 -120 -0.428
3 16 1.175 -117.5 0.428 1.25 -117.5 0 1.25 -120 0
3 16 0.217 -117.5 1.231 0.625 -117.5 1.083 0.625 -120 1.083
3 16 0.625 -117.5 -1.083 0.217 -117.5 -1.231 0.217 -120 -1.231
3 16 -0.958 -117.5 0.803 -0.625 -117.5 1.083 -0.625 -120 1.083
3 16 -0.625 -117.5 1.083 -0.217 -117.5 1.231 -0.217 -120 1.231
3 16 0.958 -117.5 -0.803 0.625 -117.5 -1.083 0.625 -120 -1.083
3 16 -0.217 -117.5 1.231 0.217 -117.5 1.231 0.217 -120 1.231
3 16 0 -117.5 0 -0.217 -117.5 1.231 -0.625 -117.5 1.083
3 16 0 -117.5 0 -0.625 -117.5 1.083 -0.958 -117.5 0.803
3 16 0 -117.5 0 -0.958 -117.5 0.803 -1.175 -117.5 0.428
3 16 0 -117.5 0 0.217 -117.5 1.231 -0.217 -117.5 1.231
3 16 0 -117.5 0 1.175 -117.5 0.428 0.958 -117.5 0.803
3 16 0 -117.5 0 0.958 -117.5 0.803 0.625 -117.5 1.083
3 16 0 -117.5 0 0.625 -117.5 1.083 0.217 -117.5 1.231
3 16 0 -117.5 0 -0.625 -117.5 -1.083 -0.217 -117.5 -1.231
3 16 0 -117.5 0 -0.217 -117.5 -1.231 0.217 -117.5 -1.231
3 16 0 -117.5 0 0.217 -117.5 -1.231 0.625 -117.5 -1.083
3 16 0 -117.5 0 -0.958 -117.5 -0.803 -0.625 -117.5 -1.083
3 16 0 -117.5 0 -1.175 -117.5 0.428 -1.25 -117.5 0
3 16 0 -117.5 0 -1.25 -117.5 0 -1.175 -117.5 -0.428
3 16 0 -117.5 0 -1.175 -117.5 -0.428 -0.958 -117.5 -0.803
3 16 0 -117.5 0 1.25 -117.5 0 1.175 -117.5 0.428
3 16 0 -117.5 0 1.175 -117.5 -0.428 1.25 -117.5 0
3 16 0 -117.5 0 0.958 -117.5 -0.803 1.175 -117.5 -0.428
3 16 0 -117.5 0 0.625 -117.5 -1.083 0.958 -117.5 -0.803
3 16 0.434 -48 -2.462 1.25 -120 -2.165 0.434 -120 -2.462
3 16 -0.434 -48 -2.462 0.434 -120 -2.462 -0.434 -120 -2.462
3 16 1.25 -48 -2.165 1.915 -120 -1.607 1.25 -120 -2.165
3 16 2.349 -48 -0.855 2.5 -120 0 2.349 -120 -0.855
3 16 1.915 -48 -1.607 2.349 -120 -0.855 1.915 -120 -1.607
3 16 -1.25 -48 -2.165 -0.434 -120 -2.462 -1.25 -120 -2.165
3 16 -2.349 -48 0.855 -2.5 -120 0 -2.349 -120 0.855
3 16 -1.915 -48 1.607 -2.349 -120 0.855 -1.915 -120 1.607
3 16 -2.5 -48 0 -2.349 -120 -0.855 -2.5 -120 0
3 16 -1.915 -48 -1.607 -1.25 -120 -2.165 -1.915 -120 -1.607
3 16 -2.349 -48 -0.855 -1.915 -120 -1.607 -2.349 -120 -0.855
3 16 0.434 -48 2.462 -0.434 -120 2.462 0.434 -120 2.462
3 16 1.915 -48 1.607 1.25 -120 2.165 1.915 -120 1.607
3 16 2.349 -48 0.855 1.915 -120 1.607 2.349 -120 0.855
3 16 2.5 -48 0 2.349 -120 0.855 2.5 -120 0
3 16 1.25 -48 2.165 0.434 -120 2.462 1.25 -120 2.165
3 16 -1.25 -48 2.165 -1.915 -120 1.607 -1.25 -120 2.165
3 16 -0.434 -48 2.462 -1.25 -120 2.165 -0.434 -120 2.462
3 16 -0.434 -48 -2.462 0.434 -48 -2.462 0.434 -120 -2.462
3 16 1.25 -48 2.165 0.434 -48 2.462 0.434 -120 2.462
3 16 0.434 -48 -2.462 1.25 -48 -2.165 1.25 -120 -2.165
3 16 2.349 -48 -0.855 2.5 -48 0 2.5 -120 0
3 16 1.915 -48 -1.607 2.349 -48 -0.855 2.349 -120 -0.855
3 16 1.25 -48 -2.165 1.915 -48 -1.607 1.915 -120 -1.607
3 16 0.434 -48 2.462 -0.434 -48 2.462 -0.434 -120 2.462
3 16 -1.25 -48 -2.165 -0.434 -48 -2.462 -0.434 -120 -2.462
3 16 2.5 -48 0 2.349 -48 0.855 2.349 -120 0.855
3 16 -2.349 -48 0.855 -2.5 -48 0 -2.5 -120 0
3 16 -1.915 -48 1.607 -2.349 -48 0.855 -2.349 -120 0.855
3 16 -1.25 -48 2.165 -1.915 -48 1.607 -1.915 -120 1.607
3 16 -0.434 -48 2.462 -1.25 -48 2.165 -1.25 -120 2.165
3 16 -1.915 -48 -1.607 -1.25 -48 -2.165 -1.25 -120 -2.165
3 16 1.915 -48 1.607 1.25 -48 2.165 1.25 -120 2.165
3 16 -2.349 -48 -0.855 -1.915 -48 -1.607 -1.915 -120 -1.607
3 16 -2.5 -48 0 -2.349 -48 -0.855 -2.349 -120 -0.855
3 16 2.349 -48 0.855 1.915 -48 1.607 1.915 -120 1.607
3 16 -0.868 -48 4.924 -2.5 -48 4.33 -1.25 -48 2.165
3 16 -1.915 -48 1.607 -1.25 -48 2.165 -2.5 -48 4.33
3 16 0.868 -48 4.924 -0.868 -48 4.924 -0.434 -48 2.462
3 16 -1.25 -48 2.165 -0.434 -48 2.462 -0.868 -48 4.924
3 16 -2.5 -48 4.33 -3.83 -48 3.214 -1.915 -48 1.607
3 16 -2.5 -48 0 -2.349 -48 0.855 -4.698 -48 1.71
3 16 -4.698 -48 1.71 -5 -48 0 -2.5 -48 0
3 16 -2.349 -48 0.855 -1.915 -48 1.607 -3.83 -48 3.214
3 16 -3.83 -48 3.214 -4.698 -48 1.71 -2.349 -48 0.855
3 16 1.915 -48 1.607 2.349 -48 0.855 4.698 -48 1.71
3 16 4.698 -48 1.71 3.83 -48 3.214 1.915 -48 1.607
3 16 2.349 -48 0.855 2.5 -48 0 5 -48 0
3 16 5 -48 0 4.698 -48 1.71 2.349 -48 0.855
3 16 1.25 -48 2.165 1.915 -48 1.607 3.83 -48 3.214
3 16 2.5 -48 4.33 0.868 -48 4.924 0.434 -48 2.462
3 16 -0.434 -48 2.462 0.434 -48 2.462 0.868 -48 4.924
3 16 3.83 -48 3.214 2.5 -48 4.33 1.25 -48 2.165
3 16 0.434 -48 2.462 1.25 -48 2.165 2.5 -48 4.33
3 16 0.868 -48 -4.924 2.5 -48 -4.33 1.25 -48 -2.165
3 16 1.915 -48 -1.607 1.25 -48 -2.165 2.5 -48 -4.33
3 16 -0.868 -48 -4.924 0.868 -48 -4.924 0.434 -48 -2.462
3 16 1.25 -48 -2.165 0.434 -48 -2.462 0.868 -48 -4.924
3 16 2.5 -48 -4.33 3.83 -48 -3.214 1.915 -48 -1.607
3 16 2.5 -48 0 2.349 -48 -0.855 4.698 -48 -1.71
3 16 4.698 -48 -1.71 5 -48 0 2.5 -48 0
3 16 2.349 -48 -0.855 1.915 -48 -1.607 3.83 -48 -3.214
3 16 3.83 -48 -3.214 4.698 -48 -1.71 2.349 -48 -0.855
3 16 -1.915 -48 -1.607 -2.349 -48 -0.855 -4.698 -48 -1.71
3 16 -4.698 -48 -1.71 -3.83 -48 -3.214 -1.915 -48 -1.607
3 16 -2.349 -48 -0.855 -2.5 -48 0 -5 -48 0
3 16 -5 -48 0 -4.698 -48 -1.71 -2.349 -48 -0.855
3 16 -1.25 -48 -2.165 -1.915 -48 -1.607 -3.83 -48 -3.214
3 16 -2.5 -48 -4.33 -0.868 -48 -4.924 -0.434 -48 -2.462
3 16 0.434 -48 -2.462 -0.434 -48 -2.462 -0.868 -48 -4.924
3 16 -3.83 -48 -3.214 -2.5 -48 -4.33 -1.25 -48 -2.165
3 16 -0.434 -48 -2.462 -1.25 -48 -2.165 -2.5 -48 -4.33
3 16 0.868 -45.5 -4.924 2.5 -48 -4.33 0.868 -48 -4.924
3 16 -4.698 -45.5 1.71 -5 -48 0 -4.698 -48 1.71
3 16 -3.83 -45.5 3.214 -4.698 -48 1.71 -3.83 -48 3.214
3 16 2.5 -45.5 -4.33 3.83 -48 -3.214 2.5 -48 -4.33
3 16 -2.5 -45.5 4.33 -3.83 -48 3.214 -2.5 -48 4.33
3 16 -3.83 -45.5 -3.214 -2.5 -48 -4.33 -3.83 -48 -3.214
3 16 -2.5 -45.5 -4.33 -0.868 -48 -4.924 -2.5 -48 -4.33
3 16 -4.698 -45.5 -1.71 -3.83 -48 -3.214 -4.698 -48 -1.71
3 16 -5 -45.5 0 -4.698 -48 -1.71 -5 -48 0
3 16 -0.868 -45.5 -4.924 0.868 -48 -4.924 -0.868 -48 -4.924
3 16 -0.868 -45.5 4.924 -2.5 -48 4.33 -0.868 -48 4.924
3 16 4.698 -45.5 1.71 3.83 -48 3.214 4.698 -48 1.71
3 16 2.5 -45.5 4.33 0.868 -48 4.924 2.5 -48 4.33
3 16 4.698 -45.5 -1.71 5 -48 0 4.698 -48 -1.71
3 16 3.83 -45.5 3.214 2.5 -48 4.33 3.83 -48 3.214
3 16 0.868 -45.5 4.924 -0.868 -48 4.924 0.868 -48 4.924
3 16 5 -45.5 0 4.698 -48 1.71 5 -48 0
3 16 3.83 -45.5 -3.214 4.698 -48 -1.71 3.83 -48 -3.214
3 16 -2.5 -45.5 -4.33 -0.868 -45.5 -4.924 -0.868 -48 -4.924
3 16 4.698 -45.5 -1.71 5 -45.5 0 5 -48 0
3 16 0.868 -45.5 -4.924 2.5 -45.5 -4.33 2.5 -48 -4.33
3 16 2.5 -45.5 -4.33 3.83 -45.5 -3.214 3.83 -48 -3.214
3 16 -0.868 -45.5 -4.924 0.868 -45.5 -4.924 0.868 -48 -4.924
3 16 3.83 -45.5 -3.214 4.698 -45.5 -1.71 4.698 -48 -1.71
3 16 2.5 -45.5 4.33 0.868 -45.5 4.924 0.868 -48 4.924
3 16 0.868 -45.5 4.924 -0.868 -45.5 4.924 -0.868 -48 4.924
3 16 -0.868 -45.5 4.924 -2.5 -45.5 4.33 -2.5 -48 4.33
3 16 5 -45.5 0 4.698 -45.5 1.71 4.698 -48 1.71
3 16 4.698 -45.5 1.71 3.83 -45.5 3.214 3.83 -48 3.214
3 16 3.83 -45.5 3.214 2.5 -45.5 4.33 2.5 -48 4.33
3 16 -5 -45.5 0 -4.698 -45.5 -1.71 -4.698 -48 -1.71
3 16 -4.698 -45.5 -1.71 -3.83 -45.5 -3.214 -3.83 -48 -3.214
3 16 -3.83 -45.5 -3.214 -2.5 -45.5 -4.33 -2.5 -48 -4.33
3 16 -2.5 -45.5 4.33 -3.83 -45.5 3.214 -3.83 -48 3.214
3 16 -3.83 -45.5 3.214 -4.698 -45.5 1.71 -4.698 -48 1.71
3 16 -4.698 -45.5 1.71 -5 -45.5 0 -5 -48 0
3 16 -2.5 -45.5 4.33 -0.868 -45.5 4.924 -0.434 -45.5 2.462
3 16 -1.25 -45.5 2.165 -1.915 -45.5 1.607 -3.83 -45.5 3.214
3 16 -0.868 -45.5 4.924 0.868 -45.5 4.924 0.434 -45.5 2.462
3 16 -0.434 -45.5 2.462 -1.25 -45.5 2.165 -2.5 -45.5 4.33
3 16 -3.83 -45.5 3.214 -2.5 -45.5 4.33 -1.25 -45.5 2.165
3 16 -2.349 -45.5 0.855 -2.5 -45.5 0 -5 -45.5 0
3 16 -5 -45.5 0 -4.698 -45.5 1.71 -2.349 -45.5 0.855
3 16 -1.915 -45.5 1.607 -2.349 -45.5 0.855 -4.698 -45.5 1.71
3 16 -4.698 -45.5 1.71 -3.83 -45.5 3.214 -1.915 -45.5 1.607
3 16 2.349 -45.5 0.855 1.915 -45.5 1.607 3.83 -45.5 3.214
3 16 3.83 -45.5 3.214 4.698 -45.5 1.71 2.349 -45.5 0.855
3 16 2.5 -45.5 0 2.349 -45.5 0.855 4.698 -45.5 1.71
3 16 4.698 -45.5 1.71 5 -45.5 0 2.5 -45.5 0
3 16 1.915 -45.5 1.607 1.25 -45.5 2.165 2.5 -45.5 4.33
3 16 0.868 -45.5 4.924 2.5 -45.5 4.33 1.25 -45.5 2.165
3 16 0.434 -45.5 2.462 -0.434 -45.5 2.462 -0.868 -45.5 4.924
3 16 2.5 -45.5 4.33 3.83 -45.5 3.214 1.915 -45.5 1.607
3 16 1.25 -45.5 2.165 0.434 -45.5 2.462 0.868 -45.5 4.924
3 16 2.5 -45.5 -4.33 0.868 -45.5 -4.924 0.434 -45.5 -2.462
3 16 1.25 -45.5 -2.165 1.915 -45.5 -1.607 3.83 -45.5 -3.214
3 16 0.868 -45.5 -4.924 -0.868 -45.5 -4.924 -0.434 -45.5 -2.462
3 16 0.434 -45.5 -2.462 1.25 -45.5 -2.165 2.5 -45.5 -4.33
3 16 3.83 -45.5 -3.214 2.5 -45.5 -4.33 1.25 -45.5 -2.165
3 16 2.349 -45.5 -0.855 2.5 -45.5 0 5 -45.5 0
3 16 5 -45.5 0 4.698 -45.5 -1.71 2.349 -45.5 -0.855
3 16 1.915 -45.5 -1.607 2.349 -45.5 -0.855 4.698 -45.5 -1.71
3 16 4.698 -45.5 -1.71 3.83 -45.5 -3.214 1.915 -45.5 -1.607
3 16 -2.349 -45.5 -0.855 -1.915 -45.5 -1.607 -3.83 -45.5 -3.214
3 16 -3.83 -45.5 -3.214 -4.698 -45.5 -1.71 -2.349 -45.5 -0.855
3 16 -2.5 -45.5 0 -2.349 -45.5 -0.855 -4.698 -45.5 -1.71
3 16 -4.698 -45.5 -1.71 -5 -45.5 0 -2.5 -45.5 0
3 16 -1.915 -45.5 -1.607 -1.25 -45.5 -2.165 -2.5 -45.5 -4.33
3 16 -0.868 -45.5 -4.924 -2.5 -45.5 -4.33 -1.25 -45.5 -2.165
3 16 -0.434 -45.5 -2.462 0.434 -45.5 -2.462 0.868 -45.5 -4.924
3 16 -2.5 -45.5 -4.33 -3.83 -45.5 -3.214 -1.915 -45.5 -1.607
3 16 -1.25 -45.5 -2.165 -0.434 -45.5 -2.462 -0.868 -45.5 -4.924
3 16 -2.5 -43 0 -2.349 -45.5 -0.855 -2.5 -45.5 0
3 16 1.915 -43 -1.607 2.349 -45.5 -0.855 1.915 -45.5 -1.607
3 16 2.349 -43 -0.855 2.5 -45.5 0 2.349 -45.5 -0.855
3 16 -1.915 -43 1.607 -2.349 -45.5 0.855 -1.915 -45.5 1.607
3 16 -2.349 -43 0.855 -2.5 -45.5 0 -2.349 -45.5 0.855
3 16 1.25 -43 -2.165 1.915 -45.5 -1.607 1.25 -45.5 -2.165
3 16 -0.434 -43 -2.462 0.434 -45.5 -2.462 -0.434 -45.5 -2.462
3 16 -1.25 -43 -2.165 -0.434 -45.5 -2.462 -1.25 -45.5 -2.165
3 16 -1.915 -43 -1.607 -1.25 -45.5 -2.165 -1.915 -45.5 -1.607
3 16 -2.349 -43 -0.855 -1.915 -45.5 -1.607 -2.349 -45.5 -0.855
3 16 0.434 -43 -2.462 1.25 -45.5 -2.165 0.434 -45.5 -2.462
3 16 1.25 -43 2.165 0.434 -45.5 2.462 1.25 -45.5 2.165
3 16 -0.434 -43 2.462 -1.25 -45.5 2.165 -0.434 -45.5 2.462
3 16 1.915 -43 1.607 1.25 -45.5 2.165 1.915 -45.5 1.607
3 16 0.434 -43 2.462 -0.434 -45.5 2.462 0.434 -45.5 2.462
3 16 2.349 -43 0.855 1.915 -45.5 1.607 2.349 -45.5 0.855
3 16 -1.25 -43 2.165 -1.915 -45.5 1.607 -1.25 -45.5 2.165
3 16 2.5 -43 0 2.349 -45.5 0.855 2.5 -45.5 0
3 16 -1.915 -43 -1.607 -1.25 -43 -2.165 -1.25 -45.5 -2.165
3 16 1.25 -43 2.165 0.434 -43 2.462 0.434 -45.5 2.462
3 16 -2.349 -43 -0.855 -1.915 -43 -1.607 -1.915 -45.5 -1.607
3 16 -2.349 -43 0.855 -2.5 -43 0 -2.5 -45.5 0
3 16 -1.915 -43 1.607 -2.349 -43 0.855 -2.349 -45.5 0.855
3 16 -1.25 -43 2.165 -1.915 -43 1.607 -1.915 -45.5 1.607
3 16 0.434 -43 2.462 -0.434 -43 2.462 -0.434 -45.5 2.462
3 16 -2.5 -43 0 -2.349 -43 -0.855 -2.349 -45.5 -0.855
3 16 -0.434 -43 2.462 -1.25 -43 2.165 -1.25 -45.5 2.165
3 16 1.915 -43 -1.607 2.349 -43 -0.855 2.349 -45.5 -0.855
3 16 1.25 -43 -2.165 1.915 -43 -1.607 1.915 -45.5 -1.607
3 16 2.349 -43 0.855 1.915 -43 1.607 1.915 -45.5 1.607
3 16 2.349 -43 -0.855 2.5 -43 0 2.5 -45.5 0
3 16 1.915 -43 1.607 1.25 -43 2.165 1.25 -45.5 2.165
3 16 2.5 -43 0 2.349 -43 0.855 2.349 -45.5 0.855
3 16 -1.25 -43 -2.165 -0.434 -43 -2.462 -0.434 -45.5 -2.462
3 16 0.434 -43 -2.462 1.25 -43 -2.165 1.25 -45.5 -2.165
3 16 -0.434 -43 -2.462 0.434 -43 -2.462 0.434 -45.5 -2.462
3 16 -5 -43 0 -4.698 -43 -1.71 -2.349 -43 -0.855
3 16 -1.25 -43 -2.165 -1.915 -43 -1.607 -3.83 -43 -3.214
3 16 -4.698 -43 -1.71 -3.83 -43 -3.214 -1.915 -43 -1.607
3 16 -1.915 -43 -1.607 -2.349 -43 -0.855 -4.698 -43 -1.71
3 16 -2.349 -43 -0.855 -2.5 -43 0 -5 -43 0
3 16 -2.5 -43 4.33 -3.83 -43 3.214 -1.915 -43 1.607
3 16 -1.915 -43 1.607 -1.25 -43 2.165 -2.5 -43 4.33
3 16 -0.868 -43 4.924 -2.5 -43 4.33 -1.25 -43 2.165
3 16 -2.349 -43 0.855 -1.915 -43 1.607 -3.83 -43 3.214
3 16 -4.698 -43 1.71 -5 -43 0 -2.5 -43 0
3 16 -2.5 -43 0 -2.349 -43 0.855 -4.698 -43 1.71
3 16 -3.83 -43 3.214 -4.698 -43 1.71 -2.349 -43 0.855
3 16 1.915 -43 -1.607 1.25 -43 -2.165 2.5 -43 -4.33
3 16 2.5 -43 -4.33 3.83 -43 -3.214 1.915 -43 -1.607
3 16 2.349 -43 -0.855 1.915 -43 -1.607 3.83 -43 -3.214
3 16 -0.868 -43 -4.924 0.868 -43 -4.924 0.434 -43 -2.462
3 16 1.25 -43 -2.165 0.434 -43 -2.462 0.868 -43 -4.924
3 16 0.868 -43 -4.924 2.5 -43 -4.33 1.25 -43 -2.165
3 16 3.83 -43 -3.214 4.698 -43 -1.71 2.349 -43 -0.855
3 16 -2.5 -43 -4.33 -0.868 -43 -4.924 -0.434 -43 -2.462
3 16 -0.434 -43 -2.462 -1.25 -43 -2.165 -2.5 -43 -4.33
3 16 -3.83 -43 -3.214 -2.5 -43 -4.33 -1.25 -43 -2.165
3 16 2.5 -43 0 2.349 -43 -0.855 4.698 -43 -1.71
3 16 4.698 -43 -1.71 5 -43 0 2.5 -43 0
3 16 0.434 -43 -2.462 -0.434 -43 -2.462 -0.868 -43 -4.924
3 16 4.698 -43 1.71 3.83 -43 3.214 1.915 -43 1.607
3 16 1.25 -43 2.165 1.915 -43 1.607 3.83 -43 3.214
3 16 1.915 -43 1.607 2.349 -43 0.855 4.698 -43 1.71
3 16 2.349 -43 0.855 2.5 -43 0 5 -43 0
3 16 5 -43 0 4.698 -43 1.71 2.349 -43 0.855
3 16 3.83 -43 3.214 2.5 -43 4.33 1.25 -43 2.165
3 16 0.868 -43 4.924 -0.868 -43 4.924 -0.434 -43 2.462
3 16 -1.25 -43 2.165 -0.434 -43 2.462 -0.868 -43 4.924
3 16 -0.434 -43 2.462 0.434 -43 2.462 0.868 -43 4.924
3 16 0.434 -43 2.462 1.25 -43 2.165 2.5 -43 4.33
3 16 2.5 -43 4.33 0.868 -43 4.924 0.434 -43 2.462
3 16 4.698 -40.5 1.71 3.83 -43 3.214 4.698 -43 1.71
3 16 0.868 -40.5 4.924 -0.868 -43 4.924 0.868 -43 4.924
3 16 -0.868 -40.5 -4.924 0.868 -43 -4.924 -0.868 -43 -4.924
3 16 5 -40.5 0 4.698 -43 1.71 5 -43 0
3 16 -5 -40.5 0 -4.698 -43 -1.71 -5 -43 0
3 16 -4.698 -40.5 1.71 -5 -43 0 -4.698 -43 1.71
3 16 3.83 -40.5 3.214 2.5 -43 4.33 3.83 -43 3.214
3 16 2.5 -40.5 4.33 0.868 -43 4.924 2.5 -43 4.33
3 16 -0.868 -40.5 4.924 -2.5 -43 4.33 -0.868 -43 4.924
3 16 2.5 -40.5 -4.33 3.83 -43 -3.214 2.5 -43 -4.33
3 16 -3.83 -40.5 -3.214 -2.5 -43 -4.33 -3.83 -43 -3.214
3 16 -4.698 -40.5 -1.71 -3.83 -43 -3.214 -4.698 -43 -1.71
3 16 -2.5 -40.5 4.33 -3.83 -43 3.214 -2.5 -43 4.33
3 16 3.83 -40.5 -3.214 4.698 -43 -1.71 3.83 -43 -3.214
3 16 4.698 -40.5 -1.71 5 -43 0 4.698 -43 -1.71
3 16 -2.5 -40.5 -4.33 -0.868 -43 -4.924 -2.5 -43 -4.33
3 16 0.868 -40.5 -4.924 2.5 -43 -4.33 0.868 -43 -4.924
3 16 -3.83 -40.5 3.214 -4.698 -43 1.71 -3.83 -43 3.214
3 16 -0.868 -40.5 4.924 -2.5 -40.5 4.33 -2.5 -43 4.33
3 16 3.83 -40.5 -3.214 4.698 -40.5 -1.71 4.698 -43 -1.71
3 16 2.5 -40.5 -4.33 3.83 -40.5 -3.214 3.83 -43 -3.214
3 16 4.698 -40.5 -1.71 5 -40.5 0 5 -43 0
3 16 3.83 -40.5 3.214 2.5 -40.5 4.33 2.5 -43 4.33
3 16 5 -40.5 0 4.698 -40.5 1.71 4.698 -43 1.71
3 16 -3.83 -40.5 -3.214 -2.5 -40.5 -4.33 -2.5 -43 -4.33
3 16 -0.868 -40.5 -4.924 0.868 -40.5 -4.924 0.868 -43 -4.924
3 16 0.868 -40.5 4.924 -0.868 -40.5 4.924 -0.868 -43 4.924
3 16 -5 -40.5 0 -4.698 -40.5 -1.71 -4.698 -43 -1.71
3 16 0.868 -40.5 -4.924 2.5 -40.5 -4.33 2.5 -43 -4.33
3 16 -4.698 -40.5 -1.71 -3.83 -40.5 -3.214 -3.83 -43 -3.214
3 16 -4.698 -40.5 1.71 -5 -40.5 0 -5 -43 0
3 16 -3.83 -40.5 3.214 -4.698 -40.5 1.71 -4.698 -43 1.71
3 16 -2.5 -40.5 4.33 -3.83 -40.5 3.214 -3.83 -43 3.214
3 16 -2.5 -40.5 -4.33 -0.868 -40.5 -4.924 -0.868 -43 -4.924
3 16 4.698 -40.5 1.71 3.83 -40.5 3.214 3.83 -43 3.214
3 16 2.5 -40.5 4.33 0.868 -40.5 4.924 0.868 -43 4.924
3 16 -1.25 -40.5 -2.165 -0.434 -40.5 -2.462 -0.868 -40.5 -4.924
3 16 -2.5 -40.5 -4.33 -3.83 -40.5 -3.214 -1.915 -40.5 -1.607
3 16 -0.434 -40.5 -2.462 0.434 -40.5 -2.462 0.868 -40.5 -4.924
3 16 -0.868 -40.5 -4.924 -2.5 -40.5 -4.33 -1.25 -40.5 -2.165
3 16 -1.915 -40.5 -1.607 -1.25 -40.5 -2.165 -2.5 -40.5 -4.33
3 16 -4.698 -40.5 -1.71 -5 -40.5 0 -2.5 -40.5 0
3 16 -2.5 -40.5 0 -2.349 -40.5 -0.855 -4.698 -40.5 -1.71
3 16 -3.83 -40.5 -3.214 -4.698 -40.5 -1.71 -2.349 -40.5 -0.855
3 16 -2.349 -40.5 -0.855 -1.915 -40.5 -1.607 -3.83 -40.5 -3.214
3 16 4.698 -40.5 -1.71 3.83 -40.5 -3.214 1.915 -40.5 -1.607
3 16 1.915 -40.5 -1.607 2.349 -40.5 -0.855 4.698 -40.5 -1.71
3 16 5 -40.5 0 4.698 -40.5 -1.71 2.349 -40.5 -0.855
3 16 2.349 -40.5 -0.855 2.5 -40.5 0 5 -40.5 0
3 16 3.83 -40.5 -3.214 2.5 -40.5 -4.33 1.25 -40.5 -2.165
3 16 0.434 -40.5 -2.462 1.25 -40.5 -2.165 2.5 -40.5 -4.33
3 16 0.868 -40.5 -4.924 -0.868 -40.5 -4.924 -0.434 -40.5 -2.462
3 16 1.25 -40.5 -2.165 1.915 -40.5 -1.607 3.83 -40.5 -3.214
3 16 2.5 -40.5 -4.33 0.868 -40.5 -4.924 0.434 -40.5 -2.462
3 16 1.25 -40.5 2.165 0.434 -40.5 2.462 0.868 -40.5 4.924
3 16 2.5 -40.5 4.33 3.83 -40.5 3.214 1.915 -40.5 1.607
3 16 0.434 -40.5 2.462 -0.434 -40.5 2.462 -0.868 -40.5 4.924
3 16 0.868 -40.5 4.924 2.5 -40.5 4.33 1.25 -40.5 2.165
3 16 1.915 -40.5 1.607 1.25 -40.5 2.165 2.5 -40.5 4.33
3 16 4.698 -40.5 1.71 5 -40.5 0 2.5 -40.5 0
3 16 2.5 -40.5 0 2.349 -40.5 0.855 4.698 -40.5 1.71
3 16 3.83 -40.5 3.214 4.698 -40.5 1.71 2.349 -40.5 0.855
3 16 2.349 -40.5 0.855 1.915 -40.5 1.607 3.83 -40.5 3.214
3 16 -4.698 -40.5 1.71 -3.83 -40.5 3.214 -1.915 -40.5 1.607
3 16 -1.915 -40.5 1.607 -2.349 -40.5 0.855 -4.698 -40.5 1.71
3 16 -5 -40.5 0 -4.698 -40.5 1.71 -2.349 -40.5 0.855
3 16 -2.349 -40.5 0.855 -2.5 -40.5 0 -5 -40.5 0
3 16 -3.83 -40.5 3.214 -2.5 -40.5 4.33 -1.25 -40.5 2.165
3 16 -0.434 -40.5 2.462 -1.25 -40.5 2.165 -2.5 -40.5 4.33
3 16 -0.868 -40.5 4.924 0.868 -40.5 4.924 0.434 -40.5 2.462
3 16 -1.25 -40.5 2.165 -1.915 -40.5 1.607 -3.83 -40.5 3.214
3 16 -2.5 -40.5 4.33 -0.868 -40.5 4.924 -0.434 -40.5 2.462
3 16 2.349 -38 0.855 1.915 -40.5 1.607 2.349 -40.5 0.855
3 16 0.434 -38 -2.462 1.25 -40.5 -2.165 0.434 -40.5 -2.462
3 16 -2.5 -38 0 -2.349 -40.5 -0.855 -2.5 -40.5 0
3 16 2.349 -38 -0.855 2.5 -40.5 0 2.349 -40.5 -0.855
3 16 -2.349 -38 -0.855 -1.915 -40.5 -1.607 -2.349 -40.5 -0.855
3 16 -1.25 -38 -2.165 -0.434 -40.5 -2.462 -1.25 -40.5 -2.165
3 16 -0.434 -38 -2.462 0.434 -40.5 -2.462 -0.434 -40.5 -2.462
3 16 1.25 -38 -2.165 1.915 -40.5 -1.607 1.25 -40.5 -2.165
3 16 1.25 -38 2.165 0.434 -40.5 2.462 1.25 -40.5 2.165
3 16 1.915 -38 1.607 1.25 -40.5 2.165 1.915 -40.5 1.607
3 16 -2.349 -38 0.855 -2.5 -40.5 0 -2.349 -40.5 0.855
3 16 -1.915 -38 1.607 -2.349 -40.5 0.855 -1.915 -40.5 1.607
3 16 1.915 -38 -1.607 2.349 -40.5 -0.855 1.915 -40.5 -1.607
3 16 -0.434 -38 2.462 -1.25 -40.5 2.165 -0.434 -40.5 2.462
3 16 0.434 -38 2.462 -0.434 -40.5 2.462 0.434 -40.5 2.462
3 16 2.5 -38 0 2.349 -40.5 0.855 2.5 -40.5 0
3 16 -1.915 -38 -1.607 -1.25 -40.5 -2.165 -1.915 -40.5 -1.607
3 16 -1.25 -38 2.165 -1.915 -40.5 1.607 -1.25 -40.5 2.165
3 16 1.25 -38 -2.165 1.915 -38 -1.607 1.915 -40.5 -1.607
3 16 2.349 -38 0.855 1.915 -38 1.607 1.915 -40.5 1.607
3 16 -2.349 -38 -0.855 -1.915 -38 -1.607 -1.915 -40.5 -1.607
3 16 -0.434 -38 2.462 -1.25 -38 2.165 -1.25 -40.5 2.165
3 16 0.434 -38 -2.462 1.25 -38 -2.165 1.25 -40.5 -2.165
3 16 1.25 -38 2.165 0.434 -38 2.462 0.434 -40.5 2.462
3 16 -1.915 -38 1.607 -2.349 -38 0.855 -2.349 -40.5 0.855
3 16 1.915 -38 1.607 1.25 -38 2.165 1.25 -40.5 2.165
3 16 0.434 -38 2.462 -0.434 -38 2.462 -0.434 -40.5 2.462
3 16 1.915 -38 -1.607 2.349 -38 -0.855 2.349 -40.5 -0.855
3 16 -2.349 -38 0.855 -2.5 -38 0 -2.5 -40.5 0
3 16 -1.25 -38 2.165 -1.915 -38 1.607 -1.915 -40.5 1.607
3 16 -0.434 -38 -2.462 0.434 -38 -2.462 0.434 -40.5 -2.462
3 16 -1.915 -38 -1.607 -1.25 -38 -2.165 -1.25 -40.5 -2.165
3 16 2.349 -38 -0.855 2.5 -38 0 2.5 -40.5 0
3 16 2.5 -38 0 2.349 -38 0.855 2.349 -40.5 0.855
3 16 -1.25 -38 -2.165 -0.434 -38 -2.462 -0.434 -40.5 -2.462
3 16 -2.5 -38 0 -2.349 -38 -0.855 -2.349 -40.5 -0.855
3 16 2.5 -38 -4.33 3.83 -38 -3.214 1.915 -38 -1.607
3 16 -0.434 -38 -2.462 -1.25 -38 -2.165 -2.5 -38 -4.33
3 16 2.349 -38 -0.855 1.915 -38 -1.607 3.83 -38 -3.214
3 16 -1.25 -38 -2.165 -1.915 -38 -1.607 -3.83 -38 -3.214
3 16 1.25 -38 2.165 1.915 -38 1.607 3.83 -38 3.214
3 16 3.83 -38 -3.214 4.698 -38 -1.71 2.349 -38 -0.855
3 16 4.698 -38 1.71 3.83 -38 3.214 1.915 -38 1.607
3 16 -3.83 -38 -3.214 -2.5 -38 -4.33 -1.25 -38 -2.165
3 16 1.25 -38 -2.165 0.434 -38 -2.462 0.868 -38 -4.924
3 16 0.868 -38 -4.924 2.5 -38 -4.33 1.25 -38 -2.165
3 16 5 -38 0 4.698 -38 1.71 2.349 -38 0.855
3 16 2.349 -38 0.855 2.5 -38 0 5 -38 0
3 16 4.698 -38 -1.71 5 -38 0 2.5 -38 0
3 16 -0.868 -38 -4.924 0.868 -38 -4.924 0.434 -38 -2.462
3 16 -2.5 -38 -4.33 -0.868 -38 -4.924 -0.434 -38 -2.462
3 16 2.5 -38 0 2.349 -38 -0.855 4.698 -38 -1.71
3 16 0.434 -38 -2.462 -0.434 -38 -2.462 -0.868 -38 -4.924
3 16 1.915 -38 -1.607 1.25 -38 -2.165 2.5 -38 -4.33
3 16 1.915 -38 1.607 2.349 -38 0.855 4.698 -38 1.71
3 16 -0.868 -38 4.924 -2.5 -38 4.33 -1.25 -38 2.165
3 16 -2.5 -38 0 -2.349 -38 0.855 -4.698 -38 1.71
3 16 -1.915 -38 -1.607 -2.349 -38 -0.855 -4.698 -38 -1.71
3 16 -4.698 -38 -1.71 -3.83 -38 -3.214 -1.915 -38 -1.607
3 16 -2.5 -38 4.33 -3.83 -38 3.214 -1.915 -38 1.607
3 16 -1.915 -38 1.607 -1.25 -38 2.165 -2.5 -38 4.33
3 16 -3.83 -38 3.214 -4.698 -38 1.71 -2.349 -38 0.855
3 16 -2.349 -38 0.855 -1.915 -38 1.607 -3.83 -38 3.214
3 16 -5 -38 0 -4.698 -38 -1.71 -2.349 -38 -0.855
3 16 0.434 -38 2.462 1.25 -38 2.165 2.5 -38 4.33
3 16 2.5 -38 4.33 0.868 -38 4.924 0.434 -38 2.462
3 16 -2.349 -38 -0.855 -2.5 -38 0 -5 -38 0
3 16 -4.698 -38 1.71 -5 -38 0 -2.5 -38 0
3 16 3.83 -38 3.214 2.5 -38 4.33 1.25 -38 2.165
3 16 0.868 -38 4.924 -0.868 -38 4.924 -0.434 -38 2.462
3 16 -0.434 -38 2.462 0.434 -38 2.462 0.868 -38 4.924
3 16 -1.25 -38 2.165 -0.434 -38 2.462 -0.868 -38 4.924
3 16 4.698 -35.5 -1.71 5 -38 0 4.698 -38 -1.71
3 16 4.698 -35.5 1.71 3.83 -38 3.214 4.698 -38 1.71
3 16 3.83 -35.5 3.214 2.5 -38 4.33 3.83 -38 3.214
3 16 5 -35.5 0 4.698 -38 1.71 5 -38 0
3 16 2.5 -35.5 4.33 0.868 -38 4.924 2.5 -38 4.33
3 16 -3.83 -35.5 -3.214 -2.5 -38 -4.33 -3.83 -38 -3.214
3 16 -4.698 -35.5 -1.71 -3.83 -38 -3.214 -4.698 -38 -1.71
3 16 -5 -35.5 0 -4.698 -38 -1.71 -5 -38 0
3 16 -0.868 -35.5 -4.924 0.868 -38 -4.924 -0.868 -38 -4.924
3 16 0.868 -35.5 -4.924 2.5 -38 -4.33 0.868 -38 -4.924
3 16 -2.5 -35.5 -4.33 -0.868 -38 -4.924 -2.5 -38 -4.33
3 16 2.5 -35.5 -4.33 3.83 -38 -3.214 2.5 -38 -4.33
3 16 -0.868 -35.5 4.924 -2.5 -38 4.33 -0.868 -38 4.924
3 16 0.868 -35.5 4.924 -0.868 -38 4.924 0.868 -38 4.924
3 16 3.83 -35.5 -3.214 4.698 -38 -1.71 3.83 -38 -3.214
3 16 -4.698 -35.5 1.71 -5 -38 0 -4.698 -38 1.71
3 16 -3.83 -35.5 3.214 -4.698 -38 1.71 -3.83 -38 3.214
3 16 -2.5 -35.5 4.33 -3.83 -38 3.214 -2.5 -38 4.33
3 16 -2.5 -35.5 4.33 -3.83 -35.5 3.214 -3.83 -38 3.214
3 16 -0.868 -35.5 -4.924 0.868 -35.5 -4.924 0.868 -38 -4.924
3 16 -0.868 -35.5 4.924 -2.5 -35.5 4.33 -2.5 -38 4.33
3 16 2.5 -35.5 4.33 0.868 -35.5 4.924 0.868 -38 4.924
3 16 0.868 -35.5 4.924 -0.868 -35.5 4.924 -0.868 -38 4.924
3 16 -3.83 -35.5 3.214 -4.698 -35.5 1.71 -4.698 -38 1.71
3 16 -4.698 -35.5 -1.71 -3.83 -35.5 -3.214 -3.83 -38 -3.214
3 16 -3.83 -35.5 -3.214 -2.5 -35.5 -4.33 -2.5 -38 -4.33
3 16 -2.5 -35.5 -4.33 -0.868 -35.5 -4.924 -0.868 -38 -4.924
3 16 -4.698 -35.5 1.71 -5 -35.5 0 -5 -38 0
3 16 -5 -35.5 0 -4.698 -35.5 -1.71 -4.698 -38 -1.71
3 16 0.868 -35.5 -4.924 2.5 -35.5 -4.33 2.5 -38 -4.33
3 16 2.5 -35.5 -4.33 3.83 -35.5 -3.214 3.83 -38 -3.214
3 16 3.83 -35.5 -3.214 4.698 -35.5 -1.71 4.698 -38 -1.71
3 16 4.698 -35.5 -1.71 5 -35.5 0 5 -38 0
3 16 5 -35.5 0 4.698 -35.5 1.71 4.698 -38 1.71
3 16 3.83 -35.5 3.214 2.5 -35.5 4.33 2.5 -38 4.33
3 16 4.698 -35.5 1.71 3.83 -35.5 3.214 3.83 -38 3.214
3 16 -3.83 -35.5 -3.214 -4.698 -35.5 -1.71 -2.349 -35.5 -0.855
3 16 -2.349 -35.5 -0.855 -1.915 -35.5 -1.607 -3.83 -35.5 -3.214
3 16 -5 -35.5 0 -4.698 -35.5 1.71 -2.349 -35.5 0.855
3 16 -2.349 -35.5 0.855 -2.5 -35.5 0 -5 -35.5 0
3 16 -4.698 -35.5 -1.71 -5 -35.5 0 -2.5 -35.5 0
3 16 -2.5 -35.5 0 -2.349 -35.5 -0.855 -4.698 -35.5 -1.71
3 16 0.434 -35.5 -2.462 1.25 -35.5 -2.165 2.5 -35.5 -4.33
3 16 -0.868 -35.5 -4.924 -2.5 -35.5 -4.33 -1.25 -35.5 -2.165
3 16 0.868 -35.5 -4.924 -0.868 -35.5 -4.924 -0.434 -35.5 -2.462
3 16 -0.434 -35.5 -2.462 0.434 -35.5 -2.462 0.868 -35.5 -4.924
3 16 -1.915 -35.5 -1.607 -1.25 -35.5 -2.165 -2.5 -35.5 -4.33
3 16 -2.5 -35.5 -4.33 -3.83 -35.5 -3.214 -1.915 -35.5 -1.607
3 16 -1.25 -35.5 -2.165 -0.434 -35.5 -2.462 -0.868 -35.5 -4.924
3 16 2.349 -35.5 0.855 1.915 -35.5 1.607 3.83 -35.5 3.214
3 16 4.698 -35.5 1.71 5 -35.5 0 2.5 -35.5 0
3 16 1.25 -35.5 -2.165 1.915 -35.5 -1.607 3.83 -35.5 -3.214
3 16 2.5 -35.5 4.33 3.83 -35.5 3.214 1.915 -35.5 1.607
3 16 1.915 -35.5 1.607 1.25 -35.5 2.165 2.5 -35.5 4.33
3 16 3.83 -35.5 3.214 4.698 -35.5 1.71 2.349 -35.5 0.855
3 16 4.698 -35.5 -1.71 3.83 -35.5 -3.214 1.915 -35.5 -1.607
3 16 2.349 -35.5 -0.855 2.5 -35.5 0 5 -35.5 0
3 16 5 -35.5 0 4.698 -35.5 -1.71 2.349 -35.5 -0.855
3 16 2.5 -35.5 0 2.349 -35.5 0.855 4.698 -35.5 1.71
3 16 3.83 -35.5 -3.214 2.5 -35.5 -4.33 1.25 -35.5 -2.165
3 16 1.915 -35.5 -1.607 2.349 -35.5 -0.855 4.698 -35.5 -1.71
3 16 -1.25 -35.5 2.165 -1.915 -35.5 1.607 -3.83 -35.5 3.214
3 16 -2.5 -35.5 4.33 -0.868 -35.5 4.924 -0.434 -35.5 2.462
3 16 -0.434 -35.5 2.462 -1.25 -35.5 2.165 -2.5 -35.5 4.33
3 16 -4.698 -35.5 1.71 -3.83 -35.5 3.214 -1.915 -35.5 1.607
3 16 -1.915 -35.5 1.607 -2.349 -35.5 0.855 -4.698 -35.5 1.71
3 16 -3.83 -35.5 3.214 -2.5 -35.5 4.33 -1.25 -35.5 2.165
3 16 1.25 -35.5 2.165 0.434 -35.5 2.462 0.868 -35.5 4.924
3 16 2.5 -35.5 -4.33 0.868 -35.5 -4.924 0.434 -35.5 -2.462
3 16 0.868 -35.5 4.924 2.5 -35.5 4.33 1.25 -35.5 2.165
3 16 -0.868 -35.5 4.924 0.868 -35.5 4.924 0.434 -35.5 2.462
3 16 0.434 -35.5 2.462 -0.434 -35.5 2.462 -0.868 -35.5 4.924
3 16 -2.349 -33 -0.855 -1.915 -35.5 -1.607 -2.349 -35.5 -0.855
3 16 -2.349 -33 0.855 -2.5 -35.5 0 -2.349 -35.5 0.855
3 16 -1.915 -33 1.607 -2.349 -35.5 0.855 -1.915 -35.5 1.607
3 16 -0.434 -33 2.462 -1.25 -35.5 2.165 -0.434 -35.5 2.462
3 16 2.349 -33 0.855 1.915 -35.5 1.607 2.349 -35.5 0.855
3 16 -0.434 -33 -2.462 0.434 -35.5 -2.462 -0.434 -35.5 -2.462
3 16 2.5 -33 0 2.349 -35.5 0.855 2.5 -35.5 0
3 16 0.434 -33 2.462 -0.434 -35.5 2.462 0.434 -35.5 2.462
3 16 1.25 -33 2.165 0.434 -35.5 2.462 1.25 -35.5 2.165
3 16 -1.915 -33 -1.607 -1.25 -35.5 -2.165 -1.915 -35.5 -1.607
3 16 0.434 -33 -2.462 1.25 -35.5 -2.165 0.434 -35.5 -2.462
3 16 1.915 -33 1.607 1.25 -35.5 2.165 1.915 -35.5 1.607
3 16 -1.25 -33 2.165 -1.915 -35.5 1.607 -1.25 -35.5 2.165
3 16 -1.25 -33 -2.165 -0.434 -35.5 -2.462 -1.25 -35.5 -2.165
3 16 -2.5 -33 0 -2.349 -35.5 -0.855 -2.5 -35.5 0
3 16 1.25 -33 -2.165 1.915 -35.5 -1.607 1.25 -35.5 -2.165
3 16 2.349 -33 -0.855 2.5 -35.5 0 2.349 -35.5 -0.855
3 16 1.915 -33 -1.607 2.349 -35.5 -0.855 1.915 -35.5 -1.607
3 16 -2.5 -33 0 -2.349 -33 -0.855 -2.349 -35.5 -0.855
3 16 -1.915 -33 -1.607 -1.25 -33 -2.165 -1.25 -35.5 -2.165
3 16 -2.349 -33 0.855 -2.5 -33 0 -2.5 -35.5 0
3 16 -2.349 -33 -0.855 -1.915 -33 -1.607 -1.915 -35.5 -1.607
3 16 2.5 -33 0 2.349 -33 0.855 2.349 -35.5 0.855
3 16 2.349 -33 0.855 1.915 -33 1.607 1.915 -35.5 1.607
3 16 1.915 -33 1.607 1.25 -33 2.165 1.25 -35.5 2.165
3 16 0.434 -33 -2.462 1.25 -33 -2.165 1.25 -35.5 -2.165
3 16 1.915 -33 -1.607 2.349 -33 -0.855 2.349 -35.5 -0.855
3 16 2.349 -33 -0.855 2.5 -33 0 2.5 -35.5 0
3 16 1.25 -33 -2.165 1.915 -33 -1.607 1.915 -35.5 -1.607
3 16 -1.25 -33 -2.165 -0.434 -33 -2.462 -0.434 -35.5 -2.462
3 16 -1.25 -33 2.165 -1.915 -33 1.607 -1.915 -35.5 1.607
3 16 -1.915 -33 1.607 -2.349 -33 0.855 -2.349 -35.5 0.855
3 16 -0.434 -33 2.462 -1.25 -33 2.165 -1.25 -35.5 2.165
3 16 -0.434 -33 -2.462 0.434 -33 -2.462 0.434 -35.5 -2.462
3 16 1.25 -33 2.165 0.434 -33 2.462 0.434 -35.5 2.462
3 16 0.434 -33 2.462 -0.434 -33 2.462 -0.434 -35.5 2.462
3 16 -4.698 -33 -1.71 -3.83 -33 -3.214 -1.915 -33 -1.607
3 16 4.698 -33 -1.71 5 -33 0 2.5 -33 0
3 16 2.349 -33 -0.855 1.915 -33 -1.607 3.83 -33 -3.214
3 16 3.83 -33 -3.214 4.698 -33 -1.71 2.349 -33 -0.855
3 16 2.5 -33 0 2.349 -33 -0.855 4.698 -33 -1.71
3 16 -4.698 -33 1.71 -5 -33 0 -2.5 -33 0
3 16 -2.5 -33 0 -2.349 -33 0.855 -4.698 -33 1.71
3 16 -2.349 -33 -0.855 -2.5 -33 0 -5 -33 0
3 16 -1.915 -33 -1.607 -2.349 -33 -0.855 -4.698 -33 -1.71
3 16 -5 -33 0 -4.698 -33 -1.71 -2.349 -33 -0.855
3 16 -2.5 -33 -4.33 -0.868 -33 -4.924 -0.434 -33 -2.462
3 16 0.434 -33 -2.462 -0.434 -33 -2.462 -0.868 -33 -4.924
3 16 -0.434 -33 -2.462 -1.25 -33 -2.165 -2.5 -33 -4.33
3 16 -1.25 -33 -2.165 -1.915 -33 -1.607 -3.83 -33 -3.214
3 16 -3.83 -33 -3.214 -2.5 -33 -4.33 -1.25 -33 -2.165
3 16 1.915 -33 -1.607 1.25 -33 -2.165 2.5 -33 -4.33
3 16 2.5 -33 -4.33 3.83 -33 -3.214 1.915 -33 -1.607
3 16 0.868 -33 -4.924 2.5 -33 -4.33 1.25 -33 -2.165
3 16 -0.868 -33 -4.924 0.868 -33 -4.924 0.434 -33 -2.462
3 16 1.25 -33 -2.165 0.434 -33 -2.462 0.868 -33 -4.924
3 16 -3.83 -33 3.214 -4.698 -33 1.71 -2.349 -33 0.855
3 16 1.25 -33 2.165 1.915 -33 1.607 3.83 -33 3.214
3 16 3.83 -33 3.214 2.5 -33 4.33 1.25 -33 2.165
3 16 0.434 -33 2.462 1.25 -33 2.165 2.5 -33 4.33
3 16 4.698 -33 1.71 3.83 -33 3.214 1.915 -33 1.607
3 16 2.349 -33 0.855 2.5 -33 0 5 -33 0
3 16 5 -33 0 4.698 -33 1.71 2.349 -33 0.855
3 16 1.915 -33 1.607 2.349 -33 0.855 4.698 -33 1.71
3 16 2.5 -33 4.33 0.868 -33 4.924 0.434 -33 2.462
3 16 -1.915 -33 1.607 -1.25 -33 2.165 -2.5 -33 4.33
3 16 -2.5 -33 4.33 -3.83 -33 3.214 -1.915 -33 1.607
3 16 -2.349 -33 0.855 -1.915 -33 1.607 -3.83 -33 3.214
3 16 -0.868 -33 4.924 -2.5 -33 4.33 -1.25 -33 2.165
3 16 -0.434 -33 2.462 0.434 -33 2.462 0.868 -33 4.924
3 16 0.868 -33 4.924 -0.868 -33 4.924 -0.434 -33 2.462
3 16 -1.25 -33 2.165 -0.434 -33 2.462 -0.868 -33 4.924
3 16 5 -5 0 4.698 -33 1.71 5 -33 0
3 16 0.868 -5 4.924 -0.868 -33 4.924 0.868 -33 4.924
3 16 4.698 -5 1.71 3.83 -33 3.214 4.698 -33 1.71
3 16 2.5 -5 4.33 0.868 -33 4.924 2.5 -33 4.33
3 16 3.83 -5 3.214 2.5 -33 4.33 3.83 -33 3.214
3 16 -2.5 -5 -4.33 -0.868 -33 -4.924 -2.5 -33 -4.33
3 16 -3.83 -5 -3.214 -2.5 -33 -4.33 -3.83 -33 -3.214
3 16 -0.868 -5 -4.924 0.868 -33 -4.924 -0.868 -33 -4.924
3 16 2.5 -5 -4.33 3.83 -33 -3.214 2.5 -33 -4.33
3 16 0.868 -5 -4.924 2.5 -33 -4.33 0.868 -33 -4.924
3 16 -3.83 -5 3.214 -4.698 -33 1.71 -3.83 -33 3.214
3 16 -2.5 -5 4.33 -3.83 -33 3.214 -2.5 -33 4.33
3 16 -4.698 -5 1.71 -5 -33 0 -4.698 -33 1.71
3 16 -4.698 -5 -1.71 -3.83 -33 -3.214 -4.698 -33 -1.71
3 16 -5 -5 0 -4.698 -33 -1.71 -5 -33 0
3 16 -0.868 -5 4.924 -2.5 -33 4.33 -0.868 -33 4.924
3 16 4.698 -5 -1.71 5 -33 0 4.698 -33 -1.71
3 16 3.83 -5 -3.214 4.698 -33 -1.71 3.83 -33 -3.214
3 16 4.698 -5 1.71 3.83 -5 3.214 3.83 -33 3.214
3 16 -5 -5 0 -4.698 -5 -1.71 -4.698 -33 -1.71
3 16 -4.698 -5 1.71 -5 -5 0 -5 -33 0
3 16 2.5 -5 4.33 0.868 -5 4.924 0.868 -33 4.924
3 16 -0.868 -5 4.924 -2.5 -5 4.33 -2.5 -33 4.33
3 16 -2.5 -5 4.33 -3.83 -5 3.214 -3.83 -33 3.214
3 16 -3.83 -5 3.214 -4.698 -5 1.71 -4.698 -33 1.71
3 16 3.83 -5 3.214 2.5 -5 4.33 2.5 -33 4.33
3 16 5 -5 0 4.698 -5 1.71 4.698 -33 1.71
3 16 3.83 -5 -3.214 4.698 -5 -1.71 4.698 -33 -1.71
3 16 -0.868 -5 -4.924 0.868 -5 -4.924 0.868 -33 -4.924
3 16 2.5 -5 -4.33 3.83 -5 -3.214 3.83 -33 -3.214
3 16 0.868 -5 -4.924 2.5 -5 -4.33 2.5 -33 -4.33
3 16 4.698 -5 -1.71 5 -5 0 5 -33 0
3 16 0.868 -5 4.924 -0.868 -5 4.924 -0.868 -33 4.924
3 16 -4.698 -5 -1.71 -3.83 -5 -3.214 -3.83 -33 -3.214
3 16 -2.5 -5 -4.33 -0.868 -5 -4.924 -0.868 -33 -4.924
3 16 -3.83 -5 -3.214 -2.5 -5 -4.33 -2.5 -33 -4.33
3 16 -0.434 -5 2.462 -1.25 -5 2.165 -2.5 -5 4.33
3 16 -2.5 -5 4.33 -0.868 -5 4.924 -0.434 -5 2.462
3 16 -1.25 -5 2.165 -1.915 -5 1.607 -3.83 -5 3.214
3 16 -0.625 -5 -1.083 -0.434 -5 -2.462 -1.25 -5 -2.165
3 16 0.868 -5 4.924 2.5 -5 4.33 1.25 -5 2.165
3 16 0.434 -5 2.462 -0.434 -5 2.462 -0.868 -5 4.924
3 16 -0.868 -5 4.924 0.868 -5 4.924 0.434 -5 2.462
3 16 -0.625 -5 -1.083 -0.217 -5 -1.231 -0.434 -5 -2.462
3 16 -2.349 -5 0.855 -2.5 -5 0 -5 -5 0
3 16 -0.217 -5 -1.231 0.217 -5 -1.231 0.434 -5 -2.462
3 16 -5 -5 0 -4.698 -5 1.71 -2.349 -5 0.855
3 16 -4.698 -5 1.71 -3.83 -5 3.214 -1.915 -5 1.607
3 16 -3.83 -5 3.214 -2.5 -5 4.33 -1.25 -5 2.165
3 16 -0.217 -5 -1.231 0.434 -5 -2.462 -0.434 -5 -2.462
3 16 -1.915 -5 1.607 -2.349 -5 0.855 -4.698 -5 1.71
3 16 -1.175 -5 0.428 -1.25 -5 0 -2.5 -5 0
3 16 -1.25 -5 0 -2.349 -5 -0.855 -2.5 -5 0
3 16 -1.25 -5 0 -1.175 -5 -0.428 -2.349 -5 -0.855
3 16 -1.175 -5 0.428 -2.5 -5 0 -2.349 -5 0.855
3 16 -0.958 -5 0.803 -2.349 -5 0.855 -1.915 -5 1.607
3 16 2.349 -5 0.855 1.915 -5 1.607 3.83 -5 3.214
3 16 -0.958 -5 0.803 -1.175 -5 0.428 -2.349 -5 0.855
3 16 3.83 -5 3.214 4.698 -5 1.71 2.349 -5 0.855
3 16 -1.175 -5 -0.428 -0.958 -5 -0.803 -1.915 -5 -1.607
3 16 -0.958 -5 -0.803 -1.25 -5 -2.165 -1.915 -5 -1.607
3 16 -0.958 -5 -0.803 -0.625 -5 -1.083 -1.25 -5 -2.165
3 16 1.25 -5 2.165 0.434 -5 2.462 0.868 -5 4.924
3 16 1.915 -5 1.607 1.25 -5 2.165 2.5 -5 4.33
3 16 -1.175 -5 -0.428 -1.915 -5 -1.607 -2.349 -5 -0.855
3 16 2.5 -5 4.33 3.83 -5 3.214 1.915 -5 1.607
3 16 0.217 -5 -1.231 1.25 -5 -2.165 0.434 -5 -2.462
3 16 0.434 -5 -2.462 1.25 -5 -2.165 2.5 -5 -4.33
3 16 2.5 -5 -4.33 0.868 -5 -4.924 0.434 -5 -2.462
3 16 1.25 -5 -2.165 1.915 -5 -1.607 3.83 -5 -3.214
3 16 0.868 -5 -4.924 -0.868 -5 -4.924 -0.434 -5 -2.462
3 16 -0.868 -5 -4.924 -2.5 -5 -4.33 -1.25 -5 -2.165
3 16 0 -5 0 1.768 -5 -1.768 2.31 -5 -0.957
3 16 -0.434 -5 -2.462 0.434 -5 -2.462 0.868 -5 -4.924
3 16 3.83 -5 -3.214 2.5 -5 -4.33 1.25 -5 -2.165
3 16 0 -5 0 1.175 -5 0.428 1.25 -5 0
3 16 5 -5 0 4.698 -5 -1.71 2.349 -5 -0.855
3 16 0 -5 0 0.958 -5 0.803 1.175 -5 0.428
3 16 2.349 -5 -0.855 2.5 -5 0 5 -5 0
3 16 0 -5 0 2.31 -5 -0.957 2.5 -5 0
3 16 1.915 -5 -1.607 2.349 -5 -0.855 4.698 -5 -1.71
3 16 4.698 -5 -1.71 3.83 -5 -3.214 1.915 -5 -1.607
3 16 0.625 -5 -1.083 0.958 -5 -0.803 1.915 -5 -1.607
3 16 0 -5 0 0.625 -5 1.083 0.958 -5 0.803
3 16 0.958 -5 -0.803 2.349 -5 -0.855 1.915 -5 -1.607
3 16 -4.698 -5 -1.71 -5 -5 0 -2.5 -5 0
3 16 0.217 -5 -1.231 0.625 -5 -1.083 1.25 -5 -2.165
3 16 -2.5 -5 0 -2.349 -5 -0.855 -4.698 -5 -1.71
3 16 0.625 -5 -1.083 1.915 -5 -1.607 1.25 -5 -2.165
3 16 0.958 -5 -0.803 1.175 -5 -0.428 2.349 -5 -0.855
3 16 -1.915 -5 -1.607 -1.25 -5 -2.165 -2.5 -5 -4.33
3 16 -2.5 -5 -4.33 -3.83 -5 -3.214 -1.915 -5 -1.607
3 16 -1.25 -5 -2.165 -0.434 -5 -2.462 -0.868 -5 -4.924
3 16 1.175 -5 -0.428 1.25 -5 0 2.5 -5 0
3 16 1.175 -5 -0.428 2.5 -5 0 2.349 -5 -0.855
3 16 -2.349 -5 -0.855 -1.915 -5 -1.607 -3.83 -5 -3.214
3 16 -3.83 -5 -3.214 -4.698 -5 -1.71 -2.349 -5 -0.855
3 16 0 -5 0 -1.175 -5 -0.428 -1.25 -5 0
3 16 0 -5 0 0.217 -5 -1.231 -0.217 -5 -1.231
3 16 0 -5 0 1.768 -5 1.768 0.957 -5 2.31
3 16 0 -5 0 0.625 -5 -1.083 0.217 -5 -1.231
3 16 1.175 -5 0.428 0.958 -5 0.803 1.915 -5 1.607
3 16 0 -5 0 -0.217 -5 -1.231 -0.625 -5 -1.083
3 16 0 -5 0 -0.625 -5 -1.083 -0.958 -5 -0.803
3 16 0 -5 0 0.957 -5 2.31 0 -5 2.5
3 16 0.625 -5 1.083 0.434 -5 2.462 1.25 -5 2.165
3 16 0.958 -5 0.803 1.25 -5 2.165 1.915 -5 1.607
3 16 0.958 -5 0.803 0.625 -5 1.083 1.25 -5 2.165
3 16 0 -5 0 2.5 -5 0 2.31 -5 0.957
3 16 0 -5 0 1.25 -5 0 1.175 -5 -0.428
3 16 1.25 -5 0 2.349 -5 0.855 2.5 -5 0
3 16 0 -5 0 -1.25 -5 0 -1.175 -5 0.428
3 16 0 -5 0 -1.175 -5 0.428 -0.958 -5 0.803
3 16 0 -5 0 -0.958 -5 0.803 -0.625 -5 1.083
3 16 0 -5 0 0.958 -5 -0.803 0.625 -5 -1.083
3 16 1.175 -5 0.428 1.915 -5 1.607 2.349 -5 0.855
3 16 0 -5 0 2.31 -5 0.957 1.768 -5 1.768
3 16 0 -5 0 1.175 -5 -0.428 0.958 -5 -0.803
3 16 1.25 -5 0 1.175 -5 0.428 2.349 -5 0.855
3 16 0.625 -5 1.083 0.217 -5 1.231 0.434 -5 2.462
3 16 -0.217 -5 1.231 -1.25 -5 2.165 -0.434 -5 2.462
3 16 -0.217 -5 1.231 -0.625 -5 1.083 -1.25 -5 2.165
3 16 0 -5 0 0 -5 -2.5 0.957 -5 -2.31
3 16 0 -5 0 -1.768 -5 -1.768 -0.957 -5 -2.31
3 16 0 -5 0 -0.957 -5 -2.31 0 -5 -2.5
3 16 0 -5 0 0.957 -5 -2.31 1.768 -5 -1.768
3 16 -0.625 -5 1.083 -0.958 -5 0.803 -1.915 -5 1.607
3 16 4.698 -5 1.71 5 -5 0 2.5 -5 0
3 16 2.5 -5 0 2.349 -5 0.855 4.698 -5 1.71
3 16 -0.625 -5 1.083 -1.915 -5 1.607 -1.25 -5 2.165
3 16 0 -5 0 0.217 -5 1.231 0.625 -5 1.083
3 16 0 -5 0 -0.957 -5 2.31 -1.768 -5 1.768
3 16 0.217 -5 1.231 -0.434 -5 2.462 0.434 -5 2.462
3 16 0 -5 0 -0.625 -5 1.083 -0.217 -5 1.231
3 16 0 -5 0 -0.958 -5 -0.803 -1.175 -5 -0.428
3 16 0 -5 0 0 -5 2.5 -0.957 -5 2.31
3 16 0 -5 0 -1.768 -5 1.768 -2.31 -5 0.957
3 16 0 -5 0 -2.5 -5 0 -2.31 -5 -0.957
3 16 0 -5 0 -2.31 -5 -0.957 -1.768 -5 -1.768
3 16 0.217 -5 1.231 -0.217 -5 1.231 -0.434 -5 2.462
3 16 0 -5 0 -0.217 -5 1.231 0.217 -5 1.231
3 16 0 -5 0 -2.31 -5 0.957 -2.5 -5 0
3 16 0 0 2.5 -0.957 -5 2.31 0 -5 2.5
3 16 -0.957 0 2.31 -1.768 -5 1.768 -0.957 -5 2.31
3 16 0.957 0 2.31 0 -5 2.5 0.957 -5 2.31
3 16 -1.768 0 1.768 -2.31 -5 0.957 -1.768 -5 1.768
3 16 1.768 0 1.768 0.957 -5 2.31 1.768 -5 1.768
3 16 2.31 0 0.957 1.768 -5 1.768 2.31 -5 0.957
3 16 -2.31 0 0.957 -2.5 -5 0 -2.31 -5 0.957
3 16 2.5 0 0 2.31 -5 0.957 2.5 -5 0
3 16 -2.5 0 0 -2.31 -5 -0.957 -2.5 -5 0
3 16 2.31 0 -0.957 2.5 -5 0 2.31 -5 -0.957
3 16 -2.31 0 -0.957 -1.768 -5 -1.768 -2.31 -5 -0.957
3 16 -1.768 0 -1.768 -0.957 -5 -2.31 -1.768 -5 -1.768
3 16 1.768 0 -1.768 2.31 -5 -0.957 1.768 -5 -1.768
3 16 0.957 0 -2.31 1.768 -5 -1.768 0.957 -5 -2.31
3 16 -0.957 0 -2.31 0 -5 -2.5 -0.957 -5 -2.31
3 16 0 0 -2.5 0.957 -5 -2.31 0 -5 -2.5
3 16 0.957 0 2.31 0 0 2.5 0 -5 2.5
3 16 0 0 2.5 -0.957 0 2.31 -0.957 -5 2.31
3 16 -0.957 0 2.31 -1.768 0 1.768 -1.768 -5 1.768
3 16 1.768 0 1.768 0.957 0 2.31 0.957 -5 2.31
3 16 2.31 0 0.957 1.768 0 1.768 1.768 -5 1.768
3 16 -1.768 0 1.768 -2.31 0 0.957 -2.31 -5 0.957
3 16 2.5 0 0 2.31 0 0.957 2.31 -5 0.957
3 16 -2.31 0 0.957 -2.5 0 0 -2.5 -5 0
3 16 2.31 0 -0.957 2.5 0 0 2.5 -5 0
3 16 -2.5 0 0 -2.31 0 -0.957 -2.31 -5 -0.957
3 16 1.768 0 -1.768 2.31 0 -0.957 2.31 -5 -0.957
3 16 -2.31 0 -0.957 -1.768 0 -1.768 -1.768 -5 -1.768
3 16 -1.768 0 -1.768 -0.957 0 -2.31 -0.957 -5 -2.31
3 16 0.957 0 -2.31 1.768 0 -1.768 1.768 -5 -1.768
3 16 -0.957 0 -2.31 0 0 -2.5 0 -5 -2.5
3 16 0 0 -2.5 0.957 0 -2.31 0.957 -5 -2.31
3 16 0 0 0 0 0 2.5 0.957 0 2.31
3 16 0 0 0 -0.957 0 2.31 0 0 2.5
3 16 0 0 0 0.957 0 2.31 1.768 0 1.768
3 16 0 0 0 -1.768 0 1.768 -0.957 0 2.31
3 16 1.768 0 1.768 2.31 0 0.957 0 0 0
3 16 0 0 0 -2.31 0 0.957 -1.768 0 1.768
3 16 0 0 0 2.31 0 0.957 2.5 0 0
3 16 0 0 0 -2.5 0 0 -2.31 0 0.957
3 16 0 0 0 2.5 0 0 2.31 0 -0.957
3 16 0 0 0 -2.31 0 -0.957 -2.5 0 0
3 16 0 0 0 2.31 0 -0.957 1.768 0 -1.768
3 16 0 0 0 -1.768 0 -1.768 -2.31 0 -0.957
3 16 0 0 0 -0.957 0 -2.31 -1.768 0 -1.768
3 16 0 0 0 1.768 0 -1.768 0.957 0 -2.31
3 16 0 0 0 0.957 0 -2.31 0 0 -2.5
3 16 0 0 0 0 0 -2.5 -0.957 0 -2.31
5 24 -0.958 -120 -0.803 -0.958 -117.5 -0.803 -1.175 -120 -0.428 -0.625 -117.5 -1.083
5 24 -1.25 -120 0 -1.25 -117.5 0 -1.175 -120 0.428 -1.175 -117.5 -0.428
5 24 -0.217 -120 -1.231 -0.217 -117.5 -1.231 -0.625 -120 -1.083 0.217 -117.5 -1.231
5 24 -1.175 -120 0.428 -1.175 -117.5 0.428 -0.958 -120 0.803 -1.25 -117.5 0
5 24 -0.217 -120 1.231 -0.217 -117.5 1.231 0.217 -120 1.231 -0.625 -117.5 1.083
5 24 0.958 -120 -0.803 0.958 -117.5 -0.803 0.625 -120 -1.083 1.175 -117.5 -0.428
5 24 -0.958 -120 0.803 -0.958 -117.5 0.803 -0.625 -120 1.083 -1.175 -117.5 0.428
5 24 -1.175 -120 -0.428 -1.175 -117.5 -0.428 -1.25 -120 0 -0.958 -117.5 -0.803
5 24 0.217 -120 1.231 0.217 -117.5 1.231 0.625 -120 1.083 -0.217 -117.5 1.231
5 24 1.25 -120 0 1.25 -117.5 0 1.175 -117.5 0.428 1.175 -120 -0.428
5 24 0.625 -120 -1.083 0.625 -117.5 -1.083 0.217 -120 -1.231 0.958 -117.5 -0.803
5 24 1.175 -120 0.428 1.175 -117.5 0.428 1.25 -120 0 0.958 -117.5 0.803
5 24 0.217 -120 -1.231 0.217 -117.5 -1.231 -0.217 -120 -1.231 0.625 -117.5 -1.083
5 24 1.175 -120 -0.428 1.175 -117.5 -0.428 0.958 -120 -0.803 1.25 -117.5 0
5 24 -0.625 -120 -1.083 -0.625 -117.5 -1.083 -0.958 -120 -0.803 -0.217 -117.5 -1.231
5 24 -0.625 -120 1.083 -0.625 -117.5 1.083 -0.217 -120 1.231 -0.958 -117.5 0.803
5 24 0.625 -120 1.083 0.625 -117.5 1.083 0.958 -120 0.803 0.217 -117.5 1.231
5 24 0.958 -120 0.803 0.958 -117.5 0.803 1.175 -120 0.428 0.625 -117.5 1.083
5 24 -2.349 -120 0.855 -2.349 -48 0.855 -1.915 -48 1.607 -2.5 -120 0
5 24 2.349 -120 0.855 2.349 -48 0.855 2.5 -48 0 1.915 -120 1.607
5 24 -1.915 -120 -1.607 -1.915 -48 -1.607 -2.349 -48 -0.855 -1.25 -120 -2.165
5 24 -1.25 -120 2.165 -1.25 -48 2.165 -0.434 -48 2.462 -1.915 -120 1.607
5 24 -1.915 -120 1.607 -1.915 -48 1.607 -1.25 -48 2.165 -2.349 -120 0.855
5 24 1.25 -120 2.165 1.25 -48 2.165 1.915 -48 1.607 0.434 -120 2.462
5 24 1.915 -120 1.607 1.915 -48 1.607 2.349 -48 0.855 1.25 -120 2.165
5 24 0.434 -120 2.462 0.434 -48 2.462 1.25 -48 2.165 -0.434 -120 2.462
5 24 0.434 -120 -2.462 0.434 -48 -2.462 -0.434 -48 -2.462 1.25 -120 -2.165
5 24 1.915 -120 -1.607 1.915 -48 -1.607 1.25 -48 -2.165 2.349 -120 -0.855
5 24 -2.5 -120 0 -2.5 -48 0 -2.349 -48 0.855 -2.349 -120 -0.855
5 24 1.25 -120 -2.165 1.25 -48 -2.165 0.434 -48 -2.462 1.915 -120 -1.607
5 24 -1.25 -120 -2.165 -1.25 -48 -2.165 -1.915 -48 -1.607 -0.434 -120 -2.462
5 24 -0.434 -120 2.462 -0.434 -48 2.462 0.434 -48 2.462 -1.25 -120 2.165
5 24 2.349 -120 -0.855 2.349 -48 -0.855 1.915 -48 -1.607 2.5 -120 0
5 24 -0.434 -120 -2.462 -0.434 -48 -2.462 -1.25 -48 -2.165 0.434 -120 -2.462
5 24 -2.349 -120 -0.855 -2.349 -48 -0.855 -2.5 -48 0 -1.915 -120 -1.607
5 24 2.5 -120 0 2.5 -48 0 2.349 -120 0.855 2.349 -48 -0.855
5 24 2.5 -48 -4.33 2.5 -45.5 -4.33 0.868 -45.5 -4.924 3.83 -48 -3.214
5 24 4.698 -48 1.71 4.698 -45.5 1.71 5 -45.5 0 3.83 -48 3.214
5 24 0.868 -48 4.924 0.868 -45.5 4.924 2.5 -45.5 4.33 -0.868 -48 4.924
5 24 3.83 -48 -3.214 3.83 -45.5 -3.214 2.5 -45.5 -4.33 4.698 -48 -1.71
5 24 -3.83 -48 3.214 -3.83 -45.5 3.214 -2.5 -45.5 4.33 -4.698 -48 1.71
5 24 -2.5 -48 4.33 -2.5 -45.5 4.33 -0.868 -45.5 4.924 -3.83 -48 3.214
5 24 -4.698 -48 1.71 -4.698 -45.5 1.71 -3.83 -45.5 3.214 -5 -48 0
5 24 -0.868 -48 -4.924 -0.868 -45.5 -4.924 -2.5 -45.5 -4.33 0.868 -48 -4.924
5 24 -4.698 -48 -1.71 -4.698 -45.5 -1.71 -5 -45.5 0 -3.83 -48 -3.214
5 24 0.868 -48 -4.924 0.868 -45.5 -4.924 -0.868 -45.5 -4.924 2.5 -48 -4.33
5 24 -2.5 -48 -4.33 -2.5 -45.5 -4.33 -3.83 -45.5 -3.214 -0.868 -48 -4.924
5 24 3.83 -48 3.214 3.83 -45.5 3.214 4.698 -45.5 1.71 2.5 -48 4.33
5 24 -5 -48 0 -5 -45.5 0 -4.698 -45.5 1.71 -4.698 -48 -1.71
5 24 4.698 -48 -1.71 4.698 -45.5 -1.71 3.83 -45.5 -3.214 5 -48 0
5 24 -3.83 -48 -3.214 -3.83 -45.5 -3.214 -4.698 -45.5 -1.71 -2.5 -48 -4.33
5 24 5 -48 0 5 -45.5 0 4.698 -48 1.71 4.698 -45.5 -1.71
5 24 2.5 -48 4.33 2.5 -45.5 4.33 3.83 -45.5 3.214 0.868 -48 4.924
5 24 -0.868 -48 4.924 -0.868 -45.5 4.924 0.868 -45.5 4.924 -2.5 -48 4.33
5 24 -1.915 -45.5 -1.607 -1.915 -43 -1.607 -2.349 -43 -0.855 -1.25 -45.5 -2.165
5 24 -1.25 -45.5 2.165 -1.25 -43 2.165 -0.434 -43 2.462 -1.915 -45.5 1.607
5 24 -1.915 -45.5 1.607 -1.915 -43 1.607 -1.25 -43 2.165 -2.349 -45.5 0.855
5 24 1.915 -45.5 1.607 1.915 -43 1.607 2.349 -43 0.855 1.25 -45.5 2.165
5 24 -2.349 -45.5 -0.855 -2.349 -43 -0.855 -2.5 -43 0 -1.915 -45.5 -1.607
5 24 -1.25 -45.5 -2.165 -1.25 -43 -2.165 -1.915 -43 -1.607 -0.434 -45.5 -2.462
5 24 2.349 -45.5 -0.855 2.349 -43 -0.855 1.915 -43 -1.607 2.5 -45.5 0
5 24 1.915 -45.5 -1.607 1.915 -43 -1.607 1.25 -43 -2.165 2.349 -45.5 -0.855
5 24 0.434 -45.5 -2.462 0.434 -43 -2.462 -0.434 -43 -2.462 1.25 -45.5 -2.165
5 24 -0.434 -45.5 2.462 -0.434 -43 2.462 0.434 -43 2.462 -1.25 -45.5 2.165
5 24 2.5 -45.5 0 2.5 -43 0 2.349 -45.5 0.855 2.349 -43 -0.855
5 24 1.25 -45.5 -2.165 1.25 -43 -2.165 0.434 -43 -2.462 1.915 -45.5 -1.607
5 24 2.349 -45.5 0.855 2.349 -43 0.855 2.5 -43 0 1.915 -45.5 1.607
5 24 1.25 -45.5 2.165 1.25 -43 2.165 1.915 -43 1.607 0.434 -45.5 2.462
5 24 0.434 -45.5 2.462 0.434 -43 2.462 1.25 -43 2.165 -0.434 -45.5 2.462
5 24 -2.349 -45.5 0.855 -2.349 -43 0.855 -1.915 -43 1.607 -2.5 -45.5 0
5 24 -0.434 -45.5 -2.462 -0.434 -43 -2.462 -1.25 -43 -2.165 0.434 -45.5 -2.462
5 24 -2.5 -45.5 0 -2.5 -43 0 -2.349 -43 0.855 -2.349 -45.5 -0.855
5 24 -0.868 -43 -4.924 -0.868 -40.5 -4.924 -2.5 -40.5 -4.33 0.868 -43 -4.924
5 24 0.868 -43 -4.924 0.868 -40.5 -4.924 -0.868 -40.5 -4.924 2.5 -43 -4.33
5 24 -4.698 -43 1.71 -4.698 -40.5 1.71 -3.83 -40.5 3.214 -5 -43 0
5 24 -5 -43 0 -5 -40.5 0 -4.698 -40.5 1.71 -4.698 -43 -1.71
5 24 -3.83 -43 3.214 -3.83 -40.5 3.214 -2.5 -40.5 4.33 -4.698 -43 1.71
5 24 -2.5 -43 4.33 -2.5 -40.5 4.33 -0.868 -40.5 4.924 -3.83 -43 3.214
5 24 4.698 -43 1.71 4.698 -40.5 1.71 5 -40.5 0 3.83 -43 3.214
5 24 -3.83 -43 -3.214 -3.83 -40.5 -3.214 -4.698 -40.5 -1.71 -2.5 -43 -4.33
5 24 3.83 -43 -3.214 3.83 -40.5 -3.214 2.5 -40.5 -4.33 4.698 -43 -1.71
5 24 -2.5 -43 -4.33 -2.5 -40.5 -4.33 -3.83 -40.5 -3.214 -0.868 -43 -4.924
5 24 4.698 -43 -1.71 4.698 -40.5 -1.71 3.83 -40.5 -3.214 5 -43 0
5 24 5 -43 0 5 -40.5 0 4.698 -43 1.71 4.698 -40.5 -1.71
5 24 2.5 -43 -4.33 2.5 -40.5 -4.33 0.868 -40.5 -4.924 3.83 -43 -3.214
5 24 -4.698 -43 -1.71 -4.698 -40.5 -1.71 -5 -40.5 0 -3.83 -43 -3.214
5 24 0.868 -43 4.924 0.868 -40.5 4.924 2.5 -40.5 4.33 -0.868 -43 4.924
5 24 -0.868 -43 4.924 -0.868 -40.5 4.924 0.868 -40.5 4.924 -2.5 -43 4.33
5 24 2.5 -43 4.33 2.5 -40.5 4.33 3.83 -40.5 3.214 0.868 -43 4.924
5 24 3.83 -43 3.214 3.83 -40.5 3.214 4.698 -40.5 1.71 2.5 -43 4.33
5 24 -2.349 -40.5 0.855 -2.349 -38 0.855 -1.915 -38 1.607 -2.5 -40.5 0
5 24 1.915 -40.5 -1.607 1.915 -38 -1.607 1.25 -38 -2.165 2.349 -40.5 -0.855
5 24 2.5 -40.5 0 2.5 -38 0 2.349 -40.5 0.855 2.349 -38 -0.855
5 24 0.434 -40.5 2.462 0.434 -38 2.462 1.25 -38 2.165 -0.434 -40.5 2.462
5 24 -2.5 -40.5 0 -2.5 -38 0 -2.349 -38 0.855 -2.349 -40.5 -0.855
5 24 -1.25 -40.5 -2.165 -1.25 -38 -2.165 -1.915 -38 -1.607 -0.434 -40.5 -2.462
5 24 2.349 -40.5 0.855 2.349 -38 0.855 2.5 -38 0 1.915 -40.5 1.607
5 24 -1.915 -40.5 -1.607 -1.915 -38 -1.607 -2.349 -38 -0.855 -1.25 -40.5 -2.165
5 24 0.434 -40.5 -2.462 0.434 -38 -2.462 -0.434 -38 -2.462 1.25 -40.5 -2.165
5 24 2.349 -40.5 -0.855 2.349 -38 -0.855 1.915 -38 -1.607 2.5 -40.5 0
5 24 -2.349 -40.5 -0.855 -2.349 -38 -0.855 -2.5 -38 0 -1.915 -40.5 -1.607
5 24 1.915 -40.5 1.607 1.915 -38 1.607 2.349 -38 0.855 1.25 -40.5 2.165
5 24 -0.434 -40.5 -2.462 -0.434 -38 -2.462 -1.25 -38 -2.165 0.434 -40.5 -2.462
5 24 1.25 -40.5 2.165 1.25 -38 2.165 1.915 -38 1.607 0.434 -40.5 2.462
5 24 -0.434 -40.5 2.462 -0.434 -38 2.462 0.434 -38 2.462 -1.25 -40.5 2.165
5 24 1.25 -40.5 -2.165 1.25 -38 -2.165 0.434 -38 -2.462 1.915 -40.5 -1.607
5 24 -1.915 -40.5 1.607 -1.915 -38 1.607 -1.25 -38 2.165 -2.349 -40.5 0.855
5 24 -1.25 -40.5 2.165 -1.25 -38 2.165 -0.434 -38 2.462 -1.915 -40.5 1.607
5 24 2.5 -38 -4.33 2.5 -35.5 -4.33 0.868 -35.5 -4.924 3.83 -38 -3.214
5 24 -5 -38 0 -5 -35.5 0 -4.698 -35.5 1.71 -4.698 -38 -1.71
5 24 -2.5 -38 -4.33 -2.5 -35.5 -4.33 -3.83 -35.5 -3.214 -0.868 -38 -4.924
5 24 5 -38 0 5 -35.5 0 4.698 -38 1.71 4.698 -35.5 -1.71
5 24 -0.868 -38 4.924 -0.868 -35.5 4.924 0.868 -35.5 4.924 -2.5 -38 4.33
5 24 4.698 -38 1.71 4.698 -35.5 1.71 5 -35.5 0 3.83 -38 3.214
5 24 -2.5 -38 4.33 -2.5 -35.5 4.33 -0.868 -35.5 4.924 -3.83 -38 3.214
5 24 0.868 -38 4.924 0.868 -35.5 4.924 2.5 -35.5 4.33 -0.868 -38 4.924
5 24 4.698 -38 -1.71 4.698 -35.5 -1.71 3.83 -35.5 -3.214 5 -38 0
5 24 -0.868 -38 -4.924 -0.868 -35.5 -4.924 -2.5 -35.5 -4.33 0.868 -38 -4.924
5 24 -4.698 -38 1.71 -4.698 -35.5 1.71 -3.83 -35.5 3.214 -5 -38 0
5 24 0.868 -38 -4.924 0.868 -35.5 -4.924 -0.868 -35.5 -4.924 2.5 -38 -4.33
5 24 -4.698 -38 -1.71 -4.698 -35.5 -1.71 -5 -35.5 0 -3.83 -38 -3.214
5 24 -3.83 -38 -3.214 -3.83 -35.5 -3.214 -4.698 -35.5 -1.71 -2.5 -38 -4.33
5 24 3.83 -38 3.214 3.83 -35.5 3.214 4.698 -35.5 1.71 2.5 -38 4.33
5 24 3.83 -38 -3.214 3.83 -35.5 -3.214 2.5 -35.5 -4.33 4.698 -38 -1.71
5 24 -3.83 -38 3.214 -3.83 -35.5 3.214 -2.5 -35.5 4.33 -4.698 -38 1.71
5 24 2.5 -38 4.33 2.5 -35.5 4.33 3.83 -35.5 3.214 0.868 -38 4.924
5 24 0.434 -35.5 2.462 0.434 -33 2.462 1.25 -33 2.165 -0.434 -35.5 2.462
5 24 -2.349 -35.5 0.855 -2.349 -33 0.855 -1.915 -33 1.607 -2.5 -35.5 0
5 24 1.25 -35.5 2.165 1.25 -33 2.165 1.915 -33 1.607 0.434 -35.5 2.462
5 24 -0.434 -35.5 2.462 -0.434 -33 2.462 0.434 -33 2.462 -1.25 -35.5 2.165
5 24 0.434 -35.5 -2.462 0.434 -33 -2.462 -0.434 -33 -2.462 1.25 -35.5 -2.165
5 24 2.349 -35.5 0.855 2.349 -33 0.855 2.5 -33 0 1.915 -35.5 1.607
5 24 2.5 -35.5 0 2.5 -33 0 2.349 -35.5 0.855 2.349 -33 -0.855
5 24 -2.5 -35.5 0 -2.5 -33 0 -2.349 -33 0.855 -2.349 -35.5 -0.855
5 24 -2.349 -35.5 -0.855 -2.349 -33 -0.855 -2.5 -33 0 -1.915 -35.5 -1.607
5 24 -1.25 -35.5 -2.165 -1.25 -33 -2.165 -1.915 -33 -1.607 -0.434 -35.5 -2.462
5 24 2.349 -35.5 -0.855 2.349 -33 -0.855 1.915 -33 -1.607 2.5 -35.5 0
5 24 -1.25 -35.5 2.165 -1.25 -33 2.165 -0.434 -33 2.462 -1.915 -35.5 1.607
5 24 1.915 -35.5 1.607 1.915 -33 1.607 2.349 -33 0.855 1.25 -35.5 2.165
5 24 -0.434 -35.5 -2.462 -0.434 -33 -2.462 -1.25 -33 -2.165 0.434 -35.5 -2.462
5 24 -1.915 -35.5 1.607 -1.915 -33 1.607 -1.25 -33 2.165 -2.349 -35.5 0.855
5 24 1.915 -35.5 -1.607 1.915 -33 -1.607 1.25 -33 -2.165 2.349 -35.5 -0.855
5 24 -1.915 -35.5 -1.607 -1.915 -33 -1.607 -2.349 -33 -0.855 -1.25 -35.5 -2.165
5 24 1.25 -35.5 -2.165 1.25 -33 -2.165 0.434 -33 -2.462 1.915 -35.5 -1.607
5 24 -2.5 -33 4.33 -2.5 -5 4.33 -0.868 -5 4.924 -3.83 -33 3.214
5 24 2.5 -33 4.33 2.5 -5 4.33 3.83 -5 3.214 0.868 -33 4.924
5 24 -0.868 -33 -4.924 -0.868 -5 -4.924 -2.5 -5 -4.33 0.868 -33 -4.924
5 24 2.5 -33 -4.33 2.5 -5 -4.33 0.868 -5 -4.924 3.83 -33 -3.214
5 24 -4.698 -33 1.71 -4.698 -5 1.71 -3.83 -5 3.214 -5 -33 0
5 24 0.868 -33 -4.924 0.868 -5 -4.924 -0.868 -5 -4.924 2.5 -33 -4.33
5 24 3.83 -33 3.214 3.83 -5 3.214 4.698 -5 1.71 2.5 -33 4.33
5 24 -3.83 -33 3.214 -3.83 -5 3.214 -2.5 -5 4.33 -4.698 -33 1.71
5 24 3.83 -33 -3.214 3.83 -5 -3.214 2.5 -5 -4.33 4.698 -33 -1.71
5 24 -2.5 -33 -4.33 -2.5 -5 -4.33 -3.83 -5 -3.214 -0.868 -33 -4.924
5 24 0.868 -33 4.924 0.868 -5 4.924 2.5 -5 4.33 -0.868 -33 4.924
5 24 4.698 -33 1.71 4.698 -5 1.71 5 -5 0 3.83 -33 3.214
5 24 -4.698 -33 -1.71 -4.698 -5 -1.71 -5 -5 0 -3.83 -33 -3.214
5 24 4.698 -33 -1.71 4.698 -5 -1.71 3.83 -5 -3.214 5 -33 0
5 24 -3.83 -33 -3.214 -3.83 -5 -3.214 -4.698 -5 -1.71 -2.5 -33 -4.33
5 24 5 -33 0 5 -5 0 4.698 -33 1.71 4.698 -5 -1.71
5 24 -0.868 -33 4.924 -0.868 -5 4.924 0.868 -5 4.924 -2.5 -33 4.33
5 24 -5 -33 0 -5 -5 0 -4.698 -5 1.71 -4.698 -33 -1.71
5 24 0 -5 2.5 0 0 2.5 0.957 0 2.31 -0.957 -5 2.31
5 24 -0.957 -5 2.31 -0.957 0 2.31 0 0 2.5 -1.768 -5 1.768
5 24 0.957 -5 2.31 0.957 0 2.31 1.768 0 1.768 0 -5 2.5
5 24 -1.768 -5 1.768 -1.768 0 1.768 -0.957 0 2.31 -2.31 -5 0.957
5 24 1.768 -5 1.768 1.768 0 1.768 2.31 0 0.957 0.957 -5 2.31
5 24 2.31 -5 0.957 2.31 0 0.957 2.5 0 0 1.768 -5 1.768
5 24 -2.31 -5 0.957 -2.31 0 0.957 -1.768 0 1.768 -2.5 -5 0
5 24 2.5 -5 0 2.5 0 0 2.31 -5 0.957 2.31 0 -0.957
5 24 -2.5 -5 0 -2.5 0 0 -2.31 0 0.957 -2.31 -5 -0.957
5 24 2.31 -5 -0.957 2.31 0 -0.957 1.768 0 -1.768 2.5 -5 0
5 24 -2.31 -5 -0.957 -2.31 0 -0.957 -2.5 0 0 -1.768 -5 -1.768
5 24 -1.768 -5 -1.768 -1.768 0 -1.768 -2.31 0 -0.957 -0.957 -5 -2.31
5 24 1.768 -5 -1.768 1.768 0 -1.768 0.957 0 -2.31 2.31 -5 -0.957
5 24 0.957 -5 -2.31 0.957 0 -2.31 0 0 -2.5 1.768 -5 -1.768
5 24 -0.957 -5 -2.31 -0.957 0 -2.31 -1.768 0 -1.768 0 -5 -2.5
5 24 0 -5 -2.5 0 0 -2.5 -0.957 0 -2.31 0.957 -5 -2.31
