0 Misiles Cabezas sin eje exterior |M:M
0 Name: misilese.dat
0 Author: betatron & jasolo
0 !LDRAW_ORG Unofficial_Part
0 BFC CERTIFY CCW 
0 ROTATION CENTER 0 -27.538 0 0 "Eje Misiles" 
0 ROTATION CONFIG 1 0
3 16 -11.25 -45.148 -36.158 -11.538 -45.105 -36.173 -11.797 -44.981 -36.219
3 16 -10.962 -45.105 -36.173 -11.25 -45.148 -36.158 -11.797 -44.981 -36.219
3 16 11.797 -44.981 -36.219 11.538 -45.105 -36.173 11.25 -45.148 -36.158
3 16 10.962 -45.105 -36.173 11.797 -44.981 -36.219 11.25 -45.148 -36.158
3 16 -10.962 -45.105 -36.173 -10.497 -44.787 -36.289 -10.703 -44.981 -36.219
3 16 10.962 -45.105 -36.173 10.703 -44.981 -36.219 10.497 -44.787 -36.289
3 16 -10.962 -45.105 -36.173 -10.365 -44.543 -36.378 -10.497 -44.787 -36.289
3 16 10.962 -45.105 -36.173 10.497 -44.787 -36.289 10.365 -44.543 -36.378
3 16 -12.409 -41.566 -18.612 -13.454 -43.626 -25.828 -12.409 -44.126 -25.646
3 16 -9.046 -43.626 -25.828 -10.091 -41.566 -18.612 -10.091 -44.126 -25.646
3 16 9.046 -43.626 -25.828 10.091 -44.126 -25.646 10.091 -41.566 -18.612
3 16 13.454 -41.066 -18.794 13.454 -43.626 -25.828 14.284 -42.846 -26.111
3 16 -11.25 -41.739 -18.549 -11.875 -40.883 -16.2 -12.409 -41.566 -18.612
3 16 -11.875 -40.883 -16.2 -11.25 -41.739 -18.549 -10.625 -40.883 -16.2
3 16 -10.625 -40.883 -16.2 -11.25 -41.739 -18.549 -10.091 -41.566 -18.612
3 16 10.625 -40.883 -16.2 10.091 -41.566 -18.612 11.25 -41.739 -18.549
3 16 11.875 -40.883 -16.2 10.625 -40.883 -16.2 11.25 -41.739 -18.549
3 16 11.25 -41.739 -18.549 12.409 -41.566 -18.612 11.875 -40.883 -16.2
3 16 8.216 -40.286 -19.078 8.216 -42.846 -26.111 9.046 -43.626 -25.828
3 16 -14.284 -42.846 -26.111 -14.816 -39.304 -19.435 -14.816 -41.864 -26.469
3 16 -7.684 -39.304 -19.435 -8.216 -42.846 -26.111 -7.684 -41.864 -26.469
3 16 14.284 -42.846 -26.111 14.816 -41.864 -26.469 14.816 -39.304 -19.435
3 16 -15 -37.947 -17.268 -15 -38.215 -19.831 -14.816 -39.304 -19.435
3 16 -7.5 -38.215 -19.831 -7.5 -37.947 -17.268 -7.684 -39.304 -19.435
3 16 7.5 -38.215 -19.831 7.684 -39.304 -19.435 7.5 -37.947 -17.268
3 16 15 -37.947 -17.268 14.816 -39.304 -19.435 15 -38.215 -19.831
3 16 -10.625 -38.318 -9.152 -11.25 -37.46 -6.8 -11.875 -38.318 -9.152
3 16 10.625 -38.318 -9.152 11.875 -38.318 -9.152 11.25 -37.46 -6.8
3 16 -12.409 -37.291 -6.865 -13.454 -43.626 -25.828 -12.409 -41.566 -18.612
3 16 -11.875 -38.318 -9.152 -11.25 -37.46 -6.8 -12.409 -37.291 -6.865
3 16 -10.091 -37.291 -6.865 -11.25 -37.46 -6.8 -10.625 -38.318 -9.152
3 16 10.091 -37.291 -6.865 10.625 -38.318 -9.152 11.25 -37.46 -6.8
3 16 11.875 -38.318 -9.152 12.409 -37.291 -6.865 11.25 -37.46 -6.8
3 16 -14.816 -37.126 -20.228 -14.284 -38.704 -27.619 -14.816 -39.686 -27.262
3 16 -8.216 -38.704 -27.619 -7.684 -37.126 -20.228 -7.684 -39.686 -27.262
3 16 8.216 -38.704 -27.619 7.684 -39.686 -27.262 7.684 -37.126 -20.228
3 16 -13.454 -36.79 -7.048 -13.454 -43.626 -25.828 -12.409 -37.291 -6.865
3 16 -9.046 -36.79 -7.048 -10.091 -37.291 -6.865 -10.091 -41.566 -18.612
3 16 -9.046 -36.79 -7.048 -10.091 -41.566 -18.612 -9.046 -43.626 -25.828
3 16 9.05 -36.79 -7.05 9.046 -43.626 -25.828 10.091 -41.566 -18.612
3 16 9.05 -36.79 -7.05 10.091 -41.566 -18.612 10.091 -37.291 -6.865
3 16 13.454 -36.79 -7.048 13.454 -41.066 -18.794 14.284 -42.846 -26.111
3 16 -15 -36.772 -17.696 -15 -38.215 -19.831 -15 -37.947 -17.268
3 16 -15 -38.215 -19.831 -15 -36.772 -17.696 -14.816 -37.126 -20.228
3 16 -7.5 -36.772 -17.696 -7.5 -38.215 -19.831 -7.684 -37.126 -20.228
3 16 -7.5 -37.947 -17.268 -7.5 -38.215 -19.831 -7.5 -36.772 -17.696
3 16 7.5 -37.947 -17.268 7.5 -36.772 -17.696 7.5 -38.215 -19.831
3 16 7.5 -36.772 -17.696 7.684 -37.126 -20.228 7.5 -38.215 -19.831
3 16 15 -36.772 -17.696 15 -37.947 -17.268 15 -38.215 -19.831
3 16 15 -38.215 -19.831 14.816 -37.126 -20.228 15 -36.772 -17.696
3 16 14.284 -36.143 -20.585 14.284 -38.704 -27.619 13.454 -37.924 -27.903
3 16 -14.284 -36.011 -7.331 -14.816 -39.304 -19.435 -14.284 -42.846 -26.111
3 16 8.216 -36.011 -7.331 8.216 -40.286 -19.078 9.046 -43.626 -25.828
3 16 8.216 -36.011 -7.331 9.046 -43.626 -25.828 9.05 -36.79 -7.05
3 16 13.454 -36.79 -7.048 14.284 -42.846 -26.111 14.284 -36.011 -7.331
3 16 14.284 -36.011 -7.331 14.284 -42.846 -26.111 14.816 -39.304 -19.435
3 16 9.046 -35.364 -20.869 9.046 -37.924 -27.903 8.216 -38.704 -27.619
3 16 -14.284 -36.011 -7.331 -14.816 -35.028 -7.689 -14.816 -39.304 -19.435
3 16 -7.684 -35.028 -7.689 -8.216 -42.846 -26.111 -7.684 -39.304 -19.435
3 16 -7.684 -35.028 -7.689 -8.216 -36.011 -7.331 -8.216 -42.846 -26.111
3 16 14.284 -36.011 -7.331 14.816 -39.304 -19.435 14.816 -35.028 -7.689
3 16 -13.454 -37.924 -27.903 -12.409 -34.863 -21.051 -12.409 -37.423 -28.085
3 16 -10.091 -34.863 -21.051 -9.046 -37.924 -27.903 -10.091 -37.423 -28.085
3 16 13.454 -37.924 -27.903 12.409 -37.423 -28.085 12.409 -34.863 -21.051
3 16 -15 -35.382 -10.221 -15 -33.939 -8.085 -15 -34.207 -10.648
3 16 -14.816 -35.028 -7.689 -15 -33.939 -8.085 -15 -35.382 -10.221
3 16 -7.5 -34.207 -10.648 -7.5 -33.939 -8.085 -7.5 -35.382 -10.221
3 16 -7.5 -35.382 -10.221 -7.5 -33.939 -8.085 -7.684 -35.028 -7.689
3 16 7.5 -34.207 -10.648 7.5 -35.382 -10.221 7.5 -33.939 -8.085
3 16 7.5 -35.382 -10.221 7.684 -35.028 -7.689 7.5 -33.939 -8.085
3 16 15 -35.382 -10.221 15 -34.207 -10.648 15 -33.939 -8.085
3 16 14.816 -35.028 -7.689 15 -35.382 -10.221 15 -33.939 -8.085
3 16 -11.875 -33.836 -18.765 -11.25 -34.691 -21.114 -12.409 -34.863 -21.051
3 16 -10.625 -33.836 -18.765 -11.25 -34.691 -21.114 -11.875 -33.836 -18.765
3 16 -11.25 -34.691 -21.114 -10.625 -33.836 -18.765 -10.091 -34.863 -21.051
3 16 11.25 -34.691 -21.114 10.091 -34.863 -21.051 10.625 -33.836 -18.765
3 16 10.625 -33.836 -18.765 11.875 -33.836 -18.765 11.25 -34.691 -21.114
3 16 11.875 -33.836 -18.765 12.409 -34.863 -21.051 11.25 -34.691 -21.114
3 16 -15 -34.207 -10.648 -15 -33.939 -8.085 -14.816 -32.851 -8.482
3 16 -14.816 -32.851 -8.482 -14.284 -38.704 -27.619 -14.816 -37.126 -20.228
3 16 -7.684 -32.851 -8.482 -7.5 -33.939 -8.085 -7.5 -34.207 -10.648
3 16 7.684 -32.851 -8.482 7.5 -34.207 -10.648 7.5 -33.939 -8.085
3 16 15 -34.207 -10.648 14.816 -32.851 -8.482 15 -33.939 -8.085
3 16 -15 -31.869 -2.396 -15 -33.939 -8.085 -14.816 -35.028 -7.689
3 16 -7.5 -31.869 -2.396 -7.684 -35.028 -7.689 -7.5 -33.939 -8.085
3 16 7.5 -31.869 -2.396 7.5 -33.939 -8.085 7.684 -35.028 -7.689
3 16 15 -31.869 -2.396 14.816 -35.028 -7.689 15 -33.939 -8.085
3 16 -14.816 -32.851 -8.482 -14.284 -31.868 -8.839 -14.284 -38.704 -27.619
3 16 -8.216 -31.868 -8.839 -7.684 -32.851 -8.482 -7.684 -37.126 -20.228
3 16 -8.216 -31.868 -8.839 -7.684 -37.126 -20.228 -8.216 -38.704 -27.619
3 16 8.216 -31.868 -8.839 8.216 -38.704 -27.619 7.684 -37.126 -20.228
3 16 8.216 -31.868 -8.839 7.684 -37.126 -20.228 7.684 -32.851 -8.482
3 16 14.284 -31.868 -8.839 14.284 -36.143 -20.585 13.454 -37.924 -27.903
3 16 -14.98 -31.68 -2.8 -15 -33.939 -8.085 -15 -31.869 -2.396
3 16 -7.52 -31.68 -2.8 -7.5 -31.869 -2.396 -7.5 -33.939 -8.085
3 16 7.52 -31.68 -2.8 7.5 -33.939 -8.085 7.5 -31.869 -2.396
3 16 14.98 -31.68 -2.8 15 -31.869 -2.396 15 -33.939 -8.085
3 16 -13.454 -31.089 -9.123 -12.409 -34.863 -21.051 -13.454 -37.924 -27.903
3 16 9.046 -31.089 -9.123 9.046 -35.364 -20.869 8.216 -38.704 -27.619
3 16 9.046 -31.089 -9.123 8.216 -38.704 -27.619 8.216 -31.868 -8.839
3 16 13.454 -31.089 -9.123 13.454 -37.924 -27.903 12.409 -34.863 -21.051
3 16 14.284 -31.868 -8.839 13.454 -37.924 -27.903 13.454 -31.089 -9.123
3 16 -15 -33.939 -8.085 -14.98 -31.68 -2.8 -14.816 -31.034 -3.491
3 16 -7.5 -33.939 -8.085 -7.684 -31.034 -3.491 -7.52 -31.68 -2.8
3 16 7.5 -33.939 -8.085 7.52 -31.68 -2.8 7.684 -31.034 -3.491
3 16 15 -33.939 -8.085 14.816 -31.034 -3.491 14.98 -31.68 -2.8
3 16 -14.58 -30.678 -3.873 -14.816 -32.851 -8.482 -14.816 -31.034 -3.491
3 16 -7.92 -30.678 -3.873 -7.684 -31.034 -3.491 -7.684 -32.851 -8.482
3 16 7.92 -30.678 -3.873 7.684 -32.851 -8.482 7.684 -31.034 -3.491
3 16 14.58 -30.678 -3.873 14.816 -31.034 -3.491 14.816 -32.851 -8.482
3 16 -15 -30.616 -3.94 -14.98 -31.68 -2.8 -15 -31.869 -2.396
3 16 -14.98 -31.68 -2.8 -15 -30.616 -3.94 -14.816 -31.034 -3.491
3 16 -14.816 -31.034 -3.491 -15 -30.616 -3.94 -14.58 -30.678 -3.873
3 16 -7.52 -31.68 -2.8 -7.684 -31.034 -3.491 -7.5 -30.616 -3.94
3 16 -7.5 -30.616 -3.94 -7.5 -31.869 -2.396 -7.52 -31.68 -2.8
3 16 -7.684 -31.034 -3.491 -7.92 -30.678 -3.873 -7.5 -30.616 -3.94
3 16 7.5 -30.616 -3.94 7.52 -31.68 -2.8 7.5 -31.869 -2.396
3 16 7.52 -31.68 -2.8 7.5 -30.616 -3.94 7.684 -31.034 -3.491
3 16 7.684 -31.034 -3.491 7.5 -30.616 -3.94 7.92 -30.678 -3.873
3 16 15 -30.616 -3.94 15 -31.869 -2.396 14.98 -31.68 -2.8
3 16 14.816 -31.034 -3.491 14.58 -30.678 -3.873 15 -30.616 -3.94
3 16 14.98 -31.68 -2.8 14.816 -31.034 -3.491 15 -30.616 -3.94
3 16 -13.454 -31.089 -9.123 -12.409 -30.588 -9.305 -12.409 -34.863 -21.051
3 16 -10.091 -30.588 -9.305 -9.046 -31.089 -9.123 -9.046 -37.924 -27.903
3 16 -10.091 -30.588 -9.305 -9.046 -37.924 -27.903 -10.091 -34.863 -21.051
3 16 13.454 -31.089 -9.123 12.409 -34.863 -21.051 12.409 -30.588 -9.305
3 16 -12.409 -30.588 -9.305 -11.25 -30.416 -9.368 -11.875 -31.271 -11.717
3 16 -11.875 -31.271 -11.717 -11.25 -30.416 -9.368 -10.625 -31.271 -11.717
3 16 -10.625 -31.271 -11.717 -11.25 -30.416 -9.368 -10.091 -30.588 -9.305
3 16 10.625 -31.271 -11.717 10.091 -30.588 -9.305 11.25 -30.416 -9.368
3 16 11.875 -31.271 -11.717 10.625 -31.271 -11.717 11.25 -30.416 -9.368
3 16 12.409 -30.588 -9.305 11.875 -31.271 -11.717 11.25 -30.416 -9.368
3 16 -15 -31.869 -2.396 -14.816 -35.028 -7.689 -14.816 -24.841 20.302
3 16 -14.284 -30.168 -4.167 -14.284 -31.868 -8.839 -14.58 -30.678 -3.873
3 16 -14.284 -30.168 -4.167 -14.58 -30.678 -3.873 -15 -30.616 -3.94
3 16 -8.216 -30.168 -4.167 -7.92 -30.678 -3.873 -8.216 -31.868 -8.839
3 16 -8.216 -30.168 -4.167 -7.5 -30.616 -3.94 -7.92 -30.678 -3.873
3 16 8.216 -30.168 -4.167 7.92 -30.678 -3.873 7.5 -30.616 -3.94
3 16 8.216 -30.168 -4.167 8.216 -31.868 -8.839 7.92 -30.678 -3.873
3 16 14.284 -30.168 -4.167 14.58 -30.678 -3.873 14.284 -31.868 -8.839
3 16 14.284 -30.168 -4.167 15 -30.616 -3.94 14.58 -30.678 -3.873
3 16 -7.5 -29.941 -0.689 -7.5 -30.037 0.087 -7.5 -31.869 -2.396
3 16 7.5 -29.941 -0.689 7.5 -31.869 -2.396 7.5 -30.037 0.087
3 16 -7.5 -30.037 0.087 -7.5 -29.887 0.855 -7.5 -31.869 -2.396
3 16 7.5 -30.037 0.087 7.5 -31.869 -2.396 7.5 -29.887 0.855
3 16 -7.5 -29.611 -1.398 -7.5 -29.941 -0.689 -7.5 -31.869 -2.396
3 16 7.5 -29.611 -1.398 7.5 -31.869 -2.396 7.5 -29.941 -0.689
3 16 -14.284 -30.168 -4.167 -15 -30.616 -3.94 -15 -29.25 -4.7
3 16 -13.454 -29.438 -4.589 -14.284 -30.168 -4.167 -15 -29.25 -4.7
3 16 -9.046 -29.438 -4.589 -7.5 -29.25 -4.7 -8.216 -30.168 -4.167
3 16 -8.216 -30.168 -4.167 -7.5 -29.25 -4.7 -7.5 -30.616 -3.94
3 16 8.216 -30.168 -4.167 7.5 -30.616 -3.94 7.5 -29.25 -4.7
3 16 9.046 -29.438 -4.589 8.216 -30.168 -4.167 7.5 -29.25 -4.7
3 16 14.284 -30.168 -4.167 15 -29.25 -4.7 15 -30.616 -3.94
3 16 13.454 -29.438 -4.589 15 -29.25 -4.7 14.284 -30.168 -4.167
3 16 -13.03 -29.248 -4.698 -13.454 -29.438 -4.589 -15 -29.25 -4.7
3 16 -9.046 -31.089 -9.123 -9.47 -29.248 -4.698 -9.046 -29.438 -4.589
3 16 -9.47 -29.248 -4.698 -7.5 -29.25 -4.7 -9.046 -29.438 -4.589
3 16 9.47 -29.248 -4.698 9.046 -29.438 -4.589 7.5 -29.25 -4.7
3 16 9.046 -31.089 -9.123 9.046 -29.438 -4.589 9.47 -29.248 -4.698
3 16 13.454 -31.089 -9.123 13.03 -29.248 -4.698 13.454 -29.438 -4.589
3 16 13.03 -29.248 -4.698 15 -29.25 -4.7 13.454 -29.438 -4.589
3 16 -10.091 -28.932 -4.754 -9.47 -29.248 -4.698 -10.091 -30.588 -9.305
3 16 -10.091 -28.932 -4.754 -7.5 -29.25 -4.7 -9.47 -29.248 -4.698
3 16 10.091 -28.932 -4.754 10.091 -30.588 -9.305 9.47 -29.248 -4.698
3 16 10.091 -28.932 -4.754 9.47 -29.248 -4.698 7.5 -29.25 -4.7
3 16 12.409 -28.932 -4.754 13.03 -29.248 -4.698 12.409 -30.588 -9.305
3 16 12.409 -28.932 -4.754 15 -29.25 -4.7 13.03 -29.248 -4.698
3 16 -12.41 -28.93 -4.75 -13.03 -29.248 -4.698 -15 -29.25 -4.7
3 16 -12.41 -28.93 -4.75 -11.25 -28.748 -4.787 -11.25 -30.416 -9.368
3 16 -7.5 -28.393 -2.349 -7.5 -29.077 -1.97 -7.5 -30.616 -3.94
3 16 7.5 -28.393 -2.349 7.5 -30.616 -3.94 7.5 -29.077 -1.97
3 16 -15 -27.713 -4.997 -15 -29.25 -4.7 -15 -30.616 -3.94
3 16 -12.41 -28.93 -4.75 -15 -29.25 -4.7 -15 -27.713 -4.997
3 16 -11.25 -28.748 -4.787 -12.41 -28.93 -4.75 -15 -27.713 -4.997
3 16 -11.25 -28.748 -4.787 -7.5 -27.713 -4.997 -10.091 -28.932 -4.754
3 16 -11.25 -28.748 -4.787 -15 -27.713 -4.997 -7.5 -27.713 -4.997
3 16 -7.5 -27.713 -4.997 -7.5 -30.616 -3.94 -7.5 -29.25 -4.7
3 16 -10.091 -28.932 -4.754 -7.5 -27.713 -4.997 -7.5 -29.25 -4.7
3 16 7.5 -27.713 -4.997 7.5 -29.25 -4.7 7.5 -30.616 -3.94
3 16 10.091 -28.932 -4.754 7.5 -29.25 -4.7 7.5 -27.713 -4.997
3 16 11.25 -28.748 -4.787 10.091 -28.932 -4.754 7.5 -27.713 -4.997
3 16 11.25 -28.748 -4.787 7.5 -27.713 -4.997 15 -27.713 -4.997
3 16 12.409 -28.932 -4.754 15 -27.713 -4.997 15 -29.25 -4.7
3 16 11.25 -28.748 -4.787 15 -27.713 -4.997 12.409 -28.932 -4.754
3 16 15 -27.713 -4.997 15 -30.616 -3.94 15 -29.25 -4.7
3 16 -7.5 -27.625 -2.498 -7.5 -27.713 -4.997 -7.5 -26.849 -2.403
3 16 7.5 -27.625 -2.498 7.5 -26.849 -2.403 7.5 -27.713 -4.997
3 16 -11.25 -27.276 21.188 -13.454 -26.603 20.943 -12.409 -27.103 21.125
3 16 -11.25 -27.276 21.188 -10.091 -27.103 21.125 -9.046 -26.603 20.943
3 16 11.25 -27.276 21.188 9.046 -26.603 20.943 10.091 -27.103 21.125
3 16 11.25 -27.276 21.188 12.409 -27.103 21.125 13.454 -26.603 20.943
3 16 -7.5 -25.999 1.97 -7.5 -23.752 19.905 -7.5 -26.683 2.349
3 16 7.5 -25.999 1.97 7.5 -26.683 2.349 7.5 -23.752 19.905
3 16 -7.5 -25.465 1.398 -7.5 -23.752 19.905 -7.5 -25.999 1.97
3 16 7.5 -25.465 1.398 7.5 -25.999 1.97 7.5 -23.752 19.905
3 16 -7.684 -24.841 20.302 -9.046 -26.603 20.943 -8.216 -25.823 20.659
3 16 -15 -24.742 -4.145 -15 -26.16 -4.806 -15 -27.713 -4.997
3 16 -7.5 -24.742 -4.145 -7.5 -27.713 -4.997 -7.5 -26.16 -4.806
3 16 -7.5 -26.14 -2.073 -7.5 -24.742 -4.145 -7.5 -25.568 -1.539
3 16 7.5 -24.742 -4.145 7.5 -26.16 -4.806 7.5 -27.713 -4.997
3 16 7.5 -26.14 -2.073 7.5 -25.568 -1.539 7.5 -24.742 -4.145
3 16 15 -24.742 -4.145 15 -27.713 -4.997 15 -26.16 -4.806
3 16 -15 -27.5385 0 -15 -31.869 -2.396 -15 -23.752 19.905
3 16 -14.816 -24.841 20.302 -15 -23.752 19.905 -15 -31.869 -2.396
3 16 -7.5 -28.936 2.073 -7.5 -23.752 19.905 -7.5 -29.508 1.539
3 16 -7.5 -28.227 2.403 -7.5 -23.752 19.905 -7.5 -28.936 2.073
3 16 -7.5 -29.887 0.855 -7.5 -23.752 19.905 -7.5 -31.869 -2.396
3 16 -7.5 -29.887 0.855 -7.5 -29.508 1.539 -7.5 -23.752 19.905
3 16 -7.5 -27.451 2.498 -7.5 -23.752 19.905 -7.5 -28.227 2.403
3 16 7.5 -28.936 2.073 7.5 -29.508 1.539 7.5 -23.752 19.905
3 16 7.5 -29.887 0.855 7.5 -23.752 19.905 7.5 -29.508 1.539
3 16 7.5 -28.227 2.403 7.5 -28.936 2.073 7.5 -23.752 19.905
3 16 7.5 -29.887 0.855 7.5 -31.869 -2.396 7.5 -23.752 19.905
3 16 7.5 -27.451 2.498 7.5 -28.227 2.403 7.5 -23.752 19.905
3 16 15 -27.5385 0 15 -23.752 19.905 15 -31.869 -2.396
3 16 -15 -22.84 -1.71 -15 -23.598 -3.078 -15 -24.742 -4.145
3 16 -7.5 -22.84 -1.71 -7.5 -24.742 -4.145 -7.5 -23.598 -3.078
3 16 7.5 -22.84 -1.71 7.5 -23.598 -3.078 7.5 -24.742 -4.145
3 16 15 -22.84 -1.71 15 -24.742 -4.145 15 -23.598 -3.078
3 16 -7.5 -25.04 -0.087 -7.5 -22.541 -0.174 -7.5 -25.135 0.689
3 16 7.5 -25.04 -0.087 7.5 -25.135 0.689 7.5 -22.541 -0.174
3 16 -15 -20.228 18.623 -15 -23.752 19.905 -14.816 -24.841 20.302
3 16 -7.5 -20.228 18.623 -7.684 -24.841 20.302 -7.5 -23.752 19.905
3 16 7.5 -22.541 -0.174 7.5 -20.228 18.623 15 -22.541 -0.174
3 16 15 -20.228 18.623 14.816 -24.841 20.302 15 -23.752 19.905
4 16 -11.25 -45.414 -32.409 -12.011 -45.301 -32.451 -11.538 -45.105 -36.173 -11.25 -45.148 -36.158
4 16 -10.489 -45.301 -32.451 -11.25 -45.414 -32.409 -11.25 -45.148 -36.158 -10.962 -45.105 -36.173
4 16 10.489 -45.301 -32.451 10.962 -45.105 -36.173 11.25 -45.148 -36.158 11.25 -45.414 -32.409
4 16 11.25 -45.414 -32.409 11.25 -45.148 -36.158 11.538 -45.105 -36.173 12.011 -45.301 -32.451
4 16 -12.011 -45.301 -32.451 -12.698 -44.972 -32.57 -11.797 -44.981 -36.219 -11.538 -45.105 -36.173
4 16 -9.802 -44.972 -32.57 -10.489 -45.301 -32.451 -10.962 -45.105 -36.173 -10.703 -44.981 -36.219
4 16 9.802 -44.972 -32.57 10.703 -44.981 -36.219 10.962 -45.105 -36.173 10.489 -45.301 -32.451
4 16 12.011 -45.301 -32.451 11.538 -45.105 -36.173 11.797 -44.981 -36.219 12.698 -44.972 -32.57
4 16 -10.962 -45.105 -36.173 -11.797 -44.981 -36.219 -12.003 -44.787 -36.289 -12.135 -44.543 -36.378
4 16 10.962 -45.105 -36.173 12.135 -44.543 -36.378 12.003 -44.787 -36.289 11.797 -44.981 -36.219
4 16 -12.698 -44.972 -32.57 -13.243 -44.46 -32.757 -12.003 -44.787 -36.289 -11.797 -44.981 -36.219
4 16 -9.257 -44.46 -32.757 -9.802 -44.972 -32.57 -10.703 -44.981 -36.219 -10.497 -44.787 -36.289
4 16 9.257 -44.46 -32.757 10.497 -44.787 -36.289 10.703 -44.981 -36.219 9.802 -44.972 -32.57
4 16 12.698 -44.972 -32.57 11.797 -44.981 -36.219 12.003 -44.787 -36.289 13.243 -44.46 -32.757
4 16 -11.25 -44.299 -25.583 -12.409 -44.126 -25.646 -12.011 -45.301 -32.451 -11.25 -45.414 -32.409
4 16 -10.091 -44.126 -25.646 -11.25 -44.299 -25.583 -11.25 -45.414 -32.409 -10.489 -45.301 -32.451
4 16 10.091 -44.126 -25.646 10.489 -45.301 -32.451 11.25 -45.414 -32.409 11.25 -44.299 -25.583
4 16 11.25 -44.299 -25.583 11.25 -45.414 -32.409 12.011 -45.301 -32.451 12.409 -44.126 -25.646
4 16 -10.962 -45.105 -36.173 -12.135 -44.543 -36.378 -12.181 -44.273 -36.476 -12.135 -44.003 -36.574
4 16 -10.962 -45.105 -36.173 -10.365 -44.003 -36.574 -10.319 -44.273 -36.476 -10.365 -44.543 -36.378
4 16 10.962 -45.105 -36.173 10.365 -44.543 -36.378 10.319 -44.273 -36.476 10.365 -44.003 -36.574
4 16 10.962 -45.105 -36.173 12.135 -44.003 -36.574 12.181 -44.273 -36.476 12.135 -44.543 -36.378
4 16 -13.243 -44.46 -32.757 -13.593 -43.815 -32.991 -12.135 -44.543 -36.378 -12.003 -44.787 -36.289
4 16 -8.907 -43.815 -32.991 -9.257 -44.46 -32.757 -10.497 -44.787 -36.289 -10.365 -44.543 -36.378
4 16 8.907 -43.815 -32.991 10.365 -44.543 -36.378 10.497 -44.787 -36.289 9.257 -44.46 -32.757
4 16 13.243 -44.46 -32.757 12.003 -44.787 -36.289 12.135 -44.543 -36.378 13.593 -43.815 -32.991
4 16 -12.409 -44.126 -25.646 -13.454 -43.626 -25.828 -12.698 -44.972 -32.57 -12.011 -45.301 -32.451
4 16 -9.046 -43.626 -25.828 -10.091 -44.126 -25.646 -10.489 -45.301 -32.451 -9.802 -44.972 -32.57
4 16 9.046 -43.626 -25.828 9.802 -44.972 -32.57 10.489 -45.301 -32.451 10.091 -44.126 -25.646
4 16 12.409 -44.126 -25.646 12.011 -45.301 -32.451 12.698 -44.972 -32.57 13.454 -43.626 -25.828
4 16 -10.962 -45.105 -36.173 -12.135 -44.003 -36.574 -12.003 -43.759 -36.663 -11.797 -43.565 -36.734
4 16 -10.962 -45.105 -36.173 -10.703 -43.565 -36.734 -10.497 -43.759 -36.663 -10.365 -44.003 -36.574
4 16 10.962 -45.105 -36.173 10.365 -44.003 -36.574 10.497 -43.759 -36.663 10.703 -43.565 -36.734
4 16 10.962 -45.105 -36.173 11.797 -43.565 -36.734 12.003 -43.759 -36.663 12.135 -44.003 -36.574
4 16 -11.875 -43.402 -9.962 -11.875 -44.257 -12.311 -10.625 -44.257 -12.311 -10.625 -43.402 -9.962
4 16 11.875 -43.402 -9.962 10.625 -43.402 -9.962 10.625 -44.257 -12.311 11.875 -44.257 -12.311
4 16 -10.962 -45.105 -36.173 -11.797 -43.565 -36.734 -11.538 -43.441 -36.779 -11.25 -43.398 -36.795
4 16 -10.962 -45.105 -36.173 -11.25 -43.398 -36.795 -10.962 -43.441 -36.779 -10.703 -43.565 -36.734
4 16 10.962 -45.105 -36.173 10.703 -43.565 -36.734 10.962 -43.441 -36.779 11.25 -43.398 -36.795
4 16 10.962 -45.105 -36.173 11.25 -43.398 -36.795 11.538 -43.441 -36.779 11.797 -43.565 -36.734
4 16 -13.593 -43.815 -32.991 -13.713 -43.099 -33.252 -12.181 -44.273 -36.476 -12.135 -44.543 -36.378
4 16 -8.787 -43.099 -33.252 -8.907 -43.815 -32.991 -10.365 -44.543 -36.378 -10.319 -44.273 -36.476
4 16 8.787 -43.099 -33.252 10.319 -44.273 -36.476 10.365 -44.543 -36.378 8.907 -43.815 -32.991
4 16 13.593 -43.815 -32.991 12.135 -44.543 -36.378 12.181 -44.273 -36.476 13.713 -43.099 -33.252
4 16 -13.454 -43.626 -25.828 -14.284 -42.846 -26.111 -13.243 -44.46 -32.757 -12.698 -44.972 -32.57
4 16 -8.216 -42.846 -26.111 -9.046 -43.626 -25.828 -9.802 -44.972 -32.57 -9.257 -44.46 -32.757
4 16 8.216 -42.846 -26.111 9.257 -44.46 -32.757 9.802 -44.972 -32.57 9.046 -43.626 -25.828
4 16 13.454 -43.626 -25.828 12.698 -44.972 -32.57 13.243 -44.46 -32.757 14.284 -42.846 -26.111
4 16 -13.713 -43.099 -33.252 -13.593 -42.384 -33.512 -12.135 -44.003 -36.574 -12.181 -44.273 -36.476
4 16 -8.907 -42.384 -33.512 -8.787 -43.099 -33.252 -10.319 -44.273 -36.476 -10.365 -44.003 -36.574
4 16 8.907 -42.384 -33.512 10.365 -44.003 -36.574 10.319 -44.273 -36.476 8.787 -43.099 -33.252
4 16 13.713 -43.099 -33.252 12.181 -44.273 -36.476 12.135 -44.003 -36.574 13.593 -42.384 -33.512
4 16 -14.284 -42.846 -26.111 -14.816 -41.864 -26.469 -13.593 -43.815 -32.991 -13.243 -44.46 -32.757
4 16 -7.684 -41.864 -26.469 -8.216 -42.846 -26.111 -9.257 -44.46 -32.757 -8.907 -43.815 -32.991
4 16 7.684 -41.864 -26.469 8.907 -43.815 -32.991 9.257 -44.46 -32.757 8.216 -42.846 -26.111
4 16 14.284 -42.846 -26.111 13.243 -44.46 -32.757 13.593 -43.815 -32.991 14.816 -41.864 -26.469
4 16 -13.593 -42.384 -33.512 -13.243 -41.739 -33.747 -12.003 -43.759 -36.663 -12.135 -44.003 -36.574
4 16 -9.257 -41.739 -33.747 -8.907 -42.384 -33.512 -10.365 -44.003 -36.574 -10.497 -43.759 -36.663
4 16 9.257 -41.739 -33.747 10.497 -43.759 -36.663 10.365 -44.003 -36.574 8.907 -42.384 -33.512
4 16 13.593 -42.384 -33.512 12.135 -44.003 -36.574 12.003 -43.759 -36.663 13.243 -41.739 -33.747
4 16 -11.25 -41.739 -18.549 -12.409 -41.566 -18.612 -12.409 -44.126 -25.646 -11.25 -44.299 -25.583
4 16 -10.091 -41.566 -18.612 -11.25 -41.739 -18.549 -11.25 -44.299 -25.583 -10.091 -44.126 -25.646
4 16 10.091 -41.566 -18.612 10.091 -44.126 -25.646 11.25 -44.299 -25.583 11.25 -41.739 -18.549
4 16 11.25 -41.739 -18.549 11.25 -44.299 -25.583 12.409 -44.126 -25.646 12.409 -41.566 -18.612
4 16 -13.243 -41.739 -33.747 -12.698 -41.227 -33.933 -11.797 -43.565 -36.734 -12.003 -43.759 -36.663
4 16 -9.802 -41.227 -33.933 -9.257 -41.739 -33.747 -10.497 -43.759 -36.663 -10.703 -43.565 -36.734
4 16 9.802 -41.227 -33.933 10.703 -43.565 -36.734 10.497 -43.759 -36.663 9.257 -41.739 -33.747
4 16 13.243 -41.739 -33.747 12.003 -43.759 -36.663 11.797 -43.565 -36.734 12.698 -41.227 -33.933
4 16 12.409 -41.566 -18.612 12.409 -44.126 -25.646 13.454 -43.626 -25.828 13.454 -41.066 -18.794
4 16 -12.698 -41.227 -33.933 -12.011 -40.898 -34.053 -11.538 -43.441 -36.779 -11.797 -43.565 -36.734
4 16 -10.489 -40.898 -34.053 -9.802 -41.227 -33.933 -10.703 -43.565 -36.734 -10.962 -43.441 -36.779
4 16 10.489 -40.898 -34.053 10.962 -43.441 -36.779 10.703 -43.565 -36.734 9.802 -41.227 -33.933
4 16 12.698 -41.227 -33.933 11.797 -43.565 -36.734 11.538 -43.441 -36.779 12.011 -40.898 -34.053
4 16 -11.875 -40.883 -16.2 -10.625 -40.883 -16.2 -10.625 -44.257 -12.311 -11.875 -44.257 -12.311
4 16 11.875 -40.883 -16.2 11.875 -44.257 -12.311 10.625 -44.257 -12.311 10.625 -40.883 -16.2
4 16 -12.011 -40.898 -34.053 -11.25 -40.785 -34.094 -11.25 -43.398 -36.795 -11.538 -43.441 -36.779
4 16 -11.25 -40.785 -34.094 -10.489 -40.898 -34.053 -10.962 -43.441 -36.779 -11.25 -43.398 -36.795
4 16 11.25 -40.785 -34.094 11.25 -43.398 -36.795 10.962 -43.441 -36.779 10.489 -40.898 -34.053
4 16 12.011 -40.898 -34.053 11.538 -43.441 -36.779 11.25 -43.398 -36.795 11.25 -40.785 -34.094
4 16 -14.816 -41.864 -26.469 -15 -40.775 -26.865 -13.713 -43.099 -33.252 -13.593 -43.815 -32.991
4 16 -7.5 -40.775 -26.865 -7.684 -41.864 -26.469 -8.907 -43.815 -32.991 -8.787 -43.099 -33.252
4 16 7.5 -40.775 -26.865 8.787 -43.099 -33.252 8.907 -43.815 -32.991 7.684 -41.864 -26.469
4 16 14.816 -41.864 -26.469 13.593 -43.815 -32.991 13.713 -43.099 -33.252 15 -40.775 -26.865
4 16 -15 -40.775 -26.865 -14.816 -39.686 -27.262 -13.593 -42.384 -33.512 -13.713 -43.099 -33.252
4 16 -7.684 -39.686 -27.262 -7.5 -40.775 -26.865 -8.787 -43.099 -33.252 -8.907 -42.384 -33.512
4 16 7.684 -39.686 -27.262 8.907 -42.384 -33.512 8.787 -43.099 -33.252 7.5 -40.775 -26.865
4 16 15 -40.775 -26.865 13.713 -43.099 -33.252 13.593 -42.384 -33.512 14.816 -39.686 -27.262
4 16 7.684 -39.304 -19.435 7.684 -41.864 -26.469 8.216 -42.846 -26.111 8.216 -40.286 -19.078
4 16 -14.816 -39.686 -27.262 -14.284 -38.704 -27.619 -13.243 -41.739 -33.747 -13.593 -42.384 -33.512
4 16 -8.216 -38.704 -27.619 -7.684 -39.686 -27.262 -8.907 -42.384 -33.512 -9.257 -41.739 -33.747
4 16 8.216 -38.704 -27.619 9.257 -41.739 -33.747 8.907 -42.384 -33.512 7.684 -39.686 -27.262
4 16 14.816 -39.686 -27.262 13.593 -42.384 -33.512 13.243 -41.739 -33.747 14.284 -38.704 -27.619
4 16 -11.875 -38.318 -9.152 -11.875 -40.883 -16.2 -11.875 -44.257 -12.311 -11.875 -43.402 -9.962
4 16 -10.625 -38.318 -9.152 -10.625 -43.402 -9.962 -10.625 -44.257 -12.311 -10.625 -40.883 -16.2
4 16 -10.625 -38.318 -9.152 -11.875 -38.318 -9.152 -11.875 -43.402 -9.962 -10.625 -43.402 -9.962
4 16 10.625 -38.318 -9.152 10.625 -40.883 -16.2 10.625 -44.257 -12.311 10.625 -43.402 -9.962
4 16 10.625 -38.318 -9.152 10.625 -43.402 -9.962 11.875 -43.402 -9.962 11.875 -38.318 -9.152
4 16 11.875 -38.318 -9.152 11.875 -43.402 -9.962 11.875 -44.257 -12.311 11.875 -40.883 -16.2
4 16 -14.816 -39.304 -19.435 -15 -38.215 -19.831 -15 -40.775 -26.865 -14.816 -41.864 -26.469
4 16 -7.5 -38.215 -19.831 -7.684 -39.304 -19.435 -7.684 -41.864 -26.469 -7.5 -40.775 -26.865
4 16 7.5 -38.215 -19.831 7.5 -40.775 -26.865 7.684 -41.864 -26.469 7.684 -39.304 -19.435
4 16 14.816 -39.304 -19.435 14.816 -41.864 -26.469 15 -40.775 -26.865 15 -38.215 -19.831
4 16 -14.284 -38.704 -27.619 -13.454 -37.924 -27.903 -12.698 -41.227 -33.933 -13.243 -41.739 -33.747
4 16 -9.046 -37.924 -27.903 -8.216 -38.704 -27.619 -9.257 -41.739 -33.747 -9.802 -41.227 -33.933
4 16 9.046 -37.924 -27.903 9.802 -41.227 -33.933 9.257 -41.739 -33.747 8.216 -38.704 -27.619
4 16 14.284 -38.704 -27.619 13.243 -41.739 -33.747 12.698 -41.227 -33.933 13.454 -37.924 -27.903
4 16 -13.454 -37.924 -27.903 -12.409 -37.423 -28.085 -12.011 -40.898 -34.053 -12.698 -41.227 -33.933
4 16 -10.091 -37.423 -28.085 -9.046 -37.924 -27.903 -9.802 -41.227 -33.933 -10.489 -40.898 -34.053
4 16 10.091 -37.423 -28.085 10.489 -40.898 -34.053 9.802 -41.227 -33.933 9.046 -37.924 -27.903
4 16 13.454 -37.924 -27.903 12.698 -41.227 -33.933 12.011 -40.898 -34.053 12.409 -37.423 -28.085
4 16 -11.875 -40.883 -16.2 -11.875 -38.318 -9.152 -12.409 -37.291 -6.865 -12.409 -41.566 -18.612
4 16 -10.091 -37.291 -6.865 -10.625 -38.318 -9.152 -10.625 -40.883 -16.2 -10.091 -41.566 -18.612
4 16 10.091 -37.291 -6.865 10.091 -41.566 -18.612 10.625 -40.883 -16.2 10.625 -38.318 -9.152
4 16 11.875 -40.883 -16.2 12.409 -41.566 -18.612 12.409 -37.291 -6.865 11.875 -38.318 -9.152
4 16 -12.409 -37.423 -28.085 -11.25 -37.251 -28.148 -11.25 -40.785 -34.094 -12.011 -40.898 -34.053
4 16 -11.25 -37.251 -28.148 -10.091 -37.423 -28.085 -10.489 -40.898 -34.053 -11.25 -40.785 -34.094
4 16 11.25 -37.251 -28.148 11.25 -40.785 -34.094 10.489 -40.898 -34.053 10.091 -37.423 -28.085
4 16 12.409 -37.423 -28.085 12.011 -40.898 -34.053 11.25 -40.785 -34.094 11.25 -37.251 -28.148
4 16 -15 -38.215 -19.831 -14.816 -37.126 -20.228 -14.816 -39.686 -27.262 -15 -40.775 -26.865
4 16 -7.684 -37.126 -20.228 -7.5 -38.215 -19.831 -7.5 -40.775 -26.865 -7.684 -39.686 -27.262
4 16 7.684 -37.126 -20.228 7.684 -39.686 -27.262 7.5 -40.775 -26.865 7.5 -38.215 -19.831
4 16 15 -38.215 -19.831 15 -40.775 -26.865 14.816 -39.686 -27.262 14.816 -37.126 -20.228
4 16 12.409 -37.291 -6.865 12.409 -41.566 -18.612 13.454 -41.066 -18.794 13.454 -36.79 -7.048
4 16 14.816 -37.126 -20.228 14.816 -39.686 -27.262 14.284 -38.704 -27.619 14.284 -36.143 -20.585
4 16 -14.284 -42.846 -26.111 -13.454 -43.626 -25.828 -13.454 -36.79 -7.048 -14.284 -36.011 -7.331
4 16 -8.216 -36.011 -7.331 -9.046 -36.79 -7.048 -9.046 -43.626 -25.828 -8.216 -42.846 -26.111
4 16 -19.5 -37.092 -14.919 -19.5 -35.917 -15.347 -15 -36.772 -17.696 -15 -37.947 -17.268
4 16 -7.5 -37.947 -17.268 -7.5 -36.772 -17.696 -3 -35.917 -15.347 -3 -37.092 -14.919
4 16 7.5 -37.947 -17.268 3 -37.092 -14.919 3 -35.917 -15.347 7.5 -36.772 -17.696
4 16 15 -36.772 -17.696 19.5 -35.917 -15.347 19.5 -37.092 -14.919 15 -37.947 -17.268
4 16 -19.5 -37.092 -14.919 -15 -37.947 -17.268 -15 -35.382 -10.221 -19.5 -36.237 -12.57
4 16 -7.5 -35.382 -10.221 -7.5 -37.947 -17.268 -3 -37.092 -14.919 -3 -36.237 -12.57
4 16 7.5 -35.382 -10.221 3 -36.237 -12.57 3 -37.092 -14.919 7.5 -37.947 -17.268
4 16 15 -35.382 -10.221 15 -37.947 -17.268 19.5 -37.092 -14.919 19.5 -36.237 -12.57
4 16 -19.5 -37.092 -14.919 -19.5 -36.237 -12.57 -19.5 -35.062 -12.997 -19.5 -35.917 -15.347
4 16 -3 -36.237 -12.57 -3 -37.092 -14.919 -3 -35.917 -15.347 -3 -35.062 -12.997
4 16 3 -36.237 -12.57 3 -35.062 -12.997 3 -35.917 -15.347 3 -37.092 -14.919
4 16 19.5 -35.062 -12.997 19.5 -36.237 -12.57 19.5 -37.092 -14.919 19.5 -35.917 -15.347
4 16 -14.816 -35.028 -7.689 -15 -35.382 -10.221 -15 -37.947 -17.268 -14.816 -39.304 -19.435
4 16 -7.5 -37.947 -17.268 -7.5 -35.382 -10.221 -7.684 -35.028 -7.689 -7.684 -39.304 -19.435
4 16 7.5 -37.947 -17.268 7.684 -39.304 -19.435 7.684 -35.028 -7.689 7.5 -35.382 -10.221
4 16 7.684 -35.028 -7.689 7.684 -39.304 -19.435 8.216 -40.286 -19.078 8.216 -36.011 -7.331
4 16 14.816 -35.028 -7.689 14.816 -39.304 -19.435 15 -37.947 -17.268 15 -35.382 -10.221
4 16 10.091 -34.863 -21.051 10.091 -37.423 -28.085 9.046 -37.924 -27.903 9.046 -35.364 -20.869
4 16 -12.409 -34.863 -21.051 -11.25 -34.691 -21.114 -11.25 -37.251 -28.148 -12.409 -37.423 -28.085
4 16 -11.25 -34.691 -21.114 -10.091 -34.863 -21.051 -10.091 -37.423 -28.085 -11.25 -37.251 -28.148
4 16 11.25 -34.691 -21.114 11.25 -37.251 -28.148 10.091 -37.423 -28.085 10.091 -34.863 -21.051
4 16 12.409 -34.863 -21.051 12.409 -37.423 -28.085 11.25 -37.251 -28.148 11.25 -34.691 -21.114
4 16 -15 -34.207 -10.648 -15 -36.772 -17.696 -19.5 -35.917 -15.347 -19.5 -35.062 -12.997
4 16 -15 -35.382 -10.221 -15 -34.207 -10.648 -19.5 -35.062 -12.997 -19.5 -36.237 -12.57
4 16 -7.5 -34.207 -10.648 -7.5 -35.382 -10.221 -3 -36.237 -12.57 -3 -35.062 -12.997
4 16 -7.5 -34.207 -10.648 -3 -35.062 -12.997 -3 -35.917 -15.347 -7.5 -36.772 -17.696
4 16 7.5 -34.207 -10.648 7.5 -36.772 -17.696 3 -35.917 -15.347 3 -35.062 -12.997
4 16 7.5 -34.207 -10.648 3 -35.062 -12.997 3 -36.237 -12.57 7.5 -35.382 -10.221
4 16 15 -35.382 -10.221 19.5 -36.237 -12.57 19.5 -35.062 -12.997 15 -34.207 -10.648
4 16 15 -34.207 -10.648 19.5 -35.062 -12.997 19.5 -35.917 -15.347 15 -36.772 -17.696
4 16 -15 -36.772 -17.696 -15 -34.207 -10.648 -14.816 -32.851 -8.482 -14.816 -37.126 -20.228
4 16 -7.684 -32.851 -8.482 -7.5 -34.207 -10.648 -7.5 -36.772 -17.696 -7.684 -37.126 -20.228
4 16 7.684 -32.851 -8.482 7.684 -37.126 -20.228 7.5 -36.772 -17.696 7.5 -34.207 -10.648
4 16 15 -36.772 -17.696 14.816 -37.126 -20.228 14.816 -32.851 -8.482 15 -34.207 -10.648
4 16 -13.454 -26.603 20.943 -13.454 -36.79 -7.048 -12.409 -37.291 -6.865 -12.409 -27.103 21.125
4 16 -9.046 -26.603 20.943 -10.091 -27.103 21.125 -10.091 -37.291 -6.865 -9.046 -36.79 -7.048
4 16 9.046 -26.603 20.943 9.05 -36.79 -7.05 10.091 -37.291 -6.865 10.091 -27.103 21.125
4 16 13.454 -26.603 20.943 12.409 -27.103 21.125 12.409 -37.291 -6.865 13.454 -36.79 -7.048
4 16 14.816 -32.851 -8.482 14.816 -37.126 -20.228 14.284 -36.143 -20.585 14.284 -31.868 -8.839
4 16 -14.284 -25.823 20.659 -14.284 -36.011 -7.331 -13.454 -36.79 -7.048 -13.454 -26.603 20.943
4 16 -8.216 -25.823 20.659 -9.046 -26.603 20.943 -9.046 -36.79 -7.048 -8.216 -36.011 -7.331
4 16 8.216 -25.823 20.659 8.216 -36.011 -7.331 9.05 -36.79 -7.05 9.046 -26.603 20.943
4 16 14.284 -25.823 20.659 13.454 -26.603 20.943 13.454 -36.79 -7.048 14.284 -36.011 -7.331
4 16 -14.284 -31.868 -8.839 -13.454 -31.089 -9.123 -13.454 -37.924 -27.903 -14.284 -38.704 -27.619
4 16 -9.046 -31.089 -9.123 -8.216 -31.868 -8.839 -8.216 -38.704 -27.619 -9.046 -37.924 -27.903
3 16 -15 -33.939 -8.085 -14.816 -31.034 -3.491 -14.816 -32.851 -8.482
3 16 -7.684 -31.034 -3.491 -7.5 -33.939 -8.085 -7.684 -32.851 -8.482
3 16 7.684 -31.034 -3.491 7.684 -32.851 -8.482 7.5 -33.939 -8.085
3 16 14.816 -31.034 -3.491 15 -33.939 -8.085 14.816 -32.851 -8.482
3 16 -14.816 -32.851 -8.482 -14.58 -30.678 -3.873 -14.284 -31.868 -8.839
3 16 -8.216 -31.868 -8.839 -7.92 -30.678 -3.873 -7.684 -32.851 -8.482
3 16 7.684 -32.851 -8.482 7.92 -30.678 -3.873 8.216 -31.868 -8.839
3 16 14.816 -32.851 -8.482 14.284 -31.868 -8.839 14.58 -30.678 -3.873
4 16 -12.409 -30.588 -9.305 -11.875 -31.271 -11.717 -11.875 -33.836 -18.765 -12.409 -34.863 -21.051
4 16 -10.625 -33.836 -18.765 -10.625 -31.271 -11.717 -10.091 -30.588 -9.305 -10.091 -34.863 -21.051
4 16 10.091 -30.588 -9.305 10.091 -34.863 -21.051 9.046 -35.364 -20.869 9.046 -31.089 -9.123
4 16 10.625 -33.836 -18.765 10.091 -34.863 -21.051 10.091 -30.588 -9.305 10.625 -31.271 -11.717
4 16 12.409 -30.588 -9.305 12.409 -34.863 -21.051 11.875 -33.836 -18.765 11.875 -31.271 -11.717
4 16 -14.816 -24.841 20.302 -14.816 -35.028 -7.689 -14.284 -36.011 -7.331 -14.284 -25.823 20.659
4 16 -7.684 -24.841 20.302 -8.216 -25.823 20.659 -8.216 -36.011 -7.331 -7.684 -35.028 -7.689
4 16 7.684 -24.841 20.302 7.684 -35.028 -7.689 8.216 -36.011 -7.331 8.216 -25.823 20.659
4 16 14.816 -24.841 20.302 14.284 -25.823 20.659 14.284 -36.011 -7.331 14.816 -35.028 -7.689
4 16 7.5 -30.037 0.087 -7.5 -30.037 0.087 -7.5 -29.941 -0.689 7.5 -29.941 -0.689
4 16 7.5 -29.887 0.855 -7.5 -29.887 0.855 -7.5 -30.037 0.087 7.5 -30.037 0.087
4 16 7.5 -29.941 -0.689 -7.5 -29.941 -0.689 -7.5 -29.611 -1.398 7.5 -29.611 -1.398
4 16 7.5 -29.508 1.539 -7.5 -29.508 1.539 -7.5 -29.887 0.855 7.5 -29.887 0.855
4 16 -14.284 -30.168 -4.167 -13.454 -29.438 -4.589 -13.454 -31.089 -9.123 -14.284 -31.868 -8.839
4 16 -8.216 -30.168 -4.167 -8.216 -31.868 -8.839 -9.046 -31.089 -9.123 -9.046 -29.438 -4.589
4 16 8.216 -30.168 -4.167 9.046 -29.438 -4.589 9.046 -31.089 -9.123 8.216 -31.868 -8.839
4 16 14.284 -30.168 -4.167 14.284 -31.868 -8.839 13.454 -31.089 -9.123 13.454 -29.438 -4.589
4 16 -13.454 -31.089 -9.123 -13.454 -29.438 -4.589 -13.03 -29.248 -4.698 -12.409 -30.588 -9.305
3 16 -10.091 -30.588 -9.305 -9.47 -29.248 -4.698 -9.046 -31.089 -9.123
3 16 9.47 -29.248 -4.698 10.091 -30.588 -9.305 9.046 -31.089 -9.123
3 16 13.03 -29.248 -4.698 13.454 -31.089 -9.123 12.409 -30.588 -9.305
3 16 -15 -27.5385 0 -15 -30.616 -3.94 -15 -31.869 -2.396
4 16 -7.5 -29.611 -1.398 -7.5 -31.869 -2.396 -7.5 -30.616 -3.94 -7.5 -29.077 -1.97
4 16 7.5 -29.611 -1.398 7.5 -29.077 -1.97 7.5 -30.616 -3.94 7.5 -31.869 -2.396
4 16 7.5 -29.611 -1.398 -7.5 -29.611 -1.398 -7.5 -29.077 -1.97 7.5 -29.077 -1.97
3 16 15 -27.5385 0 15 -31.869 -2.396 15 -30.616 -3.94
4 16 7.5 -28.936 2.073 -7.5 -28.936 2.073 -7.5 -29.508 1.539 7.5 -29.508 1.539
4 16 -10.625 -33.836 -18.765 -11.875 -33.836 -18.765 -11.875 -28.752 -17.955 -10.625 -28.752 -17.955
4 16 10.625 -33.836 -18.765 10.625 -28.752 -17.955 11.875 -28.752 -17.955 11.875 -33.836 -18.765
4 16 -10.091 -28.932 -4.754 -10.091 -30.588 -9.305 -11.25 -30.416 -9.368 -11.25 -28.748 -4.787
4 16 10.091 -28.932 -4.754 11.25 -28.748 -4.787 11.25 -30.416 -9.368 10.091 -30.588 -9.305
4 16 12.409 -28.932 -4.754 12.409 -30.588 -9.305 11.25 -30.416 -9.368 11.25 -28.748 -4.787
4 16 7.5 -28.227 2.403 -7.5 -28.227 2.403 -7.5 -28.936 2.073 7.5 -28.936 2.073
4 16 -11.875 -33.836 -18.765 -11.875 -31.271 -11.717 -11.875 -27.897 -15.605 -11.875 -28.752 -17.955
4 16 -10.625 -31.271 -11.717 -10.625 -33.836 -18.765 -10.625 -28.752 -17.955 -10.625 -27.897 -15.605
4 16 -11.875 -31.271 -11.717 -10.625 -31.271 -11.717 -10.625 -27.897 -15.605 -11.875 -27.897 -15.605
4 16 -10.625 -27.897 -15.605 -10.625 -28.752 -17.955 -11.875 -28.752 -17.955 -11.875 -27.897 -15.605
4 16 10.625 -31.271 -11.717 10.625 -27.897 -15.605 10.625 -28.752 -17.955 10.625 -33.836 -18.765
4 16 10.625 -27.897 -15.605 11.875 -27.897 -15.605 11.875 -28.752 -17.955 10.625 -28.752 -17.955
4 16 11.875 -31.271 -11.717 11.875 -27.897 -15.605 10.625 -27.897 -15.605 10.625 -31.271 -11.717
4 16 11.875 -33.836 -18.765 11.875 -28.752 -17.955 11.875 -27.897 -15.605 11.875 -31.271 -11.717
3 16 -15 -27.5385 0 -15 -27.713 -4.997 -15 -30.616 -3.94
4 16 -7.5 -28.393 -2.349 -7.5 -30.616 -3.94 -7.5 -27.713 -4.997 -7.5 -27.625 -2.498
4 16 7.5 -28.393 -2.349 7.5 -27.625 -2.498 7.5 -27.713 -4.997 7.5 -30.616 -3.94
3 16 15 -27.5385 0 15 -30.616 -3.94 15 -27.713 -4.997
4 16 7.5 -27.451 2.498 -7.5 -27.451 2.498 -7.5 -28.227 2.403 7.5 -28.227 2.403
4 16 7.5 -27.625 -2.498 -7.5 -27.625 -2.498 -7.5 -26.849 -2.403 7.5 -26.849 -2.403
4 16 7.5 -26.683 2.349 -7.5 -26.683 2.349 -7.5 -27.451 2.498 7.5 -27.451 2.498
4 16 -7.5 -26.16 -4.806 -7.5 -27.713 -4.997 -15 -27.713 -4.997 -15 -26.16 -4.806
4 16 15 -26.16 -4.806 15 -27.713 -4.997 7.5 -27.713 -4.997 7.5 -26.16 -4.806
4 16 7.5 -26.849 -2.403 -7.5 -26.849 -2.403 -7.5 -26.14 -2.073 7.5 -26.14 -2.073
4 16 7.5 -25.999 1.97 -7.5 -25.999 1.97 -7.5 -26.683 2.349 7.5 -26.683 2.349
4 16 7.5 -26.14 -2.073 -7.5 -26.14 -2.073 -7.5 -25.568 -1.539 7.5 -25.568 -1.539
4 16 7.5 -25.465 1.398 -7.5 -25.465 1.398 -7.5 -25.999 1.97 7.5 -25.999 1.97
4 16 7.5 -25.568 -1.539 -7.5 -25.568 -1.539 -7.5 -25.189 -0.855 7.5 -25.189 -0.855
4 16 7.5 -25.135 0.689 -7.5 -25.135 0.689 -7.5 -25.465 1.398 7.5 -25.465 1.398
4 16 7.5 -25.04 -0.087 -7.5 -25.04 -0.087 -7.5 -25.135 0.689 7.5 -25.135 0.689
4 16 7.5 -25.189 -0.855 -7.5 -25.189 -0.855 -7.5 -25.04 -0.087 7.5 -25.04 -0.087
4 16 -14.816 -24.841 20.302 -14.284 -25.823 20.659 -13.454 -26.603 20.943 -11.25 -27.276 21.188
4 16 7.684 -24.841 20.302 8.216 -25.823 20.659 9.046 -26.603 20.943 11.25 -27.276 21.188
4 16 14.816 -24.841 20.302 11.25 -27.276 21.188 13.454 -26.603 20.943 14.284 -25.823 20.659
3 16 -15 -27.5385 0 -15 -24.742 -4.145 -15 -27.713 -4.997
4 16 -7.5 -26.849 -2.403 -7.5 -27.713 -4.997 -7.5 -24.742 -4.145 -7.5 -26.14 -2.073
4 16 -7.5 -24.742 -4.145 -7.5 -26.16 -4.806 -15 -26.16 -4.806 -15 -24.742 -4.145
4 16 7.5 -26.849 -2.403 7.5 -26.14 -2.073 7.5 -24.742 -4.145 7.5 -27.713 -4.997
3 16 15 -27.5385 0 15 -27.713 -4.997 15 -24.742 -4.145
3 16 -7.5 -26.683 2.349 -7.5 -23.752 19.905 -7.5 -27.451 2.498
3 16 7.5 -26.683 2.349 7.5 -27.451 2.498 7.5 -23.752 19.905
4 16 -7.5 -23.598 -3.078 -7.5 -24.742 -4.145 -15 -24.742 -4.145 -15 -23.598 -3.078
4 16 15 -23.598 -3.078 15 -24.742 -4.145 7.5 -24.742 -4.145 7.5 -23.598 -3.078
3 16 -15 -27.5385 0 -15 -22.84 -1.71 -15 -24.742 -4.145
4 16 -7.5 -25.568 -1.539 -7.5 -24.742 -4.145 -7.5 -22.84 -1.71 -7.5 -25.189 -0.855
4 16 -7.5 -22.84 -1.71 -7.5 -23.598 -3.078 -15 -23.598 -3.078 -15 -22.84 -1.71
4 16 7.5 -25.568 -1.539 7.5 -25.189 -0.855 7.5 -22.84 -1.71 7.5 -24.742 -4.145
3 16 15 -27.5385 0 15 -24.742 -4.145 15 -22.84 -1.71
3 16 -15 -22.84 -1.71 -15 -27.5385 0 -15 -22.541 -0.174
4 16 -7.5 -22.84 -1.71 -7.5 -22.541 -0.174 -7.5 -25.04 -0.087 -7.5 -25.189 -0.855
4 16 -7.5 -22.541 -0.174 -7.5 -22.84 -1.71 -15 -22.84 -1.71 -15 -22.541 -0.174
4 16 -7.5 -22.541 -0.174 -7.5 -23.752 19.905 -7.5 -25.465 1.398 -7.5 -25.135 0.689
4 16 7.5 -22.84 -1.71 7.5 -25.189 -0.855 7.5 -25.04 -0.087 7.5 -22.541 -0.174
4 16 7.5 -22.541 -0.174 7.5 -25.135 0.689 7.5 -25.465 1.398 7.5 -23.752 19.905
4 16 15 -22.541 -0.174 15 -22.84 -1.71 7.5 -22.84 -1.71 7.5 -22.541 -0.174
3 16 15 -22.84 -1.71 15 -22.541 -0.174 15 -27.5385 0
4 16 -15 -27.5385 0 -15 -23.752 19.905 -15 -20.228 18.623 -15 -22.541 -0.174
4 16 -15 -22.541 -0.174 -15 -20.228 18.623 -7.5 -20.228 18.623 -7.5 -22.541 -0.174
4 16 -14.816 -24.841 20.302 -11.25 -27.276 21.188 -7.5 -20.228 18.623 -15 -20.228 18.623
3 16 -7.5 -23.752 19.905 -7.5 -22.541 -0.174 -7.5 -20.228 18.623
4 16 -9.046 -26.603 20.943 -7.684 -24.841 20.302 -7.5 -20.228 18.623 -11.25 -27.276 21.188
3 16 7.5 -23.752 19.905 7.5 -20.228 18.623 7.5 -22.541 -0.174
4 16 7.684 -24.841 20.302 11.25 -27.276 21.188 7.5 -20.228 18.623 7.5 -23.752 19.905
4 16 14.816 -24.841 20.302 15 -20.228 18.623 7.5 -20.228 18.623 11.25 -27.276 21.188
4 16 15 -27.5385 0 15 -22.541 -0.174 15 -20.228 18.623 15 -23.752 19.905
3 16 15 -22.541 -0.174 7.5 -20.228 18.623 15 -20.228 18.623
3 16 -12.409 -30.588 -9.305 -13.03 -29.248 -4.698 -12.41 -28.93 -4.75
3 16 -12.409 -30.588 -9.305 -12.41 -28.93 -4.75 -11.25 -30.416 -9.368
4 16 7.5 -26.16 -4.806 7.5 -24.742 -4.145 15 -24.742 -4.145 15 -26.16 -4.806
4 16 7.5 -23.598 -3.078 7.5 -22.84 -1.71 15 -22.84 -1.71 15 -23.598 -3.078
4 16 -7.5 -28.393 -2.349 -7.5 -27.625 -2.498 7.5 -27.625 -2.498 7.5 -28.393 -2.349
4 16 -7.5 -29.077 -1.97 -7.5 -28.393 -2.349 7.5 -28.393 -2.349 7.5 -29.077 -1.97
4 16 10.091 -37.291 -6.865 11.25 -37.46 -6.8 11.25 -27.276 21.188 10.091 -27.103 21.125
4 16 12.409 -37.291 -6.865 12.409 -27.103 21.125 11.25 -27.276 21.188 11.25 -37.46 -6.8
4 16 -10.091 -37.291 -6.865 -10.091 -27.103 21.125 -11.25 -27.276 21.188 -11.25 -37.46 -6.8
4 16 -12.409 -37.291 -6.865 -11.25 -37.46 -6.8 -11.25 -27.276 21.188 -12.409 -27.103 21.125
4 16 -7.684 -35.028 -7.689 -7.5 -31.869 -2.396 -7.5 -23.752 19.905 -7.684 -24.841 20.302
4 16 7.684 -35.028 -7.689 7.684 -24.841 20.302 7.5 -23.752 19.905 7.5 -31.869 -2.396
4 16 14.816 -35.028 -7.689 15 -31.869 -2.396 15 -23.752 19.905 14.816 -24.841 20.302
5 24 -13.713 -43.099 -33.252 -13.593 -43.815 -32.991 -12.181 -44.273 -36.476 -15 -40.775 -26.865
5 24 13.454 -43.626 -25.828 14.284 -42.846 -26.111 13.454 -41.066 -18.794 12.698 -44.972 -32.57
5 24 -7.684 -39.304 -19.435 -7.684 -35.028 -7.689 -8.216 -42.846 -26.111 -7.5 -37.947 -17.268
5 24 -7.5 -26.849 -2.403 7.5 -26.849 -2.403 -7.5 -27.625 -2.498 -7.5 -26.14 -2.073
2 24 7.5 -29.25 -4.7 7.5 -27.713 -4.997
5 24 14.284 -38.704 -27.619 14.816 -39.686 -27.262 13.243 -41.739 -33.747 14.284 -36.143 -20.585
2 24 -11.797 -43.565 -36.734 -11.538 -43.441 -36.779
2 24 7.5 -26.16 -4.806 7.5 -24.742 -4.145
2 24 19.5 -35.917 -15.347 19.5 -35.062 -12.997
2 24 -10.365 -44.003 -36.574 -10.319 -44.273 -36.476
5 24 -15 -27.713 -4.997 -12.41 -28.93 -4.75 -15 -29.25 -4.7 -11.25 -28.748 -4.787
5 24 -12.011 -40.898 -34.053 -11.538 -43.441 -36.779 -12.698 -41.227 -33.933 -11.25 -40.785 -34.094
5 24 10.091 -37.423 -28.085 10.091 -34.863 -21.051 9.046 -37.924 -27.903 11.25 -37.251 -28.148
5 24 -12.409 -41.566 -18.612 -11.25 -41.739 -18.549 -11.875 -40.883 -16.2 -12.409 -44.126 -25.646
5 24 -10.625 -40.883 -16.2 -10.091 -41.566 -18.612 -11.25 -41.739 -18.549 -10.625 -38.318 -9.152
2 24 10.625 -40.883 -16.2 10.625 -38.318 -9.152
5 24 12.698 -44.972 -32.57 13.243 -44.46 -32.757 11.797 -44.981 -36.219 13.454 -43.626 -25.828
5 24 9.257 -44.46 -32.757 10.497 -44.787 -36.289 9.802 -44.972 -32.57 8.907 -43.815 -32.991
5 24 -13.243 -41.739 -33.747 -12.698 -41.227 -33.933 -12.003 -43.759 -36.663 -14.284 -38.704 -27.619
5 24 12.409 -44.126 -25.646 13.454 -43.626 -25.828 12.011 -45.301 -32.451 12.409 -41.566 -18.612
5 24 -12.011 -45.301 -32.451 -11.25 -45.414 -32.409 -11.538 -45.105 -36.173 -12.409 -44.126 -25.646
5 24 13.593 -43.815 -32.991 13.713 -43.099 -33.252 12.135 -44.543 -36.378 14.816 -41.864 -26.469
5 24 -12.698 -44.972 -32.57 -12.011 -45.301 -32.451 -11.797 -44.981 -36.219 -13.454 -43.626 -25.828
5 24 -15 -29.25 -4.7 -12.41 -28.93 -4.75 -13.03 -29.248 -4.698 -15 -27.713 -4.997
5 24 11.538 -43.441 -36.779 12.011 -40.898 -34.053 11.797 -43.565 -36.734 11.25 -43.398 -36.795
2 24 10.625 -33.836 -18.765 10.625 -31.271 -11.717
5 24 14.284 -31.868 -8.839 14.284 -30.168 -4.167 14.58 -30.678 -3.873 13.454 -31.089 -9.123
2 24 -7.5 -22.541 -0.174 -7.5 -20.228 18.623
5 24 -11.25 -44.299 -25.583 -11.25 -41.739 -18.549 -12.409 -44.126 -25.646 -10.091 -44.126 -25.646
2 24 7.684 -31.034 -3.491 7.92 -30.678 -3.873
2 24 12.003 -43.759 -36.663 12.135 -44.003 -36.574
2 24 -10.625 -44.257 -12.311 -10.625 -43.402 -9.962
5 24 7.5 -35.382 -10.221 7.684 -35.028 -7.689 7.5 -33.939 -8.085 7.5 -37.947 -17.268
5 24 -10.365 -44.003 -36.574 -8.907 -42.384 -33.512 -10.319 -44.273 -36.476 -10.497 -43.759 -36.663
2 24 14.284 -25.823 20.659 14.816 -24.841 20.302
5 24 -10.489 -45.301 -32.451 -9.802 -44.972 -32.57 -10.962 -45.105 -36.173 -10.091 -44.126 -25.646
5 24 11.25 -30.416 -9.368 11.875 -31.271 -11.717 10.625 -31.271 -11.717 12.409 -30.588 -9.305
5 24 14.284 -36.011 -7.331 14.284 -25.823 20.659 13.454 -36.79 -7.048 14.816 -35.028 -7.689
5 24 9.802 -41.227 -33.933 10.489 -40.898 -34.053 10.703 -43.565 -36.734 9.046 -37.924 -27.903
2 24 7.5 -28.936 2.073 7.5 -28.227 2.403
5 24 -9.802 -41.227 -33.933 -9.257 -41.739 -33.747 -10.703 -43.565 -36.734 -9.046 -37.924 -27.903
2 24 -13.454 -29.438 -4.589 -13.03 -29.248 -4.698
5 24 -11.25 -40.785 -34.094 -10.489 -40.898 -34.053 -11.25 -43.398 -36.795 -11.25 -37.251 -28.148
5 24 -13.454 -43.626 -25.828 -12.409 -44.126 -25.646 -12.409 -41.566 -18.612 -12.698 -44.972 -32.57
5 24 14.816 -35.028 -7.689 15 -33.939 -8.085 15 -35.382 -10.221 15 -31.869 -2.396
5 24 -15 -23.598 -3.078 -7.5 -23.598 -3.078 -15 -24.742 -4.145 -15 -22.84 -1.71
5 24 13.03 -29.248 -4.698 15 -29.25 -4.7 13.454 -29.438 -4.589 12.409 -28.932 -4.754
2 24 7.5 -22.84 -1.71 7.5 -22.541 -0.174
5 24 8.216 -36.011 -7.331 8.216 -25.823 20.659 9.05 -36.79 -7.05 7.684 -35.028 -7.689
5 24 -10.091 -44.126 -25.646 -10.091 -41.566 -18.612 -9.046 -43.626 -25.828 -11.25 -44.299 -25.583
2 24 7.5 -30.616 -3.94 7.5 -29.25 -4.7
5 24 7.5 -40.775 -26.865 7.684 -39.686 -27.262 8.787 -43.099 -33.252 7.5 -38.215 -19.831
5 24 10.365 -44.543 -36.378 10.962 -45.105 -36.173 10.497 -44.787 -36.289 10.319 -44.273 -36.476
5 24 -15 -33.939 -8.085 -14.816 -32.851 -8.482 -15 -34.207 -10.648 -14.816 -31.034 -3.491
5 24 -13.243 -44.46 -32.757 -12.698 -44.972 -32.57 -12.003 -44.787 -36.289 -14.284 -42.846 -26.111
2 24 7.5 -25.135 0.689 7.5 -25.04 -0.087
5 24 -7.684 -24.841 20.302 -7.5 -20.228 18.623 -7.5 -23.752 19.905 -9.046 -26.603 20.943
5 24 -13.713 -43.099 -33.252 -12.181 -44.273 -36.476 -13.593 -43.815 -32.991 -13.593 -42.384 -33.512
5 24 -10.319 -44.273 -36.476 -8.787 -43.099 -33.252 -10.365 -44.543 -36.378 -10.365 -44.003 -36.574
5 24 11.797 -44.981 -36.219 12.698 -44.972 -32.57 11.538 -45.105 -36.173 12.003 -44.787 -36.289
2 24 -3 -37.092 -14.919 -3 -36.237 -12.57
5 24 -12.409 -37.423 -28.085 -12.011 -40.898 -34.053 -13.454 -37.924 -27.903 -11.25 -37.251 -28.148
2 24 7.684 -24.841 20.302 8.216 -25.823 20.659
5 24 -9.257 -44.46 -32.757 -8.907 -43.815 -32.991 -10.497 -44.787 -36.289 -8.216 -42.846 -26.111
2 24 13.454 -29.438 -4.589 14.284 -30.168 -4.167
2 24 -19.5 -37.092 -14.919 -19.5 -35.917 -15.347
5 24 10.489 -40.898 -34.053 11.25 -40.785 -34.094 10.962 -43.441 -36.779 10.091 -37.423 -28.085
5 24 -7.5 -29.508 1.539 7.5 -29.508 1.539 -7.5 -29.887 0.855 -7.5 -28.936 2.073
5 24 14.816 -31.034 -3.491 15 -30.616 -3.94 14.58 -30.678 -3.873 14.98 -31.68 -2.8
5 24 -11.25 -43.398 -36.795 -10.962 -45.105 -36.173 -11.538 -43.441 -36.779 -10.962 -43.441 -36.779
2 24 15 -26.16 -4.806 15 -24.742 -4.145
5 24 11.25 -44.299 -25.583 11.25 -41.739 -18.549 10.091 -44.126 -25.646 12.409 -44.126 -25.646
5 24 8.216 -31.868 -8.839 8.216 -30.168 -4.167 7.92 -30.678 -3.873 9.046 -31.089 -9.123
5 24 -8.216 -30.168 -4.167 -7.5 -30.616 -3.94 -7.92 -30.678 -3.873 -7.5 -29.25 -4.7
5 24 -11.25 -41.739 -18.549 -10.091 -41.566 -18.612 -10.625 -40.883 -16.2 -11.25 -44.299 -25.583
5 24 10.489 -45.301 -32.451 10.962 -45.105 -36.173 11.25 -45.414 -32.409 9.802 -44.972 -32.57
5 24 12.409 -44.126 -25.646 12.409 -41.566 -18.612 11.25 -44.299 -25.583 13.454 -43.626 -25.828
5 24 13.454 -31.089 -9.123 13.454 -29.438 -4.589 13.03 -29.248 -4.698 14.284 -31.868 -8.839
2 24 9.47 -29.248 -4.698 10.091 -28.932 -4.754
5 24 -15 -26.16 -4.806 -7.5 -26.16 -4.806 -15 -27.713 -4.997 -15 -24.742 -4.145
5 24 8.216 -42.846 -26.111 9.046 -43.626 -25.828 8.216 -40.286 -19.078 9.257 -44.46 -32.757
5 24 -7.5 -31.869 -2.396 -7.5 -23.752 19.905 -7.5 -29.887 0.855 -7.684 -35.028 -7.689
2 24 -7.5 -24.742 -4.145 -7.5 -23.598 -3.078
2 24 -15 -22.84 -1.71 -15 -22.541 -0.174
5 24 -15 -31.869 -2.396 -15 -30.616 -3.94 -14.98 -31.68 -2.8 -15 -27.5385 0
5 24 -10.091 -44.126 -25.646 -9.046 -43.626 -25.828 -10.091 -41.566 -18.612 -10.489 -45.301 -32.451
2 24 15 -37.947 -17.268 15 -35.382 -10.221
5 24 9.05 -36.79 -7.05 10.091 -41.566 -18.612 9.046 -43.626 -25.828 10.091 -37.291 -6.865
2 24 10.625 -33.836 -18.765 10.625 -28.752 -17.955
2 24 7.5 -29.887 0.855 7.5 -29.508 1.539
2 24 -3 -36.237 -12.57 -3 -35.062 -12.997
5 24 -8.216 -30.168 -4.167 -7.5 -29.25 -4.7 -9.046 -29.438 -4.589 -7.5 -30.616 -3.94
5 24 -11.797 -44.981 -36.219 -11.25 -45.148 -36.158 -11.538 -45.105 -36.173 -10.962 -45.105 -36.173
5 24 8.787 -43.099 -33.252 10.319 -44.273 -36.476 8.907 -43.815 -32.991 8.907 -42.384 -33.512
2 24 -15 -20.228 18.623 -7.5 -20.228 18.623
5 24 7.684 -32.851 -8.482 7.684 -31.034 -3.491 7.92 -30.678 -3.873 7.5 -33.939 -8.085
2 24 7.5 -28.227 2.403 7.5 -27.451 2.498
5 24 13.243 -44.46 -32.757 13.593 -43.815 -32.991 12.003 -44.787 -36.289 14.284 -42.846 -26.111
2 24 -7.5 -25.568 -1.539 -7.5 -25.189 -0.855
5 24 10.625 -31.271 -11.717 11.25 -30.416 -9.368 10.091 -30.588 -9.305 11.875 -31.271 -11.717
5 24 11.25 -34.691 -21.114 12.409 -34.863 -21.051 11.875 -33.836 -18.765 11.25 -37.251 -28.148
5 24 14.816 -39.304 -19.435 14.816 -35.028 -7.689 14.284 -36.011 -7.331 15 -37.947 -17.268
5 24 7.684 -39.686 -27.262 8.216 -38.704 -27.619 7.684 -37.126 -20.228 8.907 -42.384 -33.512
5 24 -10.703 -44.981 -36.219 -9.802 -44.972 -32.57 -10.962 -45.105 -36.173 -10.497 -44.787 -36.289
2 24 14.58 -30.678 -3.873 14.816 -31.034 -3.491
5 24 7.5 -38.215 -19.831 7.684 -39.304 -19.435 7.5 -37.947 -17.268 7.5 -40.775 -26.865
2 24 10.625 -40.883 -16.2 11.875 -40.883 -16.2
5 24 -13.454 -37.924 -27.903 -12.698 -41.227 -33.933 -14.284 -38.704 -27.619 -12.409 -37.423 -28.085
5 24 7.5 -30.616 -3.94 8.216 -30.168 -4.167 7.92 -30.678 -3.873 7.5 -29.25 -4.7
2 24 -15 -37.947 -17.268 -15 -35.382 -10.221
5 24 -15 -27.713 -4.997 -7.5 -27.713 -4.997 -11.25 -28.748 -4.787 -15 -26.16 -4.806
5 24 14.98 -31.68 -2.8 15 -33.939 -8.085 15 -31.869 -2.396 14.816 -31.034 -3.491
5 24 -15 -38.215 -19.831 -14.816 -37.126 -20.228 -15 -36.772 -17.696 -15 -40.775 -26.865
5 24 12.698 -41.227 -33.933 13.454 -37.924 -27.903 13.243 -41.739 -33.747 12.011 -40.898 -34.053
2 24 10.962 -43.441 -36.779 11.25 -43.398 -36.795
2 24 11.25 -28.748 -4.787 12.409 -28.932 -4.754
5 24 -14.816 -32.851 -8.482 -14.816 -31.034 -3.491 -14.58 -30.678 -3.873 -15 -33.939 -8.085
2 24 -19.5 -36.237 -12.57 -19.5 -35.062 -12.997
5 24 -9.257 -44.46 -32.757 -8.216 -42.846 -26.111 -9.802 -44.972 -32.57 -8.907 -43.815 -32.991
2 24 -19.5 -35.917 -15.347 -19.5 -35.062 -12.997
5 24 12.409 -34.863 -21.051 12.409 -30.588 -9.305 13.454 -31.089 -9.123 11.875 -33.836 -18.765
5 24 7.5 -30.616 -3.94 7.92 -30.678 -3.873 7.684 -31.034 -3.491 8.216 -30.168 -4.167
5 24 14.816 -32.851 -8.482 15 -33.939 -8.085 15 -34.207 -10.648 14.816 -31.034 -3.491
5 24 11.25 -41.739 -18.549 12.409 -41.566 -18.612 11.875 -40.883 -16.2 11.25 -44.299 -25.583
5 24 12.409 -37.291 -6.865 12.409 -27.103 21.125 13.454 -36.79 -7.048 11.25 -37.46 -6.8
5 24 10.625 -33.836 -18.765 11.25 -34.691 -21.114 10.091 -34.863 -21.051 11.875 -33.836 -18.765
5 24 7.5 -22.84 -1.71 15 -22.84 -1.71 7.5 -22.541 -0.174 7.5 -23.598 -3.078
2 24 -10.703 -44.981 -36.219 -10.497 -44.787 -36.289
2 24 -11.25 -45.148 -36.158 -10.962 -45.105 -36.173
5 24 14.816 -39.686 -27.262 15 -40.775 -26.865 13.593 -42.384 -33.512 14.816 -37.126 -20.228
5 24 -7.5 -29.611 -1.398 7.5 -29.611 -1.398 -7.5 -29.941 -0.689 -7.5 -29.077 -1.97
5 24 7.5 -31.869 -2.396 7.5 -23.752 19.905 7.5 -29.887 0.855 7.684 -35.028 -7.689
2 24 -7.684 -31.034 -3.491 -7.52 -31.68 -2.8
5 24 7.5 -40.775 -26.865 7.684 -41.864 -26.469 8.787 -43.099 -33.252 7.5 -38.215 -19.831
2 24 -7.5 -29.508 1.539 -7.5 -28.936 2.073
5 24 -15 -29.25 -4.7 -13.03 -29.248 -4.698 -13.454 -29.438 -4.589 -12.41 -28.93 -4.75
5 24 11.25 -37.251 -28.148 11.25 -34.691 -21.114 10.091 -37.423 -28.085 12.409 -37.423 -28.085
5 24 -12.409 -37.291 -6.865 -12.409 -27.103 21.125 -13.454 -36.79 -7.048 -11.25 -37.46 -6.8
5 24 -10.489 -45.301 -32.451 -10.091 -44.126 -25.646 -11.25 -45.414 -32.409 -9.802 -44.972 -32.57
2 24 15 -23.752 19.905 15 -20.228 18.623
2 24 9.046 -29.438 -4.589 9.47 -29.248 -4.698
2 24 7.5 -30.616 -3.94 7.52 -31.68 -2.8
2 24 -10.625 -28.752 -17.955 -10.625 -27.897 -15.605
5 24 -11.25 -37.46 -6.8 -10.091 -37.291 -6.865 -10.625 -38.318 -9.152 -11.25 -27.276 21.188
2 24 15 -27.713 -4.997 15 -26.16 -4.806
5 24 12.011 -40.898 -34.053 12.698 -41.227 -33.933 11.538 -43.441 -36.779 12.409 -37.423 -28.085
5 24 -11.875 -31.271 -11.717 -11.25 -30.416 -9.368 -12.409 -30.588 -9.305 -10.625 -31.271 -11.717
5 24 15 -38.215 -19.831 15 -37.947 -17.268 14.816 -39.304 -19.435 15 -36.772 -17.696
5 24 -15 -34.207 -10.648 -14.816 -32.851 -8.482 -15 -33.939 -8.085 -15 -36.772 -17.696
5 24 14.816 -41.864 -26.469 15 -40.775 -26.865 13.593 -43.815 -32.991 14.816 -39.304 -19.435
5 24 -15 -30.616 -3.94 -14.284 -30.168 -4.167 -14.58 -30.678 -3.873 -15 -29.25 -4.7
5 24 10.091 -44.126 -25.646 10.091 -41.566 -18.612 9.046 -43.626 -25.828 11.25 -44.299 -25.583
5 24 -12.409 -44.126 -25.646 -11.25 -44.299 -25.583 -12.011 -45.301 -32.451 -12.409 -41.566 -18.612
2 24 -7.5 -37.947 -17.268 -3 -37.092 -14.919
2 24 -13.03 -29.248 -4.698 -12.41 -28.93 -4.75
5 24 7.5 -38.215 -19.831 7.5 -36.772 -17.696 7.5 -37.947 -17.268 7.684 -37.126 -20.228
5 24 -15 -34.207 -10.648 -15 -33.939 -8.085 -15 -35.382 -10.221 -14.816 -32.851 -8.482
2 24 9.046 -26.603 20.943 10.091 -27.103 21.125
5 24 -14.816 -39.686 -27.262 -13.593 -42.384 -33.512 -15 -40.775 -26.865 -14.284 -38.704 -27.619
5 24 -9.802 -41.227 -33.933 -9.046 -37.924 -27.903 -9.257 -41.739 -33.747 -10.489 -40.898 -34.053
2 24 -19.5 -36.237 -12.57 -15 -35.382 -10.221
5 24 -7.684 -35.028 -7.689 -7.5 -35.382 -10.221 -7.5 -33.939 -8.085 -7.684 -39.304 -19.435
5 24 8.216 -36.011 -7.331 9.046 -43.626 -25.828 8.216 -40.286 -19.078 9.05 -36.79 -7.05
5 24 -12.409 -37.423 -28.085 -12.409 -34.863 -21.051 -13.454 -37.924 -27.903 -11.25 -37.251 -28.148
5 24 7.5 -33.939 -8.085 7.52 -31.68 -2.8 7.5 -31.869 -2.396 7.684 -31.034 -3.491
5 24 13.593 -42.384 -33.512 14.816 -39.686 -27.262 13.713 -43.099 -33.252 13.243 -41.739 -33.747
2 24 -7.5 -23.752 19.905 -7.5 -20.228 18.623
2 24 -11.797 -44.981 -36.219 -11.538 -45.105 -36.173
5 24 -7.684 -37.126 -20.228 -7.5 -36.772 -17.696 -7.5 -38.215 -19.831 -7.684 -32.851 -8.482
2 24 -11.25 -43.398 -36.795 -10.962 -43.441 -36.779
5 24 -15 -31.869 -2.396 -15 -23.752 19.905 -15 -27.5385 0 -14.816 -24.841 20.302
5 24 9.046 -31.089 -9.123 9.046 -29.438 -4.589 9.47 -29.248 -4.698 8.216 -31.868 -8.839
5 24 15 -34.207 -10.648 15 -33.939 -8.085 15 -35.382 -10.221 14.816 -32.851 -8.482
2 24 -12.181 -44.273 -36.476 -12.135 -44.003 -36.574
5 24 -10.091 -37.291 -6.865 -10.091 -27.103 21.125 -9.046 -36.79 -7.048 -11.25 -37.46 -6.8
5 24 -7.684 -31.034 -3.491 -7.5 -30.616 -3.94 -7.52 -31.68 -2.8 -7.92 -30.678 -3.873
5 24 12.011 -40.898 -34.053 12.409 -37.423 -28.085 12.698 -41.227 -33.933 11.25 -40.785 -34.094
5 24 -7.684 -41.864 -26.469 -7.684 -39.304 -19.435 -8.216 -42.846 -26.111 -7.5 -40.775 -26.865
5 24 -15 -40.775 -26.865 -15 -38.215 -19.831 -14.816 -41.864 -26.469 -14.816 -39.686 -27.262
2 24 7.5 -30.037 0.087 7.5 -29.941 -0.689
5 24 11.25 -37.251 -28.148 12.409 -37.423 -28.085 11.25 -40.785 -34.094 11.25 -34.691 -21.114
2 24 -11.875 -38.318 -9.152 -10.625 -38.318 -9.152
5 24 -13.243 -44.46 -32.757 -12.003 -44.787 -36.289 -12.698 -44.972 -32.57 -13.593 -43.815 -32.991
5 24 -11.25 -28.748 -4.787 -7.5 -27.713 -4.997 -10.091 -28.932 -4.754 -15 -27.713 -4.997
5 24 -10.091 -41.566 -18.612 -10.091 -37.291 -6.865 -9.046 -36.79 -7.048 -10.625 -40.883 -16.2
2 24 -11.875 -33.836 -18.765 -11.875 -31.271 -11.717
5 24 11.25 -43.398 -36.795 11.25 -40.785 -34.094 10.962 -43.441 -36.779 11.538 -43.441 -36.779
5 24 12.135 -44.003 -36.574 13.593 -42.384 -33.512 12.181 -44.273 -36.476 12.003 -43.759 -36.663
2 24 11.875 -40.883 -16.2 11.875 -38.318 -9.152
2 24 10.625 -28.752 -17.955 10.625 -27.897 -15.605
2 24 11.875 -31.271 -11.717 11.875 -27.897 -15.605
2 24 -11.875 -31.271 -11.717 -11.875 -27.897 -15.605
2 24 -12.409 -27.103 21.125 -11.25 -27.276 21.188
2 24 3 -35.917 -15.347 7.5 -36.772 -17.696
2 24 -7.5 -26.683 2.349 -7.5 -25.999 1.97
2 24 3 -36.237 -12.57 7.5 -35.382 -10.221
5 24 10.091 -30.588 -9.305 11.25 -30.416 -9.368 10.625 -31.271 -11.717 10.091 -28.932 -4.754
5 24 10.091 -30.588 -9.305 10.625 -31.271 -11.717 11.25 -30.416 -9.368 10.091 -34.863 -21.051
5 24 14.58 -30.678 -3.873 15 -30.616 -3.94 14.816 -31.034 -3.491 14.284 -30.168 -4.167
2 24 8.216 -30.168 -4.167 9.046 -29.438 -4.589
5 24 -15 -29.25 -4.7 -14.284 -30.168 -4.167 -15 -30.616 -3.94 -13.454 -29.438 -4.589
5 24 -14.284 -42.846 -26.111 -13.243 -44.46 -32.757 -13.454 -43.626 -25.828 -14.816 -41.864 -26.469
5 24 14.816 -39.686 -27.262 14.816 -37.126 -20.228 15 -40.775 -26.865 14.284 -38.704 -27.619
5 24 -12.409 -34.863 -21.051 -11.875 -33.836 -18.765 -11.25 -34.691 -21.114 -12.409 -30.588 -9.305
2 24 11.538 -43.441 -36.779 11.797 -43.565 -36.734
2 24 7.52 -31.68 -2.8 7.684 -31.034 -3.491
2 24 -12.41 -28.93 -4.75 -11.25 -28.748 -4.787
5 24 -8.907 -43.815 -32.991 -7.684 -41.864 -26.469 -9.257 -44.46 -32.757 -8.787 -43.099 -33.252
2 24 -7.5 -35.382 -10.221 -7.5 -34.207 -10.648
5 24 -14.816 -39.686 -27.262 -14.816 -37.126 -20.228 -14.284 -38.704 -27.619 -15 -40.775 -26.865
2 24 -15 -36.772 -17.696 -15 -34.207 -10.648
5 24 15 -35.382 -10.221 15 -33.939 -8.085 15 -34.207 -10.648 14.816 -35.028 -7.689
2 24 10.625 -28.752 -17.955 11.875 -28.752 -17.955
5 24 7.684 -37.126 -20.228 7.684 -32.851 -8.482 8.216 -31.868 -8.839 7.5 -36.772 -17.696
2 24 -15 -23.752 19.905 -14.816 -24.841 20.302
2 24 11.875 -33.836 -18.765 11.875 -28.752 -17.955
5 24 -11.25 -34.691 -21.114 -10.091 -34.863 -21.051 -10.625 -33.836 -18.765 -11.25 -37.251 -28.148
5 24 8.216 -38.704 -27.619 9.046 -37.924 -27.903 9.046 -35.364 -20.869 9.257 -41.739 -33.747
2 24 10.365 -44.543 -36.378 10.497 -44.787 -36.289
5 24 -12.41 -28.93 -4.75 -12.409 -30.588 -9.305 -13.03 -29.248 -4.698 -11.25 -30.416 -9.368
5 24 -7.684 -39.304 -19.435 -7.5 -37.947 -17.268 -7.5 -38.215 -19.831 -7.684 -35.028 -7.689
5 24 7.684 -39.686 -27.262 8.907 -42.384 -33.512 7.5 -40.775 -26.865 8.216 -38.704 -27.619
5 24 -11.25 -45.414 -32.409 -11.25 -45.148 -36.158 -12.011 -45.301 -32.451 -10.489 -45.301 -32.451
2 24 11.875 -33.836 -18.765 11.875 -31.271 -11.717
5 24 13.243 -44.46 -32.757 14.284 -42.846 -26.111 12.698 -44.972 -32.57 13.593 -43.815 -32.991
2 24 -9.046 -29.438 -4.589 -8.216 -30.168 -4.167
2 24 11.875 -28.752 -17.955 11.875 -27.897 -15.605
5 24 14.284 -36.143 -20.585 14.284 -31.868 -8.839 13.454 -37.924 -27.903 14.816 -37.126 -20.228
2 24 -12.003 -44.787 -36.289 -11.797 -44.981 -36.219
5 24 9.257 -41.739 -33.747 9.802 -41.227 -33.933 10.497 -43.759 -36.663 8.216 -38.704 -27.619
5 24 -10.962 -45.105 -36.173 -10.489 -45.301 -32.451 -11.25 -45.148 -36.158 -10.703 -44.981 -36.219
2 24 -11.875 -40.883 -16.2 -10.625 -40.883 -16.2
2 24 -7.5 -29.611 -1.398 -7.5 -29.077 -1.97
2 24 11.875 -44.257 -12.311 11.875 -43.402 -9.962
5 24 7.5 -27.713 -4.997 11.25 -28.748 -4.787 10.091 -28.932 -4.754 15 -27.713 -4.997
5 24 14.816 -37.126 -20.228 15 -38.215 -19.831 15 -36.772 -17.696 14.816 -39.686 -27.262
5 24 -8.216 -36.011 -7.331 -8.216 -25.823 20.659 -9.046 -36.79 -7.048 -7.684 -35.028 -7.689
5 24 -15 -38.215 -19.831 -14.816 -39.304 -19.435 -15 -37.947 -17.268 -15 -40.775 -26.865
2 24 -7.5 -34.207 -10.648 -3 -35.062 -12.997
5 24 10.091 -34.863 -21.051 11.25 -34.691 -21.114 10.625 -33.836 -18.765 10.091 -37.423 -28.085
5 24 10.489 -45.301 -32.451 11.25 -45.414 -32.409 10.962 -45.105 -36.173 10.091 -44.126 -25.646
5 24 7.684 -35.028 -7.689 7.684 -24.841 20.302 8.216 -36.011 -7.331 7.5 -31.869 -2.396
5 24 -15 -38.215 -19.831 -15 -36.772 -17.696 -15 -37.947 -17.268 -14.816 -37.126 -20.228
5 24 -9.046 -31.089 -9.123 -9.046 -29.438 -4.589 -9.47 -29.248 -4.698 -8.216 -31.868 -8.839
5 24 8.216 -42.846 -26.111 9.257 -44.46 -32.757 9.046 -43.626 -25.828 7.684 -41.864 -26.469
5 24 11.25 -30.416 -9.368 11.25 -28.748 -4.787 10.091 -30.588 -9.305 12.409 -30.588 -9.305
5 24 10.489 -40.898 -34.053 10.962 -43.441 -36.779 9.802 -41.227 -33.933 11.25 -40.785 -34.094
2 24 3 -35.062 -12.997 7.5 -34.207 -10.648
5 24 7.5 -24.742 -4.145 15 -24.742 -4.145 7.5 -23.598 -3.078 7.5 -26.16 -4.806
5 24 -12.409 -30.588 -9.305 -11.25 -30.416 -9.368 -11.875 -31.271 -11.717 -12.41 -28.93 -4.75
5 24 -7.5 -28.936 2.073 7.5 -28.936 2.073 -7.5 -29.508 1.539 -7.5 -28.227 2.403
2 24 10.319 -44.273 -36.476 10.365 -44.543 -36.378
5 24 -7.5 -38.215 -19.831 -7.5 -37.947 -17.268 -7.684 -39.304 -19.435 -7.5 -36.772 -17.696
2 24 10.625 -44.257 -12.311 10.625 -40.883 -16.2
5 24 -7.684 -32.851 -8.482 -7.5 -34.207 -10.648 -7.5 -33.939 -8.085 -7.684 -37.126 -20.228
5 24 -12.409 -44.126 -25.646 -12.409 -41.566 -18.612 -13.454 -43.626 -25.828 -11.25 -44.299 -25.583
5 24 7.5 -26.16 -4.806 15 -26.16 -4.806 7.5 -27.713 -4.997 7.5 -24.742 -4.145
2 24 -15 -27.713 -4.997 -15 -26.16 -4.806
2 24 -11.538 -45.105 -36.173 -11.25 -45.148 -36.158
5 24 -12.409 -30.588 -9.305 -11.875 -31.271 -11.717 -11.25 -30.416 -9.368 -12.409 -34.863 -21.051
5 24 -13.454 -31.089 -9.123 -13.454 -29.438 -4.589 -14.284 -31.868 -8.839 -12.409 -30.588 -9.305
5 24 -7.52 -31.68 -2.8 -7.5 -33.939 -8.085 -7.5 -31.869 -2.396 -7.684 -31.034 -3.491
5 24 12.003 -43.759 -36.663 13.243 -41.739 -33.747 12.135 -44.003 -36.574 11.797 -43.565 -36.734
2 24 7.5 -37.947 -17.268 7.5 -35.382 -10.221
5 24 9.046 -37.924 -27.903 9.802 -41.227 -33.933 8.216 -38.704 -27.619 10.091 -37.423 -28.085
5 24 -12.409 -34.863 -21.051 -12.409 -30.588 -9.305 -13.454 -31.089 -9.123 -11.875 -33.836 -18.765
5 24 -11.25 -37.251 -28.148 -11.25 -34.691 -21.114 -12.409 -37.423 -28.085 -10.091 -37.423 -28.085
5 24 -13.593 -43.815 -32.991 -13.243 -44.46 -32.757 -12.135 -44.543 -36.378 -14.816 -41.864 -26.469
5 24 -8.216 -42.846 -26.111 -7.684 -41.864 -26.469 -7.684 -39.304 -19.435 -9.257 -44.46 -32.757
2 24 -11.875 -40.883 -16.2 -11.875 -38.318 -9.152
5 24 11.25 -45.148 -36.158 11.797 -44.981 -36.219 11.538 -45.105 -36.173 10.962 -45.105 -36.173
5 24 -14.284 -42.846 -26.111 -14.284 -36.011 -7.331 -14.816 -39.304 -19.435 -13.454 -43.626 -25.828
5 24 -10.703 -43.565 -36.734 -9.802 -41.227 -33.933 -10.497 -43.759 -36.663 -10.962 -43.441 -36.779
5 24 -15 -24.742 -4.145 -7.5 -24.742 -4.145 -15 -26.16 -4.806 -15 -23.598 -3.078
2 24 -14.98 -31.68 -2.8 -14.816 -31.034 -3.491
2 24 7.5 -23.752 19.905 7.5 -20.228 18.623
5 24 9.802 -41.227 -33.933 10.703 -43.565 -36.734 9.257 -41.739 -33.747 10.489 -40.898 -34.053
5 24 14.816 -32.851 -8.482 14.816 -31.034 -3.491 14.58 -30.678 -3.873 15 -33.939 -8.085
5 24 -7.684 -37.126 -20.228 -7.684 -32.851 -8.482 -8.216 -31.868 -8.839 -7.5 -36.772 -17.696
5 24 -7.684 -37.126 -20.228 -7.5 -38.215 -19.831 -7.5 -36.772 -17.696 -7.684 -39.686 -27.262
5 24 12.409 -28.932 -4.754 15 -29.25 -4.7 13.03 -29.248 -4.698 15 -27.713 -4.997
5 24 7.5 -40.775 -26.865 7.5 -38.215 -19.831 7.684 -41.864 -26.469 7.684 -39.686 -27.262
5 24 -15 -35.382 -10.221 -14.816 -35.028 -7.689 -15 -33.939 -8.085 -15 -37.947 -17.268
2 24 10.703 -43.565 -36.734 10.962 -43.441 -36.779
5 24 -7.684 -39.304 -19.435 -7.5 -38.215 -19.831 -7.5 -37.947 -17.268 -7.684 -41.864 -26.469
5 24 -7.52 -31.68 -2.8 -7.5 -31.869 -2.396 -7.5 -33.939 -8.085 -7.5 -30.616 -3.94
2 24 11.25 -43.398 -36.795 11.538 -43.441 -36.779
2 24 -10.497 -44.787 -36.289 -10.365 -44.543 -36.378
2 24 7.5 -23.752 19.905 7.684 -24.841 20.302
2 24 -7.5 -23.598 -3.078 -7.5 -22.84 -1.71
2 24 -15 -29.25 -4.7 -15 -27.713 -4.997
5 24 -7.5 -26.683 2.349 7.5 -26.683 2.349 -7.5 -27.451 2.498 -7.5 -25.999 1.97
5 24 -10.091 -37.423 -28.085 -10.091 -34.863 -21.051 -9.046 -37.924 -27.903 -11.25 -37.251 -28.148
2 24 7.5 -29.941 -0.689 7.5 -29.611 -1.398
5 24 -9.046 -43.626 -25.828 -9.046 -36.79 -7.048 -10.091 -41.566 -18.612 -8.216 -42.846 -26.111
2 24 11.797 -44.981 -36.219 12.003 -44.787 -36.289
5 24 10.703 -43.565 -36.734 10.962 -45.105 -36.173 10.497 -43.759 -36.663 10.962 -43.441 -36.779
5 24 13.454 -41.066 -18.794 13.454 -36.79 -7.048 14.284 -42.846 -26.111 12.409 -41.566 -18.612
5 24 -7.5 -35.382 -10.221 -7.5 -33.939 -8.085 -7.5 -34.207 -10.648 -7.684 -35.028 -7.689
2 24 7.5 -23.598 -3.078 7.5 -22.84 -1.71
2 24 7.5 -30.037 0.087 7.5 -29.887 0.855
5 24 12.409 -30.588 -9.305 12.409 -28.932 -4.754 13.03 -29.248 -4.698 11.25 -30.416 -9.368
2 24 -8.216 -25.823 20.659 -7.684 -24.841 20.302
2 24 15 -29.25 -4.7 15 -27.713 -4.997
5 24 -14.816 -39.686 -27.262 -14.284 -38.704 -27.619 -14.816 -37.126 -20.228 -13.593 -42.384 -33.512
2 24 7.5 -26.14 -2.073 7.5 -25.568 -1.539
5 24 -13.593 -42.384 -33.512 -13.243 -41.739 -33.747 -12.135 -44.003 -36.574 -14.816 -39.686 -27.262
2 24 -10.625 -44.257 -12.311 -10.625 -40.883 -16.2
5 24 7.5 -31.869 -2.396 7.52 -31.68 -2.8 7.5 -33.939 -8.085 7.5 -30.616 -3.94
5 24 -14.816 -41.864 -26.469 -14.284 -42.846 -26.111 -14.816 -39.304 -19.435 -13.593 -43.815 -32.991
5 24 -12.409 -37.291 -6.865 -11.25 -37.46 -6.8 -11.875 -38.318 -9.152 -12.409 -27.103 21.125
5 24 -15 -37.947 -17.268 -14.816 -39.304 -19.435 -15 -38.215 -19.831 -15 -35.382 -10.221
2 24 7.5 -27.451 2.498 7.5 -26.683 2.349
5 24 -10.962 -45.105 -36.173 -10.365 -44.003 -36.574 -10.365 -44.543 -36.378 -10.703 -43.565 -36.734
2 24 -11.875 -43.402 -9.962 -11.875 -38.318 -9.152
5 24 7.5 -36.772 -17.696 7.684 -37.126 -20.228 7.5 -38.215 -19.831 7.5 -34.207 -10.648
5 24 10.091 -44.126 -25.646 10.489 -45.301 -32.451 11.25 -44.299 -25.583 9.046 -43.626 -25.828
5 24 12.698 -44.972 -32.57 13.454 -43.626 -25.828 12.011 -45.301 -32.451 13.243 -44.46 -32.757
5 24 13.243 -41.739 -33.747 13.593 -42.384 -33.512 12.003 -43.759 -36.663 14.284 -38.704 -27.619
2 24 10.625 -33.836 -18.765 11.875 -33.836 -18.765
5 24 7.684 -41.864 -26.469 7.684 -39.304 -19.435 8.216 -42.846 -26.111 7.5 -40.775 -26.865
5 24 10.625 -40.883 -16.2 11.25 -41.739 -18.549 10.091 -41.566 -18.612 11.875 -40.883 -16.2
5 24 13.454 -37.924 -27.903 13.454 -31.089 -9.123 12.409 -34.863 -21.051 14.284 -31.868 -8.839
2 24 19.5 -36.237 -12.57 19.5 -35.062 -12.997
5 24 9.257 -44.46 -32.757 9.802 -44.972 -32.57 10.497 -44.787 -36.289 8.216 -42.846 -26.111
2 24 -7.5 -29.941 -0.689 -7.5 -29.611 -1.398
5 24 14.284 -30.168 -4.167 15 -29.25 -4.7 15 -30.616 -3.94 13.454 -29.438 -4.589
5 24 -11.25 -45.414 -32.409 -10.489 -45.301 -32.451 -11.25 -45.148 -36.158 -11.25 -44.299 -25.583
5 24 -7.5 -40.775 -26.865 -7.5 -38.215 -19.831 -7.684 -41.864 -26.469 -7.684 -39.686 -27.262
5 24 -15 -33.939 -8.085 -14.816 -31.034 -3.491 -14.98 -31.68 -2.8 -14.816 -32.851 -8.482
5 24 -15 -22.84 -1.71 -7.5 -22.84 -1.71 -15 -23.598 -3.078 -15 -22.541 -0.174
2 24 10.962 -45.105 -36.173 11.25 -45.148 -36.158
5 24 -11.25 -30.416 -9.368 -10.091 -30.588 -9.305 -10.625 -31.271 -11.717 -11.25 -28.748 -4.787
2 24 -7.5 -36.772 -17.696 -3 -35.917 -15.347
2 24 15 -24.742 -4.145 15 -23.598 -3.078
2 24 -19.5 -37.092 -14.919 -15 -37.947 -17.268
2 24 15 -36.772 -17.696 19.5 -35.917 -15.347
2 24 -15 -30.616 -3.94 -15 -29.25 -4.7
5 24 -7.5 -29.887 0.855 7.5 -29.887 0.855 -7.5 -30.037 0.087 -7.5 -29.508 1.539
2 24 -11.875 -28.752 -17.955 -11.875 -27.897 -15.605
5 24 12.135 -44.543 -36.378 13.593 -43.815 -32.991 12.003 -44.787 -36.289 12.181 -44.273 -36.476
2 24 -19.5 -35.062 -12.997 -15 -34.207 -10.648
2 24 15 -23.598 -3.078 15 -22.84 -1.71
5 24 -9.257 -41.739 -33.747 -8.907 -42.384 -33.512 -10.497 -43.759 -36.663 -8.216 -38.704 -27.619
5 24 -7.5 -27.625 -2.498 7.5 -27.625 -2.498 -7.5 -26.849 -2.403 -7.5 -28.393 -2.349
5 24 7.5 -40.775 -26.865 8.787 -43.099 -33.252 7.684 -41.864 -26.469 7.684 -39.686 -27.262
5 24 7.5 -33.939 -8.085 7.684 -32.851 -8.482 7.5 -34.207 -10.648 7.684 -31.034 -3.491
2 24 -15 -23.598 -3.078 -15 -22.84 -1.71
2 24 -11.875 -33.836 -18.765 -10.625 -33.836 -18.765
5 24 15 -38.215 -19.831 15 -36.772 -17.696 15 -37.947 -17.268 14.816 -37.126 -20.228
5 24 11.875 -33.836 -18.765 12.409 -34.863 -21.051 11.25 -34.691 -21.114 11.875 -31.271 -11.717
2 24 10.625 -27.897 -15.605 11.875 -27.897 -15.605
2 24 15 -22.84 -1.71 15 -22.541 -0.174
5 24 -11.25 -37.46 -6.8 -10.625 -38.318 -9.152 -11.875 -38.318 -9.152 -10.091 -37.291 -6.865
5 24 -7.684 -39.686 -27.262 -7.5 -40.775 -26.865 -8.907 -42.384 -33.512 -7.684 -37.126 -20.228
5 24 7.5 -37.947 -17.268 7.684 -39.304 -19.435 7.5 -38.215 -19.831 7.5 -35.382 -10.221
2 24 7.5 -25.189 -0.855 7.5 -25.04 -0.087
5 24 -11.25 -30.416 -9.368 -11.25 -28.748 -4.787 -12.41 -28.93 -4.75 -10.091 -30.588 -9.305
5 24 14.816 -41.864 -26.469 14.816 -39.304 -19.435 14.284 -42.846 -26.111 15 -40.775 -26.865
5 24 -14.816 -41.864 -26.469 -13.593 -43.815 -32.991 -14.284 -42.846 -26.111 -15 -40.775 -26.865
2 24 -7.5 -28.227 2.403 -7.5 -27.451 2.498
5 24 8.907 -43.815 -32.991 9.257 -44.46 -32.757 10.365 -44.543 -36.378 7.684 -41.864 -26.469
5 24 11.25 -45.414 -32.409 11.25 -45.148 -36.158 10.489 -45.301 -32.451 12.011 -45.301 -32.451
5 24 14.816 -35.028 -7.689 14.816 -24.841 20.302 14.284 -36.011 -7.331 15 -31.869 -2.396
2 24 -19.5 -37.092 -14.919 -19.5 -36.237 -12.57
2 24 7.92 -30.678 -3.873 8.216 -30.168 -4.167
5 24 7.5 -22.541 -0.174 15 -22.541 -0.174 7.5 -20.228 18.623 7.5 -22.84 -1.71
5 24 -11.25 -43.398 -36.795 -11.25 -40.785 -34.094 -11.538 -43.441 -36.779 -10.962 -43.441 -36.779
5 24 9.046 -43.626 -25.828 10.091 -44.126 -25.646 10.091 -41.566 -18.612 9.802 -44.972 -32.57
5 24 9.257 -41.739 -33.747 10.497 -43.759 -36.663 8.907 -42.384 -33.512 9.802 -41.227 -33.933
5 24 -10.489 -40.898 -34.053 -9.802 -41.227 -33.933 -10.962 -43.441 -36.779 -10.091 -37.423 -28.085
5 24 -8.907 -42.384 -33.512 -7.684 -39.686 -27.262 -8.787 -43.099 -33.252 -9.257 -41.739 -33.747
5 24 9.046 -37.924 -27.903 9.046 -35.364 -20.869 8.216 -38.704 -27.619 10.091 -37.423 -28.085
5 24 -12.409 -34.863 -21.051 -11.25 -34.691 -21.114 -11.875 -33.836 -18.765 -12.409 -37.423 -28.085
5 24 11.797 -43.565 -36.734 12.698 -41.227 -33.933 12.003 -43.759 -36.663 11.538 -43.441 -36.779
5 24 14.98 -31.68 -2.8 15 -31.869 -2.396 15 -33.939 -8.085 15 -30.616 -3.94
2 24 -7.5 -25.999 1.97 -7.5 -25.465 1.398
5 24 -13.593 -43.815 -32.991 -12.135 -44.543 -36.378 -13.243 -44.46 -32.757 -13.713 -43.099 -33.252
5 24 -11.25 -34.691 -21.114 -10.625 -33.836 -18.765 -11.875 -33.836 -18.765 -10.091 -34.863 -21.051
2 24 -7.5 -25.189 -0.855 -7.5 -25.04 -0.087
5 24 7.5 -34.207 -10.648 7.684 -32.851 -8.482 7.5 -33.939 -8.085 7.5 -36.772 -17.696
2 24 -11.875 -43.402 -9.962 -10.625 -43.402 -9.962
5 24 8.787 -43.099 -33.252 8.907 -43.815 -32.991 10.319 -44.273 -36.476 7.5 -40.775 -26.865
2 24 -15 -26.16 -4.806 -15 -24.742 -4.145
5 24 7.5 -33.939 -8.085 7.5 -31.869 -2.396 7.684 -35.028 -7.689 7.52 -31.68 -2.8
2 24 -7.5 -26.849 -2.403 -7.5 -26.14 -2.073
5 24 -10.625 -31.271 -11.717 -10.091 -30.588 -9.305 -11.25 -30.416 -9.368 -10.625 -33.836 -18.765
2 24 7.5 -20.228 18.623 15 -20.228 18.623
2 24 -11.538 -43.441 -36.779 -11.25 -43.398 -36.795
2 24 -11.875 -27.897 -15.605 -10.625 -27.897 -15.605
2 24 -14.58 -30.678 -3.873 -14.284 -30.168 -4.167
5 24 10.625 -38.318 -9.152 11.25 -37.46 -6.8 11.875 -38.318 -9.152 10.091 -37.291 -6.865
5 24 11.25 -40.785 -34.094 11.25 -37.251 -28.148 10.489 -40.898 -34.053 12.011 -40.898 -34.053
5 24 -14.816 -41.864 -26.469 -14.816 -39.304 -19.435 -14.284 -42.846 -26.111 -15 -40.775 -26.865
5 24 10.091 -37.291 -6.865 11.25 -37.46 -6.8 10.625 -38.318 -9.152 10.091 -27.103 21.125
5 24 -8.216 -31.868 -8.839 -8.216 -30.168 -4.167 -7.92 -30.678 -3.873 -9.046 -31.089 -9.123
5 24 -15 -40.775 -26.865 -13.713 -43.099 -33.252 -14.816 -41.864 -26.469 -14.816 -39.686 -27.262
2 24 -12.181 -44.273 -36.476 -12.135 -44.543 -36.378
2 24 10.497 -43.759 -36.663 10.703 -43.565 -36.734
5 24 7.684 -41.864 -26.469 8.216 -42.846 -26.111 8.907 -43.815 -32.991 7.684 -39.304 -19.435
2 24 19.5 -37.092 -14.919 19.5 -36.237 -12.57
5 24 12.698 -41.227 -33.933 13.243 -41.739 -33.747 11.797 -43.565 -36.734 13.454 -37.924 -27.903
2 24 -7.5 -27.625 -2.498 -7.5 -26.849 -2.403
5 24 8.216 -40.286 -19.078 8.216 -36.011 -7.331 9.046 -43.626 -25.828 7.684 -39.304 -19.435
5 24 -15 -30.616 -3.94 -14.58 -30.678 -3.873 -14.816 -31.034 -3.491 -14.284 -30.168 -4.167
2 24 7.5 -36.772 -17.696 7.5 -34.207 -10.648
5 24 -13.243 -41.739 -33.747 -12.003 -43.759 -36.663 -13.593 -42.384 -33.512 -12.698 -41.227 -33.933
5 24 -11.25 -41.739 -18.549 -10.625 -40.883 -16.2 -11.875 -40.883 -16.2 -10.091 -41.566 -18.612
5 24 -9.046 -36.79 -7.048 -9.046 -26.603 20.943 -10.091 -37.291 -6.865 -8.216 -36.011 -7.331
5 24 11.875 -31.271 -11.717 12.409 -30.588 -9.305 11.25 -30.416 -9.368 11.875 -33.836 -18.765
5 24 -10.365 -44.543 -36.378 -8.907 -43.815 -32.991 -10.497 -44.787 -36.289 -10.319 -44.273 -36.476
2 24 -10.625 -31.271 -11.717 -10.625 -27.897 -15.605
2 24 7.5 -25.568 -1.539 7.5 -25.189 -0.855
5 24 -7.5 -33.939 -8.085 -7.5 -31.869 -2.396 -7.684 -35.028 -7.689 -7.52 -31.68 -2.8
2 24 12.135 -44.543 -36.378 12.181 -44.273 -36.476
2 24 12.409 -27.103 21.125 13.454 -26.603 20.943
5 24 10.091 -41.566 -18.612 11.25 -41.739 -18.549 10.625 -40.883 -16.2 10.091 -44.126 -25.646
5 24 7.5 -27.713 -4.997 15 -27.713 -4.997 11.25 -28.748 -4.787 7.5 -26.16 -4.806
2 24 -7.5 -26.14 -2.073 -7.5 -25.568 -1.539
2 24 -12.135 -44.543 -36.378 -12.003 -44.787 -36.289
5 24 -15 -36.772 -17.696 -14.816 -37.126 -20.228 -15 -38.215 -19.831 -15 -34.207 -10.648
5 24 9.046 -26.603 20.943 9.05 -36.79 -7.05 10.091 -27.103 21.125 8.216 -25.823 20.659
5 24 7.5 -31.869 -2.396 7.5 -30.616 -3.94 7.52 -31.68 -2.8 7.5 -29.611 -1.398
5 24 -14.284 -38.704 -27.619 -14.284 -31.868 -8.839 -14.816 -32.851 -8.482 -13.454 -37.924 -27.903
5 24 13.713 -43.099 -33.252 15 -40.775 -26.865 13.593 -43.815 -32.991 13.593 -42.384 -33.512
2 24 -19.5 -35.917 -15.347 -15 -36.772 -17.696
2 24 15 -34.207 -10.648 19.5 -35.062 -12.997
5 24 -8.907 -43.815 -32.991 -8.787 -43.099 -33.252 -10.365 -44.543 -36.378 -7.684 -41.864 -26.469
2 24 -15 -35.382 -10.221 -15 -34.207 -10.648
2 24 10.625 -31.271 -11.717 11.875 -31.271 -11.717
5 24 -7.684 -35.028 -7.689 -7.684 -24.841 20.302 -8.216 -36.011 -7.331 -7.5 -31.869 -2.396
2 24 10.703 -44.981 -36.219 10.962 -45.105 -36.173
5 24 7.5 -34.207 -10.648 7.5 -33.939 -8.085 7.5 -35.382 -10.221 7.684 -32.851 -8.482
5 24 -12.698 -41.227 -33.933 -11.797 -43.565 -36.734 -13.243 -41.739 -33.747 -12.011 -40.898 -34.053
5 24 -8.907 -42.384 -33.512 -8.787 -43.099 -33.252 -10.365 -44.003 -36.574 -7.684 -39.686 -27.262
2 24 7.5 -29.611 -1.398 7.5 -29.077 -1.97
2 24 -10.962 -43.441 -36.779 -10.703 -43.565 -36.734
5 24 14.816 -35.028 -7.689 15 -35.382 -10.221 15 -33.939 -8.085 14.816 -39.304 -19.435
5 24 10.091 -41.566 -18.612 10.625 -40.883 -16.2 11.25 -41.739 -18.549 10.091 -37.291 -6.865
2 24 10.625 -44.257 -12.311 11.875 -44.257 -12.311
5 24 -7.684 -35.028 -7.689 -7.5 -33.939 -8.085 -7.5 -35.382 -10.221 -7.5 -31.869 -2.396
5 24 -12.698 -44.972 -32.57 -11.797 -44.981 -36.219 -12.011 -45.301 -32.451 -13.243 -44.46 -32.757
2 24 8.216 -25.823 20.659 9.046 -26.603 20.943
2 24 -11.25 -27.276 21.188 -10.091 -27.103 21.125
2 24 -12.003 -43.759 -36.663 -11.797 -43.565 -36.734
5 24 -13.454 -37.924 -27.903 -13.454 -31.089 -9.123 -12.409 -34.863 -21.051 -14.284 -38.704 -27.619
2 24 -15 -22.541 -0.174 -15 -20.228 18.623
2 24 7.5 -26.849 -2.403 7.5 -26.14 -2.073
5 24 -10.091 -34.863 -21.051 -10.091 -30.588 -9.305 -9.046 -37.924 -27.903 -10.625 -33.836 -18.765
5 24 8.787 -43.099 -33.252 8.907 -42.384 -33.512 10.319 -44.273 -36.476 7.5 -40.775 -26.865
5 24 -11.25 -40.785 -34.094 -11.25 -37.251 -28.148 -12.011 -40.898 -34.053 -10.489 -40.898 -34.053
5 24 7.684 -39.304 -19.435 7.684 -35.028 -7.689 7.5 -37.947 -17.268 8.216 -40.286 -19.078
5 24 -10.962 -45.105 -36.173 -10.497 -44.787 -36.289 -10.703 -44.981 -36.219 -10.365 -44.543 -36.378
5 24 7.5 -30.616 -3.94 7.684 -31.034 -3.491 7.52 -31.68 -2.8 7.92 -30.678 -3.873
5 24 12.011 -45.301 -32.451 12.409 -44.126 -25.646 11.25 -45.414 -32.409 12.698 -44.972 -32.57
2 24 10.091 -27.103 21.125 11.25 -27.276 21.188
5 24 12.181 -44.273 -36.476 13.713 -43.099 -33.252 12.135 -44.543 -36.378 12.135 -44.003 -36.574
2 24 -8.216 -30.168 -4.167 -7.92 -30.678 -3.873
2 24 -14.816 -31.034 -3.491 -14.58 -30.678 -3.873
2 24 3 -36.237 -12.57 3 -35.062 -12.997
2 24 7.5 -27.713 -4.997 7.5 -26.16 -4.806
2 24 3 -35.917 -15.347 3 -35.062 -12.997
2 24 -7.5 -29.25 -4.7 -7.5 -27.713 -4.997
2 24 10.497 -44.787 -36.289 10.703 -44.981 -36.219
2 24 -14.816 -24.841 20.302 -14.284 -25.823 20.659
5 24 -15 -30.616 -3.94 -14.816 -31.034 -3.491 -14.98 -31.68 -2.8 -14.58 -30.678 -3.873
5 24 -7.684 -41.864 -26.469 -7.5 -40.775 -26.865 -8.907 -43.815 -32.991 -7.684 -39.304 -19.435
2 24 -10.091 -28.932 -4.754 -9.47 -29.248 -4.698
5 24 13.593 -43.815 -32.991 14.816 -41.864 -26.469 13.243 -44.46 -32.757 13.713 -43.099 -33.252
5 24 -11.25 -30.416 -9.368 -10.625 -31.271 -11.717 -11.875 -31.271 -11.717 -10.091 -30.588 -9.305
2 24 -15 -37.947 -17.268 -15 -36.772 -17.696
5 24 -12.698 -41.227 -33.933 -12.011 -40.898 -34.053 -11.797 -43.565 -36.734 -13.454 -37.924 -27.903
5 24 9.046 -43.626 -25.828 9.05 -36.79 -7.05 10.091 -41.566 -18.612 8.216 -36.011 -7.331
2 24 7.5 -29.077 -1.97 7.5 -28.393 -2.349
2 24 -9.046 -26.603 20.943 -8.216 -25.823 20.659
5 24 8.216 -38.704 -27.619 9.257 -41.739 -33.747 7.684 -39.686 -27.262 9.046 -37.924 -27.903
5 24 10.091 -37.291 -6.865 10.625 -38.318 -9.152 11.25 -37.46 -6.8 10.091 -41.566 -18.612
2 24 -11.875 -44.257 -12.311 -11.875 -40.883 -16.2
5 24 -7.5 -29.077 -1.97 7.5 -29.077 -1.97 -7.5 -29.611 -1.398 -7.5 -28.393 -2.349
2 24 -7.5 -26.16 -4.806 -7.5 -24.742 -4.145
2 24 -14.284 -30.168 -4.167 -13.454 -29.438 -4.589
2 24 10.625 -44.257 -12.311 10.625 -43.402 -9.962
5 24 15 -33.939 -8.085 15 -31.869 -2.396 14.816 -35.028 -7.689 14.98 -31.68 -2.8
5 24 -10.962 -43.441 -36.779 -10.489 -40.898 -34.053 -10.703 -43.565 -36.734 -11.25 -43.398 -36.795
5 24 8.216 -38.704 -27.619 8.216 -31.868 -8.839 7.684 -37.126 -20.228 9.046 -31.089 -9.123
5 24 9.802 -44.972 -32.57 10.703 -44.981 -36.219 10.489 -45.301 -32.451 9.257 -44.46 -32.757
5 24 13.454 -36.79 -7.048 13.454 -26.603 20.943 12.409 -37.291 -6.865 14.284 -36.011 -7.331
5 24 9.046 -43.626 -25.828 9.802 -44.972 -32.57 10.091 -44.126 -25.646 8.216 -42.846 -26.111
2 24 11.538 -45.105 -36.173 11.797 -44.981 -36.219
5 24 -10.091 -28.932 -4.754 -7.5 -29.25 -4.7 -9.47 -29.248 -4.698 -7.5 -27.713 -4.997
2 24 14.98 -31.68 -2.8 15 -30.616 -3.94
5 24 12.409 -37.423 -28.085 12.409 -34.863 -21.051 13.454 -37.924 -27.903 11.25 -37.251 -28.148
5 24 11.25 -44.299 -25.583 12.409 -44.126 -25.646 11.25 -45.414 -32.409 11.25 -41.739 -18.549
5 24 -9.046 -43.626 -25.828 -8.216 -42.846 -26.111 -9.802 -44.972 -32.57 -9.046 -36.79 -7.048
5 24 8.907 -42.384 -33.512 10.365 -44.003 -36.574 8.787 -43.099 -33.252 9.257 -41.739 -33.747
5 24 -15 -20.228 18.623 -14.816 -24.841 20.302 -15 -23.752 19.905 -7.5 -20.228 18.623
2 24 -10.497 -43.759 -36.663 -10.365 -44.003 -36.574
5 24 -7.5 -31.869 -2.396 -7.5 -30.616 -3.94 -7.52 -31.68 -2.8 -7.5 -29.611 -1.398
5 24 -8.787 -43.099 -33.252 -7.5 -40.775 -26.865 -8.907 -43.815 -32.991 -8.907 -42.384 -33.512
5 24 10.091 -37.423 -28.085 10.489 -40.898 -34.053 9.046 -37.924 -27.903 11.25 -37.251 -28.148
5 24 10.091 -34.863 -21.051 10.091 -30.588 -9.305 9.046 -35.364 -20.869 10.625 -33.836 -18.765
2 24 11.875 -44.257 -12.311 11.875 -40.883 -16.2
5 24 7.684 -39.686 -27.262 7.684 -37.126 -20.228 8.216 -38.704 -27.619 7.5 -40.775 -26.865
5 24 7.5 -35.382 -10.221 7.5 -33.939 -8.085 7.5 -34.207 -10.648 7.684 -35.028 -7.689
5 24 -7.92 -30.678 -3.873 -7.5 -30.616 -3.94 -7.684 -31.034 -3.491 -8.216 -30.168 -4.167
5 24 -7.5 -25.04 -0.087 7.5 -25.04 -0.087 -7.5 -25.135 0.689 -7.5 -25.189 -0.855
5 24 14.284 -38.704 -27.619 14.284 -36.143 -20.585 13.454 -37.924 -27.903 14.816 -39.686 -27.262
2 24 3 -37.092 -14.919 3 -35.917 -15.347
5 24 10.365 -44.003 -36.574 10.962 -45.105 -36.173 10.319 -44.273 -36.476 10.497 -43.759 -36.663
5 24 8.907 -42.384 -33.512 9.257 -41.739 -33.747 10.365 -44.003 -36.574 7.684 -39.686 -27.262
5 24 -15 -33.939 -8.085 -14.98 -31.68 -2.8 -15 -31.869 -2.396 -14.816 -31.034 -3.491
2 24 -10.703 -43.565 -36.734 -10.497 -43.759 -36.663
5 24 -7.684 -32.851 -8.482 -7.684 -31.034 -3.491 -7.92 -30.678 -3.873 -7.5 -33.939 -8.085
2 24 11.797 -43.565 -36.734 12.003 -43.759 -36.663
5 24 -7.684 -31.034 -3.491 -7.5 -33.939 -8.085 -7.52 -31.68 -2.8 -7.684 -32.851 -8.482
2 24 15 -37.947 -17.268 19.5 -37.092 -14.919
2 24 -15 -24.742 -4.145 -15 -23.598 -3.078
2 24 7.5 -37.947 -17.268 7.5 -36.772 -17.696
2 24 -7.5 -30.616 -3.94 -7.5 -29.25 -4.7
5 24 13.593 -42.384 -33.512 13.713 -43.099 -33.252 12.135 -44.003 -36.574 14.816 -39.686 -27.262
2 24 -9.47 -29.248 -4.698 -9.046 -29.438 -4.589
5 24 8.907 -43.815 -32.991 10.365 -44.543 -36.378 9.257 -44.46 -32.757 8.787 -43.099 -33.252
2 24 7.5 -26.683 2.349 7.5 -25.999 1.97
2 24 7.5 -27.625 -2.498 7.5 -26.849 -2.403
2 24 14.816 -31.034 -3.491 14.98 -31.68 -2.8
5 24 10.962 -45.105 -36.173 11.797 -44.981 -36.219 11.25 -45.148 -36.158 12.135 -44.543 -36.378
5 24 9.802 -44.972 -32.57 10.489 -45.301 -32.451 10.703 -44.981 -36.219 9.046 -43.626 -25.828
5 24 -9.47 -29.248 -4.698 -7.5 -29.25 -4.7 -9.046 -29.438 -4.589 -10.091 -28.932 -4.754
5 24 7.684 -41.864 -26.469 8.907 -43.815 -32.991 8.216 -42.846 -26.111 7.5 -40.775 -26.865
5 24 -7.5 -26.14 -2.073 7.5 -26.14 -2.073 -7.5 -26.849 -2.403 -7.5 -25.568 -1.539
5 24 -7.5 -25.999 1.97 7.5 -25.999 1.97 -7.5 -26.683 2.349 -7.5 -25.465 1.398
5 24 -15 -22.541 -0.174 -7.5 -22.541 -0.174 -15 -22.84 -1.71 -15 -20.228 18.623
5 24 13.454 -43.626 -25.828 13.454 -41.066 -18.794 14.284 -42.846 -26.111 12.409 -44.126 -25.646
5 24 15 -40.775 -26.865 15 -38.215 -19.831 14.816 -41.864 -26.469 14.816 -39.686 -27.262
2 24 -7.52 -31.68 -2.8 -7.5 -30.616 -3.94
2 24 -3 -37.092 -14.919 -3 -35.917 -15.347
2 24 -10.625 -33.836 -18.765 -10.625 -31.271 -11.717
5 24 -10.962 -45.105 -36.173 -10.365 -44.543 -36.378 -10.497 -44.787 -36.289 -10.365 -44.003 -36.574
2 24 10.625 -43.402 -9.962 10.625 -38.318 -9.152
5 24 14.816 -32.851 -8.482 15 -34.207 -10.648 15 -33.939 -8.085 14.816 -37.126 -20.228
2 24 7.5 -22.541 -0.174 7.5 -20.228 18.623
5 24 -7.684 -32.851 -8.482 -7.5 -33.939 -8.085 -7.5 -34.207 -10.648 -7.684 -31.034 -3.491
5 24 -8.216 -42.846 -26.111 -8.216 -36.011 -7.331 -7.684 -35.028 -7.689 -9.046 -43.626 -25.828
2 24 10.625 -43.402 -9.962 11.875 -43.402 -9.962
2 24 -10.962 -45.105 -36.173 -10.703 -44.981 -36.219
2 24 -7.5 -25.465 1.398 -7.5 -25.135 0.689
5 24 -10.091 -30.588 -9.305 -10.091 -28.932 -4.754 -9.47 -29.248 -4.698 -11.25 -30.416 -9.368
5 24 -11.25 -44.299 -25.583 -10.091 -44.126 -25.646 -11.25 -45.414 -32.409 -11.25 -41.739 -18.549
5 24 8.216 -42.846 -26.111 8.216 -40.286 -19.078 9.046 -43.626 -25.828 7.684 -41.864 -26.469
5 24 10.091 -37.423 -28.085 11.25 -37.251 -28.148 10.489 -40.898 -34.053 10.091 -34.863 -21.051
5 24 -11.875 -40.883 -16.2 -11.25 -41.739 -18.549 -12.409 -41.566 -18.612 -10.625 -40.883 -16.2
5 24 -7.5 -25.189 -0.855 7.5 -25.189 -0.855 -7.5 -25.568 -1.539 -7.5 -25.04 -0.087
5 24 7.5 -38.215 -19.831 7.5 -37.947 -17.268 7.684 -39.304 -19.435 7.5 -36.772 -17.696
2 24 3 -37.092 -14.919 7.5 -37.947 -17.268
5 24 9.046 -37.924 -27.903 10.091 -37.423 -28.085 9.802 -41.227 -33.933 9.046 -35.364 -20.869
2 24 15 -22.541 -0.174 15 -20.228 18.623
5 24 7.5 -29.25 -4.7 8.216 -30.168 -4.167 7.5 -30.616 -3.94 9.046 -29.438 -4.589
5 24 14.816 -37.126 -20.228 15 -36.772 -17.696 15 -38.215 -19.831 14.816 -32.851 -8.482
2 24 10.625 -38.318 -9.152 11.875 -38.318 -9.152
5 24 -14.284 -42.846 -26.111 -13.454 -43.626 -25.828 -13.243 -44.46 -32.757 -14.284 -36.011 -7.331
5 24 14.816 -39.304 -19.435 15 -38.215 -19.831 15 -37.947 -17.268 14.816 -41.864 -26.469
5 24 14.816 -37.126 -20.228 14.816 -32.851 -8.482 15 -36.772 -17.696 14.284 -36.143 -20.585
5 24 -15 -40.775 -26.865 -14.816 -41.864 -26.469 -13.713 -43.099 -33.252 -15 -38.215 -19.831
2 24 14.284 -30.168 -4.167 14.58 -30.678 -3.873
2 24 11.875 -43.402 -9.962 11.875 -38.318 -9.152
5 24 -12.409 -44.126 -25.646 -12.011 -45.301 -32.451 -11.25 -44.299 -25.583 -13.454 -43.626 -25.828
5 24 11.25 -37.46 -6.8 11.25 -27.276 21.188 10.091 -37.291 -6.865 12.409 -37.291 -6.865
5 24 -14.284 -38.704 -27.619 -13.454 -37.924 -27.903 -13.243 -41.739 -33.747 -14.284 -31.868 -8.839
5 24 -7.5 -25.568 -1.539 7.5 -25.568 -1.539 -7.5 -26.14 -2.073 -7.5 -25.189 -0.855
2 24 12.003 -44.787 -36.289 12.135 -44.543 -36.378
5 24 11.875 -40.883 -16.2 12.409 -41.566 -18.612 11.25 -41.739 -18.549 11.875 -38.318 -9.152
2 24 7.5 -25.465 1.398 7.5 -25.135 0.689
5 24 -15 -35.382 -10.221 -15 -33.939 -8.085 -15 -34.207 -10.648 -14.816 -35.028 -7.689
5 24 -13.454 -43.626 -25.828 -12.698 -44.972 -32.57 -12.409 -44.126 -25.646 -14.284 -42.846 -26.111
5 24 10.962 -45.105 -36.173 12.135 -44.003 -36.574 12.135 -44.543 -36.378 11.797 -43.565 -36.734
2 24 -14.284 -25.823 20.659 -13.454 -26.603 20.943
2 24 -7.92 -30.678 -3.873 -7.684 -31.034 -3.491
5 24 -7.684 -39.686 -27.262 -7.684 -37.126 -20.228 -8.216 -38.704 -27.619 -7.5 -40.775 -26.865
5 24 10.091 -30.588 -9.305 10.091 -28.932 -4.754 9.47 -29.248 -4.698 11.25 -30.416 -9.368
5 24 -7.5 -38.215 -19.831 -7.5 -36.772 -17.696 -7.684 -37.126 -20.228 -7.5 -37.947 -17.268
5 24 11.25 -28.748 -4.787 15 -27.713 -4.997 7.5 -27.713 -4.997 12.409 -28.932 -4.754
2 24 -7.5 -30.037 0.087 -7.5 -29.887 0.855
5 24 12.409 -41.566 -18.612 12.409 -37.291 -6.865 11.875 -40.883 -16.2 13.454 -41.066 -18.794
5 24 14.816 -24.841 20.302 15 -20.228 18.623 15 -23.752 19.905 11.25 -27.276 21.188
2 24 15 -37.947 -17.268 15 -36.772 -17.696
2 24 11.25 -45.148 -36.158 11.538 -45.105 -36.173
2 24 -15 -30.616 -3.94 -14.98 -31.68 -2.8
5 24 12.003 -44.787 -36.289 13.243 -44.46 -32.757 11.797 -44.981 -36.219 12.135 -44.543 -36.378
5 24 -9.046 -37.924 -27.903 -8.216 -38.704 -27.619 -9.802 -41.227 -33.933 -9.046 -31.089 -9.123
5 24 -14.816 -37.126 -20.228 -14.816 -32.851 -8.482 -14.284 -38.704 -27.619 -15 -36.772 -17.696
5 24 -9.802 -44.972 -32.57 -9.257 -44.46 -32.757 -10.703 -44.981 -36.219 -9.046 -43.626 -25.828
5 24 11.25 -40.785 -34.094 12.011 -40.898 -34.053 11.25 -43.398 -36.795 11.25 -37.251 -28.148
5 24 10.497 -44.787 -36.289 10.962 -45.105 -36.173 10.703 -44.981 -36.219 10.365 -44.543 -36.378
5 24 -13.454 -37.924 -27.903 -12.409 -37.423 -28.085 -12.409 -34.863 -21.051 -12.698 -41.227 -33.933
5 24 -12.409 -41.566 -18.612 -11.875 -40.883 -16.2 -11.25 -41.739 -18.549 -12.409 -37.291 -6.865
2 24 -7.5 -37.947 -17.268 -7.5 -35.382 -10.221
2 24 10.625 -31.271 -11.717 10.625 -27.897 -15.605
5 24 14.284 -42.846 -26.111 14.284 -36.011 -7.331 13.454 -36.79 -7.048 14.816 -39.304 -19.435
2 24 7.5 -28.393 -2.349 7.5 -27.625 -2.498
5 24 -14.816 -35.028 -7.689 -14.816 -24.841 20.302 -15 -31.869 -2.396 -14.284 -36.011 -7.331
5 24 -12.409 -37.291 -6.865 -11.875 -38.318 -9.152 -11.25 -37.46 -6.8 -12.409 -41.566 -18.612
2 24 -13.454 -26.603 20.943 -12.409 -27.103 21.125
5 24 -11.875 -33.836 -18.765 -11.25 -34.691 -21.114 -12.409 -34.863 -21.051 -10.625 -33.836 -18.765
5 24 -11.875 -38.318 -9.152 -11.25 -37.46 -6.8 -10.625 -38.318 -9.152 -12.409 -37.291 -6.865
2 24 19.5 -37.092 -14.919 19.5 -35.917 -15.347
2 24 10.365 -44.003 -36.574 10.497 -43.759 -36.663
2 24 3 -37.092 -14.919 3 -36.237 -12.57
5 24 14.816 -39.304 -19.435 15 -37.947 -17.268 15 -38.215 -19.831 14.816 -35.028 -7.689
2 24 -7.5 -27.713 -4.997 -7.5 -26.16 -4.806
2 24 12.409 -28.932 -4.754 13.03 -29.248 -4.698
5 24 11.25 -37.46 -6.8 12.409 -37.291 -6.865 11.875 -38.318 -9.152 11.25 -27.276 21.188
5 24 10.091 -44.126 -25.646 11.25 -44.299 -25.583 10.489 -45.301 -32.451 10.091 -41.566 -18.612
5 24 -8.216 -38.704 -27.619 -7.684 -39.686 -27.262 -7.684 -37.126 -20.228 -9.257 -41.739 -33.747
2 24 -7.5 -35.382 -10.221 -3 -36.237 -12.57
5 24 -15 -38.215 -19.831 -15 -37.947 -17.268 -14.816 -39.304 -19.435 -15 -36.772 -17.696
5 24 -7.5 -29.941 -0.689 7.5 -29.941 -0.689 -7.5 -30.037 0.087 -7.5 -29.611 -1.398
2 24 7.5 -35.382 -10.221 7.5 -34.207 -10.648
2 24 -7.5 -29.077 -1.97 -7.5 -28.393 -2.349
2 24 -11.875 -44.257 -12.311 -10.625 -44.257 -12.311
5 24 -11.25 -37.46 -6.8 -11.25 -27.276 21.188 -10.091 -37.291 -6.865 -12.409 -37.291 -6.865
2 24 -7.5 -27.451 2.498 -7.5 -26.683 2.349
5 24 -13.713 -43.099 -33.252 -13.593 -42.384 -33.512 -12.181 -44.273 -36.476 -15 -40.775 -26.865
5 24 12.011 -45.301 -32.451 12.698 -44.972 -32.57 11.538 -45.105 -36.173 12.409 -44.126 -25.646
2 24 11.25 -27.276 21.188 12.409 -27.103 21.125
5 24 15 -31.869 -2.396 15 -30.616 -3.94 14.98 -31.68 -2.8 15 -27.5385 0
5 24 7.5 -29.25 -4.7 9.47 -29.248 -4.698 9.046 -29.438 -4.589 10.091 -28.932 -4.754
2 24 -7.5 -37.947 -17.268 -7.5 -36.772 -17.696
2 24 7.5 -25.999 1.97 7.5 -25.465 1.398
2 24 -11.875 -33.836 -18.765 -11.875 -28.752 -17.955
2 24 -7.5 -30.037 0.087 -7.5 -29.941 -0.689
5 24 -12.011 -40.898 -34.053 -11.25 -40.785 -34.094 -11.538 -43.441 -36.779 -12.409 -37.423 -28.085
5 24 -13.454 -36.79 -7.048 -13.454 -26.603 20.943 -12.409 -37.291 -6.865 -14.284 -36.011 -7.331
2 24 -11.875 -28.752 -17.955 -10.625 -28.752 -17.955
5 24 -13.593 -42.384 -33.512 -12.135 -44.003 -36.574 -13.713 -43.099 -33.252 -13.243 -41.739 -33.747
5 24 -7.5 -25.135 0.689 7.5 -25.135 0.689 -7.5 -25.465 1.398 -7.5 -25.04 -0.087
5 24 11.875 -38.318 -9.152 12.409 -37.291 -6.865 11.25 -37.46 -6.8 11.875 -40.883 -16.2
2 24 -15 -23.752 19.905 -15 -20.228 18.623
5 24 -15 -31.869 -2.396 -14.98 -31.68 -2.8 -15 -33.939 -8.085 -15 -30.616 -3.94
2 24 -7.5 -22.84 -1.71 -7.5 -22.541 -0.174
5 24 14.284 -42.846 -26.111 14.816 -41.864 -26.469 14.816 -39.304 -19.435 13.243 -44.46 -32.757
5 24 -10.489 -40.898 -34.053 -10.091 -37.423 -28.085 -9.802 -41.227 -33.933 -11.25 -40.785 -34.094
5 24 11.25 -41.739 -18.549 11.875 -40.883 -16.2 10.625 -40.883 -16.2 12.409 -41.566 -18.612
2 24 -3 -35.917 -15.347 -3 -35.062 -12.997
5 24 10.091 -34.863 -21.051 10.625 -33.836 -18.765 11.25 -34.691 -21.114 10.091 -30.588 -9.305
5 24 -12.409 -37.423 -28.085 -11.25 -37.251 -28.148 -12.011 -40.898 -34.053 -12.409 -34.863 -21.051
5 24 -12.135 -44.543 -36.378 -10.962 -45.105 -36.173 -12.003 -44.787 -36.289 -12.181 -44.273 -36.476
5 24 7.5 -33.939 -8.085 7.684 -31.034 -3.491 7.52 -31.68 -2.8 7.684 -32.851 -8.482
5 24 -7.5 -28.393 -2.349 7.5 -28.393 -2.349 -7.5 -27.625 -2.498 -7.5 -29.077 -1.97
2 24 -7.5 -28.393 -2.349 -7.5 -27.625 -2.498
2 24 14.816 -24.841 20.302 15 -23.752 19.905
5 24 -7.5 -27.451 2.498 7.5 -27.451 2.498 -7.5 -28.227 2.403 -7.5 -26.683 2.349
5 24 -15 -33.939 -8.085 -14.816 -35.028 -7.689 -15 -35.382 -10.221 -15 -31.869 -2.396
5 24 -10.091 -37.423 -28.085 -9.046 -37.924 -27.903 -10.091 -34.863 -21.051 -10.489 -40.898 -34.053
2 24 -12.135 -44.003 -36.574 -12.003 -43.759 -36.663
5 24 13.243 -41.739 -33.747 14.284 -38.704 -27.619 13.593 -42.384 -33.512 12.698 -41.227 -33.933
5 24 11.538 -45.105 -36.173 12.011 -45.301 -32.451 11.25 -45.148 -36.158 11.797 -44.981 -36.219
5 24 -9.046 -37.924 -27.903 -9.046 -31.089 -9.123 -10.091 -30.588 -9.305 -8.216 -38.704 -27.619
5 24 -7.5 -34.207 -10.648 -7.5 -33.939 -8.085 -7.5 -35.382 -10.221 -7.684 -32.851 -8.482
5 24 -15 -33.939 -8.085 -15 -31.869 -2.396 -14.816 -35.028 -7.689 -14.98 -31.68 -2.8
5 24 -7.5 -30.037 0.087 7.5 -30.037 0.087 -7.5 -29.941 -0.689 -7.5 -29.887 0.855
2 24 -7.5 -29.887 0.855 -7.5 -29.508 1.539
5 24 12.409 -37.423 -28.085 13.454 -37.924 -27.903 12.409 -34.863 -21.051 12.011 -40.898 -34.053
5 24 -14.284 -36.011 -7.331 -14.284 -25.823 20.659 -13.454 -36.79 -7.048 -14.816 -35.028 -7.689
2 24 -10.091 -27.103 21.125 -9.046 -26.603 20.943
2 24 -7.5 -25.135 0.689 -7.5 -25.04 -0.087
5 24 -7.5 -25.465 1.398 7.5 -25.465 1.398 -7.5 -25.999 1.97 -7.5 -25.135 0.689
5 24 10.091 -41.566 -18.612 10.091 -37.291 -6.865 9.05 -36.79 -7.05 10.625 -40.883 -16.2
5 24 -14.284 -31.868 -8.839 -14.284 -30.168 -4.167 -14.58 -30.678 -3.873 -13.454 -31.089 -9.123
5 24 14.816 -31.034 -3.491 15 -33.939 -8.085 14.98 -31.68 -2.8 14.816 -32.851 -8.482
2 24 -11.875 -31.271 -11.717 -10.625 -31.271 -11.717
2 24 15 -36.772 -17.696 15 -34.207 -10.648
2 24 15 -35.382 -10.221 19.5 -36.237 -12.57
2 24 -7.5 -36.772 -17.696 -7.5 -34.207 -10.648
2 24 -10.625 -33.836 -18.765 -10.625 -28.752 -17.955
5 24 9.046 -35.364 -20.869 9.046 -31.089 -9.123 8.216 -38.704 -27.619 10.091 -34.863 -21.051
5 24 7.5 -38.215 -19.831 7.684 -37.126 -20.228 7.5 -36.772 -17.696 7.5 -40.775 -26.865
5 24 -13.454 -43.626 -25.828 -13.454 -36.79 -7.048 -12.409 -37.291 -6.865 -14.284 -42.846 -26.111
5 24 -10.497 -44.787 -36.289 -9.257 -44.46 -32.757 -10.703 -44.981 -36.219 -10.365 -44.543 -36.378
5 24 -10.625 -38.318 -9.152 -10.091 -37.291 -6.865 -11.25 -37.46 -6.8 -10.625 -40.883 -16.2
2 24 -11.875 -44.257 -12.311 -11.875 -43.402 -9.962
5 24 -8.216 -38.704 -27.619 -8.216 -31.868 -8.839 -7.684 -37.126 -20.228 -9.046 -37.924 -27.903
5 24 7.5 -33.939 -8.085 7.684 -35.028 -7.689 7.5 -35.382 -10.221 7.5 -31.869 -2.396
2 24 13.03 -29.248 -4.698 13.454 -29.438 -4.589
5 24 11.25 -34.691 -21.114 11.875 -33.836 -18.765 10.625 -33.836 -18.765 12.409 -34.863 -21.051
5 24 11.25 -45.414 -32.409 11.25 -44.299 -25.583 10.489 -45.301 -32.451 12.011 -45.301 -32.451
5 24 11.25 -37.46 -6.8 11.875 -38.318 -9.152 10.625 -38.318 -9.152 12.409 -37.291 -6.865
5 24 -14.816 -39.304 -19.435 -14.816 -35.028 -7.689 -14.284 -36.011 -7.331 -15 -37.947 -17.268
5 24 10.091 -37.291 -6.865 10.091 -27.103 21.125 9.05 -36.79 -7.05 11.25 -37.46 -6.8
5 24 -10.625 -33.836 -18.765 -10.091 -34.863 -21.051 -11.25 -34.691 -21.114 -10.625 -31.271 -11.717
2 24 12.135 -44.003 -36.574 12.181 -44.273 -36.476
5 24 15 -31.869 -2.396 15 -23.752 19.905 15 -27.5385 0 14.816 -35.028 -7.689
5 24 7.5 -23.598 -3.078 15 -23.598 -3.078 7.5 -24.742 -4.145 7.5 -22.84 -1.71
5 24 7.5 -29.25 -4.7 10.091 -28.932 -4.754 9.47 -29.248 -4.698 7.5 -27.713 -4.997
5 24 11.25 -45.414 -32.409 12.011 -45.301 -32.451 11.25 -45.148 -36.158 11.25 -44.299 -25.583
5 24 -12.409 -41.566 -18.612 -12.409 -37.291 -6.865 -13.454 -43.626 -25.828 -11.875 -40.883 -16.2
5 24 -9.257 -41.739 -33.747 -8.216 -38.704 -27.619 -8.907 -42.384 -33.512 -9.802 -41.227 -33.933
5 24 -14.284 -38.704 -27.619 -13.243 -41.739 -33.747 -14.816 -39.686 -27.262 -13.454 -37.924 -27.903
2 24 -10.625 -40.883 -16.2 -10.625 -38.318 -9.152
2 24 -7.5 -28.936 2.073 -7.5 -28.227 2.403
5 24 -9.802 -44.972 -32.57 -9.046 -43.626 -25.828 -10.489 -45.301 -32.451 -9.257 -44.46 -32.757
2 24 -10.625 -43.402 -9.962 -10.625 -38.318 -9.152
2 24 15 -35.382 -10.221 15 -34.207 -10.648
5 24 -11.25 -37.251 -28.148 -10.091 -37.423 -28.085 -11.25 -40.785 -34.094 -11.25 -34.691 -21.114
2 24 -7.684 -24.841 20.302 -7.5 -23.752 19.905
5 24 14.284 -30.168 -4.167 15 -30.616 -3.94 14.58 -30.678 -3.873 15 -29.25 -4.7
5 24 -10.497 -43.759 -36.663 -9.257 -41.739 -33.747 -10.365 -44.003 -36.574 -10.703 -43.565 -36.734
2 24 7.5 -24.742 -4.145 7.5 -23.598 -3.078
2 24 13.454 -26.603 20.943 14.284 -25.823 20.659
2 24 10.091 -28.932 -4.754 11.25 -28.748 -4.787
5 24 13.454 -37.924 -27.903 14.284 -38.704 -27.619 14.284 -36.143 -20.585 12.698 -41.227 -33.933
5 24 11.25 -30.416 -9.368 12.409 -30.588 -9.305 11.875 -31.271 -11.717 11.25 -28.748 -4.787
5 24 -11.25 -45.414 -32.409 -11.25 -44.299 -25.583 -12.011 -45.301 -32.451 -10.489 -45.301 -32.451
2 24 -10.365 -44.543 -36.378 -10.319 -44.273 -36.476
2 24 7.5 -29.508 1.539 7.5 -28.936 2.073
2 24 15 -30.616 -3.94 15 -29.25 -4.7
2 24 -11.25 -28.748 -4.787 -10.091 -28.932 -4.754
5 24 -12.011 -45.301 -32.451 -11.538 -45.105 -36.173 -11.25 -45.414 -32.409 -12.698 -44.972 -32.57
2 24 10.319 -44.273 -36.476 10.365 -44.003 -36.574
5 24 -7.5 -28.227 2.403 7.5 -28.227 2.403 -7.5 -28.936 2.073 -7.5 -27.451 2.498
5 24 -15 -40.775 -26.865 -14.816 -39.686 -27.262 -13.713 -43.099 -33.252 -15 -38.215 -19.831
