0 Motor      |M:M
0 Name: motor.dat
0 Author: jasolo
0 !LDRAW_ORG Unofficial_Part
0 BFC CERTIFY CCW
1 16 40 0 10 1 0 0 0 0.3333 0 0 0 1 s\pilar.dat
1 16 20 0 10 1 0 0 0 0.3333 0 0 0 1 s\pilar.dat
1 16 40 0 30 1 0 0 0 0.3333 0 0 0 1 s\pilar.dat
1 16 20 0 30 1 0 0 0 0.3333 0 0 0 1 s\pilar.dat
1 16 50 0 20 1 0 0 0 0.3333 0 0 0 1 s\pilar.dat
1 16 30 0 20 1 0 0 0 0.3333 0 0 0 1 s\pilar.dat
1 16 10 0 20 1 0 0 0 0.3333 0 0 0 1 s\pilar.dat
1 16 20 -8 20 1 0 0 0 1 0 0 0 1 s\crucetp.dat
1 16 40 -8 20 1 0 0 0 1 0 0 0 1 s\crucetp.dat
1 16 20 -8 0 1 0 0 0 1 0 0 0 1 s\crucetp1.dat
1 16 40 -8 0 1 0 0 0 1 0 0 0 1 s\crucetp1.dat
1 16 40 -8 40 -1 0 0 0 1 0 0 0 -1 s\crucetp1.dat
1 16 20 -8 40 -1 0 0 0 1 0 0 0 -1 s\crucetp1.dat
1 16 0 -8 20 0 0 1 0 1 0 -1 0 0 s\crucetp1.dat
1 16 60 -8 20 0 0 -1 0 1 0 1 0 0 s\crucetp1.dat
1 16 200 0 10 1 0 0 0 0.3333 0 0 0 1 s\pilar.dat
1 16 180 0 10 1 0 0 0 0.3333 0 0 0 1 s\pilar.dat
1 16 160 0 10 1 0 0 0 0.3333 0 0 0 1 s\pilar.dat
1 16 140 0 10 1 0 0 0 0.3333 0 0 0 1 s\pilar.dat
1 16 120 0 10 1 0 0 0 0.3333 0 0 0 1 s\pilar.dat
1 16 100 0 10 1 0 0 0 0.3333 0 0 0 1 s\pilar.dat
1 16 80 0 10 1 0 0 0 0.3333 0 0 0 1 s\pilar.dat
1 16 200 0 30 1 0 0 0 0.3333 0 0 0 1 s\pilar.dat
1 16 180 0 30 1 0 0 0 0.3333 0 0 0 1 s\pilar.dat
1 16 160 0 30 1 0 0 0 0.3333 0 0 0 1 s\pilar.dat
1 16 140 0 30 1 0 0 0 0.3333 0 0 0 1 s\pilar.dat
1 16 120 0 30 1 0 0 0 0.3333 0 0 0 1 s\pilar.dat
1 16 100 0 30 1 0 0 0 0.3333 0 0 0 1 s\pilar.dat
1 16 80 0 30 1 0 0 0 0.3333 0 0 0 1 s\pilar.dat
1 16 190 0 20 1 0 0 0 0.3333 0 0 0 1 s\pilar.dat
1 16 210 0 20 1 0 0 0 0.3333 0 0 0 1 s\pilar.dat
1 16 170 0 20 1 0 0 0 0.3333 0 0 0 1 s\pilar.dat
1 16 150 0 20 1 0 0 0 0.3333 0 0 0 1 s\pilar.dat
1 16 130 0 20 1 0 0 0 0.3333 0 0 0 1 s\pilar.dat
1 16 110 0 20 1 0 0 0 0.3333 0 0 0 1 s\pilar.dat
1 16 90 0 20 1 0 0 0 0.3333 0 0 0 1 s\pilar.dat
1 16 70 0 20 1 0 0 0 0.3333 0 0 0 1 s\pilar.dat
1 16 80 -8 20 1 0 0 0 1 0 0 0 1 s\crucetp.dat
1 16 100 -8 20 1 0 0 0 1 0 0 0 1 s\crucetp.dat
1 16 120 -8 20 1 0 0 0 1 0 0 0 1 s\crucetp.dat
1 16 140 -8 20 1 0 0 0 1 0 0 0 1 s\crucetp.dat
1 16 160 -8 20 1 0 0 0 1 0 0 0 1 s\crucetp.dat
1 16 180 -8 20 1 0 0 0 1 0 0 0 1 s\crucetp.dat
1 16 200 -8 20 1 0 0 0 1 0 0 0 1 s\crucetp.dat
1 16 80 -8 0 1 0 0 0 1 0 0 0 1 s\crucetp1.dat
1 16 100 -8 0 1 0 0 0 1 0 0 0 1 s\crucetp1.dat
1 16 120 -8 0 1 0 0 0 1 0 0 0 1 s\crucetp1.dat
1 16 140 -8 0 1 0 0 0 1 0 0 0 1 s\crucetp1.dat
1 16 160 -8 0 1 0 0 0 1 0 0 0 1 s\crucetp1.dat
1 16 180 -8 0 1 0 0 0 1 0 0 0 1 s\crucetp1.dat
1 16 200 -8 0 1 0 0 0 1 0 0 0 1 s\crucetp1.dat
1 16 200 -8 40 -1 0 0 0 1 0 0 0 -1 s\crucetp1.dat
1 16 180 -8 40 -1 0 0 0 1 0 0 0 -1 s\crucetp1.dat
1 16 160 -8 40 -1 0 0 0 1 0 0 0 -1 s\crucetp1.dat
1 16 140 -8 40 -1 0 0 0 1 0 0 0 -1 s\crucetp1.dat
1 16 120 -8 40 -1 0 0 0 1 0 0 0 -1 s\crucetp1.dat
1 16 100 -8 40 -1 0 0 0 1 0 0 0 -1 s\crucetp1.dat
1 16 80 -8 40 -1 0 0 0 1 0 0 0 -1 s\crucetp1.dat
1 16 60 -8 20 0 0 1 0 1 0 -1 0 0 s\crucetp1.dat
1 16 220 -8 20 0 0 -1 0 1 0 1 0 0 s\crucetp1.dat
0
4 16 220 -48 40 220 -48 0 220 0 0 220 0 40
4 16 62.5 -5.5 37.5 62.5 0 37.5 217.5 0 37.5 217.5 -5.5 37.5
4 16 62.5 -5.5 2.5 62.5 0 2.5 62.5 0 37.5 62.5 -5.5 37.5
4 16 62.5 0 2.5 62.5 -5.5 2.5 217.5 -5.5 2.5 217.5 0 2.5
4 16 217.5 -5.5 37.5 217.5 0 37.5 217.5 0 2.5 217.5 -5.5 2.5
3 16 60 0 0 220 0 0 60 -32 0
4 16 62.5 -5.5 2.5 62.5 -5.5 37.5 217.5 -5.5 37.5 217.5 -5.5 2.5
4 16 217.5 0 37.5 62.5 0 37.5 60 0 40 220 0 40
4 16 60 0 0 60 0 40 62.5 0 37.5 62.5 0 2.5
4 16 220 0 0 60 0 0 62.5 0 2.5 217.5 0 2.5
4 16 217.5 0 2.5 217.5 0 37.5 220 0 40 220 0 0
4 16 0 -32 0 0 -32 40 0 0 40 0 0 0
4 16 0 -56 0 0 -56 40 0 -32 40 0 -32 0
4 16 60 -48 0 60 -48 40 60 -56 40 60 -56 0
4 16 38.25 -32 40 60 0 40 0 0 40 21.75 -32 40
3 16 60 -32 40 60 0 40 45.75 -32 40
3 16 14.25 -32 40 0 0 40 0 -32 40
3 16 45.75 -32 40 60 0 40 38.25 -32 40
3 16 21.75 -32 40 0 0 40 14.25 -32 40
4 16 60 0 0 38.25 -32 0 21.75 -32 0 0 0 0
3 16 0 -32 0 0 0 0 14.25 -32 0
3 16 45.75 -32 0 60 0 0 60 -32 0
3 16 14.25 -32 0 0 0 0 21.75 -32 0
3 16 38.25 -32 0 60 0 0 45.75 -32 0
4 16 60 -48 40 60 -32 40 45.75 -32 40 45.75 -56 40
4 16 38.25 -56 40 38.25 -32 40 21.75 -32 40 21.75 -56 40
4 16 14.25 -56 40 14.25 -32 40 0 -32 40 0 -56 40
4 16 60 -32 0 60 -48 0 45.75 -56 0 45.75 -32 0
4 16 38.25 -32 0 38.25 -56 0 21.75 -56 0 21.75 -32 0
4 16 14.25 -32 0 14.25 -56 0 0 -56 0 0 -32 0
3 16 60 -48 0 60 -56 0 45.75 -56 0
3 16 60 -56 40 60 -48 40 45.75 -56 40
4 16 60 -48 40 60 -48 0 202.5 -48 2.5 202.5 -48 37.5
3 16 202.5 -48 2.5 60 -48 0 202.5 -48 0
3 16 202.5 -48 37.5 202.5 -48 40 60 -48 40
4 16 217.5 -48 37.5 217.5 -48 2.5 220 -48 0 220 -48 40
3 16 217.5 -48 40 217.5 -48 37.5 220 -48 40
3 16 217.5 -48 2.5 217.5 -48 0 220 -48 0
3 16 202.5 -48 0 60 -48 0 60 -32 0
4 16 217.5 -48 0 217.5 -48 2.5 217.5 -40 2.5 217.5 -40 0
4 16 217.5 -48 37.5 217.5 -48 40 217.5 -40 40 217.5 -40 37.5
4 16 202.5 -48 40 202.5 -48 37.5 202.5 -40 37.5 202.5 -40 40
4 16 202.5 -48 2.5 202.5 -48 0 202.5 -40 0 202.5 -40 2.5
4 16 217.5 -40 37.5 217.5 -40 40 202.5 -40 40 202.5 -40 37.5
4 16 217.5 -40 0 217.5 -40 2.5 202.5 -40 2.5 202.5 -40 0
3 16 60 -32 0 202.5 -40 0 202.5 -48 0
3 16 220 0 40 202.5 -40 40 217.5 -40 40
3 16 220 -48 40 220 0 40 217.5 -40 40
3 16 220 -48 40 217.5 -40 40 217.5 -48 40
3 16 220 -48 0 217.5 -48 0 217.5 -40 0
3 16 220 -48 0 217.5 -40 0 220 0 0
3 16 220 0 0 217.5 -40 0 202.5 -40 0
3 16 220 0 0 202.5 -40 0 60 -32 0
4 4 202.5 -48 2.5 202.5 -40 2.5 217.5 -40 2.5 217.5 -48 2.5
4 4 202.5 -48 37.5 217.5 -48 37.5 217.5 -40 37.5 202.5 -40 37.5
4 4 202.5 -48 2.5 217.5 -48 2.5 217.5 -48 37.5 202.5 -48 37.5
4 16 45.75 -56 40 45.75 -32 40 45.75 -32 37.5 45.75 -56 37.5
4 16 38.25 -32 40 38.25 -56 40 38.25 -56 37.5 38.25 -32 37.5
4 16 21.75 -56 40 21.75 -32 40 21.75 -32 37.5 21.75 -56 37.5
4 16 14.25 -32 40 14.25 -56 40 14.25 -56 37.5 14.25 -32 37.5
4 16 45.75 -32 40 38.25 -32 40 38.25 -32 37.5 45.75 -32 37.5
4 16 21.75 -32 40 14.25 -32 40 14.25 -32 37.5 21.75 -32 37.5
4 16 21.75 -56 37.5 21.75 -32 37.5 14.25 -32 37.5 14.25 -56 37.5
4 16 45.75 -56 37.5 45.75 -32 37.5 38.25 -32 37.5 38.25 -56 37.5
4 16 38.25 -56 0 38.25 -32 0 38.25 -32 2.5 38.25 -56 2.5
4 16 14.25 -56 0 14.25 -32 0 14.25 -32 2.5 14.25 -56 2.5
4 16 45.75 -32 0 45.75 -56 0 45.75 -56 2.5 45.75 -32 2.5
4 16 21.75 -32 0 21.75 -56 0 21.75 -56 2.5 21.75 -32 2.5
4 16 38.25 -32 0 45.75 -32 0 45.75 -32 2.5 38.25 -32 2.5
4 16 14.25 -32 0 21.75 -32 0 21.75 -32 2.5 14.25 -32 2.5
4 16 21.75 -32 2.5 21.75 -56 2.5 14.25 -56 2.5 14.25 -32 2.5
4 16 45.75 -32 2.5 45.75 -56 2.5 38.25 -56 2.5 38.25 -32 2.5
4 16 45.75 -56 37.5 38.25 -56 37.5 38.25 -56 2.5 45.75 -56 2.5
4 16 14.25 -56 37.5 14.25 -56 2.5 21.75 -56 2.5 21.75 -56 37.5
4 16 0 -56 0 14.25 -56 2.5 14.25 -56 37.5 0 -56 40
3 16 0 -56 40 14.25 -56 37.5 14.25 -56 40
3 16 0 -56 0 14.25 -56 0 14.25 -56 2.5
4 16 21.75 -56 37.5 21.75 -56 2.5 38.25 -56 2.5 38.25 -56 37.5
4 16 21.75 -56 40 21.75 -56 37.5 38.25 -56 37.5 38.25 -56 40
4 16 21.75 -56 0 38.25 -56 0 38.25 -56 2.5 21.75 -56 2.5
4 16 60 -56 0 60 -56 40 45.75 -56 37.5 45.75 -56 2.5
3 16 60 -56 40 45.75 -56 40 45.75 -56 37.5
3 16 60 -56 0 45.75 -56 2.5 45.75 -56 0
4 150 -7.5 -35.54 9.39 0 -35.54 9.39 0 -37.16 8.31 -7.5 -37.16 8.31
4 150 -7.5 -37.16 8.31 0 -37.16 8.31 0 -39.07 7.93 -7.5 -39.07 7.93
4 150 -7.5 -39.07 7.93 0 -39.07 7.93 0 -40.98 8.31 -7.5 -40.98 8.31
4 150 -7.5 -40.98 8.31 0 -40.98 8.31 0 -42.61 9.39 -7.5 -42.61 9.39
4 150 -7.5 -42.61 9.39 0 -42.61 9.39 0 -43.69 11.02 -7.5 -43.69 11.02
4 150 -7.5 -43.69 11.02 0 -43.69 11.02 0 -44.07 12.93 -7.5 -44.07 12.93
4 150 -7.5 -44.07 12.93 0 -44.07 12.93 0 -43.69 14.84 -7.5 -43.69 14.84
4 150 -7.5 -43.69 14.84 0 -43.69 14.84 0 -42.61 16.46 -7.5 -42.61 16.46
4 150 -7.5 -34.07 12.93 -7.5 -34.45 14.84 -7.5 -27.38 21.91 -7.5 -27 20
4 150 -7.5 -34.45 14.84 -7.5 -35.54 16.46 -7.5 -28.46 23.54 -7.5 -27.38 21.91
4 150 -7.5 -35.54 16.46 -7.5 -37.16 17.55 -7.5 -30.09 24.62 -7.5 -28.46 23.54
4 150 -7.5 -37.16 17.55 -7.5 -39.07 17.93 -7.5 -32 25 -7.5 -30.09 24.62
4 150 -7.5 -39.07 17.93 -7.5 -40.98 17.55 -7.5 -33.91 24.62 -7.5 -32 25
4 16 -7.5 -40.98 17.55 -7.5 -42.61 16.46 -7.5 -35.54 23.54 -7.5 -33.91 24.62
4 150 -7.5 -42.61 16.46 0 -42.61 16.46 0 -35.54 23.54 -7.5 -35.54 23.54
4 150 0 -35.54 9.39 -7.5 -35.54 9.39 -7.5 -28.46 16.46 0 -28.46 16.46
4 16 -7.5 -35.54 9.39 -7.5 -34.45 11.02 -7.5 -27.38 18.09 -7.5 -28.46 16.46
4 150 -7.5 -34.45 11.02 -7.5 -34.07 12.93 -7.5 -27 20 -7.5 -27.38 18.09
4 150 -7.5 -27.38 21.91 0 -27.38 21.91 0 -27 20 -7.5 -27 20
4 150 -7.5 -28.46 23.54 0 -28.46 23.54 0 -27.38 21.91 -7.5 -27.38 21.91
4 150 -7.5 -30.09 24.62 0 -30.09 24.62 0 -28.46 23.54 -7.5 -28.46 23.54
4 150 -7.5 -32 25 0 -32 25 0 -30.09 24.62 -7.5 -30.09 24.62
4 150 -7.5 -33.91 24.62 0 -33.91 24.62 0 -32 25 -7.5 -32 25
4 150 -7.5 -35.54 23.54 0 -35.54 23.54 0 -33.91 24.62 -7.5 -33.91 24.62
4 150 -7.5 -27.38 18.09 0 -27.38 18.09 0 -28.46 16.46 -7.5 -28.46 16.46
4 150 -7.5 -27 20 0 -27 20 0 -27.38 18.09 -7.5 -27.38 18.09
4 150 -7.5 -34.07 12.93 -7.5 -34.45 11.02 -17.5 -34.45 11.02 -17.5 -34.07 12.93
4 150 -7.5 -34.45 11.02 -7.5 -35.54 9.39 -17.5 -35.54 9.39 -17.5 -34.45 11.02
4 150 -7.5 -35.54 9.39 -7.5 -37.16 8.31 -17.5 -37.16 8.31 -17.5 -35.54 9.39
4 150 -7.5 -37.16 8.31 -7.5 -39.07 7.93 -17.5 -39.07 7.93 -17.5 -37.16 8.31
4 150 -7.5 -39.07 7.93 -7.5 -40.98 8.31 -17.5 -40.98 8.31 -17.5 -39.07 7.93
4 150 -7.5 -40.98 8.31 -7.5 -42.61 9.39 -17.5 -42.61 9.39 -17.5 -40.98 8.31
4 150 -7.5 -42.61 9.39 -7.5 -43.69 11.02 -17.5 -43.69 11.02 -17.5 -42.61 9.39
4 150 -7.5 -43.69 11.02 -7.5 -44.07 12.93 -17.5 -44.07 12.93 -17.5 -43.69 11.02
4 150 -7.5 -44.07 12.93 -7.5 -43.69 14.84 -17.5 -43.69 14.84 -17.5 -44.07 12.93
4 150 -7.5 -43.69 14.84 -7.5 -42.61 16.46 -17.5 -42.61 16.46 -17.5 -43.69 14.84
4 150 -7.5 -42.61 16.46 -7.5 -40.98 17.55 -17.5 -40.98 17.55 -17.5 -42.61 16.46
4 150 -7.5 -40.98 17.55 -7.5 -39.07 17.93 -17.5 -39.07 17.93 -17.5 -40.98 17.55
4 150 -7.5 -39.07 17.93 -7.5 -37.16 17.55 -17.5 -37.16 17.55 -17.5 -39.07 17.93
4 150 -7.5 -37.16 17.55 -7.5 -35.54 16.46 -17.5 -35.54 16.46 -17.5 -37.16 17.55
4 150 -7.5 -35.54 16.46 -7.5 -34.45 14.84 -17.5 -34.45 14.84 -17.5 -35.54 16.46
4 150 -7.5 -34.45 14.84 -7.5 -34.07 12.93 -17.5 -34.07 12.93 -17.5 -34.45 14.84
3 150 -17.5 -34.07 12.93 -17.5 -34.45 11.02 -17.5 -39.07 12.93
3 150 -17.5 -34.45 11.02 -17.5 -35.54 9.39 -17.5 -39.07 12.93
3 150 -17.5 -35.54 9.39 -17.5 -37.16 8.31 -17.5 -39.07 12.93
3 150 -17.5 -37.16 8.31 -17.5 -39.07 7.93 -17.5 -39.07 12.93
3 150 -17.5 -39.07 7.93 -17.5 -40.98 8.31 -17.5 -39.07 12.93
3 150 -17.5 -40.98 8.31 -17.5 -42.61 9.39 -17.5 -39.07 12.93
3 150 -17.5 -42.61 9.39 -17.5 -43.69 11.02 -17.5 -39.07 12.93
3 150 -17.5 -43.69 11.02 -17.5 -44.07 12.93 -17.5 -39.07 12.93
3 150 -17.5 -44.07 12.93 -17.5 -43.69 14.84 -17.5 -39.07 12.93
3 150 -17.5 -43.69 14.84 -17.5 -42.61 16.46 -17.5 -39.07 12.93
3 150 -17.5 -42.61 16.46 -17.5 -40.98 17.55 -17.5 -39.07 12.93
3 150 -17.5 -40.98 17.55 -17.5 -39.07 17.93 -17.5 -39.07 12.93
3 150 -17.5 -39.07 17.93 -17.5 -37.16 17.55 -17.5 -39.07 12.93
3 150 -17.5 -37.16 17.55 -17.5 -35.54 16.46 -17.5 -39.07 12.93
3 150 -17.5 -35.54 16.46 -17.5 -34.45 14.84 -17.5 -39.07 12.93
3 150 -17.5 -34.45 14.84 -17.5 -34.07 12.93 -17.5 -39.07 12.93
4 16 0 0 0 0 0 40 2.5 0 37.5 2.5 0 2.5
4 16 57.5 0 2.5 57.5 0 37.5 60 0 40 60 0 0
4 16 2.5 0 2.5 57.5 0 2.5 60 0 0 0 0 0
4 16 2.5 0 37.5 0 0 40 60 0 40 57.5 0 37.5
4 16 2.5 0 2.5 2.5 0 37.5 2.5 -5.5 37.5 2.5 -5.5 2.5
4 16 57.5 0 37.5 57.5 0 2.5 57.5 -5.5 2.5 57.5 -5.5 37.5
4 16 57.5 0 2.5 2.5 0 2.5 2.5 -5.5 2.5 57.5 -5.5 2.5
4 16 2.5 0 37.5 57.5 0 37.5 57.5 -5.5 37.5 2.5 -5.5 37.5
4 16 2.5 -5.5 2.5 2.5 -5.5 37.5 57.5 -5.5 37.5 57.5 -5.5 2.5
3 16 60 0 40 60 -32 40 220 0 40
3 16 202.5 -40 40 220 0 40 60 -32 40
3 16 202.5 -48 40 202.5 -40 40 60 -32 40
3 16 202.5 -48 40 60 -32 40 60 -48 40
2 24 0 -32 25 0 -30.09 24.62
2 24 0 -33.91 24.62 0 -32 25
2 24 217.5 -5.5 37.5 217.5 0 37.5
2 24 38.25 -56 2.5 45.75 -56 2.5
2 24 -7.5 -34.45 11.02 -7.5 -34.07 12.93
2 24 202.5 -40 37.5 202.5 -40 40
2 24 217.5 -48 40 220 -48 40
2 150 -17.5 -40.98 8.31 -17.5 -39.07 7.93
2 24 0 -37.16 8.31 0 -35.54 9.39
5 24 -7.5 -28.46 16.46 0 -28.46 16.46 -7.5 -35.54 9.39 -7.5 -27.38 18.09
2 24 0 -28.46 23.54 0 -27.38 21.91
2 24 62.5 0 2.5 217.5 0 2.5
2 24 2.5 -5.5 2.5 57.5 -5.5 2.5
5 24 -17.5 -34.45 14.84 -7.5 -34.45 14.84 -17.5 -35.54 16.46 -17.5 -34.07 12.93
2 150 -17.5 -37.16 17.55 -17.5 -35.54 16.46
2 24 217.5 -5.5 2.5 217.5 -5.5 37.5
2 24 60 -32 0 60 0 0
2 24 60 -32 40 60 0 40
2 24 60 -56 0 60 -48 0
2 24 60 -56 40 60 -48 40
2 150 -7.5 -35.54 23.54 -7.5 -33.91 24.62
2 24 21.75 -56 0 21.75 -32 0
2 24 202.5 -48 0 202.5 -40 0
5 24 -7.5 -39.07 7.93 0 -39.07 7.93 -7.5 -37.16 8.31 -7.5 -40.98 8.31
5 24 -17.5 -40.98 8.31 -7.5 -40.98 8.31 -17.5 -39.07 7.93 -17.5 -42.61 9.39
2 24 0 -27.38 21.91 0 -27 20
2 150 -7.5 -42.61 16.46 -7.5 -35.54 23.54
5 24 -7.5 -43.69 14.84 0 -43.69 14.84 -7.5 -44.07 12.93 -7.5 -42.61 16.46
2 24 0 -56 40 14.25 -56 40
2 24 -7.5 -39.07 17.93 -7.5 -37.16 17.55
2 24 217.5 -48 2.5 217.5 -40 2.5
2 24 0 -28.46 16.46 0 -27.38 18.09
5 24 -7.5 -28.46 23.54 0 -28.46 23.54 -7.5 -27.38 21.91 -7.5 -30.09 24.62
5 24 -17.5 -43.69 14.84 -7.5 -43.69 14.84 -17.5 -44.07 12.93 -17.5 -42.61 16.46
2 24 38.25 -56 0 38.25 -56 2.5
2 24 21.75 -56 40 21.75 -32 40
2 24 14.25 -56 2.5 21.75 -56 2.5
2 24 220 -48 40 220 0 40
2 24 217.5 -48 0 220 -48 0
5 150 -17.5 -37.16 8.31 -7.5 -37.16 8.31 -17.5 -35.54 9.39 -17.5 -39.07 7.93
5 150 -17.5 -39.07 17.93 -7.5 -39.07 17.93 -17.5 -40.98 17.55 -17.5 -37.16 17.55
5 24 -17.5 -37.16 17.55 -7.5 -37.16 17.55 -17.5 -39.07 17.93 -17.5 -35.54 16.46
2 24 0 -32 40 0 0 40
5 24 -7.5 -35.54 9.39 0 -35.54 9.39 -7.5 -37.16 8.31 -7.5 -28.46 16.46
2 24 0 -32 0 0 0 0
2 24 60 -48 40 202.5 -48 40
2 150 -17.5 -40.98 17.55 -17.5 -39.07 17.93
2 24 14.25 -56 0 14.25 -32 0
2 24 0 -42.61 16.46 0 -35.54 23.54
2 24 45.75 -56 37.5 45.75 -56 40
5 150 -7.5 -44.07 12.93 0 -44.07 12.93 -7.5 -43.69 11.02 -7.5 -43.69 14.84
2 24 2.5 -5.5 37.5 2.5 0 37.5
2 24 21.75 -56 37.5 21.75 -56 40
2 24 0 0 0 0 0 40
2 24 60 0 0 60 0 40
2 24 45.75 -56 0 60 -56 0
2 24 217.5 -5.5 2.5 217.5 0 2.5
2 24 0 -43.69 14.84 0 -42.61 16.46
2 24 0 -39.07 7.93 0 -37.16 8.31
2 150 -17.5 -34.45 11.02 -17.5 -34.07 12.93
2 24 38.25 -56 0 38.25 -32 0
2 24 0 0 40 60 0 40
2 24 38.25 -32 2.5 45.75 -32 2.5
2 150 -17.5 -35.54 16.46 -17.5 -34.45 14.84
5 24 -7.5 -40.98 8.31 0 -40.98 8.31 -7.5 -39.07 7.93 -7.5 -42.61 9.39
5 24 -17.5 -35.54 9.39 -7.5 -35.54 9.39 -17.5 -34.45 11.02 -17.5 -37.16 8.31
2 150 -17.5 -34.45 14.84 -17.5 -34.07 12.93
2 24 38.25 -32 37.5 38.25 -32 40
2 24 14.25 -56 37.5 14.25 -32 37.5
5 24 -7.5 -30.09 24.62 0 -30.09 24.62 -7.5 -28.46 23.54 -7.5 -32 25
2 150 -17.5 -44.07 12.93 -17.5 -43.69 11.02
2 24 21.75 -32 37.5 21.75 -32 40
2 24 60 0 40 220 0 40
2 150 -17.5 -35.54 9.39 -17.5 -34.45 11.02
2 150 -17.5 -42.61 9.39 -17.5 -40.98 8.31
2 24 0 -44.07 12.93 0 -43.69 11.02
2 150 -7.5 -30.09 24.62 -7.5 -28.46 23.54
2 24 14.25 -56 37.5 14.25 -56 40
2 24 0 -56 0 0 -56 40
2 24 45.75 -56 40 45.75 -32 40
2 24 14.25 -32 40 21.75 -32 40
2 24 38.25 -56 37.5 38.25 -32 37.5
2 24 202.5 -48 37.5 217.5 -48 37.5
2 150 -7.5 -27.38 18.09 -7.5 -27 20
5 150 -17.5 -34.07 12.93 -7.5 -34.07 12.93 -17.5 -34.45 11.02 -17.5 -34.45 14.84
2 24 60 -56 0 60 -56 40
2 24 57.5 0 2.5 57.5 0 37.5
5 24 -7.5 -27.38 18.09 0 -27.38 18.09 -7.5 -28.46 16.46 -7.5 -27 20
2 24 60 0 0 220 0 0
2 24 60 -8 0 220 -8 0
2 24 60 -8 40 220 -8 40
2 24 45.75 -56 2.5 45.75 -32 2.5
2 24 217.5 -48 0 217.5 -40 0
2 24 62.5 0 2.5 62.5 0 37.5
2 24 14.25 -56 40 14.25 -32 40
2 24 202.5 -40 37.5 217.5 -40 37.5
2 24 -7.5 -37.16 17.55 -7.5 -35.54 16.46
2 150 -17.5 -39.07 17.93 -17.5 -37.16 17.55
2 24 0 -42.61 9.39 0 -40.98 8.31
2 24 45.75 -56 37.5 45.75 -32 37.5
2 24 202.5 -48 2.5 202.5 -40 2.5
2 24 0 -56 0 0 -32 0
2 24 38.25 -56 37.5 38.25 -56 40
2 24 21.75 -56 0 21.75 -56 2.5
2 24 0 -35.54 23.54 0 -33.91 24.62
2 24 14.25 -32 0 14.25 -32 2.5
5 150 -7.5 -37.16 8.31 0 -37.16 8.31 -7.5 -35.54 9.39 -7.5 -39.07 7.93
2 24 45.75 -56 0 45.75 -56 2.5
2 24 217.5 -48 37.5 217.5 -48 40
5 150 -7.5 -32 25 0 -32 25 -7.5 -30.09 24.62 -7.5 -33.91 24.62
2 24 57.5 -5.5 2.5 57.5 -5.5 37.5
2 24 0 -35.54 9.39 0 -28.46 16.46
2 150 -7.5 -27.38 21.91 -7.5 -27 20
2 24 62.5 -5.5 37.5 62.5 0 37.5
5 24 -17.5 -34.45 11.02 -7.5 -34.45 11.02 -17.5 -34.07 12.93 -17.5 -35.54 9.39
2 24 2.5 0 2.5 57.5 0 2.5
5 24 -7.5 -43.69 11.02 0 -43.69 11.02 -7.5 -42.61 9.39 -7.5 -44.07 12.93
2 150 -17.5 -37.16 8.31 -17.5 -35.54 9.39
2 24 62.5 -5.5 2.5 62.5 -5.5 37.5
5 24 -7.5 -42.61 9.39 0 -42.61 9.39 -7.5 -40.98 8.31 -7.5 -43.69 11.02
2 24 21.75 -56 2.5 21.75 -32 2.5
2 24 45.75 -32 37.5 45.75 -32 40
2 24 2.5 -5.5 2.5 2.5 0 2.5
2 150 -17.5 -43.69 11.02 -17.5 -42.61 9.39
5 24 -7.5 -35.54 23.54 0 -35.54 23.54 -7.5 -42.61 16.46 -7.5 -33.91 24.62
2 24 14.25 -32 0 21.75 -32 0
5 150 -7.5 -27 20 0 -27 20 -7.5 -27.38 21.91 -7.5 -27.38 18.09
5 150 -17.5 -44.07 12.93 -7.5 -44.07 12.93 -17.5 -43.69 11.02 -17.5 -43.69 14.84
5 24 -17.5 -40.98 17.55 -7.5 -40.98 17.55 -17.5 -42.61 16.46 -17.5 -39.07 17.93
2 24 220 0 0 220 0 40
2 24 217.5 -48 37.5 217.5 -40 37.5
2 150 -7.5 -35.54 9.39 -7.5 -28.46 16.46
5 24 -17.5 -42.61 16.46 -7.5 -42.61 16.46 -17.5 -43.69 14.84 -17.5 -40.98 17.55
2 24 14.25 -56 37.5 21.75 -56 37.5
2 24 0 0 0 60 0 0
2 24 60 -48 0 60 -48 40
2 150 -7.5 -42.61 16.46 -7.5 -40.98 17.55
2 24 0 -27.38 18.09 0 -27 20
2 24 202.5 -40 40 217.5 -40 40
2 24 -7.5 -40.98 17.55 -7.5 -39.07 17.93
2 150 -17.5 -42.61 16.46 -17.5 -40.98 17.55
5 24 -7.5 -27.38 21.91 0 -27.38 21.91 -7.5 -27 20 -7.5 -28.46 23.54
5 24 -17.5 -43.69 11.02 -7.5 -43.69 11.02 -17.5 -42.61 9.39 -17.5 -44.07 12.93
2 24 38.25 -32 40 45.75 -32 40
2 24 217.5 0 2.5 217.5 0 37.5
2 24 -7.5 -34.45 14.84 -7.5 -34.07 12.93
2 150 -7.5 -33.91 24.62 -7.5 -32 25
2 24 21.75 -32 0 21.75 -32 2.5
2 24 202.5 -40 0 217.5 -40 0
2 24 62.5 0 37.5 217.5 0 37.5
2 24 21.75 -56 37.5 21.75 -32 37.5
2 150 -17.5 -39.07 7.93 -17.5 -37.16 8.31
2 24 -7.5 -35.54 9.39 -7.5 -34.45 11.02
2 24 2.5 -5.5 37.5 57.5 -5.5 37.5
5 24 -17.5 -39.07 7.93 -7.5 -39.07 7.93 -17.5 -37.16 8.31 -17.5 -40.98 8.31
2 24 0 -30.09 24.62 0 -28.46 23.54
2 24 217.5 -48 40 217.5 -40 40
2 150 -17.5 -44.07 12.93 -17.5 -43.69 14.84
2 24 38.25 -32 0 45.75 -32 0
2 24 0 -40.98 8.31 0 -39.07 7.93
2 24 38.25 -56 37.5 45.75 -56 37.5
2 24 217.5 -48 0 217.5 -48 2.5
2 24 220 -48 0 220 0 0
2 150 -7.5 -28.46 16.46 -7.5 -27.38 18.09
2 24 38.25 -32 37.5 45.75 -32 37.5
2 150 -17.5 -43.69 14.84 -17.5 -42.61 16.46
2 24 2.5 -5.5 2.5 2.5 -5.5 37.5
5 24 -7.5 -33.91 24.62 0 -33.91 24.62 -7.5 -32 25 -7.5 -35.54 23.54
2 24 202.5 -40 0 202.5 -40 2.5
2 24 21.75 -56 40 38.25 -56 40
5 24 -17.5 -42.61 9.39 -7.5 -42.61 9.39 -17.5 -40.98 8.31 -17.5 -43.69 11.02
2 24 -7.5 -35.54 16.46 -7.5 -34.45 14.84
2 24 14.25 -32 37.5 14.25 -32 40
2 24 220 -48 0 220 -48 40
2 24 217.5 -48 2.5 217.5 -48 37.5
2 24 202.5 -48 2.5 202.5 -48 37.5
1 4 210 -24 30 1 0 0 0 1 0 0 0 1 tetonsin.dat
1 4 210 -24 10 1 0 0 0 1 0 0 0 1 tetonsin.dat
1 16 190 -24 30 1 0 0 0 1 0 0 0 1 tetonsin.dat
1 16 190 -24 10 1 0 0 0 1 0 0 0 1 tetonsin.dat
1 16 170 -24 30 1 0 0 0 1 0 0 0 1 tetonsin.dat
1 16 170 -24 10 1 0 0 0 1 0 0 0 1 tetonsin.dat
1 16 150 -24 30 1 0 0 0 1 0 0 0 1 tetonsin.dat
1 16 150 -24 10 1 0 0 0 1 0 0 0 1 tetonsin.dat
1 16 130 -24 30 1 0 0 0 1 0 0 0 1 tetonsin.dat
1 16 130 -24 10 1 0 0 0 1 0 0 0 1 tetonsin.dat
1 16 110 -24 30 1 0 0 0 1 0 0 0 1 tetonsin.dat
1 16 110 -24 10 1 0 0 0 1 0 0 0 1 tetonsin.dat
1 16 90 -24 30 1 0 0 0 1 0 0 0 1 tetonsin.dat
1 16 90 -24 10 1 0 0 0 1 0 0 0 1 tetonsin.dat
1 16 70 -24 30 1 0 0 0 1 0 0 0 1 tetonsin.dat
1 16 70 -24 10 1 0 0 0 1 0 0 0 1 tetonsin.dat
1 16 50 -32 10 1 0 0 0 1 0 0 0 1 tetonsin.dat
1 16 30 -32 10 1 0 0 0 1 0 0 0 1 tetonsin.dat
1 16 10 -32 10 1 0 0 0 1 0 0 0 1 tetonsin.dat
1 16 50 -32 30 1 0 0 0 1 0 0 0 1 tetonsin.dat
1 16 30 -32 30 1 0 0 0 1 0 0 0 1 tetonsin.dat
1 16 10 -32 30 1 0 0 0 1 0 0 0 1 tetonsin.dat
2 24 14.25 -32 37.5 21.75 -32 37.5
5 24 -17.5 -35.54 16.46 -7.5 -35.54 16.46 -17.5 -37.16 17.55 -17.5 -34.45 14.84
2 24 0 -56 0 14.25 -56 0
2 24 57.5 -5.5 2.5 57.5 0 2.5
2 24 202.5 -48 40 202.5 -40 40
2 24 217.5 -40 37.5 217.5 -40 40
2 24 0 -43.69 11.02 0 -42.61 9.39
2 24 62.5 -5.5 37.5 217.5 -5.5 37.5
2 24 45.75 -32 0 45.75 -32 2.5
2 24 202.5 -48 2.5 217.5 -48 2.5
2 24 0 -56 40 0 -32 40
2 24 57.5 -5.5 37.5 57.5 0 37.5
2 150 -7.5 -32 25 -7.5 -30.09 24.62
5 24 -7.5 -42.61 16.46 0 -42.61 16.46 -7.5 -43.69 14.84 -7.5 -35.54 23.54
2 24 38.25 -32 0 38.25 -32 2.5
2 24 2.5 0 37.5 57.5 0 37.5
2 24 60 -48 0 202.5 -48 0
2 24 217.5 -40 0 217.5 -40 2.5
2 24 202.5 -48 0 202.5 -48 2.5
2 24 45.75 -56 40 60 -56 40
2 24 62.5 -5.5 2.5 217.5 -5.5 2.5
2 24 38.25 -56 40 38.25 -32 40
2 24 21.75 -56 0 38.25 -56 0
2 24 45.75 -32 0 60 -32 0
2 24 0 -32 0 14.25 -32 0
2 24 21.75 -32 0 38.25 -32 0
2 24 45.75 -32 40 60 -32 40
2 24 0 -32 40 14.25 -32 40
2 24 21.75 -32 40 38.25 -32 40
2 150 -7.5 -28.46 23.54 -7.5 -27.38 21.91
2 24 202.5 -40 2.5 217.5 -40 2.5
2 24 45.75 -56 0 45.75 -32 0
2 24 14.25 -32 2.5 21.75 -32 2.5
2 24 202.5 -48 37.5 202.5 -48 40
2 24 14.25 -56 2.5 14.25 -32 2.5
2 24 14.25 -56 0 14.25 -56 2.5
2 24 38.25 -56 2.5 38.25 -32 2.5
2 24 2.5 0 2.5 2.5 0 37.5
2 24 0 -44.07 12.93 0 -43.69 14.84
2 24 62.5 -5.5 2.5 62.5 0 2.5
2 24 202.5 -48 37.5 202.5 -40 37.5
