0 Etiqueta NY (camion sony)
0 ny_sony.dat
0 Author: cpcbegin
0 BFC CERTIFY CW
4 16 59.048 19.2 0 50.476 19.2 0 50.476 19.022 0 59.048 19.022 0
4 16 59.048 19.022 0 50.286 19.022 0 50.286 18.844 0 59.048 18.844 0
4 16 59.048 18.844 0 50.095 18.844 0 50.095 18.667 0 59.048 18.667 0
4 16 59.048 18.667 0 49.905 18.667 0 49.905 18.489 0 59.048 18.489 0
4 16 59.048 18.489 0 49.524 18.489 0 49.524 18.311 0 59.048 18.311 0
4 16 59.048 18.311 0 49.333 18.311 0 49.333 18.133 0 59.048 18.133 0
4 16 59.048 18.133 0 49.143 18.133 0 49.143 17.956 0 59.048 17.956 0
4 16 59.048 17.956 0 48.952 17.956 0 48.952 17.778 0 59.048 17.778 0
4 16 59.048 17.778 0 48.762 17.778 0 48.762 17.6 0 59.048 17.6 0
4 16 59.048 17.6 0 48.571 17.6 0 48.571 17.422 0 59.048 17.422 0
4 16 59.048 17.422 0 48.381 17.422 0 48.381 17.244 0 59.048 17.244 0
4 16 59.048 17.244 0 48.19 17.244 0 48.19 17.067 0 59.048 17.067 0
4 16 56 17.067 0 47.809 17.067 0 47.809 16.889 0 56 16.889 0
4 16 42.857 19.2 0 32.952 19.2 0 32.952 16.889 0 42.857 16.889 0
4 16 31.238 19.2 0 19.619 19.2 0 19.619 16.889 0 31.238 16.889 0
4 16 15.238 19.2 0 5.714 19.2 0 5.714 16.889 0 15.238 16.889 0
4 16 56 16.889 0 47.619 16.889 0 47.619 16.711 0 56 16.711 0
4 16 28.19 16.889 0 21.333 16.889 0 21.333 16.711 0 28.19 16.711 0
4 16 13.333 16.889 0 8.381 16.889 0 8.381 16.711 0 13.333 16.711 0
4 16 56 16.711 0 47.429 16.711 0 47.429 16.533 0 56 16.533 0
4 16 28 16.711 0 21.333 16.711 0 21.333 16.533 0 28 16.533 0
4 16 13.333 16.711 0 8.571 16.711 0 8.571 16.533 0 13.333 16.533 0
4 16 56 16.533 0 47.238 16.533 0 47.238 16.356 0 56 16.356 0
4 16 27.809 16.533 0 21.143 16.533 0 21.143 16.356 0 27.809 16.356 0
4 16 13.524 16.533 0 8.952 16.533 0 8.952 16.356 0 13.524 16.356 0
4 16 56 16.356 0 47.048 16.356 0 47.048 16.178 0 56 16.178 0
4 16 27.619 16.356 0 21.143 16.356 0 21.143 16.178 0 27.619 16.178 0
4 16 13.714 16.356 0 9.143 16.356 0 9.143 16.178 0 13.714 16.178 0
4 16 56 16.178 0 46.857 16.178 0 46.857 16 0 56 16 0
4 16 27.429 16.178 0 20.952 16.178 0 20.952 16 0 27.429 16 0
4 16 13.905 16.178 0 9.143 16.178 0 9.143 16 0 13.905 16 0
4 16 56 16 0 46.667 16 0 46.667 15.822 0 56 15.822 0
4 16 27.238 16 0 20.762 16 0 20.762 15.822 0 27.238 15.822 0
4 16 14.095 16 0 9.333 16 0 9.333 15.822 0 14.095 15.822 0
4 16 56 15.822 0 46.476 15.822 0 46.476 15.644 0 56 15.644 0
4 16 27.048 15.822 0 20.571 15.822 0 20.571 15.644 0 27.048 15.644 0
4 16 14.286 15.822 0 9.524 15.822 0 9.524 15.644 0 14.286 15.644 0
4 16 56 15.644 0 46.095 15.644 0 46.095 15.467 0 56 15.467 0
4 16 26.857 15.644 0 20.381 15.644 0 20.381 15.467 0 26.857 15.467 0
4 16 14.476 15.644 0 9.714 15.644 0 9.714 15.467 0 14.476 15.467 0
4 16 56 15.467 0 45.905 15.467 0 45.905 15.289 0 56 15.289 0
4 16 26.857 15.467 0 20.19 15.467 0 20.19 15.289 0 26.857 15.289 0
4 16 14.667 15.467 0 9.905 15.467 0 9.905 15.289 0 14.667 15.289 0
4 16 56 15.289 0 45.714 15.289 0 45.714 15.111 0 56 15.111 0
4 16 26.667 15.289 0 20 15.289 0 20 15.111 0 26.667 15.111 0
4 16 14.857 15.289 0 10.095 15.289 0 10.095 15.111 0 14.857 15.111 0
4 16 56 15.111 0 45.524 15.111 0 45.524 14.933 0 56 14.933 0
4 16 26.476 15.111 0 19.809 15.111 0 19.809 14.933 0 26.476 14.933 0
4 16 14.857 15.111 0 10.286 15.111 0 10.286 14.933 0 14.857 14.933 0
4 16 56 14.933 0 45.333 14.933 0 45.333 14.756 0 56 14.756 0
4 16 26.286 14.933 0 19.619 14.933 0 19.619 14.756 0 26.286 14.756 0
4 16 15.048 14.933 0 10.476 14.933 0 10.476 14.756 0 15.048 14.756 0
4 16 56 14.756 0 45.143 14.756 0 45.143 14.578 0 56 14.578 0
4 16 26.095 14.756 0 19.619 14.756 0 19.619 14.578 0 26.095 14.578 0
4 16 15.238 14.756 0 10.667 14.756 0 10.667 14.578 0 15.238 14.578 0
4 16 56 14.578 0 44.952 14.578 0 44.952 14.4 0 56 14.4 0
4 16 25.905 14.578 0 19.429 14.578 0 19.429 14.4 0 25.905 14.4 0
4 16 15.429 14.578 0 10.857 14.578 0 10.857 14.4 0 15.429 14.4 0
4 16 56 14.4 0 44.762 14.4 0 44.762 14.222 0 56 14.222 0
4 16 25.714 14.4 0 19.238 14.4 0 19.238 14.222 0 25.714 14.222 0
4 16 15.619 14.4 0 11.048 14.4 0 11.048 14.222 0 15.619 14.222 0
4 16 52.19 14.222 0 44.381 14.222 0 44.381 14.044 0 52.19 14.044 0
4 16 25.524 14.222 0 19.048 14.222 0 19.048 14.044 0 25.524 14.044 0
4 16 15.809 14.222 0 11.238 14.222 0 11.238 14.044 0 15.809 14.044 0
4 16 51.809 14.044 0 44.19 14.044 0 44.19 13.867 0 51.809 13.867 0
4 16 25.333 14.044 0 18.857 14.044 0 18.857 13.867 0 25.333 13.867 0
4 16 16 14.044 0 11.429 14.044 0 11.429 13.867 0 16 13.867 0
4 16 51.619 13.867 0 44 13.867 0 44 13.689 0 51.619 13.689 0
4 16 25.143 13.867 0 18.667 13.867 0 18.667 13.689 0 25.143 13.689 0
4 16 16.19 13.867 0 11.619 13.867 0 11.619 13.689 0 16.19 13.689 0
4 16 51.429 13.689 0 43.809 13.689 0 43.809 13.511 0 51.429 13.511 0
4 16 24.952 13.689 0 18.476 13.689 0 18.476 13.511 0 24.952 13.511 0
4 16 16.381 13.689 0 11.809 13.689 0 11.809 13.511 0 16.381 13.511 0
4 16 51.238 13.511 0 43.619 13.511 0 43.619 13.333 0 51.238 13.333 0
4 16 24.952 13.511 0 18.286 13.511 0 18.286 13.333 0 24.952 13.333 0
4 16 16.381 13.511 0 12 13.511 0 12 13.333 0 16.381 13.333 0
4 16 51.048 13.333 0 43.429 13.333 0 43.429 13.156 0 51.048 13.156 0
4 16 24.762 13.333 0 18.095 13.333 0 18.095 13.156 0 24.762 13.156 0
4 16 16.571 13.333 0 12.19 13.333 0 12.19 13.156 0 16.571 13.156 0
4 16 50.857 13.156 0 43.238 13.156 0 43.238 12.978 0 50.857 12.978 0
4 16 24.571 13.156 0 17.905 13.156 0 17.905 12.978 0 24.571 12.978 0
4 16 16.762 13.156 0 12.381 13.156 0 12.381 12.978 0 16.762 12.978 0
4 16 50.667 12.978 0 43.048 12.978 0 43.048 12.8 0 50.667 12.8 0
4 16 24.381 12.978 0 17.714 12.978 0 17.714 12.8 0 24.381 12.8 0
4 16 16.952 12.978 0 12.381 12.978 0 12.381 12.8 0 16.952 12.8 0
4 16 50.286 12.8 0 42.857 12.8 0 42.857 12.622 0 50.286 12.622 0
4 16 24.19 12.8 0 17.714 12.8 0 17.714 12.622 0 24.19 12.622 0
4 16 17.143 12.8 0 12.571 12.8 0 12.571 12.622 0 17.143 12.622 0
4 16 50.095 12.622 0 42.667 12.622 0 42.667 12.444 0 50.095 12.444 0
4 16 24 12.622 0 12.762 12.622 0 12.762 12.444 0 24 12.444 0
4 16 49.905 12.444 0 42.286 12.444 0 42.286 12.267 0 49.905 12.267 0
4 16 23.809 12.444 0 12.952 12.444 0 12.952 12.267 0 23.809 12.267 0
4 16 49.714 12.267 0 42.095 12.267 0 42.095 12.089 0 49.714 12.089 0
4 16 23.619 12.267 0 13.143 12.267 0 13.143 12.089 0 23.619 12.089 0
4 16 49.524 12.089 0 41.905 12.089 0 41.905 11.911 0 49.524 11.911 0
4 16 23.429 12.089 0 13.333 12.089 0 13.333 11.911 0 23.429 11.911 0
4 16 49.333 11.911 0 41.714 11.911 0 41.714 11.733 0 49.333 11.733 0
4 16 23.238 11.911 0 13.524 11.911 0 13.524 11.733 0 23.238 11.733 0
4 16 49.143 11.733 0 41.524 11.733 0 41.524 11.556 0 49.143 11.556 0
4 16 23.048 11.733 0 13.714 11.733 0 13.714 11.556 0 23.048 11.556 0
4 16 48.952 11.556 0 41.333 11.556 0 41.333 11.378 0 48.952 11.378 0
4 16 22.857 11.556 0 13.905 11.556 0 13.905 11.378 0 22.857 11.378 0
4 16 48.571 11.378 0 41.143 11.378 0 41.143 11.2 0 48.571 11.2 0
4 16 22.667 11.378 0 14.095 11.378 0 14.095 11.2 0 22.667 11.2 0
4 16 48.381 11.2 0 40.952 11.2 0 40.952 11.022 0 48.381 11.022 0
4 16 22.476 11.2 0 14.286 11.2 0 14.286 11.022 0 22.476 11.022 0
4 16 48.19 11.022 0 40.762 11.022 0 40.762 10.844 0 48.19 10.844 0
4 16 22.476 11.022 0 14.476 11.022 0 14.476 10.844 0 22.476 10.844 0
4 16 48 10.844 0 40.381 10.844 0 40.381 10.667 0 48 10.667 0
4 16 22.286 10.844 0 14.667 10.844 0 14.667 10.667 0 22.286 10.667 0
4 16 47.809 10.667 0 40.19 10.667 0 40.19 10.489 0 47.809 10.489 0
4 16 22.095 10.667 0 14.857 10.667 0 14.857 10.489 0 22.095 10.489 0
4 16 47.619 10.489 0 40 10.489 0 40 10.311 0 47.619 10.311 0
4 16 21.905 10.489 0 15.048 10.489 0 15.048 10.311 0 21.905 10.311 0
4 16 47.429 10.311 0 39.809 10.311 0 39.809 10.133 0 47.429 10.133 0
4 16 39.619 16.889 0 36.19 16.889 0 36.19 10.133 0 39.619 10.133 0
4 16 21.714 10.311 0 15.238 10.311 0 15.238 10.133 0 21.714 10.133 0
4 16 47.238 10.133 0 36.19 10.133 0 36.19 9.956 0 47.238 9.956 0
4 16 21.524 10.133 0 15.238 10.133 0 15.238 9.956 0 21.524 9.956 0
4 16 46.857 9.956 0 36.19 9.956 0 36.19 9.778 0 46.857 9.778 0
4 16 21.333 9.956 0 15.429 9.956 0 15.429 9.778 0 21.333 9.778 0
4 16 46.667 9.778 0 36.19 9.778 0 36.19 9.6 0 46.667 9.6 0
4 16 21.143 9.778 0 15.619 9.778 0 15.619 9.6 0 21.143 9.6 0
4 16 46.476 9.6 0 36.19 9.6 0 36.19 9.422 0 46.476 9.422 0
4 16 21.143 9.6 0 15.809 9.6 0 15.809 9.422 0 21.143 9.422 0
4 16 46.286 9.422 0 36.19 9.422 0 36.19 9.244 0 46.286 9.244 0
4 16 46.095 9.244 0 36.19 9.244 0 36.19 9.067 0 46.095 9.067 0
4 16 45.905 9.067 0 36.19 9.067 0 36.19 8.889 0 45.905 8.889 0
4 16 45.714 8.889 0 36.19 8.889 0 36.19 8.711 0 45.714 8.711 0
4 16 45.524 8.711 0 36.19 8.711 0 36.19 8.533 0 45.524 8.533 0
4 16 45.143 8.533 0 36.19 8.533 0 36.19 8.356 0 45.143 8.356 0
4 16 44.952 8.356 0 36.19 8.356 0 36.19 8.178 0 44.952 8.178 0
4 16 44.762 8.178 0 36.19 8.178 0 36.19 8 0 44.762 8 0
4 16 44.571 8 0 36.19 8 0 36.19 7.822 0 44.571 7.822 0
4 16 44.381 7.822 0 36.19 7.822 0 36.19 7.644 0 44.381 7.644 0
4 16 44.19 7.644 0 36.19 7.644 0 36.19 7.467 0 44.19 7.467 0
4 16 44 7.467 0 36.19 7.467 0 36.19 7.289 0 44 7.289 0
4 16 43.809 7.289 0 36.19 7.289 0 36.19 7.111 0 43.809 7.111 0
4 16 43.619 7.111 0 36.19 7.111 0 36.19 6.933 0 43.619 6.933 0
4 16 43.238 6.933 0 36.19 6.933 0 36.19 6.756 0 43.238 6.756 0
4 16 43.048 6.756 0 36.19 6.756 0 36.19 6.578 0 43.048 6.578 0
4 16 42.857 6.578 0 36.19 6.578 0 36.19 6.4 0 42.857 6.4 0
4 16 42.667 6.4 0 36.19 6.4 0 36.19 6.222 0 42.667 6.222 0
4 16 56 14.222 0 52.381 14.222 0 52.381 6.044 0 56 6.044 0
4 16 42.476 6.222 0 36.19 6.222 0 36.19 6.044 0 42.476 6.044 0
4 16 21.143 9.422 0 16 9.422 0 16 6.044 0 21.143 6.044 0
4 16 42.286 6.044 0 36.19 6.044 0 36.19 5.867 0 42.286 5.867 0
4 16 41.905 5.867 0 36.19 5.867 0 36.19 5.689 0 41.905 5.689 0
4 16 41.714 5.689 0 36.19 5.689 0 36.19 5.511 0 41.714 5.511 0
4 16 41.524 5.511 0 36.19 5.511 0 36.19 5.333 0 41.524 5.333 0
4 16 41.333 5.333 0 36.19 5.333 0 36.19 5.156 0 41.333 5.156 0
4 16 41.143 5.156 0 36.19 5.156 0 36.19 4.978 0 41.143 4.978 0
4 16 40.952 4.978 0 36.19 4.978 0 36.19 4.8 0 40.952 4.8 0
4 16 40.762 4.8 0 36.19 4.8 0 36.19 4.622 0 40.762 4.622 0
4 16 40.571 4.622 0 36.19 4.622 0 36.19 4.444 0 40.571 4.444 0
4 16 40.381 4.444 0 36.19 4.444 0 36.19 4.267 0 40.381 4.267 0
4 16 59.048 6.044 0 49.143 6.044 0 49.143 4.089 0 59.048 4.089 0
4 16 40.19 4.267 0 36.19 4.267 0 36.19 4.089 0 40.19 4.089 0
4 16 24.19 6.044 0 12.762 6.044 0 12.762 4.089 0 24.19 4.089 0
0 
