0 Etiqueta Flechas
0 Name: p_flecha.dat
0 Author: svlopez
0 !LDRAW_ORG Unofficial_Part
0 BFC CERTIFY CW
4 14 12.43 1.1 0 12.54 1.1 0 12.54 1.21 0 12.43 1.21 0
4 14 29.37 1.1 0 29.48 1.1 0 29.48 1.21 0 29.37 1.21 0
4 14 12.32 1.21 0 12.54 1.21 0 12.54 1.32 0 12.32 1.32 0
4 14 29.37 1.21 0 29.59 1.21 0 29.59 1.32 0 29.37 1.32 0
4 14 12.21 1.32 0 12.54 1.32 0 12.54 1.54 0 12.21 1.54 0
4 14 29.37 1.32 0 29.7 1.32 0 29.7 1.54 0 29.37 1.54 0
4 14 12.1 1.54 0 12.54 1.54 0 12.54 1.65 0 12.1 1.65 0
4 14 29.37 1.54 0 29.81 1.54 0 29.81 1.65 0 29.37 1.65 0
4 14 11.99 1.65 0 12.54 1.65 0 12.54 1.76 0 11.99 1.76 0
4 14 29.37 1.65 0 29.92 1.65 0 29.92 1.76 0 29.37 1.76 0
4 14 11.88 1.76 0 12.54 1.76 0 12.54 1.87 0 11.88 1.87 0
4 14 29.37 1.76 0 30.03 1.76 0 30.03 1.87 0 29.37 1.87 0
4 14 11.77 1.87 0 12.54 1.87 0 12.54 2.09 0 11.77 2.09 0
4 14 29.37 1.87 0 30.14 1.87 0 30.14 2.09 0 29.37 2.09 0
4 14 11.66 2.09 0 12.54 2.09 0 12.54 2.2 0 11.66 2.2 0
4 14 29.37 2.09 0 30.25 2.09 0 30.25 2.2 0 29.37 2.2 0
4 14 11.55 2.2 0 12.54 2.2 0 12.54 2.31 0 11.55 2.31 0
4 14 29.37 2.2 0 30.36 2.2 0 30.36 2.31 0 29.37 2.31 0
4 14 11.44 2.31 0 12.54 2.31 0 12.54 2.42 0 11.44 2.42 0
4 14 29.37 2.31 0 30.47 2.31 0 30.47 2.42 0 29.37 2.42 0
4 14 11.33 2.42 0 12.54 2.42 0 12.54 2.64 0 11.33 2.64 0
4 14 29.37 2.42 0 30.58 2.42 0 30.58 2.64 0 29.37 2.64 0
4 14 11.22 2.64 0 12.54 2.64 0 12.54 2.75 0 11.22 2.75 0
4 14 29.37 2.64 0 30.69 2.64 0 30.69 2.75 0 29.37 2.75 0
4 14 11.11 2.75 0 12.54 2.75 0 12.54 2.86 0 11.11 2.86 0
4 14 29.37 2.75 0 30.8 2.75 0 30.8 2.86 0 29.37 2.86 0
4 14 11 2.86 0 12.54 2.86 0 12.54 3.08 0 11 3.08 0
4 14 29.37 2.86 0 30.91 2.86 0 30.91 3.08 0 29.37 3.08 0
4 14 10.89 3.08 0 12.54 3.08 0 12.54 3.19 0 10.89 3.19 0
4 14 29.37 3.08 0 31.02 3.08 0 31.02 3.19 0 29.37 3.19 0
4 14 10.78 3.19 0 12.54 3.19 0 12.54 3.3 0 10.78 3.3 0
4 14 29.37 3.19 0 31.13 3.19 0 31.13 3.3 0 29.37 3.3 0
4 14 10.67 3.3 0 12.54 3.3 0 12.54 3.41 0 10.67 3.41 0
4 14 29.37 3.3 0 31.24 3.3 0 31.24 3.41 0 29.37 3.41 0
4 14 10.56 3.41 0 12.54 3.41 0 12.54 3.63 0 10.56 3.63 0
4 14 29.37 3.41 0 31.35 3.41 0 31.35 3.63 0 29.37 3.63 0
4 14 10.45 3.63 0 12.54 3.63 0 12.54 3.74 0 10.45 3.74 0
4 14 29.37 3.63 0 31.46 3.63 0 31.46 3.74 0 29.37 3.74 0
4 14 10.34 3.74 0 12.54 3.74 0 12.54 3.85 0 10.34 3.85 0
4 14 29.37 3.74 0 31.57 3.74 0 31.57 3.85 0 29.37 3.85 0
4 14 10.23 3.85 0 12.54 3.85 0 12.54 3.96 0 10.23 3.96 0
4 14 29.37 3.85 0 31.68 3.85 0 31.68 3.96 0 29.37 3.96 0
4 14 10.12 3.96 0 12.54 3.96 0 12.54 4.18 0 10.12 4.18 0
4 14 29.37 3.96 0 31.79 3.96 0 31.79 4.18 0 29.37 4.18 0
4 14 10.01 4.18 0 12.54 4.18 0 12.54 4.29 0 10.01 4.29 0
4 14 29.37 4.18 0 31.9 4.18 0 31.9 4.29 0 29.37 4.29 0
4 14 9.9 4.29 0 12.54 4.29 0 12.54 4.4 0 9.9 4.4 0
4 14 29.37 4.29 0 32.01 4.29 0 32.01 4.4 0 29.37 4.4 0
4 14 9.79 4.4 0 12.54 4.4 0 12.54 4.51 0 9.79 4.51 0
4 14 29.37 4.4 0 32.12 4.4 0 32.12 4.51 0 29.37 4.51 0
4 14 9.68 4.51 0 12.54 4.51 0 12.54 4.73 0 9.68 4.73 0
4 14 29.37 4.51 0 32.23 4.51 0 32.23 4.73 0 29.37 4.73 0
4 14 9.57 4.73 0 12.54 4.73 0 12.54 4.84 0 9.57 4.84 0
4 14 29.37 4.73 0 32.34 4.73 0 32.34 4.84 0 29.37 4.84 0
4 14 9.46 4.84 0 12.54 4.84 0 12.54 4.95 0 9.46 4.95 0
4 14 29.37 4.84 0 32.45 4.84 0 32.45 4.95 0 29.37 4.95 0
4 14 9.35 4.95 0 12.54 4.95 0 12.54 5.17 0 9.35 5.17 0
4 14 29.37 4.95 0 32.56 4.95 0 32.56 5.17 0 29.37 5.17 0
4 14 9.24 5.17 0 12.54 5.17 0 12.54 5.28 0 9.24 5.28 0
4 14 29.37 5.17 0 32.67 5.17 0 32.67 5.28 0 29.37 5.28 0
4 14 9.13 5.28 0 12.54 5.28 0 12.54 5.39 0 9.13 5.39 0
4 14 29.37 5.28 0 32.78 5.28 0 32.78 5.39 0 29.37 5.39 0
4 14 9.02 5.39 0 12.54 5.39 0 12.54 5.5 0 9.02 5.5 0
4 14 29.37 5.39 0 32.89 5.39 0 32.89 5.5 0 29.37 5.5 0
4 14 8.91 5.5 0 12.54 5.5 0 12.54 5.72 0 8.91 5.72 0
4 14 29.37 5.5 0 33 5.5 0 33 5.72 0 29.37 5.72 0
4 14 8.8 5.72 0 12.54 5.72 0 12.54 5.83 0 8.8 5.83 0
4 14 29.37 5.72 0 33.11 5.72 0 33.11 5.83 0 29.37 5.83 0
4 14 8.69 5.83 0 12.54 5.83 0 12.54 5.94 0 8.69 5.94 0
4 14 29.37 5.83 0 33.22 5.83 0 33.22 5.94 0 29.37 5.94 0
4 14 8.58 5.94 0 12.54 5.94 0 12.54 6.05 0 8.58 6.05 0
4 14 29.37 5.94 0 33.33 5.94 0 33.33 6.05 0 29.37 6.05 0
4 14 8.47 6.05 0 12.54 6.05 0 12.54 6.27 0 8.47 6.27 0
4 14 29.37 6.05 0 33.44 6.05 0 33.44 6.27 0 29.37 6.27 0
4 14 8.36 6.27 0 12.54 6.27 0 12.54 6.38 0 8.36 6.38 0
4 14 29.37 6.27 0 33.55 6.27 0 33.55 6.38 0 29.37 6.38 0
4 14 8.25 6.38 0 12.54 6.38 0 12.54 6.49 0 8.25 6.49 0
4 14 29.37 6.38 0 33.66 6.38 0 33.66 6.49 0 29.37 6.49 0
4 14 8.14 6.49 0 12.54 6.49 0 12.54 6.6 0 8.14 6.6 0
4 14 29.37 6.49 0 33.77 6.49 0 33.77 6.6 0 29.37 6.6 0
4 14 8.14 6.6 0 19.58 6.6 0 19.58 6.71 0 8.14 6.71 0
4 14 22.33 6.6 0 33.77 6.6 0 33.77 6.71 0 22.33 6.71 0
4 14 8.03 6.71 0 19.58 6.71 0 19.58 6.82 0 8.03 6.82 0
4 14 22.33 6.71 0 33.88 6.71 0 33.88 6.82 0 22.33 6.82 0
4 14 7.92 6.82 0 19.58 6.82 0 19.58 6.93 0 7.92 6.93 0
4 14 22.33 6.82 0 33.99 6.82 0 33.99 6.93 0 22.33 6.93 0
4 14 7.81 6.93 0 19.58 6.93 0 19.58 7.04 0 7.81 7.04 0
4 14 22.33 6.93 0 34.1 6.93 0 34.1 7.04 0 22.33 7.04 0
4 14 7.7 7.04 0 19.58 7.04 0 19.58 7.26 0 7.7 7.26 0
4 14 22.33 7.04 0 34.21 7.04 0 34.21 7.26 0 22.33 7.26 0
4 14 7.59 7.26 0 19.58 7.26 0 19.58 7.37 0 7.59 7.37 0
4 14 22.33 7.26 0 34.32 7.26 0 34.32 7.37 0 22.33 7.37 0
4 14 7.48 7.37 0 19.58 7.37 0 19.58 7.48 0 7.48 7.48 0
4 14 22.33 7.37 0 34.43 7.37 0 34.43 7.48 0 22.33 7.48 0
4 14 7.37 7.48 0 19.58 7.48 0 19.58 7.59 0 7.37 7.59 0
4 14 22.33 7.48 0 34.54 7.48 0 34.54 7.59 0 22.33 7.59 0
4 14 7.26 7.59 0 19.58 7.59 0 19.58 7.81 0 7.26 7.81 0
4 14 22.33 7.59 0 34.65 7.59 0 34.65 7.81 0 22.33 7.81 0
4 14 7.15 7.81 0 19.58 7.81 0 19.58 7.92 0 7.15 7.92 0
4 14 22.33 7.81 0 34.76 7.81 0 34.76 7.92 0 22.33 7.92 0
4 14 7.04 7.92 0 19.58 7.92 0 19.58 8.03 0 7.04 8.03 0
4 14 22.33 7.92 0 34.87 7.92 0 34.87 8.03 0 22.33 8.03 0
4 14 6.93 8.03 0 19.58 8.03 0 19.58 8.14 0 6.93 8.14 0
4 14 22.33 8.03 0 34.98 8.03 0 34.98 8.14 0 22.33 8.14 0
4 14 6.82 8.14 0 19.58 8.14 0 19.58 8.36 0 6.82 8.36 0
4 14 22.33 8.14 0 35.09 8.14 0 35.09 8.36 0 22.33 8.36 0
4 14 6.71 8.36 0 19.58 8.36 0 19.58 8.47 0 6.71 8.47 0
4 14 22.33 8.36 0 35.2 8.36 0 35.2 8.47 0 22.33 8.47 0
4 14 6.6 8.47 0 19.58 8.47 0 19.58 8.58 0 6.6 8.58 0
4 14 22.33 8.47 0 35.31 8.47 0 35.31 8.58 0 22.33 8.58 0
4 14 6.49 8.58 0 19.58 8.58 0 19.58 8.8 0 6.49 8.8 0
4 14 22.33 8.58 0 35.42 8.58 0 35.42 8.8 0 22.33 8.8 0
4 14 6.38 8.8 0 19.58 8.8 0 19.58 8.91 0 6.38 8.91 0
4 14 22.33 8.8 0 35.53 8.8 0 35.53 8.91 0 22.33 8.91 0
4 14 6.27 8.91 0 19.58 8.91 0 19.58 9.02 0 6.27 9.02 0
4 14 22.33 8.91 0 35.64 8.91 0 35.64 9.02 0 22.33 9.02 0
4 14 6.16 9.02 0 19.58 9.02 0 19.58 9.13 0 6.16 9.13 0
4 14 22.33 9.02 0 35.75 9.02 0 35.75 9.13 0 22.33 9.13 0
4 14 6.05 9.13 0 19.58 9.13 0 19.58 9.35 0 6.05 9.35 0
4 14 22.33 9.13 0 35.86 9.13 0 35.86 9.35 0 22.33 9.35 0
4 14 5.94 9.35 0 19.58 9.35 0 19.58 9.46 0 5.94 9.46 0
4 14 22.33 9.35 0 35.97 9.35 0 35.97 9.46 0 22.33 9.46 0
4 14 5.83 9.46 0 19.58 9.46 0 19.58 9.57 0 5.83 9.57 0
4 14 22.33 9.46 0 36.08 9.46 0 36.08 9.57 0 22.33 9.57 0
4 14 5.72 9.57 0 19.58 9.57 0 19.58 9.68 0 5.72 9.68 0
4 14 22.33 9.57 0 36.19 9.57 0 36.19 9.68 0 22.33 9.68 0
4 14 5.61 9.68 0 19.58 9.68 0 19.58 9.9 0 5.61 9.9 0
4 14 22.33 9.68 0 36.3 9.68 0 36.3 9.9 0 22.33 9.9 0
4 14 5.5 9.9 0 19.58 9.9 0 19.58 10.01 0 5.5 10.01 0
4 14 22.33 9.9 0 36.41 9.9 0 36.41 10.01 0 22.33 10.01 0
4 14 5.39 10.01 0 19.58 10.01 0 19.58 10.12 0 5.39 10.12 0
4 14 22.33 10.01 0 36.52 10.01 0 36.52 10.12 0 22.33 10.12 0
4 14 5.28 10.12 0 19.58 10.12 0 19.58 10.34 0 5.28 10.34 0
4 14 22.33 10.12 0 36.63 10.12 0 36.63 10.34 0 22.33 10.34 0
4 14 5.17 10.34 0 19.58 10.34 0 19.58 10.45 0 5.17 10.45 0
4 14 22.33 10.34 0 36.74 10.34 0 36.74 10.45 0 22.33 10.45 0
4 14 5.06 10.45 0 19.58 10.45 0 19.58 10.56 0 5.06 10.56 0
4 14 22.33 10.45 0 36.85 10.45 0 36.85 10.56 0 22.33 10.56 0
4 14 4.95 10.56 0 19.58 10.56 0 19.58 10.67 0 4.95 10.67 0
4 14 22.33 10.56 0 36.96 10.56 0 36.96 10.67 0 22.33 10.67 0
4 14 4.84 10.67 0 19.58 10.67 0 19.58 10.89 0 4.84 10.89 0
4 14 22.33 10.67 0 37.07 10.67 0 37.07 10.89 0 22.33 10.89 0
4 14 4.73 10.89 0 19.58 10.89 0 19.58 11 0 4.73 11 0
4 14 22.33 10.89 0 37.18 10.89 0 37.18 11 0 22.33 11 0
4 14 4.62 11 0 19.58 11 0 19.58 11.11 0 4.62 11.11 0
4 14 22.33 11 0 37.29 11 0 37.29 11.11 0 22.33 11.11 0
4 14 4.51 11.11 0 19.58 11.11 0 19.58 11.22 0 4.51 11.22 0
4 14 22.33 11.11 0 37.4 11.11 0 37.4 11.22 0 22.33 11.22 0
4 14 4.4 11.22 0 19.58 11.22 0 19.58 11.44 0 4.4 11.44 0
4 14 22.33 11.22 0 37.51 11.22 0 37.51 11.44 0 22.33 11.44 0
4 14 4.29 11.44 0 19.58 11.44 0 19.58 11.55 0 4.29 11.55 0
4 14 22.33 11.44 0 37.62 11.44 0 37.62 11.55 0 22.33 11.55 0
4 14 4.18 11.55 0 19.58 11.55 0 19.58 11.66 0 4.18 11.66 0
4 14 22.33 11.55 0 37.73 11.55 0 37.73 11.66 0 22.33 11.66 0
4 14 4.07 11.66 0 19.58 11.66 0 19.58 11.77 0 4.07 11.77 0
4 14 22.33 11.66 0 37.84 11.66 0 37.84 11.77 0 22.33 11.77 0
4 14 3.96 11.77 0 19.58 11.77 0 19.58 11.88 0 3.96 11.88 0
4 14 22.33 11.77 0 37.95 11.77 0 37.95 11.88 0 22.33 11.88 0
4 14 3.85 11.88 0 19.58 11.88 0 19.58 11.99 0 3.85 11.99 0
4 14 22.33 11.88 0 38.06 11.88 0 38.06 11.99 0 22.33 11.99 0
4 14 3.96 11.99 0 19.58 11.99 0 19.58 12.1 0 3.96 12.1 0
4 14 22.33 11.99 0 37.95 11.99 0 37.95 12.1 0 22.33 12.1 0
4 14 4.07 12.1 0 19.58 12.1 0 19.58 12.21 0 4.07 12.21 0
4 14 22.33 12.1 0 37.84 12.1 0 37.84 12.21 0 22.33 12.21 0
4 14 4.18 12.21 0 19.58 12.21 0 19.58 12.32 0 4.18 12.32 0
4 14 22.33 12.21 0 37.73 12.21 0 37.73 12.32 0 22.33 12.32 0
4 14 4.29 12.32 0 19.58 12.32 0 19.58 12.43 0 4.29 12.43 0
4 14 22.33 12.32 0 37.62 12.32 0 37.62 12.43 0 22.33 12.43 0
4 14 4.4 12.43 0 19.58 12.43 0 19.58 12.65 0 4.4 12.65 0
4 14 22.33 12.43 0 37.51 12.43 0 37.51 12.65 0 22.33 12.65 0
4 14 4.51 12.65 0 19.58 12.65 0 19.58 12.76 0 4.51 12.76 0
4 14 22.33 12.65 0 37.4 12.65 0 37.4 12.76 0 22.33 12.76 0
4 14 4.62 12.76 0 19.58 12.76 0 19.58 12.87 0 4.62 12.87 0
4 14 22.33 12.76 0 37.29 12.76 0 37.29 12.87 0 22.33 12.87 0
4 14 4.73 12.87 0 19.58 12.87 0 19.58 12.98 0 4.73 12.98 0
4 14 22.33 12.87 0 37.18 12.87 0 37.18 12.98 0 22.33 12.98 0
4 14 4.84 12.98 0 19.58 12.98 0 19.58 13.2 0 4.84 13.2 0
4 14 22.33 12.98 0 37.07 12.98 0 37.07 13.2 0 22.33 13.2 0
4 14 4.95 13.2 0 19.58 13.2 0 19.58 13.31 0 4.95 13.31 0
4 14 22.33 13.2 0 36.96 13.2 0 36.96 13.31 0 22.33 13.31 0
4 14 5.06 13.31 0 19.58 13.31 0 19.58 13.42 0 5.06 13.42 0
4 14 22.33 13.31 0 36.85 13.31 0 36.85 13.42 0 22.33 13.42 0
4 14 5.17 13.42 0 19.58 13.42 0 19.58 13.53 0 5.17 13.53 0
4 14 22.33 13.42 0 36.74 13.42 0 36.74 13.53 0 22.33 13.53 0
4 14 5.28 13.53 0 19.58 13.53 0 19.58 13.75 0 5.28 13.75 0
4 14 22.33 13.53 0 36.63 13.53 0 36.63 13.75 0 22.33 13.75 0
4 14 5.39 13.75 0 19.58 13.75 0 19.58 13.86 0 5.39 13.86 0
4 14 22.33 13.75 0 36.52 13.75 0 36.52 13.86 0 22.33 13.86 0
4 14 5.5 13.86 0 19.58 13.86 0 19.58 13.97 0 5.5 13.97 0
4 14 22.33 13.86 0 36.41 13.86 0 36.41 13.97 0 22.33 13.97 0
4 14 5.61 13.97 0 19.58 13.97 0 19.58 14.19 0 5.61 14.19 0
4 14 22.33 13.97 0 36.3 13.97 0 36.3 14.19 0 22.33 14.19 0
4 14 5.72 14.19 0 19.58 14.19 0 19.58 14.3 0 5.72 14.3 0
4 14 22.33 14.19 0 36.19 14.19 0 36.19 14.3 0 22.33 14.3 0
4 14 5.83 14.3 0 19.58 14.3 0 19.58 14.41 0 5.83 14.41 0
4 14 22.33 14.3 0 36.08 14.3 0 36.08 14.41 0 22.33 14.41 0
4 14 5.94 14.41 0 19.58 14.41 0 19.58 14.52 0 5.94 14.52 0
4 14 22.33 14.41 0 35.97 14.41 0 35.97 14.52 0 22.33 14.52 0
4 14 6.05 14.52 0 19.58 14.52 0 19.58 14.74 0 6.05 14.74 0
4 14 22.33 14.52 0 35.86 14.52 0 35.86 14.74 0 22.33 14.74 0
4 14 6.16 14.74 0 19.58 14.74 0 19.58 14.85 0 6.16 14.85 0
4 14 22.33 14.74 0 35.75 14.74 0 35.75 14.85 0 22.33 14.85 0
4 14 6.27 14.85 0 19.58 14.85 0 19.58 14.96 0 6.27 14.96 0
4 14 22.33 14.85 0 35.64 14.85 0 35.64 14.96 0 22.33 14.96 0
4 14 6.38 14.96 0 19.58 14.96 0 19.58 15.07 0 6.38 15.07 0
4 14 22.33 14.96 0 35.53 14.96 0 35.53 15.07 0 22.33 15.07 0
4 14 6.49 15.07 0 19.58 15.07 0 19.58 15.29 0 6.49 15.29 0
4 14 22.33 15.07 0 35.42 15.07 0 35.42 15.29 0 22.33 15.29 0
4 14 6.6 15.29 0 19.58 15.29 0 19.58 15.4 0 6.6 15.4 0
4 14 22.33 15.29 0 35.31 15.29 0 35.31 15.4 0 22.33 15.4 0
4 14 6.71 15.4 0 19.58 15.4 0 19.58 15.51 0 6.71 15.51 0
4 14 22.33 15.4 0 35.2 15.4 0 35.2 15.51 0 22.33 15.51 0
4 14 6.82 15.51 0 19.58 15.51 0 19.58 15.73 0 6.82 15.73 0
4 14 22.33 15.51 0 35.09 15.51 0 35.09 15.73 0 22.33 15.73 0
4 14 6.93 15.73 0 19.58 15.73 0 19.58 15.84 0 6.93 15.84 0
4 14 22.33 15.73 0 34.98 15.73 0 34.98 15.84 0 22.33 15.84 0
4 14 7.04 15.84 0 19.58 15.84 0 19.58 15.95 0 7.04 15.95 0
4 14 22.33 15.84 0 34.87 15.84 0 34.87 15.95 0 22.33 15.95 0
4 14 7.15 15.95 0 19.58 15.95 0 19.58 16.06 0 7.15 16.06 0
4 14 22.33 15.95 0 34.76 15.95 0 34.76 16.06 0 22.33 16.06 0
4 14 7.26 16.06 0 19.58 16.06 0 19.58 16.28 0 7.26 16.28 0
4 14 22.33 16.06 0 34.65 16.06 0 34.65 16.28 0 22.33 16.28 0
4 14 7.37 16.28 0 19.58 16.28 0 19.58 16.39 0 7.37 16.39 0
4 14 22.33 16.28 0 34.54 16.28 0 34.54 16.39 0 22.33 16.39 0
4 14 7.48 16.39 0 19.58 16.39 0 19.58 16.5 0 7.48 16.5 0
4 14 22.33 16.39 0 34.43 16.39 0 34.43 16.5 0 22.33 16.5 0
4 14 7.59 16.5 0 19.58 16.5 0 19.58 16.61 0 7.59 16.61 0
4 14 22.33 16.5 0 34.32 16.5 0 34.32 16.61 0 22.33 16.61 0
4 14 7.7 16.61 0 19.58 16.61 0 19.58 16.83 0 7.7 16.83 0
4 14 22.33 16.61 0 34.21 16.61 0 34.21 16.83 0 22.33 16.83 0
4 14 7.81 16.83 0 19.58 16.83 0 19.58 16.94 0 7.81 16.94 0
4 14 22.33 16.83 0 34.1 16.83 0 34.1 16.94 0 22.33 16.94 0
4 14 7.92 16.94 0 19.58 16.94 0 19.58 17.05 0 7.92 17.05 0
4 14 22.33 16.94 0 33.99 16.94 0 33.99 17.05 0 22.33 17.05 0
4 14 8.03 17.05 0 19.58 17.05 0 19.58 17.16 0 8.03 17.16 0
4 14 22.33 17.05 0 33.88 17.05 0 33.88 17.16 0 22.33 17.16 0
4 14 8.14 17.16 0 19.58 17.16 0 19.58 17.27 0 8.14 17.27 0
4 14 22.33 17.16 0 33.77 17.16 0 33.77 17.27 0 22.33 17.27 0
4 14 8.14 17.27 0 12.54 17.27 0 12.54 17.38 0 8.14 17.38 0
4 14 29.37 17.27 0 33.77 17.27 0 33.77 17.38 0 29.37 17.38 0
4 14 8.25 17.38 0 12.54 17.38 0 12.54 17.49 0 8.25 17.49 0
4 14 29.37 17.38 0 33.66 17.38 0 33.66 17.49 0 29.37 17.49 0
4 14 8.36 17.49 0 12.54 17.49 0 12.54 17.6 0 8.36 17.6 0
4 14 29.37 17.49 0 33.55 17.49 0 33.55 17.6 0 29.37 17.6 0
4 14 8.47 17.6 0 12.54 17.6 0 12.54 17.82 0 8.47 17.82 0
4 14 29.37 17.6 0 33.44 17.6 0 33.44 17.82 0 29.37 17.82 0
4 14 8.58 17.82 0 12.54 17.82 0 12.54 17.93 0 8.58 17.93 0
4 14 29.37 17.82 0 33.33 17.82 0 33.33 17.93 0 29.37 17.93 0
4 14 8.69 17.93 0 12.54 17.93 0 12.54 18.04 0 8.69 18.04 0
4 14 29.37 17.93 0 33.22 17.93 0 33.22 18.04 0 29.37 18.04 0
4 14 8.8 18.04 0 12.54 18.04 0 12.54 18.15 0 8.8 18.15 0
4 14 29.37 18.04 0 33.11 18.04 0 33.11 18.15 0 29.37 18.15 0
4 14 8.91 18.15 0 12.54 18.15 0 12.54 18.37 0 8.91 18.37 0
4 14 29.37 18.15 0 33 18.15 0 33 18.37 0 29.37 18.37 0
4 14 9.02 18.37 0 12.54 18.37 0 12.54 18.48 0 9.02 18.48 0
4 14 29.37 18.37 0 32.89 18.37 0 32.89 18.48 0 29.37 18.48 0
4 14 9.13 18.48 0 12.54 18.48 0 12.54 18.59 0 9.13 18.59 0
4 14 29.37 18.48 0 32.78 18.48 0 32.78 18.59 0 29.37 18.59 0
4 14 9.24 18.59 0 12.54 18.59 0 12.54 18.7 0 9.24 18.7 0
4 14 29.37 18.59 0 32.67 18.59 0 32.67 18.7 0 29.37 18.7 0
4 14 9.35 18.7 0 12.54 18.7 0 12.54 18.92 0 9.35 18.92 0
4 14 29.37 18.7 0 32.56 18.7 0 32.56 18.92 0 29.37 18.92 0
4 14 9.46 18.92 0 12.54 18.92 0 12.54 19.03 0 9.46 19.03 0
4 14 29.37 18.92 0 32.45 18.92 0 32.45 19.03 0 29.37 19.03 0
4 14 9.57 19.03 0 12.54 19.03 0 12.54 19.14 0 9.57 19.14 0
4 14 29.37 19.03 0 32.34 19.03 0 32.34 19.14 0 29.37 19.14 0
4 14 9.68 19.14 0 12.54 19.14 0 12.54 19.36 0 9.68 19.36 0
4 14 29.37 19.14 0 32.23 19.14 0 32.23 19.36 0 29.37 19.36 0
4 14 9.79 19.36 0 12.54 19.36 0 12.54 19.47 0 9.79 19.47 0
4 14 29.37 19.36 0 32.12 19.36 0 32.12 19.47 0 29.37 19.47 0
4 14 9.9 19.47 0 12.54 19.47 0 12.54 19.58 0 9.9 19.58 0
4 14 29.37 19.47 0 32.01 19.47 0 32.01 19.58 0 29.37 19.58 0
4 14 10.01 19.58 0 12.54 19.58 0 12.54 19.69 0 10.01 19.69 0
4 14 29.37 19.58 0 31.9 19.58 0 31.9 19.69 0 29.37 19.69 0
4 14 10.12 19.69 0 12.54 19.69 0 12.54 19.91 0 10.12 19.91 0
4 14 29.37 19.69 0 31.79 19.69 0 31.79 19.91 0 29.37 19.91 0
4 14 10.23 19.91 0 12.54 19.91 0 12.54 20.02 0 10.23 20.02 0
4 14 29.37 19.91 0 31.68 19.91 0 31.68 20.02 0 29.37 20.02 0
4 14 10.34 20.02 0 12.54 20.02 0 12.54 20.13 0 10.34 20.13 0
4 14 29.37 20.02 0 31.57 20.02 0 31.57 20.13 0 29.37 20.13 0
4 14 10.45 20.13 0 12.54 20.13 0 12.54 20.24 0 10.45 20.24 0
4 14 29.37 20.13 0 31.46 20.13 0 31.46 20.24 0 29.37 20.24 0
4 14 10.56 20.24 0 12.54 20.24 0 12.54 20.46 0 10.56 20.46 0
4 14 29.37 20.24 0 31.35 20.24 0 31.35 20.46 0 29.37 20.46 0
4 14 10.67 20.46 0 12.54 20.46 0 12.54 20.57 0 10.67 20.57 0
4 14 29.37 20.46 0 31.24 20.46 0 31.24 20.57 0 29.37 20.57 0
4 14 10.78 20.57 0 12.54 20.57 0 12.54 20.68 0 10.78 20.68 0
4 14 29.37 20.57 0 31.13 20.57 0 31.13 20.68 0 29.37 20.68 0
4 14 10.89 20.68 0 12.54 20.68 0 12.54 20.79 0 10.89 20.79 0
4 14 29.37 20.68 0 31.02 20.68 0 31.02 20.79 0 29.37 20.79 0
4 14 11 20.79 0 12.54 20.79 0 12.54 21.01 0 11 21.01 0
4 14 29.37 20.79 0 30.91 20.79 0 30.91 21.01 0 29.37 21.01 0
4 14 11.11 21.01 0 12.54 21.01 0 12.54 21.12 0 11.11 21.12 0
4 14 29.37 21.01 0 30.8 21.01 0 30.8 21.12 0 29.37 21.12 0
4 14 11.22 21.12 0 12.54 21.12 0 12.54 21.23 0 11.22 21.23 0
4 14 29.37 21.12 0 30.69 21.12 0 30.69 21.23 0 29.37 21.23 0
4 14 11.33 21.23 0 12.54 21.23 0 12.54 21.45 0 11.33 21.45 0
4 14 29.37 21.23 0 30.58 21.23 0 30.58 21.45 0 29.37 21.45 0
4 14 11.44 21.45 0 12.54 21.45 0 12.54 21.56 0 11.44 21.56 0
4 14 29.37 21.45 0 30.47 21.45 0 30.47 21.56 0 29.37 21.56 0
4 14 11.55 21.56 0 12.54 21.56 0 12.54 21.67 0 11.55 21.67 0
4 14 29.37 21.56 0 30.36 21.56 0 30.36 21.67 0 29.37 21.67 0
4 14 11.66 21.67 0 12.54 21.67 0 12.54 21.78 0 11.66 21.78 0
4 14 29.37 21.67 0 30.25 21.67 0 30.25 21.78 0 29.37 21.78 0
4 14 11.77 21.78 0 12.54 21.78 0 12.54 22 0 11.77 22 0
4 14 29.37 21.78 0 30.14 21.78 0 30.14 22 0 29.37 22 0
4 14 11.88 22 0 12.54 22 0 12.54 22.11 0 11.88 22.11 0
4 14 29.37 22 0 30.03 22 0 30.03 22.11 0 29.37 22.11 0
4 14 11.99 22.11 0 12.54 22.11 0 12.54 22.22 0 11.99 22.22 0
4 14 29.37 22.11 0 29.92 22.11 0 29.92 22.22 0 29.37 22.22 0
4 14 12.1 22.22 0 12.54 22.22 0 12.54 22.33 0 12.1 22.33 0
4 14 29.37 22.22 0 29.81 22.22 0 29.81 22.33 0 29.37 22.33 0
4 14 12.21 22.33 0 12.54 22.33 0 12.54 22.55 0 12.21 22.55 0
4 14 29.37 22.33 0 29.7 22.33 0 29.7 22.55 0 29.37 22.55 0
4 14 12.32 22.55 0 12.54 22.55 0 12.54 22.66 0 12.32 22.66 0
4 14 29.37 22.55 0 29.59 22.55 0 29.59 22.66 0 29.37 22.66 0
4 14 12.43 22.66 0 12.54 22.66 0 12.54 22.77 0 12.43 22.77 0
4 14 29.37 22.66 0 29.48 22.66 0 29.48 22.77 0 29.37 22.77 0
0
