0 Etiqueta Galaxie 3
0 Name: p_gala_3.dat
0 Author: svlopez
0 !LDRAW_ORG Unofficial_Part
0 BFC CERTIFY CW
3 15 0 45.87 0 18.37 45.87 0 18.37 51.26 0
3 15 28.05 17.93 0 46.64 28.49 0 28.05 25.74 0
4 15 46.64 58.85 0 0 58.85 0 18.37 51.26 0 28.05 51.26 0
3 15 18.37 51.26 0 0 58.85 0 0 45.87 0
4 15 0 58.85 0 46.64 58.85 0 36.3 69.19 0 10.34 69.19 0
4 15 46.64 58.85 0 28.05 51.26 0 28.05 43.45 0 46.64 38.28 0
3 15 46.64 38.28 0 28.05 43.45 0 41.69 33.385 0
3 15 46.64 28.49 0 41.69 33.385 0 17.49 25.74 0
4 15 17.49 43.45 0 17.49 25.74 0 41.69 33.385 0 28.05 43.45 0
3 15 46.64 28.49 0 17.49 25.74 0 28.05 25.74 0
3 15 46.64 28.49 0 28.05 17.93 0 46.64 10.34 0
4 15 18.37 23.32 0 0 23.32 0 0 10.34 0 18.37 17.93 0
4 15 46.64 10.34 0 28.05 17.93 0 18.37 17.93 0 0 10.34 0
4 15 36.3 0 0 46.64 10.34 0 0 10.34 0 10.34 0 0
4 0 18.37 17.93 0 28.05 17.93 0 28.05 25.74 0 18.37 23.32 0
4 0 46.64 10.45 0 54.01 17.71 0 54.01 34.87 0 46.64 28.49 0
4 0 0 23.32 0 17.49 25.74 0 17.49 31.02 0 7.59 31.02 0
3 0 46.64 38.28 0 48.95 39.875 0 46.64 58.85 0
3 0 18.37 45.98 0 23.65 51.26 0 18.37 51.26 0
4 0 17.49 43.45 0 28.05 43.45 0 28.05 51.26 0 25.19 51.26 0
4 0 17.49 25.74 0 0 23.32 0 18.37 23.32 0 28.05 25.74 0
3 0 46.64 28.49 0 46.64 38.28 0 41.69 33.385 0
4 0 48.95 39.875 0 46.64 38.28 0 46.64 28.49 0 54.01 34.87 0
4 0 54.01 62.26 0 46.64 58.85 0 48.95 39.875 0 54.01 44.88 0
4 0 17.82 76.67 0 10.45 69.19 0 36.3 69.19 0 39.6 76.67 0
4 0 46.64 58.85 0 54.01 62.26 0 39.6 76.67 0 36.3 69.19 0
