0 Etiqueta Hardtron Bandas
0 Name: p_harban.dat
0 Author: svlopez
0 BFC CERTIFY CW
4 14 1.6 1.7 0 10.5 1.7 0 10.5 1.8 0 1.6 1.8 0
4 14 20.2 1.7 0 29.1 1.7 0 29.1 1.8 0 20.2 1.8 0
4 14 38.8 1.7 0 47.7 1.7 0 47.7 1.8 0 38.8 1.8 0
4 14 57.4 1.7 0 66.3 1.7 0 66.3 1.8 0 57.4 1.8 0
4 14 76 1.7 0 84.9 1.7 0 84.9 1.8 0 76 1.8 0
4 14 1.6 1.8 0 10.6 1.8 0 10.6 1.9 0 1.6 1.9 0
4 14 20.2 1.8 0 29.2 1.8 0 29.2 1.9 0 20.2 1.9 0
4 14 38.8 1.8 0 47.8 1.8 0 47.8 1.9 0 38.8 1.9 0
4 14 57.4 1.8 0 66.4 1.8 0 66.4 1.9 0 57.4 1.9 0
4 14 76 1.8 0 85 1.8 0 85 1.9 0 76 1.9 0
4 14 1.7 1.9 0 10.6 1.9 0 10.6 2 0 1.7 2 0
4 14 20.3 1.9 0 29.2 1.9 0 29.2 2 0 20.3 2 0
4 14 38.9 1.9 0 47.8 1.9 0 47.8 2 0 38.9 2 0
4 14 57.5 1.9 0 66.4 1.9 0 66.4 2 0 57.5 2 0
4 14 76.1 1.9 0 85 1.9 0 85 2 0 76.1 2 0
4 14 1.7 2 0 10.7 2 0 10.7 2.1 0 1.7 2.1 0
4 14 20.3 2 0 29.3 2 0 29.3 2.1 0 20.3 2.1 0
4 14 38.9 2 0 47.9 2 0 47.9 2.1 0 38.9 2.1 0
4 14 57.5 2 0 66.5 2 0 66.5 2.1 0 57.5 2.1 0
4 14 76.1 2 0 85.1 2 0 85.1 2.1 0 76.1 2.1 0
4 14 1.8 2.1 0 10.7 2.1 0 10.7 2.2 0 1.8 2.2 0
4 14 20.4 2.1 0 29.3 2.1 0 29.3 2.2 0 20.4 2.2 0
4 14 39 2.1 0 47.9 2.1 0 47.9 2.2 0 39 2.2 0
4 14 57.6 2.1 0 66.5 2.1 0 66.5 2.2 0 57.6 2.2 0
4 14 76.2 2.1 0 85.1 2.1 0 85.1 2.2 0 76.2 2.2 0
4 14 1.8 2.2 0 10.8 2.2 0 10.8 2.3 0 1.8 2.3 0
4 14 20.4 2.2 0 29.4 2.2 0 29.4 2.3 0 20.4 2.3 0
4 14 39 2.2 0 48 2.2 0 48 2.3 0 39 2.3 0
4 14 57.6 2.2 0 66.6 2.2 0 66.6 2.3 0 57.6 2.3 0
4 14 76.2 2.2 0 85.2 2.2 0 85.2 2.3 0 76.2 2.3 0
4 14 1.9 2.3 0 10.8 2.3 0 10.8 2.4 0 1.9 2.4 0
4 14 20.5 2.3 0 29.4 2.3 0 29.4 2.4 0 20.5 2.4 0
4 14 39.1 2.3 0 48 2.3 0 48 2.4 0 39.1 2.4 0
4 14 57.7 2.3 0 66.6 2.3 0 66.6 2.4 0 57.7 2.4 0
4 14 76.3 2.3 0 85.2 2.3 0 85.2 2.4 0 76.3 2.4 0
4 14 1.9 2.4 0 10.9 2.4 0 10.9 2.5 0 1.9 2.5 0
4 14 20.5 2.4 0 29.5 2.4 0 29.5 2.5 0 20.5 2.5 0
4 14 39.1 2.4 0 48.1 2.4 0 48.1 2.5 0 39.1 2.5 0
4 14 57.7 2.4 0 66.7 2.4 0 66.7 2.5 0 57.7 2.5 0
4 14 76.3 2.4 0 85.3 2.4 0 85.3 2.5 0 76.3 2.5 0
4 14 2 2.5 0 10.9 2.5 0 10.9 2.6 0 2 2.6 0
4 14 20.6 2.5 0 29.5 2.5 0 29.5 2.6 0 20.6 2.6 0
4 14 39.2 2.5 0 48.1 2.5 0 48.1 2.6 0 39.2 2.6 0
4 14 57.8 2.5 0 66.7 2.5 0 66.7 2.6 0 57.8 2.6 0
4 14 76.4 2.5 0 85.3 2.5 0 85.3 2.6 0 76.4 2.6 0
4 14 2 2.6 0 11 2.6 0 11 2.7 0 2 2.7 0
4 14 20.6 2.6 0 29.6 2.6 0 29.6 2.7 0 20.6 2.7 0
4 14 39.2 2.6 0 48.2 2.6 0 48.2 2.7 0 39.2 2.7 0
4 14 57.8 2.6 0 66.8 2.6 0 66.8 2.7 0 57.8 2.7 0
4 14 76.4 2.6 0 85.4 2.6 0 85.4 2.7 0 76.4 2.7 0
4 14 2.1 2.7 0 11 2.7 0 11 2.8 0 2.1 2.8 0
4 14 20.7 2.7 0 29.6 2.7 0 29.6 2.8 0 20.7 2.8 0
4 14 39.3 2.7 0 48.2 2.7 0 48.2 2.8 0 39.3 2.8 0
4 14 57.9 2.7 0 66.8 2.7 0 66.8 2.8 0 57.9 2.8 0
4 14 76.5 2.7 0 85.4 2.7 0 85.4 2.8 0 76.5 2.8 0
4 14 2.1 2.8 0 11.1 2.8 0 11.1 2.9 0 2.1 2.9 0
4 14 20.7 2.8 0 29.7 2.8 0 29.7 2.9 0 20.7 2.9 0
4 14 39.3 2.8 0 48.3 2.8 0 48.3 2.9 0 39.3 2.9 0
4 14 57.9 2.8 0 66.9 2.8 0 66.9 2.9 0 57.9 2.9 0
4 14 76.5 2.8 0 85.5 2.8 0 85.5 2.9 0 76.5 2.9 0
4 14 2.2 2.9 0 11.1 2.9 0 11.1 3 0 2.2 3 0
4 14 20.8 2.9 0 29.7 2.9 0 29.7 3 0 20.8 3 0
4 14 39.4 2.9 0 48.3 2.9 0 48.3 3 0 39.4 3 0
4 14 58 2.9 0 66.9 2.9 0 66.9 3 0 58 3 0
4 14 76.6 2.9 0 85.5 2.9 0 85.5 3 0 76.6 3 0
4 14 2.2 3 0 11.2 3 0 11.2 3.1 0 2.2 3.1 0
4 14 20.8 3 0 29.8 3 0 29.8 3.1 0 20.8 3.1 0
4 14 39.4 3 0 48.4 3 0 48.4 3.1 0 39.4 3.1 0
4 14 58 3 0 67 3 0 67 3.1 0 58 3.1 0
4 14 76.6 3 0 85.6 3 0 85.6 3.1 0 76.6 3.1 0
4 14 2.3 3.1 0 11.2 3.1 0 11.2 3.2 0 2.3 3.2 0
4 14 20.9 3.1 0 29.8 3.1 0 29.8 3.2 0 20.9 3.2 0
4 14 39.5 3.1 0 48.4 3.1 0 48.4 3.2 0 39.5 3.2 0
4 14 58.1 3.1 0 67 3.1 0 67 3.2 0 58.1 3.2 0
4 14 76.7 3.1 0 85.6 3.1 0 85.6 3.2 0 76.7 3.2 0
4 14 2.3 3.2 0 11.3 3.2 0 11.3 3.3 0 2.3 3.3 0
4 14 20.9 3.2 0 29.9 3.2 0 29.9 3.3 0 20.9 3.3 0
4 14 39.5 3.2 0 48.5 3.2 0 48.5 3.3 0 39.5 3.3 0
4 14 58.1 3.2 0 67.1 3.2 0 67.1 3.3 0 58.1 3.3 0
4 14 76.7 3.2 0 85.7 3.2 0 85.7 3.3 0 76.7 3.3 0
4 14 2.4 3.3 0 11.3 3.3 0 11.3 3.4 0 2.4 3.4 0
4 14 21 3.3 0 29.9 3.3 0 29.9 3.4 0 21 3.4 0
4 14 39.6 3.3 0 48.5 3.3 0 48.5 3.4 0 39.6 3.4 0
4 14 58.2 3.3 0 67.1 3.3 0 67.1 3.4 0 58.2 3.4 0
4 14 76.8 3.3 0 85.7 3.3 0 85.7 3.4 0 76.8 3.4 0
4 14 2.4 3.4 0 11.4 3.4 0 11.4 3.5 0 2.4 3.5 0
4 14 21 3.4 0 30 3.4 0 30 3.5 0 21 3.5 0
4 14 39.6 3.4 0 48.6 3.4 0 48.6 3.5 0 39.6 3.5 0
4 14 58.2 3.4 0 67.2 3.4 0 67.2 3.5 0 58.2 3.5 0
4 14 76.8 3.4 0 85.8 3.4 0 85.8 3.5 0 76.8 3.5 0
4 14 2.5 3.5 0 11.4 3.5 0 11.4 3.6 0 2.5 3.6 0
4 14 21.1 3.5 0 30 3.5 0 30 3.6 0 21.1 3.6 0
4 14 39.7 3.5 0 48.6 3.5 0 48.6 3.6 0 39.7 3.6 0
4 14 58.3 3.5 0 67.2 3.5 0 67.2 3.6 0 58.3 3.6 0
4 14 76.9 3.5 0 85.8 3.5 0 85.8 3.6 0 76.9 3.6 0
4 14 2.5 3.6 0 11.5 3.6 0 11.5 3.7 0 2.5 3.7 0
4 14 21.1 3.6 0 30.1 3.6 0 30.1 3.7 0 21.1 3.7 0
4 14 39.7 3.6 0 48.7 3.6 0 48.7 3.7 0 39.7 3.7 0
4 14 58.3 3.6 0 67.3 3.6 0 67.3 3.7 0 58.3 3.7 0
4 14 76.9 3.6 0 85.9 3.6 0 85.9 3.7 0 76.9 3.7 0
4 14 2.6 3.7 0 11.5 3.7 0 11.5 3.8 0 2.6 3.8 0
4 14 21.2 3.7 0 30.1 3.7 0 30.1 3.8 0 21.2 3.8 0
4 14 39.8 3.7 0 48.7 3.7 0 48.7 3.8 0 39.8 3.8 0
4 14 58.4 3.7 0 67.3 3.7 0 67.3 3.8 0 58.4 3.8 0
4 14 77 3.7 0 85.9 3.7 0 85.9 3.8 0 77 3.8 0
4 14 2.6 3.8 0 11.6 3.8 0 11.6 3.9 0 2.6 3.9 0
4 14 21.2 3.8 0 30.2 3.8 0 30.2 3.9 0 21.2 3.9 0
4 14 39.8 3.8 0 48.8 3.8 0 48.8 3.9 0 39.8 3.9 0
4 14 58.4 3.8 0 67.4 3.8 0 67.4 3.9 0 58.4 3.9 0
4 14 77 3.8 0 86 3.8 0 86 3.9 0 77 3.9 0
4 14 2.7 3.9 0 11.7 3.9 0 11.7 4.1 0 2.7 4.1 0
4 14 21.3 3.9 0 30.3 3.9 0 30.3 4.1 0 21.3 4.1 0
4 14 39.9 3.9 0 48.9 3.9 0 48.9 4.1 0 39.9 4.1 0
4 14 58.5 3.9 0 67.5 3.9 0 67.5 4.1 0 58.5 4.1 0
4 14 77.1 3.9 0 86.1 3.9 0 86.1 4.1 0 77.1 4.1 0
4 14 2.8 4.1 0 11.8 4.1 0 11.8 4.3 0 2.8 4.3 0
4 14 21.4 4.1 0 30.4 4.1 0 30.4 4.3 0 21.4 4.3 0
4 14 40 4.1 0 49 4.1 0 49 4.3 0 40 4.3 0
4 14 58.6 4.1 0 67.6 4.1 0 67.6 4.3 0 58.6 4.3 0
4 14 77.2 4.1 0 86.2 4.1 0 86.2 4.3 0 77.2 4.3 0
4 14 2.9 4.3 0 11.9 4.3 0 11.9 4.5 0 2.9 4.5 0
4 14 21.5 4.3 0 30.5 4.3 0 30.5 4.5 0 21.5 4.5 0
4 14 40.1 4.3 0 49.1 4.3 0 49.1 4.5 0 40.1 4.5 0
4 14 58.7 4.3 0 67.7 4.3 0 67.7 4.5 0 58.7 4.5 0
4 14 77.3 4.3 0 86.3 4.3 0 86.3 4.5 0 77.3 4.5 0
4 14 3 4.5 0 12 4.5 0 12 4.7 0 3 4.7 0
4 14 21.6 4.5 0 30.6 4.5 0 30.6 4.7 0 21.6 4.7 0
4 14 40.2 4.5 0 49.2 4.5 0 49.2 4.7 0 40.2 4.7 0
4 14 58.8 4.5 0 67.8 4.5 0 67.8 4.7 0 58.8 4.7 0
4 14 77.4 4.5 0 86.4 4.5 0 86.4 4.7 0 77.4 4.7 0
4 14 3.1 4.7 0 12.1 4.7 0 12.1 4.9 0 3.1 4.9 0
4 14 21.7 4.7 0 30.7 4.7 0 30.7 4.9 0 21.7 4.9 0
4 14 40.3 4.7 0 49.3 4.7 0 49.3 4.9 0 40.3 4.9 0
4 14 58.9 4.7 0 67.9 4.7 0 67.9 4.9 0 58.9 4.9 0
4 14 77.5 4.7 0 86.5 4.7 0 86.5 4.9 0 77.5 4.9 0
4 14 3.2 4.9 0 12.2 4.9 0 12.2 5.1 0 3.2 5.1 0
4 14 21.8 4.9 0 30.8 4.9 0 30.8 5.1 0 21.8 5.1 0
4 14 40.4 4.9 0 49.4 4.9 0 49.4 5.1 0 40.4 5.1 0
4 14 59 4.9 0 68 4.9 0 68 5.1 0 59 5.1 0
4 14 77.6 4.9 0 86.6 4.9 0 86.6 5.1 0 77.6 5.1 0
4 14 3.3 5.1 0 12.3 5.1 0 12.3 5.3 0 3.3 5.3 0
4 14 21.9 5.1 0 30.9 5.1 0 30.9 5.3 0 21.9 5.3 0
4 14 40.5 5.1 0 49.5 5.1 0 49.5 5.3 0 40.5 5.3 0
4 14 59.1 5.1 0 68.1 5.1 0 68.1 5.3 0 59.1 5.3 0
4 14 77.7 5.1 0 86.7 5.1 0 86.7 5.3 0 77.7 5.3 0
4 14 3.4 5.3 0 12.4 5.3 0 12.4 5.5 0 3.4 5.5 0
4 14 22 5.3 0 31 5.3 0 31 5.5 0 22 5.5 0
4 14 40.6 5.3 0 49.6 5.3 0 49.6 5.5 0 40.6 5.5 0
4 14 59.2 5.3 0 68.2 5.3 0 68.2 5.5 0 59.2 5.5 0
4 14 77.8 5.3 0 86.8 5.3 0 86.8 5.5 0 77.8 5.5 0
4 14 3.5 5.5 0 12.5 5.5 0 12.5 5.7 0 3.5 5.7 0
4 14 22.1 5.5 0 31.1 5.5 0 31.1 5.7 0 22.1 5.7 0
4 14 40.7 5.5 0 49.7 5.5 0 49.7 5.7 0 40.7 5.7 0
4 14 59.3 5.5 0 68.3 5.5 0 68.3 5.7 0 59.3 5.7 0
4 14 77.9 5.5 0 86.9 5.5 0 86.9 5.7 0 77.9 5.7 0
4 14 3.6 5.7 0 12.6 5.7 0 12.6 5.9 0 3.6 5.9 0
4 14 22.2 5.7 0 31.2 5.7 0 31.2 5.9 0 22.2 5.9 0
4 14 40.8 5.7 0 49.8 5.7 0 49.8 5.9 0 40.8 5.9 0
4 14 59.4 5.7 0 68.4 5.7 0 68.4 5.9 0 59.4 5.9 0
4 14 78 5.7 0 87 5.7 0 87 5.9 0 78 5.9 0
4 14 3.7 5.9 0 12.7 5.9 0 12.7 6 0 3.7 6 0
4 14 22.3 5.9 0 31.3 5.9 0 31.3 6 0 22.3 6 0
4 14 40.9 5.9 0 49.9 5.9 0 49.9 6 0 40.9 6 0
4 14 59.5 5.9 0 68.5 5.9 0 68.5 6 0 59.5 6 0
4 14 78.1 5.9 0 87.1 5.9 0 87.1 6 0 78.1 6 0
4 14 3.7 6 0 12.8 6 0 12.8 6.1 0 3.7 6.1 0
4 14 22.3 6 0 31.4 6 0 31.4 6.1 0 22.3 6.1 0
4 14 40.9 6 0 50 6 0 50 6.1 0 40.9 6.1 0
4 14 59.5 6 0 68.6 6 0 68.6 6.1 0 59.5 6.1 0
4 14 78.1 6 0 87.2 6 0 87.2 6.1 0 78.1 6.1 0
4 14 3.8 6.1 0 12.8 6.1 0 12.8 6.2 0 3.8 6.2 0
4 14 22.4 6.1 0 31.4 6.1 0 31.4 6.2 0 22.4 6.2 0
4 14 41 6.1 0 50 6.1 0 50 6.2 0 41 6.2 0
4 14 59.6 6.1 0 68.6 6.1 0 68.6 6.2 0 59.6 6.2 0
4 14 78.2 6.1 0 87.2 6.1 0 87.2 6.2 0 78.2 6.2 0
4 14 3.8 6.2 0 12.9 6.2 0 12.9 6.3 0 3.8 6.3 0
4 14 22.4 6.2 0 31.5 6.2 0 31.5 6.3 0 22.4 6.3 0
4 14 41 6.2 0 50.1 6.2 0 50.1 6.3 0 41 6.3 0
4 14 59.6 6.2 0 68.7 6.2 0 68.7 6.3 0 59.6 6.3 0
4 14 78.2 6.2 0 87.3 6.2 0 87.3 6.3 0 78.2 6.3 0
4 14 3.9 6.3 0 12.9 6.3 0 12.9 6.4 0 3.9 6.4 0
4 14 22.5 6.3 0 31.5 6.3 0 31.5 6.4 0 22.5 6.4 0
4 14 41.1 6.3 0 50.1 6.3 0 50.1 6.4 0 41.1 6.4 0
4 14 59.7 6.3 0 68.7 6.3 0 68.7 6.4 0 59.7 6.4 0
4 14 78.3 6.3 0 87.3 6.3 0 87.3 6.4 0 78.3 6.4 0
4 14 3.9 6.4 0 13 6.4 0 13 6.5 0 3.9 6.5 0
4 14 22.5 6.4 0 31.6 6.4 0 31.6 6.5 0 22.5 6.5 0
4 14 41.1 6.4 0 50.2 6.4 0 50.2 6.5 0 41.1 6.5 0
4 14 59.7 6.4 0 68.8 6.4 0 68.8 6.5 0 59.7 6.5 0
4 14 78.3 6.4 0 87.4 6.4 0 87.4 6.5 0 78.3 6.5 0
4 14 4 6.5 0 13 6.5 0 13 6.6 0 4 6.6 0
4 14 22.6 6.5 0 31.6 6.5 0 31.6 6.6 0 22.6 6.6 0
4 14 41.2 6.5 0 50.2 6.5 0 50.2 6.6 0 41.2 6.6 0
4 14 59.8 6.5 0 68.8 6.5 0 68.8 6.6 0 59.8 6.6 0
4 14 78.4 6.5 0 87.4 6.5 0 87.4 6.6 0 78.4 6.6 0
4 14 4 6.6 0 13.1 6.6 0 13.1 6.7 0 4 6.7 0
4 14 22.6 6.6 0 31.7 6.6 0 31.7 6.7 0 22.6 6.7 0
4 14 41.2 6.6 0 50.3 6.6 0 50.3 6.7 0 41.2 6.7 0
4 14 59.8 6.6 0 68.9 6.6 0 68.9 6.7 0 59.8 6.7 0
4 14 78.4 6.6 0 87.5 6.6 0 87.5 6.7 0 78.4 6.7 0
4 14 4.1 6.7 0 13.1 6.7 0 13.1 6.8 0 4.1 6.8 0
4 14 22.7 6.7 0 31.7 6.7 0 31.7 6.8 0 22.7 6.8 0
4 14 41.3 6.7 0 50.3 6.7 0 50.3 6.8 0 41.3 6.8 0
4 14 59.9 6.7 0 68.9 6.7 0 68.9 6.8 0 59.9 6.8 0
4 14 78.5 6.7 0 87.5 6.7 0 87.5 6.8 0 78.5 6.8 0
4 14 4.1 6.8 0 13.2 6.8 0 13.2 6.9 0 4.1 6.9 0
4 14 22.7 6.8 0 31.8 6.8 0 31.8 6.9 0 22.7 6.9 0
4 14 41.3 6.8 0 50.4 6.8 0 50.4 6.9 0 41.3 6.9 0
4 14 59.9 6.8 0 69 6.8 0 69 6.9 0 59.9 6.9 0
4 14 78.5 6.8 0 87.6 6.8 0 87.6 6.9 0 78.5 6.9 0
4 14 4.2 6.9 0 13.2 6.9 0 13.2 7 0 4.2 7 0
4 14 22.8 6.9 0 31.8 6.9 0 31.8 7 0 22.8 7 0
4 14 41.4 6.9 0 50.4 6.9 0 50.4 7 0 41.4 7 0
4 14 60 6.9 0 69 6.9 0 69 7 0 60 7 0
4 14 78.6 6.9 0 87.6 6.9 0 87.6 7 0 78.6 7 0
4 14 4.3 7 0 13.3 7 0 13.3 7.2 0 4.3 7.2 0
4 14 22.9 7 0 31.9 7 0 31.9 7.2 0 22.9 7.2 0
4 14 41.5 7 0 50.5 7 0 50.5 7.2 0 41.5 7.2 0
4 14 60.1 7 0 69.1 7 0 69.1 7.2 0 60.1 7.2 0
4 14 78.7 7 0 87.7 7 0 87.7 7.2 0 78.7 7.2 0
4 14 4.4 7.2 0 13.4 7.2 0 13.4 7.4 0 4.4 7.4 0
4 14 23 7.2 0 32 7.2 0 32 7.4 0 23 7.4 0
4 14 41.6 7.2 0 50.6 7.2 0 50.6 7.4 0 41.6 7.4 0
4 14 60.2 7.2 0 69.2 7.2 0 69.2 7.4 0 60.2 7.4 0
4 14 78.8 7.2 0 87.8 7.2 0 87.8 7.4 0 78.8 7.4 0
4 14 4.5 7.4 0 13.5 7.4 0 13.5 7.6 0 4.5 7.6 0
4 14 23.1 7.4 0 32.1 7.4 0 32.1 7.6 0 23.1 7.6 0
4 14 41.7 7.4 0 50.7 7.4 0 50.7 7.6 0 41.7 7.6 0
4 14 60.3 7.4 0 69.3 7.4 0 69.3 7.6 0 60.3 7.6 0
4 14 78.9 7.4 0 87.9 7.4 0 87.9 7.6 0 78.9 7.6 0
4 14 4.6 7.6 0 13.6 7.6 0 13.6 7.8 0 4.6 7.8 0
4 14 23.2 7.6 0 32.2 7.6 0 32.2 7.8 0 23.2 7.8 0
4 14 41.8 7.6 0 50.8 7.6 0 50.8 7.8 0 41.8 7.8 0
4 14 60.4 7.6 0 69.4 7.6 0 69.4 7.8 0 60.4 7.8 0
4 14 79 7.6 0 88 7.6 0 88 7.8 0 79 7.8 0
4 14 4.7 7.8 0 13.7 7.8 0 13.7 8 0 4.7 8 0
4 14 23.3 7.8 0 32.3 7.8 0 32.3 8 0 23.3 8 0
4 14 41.9 7.8 0 50.9 7.8 0 50.9 8 0 41.9 8 0
4 14 60.5 7.8 0 69.5 7.8 0 69.5 8 0 60.5 8 0
4 14 79.1 7.8 0 88.1 7.8 0 88.1 8 0 79.1 8 0
4 14 4.8 8 0 13.8 8 0 13.8 8.2 0 4.8 8.2 0
4 14 23.4 8 0 32.4 8 0 32.4 8.2 0 23.4 8.2 0
4 14 42 8 0 51 8 0 51 8.2 0 42 8.2 0
4 14 60.6 8 0 69.6 8 0 69.6 8.2 0 60.6 8.2 0
4 14 79.2 8 0 88.2 8 0 88.2 8.2 0 79.2 8.2 0
4 14 4.9 8.2 0 13.9 8.2 0 13.9 8.3 0 4.9 8.3 0
4 14 23.5 8.2 0 32.5 8.2 0 32.5 8.3 0 23.5 8.3 0
4 14 42.1 8.2 0 51.1 8.2 0 51.1 8.3 0 42.1 8.3 0
4 14 60.7 8.2 0 69.7 8.2 0 69.7 8.3 0 60.7 8.3 0
4 14 79.3 8.2 0 88.3 8.2 0 88.3 8.3 0 79.3 8.3 0
4 14 4.9 8.3 0 14 8.3 0 14 8.4 0 4.9 8.4 0
4 14 23.5 8.3 0 32.6 8.3 0 32.6 8.4 0 23.5 8.4 0
4 14 42.1 8.3 0 51.2 8.3 0 51.2 8.4 0 42.1 8.4 0
4 14 60.7 8.3 0 69.8 8.3 0 69.8 8.4 0 60.7 8.4 0
4 14 79.3 8.3 0 88.4 8.3 0 88.4 8.4 0 79.3 8.4 0
4 14 5 8.4 0 14 8.4 0 14 8.5 0 5 8.5 0
4 14 23.6 8.4 0 32.6 8.4 0 32.6 8.5 0 23.6 8.5 0
4 14 42.2 8.4 0 51.2 8.4 0 51.2 8.5 0 42.2 8.5 0
4 14 60.8 8.4 0 69.8 8.4 0 69.8 8.5 0 60.8 8.5 0
4 14 79.4 8.4 0 88.4 8.4 0 88.4 8.5 0 79.4 8.5 0
4 14 5 8.5 0 14.1 8.5 0 14.1 8.6 0 5 8.6 0
4 14 23.6 8.5 0 32.7 8.5 0 32.7 8.6 0 23.6 8.6 0
4 14 42.2 8.5 0 51.3 8.5 0 51.3 8.6 0 42.2 8.6 0
4 14 60.8 8.5 0 69.9 8.5 0 69.9 8.6 0 60.8 8.6 0
4 14 79.4 8.5 0 88.5 8.5 0 88.5 8.6 0 79.4 8.6 0
4 14 5.1 8.6 0 14.1 8.6 0 14.1 8.7 0 5.1 8.7 0
4 14 23.7 8.6 0 32.7 8.6 0 32.7 8.7 0 23.7 8.7 0
4 14 42.3 8.6 0 51.3 8.6 0 51.3 8.7 0 42.3 8.7 0
4 14 60.9 8.6 0 69.9 8.6 0 69.9 8.7 0 60.9 8.7 0
4 14 79.5 8.6 0 88.5 8.6 0 88.5 8.7 0 79.5 8.7 0
4 14 5.1 8.7 0 14.2 8.7 0 14.2 8.8 0 5.1 8.8 0
4 14 23.7 8.7 0 32.8 8.7 0 32.8 8.8 0 23.7 8.8 0
4 14 42.3 8.7 0 51.4 8.7 0 51.4 8.8 0 42.3 8.8 0
4 14 60.9 8.7 0 70 8.7 0 70 8.8 0 60.9 8.8 0
4 14 79.5 8.7 0 88.6 8.7 0 88.6 8.8 0 79.5 8.8 0
4 14 5.2 8.8 0 14.2 8.8 0 14.2 8.9 0 5.2 8.9 0
4 14 23.8 8.8 0 32.8 8.8 0 32.8 8.9 0 23.8 8.9 0
4 14 42.4 8.8 0 51.4 8.8 0 51.4 8.9 0 42.4 8.9 0
4 14 61 8.8 0 70 8.8 0 70 8.9 0 61 8.9 0
4 14 79.6 8.8 0 88.6 8.8 0 88.6 8.9 0 79.6 8.9 0
4 14 5.2 8.9 0 14.3 8.9 0 14.3 9 0 5.2 9 0
4 14 23.8 8.9 0 32.9 8.9 0 32.9 9 0 23.8 9 0
4 14 42.4 8.9 0 51.5 8.9 0 51.5 9 0 42.4 9 0
4 14 61 8.9 0 70.1 8.9 0 70.1 9 0 61 9 0
4 14 79.6 8.9 0 88.7 8.9 0 88.7 9 0 79.6 9 0
4 14 5.3 9 0 14.3 9 0 14.3 9.1 0 5.3 9.1 0
4 14 23.9 9 0 32.9 9 0 32.9 9.1 0 23.9 9.1 0
4 14 42.5 9 0 51.5 9 0 51.5 9.1 0 42.5 9.1 0
4 14 61.1 9 0 70.1 9 0 70.1 9.1 0 61.1 9.1 0
4 14 79.7 9 0 88.7 9 0 88.7 9.1 0 79.7 9.1 0
4 14 5.3 9.1 0 14.4 9.1 0 14.4 9.2 0 5.3 9.2 0
4 14 23.9 9.1 0 33 9.1 0 33 9.2 0 23.9 9.2 0
4 14 42.5 9.1 0 51.6 9.1 0 51.6 9.2 0 42.5 9.2 0
4 14 61.1 9.1 0 70.2 9.1 0 70.2 9.2 0 61.1 9.2 0
4 14 79.7 9.1 0 88.8 9.1 0 88.8 9.2 0 79.7 9.2 0
4 14 5.4 9.2 0 14.4 9.2 0 14.4 9.3 0 5.4 9.3 0
4 14 24 9.2 0 33 9.2 0 33 9.3 0 24 9.3 0
4 14 42.6 9.2 0 51.6 9.2 0 51.6 9.3 0 42.6 9.3 0
4 14 61.2 9.2 0 70.2 9.2 0 70.2 9.3 0 61.2 9.3 0
4 14 79.8 9.2 0 88.8 9.2 0 88.8 9.3 0 79.8 9.3 0
4 14 5.4 9.3 0 14.5 9.3 0 14.5 9.4 0 5.4 9.4 0
4 14 24 9.3 0 33.1 9.3 0 33.1 9.4 0 24 9.4 0
4 14 42.6 9.3 0 51.7 9.3 0 51.7 9.4 0 42.6 9.4 0
4 14 61.2 9.3 0 70.3 9.3 0 70.3 9.4 0 61.2 9.4 0
4 14 79.8 9.3 0 88.9 9.3 0 88.9 9.4 0 79.8 9.4 0
4 14 5.5 9.4 0 14.5 9.4 0 14.5 9.5 0 5.5 9.5 0
4 14 24.1 9.4 0 33.1 9.4 0 33.1 9.5 0 24.1 9.5 0
4 14 42.7 9.4 0 51.7 9.4 0 51.7 9.5 0 42.7 9.5 0
4 14 61.3 9.4 0 70.3 9.4 0 70.3 9.5 0 61.3 9.5 0
4 14 79.9 9.4 0 88.9 9.4 0 88.9 9.5 0 79.9 9.5 0
4 14 5.5 9.5 0 14.6 9.5 0 14.6 9.6 0 5.5 9.6 0
4 14 24.1 9.5 0 33.2 9.5 0 33.2 9.6 0 24.1 9.6 0
4 14 42.7 9.5 0 51.8 9.5 0 51.8 9.6 0 42.7 9.6 0
4 14 61.3 9.5 0 70.4 9.5 0 70.4 9.6 0 61.3 9.6 0
4 14 79.9 9.5 0 89 9.5 0 89 9.6 0 79.9 9.6 0
4 14 5.6 9.6 0 14.6 9.6 0 14.6 9.7 0 5.6 9.7 0
4 14 24.2 9.6 0 33.2 9.6 0 33.2 9.7 0 24.2 9.7 0
4 14 42.8 9.6 0 51.8 9.6 0 51.8 9.7 0 42.8 9.7 0
4 14 61.4 9.6 0 70.4 9.6 0 70.4 9.7 0 61.4 9.7 0
4 14 80 9.6 0 89 9.6 0 89 9.7 0 80 9.7 0
4 14 5.6 9.7 0 14.7 9.7 0 14.7 9.8 0 5.6 9.8 0
4 14 24.2 9.7 0 33.3 9.7 0 33.3 9.8 0 24.2 9.8 0
4 14 42.8 9.7 0 51.9 9.7 0 51.9 9.8 0 42.8 9.8 0
4 14 61.4 9.7 0 70.5 9.7 0 70.5 9.8 0 61.4 9.8 0
4 14 80 9.7 0 89.1 9.7 0 89.1 9.8 0 80 9.8 0
4 14 5.7 9.8 0 14.7 9.8 0 14.7 9.9 0 5.7 9.9 0
4 14 24.3 9.8 0 33.3 9.8 0 33.3 9.9 0 24.3 9.9 0
4 14 42.9 9.8 0 51.9 9.8 0 51.9 9.9 0 42.9 9.9 0
4 14 61.5 9.8 0 70.5 9.8 0 70.5 9.9 0 61.5 9.9 0
4 14 80.1 9.8 0 89.1 9.8 0 89.1 9.9 0 80.1 9.9 0
4 14 5.7 9.9 0 14.8 9.9 0 14.8 10 0 5.7 10 0
4 14 24.3 9.9 0 33.4 9.9 0 33.4 10 0 24.3 10 0
4 14 42.9 9.9 0 52 9.9 0 52 10 0 42.9 10 0
4 14 61.5 9.9 0 70.6 9.9 0 70.6 10 0 61.5 10 0
4 14 80.1 9.9 0 89.2 9.9 0 89.2 10 0 80.1 10 0
4 14 5.8 10 0 14.8 10 0 14.8 10.1 0 5.8 10.1 0
4 14 24.4 10 0 33.4 10 0 33.4 10.1 0 24.4 10.1 0
4 14 43 10 0 52 10 0 52 10.1 0 43 10.1 0
4 14 61.6 10 0 70.6 10 0 70.6 10.1 0 61.6 10.1 0
4 14 80.2 10 0 89.2 10 0 89.2 10.1 0 80.2 10.1 0
4 14 5.8 10.1 0 14.9 10.1 0 14.9 10.2 0 5.8 10.2 0
4 14 24.4 10.1 0 33.5 10.1 0 33.5 10.2 0 24.4 10.2 0
4 14 43 10.1 0 52.1 10.1 0 52.1 10.2 0 43 10.2 0
4 14 61.6 10.1 0 70.7 10.1 0 70.7 10.2 0 61.6 10.2 0
4 14 80.2 10.1 0 89.3 10.1 0 89.3 10.2 0 80.2 10.2 0
4 14 5.9 10.2 0 14.9 10.2 0 14.9 10.3 0 5.9 10.3 0
4 14 24.5 10.2 0 33.5 10.2 0 33.5 10.3 0 24.5 10.3 0
4 14 43.1 10.2 0 52.1 10.2 0 52.1 10.3 0 43.1 10.3 0
4 14 61.7 10.2 0 70.7 10.2 0 70.7 10.3 0 61.7 10.3 0
4 14 80.3 10.2 0 89.3 10.2 0 89.3 10.3 0 80.3 10.3 0
4 14 5.9 10.3 0 15 10.3 0 15 10.4 0 5.9 10.4 0
4 14 24.5 10.3 0 33.6 10.3 0 33.6 10.4 0 24.5 10.4 0
4 14 43.1 10.3 0 52.2 10.3 0 52.2 10.4 0 43.1 10.4 0
4 14 61.7 10.3 0 70.8 10.3 0 70.8 10.4 0 61.7 10.4 0
4 14 80.3 10.3 0 89.4 10.3 0 89.4 10.4 0 80.3 10.4 0
4 14 6 10.4 0 15 10.4 0 15 10.5 0 6 10.5 0
4 14 24.6 10.4 0 33.6 10.4 0 33.6 10.5 0 24.6 10.5 0
4 14 43.2 10.4 0 52.2 10.4 0 52.2 10.5 0 43.2 10.5 0
4 14 61.8 10.4 0 70.8 10.4 0 70.8 10.5 0 61.8 10.5 0
4 14 80.4 10.4 0 89.4 10.4 0 89.4 10.5 0 80.4 10.5 0
4 14 6 10.5 0 15.1 10.5 0 15.1 10.6 0 6 10.6 0
4 14 24.6 10.5 0 33.7 10.5 0 33.7 10.6 0 24.6 10.6 0
4 14 43.2 10.5 0 52.3 10.5 0 52.3 10.6 0 43.2 10.6 0
4 14 61.8 10.5 0 70.9 10.5 0 70.9 10.6 0 61.8 10.6 0
4 14 80.4 10.5 0 89.5 10.5 0 89.5 10.6 0 80.4 10.6 0
4 14 6.1 10.6 0 15.2 10.6 0 15.2 10.8 0 6.1 10.8 0
4 14 24.7 10.6 0 33.8 10.6 0 33.8 10.8 0 24.7 10.8 0
4 14 43.3 10.6 0 52.4 10.6 0 52.4 10.8 0 43.3 10.8 0
4 14 61.9 10.6 0 71 10.6 0 71 10.8 0 61.9 10.8 0
4 14 80.5 10.6 0 89.6 10.6 0 89.6 10.8 0 80.5 10.8 0
4 14 6.2 10.8 0 15.3 10.8 0 15.3 11 0 6.2 11 0
4 14 24.8 10.8 0 33.9 10.8 0 33.9 11 0 24.8 11 0
4 14 43.4 10.8 0 52.5 10.8 0 52.5 11 0 43.4 11 0
4 14 62 10.8 0 71.1 10.8 0 71.1 11 0 62 11 0
4 14 80.6 10.8 0 89.7 10.8 0 89.7 11 0 80.6 11 0
4 14 6.3 11 0 15.4 11 0 15.4 11.2 0 6.3 11.2 0
4 14 24.9 11 0 34 11 0 34 11.2 0 24.9 11.2 0
4 14 43.5 11 0 52.6 11 0 52.6 11.2 0 43.5 11.2 0
4 14 62.1 11 0 71.2 11 0 71.2 11.2 0 62.1 11.2 0
4 14 80.7 11 0 89.8 11 0 89.8 11.2 0 80.7 11.2 0
4 14 6.4 11.2 0 15.5 11.2 0 15.5 11.4 0 6.4 11.4 0
4 14 25 11.2 0 34.1 11.2 0 34.1 11.4 0 25 11.4 0
4 14 43.6 11.2 0 52.7 11.2 0 52.7 11.4 0 43.6 11.4 0
4 14 62.2 11.2 0 71.3 11.2 0 71.3 11.4 0 62.2 11.4 0
4 14 80.8 11.2 0 89.9 11.2 0 89.9 11.4 0 80.8 11.4 0
4 14 6.5 11.4 0 15.6 11.4 0 15.6 11.6 0 6.5 11.6 0
4 14 25.1 11.4 0 34.2 11.4 0 34.2 11.6 0 25.1 11.6 0
4 14 43.7 11.4 0 52.8 11.4 0 52.8 11.6 0 43.7 11.6 0
4 14 62.3 11.4 0 71.4 11.4 0 71.4 11.6 0 62.3 11.6 0
4 14 80.9 11.4 0 90 11.4 0 90 11.6 0 80.9 11.6 0
4 14 6.6 11.6 0 15.7 11.6 0 15.7 11.8 0 6.6 11.8 0
4 14 25.2 11.6 0 34.3 11.6 0 34.3 11.8 0 25.2 11.8 0
4 14 43.8 11.6 0 52.9 11.6 0 52.9 11.8 0 43.8 11.8 0
4 14 62.4 11.6 0 71.5 11.6 0 71.5 11.8 0 62.4 11.8 0
4 14 81 11.6 0 90.1 11.6 0 90.1 11.8 0 81 11.8 0
4 14 6.7 11.8 0 15.8 11.8 0 15.8 12 0 6.7 12 0
4 14 25.3 11.8 0 34.4 11.8 0 34.4 12 0 25.3 12 0
4 14 43.9 11.8 0 53 11.8 0 53 12 0 43.9 12 0
4 14 62.5 11.8 0 71.6 11.8 0 71.6 12 0 62.5 12 0
4 14 81.1 11.8 0 90.2 11.8 0 90.2 12 0 81.1 12 0
4 14 6.8 12 0 15.9 12 0 15.9 12.2 0 6.8 12.2 0
4 14 25.4 12 0 34.5 12 0 34.5 12.2 0 25.4 12.2 0
4 14 44 12 0 53.1 12 0 53.1 12.2 0 44 12.2 0
4 14 62.6 12 0 71.7 12 0 71.7 12.2 0 62.6 12.2 0
4 14 81.2 12 0 90.3 12 0 90.3 12.2 0 81.2 12.2 0
4 14 6.9 12.2 0 16 12.2 0 16 12.4 0 6.9 12.4 0
4 14 25.5 12.2 0 34.6 12.2 0 34.6 12.4 0 25.5 12.4 0
4 14 44.1 12.2 0 53.2 12.2 0 53.2 12.4 0 44.1 12.4 0
4 14 62.7 12.2 0 71.8 12.2 0 71.8 12.4 0 62.7 12.4 0
4 14 81.3 12.2 0 90.4 12.2 0 90.4 12.4 0 81.3 12.4 0
4 14 7 12.4 0 16.1 12.4 0 16.1 12.5 0 7 12.5 0
4 14 25.6 12.4 0 34.7 12.4 0 34.7 12.5 0 25.6 12.5 0
4 14 44.2 12.4 0 53.3 12.4 0 53.3 12.5 0 44.2 12.5 0
4 14 62.8 12.4 0 71.9 12.4 0 71.9 12.5 0 62.8 12.5 0
4 14 81.4 12.4 0 90.5 12.4 0 90.5 12.5 0 81.4 12.5 0
4 14 7.1 12.5 0 16.1 12.5 0 16.1 12.6 0 7.1 12.6 0
4 14 25.7 12.5 0 34.7 12.5 0 34.7 12.6 0 25.7 12.6 0
4 14 44.3 12.5 0 53.3 12.5 0 53.3 12.6 0 44.3 12.6 0
4 14 62.9 12.5 0 71.9 12.5 0 71.9 12.6 0 62.9 12.6 0
4 14 81.5 12.5 0 90.5 12.5 0 90.5 12.6 0 81.5 12.6 0
4 14 7.1 12.6 0 16.2 12.6 0 16.2 12.7 0 7.1 12.7 0
4 14 25.7 12.6 0 34.8 12.6 0 34.8 12.7 0 25.7 12.7 0
4 14 44.3 12.6 0 53.4 12.6 0 53.4 12.7 0 44.3 12.7 0
4 14 62.9 12.6 0 72 12.6 0 72 12.7 0 62.9 12.7 0
4 14 81.5 12.6 0 90.6 12.6 0 90.6 12.7 0 81.5 12.7 0
4 14 7.2 12.7 0 16.2 12.7 0 16.2 12.8 0 7.2 12.8 0
4 14 25.8 12.7 0 34.8 12.7 0 34.8 12.8 0 25.8 12.8 0
4 14 44.4 12.7 0 53.4 12.7 0 53.4 12.8 0 44.4 12.8 0
4 14 63 12.7 0 72 12.7 0 72 12.8 0 63 12.8 0
4 14 81.6 12.7 0 90.6 12.7 0 90.6 12.8 0 81.6 12.8 0
4 14 7.2 12.8 0 16.3 12.8 0 16.3 12.9 0 7.2 12.9 0
4 14 25.8 12.8 0 34.9 12.8 0 34.9 12.9 0 25.8 12.9 0
4 14 44.4 12.8 0 53.5 12.8 0 53.5 12.9 0 44.4 12.9 0
4 14 63 12.8 0 72.1 12.8 0 72.1 12.9 0 63 12.9 0
4 14 81.6 12.8 0 90.7 12.8 0 90.7 12.9 0 81.6 12.9 0
4 14 7.3 12.9 0 16.4 12.9 0 16.4 13.1 0 7.3 13.1 0
4 14 25.9 12.9 0 35 12.9 0 35 13.1 0 25.9 13.1 0
4 14 44.5 12.9 0 53.6 12.9 0 53.6 13.1 0 44.5 13.1 0
4 14 63.1 12.9 0 72.2 12.9 0 72.2 13.1 0 63.1 13.1 0
4 14 81.7 12.9 0 90.8 12.9 0 90.8 13.1 0 81.7 13.1 0
4 14 7.4 13.1 0 16.5 13.1 0 16.5 13.3 0 7.4 13.3 0
4 14 26 13.1 0 35.1 13.1 0 35.1 13.3 0 26 13.3 0
4 14 44.6 13.1 0 53.7 13.1 0 53.7 13.3 0 44.6 13.3 0
4 14 63.2 13.1 0 72.3 13.1 0 72.3 13.3 0 63.2 13.3 0
4 14 81.8 13.1 0 90.9 13.1 0 90.9 13.3 0 81.8 13.3 0
4 14 7.5 13.3 0 16.6 13.3 0 16.6 13.5 0 7.5 13.5 0
4 14 26.1 13.3 0 35.2 13.3 0 35.2 13.5 0 26.1 13.5 0
4 14 44.7 13.3 0 53.8 13.3 0 53.8 13.5 0 44.7 13.5 0
4 14 63.3 13.3 0 72.4 13.3 0 72.4 13.5 0 63.3 13.5 0
4 14 81.9 13.3 0 91 13.3 0 91 13.5 0 81.9 13.5 0
4 14 7.6 13.5 0 16.7 13.5 0 16.7 13.7 0 7.6 13.7 0
4 14 26.2 13.5 0 35.3 13.5 0 35.3 13.7 0 26.2 13.7 0
4 14 44.8 13.5 0 53.9 13.5 0 53.9 13.7 0 44.8 13.7 0
4 14 63.4 13.5 0 72.5 13.5 0 72.5 13.7 0 63.4 13.7 0
4 14 82 13.5 0 91.1 13.5 0 91.1 13.7 0 82 13.7 0
4 14 7.7 13.7 0 16.8 13.7 0 16.8 13.9 0 7.7 13.9 0
4 14 26.3 13.7 0 35.4 13.7 0 35.4 13.9 0 26.3 13.9 0
4 14 44.9 13.7 0 54 13.7 0 54 13.9 0 44.9 13.9 0
4 14 63.5 13.7 0 72.6 13.7 0 72.6 13.9 0 63.5 13.9 0
4 14 82.1 13.7 0 91.2 13.7 0 91.2 13.9 0 82.1 13.9 0
4 14 7.8 13.9 0 16.9 13.9 0 16.9 14.1 0 7.8 14.1 0
4 14 26.4 13.9 0 35.5 13.9 0 35.5 14.1 0 26.4 14.1 0
4 14 45 13.9 0 54.1 13.9 0 54.1 14.1 0 45 14.1 0
4 14 63.6 13.9 0 72.7 13.9 0 72.7 14.1 0 63.6 14.1 0
4 14 82.2 13.9 0 91.3 13.9 0 91.3 14.1 0 82.2 14.1 0
4 14 7.9 14.1 0 17 14.1 0 17 14.3 0 7.9 14.3 0
4 14 26.5 14.1 0 35.6 14.1 0 35.6 14.3 0 26.5 14.3 0
4 14 45.1 14.1 0 54.2 14.1 0 54.2 14.3 0 45.1 14.3 0
4 14 63.7 14.1 0 72.8 14.1 0 72.8 14.3 0 63.7 14.3 0
4 14 82.3 14.1 0 91.4 14.1 0 91.4 14.3 0 82.3 14.3 0
4 14 8 14.3 0 17.1 14.3 0 17.1 14.5 0 8 14.5 0
4 14 26.6 14.3 0 35.7 14.3 0 35.7 14.5 0 26.6 14.5 0
4 14 45.2 14.3 0 54.3 14.3 0 54.3 14.5 0 45.2 14.5 0
4 14 63.8 14.3 0 72.9 14.3 0 72.9 14.5 0 63.8 14.5 0
4 14 82.4 14.3 0 91.5 14.3 0 91.5 14.5 0 82.4 14.5 0
4 14 8.1 14.5 0 17.2 14.5 0 17.2 14.7 0 8.1 14.7 0
4 14 26.7 14.5 0 35.8 14.5 0 35.8 14.7 0 26.7 14.7 0
4 14 45.3 14.5 0 54.4 14.5 0 54.4 14.7 0 45.3 14.7 0
4 14 63.9 14.5 0 73 14.5 0 73 14.7 0 63.9 14.7 0
4 14 82.5 14.5 0 91.6 14.5 0 91.6 14.7 0 82.5 14.7 0
4 14 8.2 14.7 0 17.3 14.7 0 17.3 14.9 0 8.2 14.9 0
4 14 26.8 14.7 0 35.9 14.7 0 35.9 14.9 0 26.8 14.9 0
4 14 45.4 14.7 0 54.5 14.7 0 54.5 14.9 0 45.4 14.9 0
4 14 64 14.7 0 73.1 14.7 0 73.1 14.9 0 64 14.9 0
4 14 82.6 14.7 0 91.7 14.7 0 91.7 14.9 0 82.6 14.9 0
4 14 8.3 14.9 0 17.4 14.9 0 17.4 15 0 8.3 15 0
4 14 26.9 14.9 0 36 14.9 0 36 15 0 26.9 15 0
4 14 45.5 14.9 0 54.6 14.9 0 54.6 15 0 45.5 15 0
4 14 64.1 14.9 0 73.2 14.9 0 73.2 15 0 64.1 15 0
4 14 82.7 14.9 0 91.8 14.9 0 91.8 15 0 82.7 15 0
4 14 8.3 15 0 17.5 15 0 17.5 15.1 0 8.3 15.1 0
4 14 26.9 15 0 36.1 15 0 36.1 15.1 0 26.9 15.1 0
4 14 45.5 15 0 54.7 15 0 54.7 15.1 0 45.5 15.1 0
4 14 64.1 15 0 73.3 15 0 73.3 15.1 0 64.1 15.1 0
4 14 82.7 15 0 91.9 15 0 91.9 15.1 0 82.7 15.1 0
4 14 8.4 15.1 0 17.5 15.1 0 17.5 15.2 0 8.4 15.2 0
4 14 27 15.1 0 36.1 15.1 0 36.1 15.2 0 27 15.2 0
4 14 45.6 15.1 0 54.7 15.1 0 54.7 15.2 0 45.6 15.2 0
4 14 64.2 15.1 0 73.3 15.1 0 73.3 15.2 0 64.2 15.2 0
4 14 82.8 15.1 0 91.9 15.1 0 91.9 15.2 0 82.8 15.2 0
4 14 8.4 15.2 0 17.6 15.2 0 17.6 15.3 0 8.4 15.3 0
4 14 27 15.2 0 36.2 15.2 0 36.2 15.3 0 27 15.3 0
4 14 45.6 15.2 0 54.8 15.2 0 54.8 15.3 0 45.6 15.3 0
4 14 64.2 15.2 0 73.4 15.2 0 73.4 15.3 0 64.2 15.3 0
4 14 82.8 15.2 0 92 15.2 0 92 15.3 0 82.8 15.3 0
4 14 8.5 15.3 0 17.6 15.3 0 17.6 15.4 0 8.5 15.4 0
4 14 27.1 15.3 0 36.2 15.3 0 36.2 15.4 0 27.1 15.4 0
4 14 45.7 15.3 0 54.8 15.3 0 54.8 15.4 0 45.7 15.4 0
4 14 64.3 15.3 0 73.4 15.3 0 73.4 15.4 0 64.3 15.4 0
4 14 82.9 15.3 0 92 15.3 0 92 15.4 0 82.9 15.4 0
4 14 8.5 15.4 0 17.7 15.4 0 17.7 15.5 0 8.5 15.5 0
4 14 27.1 15.4 0 36.3 15.4 0 36.3 15.5 0 27.1 15.5 0
4 14 45.7 15.4 0 54.9 15.4 0 54.9 15.5 0 45.7 15.5 0
4 14 64.3 15.4 0 73.5 15.4 0 73.5 15.5 0 64.3 15.5 0
4 14 82.9 15.4 0 92.1 15.4 0 92.1 15.5 0 82.9 15.5 0
4 14 8.6 15.5 0 17.7 15.5 0 17.7 15.6 0 8.6 15.6 0
4 14 27.2 15.5 0 36.3 15.5 0 36.3 15.6 0 27.2 15.6 0
4 14 45.8 15.5 0 54.9 15.5 0 54.9 15.6 0 45.8 15.6 0
4 14 64.4 15.5 0 73.5 15.5 0 73.5 15.6 0 64.4 15.6 0
4 14 83 15.5 0 92.1 15.5 0 92.1 15.6 0 83 15.6 0
4 14 8.6 15.6 0 17.8 15.6 0 17.8 15.7 0 8.6 15.7 0
4 14 27.2 15.6 0 36.4 15.6 0 36.4 15.7 0 27.2 15.7 0
4 14 45.8 15.6 0 55 15.6 0 55 15.7 0 45.8 15.7 0
4 14 64.4 15.6 0 73.6 15.6 0 73.6 15.7 0 64.4 15.7 0
4 14 83 15.6 0 92.2 15.6 0 92.2 15.7 0 83 15.7 0
4 14 8.7 15.7 0 17.8 15.7 0 17.8 15.8 0 8.7 15.8 0
4 14 27.3 15.7 0 36.4 15.7 0 36.4 15.8 0 27.3 15.8 0
4 14 45.9 15.7 0 55 15.7 0 55 15.8 0 45.9 15.8 0
4 14 64.5 15.7 0 73.6 15.7 0 73.6 15.8 0 64.5 15.8 0
4 14 83.1 15.7 0 92.2 15.7 0 92.2 15.8 0 83.1 15.8 0
4 14 8.7 15.8 0 17.9 15.8 0 17.9 16 0 8.7 16 0
4 14 27.3 15.8 0 36.5 15.8 0 36.5 16 0 27.3 16 0
4 14 45.9 15.8 0 55.1 15.8 0 55.1 16 0 45.9 16 0
4 14 64.5 15.8 0 73.7 15.8 0 73.7 16 0 64.5 16 0
4 14 83.1 15.8 0 92.3 15.8 0 92.3 16 0 83.1 16 0
0
