0 Etiqueta Circuito Roblock
0 Name: p_helcir.dat
0 Author: svlopez
0 BFC CERTIFY CW
4 16 7.7 3.52 0 16.72 3.52 0 16.72 3.63 0 7.7 3.63 0
4 16 7.26 3.63 0 17.16 3.63 0 17.16 3.74 0 7.26 3.74 0
4 16 7.04 3.74 0 17.38 3.74 0 17.38 3.85 0 7.04 3.85 0
4 16 6.93 3.85 0 17.49 3.85 0 17.49 3.96 0 6.93 3.96 0
4 16 6.71 3.96 0 17.71 3.96 0 17.71 4.07 0 6.71 4.07 0
4 16 6.6 4.07 0 17.82 4.07 0 17.82 4.18 0 6.6 4.18 0
4 16 6.49 4.18 0 17.93 4.18 0 17.93 4.4 0 6.49 4.4 0
4 16 6.38 4.4 0 18.04 4.4 0 18.04 4.51 0 6.38 4.51 0
4 16 6.27 4.51 0 18.15 4.51 0 18.15 4.73 0 6.27 4.73 0
4 16 6.16 4.73 0 18.26 4.73 0 18.26 5.17 0 6.16 5.17 0
4 16 6.05 5.17 0 18.37 5.17 0 18.37 5.5 0 6.05 5.5 0
4 16 6.05 5.5 0 8.47 5.5 0 8.47 5.61 0 6.05 5.61 0
4 16 15.95 5.5 0 18.37 5.5 0 18.37 5.61 0 15.95 5.61 0
4 16 6.05 5.61 0 8.25 5.61 0 8.25 5.72 0 6.05 5.72 0
4 16 16.17 5.61 0 18.37 5.61 0 18.37 5.72 0 16.17 5.72 0
4 16 6.05 5.72 0 8.14 5.72 0 8.14 5.94 0 6.05 5.94 0
4 16 16.28 5.72 0 18.37 5.72 0 18.37 5.94 0 16.28 5.94 0
4 16 16.39 5.94 0 18.37 5.94 0 18.37 15.07 0 16.39 15.07 0
4 16 16.39 15.07 0 18.48 15.07 0 18.48 15.29 0 16.39 15.29 0
4 16 16.39 15.29 0 18.59 15.29 0 18.59 15.4 0 16.39 15.4 0
4 16 16.39 15.4 0 18.81 15.4 0 18.81 15.51 0 16.39 15.51 0
4 16 16.39 15.51 0 23.87 15.51 0 23.87 15.62 0 16.39 15.62 0
4 16 16.39 15.62 0 24.09 15.62 0 24.09 15.73 0 16.39 15.73 0
4 16 16.39 15.73 0 24.2 15.73 0 24.2 15.84 0 16.39 15.84 0
4 16 16.5 15.84 0 24.42 15.84 0 24.42 15.95 0 16.5 15.95 0
4 16 16.5 15.95 0 24.53 15.95 0 24.53 16.06 0 16.5 16.06 0
4 16 16.5 16.06 0 24.64 16.06 0 24.64 16.28 0 16.5 16.28 0
4 16 16.61 16.28 0 24.75 16.28 0 24.75 16.39 0 16.61 16.39 0
4 16 16.61 16.39 0 24.86 16.39 0 24.86 16.5 0 16.61 16.5 0
4 16 16.72 16.5 0 24.86 16.5 0 24.86 16.61 0 16.72 16.61 0
4 16 16.83 16.61 0 24.97 16.61 0 24.97 16.83 0 16.83 16.83 0
4 16 16.94 16.83 0 24.97 16.83 0 24.97 16.94 0 16.94 16.94 0
4 16 17.05 16.94 0 24.97 16.94 0 24.97 17.05 0 17.05 17.05 0
4 16 17.27 17.05 0 25.08 17.05 0 25.08 17.16 0 17.27 17.16 0
4 16 17.38 17.16 0 25.08 17.16 0 25.08 17.27 0 17.38 17.27 0
4 16 17.6 17.27 0 25.08 17.27 0 25.08 17.38 0 17.6 17.38 0
4 16 22.66 17.38 0 25.08 17.38 0 25.08 17.49 0 22.66 17.49 0
4 16 22.88 17.49 0 25.08 17.49 0 25.08 17.6 0 22.88 17.6 0
4 16 22.99 17.6 0 25.08 17.6 0 25.08 17.82 0 22.99 17.82 0
4 16 14.52 18.81 0 21.45 18.81 0 21.45 18.92 0 14.52 18.92 0
4 16 14.3 18.92 0 21.67 18.92 0 21.67 19.03 0 14.3 19.03 0
4 16 14.19 19.03 0 21.78 19.03 0 21.78 19.14 0 14.19 19.14 0
4 16 14.08 19.14 0 21.89 19.14 0 21.89 19.25 0 14.08 19.25 0
4 16 13.97 19.25 0 22 19.25 0 22 19.47 0 13.97 19.47 0
4 16 13.86 19.47 0 22.11 19.47 0 22.11 24.64 0 13.86 24.64 0
4 16 13.86 25.3 0 22.11 25.3 0 22.11 27.39 0 13.86 27.39 0
4 16 13.86 28.05 0 22.11 28.05 0 22.11 30.14 0 13.86 30.14 0
4 16 13.86 30.8 0 22.11 30.8 0 22.11 31.9 0 13.86 31.9 0
4 16 13.97 31.9 0 22 31.9 0 22 32.12 0 13.97 32.12 0
4 16 14.08 32.12 0 21.89 32.12 0 21.89 32.23 0 14.08 32.23 0
4 16 14.19 32.23 0 21.78 32.23 0 21.78 32.34 0 14.19 32.34 0
4 16 14.3 32.34 0 21.67 32.34 0 21.67 32.45 0 14.3 32.45 0
4 16 14.52 32.45 0 21.45 32.45 0 21.45 32.56 0 14.52 32.56 0
4 16 23.1 17.82 0 25.08 17.82 0 25.08 33.33 0 23.1 33.33 0
4 16 22.99 33.33 0 25.08 33.33 0 25.08 33.55 0 22.99 33.55 0
4 16 22.88 33.55 0 25.08 33.55 0 25.08 33.66 0 22.88 33.66 0
4 16 22.66 33.66 0 25.08 33.66 0 25.08 33.77 0 22.66 33.77 0
4 16 18.04 33.77 0 25.08 33.77 0 25.08 33.88 0 18.04 33.88 0
4 16 17.6 33.88 0 25.08 33.88 0 25.08 33.99 0 17.6 33.99 0
4 16 17.38 33.99 0 25.08 33.99 0 25.08 34.1 0 17.38 34.1 0
4 16 17.27 34.1 0 24.97 34.1 0 24.97 34.21 0 17.27 34.21 0
4 16 17.05 34.21 0 24.97 34.21 0 24.97 34.32 0 17.05 34.32 0
4 16 16.94 34.32 0 24.97 34.32 0 24.97 34.43 0 16.94 34.43 0
4 16 16.83 34.43 0 24.97 34.43 0 24.97 34.54 0 16.83 34.54 0
4 16 16.83 34.54 0 24.86 34.54 0 24.86 34.65 0 16.83 34.65 0
4 16 16.72 34.65 0 24.86 34.65 0 24.86 34.76 0 16.72 34.76 0
4 16 16.61 34.76 0 24.75 34.76 0 24.75 34.87 0 16.61 34.87 0
4 16 16.61 34.87 0 24.64 34.87 0 24.64 34.98 0 16.61 34.98 0
4 16 16.5 34.98 0 24.64 34.98 0 24.64 35.09 0 16.5 35.09 0
4 16 16.5 35.09 0 24.53 35.09 0 24.53 35.2 0 16.5 35.2 0
4 16 16.5 35.2 0 24.42 35.2 0 24.42 35.31 0 16.5 35.31 0
4 16 16.5 35.31 0 24.2 35.31 0 24.2 35.42 0 16.5 35.42 0
4 16 16.39 35.42 0 24.09 35.42 0 24.09 35.53 0 16.39 35.53 0
4 16 16.39 35.53 0 23.87 35.53 0 23.87 35.64 0 16.39 35.64 0
4 16 16.39 35.64 0 23.43 35.64 0 23.43 35.75 0 16.39 35.75 0
4 16 16.39 35.75 0 18.81 35.75 0 18.81 35.86 0 16.39 35.86 0
4 16 16.39 35.86 0 18.59 35.86 0 18.59 35.97 0 16.39 35.97 0
4 16 16.39 35.97 0 18.48 35.97 0 18.48 36.19 0 16.39 36.19 0
4 16 6.05 5.94 0 8.03 5.94 0 8.03 38.39 0 6.05 38.39 0
4 16 3.19 38.39 0 11.11 38.39 0 11.11 38.5 0 3.19 38.5 0
4 16 2.97 38.5 0 11.33 38.5 0 11.33 38.61 0 2.97 38.61 0
4 16 2.86 38.61 0 11.44 38.61 0 11.44 38.72 0 2.86 38.72 0
4 16 2.75 38.72 0 11.55 38.72 0 11.55 38.83 0 2.75 38.83 0
4 16 2.64 38.83 0 11.66 38.83 0 11.66 39.05 0 2.64 39.05 0
4 16 16.39 36.19 0 18.37 36.19 0 18.37 43.56 0 16.39 43.56 0
4 16 16.39 43.56 0 18.48 43.56 0 18.48 44.22 0 16.39 44.22 0
4 16 16.39 44.22 0 18.59 44.22 0 18.59 44.33 0 16.39 44.33 0
4 16 16.39 44.33 0 18.7 44.33 0 18.7 44.44 0 16.39 44.44 0
4 16 16.5 44.44 0 18.7 44.44 0 18.7 44.55 0 16.5 44.55 0
4 16 16.5 44.55 0 18.81 44.55 0 18.81 44.77 0 16.5 44.77 0
4 16 16.5 44.77 0 18.92 44.77 0 18.92 44.88 0 16.5 44.88 0
4 16 16.61 44.88 0 19.03 44.88 0 19.03 44.99 0 16.61 44.99 0
4 16 16.61 44.99 0 19.14 44.99 0 19.14 45.1 0 16.61 45.1 0
4 16 16.61 45.1 0 19.25 45.1 0 19.25 45.21 0 16.61 45.21 0
4 16 16.72 45.21 0 19.36 45.21 0 19.36 45.32 0 16.72 45.32 0
4 16 16.83 45.32 0 19.47 45.32 0 19.47 45.43 0 16.83 45.43 0
4 16 16.83 45.43 0 19.58 45.43 0 19.58 45.54 0 16.83 45.54 0
4 16 16.94 45.54 0 19.69 45.54 0 19.69 45.65 0 16.94 45.65 0
4 16 16.94 45.65 0 19.8 45.65 0 19.8 45.76 0 16.94 45.76 0
4 16 17.05 45.76 0 19.91 45.76 0 19.91 45.87 0 17.05 45.87 0
4 16 17.16 45.87 0 20.02 45.87 0 20.02 45.98 0 17.16 45.98 0
4 16 17.27 45.98 0 20.13 45.98 0 20.13 46.09 0 17.27 46.09 0
4 16 17.38 46.09 0 20.24 46.09 0 20.24 46.2 0 17.38 46.2 0
4 16 17.49 46.2 0 20.35 46.2 0 20.35 46.31 0 17.49 46.31 0
4 16 17.6 46.31 0 20.46 46.31 0 20.46 46.42 0 17.6 46.42 0
4 16 17.71 46.42 0 20.35 46.42 0 20.35 46.53 0 17.71 46.53 0
4 16 20.35 46.42 0 20.46 46.42 0 20.46 46.53 0 20.35 46.53 0
4 16 17.82 46.53 0 20.46 46.53 0 20.46 46.64 0 17.82 46.64 0
4 16 20.46 46.42 0 20.57 46.42 0 20.57 46.64 0 20.46 46.64 0
4 16 17.93 46.64 0 20.57 46.64 0 20.57 46.75 0 17.93 46.75 0
4 16 20.57 46.53 0 20.68 46.53 0 20.68 46.75 0 20.57 46.75 0
4 16 20.68 46.64 0 20.79 46.64 0 20.79 46.75 0 20.68 46.75 0
4 16 18.04 46.75 0 20.9 46.75 0 20.9 46.86 0 18.04 46.86 0
4 16 18.15 46.86 0 20.79 46.86 0 20.79 46.97 0 18.15 46.97 0
4 16 20.79 46.86 0 20.9 46.86 0 20.9 46.97 0 20.79 46.97 0
4 16 20.9 46.86 0 21.01 46.86 0 21.01 46.97 0 20.9 46.97 0
4 16 18.26 46.97 0 21.12 46.97 0 21.12 47.08 0 18.26 47.08 0
4 16 18.37 47.08 0 21.23 47.08 0 21.23 47.19 0 18.37 47.19 0
4 16 18.48 47.19 0 21.34 47.19 0 21.34 47.3 0 18.48 47.3 0
4 16 2.53 39.05 0 11.77 39.05 0 11.77 47.41 0 2.53 47.41 0
4 16 18.59 47.3 0 21.45 47.3 0 21.45 47.41 0 18.59 47.41 0
4 16 18.7 47.41 0 21.45 47.41 0 21.45 47.52 0 18.7 47.52 0
4 16 2.64 47.41 0 11.66 47.41 0 11.66 47.63 0 2.64 47.63 0
4 16 18.81 47.52 0 21.56 47.52 0 21.56 47.63 0 18.81 47.63 0
4 16 2.75 47.63 0 11.55 47.63 0 11.55 47.74 0 2.75 47.74 0
4 16 18.92 47.63 0 21.67 47.63 0 21.67 47.74 0 18.92 47.74 0
4 16 2.86 47.74 0 11.55 47.74 0 11.55 47.85 0 2.86 47.85 0
4 16 19.03 47.74 0 21.78 47.74 0 21.78 47.85 0 19.03 47.85 0
4 16 2.97 47.85 0 11.33 47.85 0 11.33 47.96 0 2.97 47.96 0
4 16 19.14 47.85 0 21.89 47.85 0 21.89 47.96 0 19.14 47.96 0
4 16 3.19 47.96 0 11.11 47.96 0 11.11 48.07 0 3.19 48.07 0
4 16 19.25 47.96 0 22 47.96 0 22 48.07 0 19.25 48.07 0
4 16 19.36 48.07 0 22.11 48.07 0 22.11 48.18 0 19.36 48.18 0
4 16 19.47 48.18 0 22.22 48.18 0 22.22 48.29 0 19.47 48.29 0
4 16 19.58 48.29 0 22.33 48.29 0 22.33 48.4 0 19.58 48.4 0
4 16 19.69 48.4 0 22.44 48.4 0 22.44 48.51 0 19.69 48.51 0
4 16 19.8 48.51 0 22.55 48.51 0 22.55 48.62 0 19.8 48.62 0
4 16 19.91 48.62 0 22.66 48.62 0 22.66 48.73 0 19.91 48.73 0
4 16 19.91 48.73 0 22.77 48.73 0 22.77 48.84 0 19.91 48.84 0
4 16 20.02 48.84 0 22.88 48.84 0 22.88 48.95 0 20.02 48.95 0
4 16 20.13 48.95 0 22.99 48.95 0 22.99 49.06 0 20.13 49.06 0
4 16 20.24 49.06 0 23.1 49.06 0 23.1 49.17 0 20.24 49.17 0
4 16 20.35 49.17 0 23.21 49.17 0 23.21 49.28 0 20.35 49.28 0
4 16 20.46 49.28 0 23.32 49.28 0 23.32 49.39 0 20.46 49.39 0
4 16 20.57 49.39 0 23.43 49.39 0 23.43 49.5 0 20.57 49.5 0
4 16 20.68 49.5 0 23.54 49.5 0 23.54 49.61 0 20.68 49.61 0
4 16 20.79 49.61 0 23.65 49.61 0 23.65 49.72 0 20.79 49.72 0
4 16 20.9 49.72 0 23.76 49.72 0 23.76 49.83 0 20.9 49.83 0
4 16 21.01 49.83 0 23.87 49.83 0 23.87 49.94 0 21.01 49.94 0
4 16 21.12 49.94 0 23.98 49.94 0 23.98 50.05 0 21.12 50.05 0
4 16 21.23 50.05 0 24.09 50.05 0 24.09 50.16 0 21.23 50.16 0
4 16 21.34 50.16 0 24.2 50.16 0 24.2 50.27 0 21.34 50.27 0
4 16 21.45 50.27 0 24.31 50.27 0 24.31 50.38 0 21.45 50.38 0
4 16 21.56 50.38 0 24.42 50.38 0 24.42 50.49 0 21.56 50.49 0
4 16 21.67 50.49 0 24.53 50.49 0 24.53 50.6 0 21.67 50.6 0
4 16 21.78 50.6 0 24.64 50.6 0 24.64 50.71 0 21.78 50.71 0
4 16 21.89 50.71 0 24.75 50.71 0 24.75 50.82 0 21.89 50.82 0
4 16 22 50.82 0 24.86 50.82 0 24.86 50.93 0 22 50.93 0
4 16 22.11 50.93 0 24.97 50.93 0 24.97 51.04 0 22.11 51.04 0
4 16 22.22 51.04 0 25.08 51.04 0 25.08 51.15 0 22.22 51.15 0
4 16 22.33 51.15 0 25.19 51.15 0 25.19 51.26 0 22.33 51.26 0
4 16 22.44 51.26 0 25.19 51.26 0 25.19 51.37 0 22.44 51.37 0
4 16 22.55 51.37 0 25.3 51.37 0 25.3 51.48 0 22.55 51.48 0
4 16 22.66 51.48 0 25.41 51.48 0 25.41 51.59 0 22.66 51.59 0
4 16 22.77 51.59 0 25.52 51.59 0 25.52 51.7 0 22.77 51.7 0
4 16 22.88 51.7 0 25.63 51.7 0 25.63 51.81 0 22.88 51.81 0
4 16 22.99 51.81 0 25.74 51.81 0 25.74 51.92 0 22.99 51.92 0
4 16 23.1 51.92 0 25.85 51.92 0 25.85 52.03 0 23.1 52.03 0
4 16 23.21 52.03 0 25.96 52.03 0 25.96 52.14 0 23.21 52.14 0
4 16 23.32 52.14 0 26.07 52.14 0 26.07 52.25 0 23.32 52.25 0
4 16 23.43 52.25 0 26.18 52.25 0 26.18 52.36 0 23.43 52.36 0
4 16 23.54 52.36 0 26.29 52.36 0 26.29 52.47 0 23.54 52.47 0
4 16 23.65 52.47 0 26.4 52.47 0 26.4 52.58 0 23.65 52.58 0
4 16 23.76 52.58 0 26.51 52.58 0 26.51 52.69 0 23.76 52.69 0
4 16 23.87 52.69 0 26.62 52.69 0 26.62 52.8 0 23.87 52.8 0
4 16 6.05 48.07 0 8.03 48.07 0 8.03 52.91 0 6.05 52.91 0
4 16 23.98 52.8 0 26.73 52.8 0 26.73 52.91 0 23.98 52.91 0
4 16 6.16 52.91 0 8.03 52.91 0 8.03 53.02 0 6.16 53.02 0
4 16 24.09 52.91 0 26.84 52.91 0 26.84 53.02 0 24.09 53.02 0
4 16 24.2 53.02 0 26.95 53.02 0 26.95 53.13 0 24.2 53.13 0
4 16 24.31 53.13 0 27.06 53.13 0 27.06 53.24 0 24.31 53.24 0
4 16 6.16 53.02 0 8.14 53.02 0 8.14 53.35 0 6.16 53.35 0
4 16 24.42 53.24 0 27.17 53.24 0 27.17 53.35 0 24.42 53.35 0
4 16 6.16 53.35 0 8.25 53.35 0 8.25 53.46 0 6.16 53.46 0
4 16 24.53 53.35 0 27.28 53.35 0 27.28 53.46 0 24.53 53.46 0
4 16 24.64 53.46 0 27.39 53.46 0 27.39 53.57 0 24.64 53.57 0
4 16 6.27 53.46 0 8.36 53.46 0 8.36 53.68 0 6.27 53.68 0
4 16 24.64 53.57 0 27.5 53.57 0 27.5 53.68 0 24.64 53.68 0
4 16 24.75 53.68 0 27.61 53.68 0 27.61 53.79 0 24.75 53.79 0
4 16 6.27 53.68 0 8.47 53.68 0 8.47 53.9 0 6.27 53.9 0
4 16 24.86 53.79 0 27.72 53.79 0 27.72 53.9 0 24.86 53.9 0
4 16 6.38 53.9 0 8.58 53.9 0 8.58 54.01 0 6.38 54.01 0
4 16 24.97 53.9 0 27.83 53.9 0 27.83 54.01 0 24.97 54.01 0
4 16 6.38 54.01 0 8.69 54.01 0 8.69 54.12 0 6.38 54.12 0
4 16 25.08 54.01 0 27.94 54.01 0 27.94 54.12 0 25.08 54.12 0
4 16 6.38 54.12 0 8.8 54.12 0 8.8 54.23 0 6.38 54.23 0
4 16 25.19 54.12 0 28.05 54.12 0 28.05 54.23 0 25.19 54.23 0
4 16 25.3 54.23 0 28.16 54.23 0 28.16 54.34 0 25.3 54.34 0
4 16 6.49 54.23 0 8.8 54.23 0 8.8 54.45 0 6.49 54.45 0
4 16 8.8 54.34 0 8.91 54.34 0 8.91 54.45 0 8.8 54.45 0
4 16 25.41 54.34 0 28.27 54.34 0 28.27 54.45 0 25.41 54.45 0
4 16 6.6 54.45 0 9.02 54.45 0 9.02 54.56 0 6.6 54.56 0
4 16 25.52 54.45 0 28.38 54.45 0 28.38 54.56 0 25.52 54.56 0
4 16 6.71 54.56 0 9.13 54.56 0 9.13 54.67 0 6.71 54.67 0
4 16 25.63 54.56 0 28.49 54.56 0 28.49 54.67 0 25.63 54.67 0
4 16 6.71 54.67 0 9.24 54.67 0 9.24 54.78 0 6.71 54.78 0
4 16 25.74 54.67 0 28.6 54.67 0 28.6 54.78 0 25.74 54.78 0
4 16 6.82 54.78 0 9.24 54.78 0 9.24 54.89 0 6.82 54.89 0
4 16 25.85 54.78 0 28.71 54.78 0 28.71 54.89 0 25.85 54.89 0
4 16 6.82 54.89 0 9.35 54.89 0 9.35 55 0 6.82 55 0
4 16 25.96 54.89 0 28.82 54.89 0 28.82 55 0 25.96 55 0
4 16 6.93 55 0 9.46 55 0 9.46 55.11 0 6.93 55.11 0
4 16 26.07 55 0 28.93 55 0 28.93 55.11 0 26.07 55.11 0
4 16 7.04 55.11 0 9.57 55.11 0 9.57 55.22 0 7.04 55.22 0
4 16 26.18 55.11 0 28.93 55.11 0 28.93 55.22 0 26.18 55.22 0
4 16 7.15 55.22 0 9.68 55.22 0 9.68 55.33 0 7.15 55.33 0
4 16 26.29 55.22 0 29.04 55.22 0 29.04 55.33 0 26.29 55.33 0
4 16 7.15 55.33 0 9.79 55.33 0 9.79 55.44 0 7.15 55.44 0
4 16 26.4 55.33 0 29.04 55.33 0 29.04 55.44 0 26.4 55.44 0
4 16 7.26 55.44 0 9.79 55.44 0 9.79 55.55 0 7.26 55.55 0
4 16 26.51 55.44 0 29.15 55.44 0 29.15 55.55 0 26.51 55.55 0
4 16 7.37 55.55 0 9.9 55.55 0 9.9 55.66 0 7.37 55.66 0
4 16 26.62 55.55 0 29.15 55.55 0 29.15 55.66 0 26.62 55.66 0
4 16 7.48 55.66 0 10.01 55.66 0 10.01 55.77 0 7.48 55.77 0
4 16 26.73 55.66 0 29.26 55.66 0 29.26 55.77 0 26.73 55.77 0
4 16 7.59 55.77 0 10.12 55.77 0 10.12 55.88 0 7.59 55.88 0
4 16 26.84 55.77 0 29.26 55.77 0 29.26 55.88 0 26.84 55.88 0
4 16 7.7 55.88 0 10.23 55.88 0 10.23 55.99 0 7.7 55.99 0
4 16 26.95 55.88 0 29.37 55.88 0 29.37 55.99 0 26.95 55.99 0
4 16 7.7 55.99 0 10.34 55.99 0 10.34 56.1 0 7.7 56.1 0
4 16 7.81 56.1 0 10.34 56.1 0 10.34 56.21 0 7.81 56.21 0
4 16 27.06 55.99 0 29.37 55.99 0 29.37 56.21 0 27.06 56.21 0
4 16 7.92 56.21 0 10.45 56.21 0 10.45 56.32 0 7.92 56.32 0
4 16 27.17 56.21 0 29.37 56.21 0 29.37 56.32 0 27.17 56.32 0
4 16 8.03 56.32 0 10.56 56.32 0 10.56 56.43 0 8.03 56.43 0
4 16 8.14 56.43 0 10.67 56.43 0 10.67 56.54 0 8.14 56.54 0
4 16 8.14 56.54 0 10.78 56.54 0 10.78 56.65 0 8.14 56.65 0
4 16 27.28 56.32 0 29.48 56.32 0 29.48 56.65 0 27.28 56.65 0
4 16 8.25 56.65 0 10.89 56.65 0 10.89 56.76 0 8.25 56.76 0
4 16 8.36 56.76 0 10.89 56.76 0 10.89 56.87 0 8.36 56.87 0
4 16 8.47 56.87 0 11 56.87 0 11 56.98 0 8.47 56.98 0
4 16 8.58 56.98 0 11.11 56.98 0 11.11 57.09 0 8.58 57.09 0
4 16 8.58 57.09 0 11.22 57.09 0 11.22 57.2 0 8.58 57.2 0
4 16 27.39 56.65 0 29.48 56.65 0 29.48 57.2 0 27.39 57.2 0
4 16 8.69 57.2 0 11.33 57.2 0 11.33 57.31 0 8.69 57.31 0
4 16 8.8 57.31 0 11.44 57.31 0 11.44 57.42 0 8.8 57.42 0
4 16 8.91 57.42 0 11.44 57.42 0 11.44 57.53 0 8.91 57.53 0
4 16 9.02 57.53 0 11.55 57.53 0 11.55 57.64 0 9.02 57.64 0
4 16 9.13 57.64 0 11.66 57.64 0 11.66 57.75 0 9.13 57.75 0
4 16 9.13 57.75 0 11.77 57.75 0 11.77 57.86 0 9.13 57.86 0
4 16 9.24 57.86 0 11.88 57.86 0 11.88 57.97 0 9.24 57.97 0
4 16 9.35 57.97 0 11.88 57.97 0 11.88 58.08 0 9.35 58.08 0
4 16 9.46 58.08 0 11.99 58.08 0 11.99 58.19 0 9.46 58.19 0
4 16 9.57 58.19 0 12.1 58.19 0 12.1 58.3 0 9.57 58.3 0
4 16 9.57 58.3 0 12.21 58.3 0 12.21 58.41 0 9.57 58.41 0
4 16 9.68 58.41 0 12.32 58.41 0 12.32 58.52 0 9.68 58.52 0
4 16 9.79 58.52 0 12.43 58.52 0 12.43 58.63 0 9.79 58.63 0
4 16 9.9 58.63 0 12.43 58.63 0 12.43 58.74 0 9.9 58.74 0
4 16 10.01 58.74 0 12.54 58.74 0 12.54 58.85 0 10.01 58.85 0
4 16 10.12 58.85 0 12.65 58.85 0 12.65 58.96 0 10.12 58.96 0
4 16 10.12 58.96 0 12.76 58.96 0 12.76 59.07 0 10.12 59.07 0
4 16 10.23 59.07 0 12.87 59.07 0 12.87 59.18 0 10.23 59.18 0
4 16 10.34 59.18 0 12.76 59.18 0 12.76 59.29 0 10.34 59.29 0
4 16 12.76 59.18 0 12.87 59.18 0 12.87 59.29 0 12.76 59.29 0
4 16 12.87 59.18 0 12.98 59.18 0 12.98 59.29 0 12.87 59.29 0
4 16 10.45 59.29 0 12.98 59.29 0 12.98 59.4 0 10.45 59.4 0
4 16 10.56 59.4 0 13.09 59.4 0 13.09 59.51 0 10.56 59.51 0
4 16 10.56 59.51 0 13.2 59.51 0 13.2 59.62 0 10.56 59.62 0
4 16 10.67 59.62 0 13.31 59.62 0 13.31 59.73 0 10.67 59.73 0
4 16 10.78 59.73 0 13.42 59.73 0 13.42 59.84 0 10.78 59.84 0
4 16 10.89 59.84 0 13.31 59.84 0 13.31 59.95 0 10.89 59.95 0
4 16 13.31 59.84 0 13.42 59.84 0 13.42 59.95 0 13.31 59.95 0
4 16 13.42 59.84 0 13.53 59.84 0 13.53 59.95 0 13.42 59.95 0
4 16 11 59.95 0 13.53 59.95 0 13.53 60.06 0 11 60.06 0
4 16 11 60.06 0 13.64 60.06 0 13.64 60.17 0 11 60.17 0
4 16 11.11 60.17 0 13.75 60.17 0 13.75 60.28 0 11.11 60.28 0
4 16 11.22 60.28 0 13.86 60.28 0 13.86 60.39 0 11.22 60.39 0
4 16 11.33 60.39 0 13.97 60.39 0 13.97 60.5 0 11.33 60.5 0
4 16 11.44 60.5 0 14.08 60.5 0 14.08 60.61 0 11.44 60.61 0
4 16 11.55 60.61 0 14.08 60.61 0 14.08 60.72 0 11.55 60.72 0
4 16 11.55 60.72 0 14.19 60.72 0 14.19 60.83 0 11.55 60.83 0
4 16 11.66 60.83 0 14.3 60.83 0 14.3 60.94 0 11.66 60.94 0
4 16 27.5 57.2 0 29.48 57.2 0 29.48 60.94 0 27.5 60.94 0
4 16 11.77 60.94 0 14.52 60.94 0 14.52 61.05 0 11.77 61.05 0
4 16 11.88 61.05 0 14.74 61.05 0 14.74 61.16 0 11.88 61.16 0
4 16 27.39 60.94 0 29.48 60.94 0 29.48 61.16 0 27.39 61.16 0
4 16 11.99 61.16 0 14.96 61.16 0 14.96 61.27 0 11.99 61.27 0
4 16 27.28 61.16 0 29.48 61.16 0 29.48 61.27 0 27.28 61.27 0
4 16 11.99 61.27 0 15.29 61.27 0 15.29 61.38 0 11.99 61.38 0
4 16 27.06 61.27 0 29.48 61.27 0 29.48 61.38 0 27.06 61.38 0
4 16 12.1 61.38 0 29.48 61.38 0 29.48 61.49 0 12.1 61.49 0
4 16 12.21 61.49 0 29.48 61.49 0 29.48 61.6 0 12.21 61.6 0
4 16 12.32 61.6 0 29.48 61.6 0 29.48 61.71 0 12.32 61.71 0
4 16 12.43 61.71 0 29.37 61.71 0 29.37 61.82 0 12.43 61.82 0
4 16 12.54 61.82 0 29.37 61.82 0 29.37 61.93 0 12.54 61.93 0
4 16 12.65 61.93 0 29.37 61.93 0 29.37 62.04 0 12.65 62.04 0
4 16 12.76 62.04 0 29.37 62.04 0 29.37 62.15 0 12.76 62.15 0
4 16 12.87 62.15 0 29.26 62.15 0 29.26 62.26 0 12.87 62.26 0
4 16 12.98 62.26 0 29.26 62.26 0 29.26 62.37 0 12.98 62.37 0
4 16 13.09 62.37 0 29.15 62.37 0 29.15 62.48 0 13.09 62.48 0
4 16 13.31 62.48 0 29.04 62.48 0 29.04 62.59 0 13.31 62.59 0
4 16 13.42 62.59 0 29.04 62.59 0 29.04 62.7 0 13.42 62.7 0
4 16 13.64 62.7 0 28.93 62.7 0 28.93 62.81 0 13.64 62.81 0
4 16 13.75 62.81 0 28.82 62.81 0 28.82 62.92 0 13.75 62.92 0
4 16 13.97 62.92 0 28.6 62.92 0 28.6 63.03 0 13.97 63.03 0
4 16 14.3 63.03 0 28.49 63.03 0 28.49 63.14 0 14.3 63.14 0
4 16 14.63 63.14 0 28.27 63.14 0 28.27 63.25 0 14.63 63.25 0
4 16 15.18 63.25 0 27.83 63.25 0 27.83 63.36 0 15.18 63.36 0
0
