0 Etiqueta Circuito Robot Hardtron 1
0 p_hrcir1.dat
0 Author: svlopez
0 ROTATION CENTER 0 0 0 1 "Custom" 
0 ROTATION CONFIG 0 0
4 14 3.1 0.3 0 13.5 0.3 0 13.5 0.4 0 3.1 0.4 0
4 14 2.7 0.4 0 13.8 0.4 0 13.8 0.5 0 2.7 0.5 0
4 14 2.4 0.5 0 14.1 0.5 0 14.1 0.6 0 2.4 0.6 0
4 14 2.3 0.6 0 14.2 0.6 0 14.2 0.7 0 2.3 0.7 0
4 14 2.1 0.7 0 14.4 0.7 0 14.4 0.8 0 2.1 0.8 0
4 14 2 0.8 0 14.5 0.8 0 14.5 0.9 0 2 0.9 0
4 14 1.8 0.9 0 14.7 0.9 0 14.7 1 0 1.8 1 0
4 14 1.7 1 0 14.8 1 0 14.8 1.1 0 1.7 1.1 0
4 14 1.6 1.1 0 14.9 1.1 0 14.9 1.2 0 1.6 1.2 0
4 14 1.5 1.2 0 15 1.2 0 15 1.3 0 1.5 1.3 0
4 14 1.4 1.3 0 15.1 1.3 0 15.1 1.5 0 1.4 1.5 0
4 14 1.3 1.5 0 15.2 1.5 0 15.2 1.6 0 1.3 1.6 0
4 14 1.2 1.6 0 15.3 1.6 0 15.3 1.8 0 1.2 1.8 0
4 14 1.1 1.8 0 15.4 1.8 0 15.4 1.9 0 1.1 1.9 0
4 14 1 1.9 0 15.5 1.9 0 15.5 2.2 0 1 2.2 0
4 14 0.9 2.2 0 15.6 2.2 0 15.6 2.5 0 0.9 2.5 0
4 14 0.8 2.5 0 15.6 2.5 0 15.6 2.6 0 0.8 2.6 0
4 14 0.8 2.6 0 15.7 2.6 0 15.7 2.9 0 0.8 2.9 0
4 14 0.8 2.9 0 3.9 2.9 0 3.9 3 0 0.8 3 0
4 14 12.6 2.9 0 15.7 2.9 0 15.7 3 0 12.6 3 0
4 14 0.8 3 0 3.7 3 0 3.7 3.1 0 0.8 3.1 0
4 14 12.8 3 0 15.7 3 0 15.7 3.1 0 12.8 3.1 0
4 14 0.8 3.1 0 3.6 3.1 0 3.6 3.2 0 0.8 3.2 0
4 14 12.9 3.1 0 15.7 3.1 0 15.7 3.2 0 12.9 3.2 0
4 14 0.8 3.2 0 3.5 3.2 0 3.5 3.3 0 0.8 3.3 0
4 14 13 3.2 0 15.7 3.2 0 15.7 3.4 0 13 3.4 0
4 14 0.8 3.3 0 3.4 3.3 0 3.4 3.6 0 0.8 3.6 0
4 14 0.8 3.6 0 3.3 3.6 0 3.3 5.6 0 0.8 5.6 0
4 14 0.8 6.8 0 6.2 6.8 0 6.2 12.1 0 0.8 12.1 0
4 14 13.1 3.4 0 15.7 3.4 0 15.7 12.3 0 13.1 12.3 0
4 14 13.1 12.3 0 15.8 12.3 0 15.8 12.4 0 13.1 12.4 0
4 14 13.2 12.4 0 15.8 12.4 0 15.8 12.5 0 13.2 12.5 0
4 14 13.2 12.5 0 15.9 12.5 0 15.9 12.7 0 13.2 12.7 0
4 14 13.2 12.7 0 16 12.7 0 16 12.8 0 13.2 12.8 0
4 14 13.2 12.8 0 16.1 12.8 0 16.1 12.9 0 13.2 12.9 0
4 14 13.2 12.9 0 16.2 12.9 0 16.2 13 0 13.2 13 0
4 14 13.2 13 0 16.3 13 0 16.3 13.1 0 13.2 13.1 0
4 14 13.3 13.1 0 16.4 13.1 0 16.4 13.2 0 13.3 13.2 0
4 14 13.3 13.2 0 16.6 13.2 0 16.6 13.3 0 13.3 13.3 0
4 14 13.3 13.3 0 16.8 13.3 0 16.8 13.4 0 13.3 13.4 0
4 14 13.3 13.4 0 17.2 13.4 0 17.2 13.5 0 13.3 13.5 0
4 14 13.4 13.5 0 17.7 13.5 0 17.7 13.6 0 13.4 13.6 0
4 14 13.4 13.6 0 18.1 13.6 0 18.1 13.7 0 13.4 13.7 0
4 14 13.4 13.7 0 18.5 13.7 0 18.5 13.8 0 13.4 13.8 0
4 14 13.4 13.8 0 18.9 13.8 0 18.9 13.9 0 13.4 13.9 0
4 14 13.5 13.9 0 19.3 13.9 0 19.3 14 0 13.5 14 0
4 14 13.5 14 0 19.7 14 0 19.7 14.1 0 13.5 14.1 0
4 14 13.6 14.1 0 20.1 14.1 0 20.1 14.2 0 13.6 14.2 0
4 14 13.6 14.2 0 20.5 14.2 0 20.5 14.3 0 13.6 14.3 0
4 14 13.7 14.3 0 20.9 14.3 0 20.9 14.4 0 13.7 14.4 0
4 14 13.7 14.4 0 21.4 14.4 0 21.4 14.5 0 13.7 14.5 0
4 14 13.8 14.5 0 21.8 14.5 0 21.8 14.6 0 13.8 14.6 0
4 14 13.9 14.6 0 22.2 14.6 0 22.2 14.7 0 13.9 14.7 0
4 14 13.9 14.7 0 22.6 14.7 0 22.6 14.8 0 13.9 14.8 0
4 14 14 14.8 0 23 14.8 0 23 14.9 0 14 14.9 0
4 14 14.1 14.9 0 23.4 14.9 0 23.4 15 0 14.1 15 0
4 14 14.2 15 0 23.8 15 0 23.8 15.1 0 14.2 15.1 0
4 14 14.3 15.1 0 24.2 15.1 0 24.2 15.2 0 14.3 15.2 0
4 14 14.4 15.2 0 24.6 15.2 0 24.6 15.3 0 14.4 15.3 0
4 14 14.5 15.3 0 25 15.3 0 25 15.4 0 14.5 15.4 0
4 14 14.6 15.4 0 25.5 15.4 0 25.5 15.5 0 14.6 15.5 0
4 14 14.7 15.5 0 25.9 15.5 0 25.9 15.6 0 14.7 15.6 0
4 14 14.9 15.6 0 26.3 15.6 0 26.3 15.7 0 14.9 15.7 0
4 14 15 15.7 0 26.7 15.7 0 26.7 15.8 0 15 15.8 0
4 14 15.2 15.8 0 27.1 15.8 0 27.1 15.9 0 15.2 15.9 0
4 14 15.4 15.9 0 27.5 15.9 0 27.5 16 0 15.4 16 0
4 14 15.7 16 0 27.9 16 0 27.9 16.1 0 15.7 16.1 0
4 14 16.1 16.1 0 28.3 16.1 0 28.3 16.2 0 16.1 16.2 0
4 14 16.5 16.2 0 28.7 16.2 0 28.7 16.3 0 16.5 16.3 0
4 14 17.1 16.3 0 29.2 16.3 0 29.2 16.4 0 17.1 16.4 0
4 14 17.7 16.4 0 29.2 16.4 0 29.2 16.5 0 17.7 16.5 0
4 14 18.1 16.5 0 29.2 16.5 0 29.2 16.6 0 18.1 16.6 0
4 14 18.5 16.6 0 29.2 16.6 0 29.2 16.7 0 18.5 16.7 0
4 14 18.9 16.7 0 29.2 16.7 0 29.2 16.8 0 18.9 16.8 0
4 14 19.3 16.8 0 29.2 16.8 0 29.2 16.9 0 19.3 16.9 0
4 14 19.7 16.9 0 29.2 16.9 0 29.2 17 0 19.7 17 0
4 14 20.1 17 0 29.2 17 0 29.2 17.1 0 20.1 17.1 0
4 14 20.5 17.1 0 29.2 17.1 0 29.2 17.2 0 20.5 17.2 0
4 14 20.9 17.2 0 29.2 17.2 0 29.2 17.3 0 20.9 17.3 0
4 14 21.4 17.3 0 29.2 17.3 0 29.2 17.4 0 21.4 17.4 0
4 14 21.8 17.4 0 29.2 17.4 0 29.2 17.5 0 21.8 17.5 0
4 14 22.2 17.5 0 29.2 17.5 0 29.2 17.6 0 22.2 17.6 0
4 14 22.6 17.6 0 29.2 17.6 0 29.2 17.7 0 22.6 17.7 0
4 14 23 17.7 0 29.2 17.7 0 29.2 17.8 0 23 17.8 0
4 14 23.4 17.8 0 29.2 17.8 0 29.2 17.9 0 23.4 17.9 0
4 14 23.8 17.9 0 29.2 17.9 0 29.2 18 0 23.8 18 0
4 14 24.2 18 0 29.2 18 0 29.2 18.1 0 24.2 18.1 0
4 14 24.6 18.1 0 29.2 18.1 0 29.2 18.2 0 24.6 18.2 0
4 14 25 18.2 0 29.2 18.2 0 29.2 18.3 0 25 18.3 0
4 14 25.5 18.3 0 29.2 18.3 0 29.2 18.4 0 25.5 18.4 0
4 14 25.9 18.4 0 29.2 18.4 0 29.2 18.5 0 25.9 18.5 0
4 14 26.3 18.5 0 29.2 18.5 0 29.2 18.6 0 26.3 18.6 0
4 14 26.7 18.6 0 29.2 18.6 0 29.2 18.7 0 26.7 18.7 0
4 14 27.1 18.7 0 29.2 18.7 0 29.2 18.8 0 27.1 18.8 0
4 14 27.5 18.8 0 29.2 18.8 0 29.2 18.9 0 27.5 18.9 0
4 14 27.9 18.9 0 29.2 18.9 0 29.2 19 0 27.9 19 0
4 14 0.8 13.8 0 6.2 13.8 0 6.2 19.1 0 0.8 19.1 0
4 14 28.3 19 0 29.2 19 0 29.2 19.1 0 28.3 19.1 0
4 14 28.7 19.1 0 29.2 19.1 0 29.2 19.2 0 28.7 19.2 0
4 14 15.8 24.5 0 29.2 24.5 0 29.2 24.6 0 15.8 24.6 0
4 14 15.4 24.6 0 29.2 24.6 0 29.2 24.7 0 15.4 24.7 0
4 14 15.1 24.7 0 29.2 24.7 0 29.2 24.8 0 15.1 24.8 0
4 14 15 24.8 0 29.2 24.8 0 29.2 24.9 0 15 24.9 0
4 14 14.8 24.9 0 29.2 24.9 0 29.2 25 0 14.8 25 0
4 14 14.7 25 0 29.2 25 0 29.2 25.1 0 14.7 25.1 0
4 14 14.5 25.1 0 29.2 25.1 0 29.2 25.2 0 14.5 25.2 0
4 14 14.4 25.2 0 29.2 25.2 0 29.2 25.3 0 14.4 25.3 0
4 14 14.3 25.3 0 29.2 25.3 0 29.2 25.4 0 14.3 25.4 0
4 14 14.2 25.4 0 29.2 25.4 0 29.2 25.5 0 14.2 25.5 0
4 14 14.1 25.5 0 29.2 25.5 0 29.2 25.7 0 14.1 25.7 0
4 14 14 25.7 0 29.2 25.7 0 29.2 25.8 0 14 25.8 0
4 14 13.9 25.8 0 29.2 25.8 0 29.2 26 0 13.9 26 0
4 14 0.8 20.8 0 6.2 20.8 0 6.2 26.1 0 0.8 26.1 0
4 14 13.8 26 0 29.2 26 0 29.2 26.1 0 13.8 26.1 0
4 14 13.7 26.1 0 29.2 26.1 0 29.2 26.4 0 13.7 26.4 0
4 14 13.6 26.4 0 29.2 26.4 0 29.2 26.7 0 13.6 26.7 0
4 14 13.5 26.7 0 29.2 26.7 0 29.2 27.1 0 13.5 27.1 0
4 14 13.5 27.1 0 16.6 27.1 0 16.6 27.2 0 13.5 27.2 0
4 14 13.5 27.2 0 16.4 27.2 0 16.4 27.3 0 13.5 27.3 0
4 14 13.5 27.3 0 16.3 27.3 0 16.3 27.4 0 13.5 27.4 0
4 14 13.5 27.4 0 16.2 27.4 0 16.2 27.6 0 13.5 27.6 0
4 14 0.8 27.8 0 6.2 27.8 0 6.2 33.1 0 0.8 33.1 0
4 14 0.8 34.8 0 3.4 34.8 0 3.4 37.6 0 0.8 37.6 0
4 14 13.5 27.6 0 16.1 27.6 0 16.1 37.6 0 13.5 37.6 0
4 14 0.8 37.6 0 6.2 37.6 0 6.2 40.1 0 0.8 40.1 0
4 14 13.5 37.6 0 18.9 37.6 0 18.9 40.1 0 13.5 40.1 0
4 14 0.8 41.8 0 6.2 41.8 0 6.2 44.3 0 0.8 44.3 0
4 14 13.5 41.8 0 18.9 41.8 0 18.9 44.3 0 13.5 44.3 0
0
