0 Etiqueta Krator Ala
0 Name: p_kraala.dat
0 Author: svlopez
0 ROTATION CENTER 0 0 0 1 "Custom" 
0 ROTATION CONFIG 0 0
4 14 32.56 1.98 0 33.77 1.98 0 33.77 2.09 0 32.56 2.09 0
4 14 32.12 2.09 0 34.21 2.09 0 34.21 2.2 0 32.12 2.2 0
4 14 31.79 2.2 0 34.54 2.2 0 34.54 2.31 0 31.79 2.31 0
4 14 31.57 2.31 0 34.76 2.31 0 34.76 2.42 0 31.57 2.42 0
4 14 31.35 2.42 0 34.98 2.42 0 34.98 2.53 0 31.35 2.53 0
4 14 31.13 2.53 0 35.2 2.53 0 35.2 2.64 0 31.13 2.64 0
4 14 31.02 2.64 0 35.31 2.64 0 35.31 2.75 0 31.02 2.75 0
4 14 30.8 2.75 0 35.53 2.75 0 35.53 2.86 0 30.8 2.86 0
4 14 30.69 2.86 0 35.64 2.86 0 35.64 2.97 0 30.69 2.97 0
4 14 30.58 2.97 0 35.75 2.97 0 35.75 3.08 0 30.58 3.08 0
4 14 30.47 3.08 0 35.86 3.08 0 35.86 3.19 0 30.47 3.19 0
4 14 30.36 3.19 0 35.97 3.19 0 35.97 3.3 0 30.36 3.3 0
4 14 30.25 3.3 0 36.08 3.3 0 36.08 3.41 0 30.25 3.41 0
4 14 30.14 3.41 0 36.08 3.41 0 36.08 3.52 0 30.14 3.52 0
4 14 30.14 3.52 0 36.19 3.52 0 36.19 3.63 0 30.14 3.63 0
4 14 30.03 3.63 0 36.3 3.63 0 36.3 3.74 0 30.03 3.74 0
4 14 29.92 3.74 0 36.41 3.74 0 36.41 3.85 0 29.92 3.85 0
4 14 29.92 3.85 0 36.52 3.85 0 36.52 3.96 0 29.92 3.96 0
4 14 29.81 3.96 0 36.63 3.96 0 36.63 4.18 0 29.81 4.18 0
4 14 29.7 4.18 0 36.74 4.18 0 36.74 4.29 0 29.7 4.29 0
4 14 29.7 4.29 0 36.85 4.29 0 36.85 4.4 0 29.7 4.4 0
4 14 29.7 4.4 0 36.96 4.4 0 36.96 4.51 0 29.7 4.51 0
4 14 29.59 4.51 0 37.07 4.51 0 37.07 4.62 0 29.59 4.62 0
4 14 29.59 4.62 0 37.18 4.62 0 37.18 4.84 0 29.59 4.84 0
4 14 29.59 4.84 0 37.29 4.84 0 37.29 4.95 0 29.59 4.95 0
4 14 29.48 4.95 0 37.4 4.95 0 37.4 5.06 0 29.48 5.06 0
4 14 29.48 5.06 0 37.51 5.06 0 37.51 5.17 0 29.48 5.17 0
4 14 29.48 5.17 0 37.62 5.17 0 37.62 5.28 0 29.48 5.28 0
4 14 29.48 5.28 0 37.73 5.28 0 37.73 5.5 0 29.48 5.5 0
4 14 29.48 5.5 0 37.84 5.5 0 37.84 5.61 0 29.48 5.61 0
4 14 29.48 5.61 0 37.95 5.61 0 37.95 5.72 0 29.48 5.72 0
4 14 29.48 5.72 0 38.06 5.72 0 38.06 5.83 0 29.48 5.83 0
4 14 29.48 5.83 0 38.17 5.83 0 38.17 5.94 0 29.48 5.94 0
4 14 29.48 5.94 0 38.28 5.94 0 38.28 6.16 0 29.48 6.16 0
4 14 29.48 6.16 0 38.39 6.16 0 38.39 6.27 0 29.48 6.27 0
4 14 29.48 6.27 0 38.5 6.27 0 38.5 6.38 0 29.48 6.38 0
4 14 29.48 6.38 0 38.61 6.38 0 38.61 6.49 0 29.48 6.49 0
4 14 29.48 6.49 0 38.72 6.49 0 38.72 6.6 0 29.48 6.6 0
4 14 29.48 6.6 0 38.83 6.6 0 38.83 6.82 0 29.48 6.82 0
4 14 29.48 6.82 0 38.94 6.82 0 38.94 6.93 0 29.48 6.93 0
4 14 29.48 6.93 0 39.05 6.93 0 39.05 7.04 0 29.48 7.04 0
4 14 29.48 7.04 0 39.16 7.04 0 39.16 7.15 0 29.48 7.15 0
4 14 29.48 7.15 0 39.27 7.15 0 39.27 7.26 0 29.48 7.26 0
4 14 29.48 7.26 0 39.38 7.26 0 39.38 7.48 0 29.48 7.48 0
4 14 29.48 7.48 0 39.49 7.48 0 39.49 7.59 0 29.48 7.59 0
4 14 29.48 7.59 0 39.6 7.59 0 39.6 7.7 0 29.48 7.7 0
4 14 29.48 7.7 0 39.71 7.7 0 39.71 7.81 0 29.48 7.81 0
4 14 29.48 7.81 0 39.82 7.81 0 39.82 7.92 0 29.48 7.92 0
4 14 29.48 7.92 0 39.93 7.92 0 39.93 8.14 0 29.48 8.14 0
4 14 29.48 8.14 0 40.04 8.14 0 40.04 8.25 0 29.48 8.25 0
4 14 29.48 8.25 0 40.15 8.25 0 40.15 8.36 0 29.48 8.36 0
4 14 29.48 8.36 0 40.26 8.36 0 40.26 8.47 0 29.48 8.47 0
4 14 29.48 8.47 0 40.37 8.47 0 40.37 8.58 0 29.48 8.58 0
4 14 29.48 8.58 0 40.48 8.58 0 40.48 8.8 0 29.48 8.8 0
4 14 29.48 8.8 0 40.59 8.8 0 40.59 8.91 0 29.48 8.91 0
4 14 29.48 8.91 0 40.7 8.91 0 40.7 9.02 0 29.48 9.02 0
4 14 29.48 9.02 0 40.81 9.02 0 40.81 9.13 0 29.48 9.13 0
4 14 29.48 9.13 0 40.92 9.13 0 40.92 9.24 0 29.48 9.24 0
4 14 29.48 9.24 0 41.03 9.24 0 41.03 9.35 0 29.48 9.35 0
4 14 29.48 9.35 0 41.14 9.35 0 41.14 9.57 0 29.48 9.57 0
4 14 29.48 9.57 0 41.25 9.57 0 41.25 9.68 0 29.48 9.68 0
4 14 29.48 9.68 0 41.36 9.68 0 41.36 9.79 0 29.48 9.79 0
4 14 29.48 9.79 0 41.47 9.79 0 41.47 9.9 0 29.48 9.9 0
4 14 29.48 9.9 0 41.58 9.9 0 41.58 10.01 0 29.48 10.01 0
4 14 29.48 10.01 0 41.69 10.01 0 41.69 10.12 0 29.48 10.12 0
4 14 29.48 10.12 0 41.8 10.12 0 41.8 10.34 0 29.48 10.34 0
4 14 29.48 10.34 0 41.91 10.34 0 41.91 10.45 0 29.48 10.45 0
4 14 29.48 10.45 0 42.02 10.45 0 42.02 10.56 0 29.48 10.56 0
4 14 29.48 10.56 0 42.13 10.56 0 42.13 10.67 0 29.48 10.67 0
4 14 29.48 10.67 0 42.24 10.67 0 42.24 10.78 0 29.48 10.78 0
4 14 29.48 10.78 0 42.35 10.78 0 42.35 10.89 0 29.48 10.89 0
4 0 29.37 10.89 0 29.48 10.89 0 29.48 11.11 0 29.37 11.11 0
4 14 29.48 10.89 0 42.46 10.89 0 42.46 11.11 0 29.48 11.11 0
4 14 29.48 11.11 0 42.57 11.11 0 42.57 11.22 0 29.48 11.22 0
4 0 29.26 11.11 0 29.48 11.11 0 29.48 11.33 0 29.26 11.33 0
4 14 29.48 11.22 0 42.68 11.22 0 42.68 11.33 0 29.48 11.33 0
4 14 29.48 11.33 0 42.79 11.33 0 42.79 11.44 0 29.48 11.44 0
4 0 29.15 11.33 0 29.48 11.33 0 29.48 11.55 0 29.15 11.55 0
4 14 29.48 11.44 0 42.9 11.44 0 42.9 11.55 0 29.48 11.55 0
4 0 29.04 11.55 0 29.48 11.55 0 29.48 11.77 0 29.04 11.77 0
4 14 29.48 11.55 0 43.01 11.55 0 43.01 11.77 0 29.48 11.77 0
4 14 29.48 11.77 0 43.12 11.77 0 43.12 11.88 0 29.48 11.88 0
4 0 28.93 11.77 0 29.48 11.77 0 29.48 11.99 0 28.93 11.99 0
4 14 29.48 11.88 0 43.23 11.88 0 43.23 11.99 0 29.48 11.99 0
4 14 29.48 11.99 0 43.34 11.99 0 43.34 12.1 0 29.48 12.1 0
4 0 28.82 11.99 0 29.48 11.99 0 29.48 12.21 0 28.82 12.21 0
4 14 29.48 12.1 0 43.45 12.1 0 43.45 12.21 0 29.48 12.21 0
4 14 29.48 12.21 0 43.56 12.21 0 43.56 12.32 0 29.48 12.32 0
4 0 28.71 12.21 0 29.48 12.21 0 29.48 12.43 0 28.71 12.43 0
4 14 29.48 12.32 0 43.67 12.32 0 43.67 12.54 0 29.48 12.54 0
4 0 28.6 12.43 0 29.48 12.43 0 29.48 12.65 0 28.6 12.65 0
4 14 29.48 12.54 0 43.78 12.54 0 43.78 12.65 0 29.48 12.65 0
4 14 29.48 12.65 0 43.89 12.65 0 43.89 12.76 0 29.48 12.76 0
4 0 28.49 12.65 0 29.48 12.65 0 29.48 12.87 0 28.49 12.87 0
4 14 29.48 12.76 0 44 12.76 0 44 12.87 0 29.48 12.87 0
4 14 29.48 12.87 0 44.11 12.87 0 44.11 12.98 0 29.48 12.98 0
4 0 28.38 12.87 0 29.48 12.87 0 29.48 13.09 0 28.38 13.09 0
4 14 29.48 12.98 0 44.22 12.98 0 44.22 13.09 0 29.48 13.09 0
4 0 28.27 13.09 0 29.48 13.09 0 29.48 13.31 0 28.27 13.31 0
4 14 29.48 13.09 0 44.33 13.09 0 44.33 13.31 0 29.48 13.31 0
4 14 29.48 13.31 0 44.44 13.31 0 44.44 13.42 0 29.48 13.42 0
4 0 28.16 13.31 0 29.48 13.31 0 29.48 13.53 0 28.16 13.53 0
4 14 29.48 13.42 0 44.55 13.42 0 44.55 13.53 0 29.48 13.53 0
4 14 29.48 13.53 0 44.66 13.53 0 44.66 13.64 0 29.48 13.64 0
4 0 28.05 13.53 0 29.48 13.53 0 29.48 13.75 0 28.05 13.75 0
4 14 29.48 13.64 0 44.77 13.64 0 44.77 13.75 0 29.48 13.75 0
4 14 29.48 13.75 0 44.88 13.75 0 44.88 13.86 0 29.48 13.86 0
4 0 27.94 13.75 0 29.48 13.75 0 29.48 13.97 0 27.94 13.97 0
4 14 29.48 13.86 0 44.99 13.86 0 44.99 14.08 0 29.48 14.08 0
4 0 27.83 13.97 0 29.48 13.97 0 29.48 14.19 0 27.83 14.19 0
4 14 29.48 14.08 0 45.1 14.08 0 45.1 14.19 0 29.48 14.19 0
4 14 29.48 14.19 0 45.21 14.19 0 45.21 14.3 0 29.48 14.3 0
4 0 27.72 14.19 0 29.48 14.19 0 29.48 14.41 0 27.72 14.41 0
4 14 29.48 14.3 0 45.32 14.3 0 45.32 14.41 0 29.48 14.41 0
4 14 29.48 14.41 0 45.43 14.41 0 45.43 14.52 0 29.48 14.52 0
4 0 27.61 14.41 0 29.48 14.41 0 29.48 14.63 0 27.61 14.63 0
4 14 29.48 14.52 0 45.54 14.52 0 45.54 14.74 0 29.48 14.74 0
4 0 27.5 14.63 0 29.48 14.63 0 29.48 14.85 0 27.5 14.85 0
4 14 29.48 14.74 0 45.65 14.74 0 45.65 14.85 0 29.48 14.85 0
4 14 29.48 14.85 0 45.76 14.85 0 45.76 14.96 0 29.48 14.96 0
4 0 27.39 14.85 0 29.48 14.85 0 29.48 15.07 0 27.39 15.07 0
4 14 29.48 14.96 0 45.87 14.96 0 45.87 15.07 0 29.48 15.07 0
4 14 29.48 15.07 0 45.98 15.07 0 45.98 15.18 0 29.48 15.18 0
4 0 27.28 15.07 0 29.48 15.07 0 29.48 15.29 0 27.28 15.29 0
4 14 29.48 15.18 0 46.09 15.18 0 46.09 15.29 0 29.48 15.29 0
4 14 40.15 15.29 0 46.2 15.29 0 46.2 15.4 0 40.15 15.4 0
4 0 27.17 15.29 0 40.15 15.29 0 40.15 15.51 0 27.17 15.51 0
4 14 40.15 15.4 0 46.31 15.4 0 46.31 15.62 0 40.15 15.62 0
4 0 27.06 15.51 0 40.15 15.51 0 40.15 15.73 0 27.06 15.73 0
4 14 40.15 15.62 0 46.42 15.62 0 46.42 15.73 0 40.15 15.73 0
4 14 40.15 15.73 0 46.53 15.73 0 46.53 15.84 0 40.15 15.84 0
4 0 26.95 15.73 0 40.15 15.73 0 40.15 15.95 0 26.95 15.95 0
4 14 40.15 15.84 0 46.64 15.84 0 46.64 15.95 0 40.15 15.95 0
4 14 40.15 15.95 0 46.75 15.95 0 46.75 16.06 0 40.15 16.06 0
4 0 26.84 15.95 0 40.15 15.95 0 40.15 16.17 0 26.84 16.17 0
4 14 40.15 16.06 0 46.86 16.06 0 46.86 16.17 0 40.15 16.17 0
4 0 26.73 16.17 0 40.15 16.17 0 40.15 16.39 0 26.73 16.39 0
4 14 40.15 16.17 0 46.97 16.17 0 46.97 16.39 0 40.15 16.39 0
4 14 40.15 16.39 0 47.08 16.39 0 47.08 16.5 0 40.15 16.5 0
4 0 26.62 16.39 0 40.15 16.39 0 40.15 16.61 0 26.62 16.61 0
4 14 40.15 16.5 0 47.19 16.5 0 47.19 16.61 0 40.15 16.61 0
4 14 40.15 16.61 0 47.3 16.61 0 47.3 16.72 0 40.15 16.72 0
4 0 26.51 16.61 0 40.15 16.61 0 40.15 16.83 0 26.51 16.83 0
4 14 40.15 16.72 0 47.41 16.72 0 47.41 16.83 0 40.15 16.83 0
4 14 40.15 16.83 0 47.52 16.83 0 47.52 16.94 0 40.15 16.94 0
4 0 26.4 16.83 0 40.15 16.83 0 40.15 17.05 0 26.4 17.05 0
4 14 40.15 16.94 0 47.63 16.94 0 47.63 17.16 0 40.15 17.16 0
4 0 26.29 17.05 0 40.15 17.05 0 40.15 17.27 0 26.29 17.27 0
4 14 40.15 17.16 0 47.74 17.16 0 47.74 17.27 0 40.15 17.27 0
4 14 40.15 17.27 0 47.85 17.27 0 47.85 17.38 0 40.15 17.38 0
4 0 26.18 17.27 0 40.15 17.27 0 40.15 17.49 0 26.18 17.49 0
4 14 40.15 17.38 0 47.96 17.38 0 47.96 17.49 0 40.15 17.49 0
4 14 40.15 17.49 0 48.07 17.49 0 48.07 17.6 0 40.15 17.6 0
4 0 26.07 17.49 0 40.15 17.49 0 40.15 17.71 0 26.07 17.71 0
4 14 40.15 17.6 0 48.18 17.6 0 48.18 17.82 0 40.15 17.82 0
4 0 25.96 17.71 0 40.15 17.71 0 40.15 17.93 0 25.96 17.93 0
4 14 40.15 17.82 0 48.29 17.82 0 48.29 17.93 0 40.15 17.93 0
4 14 40.15 17.93 0 48.4 17.93 0 48.4 18.04 0 40.15 18.04 0
4 0 25.85 17.93 0 40.15 17.93 0 40.15 18.15 0 25.85 18.15 0
4 14 40.15 18.04 0 48.51 18.04 0 48.51 18.15 0 40.15 18.15 0
4 14 40.15 18.15 0 48.62 18.15 0 48.62 18.26 0 40.15 18.26 0
4 0 25.74 18.15 0 40.15 18.15 0 40.15 18.37 0 25.74 18.37 0
4 14 40.15 18.26 0 48.73 18.26 0 48.73 18.37 0 40.15 18.37 0
4 0 25.63 18.37 0 40.15 18.37 0 40.15 18.59 0 25.63 18.59 0
4 14 40.15 18.37 0 48.84 18.37 0 48.84 18.59 0 40.15 18.59 0
4 14 40.15 18.59 0 48.95 18.59 0 48.95 18.7 0 40.15 18.7 0
4 0 25.52 18.59 0 40.15 18.59 0 40.15 18.81 0 25.52 18.81 0
4 14 40.15 18.7 0 49.06 18.7 0 49.06 18.81 0 40.15 18.81 0
4 14 40.15 18.81 0 49.17 18.81 0 49.17 18.92 0 40.15 18.92 0
4 0 25.41 18.81 0 40.15 18.81 0 40.15 19.03 0 25.41 19.03 0
4 14 40.15 18.92 0 49.28 18.92 0 49.28 19.03 0 40.15 19.03 0
4 14 40.15 19.03 0 49.39 19.03 0 49.39 19.14 0 40.15 19.14 0
4 0 25.3 19.03 0 40.15 19.03 0 40.15 19.25 0 25.3 19.25 0
4 14 40.15 19.14 0 49.5 19.14 0 49.5 19.36 0 40.15 19.36 0
4 0 25.19 19.25 0 40.15 19.25 0 40.15 19.47 0 25.19 19.47 0
4 14 40.15 19.36 0 49.61 19.36 0 49.61 19.47 0 40.15 19.47 0
4 14 40.15 19.47 0 49.72 19.47 0 49.72 19.58 0 40.15 19.58 0
4 14 40.15 19.58 0 49.83 19.58 0 49.83 19.69 0 40.15 19.69 0
4 14 40.15 19.69 0 49.94 19.69 0 49.94 19.8 0 40.15 19.8 0
4 14 40.15 19.8 0 50.05 19.8 0 50.05 19.91 0 40.15 19.91 0
4 14 40.15 19.91 0 50.16 19.91 0 50.16 20.13 0 40.15 20.13 0
4 14 40.15 20.13 0 50.27 20.13 0 50.27 20.24 0 40.15 20.24 0
4 14 40.15 20.24 0 50.38 20.24 0 50.38 20.35 0 40.15 20.35 0
4 14 40.15 20.35 0 50.49 20.35 0 50.49 20.46 0 40.15 20.46 0
4 14 40.15 20.46 0 50.6 20.46 0 50.6 20.57 0 40.15 20.57 0
4 14 40.15 20.57 0 50.71 20.57 0 50.71 20.68 0 40.15 20.68 0
4 14 40.15 20.68 0 50.82 20.68 0 50.82 20.9 0 40.15 20.9 0
4 14 40.15 20.9 0 50.93 20.9 0 50.93 21.01 0 40.15 21.01 0
4 14 40.15 21.01 0 51.04 21.01 0 51.04 21.12 0 40.15 21.12 0
4 14 40.15 21.12 0 51.15 21.12 0 51.15 21.23 0 40.15 21.23 0
4 14 40.15 21.23 0 51.26 21.23 0 51.26 21.34 0 40.15 21.34 0
4 14 40.15 21.34 0 51.37 21.34 0 51.37 21.56 0 40.15 21.56 0
4 14 40.15 21.56 0 51.48 21.56 0 51.48 21.67 0 40.15 21.67 0
4 14 40.15 21.67 0 51.59 21.67 0 51.59 21.78 0 40.15 21.78 0
4 14 40.15 21.78 0 51.7 21.78 0 51.7 21.89 0 40.15 21.89 0
4 14 40.15 21.89 0 51.81 21.89 0 51.81 22 0 40.15 22 0
4 14 40.15 22 0 51.92 22 0 51.92 22.11 0 40.15 22.11 0
4 14 40.15 22.11 0 52.03 22.11 0 52.03 22.33 0 40.15 22.33 0
4 14 40.15 22.33 0 52.14 22.33 0 52.14 22.44 0 40.15 22.44 0
4 14 40.15 22.44 0 52.25 22.44 0 52.25 22.55 0 40.15 22.55 0
4 14 40.15 22.55 0 52.36 22.55 0 52.36 22.66 0 40.15 22.66 0
4 14 40.15 22.66 0 52.47 22.66 0 52.47 22.77 0 40.15 22.77 0
4 14 40.15 22.77 0 52.58 22.77 0 52.58 22.88 0 40.15 22.88 0
4 0 25.08 19.47 0 40.15 19.47 0 40.15 22.99 0 25.08 22.99 0
4 14 40.15 22.88 0 52.69 22.88 0 52.69 22.99 0 40.15 22.99 0
4 14 29.48 22.99 0 52.69 22.99 0 52.69 23.1 0 29.48 23.1 0
4 14 29.48 23.1 0 52.8 23.1 0 52.8 23.21 0 29.48 23.21 0
4 14 29.48 23.21 0 52.91 23.21 0 52.91 23.32 0 29.48 23.32 0
4 14 29.48 23.32 0 53.02 23.32 0 53.02 23.43 0 29.48 23.43 0
4 14 29.48 23.43 0 53.13 23.43 0 53.13 23.54 0 29.48 23.54 0
4 14 29.48 23.54 0 53.24 23.54 0 53.24 23.65 0 29.48 23.65 0
4 14 29.48 23.65 0 53.35 23.65 0 53.35 23.87 0 29.48 23.87 0
4 14 29.48 23.87 0 53.46 23.87 0 53.46 23.98 0 29.48 23.98 0
4 14 29.48 23.98 0 53.57 23.98 0 53.57 24.09 0 29.48 24.09 0
4 14 29.48 24.09 0 53.68 24.09 0 53.68 24.2 0 29.48 24.2 0
4 14 29.48 24.2 0 53.79 24.2 0 53.79 24.31 0 29.48 24.31 0
4 14 29.48 24.31 0 53.9 24.31 0 53.9 24.53 0 29.48 24.53 0
4 14 29.48 24.53 0 54.01 24.53 0 54.01 24.64 0 29.48 24.64 0
4 14 29.48 24.64 0 54.12 24.64 0 54.12 24.75 0 29.48 24.75 0
4 14 29.48 24.75 0 54.23 24.75 0 54.23 24.86 0 29.48 24.86 0
4 14 29.48 24.86 0 54.34 24.86 0 54.34 24.97 0 29.48 24.97 0
4 14 29.48 24.97 0 54.45 24.97 0 54.45 25.08 0 29.48 25.08 0
4 14 29.48 25.08 0 54.56 25.08 0 54.56 25.3 0 29.48 25.3 0
4 14 29.48 25.3 0 54.67 25.3 0 54.67 25.41 0 29.48 25.41 0
4 14 29.48 25.41 0 54.78 25.41 0 54.78 25.52 0 29.48 25.52 0
4 14 29.48 25.52 0 54.89 25.52 0 54.89 25.63 0 29.48 25.63 0
4 14 29.48 25.63 0 55 25.63 0 55 25.74 0 29.48 25.74 0
4 14 29.48 25.74 0 55.11 25.74 0 55.11 25.85 0 29.48 25.85 0
4 14 29.48 25.85 0 55.22 25.85 0 55.22 26.07 0 29.48 26.07 0
4 14 29.48 26.07 0 55.33 26.07 0 55.33 26.18 0 29.48 26.18 0
4 14 29.48 26.18 0 55.44 26.18 0 55.44 26.29 0 29.48 26.29 0
4 14 29.48 26.29 0 55.55 26.29 0 55.55 26.4 0 29.48 26.4 0
4 14 29.48 26.4 0 55.66 26.4 0 55.66 26.51 0 29.48 26.51 0
4 14 29.48 26.51 0 55.77 26.51 0 55.77 26.62 0 29.48 26.62 0
4 14 29.48 26.62 0 55.88 26.62 0 55.88 26.84 0 29.48 26.84 0
4 14 29.48 26.84 0 55.99 26.84 0 55.99 26.95 0 29.48 26.95 0
4 14 29.48 26.95 0 56.1 26.95 0 56.1 27.06 0 29.48 27.06 0
4 14 29.48 27.06 0 56.21 27.06 0 56.21 27.17 0 29.48 27.17 0
4 14 29.48 27.17 0 56.32 27.17 0 56.32 27.28 0 29.48 27.28 0
4 14 29.48 27.28 0 56.43 27.28 0 56.43 27.39 0 29.48 27.39 0
4 14 29.48 27.39 0 56.54 27.39 0 56.54 27.61 0 29.48 27.61 0
4 14 29.48 27.61 0 56.65 27.61 0 56.65 27.72 0 29.48 27.72 0
4 14 29.48 27.72 0 56.76 27.72 0 56.76 27.83 0 29.48 27.83 0
4 14 29.48 27.83 0 56.87 27.83 0 56.87 27.94 0 29.48 27.94 0
4 14 29.48 27.94 0 56.98 27.94 0 56.98 28.05 0 29.48 28.05 0
4 14 29.48 28.05 0 57.09 28.05 0 57.09 28.27 0 29.48 28.27 0
4 14 29.48 28.27 0 57.2 28.27 0 57.2 28.38 0 29.48 28.38 0
4 14 29.48 28.38 0 57.31 28.38 0 57.31 28.49 0 29.48 28.49 0
4 14 29.48 28.49 0 57.42 28.49 0 57.42 28.6 0 29.48 28.6 0
4 14 29.48 28.6 0 57.53 28.6 0 57.53 28.71 0 29.48 28.71 0
4 14 29.48 28.71 0 57.64 28.71 0 57.64 28.82 0 29.48 28.82 0
4 14 29.48 28.82 0 57.75 28.82 0 57.75 29.04 0 29.48 29.04 0
4 14 29.48 29.04 0 57.86 29.04 0 57.86 29.15 0 29.48 29.15 0
4 14 29.48 29.15 0 57.97 29.15 0 57.97 29.26 0 29.48 29.26 0
4 14 29.48 29.26 0 58.08 29.26 0 58.08 29.37 0 29.48 29.37 0
4 14 29.48 29.37 0 58.19 29.37 0 58.19 29.48 0 29.48 29.48 0
4 14 29.48 29.48 0 58.3 29.48 0 58.3 29.59 0 29.48 29.59 0
4 14 29.48 29.59 0 58.41 29.59 0 58.41 29.81 0 29.48 29.81 0
4 14 29.48 29.81 0 58.52 29.81 0 58.52 29.92 0 29.48 29.92 0
4 14 29.48 29.92 0 58.63 29.92 0 58.63 30.03 0 29.48 30.03 0
4 14 29.48 30.03 0 58.74 30.03 0 58.74 30.14 0 29.48 30.14 0
4 14 29.48 30.14 0 58.85 30.14 0 58.85 30.25 0 29.48 30.25 0
4 14 29.48 30.25 0 58.96 30.25 0 58.96 30.36 0 29.48 30.36 0
4 14 29.48 30.36 0 59.07 30.36 0 59.07 30.58 0 29.48 30.58 0
4 0 25.08 22.99 0 29.48 22.99 0 29.48 30.69 0 25.08 30.69 0
4 14 29.48 30.58 0 59.18 30.58 0 59.18 30.69 0 29.48 30.69 0
4 14 40.15 30.69 0 59.29 30.69 0 59.29 30.8 0 40.15 30.8 0
4 14 40.15 30.8 0 59.4 30.8 0 59.4 30.91 0 40.15 30.91 0
4 14 40.15 30.91 0 59.51 30.91 0 59.51 31.02 0 40.15 31.02 0
4 14 40.15 31.02 0 59.62 31.02 0 59.62 31.24 0 40.15 31.24 0
4 0 19.14 31.13 0 19.25 31.13 0 19.25 31.35 0 19.14 31.35 0
4 14 40.15 31.24 0 59.73 31.24 0 59.73 31.35 0 40.15 31.35 0
4 14 40.15 31.35 0 59.84 31.35 0 59.84 31.46 0 40.15 31.46 0
4 0 19.03 31.35 0 19.25 31.35 0 19.25 31.57 0 19.03 31.57 0
4 14 40.15 31.46 0 59.95 31.46 0 59.95 31.57 0 40.15 31.57 0
4 14 40.15 31.57 0 60.06 31.57 0 60.06 31.68 0 40.15 31.68 0
4 0 18.92 31.57 0 19.25 31.57 0 19.25 31.79 0 18.92 31.79 0
4 14 40.15 31.68 0 60.17 31.68 0 60.17 31.79 0 40.15 31.79 0
4 0 18.81 31.79 0 19.25 31.79 0 19.25 32.01 0 18.81 32.01 0
4 14 40.15 31.79 0 60.28 31.79 0 60.28 32.01 0 40.15 32.01 0
4 14 40.15 32.01 0 60.39 32.01 0 60.39 32.12 0 40.15 32.12 0
4 0 18.7 32.01 0 19.25 32.01 0 19.25 32.23 0 18.7 32.23 0
4 14 40.15 32.12 0 60.5 32.12 0 60.5 32.23 0 40.15 32.23 0
4 14 40.15 32.23 0 60.61 32.23 0 60.61 32.34 0 40.15 32.34 0
4 0 18.59 32.23 0 19.25 32.23 0 19.25 32.45 0 18.59 32.45 0
4 14 40.15 32.34 0 60.72 32.34 0 60.72 32.45 0 40.15 32.45 0
4 14 40.15 32.45 0 60.83 32.45 0 60.83 32.56 0 40.15 32.56 0
4 0 18.48 32.45 0 19.25 32.45 0 19.25 32.67 0 18.48 32.67 0
4 14 40.15 32.56 0 60.94 32.56 0 60.94 32.78 0 40.15 32.78 0
4 0 18.37 32.67 0 19.25 32.67 0 19.25 32.89 0 18.37 32.89 0
4 14 40.15 32.78 0 61.05 32.78 0 61.05 32.89 0 40.15 32.89 0
4 14 40.15 32.89 0 61.16 32.89 0 61.16 33 0 40.15 33 0
4 0 18.26 32.89 0 19.25 32.89 0 19.25 33.11 0 18.26 33.11 0
4 14 40.15 33 0 61.27 33 0 61.27 33.11 0 40.15 33.11 0
4 14 40.15 33.11 0 61.38 33.11 0 61.38 33.22 0 40.15 33.22 0
4 0 18.15 33.11 0 19.25 33.11 0 19.25 33.33 0 18.15 33.33 0
4 14 40.15 33.22 0 61.49 33.22 0 61.49 33.33 0 40.15 33.33 0
4 0 18.04 33.33 0 19.25 33.33 0 19.25 33.55 0 18.04 33.55 0
4 14 40.15 33.33 0 61.6 33.33 0 61.6 33.55 0 40.15 33.55 0
4 14 40.15 33.55 0 61.71 33.55 0 61.71 33.66 0 40.15 33.66 0
4 0 17.93 33.55 0 19.25 33.55 0 19.25 33.77 0 17.93 33.77 0
4 14 40.15 33.66 0 61.82 33.66 0 61.82 33.77 0 40.15 33.77 0
4 14 40.15 33.77 0 61.93 33.77 0 61.93 33.88 0 40.15 33.88 0
4 0 17.82 33.77 0 19.25 33.77 0 19.25 33.99 0 17.82 33.99 0
4 14 40.15 33.88 0 62.04 33.88 0 62.04 33.99 0 40.15 33.99 0
4 14 40.15 33.99 0 62.15 33.99 0 62.15 34.1 0 40.15 34.1 0
4 0 17.71 33.99 0 19.25 33.99 0 19.25 34.21 0 17.71 34.21 0
4 14 40.15 34.1 0 62.26 34.1 0 62.26 34.32 0 40.15 34.32 0
4 0 17.6 34.21 0 19.25 34.21 0 19.25 34.43 0 17.6 34.43 0
4 14 40.15 34.32 0 62.37 34.32 0 62.37 34.43 0 40.15 34.43 0
4 14 40.15 34.43 0 62.48 34.43 0 62.48 34.54 0 40.15 34.54 0
4 0 17.49 34.43 0 19.25 34.43 0 19.25 34.65 0 17.49 34.65 0
4 14 40.15 34.54 0 62.59 34.54 0 62.59 34.65 0 40.15 34.65 0
4 14 40.15 34.65 0 62.7 34.65 0 62.7 34.76 0 40.15 34.76 0
4 0 17.38 34.65 0 19.25 34.65 0 19.25 34.87 0 17.38 34.87 0
4 14 40.15 34.76 0 62.81 34.76 0 62.81 34.98 0 40.15 34.98 0
4 0 17.27 34.87 0 19.25 34.87 0 19.25 35.09 0 17.27 35.09 0
4 14 40.15 34.98 0 62.92 34.98 0 62.92 35.09 0 40.15 35.09 0
4 14 40.15 35.09 0 63.03 35.09 0 63.03 35.2 0 40.15 35.2 0
4 0 17.16 35.09 0 19.25 35.09 0 19.25 35.31 0 17.16 35.31 0
4 14 40.15 35.2 0 63.14 35.2 0 63.14 35.31 0 40.15 35.31 0
4 14 40.15 35.31 0 63.25 35.31 0 63.25 35.42 0 40.15 35.42 0
4 0 17.05 35.31 0 19.25 35.31 0 19.25 35.53 0 17.05 35.53 0
4 14 40.15 35.42 0 63.36 35.42 0 63.36 35.53 0 40.15 35.53 0
4 0 16.94 35.53 0 19.25 35.53 0 19.25 35.75 0 16.94 35.75 0
4 14 40.15 35.53 0 63.47 35.53 0 63.47 35.75 0 40.15 35.75 0
4 14 40.15 35.75 0 63.58 35.75 0 63.58 35.86 0 40.15 35.86 0
4 0 16.83 35.75 0 19.25 35.75 0 19.25 35.97 0 16.83 35.97 0
4 14 40.15 35.86 0 63.69 35.86 0 63.69 35.97 0 40.15 35.97 0
4 14 40.15 35.97 0 63.8 35.97 0 63.8 36.08 0 40.15 36.08 0
4 0 16.72 35.97 0 19.25 35.97 0 19.25 36.19 0 16.72 36.19 0
4 14 40.15 36.08 0 63.91 36.08 0 63.91 36.19 0 40.15 36.19 0
4 14 40.15 36.19 0 64.02 36.19 0 64.02 36.3 0 40.15 36.3 0
4 0 16.61 36.19 0 19.25 36.19 0 19.25 36.41 0 16.61 36.41 0
4 14 40.15 36.3 0 64.13 36.3 0 64.13 36.52 0 40.15 36.52 0
4 0 16.5 36.41 0 19.25 36.41 0 19.25 36.63 0 16.5 36.63 0
4 14 40.15 36.52 0 64.24 36.52 0 64.24 36.63 0 40.15 36.63 0
4 14 40.15 36.63 0 64.35 36.63 0 64.35 36.74 0 40.15 36.74 0
4 0 16.39 36.63 0 19.25 36.63 0 19.25 36.85 0 16.39 36.85 0
4 14 40.15 36.74 0 64.46 36.74 0 64.46 36.85 0 40.15 36.85 0
4 14 40.15 36.85 0 64.57 36.85 0 64.57 36.96 0 40.15 36.96 0
4 0 16.28 36.85 0 19.25 36.85 0 19.25 37.07 0 16.28 37.07 0
4 14 40.15 36.96 0 64.68 36.96 0 64.68 37.07 0 40.15 37.07 0
4 0 16.17 37.07 0 19.25 37.07 0 19.25 37.29 0 16.17 37.29 0
4 14 40.15 37.07 0 64.79 37.07 0 64.79 37.29 0 40.15 37.29 0
4 14 40.15 37.29 0 64.9 37.29 0 64.9 37.4 0 40.15 37.4 0
4 0 16.06 37.29 0 19.25 37.29 0 19.25 37.51 0 16.06 37.51 0
4 14 40.15 37.4 0 65.01 37.4 0 65.01 37.51 0 40.15 37.51 0
4 14 40.15 37.51 0 65.12 37.51 0 65.12 37.62 0 40.15 37.62 0
4 0 15.95 37.51 0 19.25 37.51 0 19.25 37.73 0 15.95 37.73 0
4 14 40.15 37.62 0 65.23 37.62 0 65.23 37.73 0 40.15 37.73 0
4 0 15.84 37.73 0 19.25 37.73 0 19.25 37.95 0 15.84 37.95 0
4 14 40.15 37.73 0 65.34 37.73 0 65.34 37.95 0 40.15 37.95 0
4 14 40.15 37.95 0 65.45 37.95 0 65.45 38.06 0 40.15 38.06 0
4 0 15.73 37.95 0 19.25 37.95 0 19.25 38.17 0 15.73 38.17 0
4 14 40.15 38.06 0 65.56 38.06 0 65.56 38.17 0 40.15 38.17 0
4 14 40.15 38.17 0 65.67 38.17 0 65.67 38.28 0 40.15 38.28 0
4 0 15.62 38.17 0 19.25 38.17 0 19.25 38.39 0 15.62 38.39 0
4 0 25.08 30.69 0 40.15 30.69 0 40.15 38.39 0 25.08 38.39 0
4 14 40.15 38.28 0 65.78 38.28 0 65.78 38.39 0 40.15 38.39 0
4 14 29.48 38.39 0 65.89 38.39 0 65.89 38.5 0 29.48 38.5 0
4 0 15.51 38.39 0 19.25 38.39 0 19.25 38.61 0 15.51 38.61 0
4 14 29.48 38.5 0 66 38.5 0 66 38.72 0 29.48 38.72 0
4 0 15.4 38.61 0 19.25 38.61 0 19.25 38.83 0 15.4 38.83 0
4 14 29.48 38.72 0 66.11 38.72 0 66.11 38.83 0 29.48 38.83 0
4 14 29.48 38.83 0 66.22 38.83 0 66.22 38.94 0 29.48 38.94 0
4 0 15.29 38.83 0 19.25 38.83 0 19.25 39.05 0 15.29 39.05 0
4 14 29.48 38.94 0 66.33 38.94 0 66.33 39.05 0 29.48 39.05 0
4 14 29.48 39.05 0 66.44 39.05 0 66.44 39.16 0 29.48 39.16 0
4 14 29.48 39.16 0 66.55 39.16 0 66.55 39.27 0 29.48 39.27 0
4 14 29.48 39.27 0 66.66 39.27 0 66.66 39.49 0 29.48 39.49 0
4 14 29.48 39.49 0 66.77 39.49 0 66.77 39.6 0 29.48 39.6 0
4 14 29.48 39.6 0 66.88 39.6 0 66.88 39.71 0 29.48 39.71 0
4 14 29.48 39.71 0 66.99 39.71 0 66.99 39.82 0 29.48 39.82 0
4 14 29.48 39.82 0 67.1 39.82 0 67.1 39.93 0 29.48 39.93 0
4 14 29.48 39.93 0 67.21 39.93 0 67.21 40.04 0 29.48 40.04 0
4 14 29.48 40.04 0 67.32 40.04 0 67.32 40.26 0 29.48 40.26 0
4 14 29.48 40.26 0 67.43 40.26 0 67.43 40.37 0 29.48 40.37 0
4 14 29.48 40.37 0 67.54 40.37 0 67.54 40.48 0 29.48 40.48 0
4 14 29.48 40.48 0 67.65 40.48 0 67.65 40.59 0 29.48 40.59 0
4 14 29.48 40.59 0 67.76 40.59 0 67.76 40.7 0 29.48 40.7 0
4 14 29.48 40.7 0 67.87 40.7 0 67.87 40.81 0 29.48 40.81 0
4 14 29.48 40.81 0 67.98 40.81 0 67.98 41.03 0 29.48 41.03 0
4 14 29.48 41.03 0 68.09 41.03 0 68.09 41.14 0 29.48 41.14 0
4 14 29.48 41.14 0 68.2 41.14 0 68.2 41.25 0 29.48 41.25 0
4 14 29.48 41.25 0 68.31 41.25 0 68.31 41.36 0 29.48 41.36 0
4 14 29.48 41.36 0 68.42 41.36 0 68.42 41.47 0 29.48 41.47 0
4 14 29.48 41.47 0 68.53 41.47 0 68.53 41.69 0 29.48 41.69 0
4 14 29.48 41.69 0 68.64 41.69 0 68.64 41.8 0 29.48 41.8 0
4 14 29.48 41.8 0 68.75 41.8 0 68.75 41.91 0 29.48 41.91 0
4 14 29.48 41.91 0 68.86 41.91 0 68.86 42.02 0 29.48 42.02 0
4 14 29.48 42.02 0 68.97 42.02 0 68.97 42.13 0 29.48 42.13 0
4 14 29.48 42.13 0 69.08 42.13 0 69.08 42.24 0 29.48 42.24 0
4 14 29.48 42.24 0 69.19 42.24 0 69.19 42.46 0 29.48 42.46 0
4 14 29.48 42.46 0 69.3 42.46 0 69.3 42.57 0 29.48 42.57 0
4 14 29.48 42.57 0 69.41 42.57 0 69.41 42.68 0 29.48 42.68 0
4 14 29.48 42.68 0 69.52 42.68 0 69.52 42.79 0 29.48 42.79 0
4 14 29.48 42.79 0 69.63 42.79 0 69.63 42.9 0 29.48 42.9 0
4 14 29.48 42.9 0 69.74 42.9 0 69.74 43.01 0 29.48 43.01 0
4 14 29.48 43.01 0 69.85 43.01 0 69.85 43.23 0 29.48 43.23 0
4 14 29.48 43.23 0 69.96 43.23 0 69.96 43.34 0 29.48 43.34 0
4 14 29.48 43.34 0 70.07 43.34 0 70.07 43.45 0 29.48 43.45 0
4 14 29.48 43.45 0 70.18 43.45 0 70.18 43.56 0 29.48 43.56 0
4 14 29.48 43.56 0 70.29 43.56 0 70.29 43.67 0 29.48 43.67 0
4 14 29.48 43.67 0 70.4 43.67 0 70.4 43.78 0 29.48 43.78 0
4 14 29.48 43.78 0 70.51 43.78 0 70.51 44 0 29.48 44 0
4 14 29.48 44 0 70.62 44 0 70.62 44.11 0 29.48 44.11 0
4 14 29.48 44.11 0 70.73 44.11 0 70.73 44.22 0 29.48 44.22 0
4 14 29.48 44.22 0 70.84 44.22 0 70.84 44.33 0 29.48 44.33 0
4 14 29.48 44.33 0 70.95 44.33 0 70.95 44.44 0 29.48 44.44 0
4 14 29.48 44.44 0 71.06 44.44 0 71.06 44.66 0 29.48 44.66 0
4 14 29.48 44.66 0 71.17 44.66 0 71.17 44.77 0 29.48 44.77 0
4 14 29.48 44.77 0 71.28 44.77 0 71.28 44.88 0 29.48 44.88 0
4 14 29.48 44.88 0 71.39 44.88 0 71.39 44.99 0 29.48 44.99 0
4 14 29.48 44.99 0 71.5 44.99 0 71.5 45.1 0 29.48 45.1 0
4 14 29.48 45.1 0 71.61 45.1 0 71.61 45.21 0 29.48 45.21 0
4 14 29.48 45.21 0 71.72 45.21 0 71.72 45.43 0 29.48 45.43 0
4 14 29.48 45.43 0 71.83 45.43 0 71.83 45.54 0 29.48 45.54 0
4 14 29.48 45.54 0 71.94 45.54 0 71.94 45.65 0 29.48 45.65 0
4 14 29.48 45.65 0 72.05 45.65 0 72.05 45.76 0 29.48 45.76 0
4 0 25.08 38.39 0 29.48 38.39 0 29.48 45.87 0 25.08 45.87 0
4 14 29.48 45.76 0 72.16 45.76 0 72.16 45.87 0 29.48 45.87 0
4 14 40.15 45.87 0 72.27 45.87 0 72.27 45.98 0 40.15 45.98 0
4 14 40.15 45.98 0 72.38 45.98 0 72.38 46.2 0 40.15 46.2 0
4 14 40.15 46.2 0 72.49 46.2 0 72.49 46.31 0 40.15 46.31 0
4 14 40.15 46.31 0 72.6 46.31 0 72.6 46.42 0 40.15 46.42 0
4 14 40.15 46.42 0 72.71 46.42 0 72.71 46.53 0 40.15 46.53 0
4 14 40.15 46.53 0 72.82 46.53 0 72.82 46.64 0 40.15 46.64 0
4 14 40.15 46.64 0 72.93 46.64 0 72.93 46.75 0 40.15 46.75 0
4 14 40.15 46.75 0 73.04 46.75 0 73.04 46.97 0 40.15 46.97 0
4 14 40.15 46.97 0 73.15 46.97 0 73.15 47.08 0 40.15 47.08 0
4 14 40.15 47.08 0 73.26 47.08 0 73.26 47.19 0 40.15 47.19 0
4 14 40.15 47.19 0 73.37 47.19 0 73.37 47.3 0 40.15 47.3 0
4 14 40.15 47.3 0 73.48 47.3 0 73.48 47.41 0 40.15 47.41 0
4 14 40.15 47.41 0 73.59 47.41 0 73.59 47.52 0 40.15 47.52 0
4 14 40.15 47.52 0 73.7 47.52 0 73.7 47.74 0 40.15 47.74 0
4 14 40.15 47.74 0 73.81 47.74 0 73.81 47.85 0 40.15 47.85 0
4 14 40.15 47.85 0 73.92 47.85 0 73.92 47.96 0 40.15 47.96 0
4 14 40.15 47.96 0 74.03 47.96 0 74.03 48.07 0 40.15 48.07 0
4 14 40.15 48.07 0 74.14 48.07 0 74.14 48.18 0 40.15 48.18 0
4 14 40.15 48.18 0 74.25 48.18 0 74.25 48.4 0 40.15 48.4 0
4 14 40.15 48.4 0 74.36 48.4 0 74.36 48.51 0 40.15 48.51 0
4 14 40.15 48.51 0 74.47 48.51 0 74.47 48.62 0 40.15 48.62 0
4 14 40.15 48.62 0 74.58 48.62 0 74.58 48.73 0 40.15 48.73 0
4 14 40.15 48.73 0 74.69 48.73 0 74.69 48.84 0 40.15 48.84 0
4 14 40.15 48.84 0 74.8 48.84 0 74.8 48.95 0 40.15 48.95 0
4 14 40.15 48.95 0 74.91 48.95 0 74.91 49.17 0 40.15 49.17 0
4 14 40.15 49.17 0 75.02 49.17 0 75.02 49.28 0 40.15 49.28 0
4 14 40.15 49.28 0 75.13 49.28 0 75.13 49.39 0 40.15 49.39 0
4 14 40.15 49.39 0 75.24 49.39 0 75.24 49.5 0 40.15 49.5 0
4 14 40.15 49.5 0 75.35 49.5 0 75.35 49.61 0 40.15 49.61 0
4 14 40.15 49.61 0 75.46 49.61 0 75.46 49.72 0 40.15 49.72 0
4 14 40.15 49.72 0 75.57 49.72 0 75.57 49.94 0 40.15 49.94 0
4 14 40.15 49.94 0 75.68 49.94 0 75.68 50.05 0 40.15 50.05 0
4 14 40.15 50.05 0 75.79 50.05 0 75.79 50.16 0 40.15 50.16 0
4 14 40.15 50.16 0 75.9 50.16 0 75.9 50.27 0 40.15 50.27 0
4 14 40.15 50.27 0 76.01 50.27 0 76.01 50.38 0 40.15 50.38 0
4 14 40.15 50.38 0 76.12 50.38 0 76.12 50.49 0 40.15 50.49 0
4 14 40.15 50.49 0 76.23 50.49 0 76.23 50.71 0 40.15 50.71 0
4 14 40.15 50.71 0 76.34 50.71 0 76.34 50.82 0 40.15 50.82 0
4 14 40.15 50.82 0 76.45 50.82 0 76.45 50.93 0 40.15 50.93 0
4 0 9.24 50.82 0 9.35 50.82 0 9.35 51.04 0 9.24 51.04 0
4 14 40.15 50.93 0 76.56 50.93 0 76.56 51.04 0 40.15 51.04 0
4 14 40.15 51.04 0 76.67 51.04 0 76.67 51.15 0 40.15 51.15 0
4 0 9.13 51.04 0 9.35 51.04 0 9.35 51.26 0 9.13 51.26 0
4 14 40.15 51.15 0 76.78 51.15 0 76.78 51.37 0 40.15 51.37 0
4 0 9.02 51.26 0 9.35 51.26 0 9.35 51.48 0 9.02 51.48 0
4 14 40.15 51.37 0 76.89 51.37 0 76.89 51.48 0 40.15 51.48 0
4 14 40.15 51.48 0 77 51.48 0 77 51.59 0 40.15 51.59 0
4 0 8.91 51.48 0 9.35 51.48 0 9.35 51.7 0 8.91 51.7 0
4 14 40.15 51.59 0 77.11 51.59 0 77.11 51.7 0 40.15 51.7 0
4 14 40.15 51.7 0 77.22 51.7 0 77.22 51.81 0 40.15 51.81 0
4 0 8.8 51.7 0 9.35 51.7 0 9.35 51.92 0 8.8 51.92 0
4 14 40.15 51.81 0 77.33 51.81 0 77.33 51.92 0 40.15 51.92 0
4 0 8.69 51.92 0 9.35 51.92 0 9.35 52.14 0 8.69 52.14 0
4 14 40.15 51.92 0 77.44 51.92 0 77.44 52.14 0 40.15 52.14 0
4 14 40.15 52.14 0 77.55 52.14 0 77.55 52.25 0 40.15 52.25 0
4 0 8.58 52.14 0 9.35 52.14 0 9.35 52.36 0 8.58 52.36 0
4 14 40.15 52.25 0 77.66 52.25 0 77.66 52.36 0 40.15 52.36 0
4 14 40.15 52.36 0 77.77 52.36 0 77.77 52.47 0 40.15 52.47 0
4 0 8.47 52.36 0 9.35 52.36 0 9.35 52.58 0 8.47 52.58 0
4 14 40.15 52.47 0 77.88 52.47 0 77.88 52.58 0 40.15 52.58 0
4 14 40.15 52.58 0 77.99 52.58 0 77.99 52.69 0 40.15 52.69 0
4 0 8.36 52.58 0 9.35 52.58 0 9.35 52.8 0 8.36 52.8 0
4 14 40.15 52.69 0 78.1 52.69 0 78.1 52.91 0 40.15 52.91 0
4 0 8.25 52.8 0 9.35 52.8 0 9.35 53.02 0 8.25 53.02 0
4 14 40.15 52.91 0 78.21 52.91 0 78.21 53.02 0 40.15 53.02 0
4 0 8.14 53.02 0 9.35 53.02 0 9.35 53.13 0 8.14 53.13 0
4 14 40.15 53.02 0 78.32 53.02 0 78.32 53.13 0 40.15 53.13 0
4 14 40.15 53.13 0 78.43 53.13 0 78.43 53.24 0 40.15 53.24 0
4 0 8.03 53.13 0 9.35 53.13 0 9.35 53.35 0 8.03 53.35 0
4 14 40.15 53.24 0 78.54 53.24 0 78.54 53.35 0 40.15 53.35 0
4 0 7.92 53.35 0 9.35 53.35 0 9.35 53.46 0 7.92 53.46 0
4 0 15.18 39.05 0 19.25 39.05 0 19.25 53.46 0 15.18 53.46 0
4 0 25.08 45.87 0 40.15 45.87 0 40.15 53.46 0 25.08 53.46 0
4 14 40.15 53.35 0 78.65 53.35 0 78.65 53.46 0 40.15 53.46 0
4 0 7.92 53.46 0 40.15 53.46 0 40.15 53.57 0 7.92 53.57 0
4 14 40.15 53.46 0 78.76 53.46 0 78.76 53.57 0 40.15 53.57 0
4 14 29.48 53.57 0 78.76 53.57 0 78.76 53.68 0 29.48 53.68 0
4 0 7.81 53.57 0 29.48 53.57 0 29.48 53.79 0 7.81 53.79 0
4 14 29.48 53.68 0 78.87 53.68 0 78.87 53.79 0 29.48 53.79 0
4 14 29.48 53.79 0 78.98 53.79 0 78.98 53.9 0 29.48 53.9 0
4 0 7.7 53.79 0 29.48 53.79 0 29.48 54.01 0 7.7 54.01 0
4 14 29.48 53.9 0 79.09 53.9 0 79.09 54.01 0 29.48 54.01 0
4 14 29.48 54.01 0 79.2 54.01 0 79.2 54.12 0 29.48 54.12 0
4 0 7.59 54.01 0 29.48 54.01 0 29.48 54.23 0 7.59 54.23 0
4 14 29.48 54.12 0 79.31 54.12 0 79.31 54.23 0 29.48 54.23 0
4 0 7.48 54.23 0 29.48 54.23 0 29.48 54.45 0 7.48 54.45 0
4 14 29.48 54.23 0 79.42 54.23 0 79.42 54.45 0 29.48 54.45 0
4 14 29.48 54.45 0 79.53 54.45 0 79.53 54.56 0 29.48 54.56 0
4 0 7.37 54.45 0 29.48 54.45 0 29.48 54.67 0 7.37 54.67 0
4 14 29.48 54.56 0 79.64 54.56 0 79.64 54.67 0 29.48 54.67 0
4 14 29.48 54.67 0 79.75 54.67 0 79.75 54.78 0 29.48 54.78 0
4 0 7.26 54.67 0 29.48 54.67 0 29.48 54.89 0 7.26 54.89 0
4 14 29.48 54.78 0 79.86 54.78 0 79.86 54.89 0 29.48 54.89 0
4 0 7.15 54.89 0 29.48 54.89 0 29.48 55.11 0 7.15 55.11 0
4 14 29.48 54.89 0 79.97 54.89 0 79.97 55.11 0 29.48 55.11 0
4 14 29.48 55.11 0 80.08 55.11 0 80.08 55.22 0 29.48 55.22 0
4 0 7.04 55.11 0 29.48 55.11 0 29.48 55.33 0 7.04 55.33 0
4 14 29.48 55.22 0 80.19 55.22 0 80.19 55.33 0 29.48 55.33 0
4 14 29.48 55.33 0 80.3 55.33 0 80.3 55.44 0 29.48 55.44 0
4 0 6.93 55.33 0 29.48 55.33 0 29.48 55.55 0 6.93 55.55 0
4 14 29.48 55.44 0 80.41 55.44 0 80.41 55.55 0 29.48 55.55 0
4 14 29.48 55.55 0 80.52 55.55 0 80.52 55.66 0 29.48 55.66 0
4 0 6.82 55.55 0 29.48 55.55 0 29.48 55.77 0 6.82 55.77 0
4 14 29.48 55.66 0 80.63 55.66 0 80.63 55.88 0 29.48 55.88 0
4 0 6.71 55.77 0 29.48 55.77 0 29.48 55.99 0 6.71 55.99 0
4 14 29.48 55.88 0 80.74 55.88 0 80.74 55.99 0 29.48 55.99 0
4 14 29.48 55.99 0 80.85 55.99 0 80.85 56.1 0 29.48 56.1 0
4 0 6.6 55.99 0 29.48 55.99 0 29.48 56.21 0 6.6 56.21 0
4 14 29.48 56.1 0 80.96 56.1 0 80.96 56.21 0 29.48 56.21 0
4 14 29.48 56.21 0 81.07 56.21 0 81.07 56.32 0 29.48 56.32 0
4 0 6.49 56.21 0 29.48 56.21 0 29.48 56.43 0 6.49 56.43 0
4 14 29.48 56.32 0 81.18 56.32 0 81.18 56.43 0 29.48 56.43 0
4 0 6.38 56.43 0 29.48 56.43 0 29.48 56.65 0 6.38 56.65 0
4 14 29.48 56.43 0 81.29 56.43 0 81.29 56.65 0 29.48 56.65 0
4 14 29.48 56.65 0 81.4 56.65 0 81.4 56.76 0 29.48 56.76 0
4 0 6.27 56.65 0 29.48 56.65 0 29.48 56.87 0 6.27 56.87 0
4 14 29.48 56.76 0 81.51 56.76 0 81.51 56.87 0 29.48 56.87 0
4 14 29.48 56.87 0 81.62 56.87 0 81.62 56.98 0 29.48 56.98 0
4 0 6.16 56.87 0 29.48 56.87 0 29.48 57.09 0 6.16 57.09 0
4 14 29.48 56.98 0 81.73 56.98 0 81.73 57.09 0 29.48 57.09 0
4 14 29.48 57.09 0 81.84 57.09 0 81.84 57.2 0 29.48 57.2 0
4 0 6.05 57.09 0 29.48 57.09 0 29.48 57.31 0 6.05 57.31 0
4 14 29.48 57.2 0 81.95 57.2 0 81.95 57.42 0 29.48 57.42 0
4 0 5.94 57.31 0 29.48 57.31 0 29.48 57.53 0 5.94 57.53 0
4 14 29.48 57.42 0 82.06 57.42 0 82.06 57.53 0 29.48 57.53 0
4 14 29.48 57.53 0 82.17 57.53 0 82.17 57.64 0 29.48 57.64 0
4 0 5.83 57.53 0 29.48 57.53 0 29.48 57.75 0 5.83 57.75 0
4 14 29.48 57.64 0 82.28 57.64 0 82.28 57.75 0 29.48 57.75 0
4 14 29.48 57.75 0 82.39 57.75 0 82.39 57.86 0 29.48 57.86 0
4 0 5.72 57.75 0 29.48 57.75 0 29.48 57.97 0 5.72 57.97 0
4 14 29.48 57.86 0 82.5 57.86 0 82.5 57.97 0 29.48 57.97 0
4 14 29.48 57.97 0 82.61 57.97 0 82.61 58.08 0 29.48 58.08 0
4 0 5.61 57.97 0 29.48 57.97 0 29.48 58.19 0 5.61 58.19 0
4 14 29.48 58.08 0 82.72 58.08 0 82.72 58.19 0 29.48 58.19 0
4 14 29.48 58.19 0 82.83 58.19 0 82.83 58.3 0 29.48 58.3 0
4 0 5.5 58.19 0 29.48 58.19 0 29.48 58.41 0 5.5 58.41 0
4 14 29.48 58.3 0 82.94 58.3 0 82.94 58.41 0 29.48 58.41 0
4 14 29.48 58.41 0 83.05 58.41 0 83.05 58.52 0 29.48 58.52 0
4 0 5.39 58.41 0 29.48 58.41 0 29.48 58.63 0 5.39 58.63 0
4 14 29.48 58.52 0 83.16 58.52 0 83.16 58.74 0 29.48 58.74 0
4 0 5.28 58.63 0 29.48 58.63 0 29.48 58.85 0 5.28 58.85 0
4 14 29.48 58.74 0 83.27 58.74 0 83.27 58.85 0 29.48 58.85 0
4 0 5.17 58.85 0 29.48 58.85 0 29.48 59.07 0 5.17 59.07 0
4 14 29.48 58.85 0 83.38 58.85 0 83.38 59.07 0 29.48 59.07 0
4 0 5.06 59.07 0 29.48 59.07 0 29.48 59.29 0 5.06 59.29 0
4 14 29.48 59.07 0 83.49 59.07 0 83.49 59.29 0 29.48 59.29 0
4 0 4.95 59.29 0 29.48 59.29 0 29.48 59.51 0 4.95 59.51 0
4 14 29.48 59.29 0 83.6 59.29 0 83.6 59.51 0 29.48 59.51 0
4 0 4.84 59.51 0 29.48 59.51 0 29.48 59.73 0 4.84 59.73 0
4 14 29.48 59.51 0 83.71 59.51 0 83.71 59.84 0 29.48 59.84 0
4 0 4.73 59.73 0 29.48 59.73 0 29.48 59.95 0 4.73 59.95 0
4 0 4.62 59.95 0 29.48 59.95 0 29.48 60.17 0 4.62 60.17 0
4 14 29.48 59.84 0 83.82 59.84 0 83.82 60.28 0 29.48 60.28 0
4 0 4.51 60.17 0 29.48 60.17 0 29.48 60.39 0 4.51 60.39 0
4 0 4.4 60.39 0 29.48 60.39 0 29.48 60.61 0 4.4 60.61 0
4 0 4.29 60.61 0 29.48 60.61 0 29.48 60.83 0 4.29 60.83 0
4 0 4.18 60.83 0 29.48 60.83 0 29.48 61.05 0 4.18 61.05 0
4 0 4.07 61.05 0 29.48 61.05 0 29.48 61.27 0 4.07 61.27 0
4 0 3.96 61.27 0 29.48 61.27 0 29.48 61.49 0 3.96 61.49 0
4 14 29.48 60.28 0 83.93 60.28 0 83.93 61.49 0 29.48 61.49 0
4 0 3.85 61.49 0 29.59 61.49 0 29.59 61.71 0 3.85 61.71 0
4 0 3.74 61.71 0 29.59 61.71 0 29.59 61.82 0 3.74 61.82 0
4 14 29.59 61.49 0 83.82 61.49 0 83.82 61.82 0 29.59 61.82 0
4 0 3.74 61.82 0 29.7 61.82 0 29.7 61.93 0 3.74 61.93 0
4 14 29.7 61.82 0 83.82 61.82 0 83.82 61.93 0 29.7 61.93 0
4 0 3.63 61.93 0 29.7 61.93 0 29.7 62.15 0 3.63 62.15 0
4 14 29.7 61.93 0 83.71 61.93 0 83.71 62.15 0 29.7 62.15 0
4 14 29.81 62.15 0 83.71 62.15 0 83.71 62.26 0 29.81 62.26 0
4 0 3.52 62.15 0 29.81 62.15 0 29.81 62.37 0 3.52 62.37 0
4 14 29.81 62.26 0 83.6 62.26 0 83.6 62.37 0 29.81 62.37 0
4 14 29.92 62.37 0 83.6 62.37 0 83.6 62.48 0 29.92 62.48 0
4 0 3.41 62.37 0 29.92 62.37 0 29.92 62.59 0 3.41 62.59 0
4 14 29.92 62.48 0 83.49 62.48 0 83.49 62.59 0 29.92 62.59 0
4 14 30.03 62.59 0 83.49 62.59 0 83.49 62.7 0 30.03 62.7 0
4 0 3.3 62.59 0 30.03 62.59 0 30.03 62.81 0 3.3 62.81 0
4 14 30.03 62.7 0 83.38 62.7 0 83.38 62.81 0 30.03 62.81 0
4 0 3.19 62.81 0 30.14 62.81 0 30.14 62.92 0 3.19 62.92 0
4 14 30.14 62.81 0 83.38 62.81 0 83.38 62.92 0 30.14 62.92 0
4 0 3.19 62.92 0 30.25 62.92 0 30.25 63.03 0 3.19 63.03 0
4 14 30.25 62.92 0 83.27 62.92 0 83.27 63.03 0 30.25 63.03 0
4 0 3.08 63.03 0 30.36 63.03 0 30.36 63.14 0 3.08 63.14 0
4 14 30.36 63.03 0 83.16 63.03 0 83.16 63.14 0 30.36 63.14 0
4 0 3.08 63.14 0 30.47 63.14 0 30.47 63.25 0 3.08 63.25 0
4 14 30.47 63.14 0 83.16 63.14 0 83.16 63.25 0 30.47 63.25 0
4 0 2.97 63.25 0 30.47 63.25 0 30.47 63.36 0 2.97 63.36 0
4 14 30.47 63.25 0 83.05 63.25 0 83.05 63.36 0 30.47 63.36 0
4 0 2.97 63.36 0 30.58 63.36 0 30.58 63.47 0 2.97 63.47 0
4 14 30.58 63.36 0 82.94 63.36 0 82.94 63.47 0 30.58 63.47 0
4 0 2.86 63.47 0 30.69 63.47 0 30.69 63.58 0 2.86 63.58 0
4 14 30.69 63.47 0 82.83 63.47 0 82.83 63.58 0 30.69 63.58 0
4 0 2.86 63.58 0 30.91 63.58 0 30.91 63.69 0 2.86 63.69 0
4 14 30.91 63.58 0 82.72 63.58 0 82.72 63.69 0 30.91 63.69 0
4 0 2.75 63.69 0 31.02 63.69 0 31.02 63.8 0 2.75 63.8 0
4 14 31.02 63.69 0 82.61 63.69 0 82.61 63.8 0 31.02 63.8 0
4 0 2.75 63.8 0 31.13 63.8 0 31.13 63.91 0 2.75 63.91 0
4 14 31.13 63.8 0 82.5 63.8 0 82.5 63.91 0 31.13 63.91 0
4 0 2.64 63.91 0 31.35 63.91 0 31.35 64.02 0 2.64 64.02 0
4 14 31.35 63.91 0 82.28 63.91 0 82.28 64.02 0 31.35 64.02 0
4 0 2.64 64.02 0 31.46 64.02 0 31.46 64.13 0 2.64 64.13 0
4 14 31.46 64.02 0 82.17 64.02 0 82.17 64.13 0 31.46 64.13 0
4 0 2.53 64.13 0 31.68 64.13 0 31.68 64.24 0 2.53 64.24 0
4 14 31.68 64.13 0 81.95 64.13 0 81.95 64.24 0 31.68 64.24 0
4 0 2.53 64.24 0 31.9 64.24 0 31.9 64.35 0 2.53 64.35 0
4 14 31.9 64.24 0 81.73 64.24 0 81.73 64.35 0 31.9 64.35 0
4 0 2.42 64.35 0 32.23 64.35 0 32.23 64.46 0 2.42 64.46 0
4 14 32.23 64.35 0 81.4 64.35 0 81.4 64.46 0 32.23 64.46 0
4 0 2.42 64.46 0 32.56 64.46 0 32.56 64.57 0 2.42 64.57 0
4 14 32.56 64.46 0 80.96 64.46 0 80.96 64.57 0 32.56 64.57 0
4 0 2.42 64.57 0 71.5 64.57 0 71.5 64.68 0 2.42 64.68 0
4 0 2.31 64.68 0 71.5 64.68 0 71.5 65.12 0 2.31 65.12 0
4 0 2.2 65.12 0 71.5 65.12 0 71.5 65.67 0 2.2 65.67 0
4 0 2.09 65.67 0 71.5 65.67 0 71.5 66.88 0 2.09 66.88 0
4 0 1.98 66.88 0 71.5 66.88 0 71.5 66.99 0 1.98 66.99 0
4 0 2.09 66.99 0 71.5 66.99 0 71.5 67.98 0 2.09 67.98 0
4 0 2.2 67.98 0 71.39 67.98 0 71.39 68.42 0 2.2 68.42 0
4 0 2.31 68.42 0 71.28 68.42 0 71.28 68.75 0 2.31 68.75 0
4 0 2.42 68.75 0 71.17 68.75 0 71.17 69.08 0 2.42 69.08 0
4 0 2.53 69.08 0 71.06 69.08 0 71.06 69.3 0 2.53 69.3 0
4 0 2.64 69.3 0 70.95 69.3 0 70.95 69.52 0 2.64 69.52 0
4 0 2.75 69.52 0 70.84 69.52 0 70.84 69.74 0 2.75 69.74 0
4 0 2.86 69.74 0 70.73 69.74 0 70.73 69.96 0 2.86 69.96 0
4 0 2.97 69.96 0 70.62 69.96 0 70.62 70.07 0 2.97 70.07 0
4 0 3.08 70.07 0 70.51 70.07 0 70.51 70.29 0 3.08 70.29 0
4 0 3.19 70.29 0 70.4 70.29 0 70.4 70.4 0 3.19 70.4 0
4 0 3.3 70.4 0 70.29 70.4 0 70.29 70.51 0 3.3 70.51 0
4 0 3.41 70.51 0 70.18 70.51 0 70.18 70.62 0 3.41 70.62 0
4 0 3.52 70.62 0 70.07 70.62 0 70.07 70.73 0 3.52 70.73 0
4 0 3.63 70.73 0 69.96 70.73 0 69.96 70.95 0 3.63 70.95 0
4 0 3.74 70.95 0 69.85 70.95 0 69.85 71.06 0 3.74 71.06 0
4 0 3.85 71.06 0 69.74 71.06 0 69.74 71.17 0 3.85 71.17 0
4 0 4.07 71.17 0 69.52 71.17 0 69.52 71.28 0 4.07 71.28 0
4 0 4.18 71.28 0 69.41 71.28 0 69.41 71.39 0 4.18 71.39 0
4 0 4.29 71.39 0 69.3 71.39 0 69.3 71.5 0 4.29 71.5 0
4 0 4.4 71.5 0 69.19 71.5 0 69.19 71.61 0 4.4 71.61 0
4 0 4.62 71.61 0 68.97 71.61 0 68.97 71.72 0 4.62 71.72 0
4 0 4.73 71.72 0 68.86 71.72 0 68.86 71.83 0 4.73 71.83 0
4 0 4.95 71.83 0 68.64 71.83 0 68.64 71.94 0 4.95 71.94 0
4 0 5.17 71.94 0 68.42 71.94 0 68.42 72.05 0 5.17 72.05 0
4 0 5.39 72.05 0 68.2 72.05 0 68.2 72.16 0 5.39 72.16 0
4 0 5.61 72.16 0 67.98 72.16 0 67.98 72.27 0 5.61 72.27 0
4 0 5.94 72.27 0 67.65 72.27 0 67.65 72.38 0 5.94 72.38 0
4 0 6.27 72.38 0 67.32 72.38 0 67.32 72.49 0 6.27 72.49 0
4 0 6.71 72.49 0 66.88 72.49 0 66.88 72.6 0 6.71 72.6 0
0
