0 Etiqueta Persus Bandas
0 Name: p_perban.dat
0 Author: svlopez
0 BFC CERTIFY CW
4 0 0.44 0 0 13.2 0 0 13.2 0.11 0 0.44 0.11 0
4 0 49.72 0 0 62.48 0 0 62.48 0.11 0 49.72 0.11 0
4 0 0.44 0.11 0 13.31 0.11 0 13.31 0.22 0 0.44 0.22 0
4 0 25.08 0 0 37.95 0 0 37.95 0.22 0 25.08 0.22 0
4 0 49.72 0.11 0 62.59 0.11 0 62.59 0.22 0 49.72 0.22 0
4 0 0.55 0.22 0 13.31 0.22 0 13.31 0.33 0 0.55 0.33 0
4 0 25.19 0.22 0 37.95 0.22 0 37.95 0.33 0 25.19 0.33 0
4 0 49.83 0.22 0 62.59 0.22 0 62.59 0.33 0 49.83 0.33 0
4 0 0.66 0.33 0 13.42 0.33 0 13.42 0.44 0 0.66 0.44 0
4 0 25.3 0.33 0 38.06 0.33 0 38.06 0.44 0 25.3 0.44 0
4 0 49.94 0.33 0 62.7 0.33 0 62.7 0.44 0 49.94 0.44 0
4 0 0.77 0.44 0 13.53 0.44 0 13.53 0.66 0 0.77 0.66 0
4 0 25.41 0.44 0 38.17 0.44 0 38.17 0.66 0 25.41 0.66 0
4 0 50.05 0.44 0 62.81 0.44 0 62.81 0.66 0 50.05 0.66 0
4 0 0.88 0.66 0 13.64 0.66 0 13.64 0.77 0 0.88 0.77 0
4 0 25.52 0.66 0 38.28 0.66 0 38.28 0.77 0 25.52 0.77 0
4 0 50.16 0.66 0 62.92 0.66 0 62.92 0.77 0 50.16 0.77 0
4 0 0.99 0.77 0 13.75 0.77 0 13.75 0.99 0 0.99 0.99 0
4 0 25.63 0.77 0 38.39 0.77 0 38.39 0.99 0 25.63 0.99 0
4 0 50.27 0.77 0 63.03 0.77 0 63.03 0.99 0 50.27 0.99 0
4 0 1.1 0.99 0 13.86 0.99 0 13.86 1.1 0 1.1 1.1 0
4 0 25.74 0.99 0 38.5 0.99 0 38.5 1.1 0 25.74 1.1 0
4 0 50.38 0.99 0 63.14 0.99 0 63.14 1.1 0 50.38 1.1 0
4 0 1.21 1.1 0 13.97 1.1 0 13.97 1.21 0 1.21 1.21 0
4 0 25.85 1.1 0 38.61 1.1 0 38.61 1.21 0 25.85 1.21 0
4 0 50.49 1.1 0 63.25 1.1 0 63.25 1.21 0 50.49 1.21 0
4 0 1.32 1.21 0 14.08 1.21 0 14.08 1.43 0 1.32 1.43 0
4 0 25.96 1.21 0 38.72 1.21 0 38.72 1.43 0 25.96 1.43 0
4 0 50.6 1.21 0 63.36 1.21 0 63.36 1.43 0 50.6 1.43 0
4 0 1.43 1.43 0 14.19 1.43 0 14.19 1.54 0 1.43 1.54 0
4 0 26.07 1.43 0 38.83 1.43 0 38.83 1.54 0 26.07 1.54 0
4 0 50.71 1.43 0 63.47 1.43 0 63.47 1.54 0 50.71 1.54 0
4 0 1.54 1.54 0 14.3 1.54 0 14.3 1.76 0 1.54 1.76 0
4 0 26.18 1.54 0 38.94 1.54 0 38.94 1.76 0 26.18 1.76 0
4 0 50.82 1.54 0 63.58 1.54 0 63.58 1.76 0 50.82 1.76 0
4 0 1.65 1.76 0 14.41 1.76 0 14.41 1.87 0 1.65 1.87 0
4 0 26.29 1.76 0 39.05 1.76 0 39.05 1.87 0 26.29 1.87 0
4 0 50.93 1.76 0 63.69 1.76 0 63.69 1.87 0 50.93 1.87 0
4 0 1.76 1.87 0 14.52 1.87 0 14.52 2.09 0 1.76 2.09 0
4 0 26.4 1.87 0 39.16 1.87 0 39.16 2.09 0 26.4 2.09 0
4 0 51.04 1.87 0 63.8 1.87 0 63.8 2.09 0 51.04 2.09 0
4 0 1.87 2.09 0 14.63 2.09 0 14.63 2.2 0 1.87 2.2 0
4 0 26.51 2.09 0 39.27 2.09 0 39.27 2.2 0 26.51 2.2 0
4 0 51.15 2.09 0 63.91 2.09 0 63.91 2.2 0 51.15 2.2 0
4 0 1.98 2.2 0 14.74 2.2 0 14.74 2.31 0 1.98 2.31 0
4 0 26.62 2.2 0 39.38 2.2 0 39.38 2.31 0 26.62 2.31 0
4 0 51.26 2.2 0 64.02 2.2 0 64.02 2.31 0 51.26 2.31 0
4 0 2.09 2.31 0 14.85 2.31 0 14.85 2.53 0 2.09 2.53 0
4 0 26.73 2.31 0 39.49 2.31 0 39.49 2.53 0 26.73 2.53 0
4 0 51.37 2.31 0 64.13 2.31 0 64.13 2.53 0 51.37 2.53 0
4 0 2.2 2.53 0 14.96 2.53 0 14.96 2.64 0 2.2 2.64 0
4 0 26.84 2.53 0 39.6 2.53 0 39.6 2.64 0 26.84 2.64 0
4 0 51.48 2.53 0 64.24 2.53 0 64.24 2.64 0 51.48 2.64 0
4 0 2.31 2.64 0 15.07 2.64 0 15.07 2.86 0 2.31 2.86 0
4 0 26.95 2.64 0 39.71 2.64 0 39.71 2.86 0 26.95 2.86 0
4 0 51.59 2.64 0 64.35 2.64 0 64.35 2.86 0 51.59 2.86 0
4 0 2.42 2.86 0 15.18 2.86 0 15.18 2.97 0 2.42 2.97 0
4 0 27.06 2.86 0 39.82 2.86 0 39.82 2.97 0 27.06 2.97 0
4 0 51.7 2.86 0 64.46 2.86 0 64.46 2.97 0 51.7 2.97 0
4 0 2.53 2.97 0 15.29 2.97 0 15.29 3.08 0 2.53 3.08 0
4 0 27.17 2.97 0 39.93 2.97 0 39.93 3.08 0 27.17 3.08 0
4 0 51.81 2.97 0 64.57 2.97 0 64.57 3.08 0 51.81 3.08 0
4 0 2.64 3.08 0 15.4 3.08 0 15.4 3.3 0 2.64 3.3 0
4 0 27.28 3.08 0 40.04 3.08 0 40.04 3.3 0 27.28 3.3 0
4 0 51.92 3.08 0 64.68 3.08 0 64.68 3.3 0 51.92 3.3 0
4 0 2.75 3.3 0 15.51 3.3 0 15.51 3.41 0 2.75 3.41 0
4 0 27.39 3.3 0 40.15 3.3 0 40.15 3.41 0 27.39 3.41 0
4 0 52.03 3.3 0 64.79 3.3 0 64.79 3.41 0 52.03 3.41 0
4 0 2.86 3.41 0 15.62 3.41 0 15.62 3.63 0 2.86 3.63 0
4 0 27.5 3.41 0 40.26 3.41 0 40.26 3.63 0 27.5 3.63 0
4 0 52.14 3.41 0 64.9 3.41 0 64.9 3.63 0 52.14 3.63 0
4 0 2.97 3.63 0 15.73 3.63 0 15.73 3.74 0 2.97 3.74 0
4 0 27.61 3.63 0 40.37 3.63 0 40.37 3.74 0 27.61 3.74 0
4 0 52.25 3.63 0 65.01 3.63 0 65.01 3.74 0 52.25 3.74 0
4 0 3.08 3.74 0 15.84 3.74 0 15.84 3.85 0 3.08 3.85 0
4 0 27.72 3.74 0 40.48 3.74 0 40.48 3.85 0 27.72 3.85 0
4 0 52.36 3.74 0 65.12 3.74 0 65.12 3.85 0 52.36 3.85 0
4 0 3.19 3.85 0 15.95 3.85 0 15.95 4.07 0 3.19 4.07 0
4 0 27.83 3.85 0 40.59 3.85 0 40.59 4.07 0 27.83 4.07 0
4 0 52.47 3.85 0 65.23 3.85 0 65.23 4.07 0 52.47 4.07 0
4 0 3.3 4.07 0 16.06 4.07 0 16.06 4.18 0 3.3 4.18 0
4 0 27.94 4.07 0 40.7 4.07 0 40.7 4.18 0 27.94 4.18 0
4 0 52.58 4.07 0 65.34 4.07 0 65.34 4.18 0 52.58 4.18 0
4 0 3.41 4.18 0 16.17 4.18 0 16.17 4.4 0 3.41 4.4 0
4 0 28.05 4.18 0 40.81 4.18 0 40.81 4.4 0 28.05 4.4 0
4 0 52.69 4.18 0 65.45 4.18 0 65.45 4.4 0 52.69 4.4 0
4 0 3.52 4.4 0 16.28 4.4 0 16.28 4.51 0 3.52 4.51 0
4 0 28.16 4.4 0 40.92 4.4 0 40.92 4.51 0 28.16 4.51 0
4 0 52.8 4.4 0 65.56 4.4 0 65.56 4.51 0 52.8 4.51 0
4 0 3.63 4.51 0 16.39 4.51 0 16.39 4.73 0 3.63 4.73 0
4 0 28.27 4.51 0 41.03 4.51 0 41.03 4.73 0 28.27 4.73 0
4 0 52.91 4.51 0 65.67 4.51 0 65.67 4.73 0 52.91 4.73 0
4 0 3.74 4.73 0 16.5 4.73 0 16.5 4.84 0 3.74 4.84 0
4 0 28.38 4.73 0 41.14 4.73 0 41.14 4.84 0 28.38 4.84 0
4 0 53.02 4.73 0 65.78 4.73 0 65.78 4.84 0 53.02 4.84 0
4 0 3.85 4.84 0 16.61 4.84 0 16.61 4.95 0 3.85 4.95 0
4 0 28.49 4.84 0 41.25 4.84 0 41.25 4.95 0 28.49 4.95 0
4 0 53.13 4.84 0 65.89 4.84 0 65.89 4.95 0 53.13 4.95 0
4 0 3.96 4.95 0 16.61 4.95 0 16.61 5.06 0 3.96 5.06 0
4 0 3.96 5.06 0 16.72 5.06 0 16.72 5.17 0 3.96 5.17 0
4 0 28.6 4.95 0 41.36 4.95 0 41.36 5.17 0 28.6 5.17 0
4 0 53.24 4.95 0 66 4.95 0 66 5.17 0 53.24 5.17 0
4 0 4.07 5.17 0 16.83 5.17 0 16.83 5.28 0 4.07 5.28 0
4 0 28.71 5.17 0 41.47 5.17 0 41.47 5.28 0 28.71 5.28 0
4 0 53.35 5.17 0 66.11 5.17 0 66.11 5.28 0 53.35 5.28 0
4 0 4.18 5.28 0 16.94 5.28 0 16.94 5.5 0 4.18 5.5 0
4 0 28.82 5.28 0 41.58 5.28 0 41.58 5.5 0 28.82 5.5 0
4 0 53.46 5.28 0 66.22 5.28 0 66.22 5.5 0 53.46 5.5 0
4 0 4.29 5.5 0 17.05 5.5 0 17.05 5.61 0 4.29 5.61 0
4 0 28.93 5.5 0 41.69 5.5 0 41.69 5.61 0 28.93 5.61 0
4 0 53.57 5.5 0 66.33 5.5 0 66.33 5.61 0 53.57 5.61 0
4 0 4.4 5.61 0 17.16 5.61 0 17.16 5.72 0 4.4 5.72 0
4 0 29.04 5.61 0 41.8 5.61 0 41.8 5.72 0 29.04 5.72 0
4 0 53.68 5.61 0 66.44 5.61 0 66.44 5.72 0 53.68 5.72 0
4 0 4.51 5.72 0 17.27 5.72 0 17.27 5.94 0 4.51 5.94 0
4 0 29.15 5.72 0 41.91 5.72 0 41.91 5.94 0 29.15 5.94 0
4 0 53.79 5.72 0 66.55 5.72 0 66.55 5.94 0 53.79 5.94 0
4 0 4.62 5.94 0 17.38 5.94 0 17.38 6.05 0 4.62 6.05 0
4 0 29.26 5.94 0 42.02 5.94 0 42.02 6.05 0 29.26 6.05 0
4 0 53.9 5.94 0 66.66 5.94 0 66.66 6.05 0 53.9 6.05 0
4 0 4.73 6.05 0 17.49 6.05 0 17.49 6.27 0 4.73 6.27 0
4 0 29.37 6.05 0 42.13 6.05 0 42.13 6.27 0 29.37 6.27 0
4 0 54.01 6.05 0 66.77 6.05 0 66.77 6.27 0 54.01 6.27 0
4 0 4.84 6.27 0 17.6 6.27 0 17.6 6.38 0 4.84 6.38 0
4 0 29.48 6.27 0 42.24 6.27 0 42.24 6.38 0 29.48 6.38 0
4 0 54.12 6.27 0 66.88 6.27 0 66.88 6.38 0 54.12 6.38 0
4 0 4.95 6.38 0 17.71 6.38 0 17.71 6.6 0 4.95 6.6 0
4 0 29.59 6.38 0 42.35 6.38 0 42.35 6.6 0 29.59 6.6 0
4 0 54.23 6.38 0 66.99 6.38 0 66.99 6.6 0 54.23 6.6 0
4 0 5.06 6.6 0 17.82 6.6 0 17.82 6.71 0 5.06 6.71 0
4 0 29.7 6.6 0 42.46 6.6 0 42.46 6.71 0 29.7 6.71 0
4 0 54.34 6.6 0 67.1 6.6 0 67.1 6.71 0 54.34 6.71 0
4 0 5.17 6.71 0 17.93 6.71 0 17.93 6.82 0 5.17 6.82 0
4 0 29.81 6.71 0 42.57 6.71 0 42.57 6.82 0 29.81 6.82 0
4 0 54.45 6.71 0 67.21 6.71 0 67.21 6.82 0 54.45 6.82 0
4 0 5.28 6.82 0 18.04 6.82 0 18.04 7.04 0 5.28 7.04 0
4 0 29.92 6.82 0 42.68 6.82 0 42.68 7.04 0 29.92 7.04 0
4 0 54.56 6.82 0 67.32 6.82 0 67.32 7.04 0 54.56 7.04 0
4 0 5.39 7.04 0 18.15 7.04 0 18.15 7.15 0 5.39 7.15 0
4 0 30.03 7.04 0 42.79 7.04 0 42.79 7.15 0 30.03 7.15 0
4 0 54.67 7.04 0 67.43 7.04 0 67.43 7.15 0 54.67 7.15 0
4 0 5.5 7.15 0 18.26 7.15 0 18.26 7.37 0 5.5 7.37 0
4 0 30.14 7.15 0 42.9 7.15 0 42.9 7.37 0 30.14 7.37 0
4 0 54.78 7.15 0 67.54 7.15 0 67.54 7.37 0 54.78 7.37 0
4 0 5.61 7.37 0 18.37 7.37 0 18.37 7.48 0 5.61 7.48 0
4 0 30.25 7.37 0 43.01 7.37 0 43.01 7.48 0 30.25 7.48 0
4 0 54.89 7.37 0 67.65 7.37 0 67.65 7.48 0 54.89 7.48 0
4 0 5.72 7.48 0 18.48 7.48 0 18.48 7.59 0 5.72 7.59 0
4 0 30.36 7.48 0 43.12 7.48 0 43.12 7.59 0 30.36 7.59 0
4 0 55 7.48 0 67.76 7.48 0 67.76 7.59 0 55 7.59 0
4 0 5.83 7.59 0 18.59 7.59 0 18.59 7.81 0 5.83 7.81 0
4 0 30.47 7.59 0 43.23 7.59 0 43.23 7.81 0 30.47 7.81 0
4 0 55.11 7.59 0 67.87 7.59 0 67.87 7.81 0 55.11 7.81 0
4 0 5.94 7.81 0 18.7 7.81 0 18.7 7.92 0 5.94 7.92 0
4 0 30.58 7.81 0 43.34 7.81 0 43.34 7.92 0 30.58 7.92 0
4 0 55.22 7.81 0 67.98 7.81 0 67.98 7.92 0 55.22 7.92 0
4 0 6.05 7.92 0 18.81 7.92 0 18.81 8.14 0 6.05 8.14 0
4 0 30.69 7.92 0 43.45 7.92 0 43.45 8.14 0 30.69 8.14 0
4 0 55.33 7.92 0 68.09 7.92 0 68.09 8.14 0 55.33 8.14 0
4 0 6.16 8.14 0 18.92 8.14 0 18.92 8.25 0 6.16 8.25 0
4 0 30.8 8.14 0 43.56 8.14 0 43.56 8.25 0 30.8 8.25 0
4 0 55.44 8.14 0 68.2 8.14 0 68.2 8.25 0 55.44 8.25 0
4 0 6.27 8.25 0 19.03 8.25 0 19.03 8.36 0 6.27 8.36 0
4 0 30.91 8.25 0 43.67 8.25 0 43.67 8.36 0 30.91 8.36 0
4 0 55.55 8.25 0 68.31 8.25 0 68.31 8.36 0 55.55 8.36 0
4 0 6.38 8.36 0 19.14 8.36 0 19.14 8.58 0 6.38 8.58 0
4 0 31.02 8.36 0 43.78 8.36 0 43.78 8.58 0 31.02 8.58 0
4 0 55.66 8.36 0 68.42 8.36 0 68.42 8.58 0 55.66 8.58 0
4 0 6.49 8.58 0 19.25 8.58 0 19.25 8.69 0 6.49 8.69 0
4 0 31.13 8.58 0 43.89 8.58 0 43.89 8.69 0 31.13 8.69 0
4 0 55.77 8.58 0 68.53 8.58 0 68.53 8.69 0 55.77 8.69 0
4 0 6.6 8.69 0 19.36 8.69 0 19.36 8.91 0 6.6 8.91 0
4 0 31.24 8.69 0 44 8.69 0 44 8.91 0 31.24 8.91 0
4 0 55.88 8.69 0 68.64 8.69 0 68.64 8.91 0 55.88 8.91 0
4 0 6.71 8.91 0 19.47 8.91 0 19.47 9.02 0 6.71 9.02 0
4 0 31.35 8.91 0 44.11 8.91 0 44.11 9.02 0 31.35 9.02 0
4 0 55.99 8.91 0 68.75 8.91 0 68.75 9.02 0 55.99 9.02 0
4 0 6.82 9.02 0 19.58 9.02 0 19.58 9.24 0 6.82 9.24 0
4 0 31.46 9.02 0 44.22 9.02 0 44.22 9.24 0 31.46 9.24 0
4 0 56.1 9.02 0 68.86 9.02 0 68.86 9.24 0 56.1 9.24 0
4 0 6.93 9.24 0 19.69 9.24 0 19.69 9.35 0 6.93 9.35 0
4 0 31.57 9.24 0 44.33 9.24 0 44.33 9.35 0 31.57 9.35 0
4 0 56.21 9.24 0 68.97 9.24 0 68.97 9.35 0 56.21 9.35 0
4 0 7.04 9.35 0 19.8 9.35 0 19.8 9.46 0 7.04 9.46 0
4 0 31.68 9.35 0 44.44 9.35 0 44.44 9.46 0 31.68 9.46 0
4 0 56.32 9.35 0 69.08 9.35 0 69.08 9.46 0 56.32 9.46 0
4 0 7.15 9.46 0 19.91 9.46 0 19.91 9.68 0 7.15 9.68 0
4 0 31.79 9.46 0 44.55 9.46 0 44.55 9.68 0 31.79 9.68 0
4 0 56.43 9.46 0 69.19 9.46 0 69.19 9.68 0 56.43 9.68 0
4 0 7.26 9.68 0 20.02 9.68 0 20.02 9.79 0 7.26 9.79 0
4 0 31.9 9.68 0 44.66 9.68 0 44.66 9.79 0 31.9 9.79 0
4 0 56.54 9.68 0 69.3 9.68 0 69.3 9.79 0 56.54 9.79 0
4 0 7.37 9.79 0 20.13 9.79 0 20.13 10.01 0 7.37 10.01 0
4 0 32.01 9.79 0 44.77 9.79 0 44.77 10.01 0 32.01 10.01 0
4 0 56.65 9.79 0 69.41 9.79 0 69.41 10.01 0 56.65 10.01 0
4 0 7.48 10.01 0 20.24 10.01 0 20.24 10.12 0 7.48 10.12 0
4 0 32.12 10.01 0 44.88 10.01 0 44.88 10.12 0 32.12 10.12 0
4 0 56.76 10.01 0 69.52 10.01 0 69.52 10.12 0 56.76 10.12 0
4 0 7.59 10.12 0 20.35 10.12 0 20.35 10.23 0 7.59 10.23 0
4 0 32.23 10.12 0 44.99 10.12 0 44.99 10.23 0 32.23 10.23 0
4 0 56.87 10.12 0 69.63 10.12 0 69.63 10.23 0 56.87 10.23 0
4 0 7.7 10.23 0 20.46 10.23 0 20.46 10.45 0 7.7 10.45 0
4 0 32.34 10.23 0 45.1 10.23 0 45.1 10.45 0 32.34 10.45 0
4 0 56.98 10.23 0 69.74 10.23 0 69.74 10.45 0 56.98 10.45 0
4 0 7.81 10.45 0 20.57 10.45 0 20.57 10.56 0 7.81 10.56 0
4 0 32.45 10.45 0 45.21 10.45 0 45.21 10.56 0 32.45 10.56 0
4 0 57.09 10.45 0 69.85 10.45 0 69.85 10.56 0 57.09 10.56 0
4 0 7.92 10.56 0 20.68 10.56 0 20.68 10.78 0 7.92 10.78 0
4 0 32.56 10.56 0 45.32 10.56 0 45.32 10.78 0 32.56 10.78 0
4 0 57.2 10.56 0 69.96 10.56 0 69.96 10.78 0 57.2 10.78 0
4 0 8.03 10.78 0 20.79 10.78 0 20.79 10.89 0 8.03 10.89 0
4 0 32.67 10.78 0 45.43 10.78 0 45.43 10.89 0 32.67 10.89 0
4 0 57.31 10.78 0 70.07 10.78 0 70.07 10.89 0 57.31 10.89 0
4 0 8.14 10.89 0 20.9 10.89 0 20.9 11.11 0 8.14 11.11 0
4 0 32.78 10.89 0 45.54 10.89 0 45.54 11.11 0 32.78 11.11 0
4 0 57.42 10.89 0 70.18 10.89 0 70.18 11.11 0 57.42 11.11 0
4 0 8.25 11.11 0 21.01 11.11 0 21.01 11.22 0 8.25 11.22 0
4 0 32.89 11.11 0 45.65 11.11 0 45.65 11.22 0 32.89 11.22 0
4 0 57.53 11.11 0 70.29 11.11 0 70.29 11.22 0 57.53 11.22 0
4 0 8.36 11.22 0 21.12 11.22 0 21.12 11.33 0 8.36 11.33 0
4 0 33 11.22 0 45.76 11.22 0 45.76 11.33 0 33 11.33 0
4 0 57.64 11.22 0 70.4 11.22 0 70.4 11.33 0 57.64 11.33 0
4 0 8.47 11.33 0 21.23 11.33 0 21.23 11.55 0 8.47 11.55 0
4 0 33.11 11.33 0 45.87 11.33 0 45.87 11.55 0 33.11 11.55 0
4 0 57.75 11.33 0 70.51 11.33 0 70.51 11.55 0 57.75 11.55 0
4 0 8.58 11.55 0 21.34 11.55 0 21.34 11.66 0 8.58 11.66 0
4 0 33.22 11.55 0 45.98 11.55 0 45.98 11.66 0 33.22 11.66 0
4 0 57.86 11.55 0 70.62 11.55 0 70.62 11.66 0 57.86 11.66 0
4 0 8.69 11.66 0 21.45 11.66 0 21.45 11.88 0 8.69 11.88 0
4 0 33.33 11.66 0 46.09 11.66 0 46.09 11.88 0 33.33 11.88 0
4 0 57.97 11.66 0 70.73 11.66 0 70.73 11.88 0 57.97 11.88 0
4 0 8.8 11.88 0 21.56 11.88 0 21.56 11.99 0 8.8 11.99 0
4 0 33.44 11.88 0 46.2 11.88 0 46.2 11.99 0 33.44 11.99 0
4 0 58.08 11.88 0 70.84 11.88 0 70.84 11.99 0 58.08 11.99 0
4 0 8.91 11.99 0 21.67 11.99 0 21.67 12.1 0 8.91 12.1 0
4 0 33.55 11.99 0 46.31 11.99 0 46.31 12.1 0 33.55 12.1 0
4 0 58.19 11.99 0 70.95 11.99 0 70.95 12.1 0 58.19 12.1 0
4 0 9.02 12.1 0 21.78 12.1 0 21.78 12.32 0 9.02 12.32 0
4 0 33.66 12.1 0 46.42 12.1 0 46.42 12.32 0 33.66 12.32 0
4 0 58.3 12.1 0 71.06 12.1 0 71.06 12.32 0 58.3 12.32 0
4 0 9.13 12.32 0 21.89 12.32 0 21.89 12.43 0 9.13 12.43 0
4 0 33.77 12.32 0 46.53 12.32 0 46.53 12.43 0 33.77 12.43 0
4 0 58.41 12.32 0 71.17 12.32 0 71.17 12.43 0 58.41 12.43 0
4 0 9.24 12.43 0 22 12.43 0 22 12.65 0 9.24 12.65 0
4 0 33.88 12.43 0 46.64 12.43 0 46.64 12.65 0 33.88 12.65 0
4 0 58.52 12.43 0 71.28 12.43 0 71.28 12.65 0 58.52 12.65 0
4 0 9.35 12.65 0 22.11 12.65 0 22.11 12.76 0 9.35 12.76 0
4 0 33.99 12.65 0 46.75 12.65 0 46.75 12.76 0 33.99 12.76 0
4 0 58.63 12.65 0 71.39 12.65 0 71.39 12.76 0 58.63 12.76 0
4 0 9.46 12.76 0 22.22 12.76 0 22.22 12.87 0 9.46 12.87 0
4 0 34.1 12.76 0 46.86 12.76 0 46.86 12.87 0 34.1 12.87 0
4 0 58.74 12.76 0 71.5 12.76 0 71.5 12.87 0 58.74 12.87 0
4 0 9.57 12.87 0 22.33 12.87 0 22.33 13.09 0 9.57 13.09 0
4 0 34.21 12.87 0 46.97 12.87 0 46.97 13.09 0 34.21 13.09 0
4 0 58.85 12.87 0 71.61 12.87 0 71.61 13.09 0 58.85 13.09 0
4 0 9.68 13.09 0 22.44 13.09 0 22.44 13.2 0 9.68 13.2 0
4 0 34.32 13.09 0 47.08 13.09 0 47.08 13.2 0 34.32 13.2 0
4 0 58.96 13.09 0 71.72 13.09 0 71.72 13.2 0 58.96 13.2 0
4 0 9.79 13.2 0 22.55 13.2 0 22.55 13.42 0 9.79 13.42 0
4 0 34.43 13.2 0 47.19 13.2 0 47.19 13.42 0 34.43 13.42 0
4 0 59.07 13.2 0 71.83 13.2 0 71.83 13.42 0 59.07 13.42 0
4 0 9.9 13.42 0 22.66 13.42 0 22.66 13.53 0 9.9 13.53 0
4 0 34.54 13.42 0 47.3 13.42 0 47.3 13.53 0 34.54 13.53 0
4 0 59.18 13.42 0 71.94 13.42 0 71.94 13.53 0 59.18 13.53 0
4 0 10.01 13.53 0 22.77 13.53 0 22.77 13.75 0 10.01 13.75 0
4 0 34.65 13.53 0 47.41 13.53 0 47.41 13.75 0 34.65 13.75 0
4 0 59.29 13.53 0 72.05 13.53 0 72.05 13.75 0 59.29 13.75 0
4 0 10.12 13.75 0 22.88 13.75 0 22.88 13.86 0 10.12 13.86 0
4 0 34.76 13.75 0 47.52 13.75 0 47.52 13.86 0 34.76 13.86 0
4 0 59.4 13.75 0 72.16 13.75 0 72.16 13.86 0 59.4 13.86 0
4 0 10.23 13.86 0 22.99 13.86 0 22.99 13.97 0 10.23 13.97 0
4 0 34.87 13.86 0 47.63 13.86 0 47.63 13.97 0 34.87 13.97 0
4 0 59.51 13.86 0 72.27 13.86 0 72.27 13.97 0 59.51 13.97 0
4 0 10.34 13.97 0 23.1 13.97 0 23.1 14.19 0 10.34 14.19 0
4 0 34.98 13.97 0 47.74 13.97 0 47.74 14.19 0 34.98 14.19 0
4 0 59.62 13.97 0 72.38 13.97 0 72.38 14.19 0 59.62 14.19 0
4 0 10.45 14.19 0 23.21 14.19 0 23.21 14.3 0 10.45 14.3 0
4 0 35.09 14.19 0 47.85 14.19 0 47.85 14.3 0 35.09 14.3 0
4 0 59.73 14.19 0 72.49 14.19 0 72.49 14.3 0 59.73 14.3 0
4 0 10.56 14.3 0 23.32 14.3 0 23.32 14.52 0 10.56 14.52 0
4 0 35.2 14.3 0 47.96 14.3 0 47.96 14.52 0 35.2 14.52 0
4 0 59.84 14.3 0 72.6 14.3 0 72.6 14.52 0 59.84 14.52 0
4 0 10.67 14.52 0 23.43 14.52 0 23.43 14.63 0 10.67 14.63 0
4 0 35.31 14.52 0 48.07 14.52 0 48.07 14.63 0 35.31 14.63 0
4 0 59.95 14.52 0 72.71 14.52 0 72.71 14.63 0 59.95 14.63 0
4 0 10.78 14.63 0 23.54 14.63 0 23.54 14.74 0 10.78 14.74 0
4 0 35.42 14.63 0 48.18 14.63 0 48.18 14.74 0 35.42 14.74 0
4 0 60.06 14.63 0 72.82 14.63 0 72.82 14.74 0 60.06 14.74 0
4 0 10.89 14.74 0 23.65 14.74 0 23.65 14.96 0 10.89 14.96 0
4 0 35.53 14.74 0 48.29 14.74 0 48.29 14.96 0 35.53 14.96 0
4 0 60.17 14.74 0 72.93 14.74 0 72.93 14.96 0 60.17 14.96 0
4 0 11 14.96 0 23.76 14.96 0 23.76 15.07 0 11 15.07 0
4 0 35.64 14.96 0 48.4 14.96 0 48.4 15.07 0 35.64 15.07 0
4 0 60.28 14.96 0 73.04 14.96 0 73.04 15.07 0 60.28 15.07 0
4 0 11.11 15.07 0 23.87 15.07 0 23.87 15.29 0 11.11 15.29 0
4 0 35.75 15.07 0 48.51 15.07 0 48.51 15.29 0 35.75 15.29 0
4 0 60.39 15.07 0 73.15 15.07 0 73.15 15.29 0 60.39 15.29 0
4 0 11.22 15.29 0 23.98 15.29 0 23.98 15.4 0 11.22 15.4 0
4 0 35.86 15.29 0 48.62 15.29 0 48.62 15.4 0 35.86 15.4 0
4 0 60.5 15.29 0 73.26 15.29 0 73.26 15.4 0 60.5 15.4 0
4 0 11.33 15.4 0 24.09 15.4 0 24.09 15.62 0 11.33 15.62 0
4 0 35.97 15.4 0 48.73 15.4 0 48.73 15.62 0 35.97 15.62 0
4 0 60.61 15.4 0 73.37 15.4 0 73.37 15.62 0 60.61 15.62 0
4 0 11.44 15.62 0 24.2 15.62 0 24.2 15.73 0 11.44 15.73 0
4 0 36.08 15.62 0 48.84 15.62 0 48.84 15.73 0 36.08 15.73 0
4 0 60.72 15.62 0 73.48 15.62 0 73.48 15.73 0 60.72 15.73 0
4 0 11.55 15.73 0 24.31 15.73 0 24.31 15.84 0 11.55 15.84 0
4 0 36.19 15.73 0 48.95 15.73 0 48.95 15.84 0 36.19 15.84 0
4 0 60.83 15.73 0 73.59 15.73 0 73.59 15.84 0 60.83 15.84 0
4 0 11.66 15.84 0 24.42 15.84 0 24.42 16.06 0 11.66 16.06 0
4 0 36.3 15.84 0 49.06 15.84 0 49.06 16.06 0 36.3 16.06 0
4 0 60.94 15.84 0 73.7 15.84 0 73.7 16.06 0 60.94 16.06 0
4 0 11.77 16.06 0 24.53 16.06 0 24.53 16.17 0 11.77 16.17 0
4 0 36.41 16.06 0 49.17 16.06 0 49.17 16.17 0 36.41 16.17 0
4 0 61.05 16.06 0 73.81 16.06 0 73.81 16.17 0 61.05 16.17 0
4 0 11.88 16.17 0 24.64 16.17 0 24.64 16.39 0 11.88 16.39 0
4 0 36.52 16.17 0 49.28 16.17 0 49.28 16.39 0 36.52 16.39 0
4 0 61.16 16.17 0 73.92 16.17 0 73.92 16.39 0 61.16 16.39 0
4 0 11.99 16.39 0 24.75 16.39 0 24.75 16.5 0 11.99 16.5 0
4 0 36.63 16.39 0 49.39 16.39 0 49.39 16.5 0 36.63 16.5 0
4 0 61.27 16.39 0 74.03 16.39 0 74.03 16.5 0 61.27 16.5 0
4 0 12.1 16.5 0 24.86 16.5 0 24.86 16.61 0 12.1 16.61 0
4 0 36.74 16.5 0 49.5 16.5 0 49.5 16.61 0 36.74 16.61 0
4 0 61.38 16.5 0 74.14 16.5 0 74.14 16.61 0 61.38 16.61 0
4 0 12.21 16.61 0 24.97 16.61 0 24.97 16.83 0 12.21 16.83 0
4 0 36.85 16.61 0 49.61 16.61 0 49.61 16.83 0 36.85 16.83 0
4 0 61.49 16.61 0 74.25 16.61 0 74.25 16.83 0 61.49 16.83 0
4 0 12.32 16.83 0 25.08 16.83 0 25.08 16.94 0 12.32 16.94 0
4 0 36.96 16.83 0 49.72 16.83 0 49.72 16.94 0 36.96 16.94 0
4 0 61.6 16.83 0 74.36 16.83 0 74.36 16.94 0 61.6 16.94 0
4 0 12.43 16.94 0 25.19 16.94 0 25.19 17.16 0 12.43 17.16 0
4 0 37.07 16.94 0 49.83 16.94 0 49.83 17.16 0 37.07 17.16 0
4 0 61.71 16.94 0 74.47 16.94 0 74.47 17.16 0 61.71 17.16 0
4 0 12.54 17.16 0 25.3 17.16 0 25.3 17.27 0 12.54 17.27 0
4 0 37.18 17.16 0 49.94 17.16 0 49.94 17.27 0 37.18 17.27 0
4 0 61.82 17.16 0 74.58 17.16 0 74.58 17.27 0 61.82 17.27 0
4 0 12.65 17.27 0 25.41 17.27 0 25.41 17.38 0 12.65 17.38 0
4 0 37.29 17.27 0 50.05 17.27 0 50.05 17.38 0 37.29 17.38 0
4 0 61.93 17.27 0 74.69 17.27 0 74.69 17.38 0 61.93 17.38 0
4 0 12.76 17.38 0 25.52 17.38 0 25.52 17.6 0 12.76 17.6 0
4 0 37.4 17.38 0 50.16 17.38 0 50.16 17.6 0 37.4 17.6 0
4 0 62.04 17.38 0 74.8 17.38 0 74.8 17.6 0 62.04 17.6 0
4 0 12.87 17.6 0 25.63 17.6 0 25.63 17.71 0 12.87 17.71 0
4 0 37.51 17.6 0 50.27 17.6 0 50.27 17.71 0 37.51 17.71 0
4 0 62.15 17.6 0 74.91 17.6 0 74.91 17.71 0 62.15 17.71 0
4 0 12.98 17.71 0 25.74 17.71 0 25.74 17.93 0 12.98 17.93 0
4 0 37.62 17.71 0 50.38 17.71 0 50.38 17.93 0 37.62 17.93 0
4 0 62.26 17.71 0 75.02 17.71 0 75.02 17.93 0 62.26 17.93 0
4 0 13.09 17.93 0 25.85 17.93 0 25.85 18.04 0 13.09 18.04 0
4 0 37.73 17.93 0 50.49 17.93 0 50.49 18.04 0 37.73 18.04 0
4 0 62.37 17.93 0 75.13 17.93 0 75.13 18.04 0 62.37 18.04 0
4 0 13.2 18.04 0 25.96 18.04 0 25.96 18.26 0 13.2 18.26 0
4 0 37.84 18.04 0 50.6 18.04 0 50.6 18.26 0 37.84 18.26 0
4 0 62.48 18.04 0 75.24 18.04 0 75.24 18.26 0 62.48 18.26 0
4 0 13.31 18.26 0 26.07 18.26 0 26.07 18.37 0 13.31 18.37 0
4 0 37.95 18.26 0 50.71 18.26 0 50.71 18.37 0 37.95 18.37 0
4 0 62.59 18.26 0 75.35 18.26 0 75.35 18.37 0 62.59 18.37 0
4 0 13.42 18.37 0 26.18 18.37 0 26.18 18.48 0 13.42 18.48 0
4 0 38.06 18.37 0 50.82 18.37 0 50.82 18.48 0 38.06 18.48 0
4 0 62.7 18.37 0 75.46 18.37 0 75.46 18.48 0 62.7 18.48 0
4 0 13.53 18.48 0 26.29 18.48 0 26.29 18.7 0 13.53 18.7 0
4 0 38.17 18.48 0 50.93 18.48 0 50.93 18.7 0 38.17 18.7 0
4 0 62.81 18.48 0 75.57 18.48 0 75.57 18.7 0 62.81 18.7 0
4 0 13.64 18.7 0 26.4 18.7 0 26.4 18.81 0 13.64 18.81 0
4 0 38.28 18.7 0 51.04 18.7 0 51.04 18.81 0 38.28 18.81 0
4 0 62.92 18.7 0 75.68 18.7 0 75.68 18.81 0 62.92 18.81 0
4 0 13.75 18.81 0 26.51 18.81 0 26.51 19.03 0 13.75 19.03 0
4 0 38.39 18.81 0 51.15 18.81 0 51.15 19.03 0 38.39 19.03 0
4 0 63.03 18.81 0 75.79 18.81 0 75.79 19.03 0 63.03 19.03 0
4 0 13.86 19.03 0 26.62 19.03 0 26.62 19.14 0 13.86 19.14 0
4 0 38.5 19.03 0 51.26 19.03 0 51.26 19.14 0 38.5 19.14 0
4 0 63.14 19.03 0 75.9 19.03 0 75.9 19.14 0 63.14 19.14 0
4 0 13.97 19.14 0 26.73 19.14 0 26.73 19.25 0 13.97 19.25 0
4 0 38.61 19.14 0 51.37 19.14 0 51.37 19.25 0 38.61 19.25 0
4 0 63.25 19.14 0 76.01 19.14 0 76.01 19.25 0 63.25 19.25 0
4 0 14.08 19.25 0 26.84 19.25 0 26.84 19.47 0 14.08 19.47 0
4 0 38.72 19.25 0 51.48 19.25 0 51.48 19.47 0 38.72 19.47 0
4 0 63.36 19.25 0 76.12 19.25 0 76.12 19.47 0 63.36 19.47 0
4 0 14.19 19.47 0 26.95 19.47 0 26.95 19.58 0 14.19 19.58 0
4 0 38.83 19.47 0 51.59 19.47 0 51.59 19.58 0 38.83 19.58 0
4 0 63.47 19.47 0 76.23 19.47 0 76.23 19.58 0 63.47 19.58 0
4 0 14.3 19.58 0 27.06 19.58 0 27.06 19.8 0 14.3 19.8 0
4 0 38.94 19.58 0 51.7 19.58 0 51.7 19.8 0 38.94 19.8 0
4 0 63.58 19.58 0 76.34 19.58 0 76.34 19.8 0 63.58 19.8 0
4 0 14.41 19.8 0 27.17 19.8 0 27.17 19.91 0 14.41 19.91 0
4 0 39.05 19.8 0 51.81 19.8 0 51.81 19.91 0 39.05 19.91 0
4 0 63.69 19.8 0 76.45 19.8 0 76.45 19.91 0 63.69 19.91 0
4 0 14.52 19.91 0 27.28 19.91 0 27.28 20.13 0 14.52 20.13 0
4 0 39.16 19.91 0 51.92 19.91 0 51.92 20.13 0 39.16 20.13 0
4 0 63.8 19.91 0 76.56 19.91 0 76.56 20.13 0 63.8 20.13 0
4 0 14.63 20.13 0 27.39 20.13 0 27.39 20.24 0 14.63 20.24 0
4 0 39.27 20.13 0 52.03 20.13 0 52.03 20.24 0 39.27 20.24 0
4 0 63.91 20.13 0 76.67 20.13 0 76.67 20.24 0 63.91 20.24 0
4 0 14.74 20.24 0 27.5 20.24 0 27.5 20.35 0 14.74 20.35 0
4 0 39.38 20.24 0 52.14 20.24 0 52.14 20.35 0 39.38 20.35 0
4 0 64.02 20.24 0 76.78 20.24 0 76.78 20.35 0 64.02 20.35 0
4 0 14.85 20.35 0 27.61 20.35 0 27.61 20.57 0 14.85 20.57 0
4 0 39.49 20.35 0 52.25 20.35 0 52.25 20.57 0 39.49 20.57 0
4 0 64.13 20.35 0 76.89 20.35 0 76.89 20.57 0 64.13 20.57 0
4 0 14.96 20.57 0 27.72 20.57 0 27.72 20.68 0 14.96 20.68 0
4 0 39.6 20.57 0 52.36 20.57 0 52.36 20.68 0 39.6 20.68 0
4 0 64.24 20.57 0 77 20.57 0 77 20.68 0 64.24 20.68 0
4 0 15.07 20.68 0 27.83 20.68 0 27.83 20.9 0 15.07 20.9 0
4 0 39.71 20.68 0 52.47 20.68 0 52.47 20.9 0 39.71 20.9 0
4 0 64.35 20.68 0 77.11 20.68 0 77.11 20.9 0 64.35 20.9 0
4 0 15.18 20.9 0 27.94 20.9 0 27.94 21.01 0 15.18 21.01 0
4 0 39.82 20.9 0 52.58 20.9 0 52.58 21.01 0 39.82 21.01 0
4 0 64.46 20.9 0 77.22 20.9 0 77.22 21.01 0 64.46 21.01 0
4 0 15.29 21.01 0 28.05 21.01 0 28.05 21.12 0 15.29 21.12 0
4 0 39.93 21.01 0 52.69 21.01 0 52.69 21.12 0 39.93 21.12 0
4 0 64.57 21.01 0 77.33 21.01 0 77.33 21.12 0 64.57 21.12 0
4 0 15.4 21.12 0 28.16 21.12 0 28.16 21.34 0 15.4 21.34 0
4 0 40.04 21.12 0 52.8 21.12 0 52.8 21.34 0 40.04 21.34 0
4 0 64.68 21.12 0 77.44 21.12 0 77.44 21.34 0 64.68 21.34 0
4 0 15.51 21.34 0 28.27 21.34 0 28.27 21.45 0 15.51 21.45 0
4 0 40.15 21.34 0 52.91 21.34 0 52.91 21.45 0 40.15 21.45 0
4 0 64.79 21.34 0 77.55 21.34 0 77.55 21.45 0 64.79 21.45 0
4 0 15.62 21.45 0 28.38 21.45 0 28.38 21.67 0 15.62 21.67 0
4 0 40.26 21.45 0 53.02 21.45 0 53.02 21.67 0 40.26 21.67 0
4 0 64.9 21.45 0 77.66 21.45 0 77.66 21.67 0 64.9 21.67 0
4 0 15.73 21.67 0 28.49 21.67 0 28.49 21.78 0 15.73 21.78 0
4 0 40.37 21.67 0 53.13 21.67 0 53.13 21.78 0 40.37 21.78 0
4 0 65.01 21.67 0 77.77 21.67 0 77.77 21.78 0 65.01 21.78 0
4 0 15.84 21.78 0 28.6 21.78 0 28.6 21.89 0 15.84 21.89 0
4 0 40.48 21.78 0 53.24 21.78 0 53.24 21.89 0 40.48 21.89 0
4 0 65.12 21.78 0 77.88 21.78 0 77.88 21.89 0 65.12 21.89 0
4 0 15.95 21.89 0 28.71 21.89 0 28.71 22.11 0 15.95 22.11 0
4 0 40.59 21.89 0 53.35 21.89 0 53.35 22.11 0 40.59 22.11 0
4 0 65.23 21.89 0 77.99 21.89 0 77.99 22.11 0 65.23 22.11 0
4 0 16.06 22.11 0 28.82 22.11 0 28.82 22.22 0 16.06 22.22 0
4 0 40.7 22.11 0 53.46 22.11 0 53.46 22.22 0 40.7 22.22 0
4 0 65.34 22.11 0 78.1 22.11 0 78.1 22.22 0 65.34 22.22 0
4 0 16.17 22.22 0 28.93 22.22 0 28.93 22.44 0 16.17 22.44 0
4 0 40.81 22.22 0 53.57 22.22 0 53.57 22.44 0 40.81 22.44 0
4 0 65.45 22.22 0 78.21 22.22 0 78.21 22.44 0 65.45 22.44 0
4 0 16.28 22.44 0 29.04 22.44 0 29.04 22.55 0 16.28 22.55 0
4 0 40.92 22.44 0 53.68 22.44 0 53.68 22.55 0 40.92 22.55 0
4 0 65.56 22.44 0 78.32 22.44 0 78.32 22.55 0 65.56 22.55 0
4 0 16.39 22.55 0 29.15 22.55 0 29.15 22.77 0 16.39 22.77 0
4 0 41.03 22.55 0 53.79 22.55 0 53.79 22.77 0 41.03 22.77 0
4 0 65.67 22.55 0 78.43 22.55 0 78.43 22.77 0 65.67 22.77 0
4 0 16.5 22.77 0 29.26 22.77 0 29.26 22.88 0 16.5 22.88 0
4 0 41.14 22.77 0 53.9 22.77 0 53.9 22.88 0 41.14 22.88 0
4 0 65.78 22.77 0 78.54 22.77 0 78.54 22.88 0 65.78 22.88 0
4 0 16.61 22.88 0 29.37 22.88 0 29.37 22.99 0 16.61 22.99 0
4 0 41.25 22.88 0 54.01 22.88 0 54.01 22.99 0 41.25 22.99 0
4 0 65.89 22.88 0 78.65 22.88 0 78.65 22.99 0 65.89 22.99 0
4 0 16.72 22.99 0 29.48 22.99 0 29.48 23.21 0 16.72 23.21 0
4 0 41.36 22.99 0 54.12 22.99 0 54.12 23.21 0 41.36 23.21 0
4 0 66 22.99 0 78.76 22.99 0 78.76 23.21 0 66 23.21 0
4 0 16.83 23.21 0 29.59 23.21 0 29.59 23.32 0 16.83 23.32 0
4 0 41.47 23.21 0 54.23 23.21 0 54.23 23.32 0 41.47 23.32 0
4 0 66.11 23.21 0 78.87 23.21 0 78.87 23.32 0 66.11 23.32 0
4 0 16.94 23.32 0 29.7 23.32 0 29.7 23.54 0 16.94 23.54 0
4 0 41.58 23.32 0 54.34 23.32 0 54.34 23.54 0 41.58 23.54 0
4 0 66.22 23.32 0 78.98 23.32 0 78.98 23.54 0 66.22 23.54 0
4 0 17.05 23.54 0 29.81 23.54 0 29.81 23.65 0 17.05 23.65 0
4 0 41.69 23.54 0 54.45 23.54 0 54.45 23.65 0 41.69 23.65 0
4 0 66.33 23.54 0 79.09 23.54 0 79.09 23.65 0 66.33 23.65 0
4 0 17.16 23.65 0 29.92 23.65 0 29.92 23.76 0 17.16 23.76 0
4 0 41.8 23.65 0 54.56 23.65 0 54.56 23.76 0 41.8 23.76 0
4 0 66.44 23.65 0 79.2 23.65 0 79.2 23.76 0 66.44 23.76 0
4 0 17.27 23.76 0 30.03 23.76 0 30.03 23.98 0 17.27 23.98 0
4 0 41.91 23.76 0 54.67 23.76 0 54.67 23.98 0 41.91 23.98 0
4 0 66.55 23.76 0 79.31 23.76 0 79.31 23.98 0 66.55 23.98 0
4 0 17.38 23.98 0 30.14 23.98 0 30.14 24.09 0 17.38 24.09 0
4 0 42.02 23.98 0 54.78 23.98 0 54.78 24.09 0 42.02 24.09 0
4 0 66.66 23.98 0 79.42 23.98 0 79.42 24.09 0 66.66 24.09 0
4 0 17.49 24.09 0 30.25 24.09 0 30.25 24.31 0 17.49 24.31 0
4 0 42.13 24.09 0 54.89 24.09 0 54.89 24.31 0 42.13 24.31 0
4 0 66.77 24.09 0 79.53 24.09 0 79.53 24.31 0 66.77 24.31 0
4 0 17.6 24.31 0 30.36 24.31 0 30.36 24.42 0 17.6 24.42 0
4 0 42.24 24.31 0 55 24.31 0 55 24.42 0 42.24 24.42 0
4 0 66.88 24.31 0 79.64 24.31 0 79.64 24.42 0 66.88 24.42 0
4 0 17.71 24.42 0 30.47 24.42 0 30.47 24.64 0 17.71 24.64 0
4 0 42.35 24.42 0 55.11 24.42 0 55.11 24.64 0 42.35 24.64 0
4 0 66.99 24.42 0 79.75 24.42 0 79.75 24.64 0 66.99 24.64 0
0
