0 Etiqueta Persus Circuito
0 Name: p_percir.dat
0 Author: svlopez
0 BFC CERTIFY CW
4 0 206.58 0 0 206.69 0 0 206.69 0.11 0 206.58 0.11 0
4 4 126.39 5.17 0 158.84 5.17 0 158.84 5.28 0 126.39 5.28 0
4 4 158.84 5.17 0 160.93 5.17 0 160.93 5.28 0 158.84 5.28 0
4 4 160.93 5.17 0 161.04 5.17 0 161.04 5.28 0 160.93 5.28 0
4 4 125.73 5.28 0 158.84 5.28 0 158.84 5.39 0 125.73 5.39 0
4 4 158.84 5.28 0 161.26 5.28 0 161.26 5.39 0 158.84 5.39 0
4 4 161.26 5.28 0 161.37 5.28 0 161.37 5.39 0 161.26 5.39 0
4 4 125.4 5.39 0 158.84 5.39 0 158.84 5.5 0 125.4 5.5 0
4 4 158.84 5.39 0 159.06 5.39 0 159.06 5.5 0 158.84 5.5 0
4 4 159.06 5.39 0 160.27 5.39 0 160.27 5.5 0 159.06 5.5 0
4 4 160.27 5.39 0 160.38 5.39 0 160.38 5.5 0 160.27 5.5 0
4 4 160.38 5.39 0 161.37 5.39 0 161.37 5.5 0 160.38 5.5 0
4 4 161.37 5.39 0 161.48 5.39 0 161.48 5.5 0 161.37 5.5 0
4 4 161.48 5.39 0 161.59 5.39 0 161.59 5.5 0 161.48 5.5 0
4 4 125.07 5.5 0 158.84 5.5 0 158.84 5.61 0 125.07 5.61 0
4 4 158.84 5.5 0 158.95 5.5 0 158.95 5.61 0 158.84 5.61 0
4 4 158.95 5.5 0 159.72 5.5 0 159.72 5.61 0 158.95 5.61 0
4 4 159.72 5.5 0 159.83 5.5 0 159.83 5.61 0 159.72 5.61 0
4 4 159.83 5.5 0 160.27 5.5 0 160.27 5.61 0 159.83 5.61 0
4 4 160.27 5.5 0 160.49 5.5 0 160.49 5.61 0 160.27 5.61 0
4 4 160.49 5.5 0 161.37 5.5 0 161.37 5.61 0 160.49 5.61 0
4 4 161.37 5.5 0 161.59 5.5 0 161.59 5.61 0 161.37 5.61 0
4 4 161.59 5.5 0 161.7 5.5 0 161.7 5.61 0 161.59 5.61 0
4 4 124.74 5.61 0 158.84 5.61 0 158.84 5.72 0 124.74 5.72 0
4 4 158.84 5.61 0 159.61 5.61 0 159.61 5.72 0 158.84 5.72 0
4 4 159.61 5.61 0 159.83 5.61 0 159.83 5.72 0 159.61 5.72 0
4 4 159.83 5.61 0 160.16 5.61 0 160.16 5.72 0 159.83 5.72 0
4 4 160.16 5.61 0 160.49 5.61 0 160.49 5.72 0 160.16 5.72 0
4 4 160.49 5.61 0 160.93 5.61 0 160.93 5.72 0 160.49 5.72 0
4 4 160.93 5.61 0 161.7 5.61 0 161.7 5.72 0 160.93 5.72 0
4 4 161.7 5.5 0 161.81 5.5 0 161.81 5.72 0 161.7 5.72 0
4 4 161.81 5.61 0 161.92 5.61 0 161.92 5.72 0 161.81 5.72 0
4 4 161.92 5.61 0 162.03 5.61 0 162.03 5.72 0 161.92 5.72 0
4 4 124.52 5.72 0 158.84 5.72 0 158.84 5.83 0 124.52 5.83 0
4 4 158.84 5.72 0 159.17 5.72 0 159.17 5.83 0 158.84 5.83 0
4 4 159.17 5.72 0 159.28 5.72 0 159.28 5.83 0 159.17 5.83 0
4 4 159.28 5.72 0 159.5 5.72 0 159.5 5.83 0 159.28 5.83 0
4 4 159.5 5.72 0 159.94 5.72 0 159.94 5.83 0 159.5 5.83 0
4 4 159.94 5.72 0 160.05 5.72 0 160.05 5.83 0 159.94 5.83 0
4 4 160.05 5.72 0 160.27 5.72 0 160.27 5.83 0 160.05 5.83 0
4 4 160.27 5.72 0 160.38 5.72 0 160.38 5.83 0 160.27 5.83 0
4 4 160.38 5.72 0 160.49 5.72 0 160.49 5.83 0 160.38 5.83 0
4 4 160.49 5.72 0 160.6 5.72 0 160.6 5.83 0 160.49 5.83 0
4 4 160.6 5.72 0 160.93 5.72 0 160.93 5.83 0 160.6 5.83 0
4 4 161.04 5.72 0 162.03 5.72 0 162.03 5.83 0 161.04 5.83 0
4 4 162.03 5.72 0 162.14 5.72 0 162.14 5.83 0 162.03 5.83 0
4 4 124.3 5.83 0 158.84 5.83 0 158.84 5.94 0 124.3 5.94 0
4 4 159.17 5.83 0 159.39 5.83 0 159.39 5.94 0 159.17 5.94 0
4 4 159.39 5.83 0 159.61 5.83 0 159.61 5.94 0 159.39 5.94 0
4 4 159.61 5.83 0 159.72 5.83 0 159.72 5.94 0 159.61 5.94 0
4 4 159.72 5.83 0 159.94 5.83 0 159.94 5.94 0 159.72 5.94 0
4 4 159.94 5.83 0 160.16 5.83 0 160.16 5.94 0 159.94 5.94 0
4 4 160.6 5.83 0 160.82 5.83 0 160.82 5.94 0 160.6 5.94 0
4 4 160.82 5.83 0 160.93 5.83 0 160.93 5.94 0 160.82 5.94 0
4 4 161.04 5.83 0 161.37 5.83 0 161.37 5.94 0 161.04 5.94 0
4 4 161.37 5.83 0 161.48 5.83 0 161.48 5.94 0 161.37 5.94 0
4 4 161.48 5.83 0 161.92 5.83 0 161.92 5.94 0 161.48 5.94 0
4 4 162.03 5.83 0 162.25 5.83 0 162.25 5.94 0 162.03 5.94 0
4 4 162.25 5.83 0 162.36 5.83 0 162.36 5.94 0 162.25 5.94 0
4 4 123.97 5.94 0 158.84 5.94 0 158.84 6.05 0 123.97 6.05 0
4 4 158.95 5.83 0 159.17 5.83 0 159.17 6.05 0 158.95 6.05 0
4 4 159.17 5.94 0 159.28 5.94 0 159.28 6.05 0 159.17 6.05 0
4 4 159.28 5.94 0 160.16 5.94 0 160.16 6.05 0 159.28 6.05 0
4 4 160.16 5.83 0 160.6 5.83 0 160.6 6.05 0 160.16 6.05 0
4 4 160.6 5.94 0 160.93 5.94 0 160.93 6.05 0 160.6 6.05 0
4 4 161.04 5.94 0 161.48 5.94 0 161.48 6.05 0 161.04 6.05 0
4 4 161.48 5.94 0 161.59 5.94 0 161.59 6.05 0 161.48 6.05 0
4 4 161.59 5.94 0 161.7 5.94 0 161.7 6.05 0 161.59 6.05 0
4 4 161.7 5.94 0 161.92 5.94 0 161.92 6.05 0 161.7 6.05 0
4 4 161.92 5.83 0 162.03 5.83 0 162.03 6.05 0 161.92 6.05 0
4 4 162.03 5.94 0 162.36 5.94 0 162.36 6.05 0 162.03 6.05 0
4 4 123.75 6.05 0 158.84 6.05 0 158.84 6.16 0 123.75 6.16 0
4 4 158.95 6.05 0 159.06 6.05 0 159.06 6.16 0 158.95 6.16 0
4 4 159.06 6.05 0 160.05 6.05 0 160.05 6.16 0 159.06 6.16 0
4 4 160.05 6.05 0 160.27 6.05 0 160.27 6.16 0 160.05 6.16 0
4 4 160.27 6.05 0 160.71 6.05 0 160.71 6.16 0 160.27 6.16 0
4 4 160.71 6.05 0 160.82 6.05 0 160.82 6.16 0 160.71 6.16 0
4 4 160.82 6.05 0 160.93 6.05 0 160.93 6.16 0 160.82 6.16 0
4 4 160.93 5.72 0 161.04 5.72 0 161.04 6.16 0 160.93 6.16 0
4 4 161.04 6.05 0 161.15 6.05 0 161.15 6.16 0 161.04 6.16 0
4 4 161.15 6.05 0 161.59 6.05 0 161.59 6.16 0 161.15 6.16 0
4 4 161.59 6.05 0 162.36 6.05 0 162.36 6.16 0 161.59 6.16 0
4 4 162.36 5.94 0 162.47 5.94 0 162.47 6.16 0 162.36 6.16 0
4 4 123.64 6.16 0 158.84 6.16 0 158.84 6.27 0 123.64 6.27 0
4 4 158.84 5.83 0 158.95 5.83 0 158.95 6.27 0 158.84 6.27 0
4 4 158.95 6.16 0 159.61 6.16 0 159.61 6.27 0 158.95 6.27 0
4 4 159.61 6.16 0 160.16 6.16 0 160.16 6.27 0 159.61 6.27 0
4 4 160.16 6.16 0 160.6 6.16 0 160.6 6.27 0 160.16 6.27 0
4 4 160.82 6.16 0 161.15 6.16 0 161.15 6.27 0 160.82 6.27 0
4 4 161.15 6.16 0 161.26 6.16 0 161.26 6.27 0 161.15 6.27 0
4 4 161.26 6.16 0 161.59 6.16 0 161.59 6.27 0 161.26 6.27 0
4 4 161.59 6.16 0 162.47 6.16 0 162.47 6.27 0 161.59 6.27 0
4 4 162.47 6.05 0 162.58 6.05 0 162.58 6.27 0 162.47 6.27 0
4 4 123.53 6.27 0 158.84 6.27 0 158.84 6.38 0 123.53 6.38 0
4 4 158.84 6.27 0 159.61 6.27 0 159.61 6.38 0 158.84 6.38 0
4 4 159.61 6.27 0 160.05 6.27 0 160.05 6.38 0 159.61 6.38 0
4 4 160.05 6.27 0 160.6 6.27 0 160.6 6.38 0 160.05 6.38 0
4 4 160.6 6.16 0 160.82 6.16 0 160.82 6.38 0 160.6 6.38 0
4 4 160.82 6.27 0 161.04 6.27 0 161.04 6.38 0 160.82 6.38 0
4 4 161.04 6.27 0 161.48 6.27 0 161.48 6.38 0 161.04 6.38 0
4 4 161.48 6.27 0 161.92 6.27 0 161.92 6.38 0 161.48 6.38 0
4 4 161.92 6.27 0 162.58 6.27 0 162.58 6.38 0 161.92 6.38 0
4 4 123.31 6.38 0 158.84 6.38 0 158.84 6.49 0 123.31 6.49 0
4 4 158.84 6.38 0 160.6 6.38 0 160.6 6.49 0 158.84 6.49 0
4 4 160.6 6.38 0 160.93 6.38 0 160.93 6.49 0 160.6 6.49 0
4 4 160.93 6.38 0 161.04 6.38 0 161.04 6.49 0 160.93 6.49 0
4 4 161.04 6.38 0 161.59 6.38 0 161.59 6.49 0 161.04 6.49 0
4 4 161.59 6.38 0 161.7 6.38 0 161.7 6.49 0 161.59 6.49 0
4 4 161.7 6.38 0 162.58 6.38 0 162.58 6.49 0 161.7 6.49 0
4 4 162.58 6.27 0 162.69 6.27 0 162.69 6.49 0 162.58 6.49 0
4 4 123.2 6.49 0 158.84 6.49 0 158.84 6.6 0 123.2 6.6 0
4 4 158.84 6.49 0 160.49 6.49 0 160.49 6.6 0 158.84 6.6 0
4 4 160.71 6.49 0 160.93 6.49 0 160.93 6.6 0 160.71 6.6 0
4 4 160.93 6.49 0 161.7 6.49 0 161.7 6.6 0 160.93 6.6 0
4 4 161.7 6.49 0 161.92 6.49 0 161.92 6.6 0 161.7 6.6 0
4 4 161.92 6.49 0 162.69 6.49 0 162.69 6.6 0 161.92 6.6 0
4 4 123.09 6.6 0 158.84 6.6 0 158.84 6.71 0 123.09 6.71 0
4 4 158.84 6.6 0 158.95 6.6 0 158.95 6.71 0 158.84 6.71 0
4 4 158.95 6.6 0 159.17 6.6 0 159.17 6.71 0 158.95 6.71 0
4 4 159.17 6.6 0 159.39 6.6 0 159.39 6.71 0 159.17 6.71 0
4 4 159.39 6.6 0 159.72 6.6 0 159.72 6.71 0 159.39 6.71 0
4 4 159.72 6.6 0 159.83 6.6 0 159.83 6.71 0 159.72 6.71 0
4 4 159.83 6.6 0 159.94 6.6 0 159.94 6.71 0 159.83 6.71 0
4 4 159.94 6.6 0 160.16 6.6 0 160.16 6.71 0 159.94 6.71 0
4 4 160.16 6.6 0 160.49 6.6 0 160.49 6.71 0 160.16 6.71 0
4 4 160.49 6.49 0 160.71 6.49 0 160.71 6.71 0 160.49 6.71 0
4 4 160.71 6.6 0 160.82 6.6 0 160.82 6.71 0 160.71 6.71 0
4 4 160.82 6.6 0 161.15 6.6 0 161.15 6.71 0 160.82 6.71 0
4 4 161.15 6.6 0 161.37 6.6 0 161.37 6.71 0 161.15 6.71 0
4 4 161.37 6.6 0 161.59 6.6 0 161.59 6.71 0 161.37 6.71 0
4 4 161.59 6.6 0 161.81 6.6 0 161.81 6.71 0 161.59 6.71 0
4 4 161.81 6.6 0 162.69 6.6 0 162.69 6.71 0 161.81 6.71 0
4 4 122.98 6.71 0 158.84 6.71 0 158.84 6.82 0 122.98 6.82 0
4 4 158.84 6.71 0 159.39 6.71 0 159.39 6.82 0 158.84 6.82 0
4 4 159.39 6.71 0 159.61 6.71 0 159.61 6.82 0 159.39 6.82 0
4 4 159.61 6.71 0 160.49 6.71 0 160.49 6.82 0 159.61 6.82 0
4 4 160.49 6.71 0 161.26 6.71 0 161.26 6.82 0 160.49 6.82 0
4 4 161.26 6.71 0 161.37 6.71 0 161.37 6.82 0 161.26 6.82 0
4 4 161.37 6.71 0 161.7 6.71 0 161.7 6.82 0 161.37 6.82 0
4 4 161.7 6.71 0 161.81 6.71 0 161.81 6.82 0 161.7 6.82 0
4 4 161.81 6.71 0 161.92 6.71 0 161.92 6.82 0 161.81 6.82 0
4 4 161.92 6.71 0 162.03 6.71 0 162.03 6.82 0 161.92 6.82 0
4 4 162.03 6.71 0 162.47 6.71 0 162.47 6.82 0 162.03 6.82 0
4 4 162.47 6.71 0 162.58 6.71 0 162.58 6.82 0 162.47 6.82 0
4 4 162.58 6.71 0 162.69 6.71 0 162.69 6.82 0 162.58 6.82 0
4 4 122.87 6.82 0 158.84 6.82 0 158.84 6.93 0 122.87 6.93 0
4 4 158.84 6.82 0 160.16 6.82 0 160.16 6.93 0 158.84 6.93 0
4 4 160.16 6.82 0 160.49 6.82 0 160.49 6.93 0 160.16 6.93 0
4 4 160.49 6.82 0 160.71 6.82 0 160.71 6.93 0 160.49 6.93 0
4 4 160.71 6.82 0 161.48 6.82 0 161.48 6.93 0 160.71 6.93 0
4 4 161.48 6.82 0 161.81 6.82 0 161.81 6.93 0 161.48 6.93 0
4 4 162.03 6.82 0 162.69 6.82 0 162.69 6.93 0 162.03 6.93 0
4 4 162.69 6.38 0 162.8 6.38 0 162.8 6.93 0 162.69 6.93 0
4 4 122.65 6.93 0 158.84 6.93 0 158.84 7.04 0 122.65 7.04 0
4 4 158.84 6.93 0 160.27 6.93 0 160.27 7.04 0 158.84 7.04 0
4 4 160.27 6.93 0 160.49 6.93 0 160.49 7.04 0 160.27 7.04 0
4 4 160.6 6.93 0 160.82 6.93 0 160.82 7.04 0 160.6 7.04 0
4 4 122.54 7.04 0 158.84 7.04 0 158.84 7.15 0 122.54 7.15 0
4 4 158.84 7.04 0 158.95 7.04 0 158.95 7.15 0 158.84 7.15 0
4 4 158.95 7.04 0 159.06 7.04 0 159.06 7.15 0 158.95 7.15 0
4 4 159.06 7.04 0 160.05 7.04 0 160.05 7.15 0 159.06 7.15 0
4 4 160.05 7.04 0 160.49 7.04 0 160.49 7.15 0 160.05 7.15 0
4 4 160.49 6.93 0 160.6 6.93 0 160.6 7.15 0 160.49 7.15 0
4 4 160.93 6.93 0 161.04 6.93 0 161.04 7.15 0 160.93 7.15 0
4 4 161.04 6.93 0 161.59 6.93 0 161.59 7.15 0 161.04 7.15 0
4 4 161.59 6.93 0 161.81 6.93 0 161.81 7.15 0 161.59 7.15 0
4 4 122.43 7.15 0 126.83 7.15 0 126.83 7.26 0 122.43 7.26 0
4 4 160.6 7.04 0 160.71 7.04 0 160.71 7.26 0 160.6 7.26 0
4 4 160.71 7.04 0 160.82 7.04 0 160.82 7.26 0 160.71 7.26 0
4 4 160.93 7.15 0 161.15 7.15 0 161.15 7.26 0 160.93 7.26 0
4 4 161.7 7.15 0 161.81 7.15 0 161.81 7.26 0 161.7 7.26 0
4 4 161.81 6.82 0 162.03 6.82 0 162.03 7.26 0 161.81 7.26 0
4 4 162.03 6.93 0 162.8 6.93 0 162.8 7.26 0 162.03 7.26 0
4 4 122.32 7.26 0 126.06 7.26 0 126.06 7.37 0 122.32 7.37 0
4 4 160.82 6.93 0 160.93 6.93 0 160.93 7.37 0 160.82 7.37 0
4 4 161.15 7.15 0 161.7 7.15 0 161.7 7.37 0 161.15 7.37 0
4 4 161.7 7.26 0 162.8 7.26 0 162.8 7.37 0 161.7 7.37 0
4 4 122.21 7.37 0 125.73 7.37 0 125.73 7.48 0 122.21 7.48 0
4 4 160.93 7.26 0 161.04 7.26 0 161.04 7.48 0 160.93 7.48 0
4 4 161.15 7.37 0 161.81 7.37 0 161.81 7.48 0 161.15 7.48 0
4 4 161.81 7.37 0 162.8 7.37 0 162.8 7.48 0 161.81 7.48 0
4 4 121.99 7.48 0 125.51 7.48 0 125.51 7.59 0 121.99 7.59 0
4 4 161.04 7.26 0 161.15 7.26 0 161.15 7.59 0 161.04 7.59 0
4 4 161.7 7.48 0 161.92 7.48 0 161.92 7.59 0 161.7 7.59 0
4 4 121.88 7.59 0 125.29 7.59 0 125.29 7.7 0 121.88 7.7 0
4 4 161.26 7.48 0 161.59 7.48 0 161.59 7.7 0 161.26 7.7 0
4 4 161.59 7.48 0 161.7 7.48 0 161.7 7.7 0 161.59 7.7 0
4 4 161.7 7.59 0 161.81 7.59 0 161.81 7.7 0 161.7 7.7 0
4 4 161.81 7.59 0 161.92 7.59 0 161.92 7.7 0 161.81 7.7 0
4 4 161.92 7.48 0 162.8 7.48 0 162.8 7.7 0 161.92 7.7 0
4 4 162.8 6.6 0 162.91 6.6 0 162.91 7.7 0 162.8 7.7 0
4 4 162.91 6.71 0 163.02 6.71 0 163.02 7.7 0 162.91 7.7 0
4 4 163.02 6.93 0 163.13 6.93 0 163.13 7.7 0 163.02 7.7 0
4 4 163.13 7.26 0 163.24 7.26 0 163.24 7.7 0 163.13 7.7 0
4 4 121.77 7.7 0 125.07 7.7 0 125.07 7.81 0 121.77 7.81 0
4 4 161.15 7.48 0 161.26 7.48 0 161.26 7.81 0 161.15 7.81 0
4 4 121.66 7.81 0 124.85 7.81 0 124.85 7.92 0 121.66 7.92 0
4 4 121.44 7.92 0 124.63 7.92 0 124.63 8.03 0 121.44 8.03 0
4 4 121.33 8.03 0 124.52 8.03 0 124.52 8.14 0 121.33 8.14 0
4 4 121.22 8.14 0 124.3 8.14 0 124.3 8.25 0 121.22 8.25 0
4 4 121.11 8.25 0 124.19 8.25 0 124.19 8.36 0 121.11 8.36 0
4 4 120.89 8.36 0 123.97 8.36 0 123.97 8.47 0 120.89 8.47 0
4 4 120.78 8.47 0 123.75 8.47 0 123.75 8.58 0 120.78 8.58 0
4 4 120.67 8.58 0 123.64 8.58 0 123.64 8.69 0 120.67 8.69 0
4 4 120.56 8.69 0 123.53 8.69 0 123.53 8.8 0 120.56 8.8 0
4 4 38.83 8.8 0 38.94 8.8 0 38.94 8.91 0 38.83 8.91 0
4 4 38.94 8.8 0 39.6 8.8 0 39.6 8.91 0 38.94 8.91 0
4 4 39.6 8.8 0 51.37 8.8 0 51.37 8.91 0 39.6 8.91 0
4 4 51.37 8.8 0 53.46 8.8 0 53.46 8.91 0 51.37 8.91 0
4 4 53.46 8.8 0 53.57 8.8 0 53.57 8.91 0 53.46 8.91 0
4 4 120.45 8.8 0 123.42 8.8 0 123.42 8.91 0 120.45 8.91 0
4 4 38.5 8.91 0 38.61 8.91 0 38.61 9.02 0 38.5 9.02 0
4 4 38.61 8.91 0 39.38 8.91 0 39.38 9.02 0 38.61 9.02 0
4 4 39.38 8.91 0 51.59 8.91 0 51.59 9.02 0 39.38 9.02 0
4 4 51.59 8.91 0 53.79 8.91 0 53.79 9.02 0 51.59 9.02 0
4 4 53.79 8.91 0 53.9 8.91 0 53.9 9.02 0 53.79 9.02 0
4 4 120.23 8.91 0 123.2 8.91 0 123.2 9.02 0 120.23 9.02 0
4 4 38.28 9.02 0 38.39 9.02 0 38.39 9.13 0 38.28 9.13 0
4 4 38.39 9.02 0 38.5 9.02 0 38.5 9.13 0 38.39 9.13 0
4 4 39.27 9.02 0 51.7 9.02 0 51.7 9.13 0 39.27 9.13 0
4 4 51.7 9.02 0 52.8 9.02 0 52.8 9.13 0 51.7 9.13 0
4 4 52.8 9.02 0 52.91 9.02 0 52.91 9.13 0 52.8 9.13 0
4 4 52.91 9.02 0 53.9 9.02 0 53.9 9.13 0 52.91 9.13 0
4 4 53.9 9.02 0 54.01 9.02 0 54.01 9.13 0 53.9 9.13 0
4 4 54.01 9.02 0 54.12 9.02 0 54.12 9.13 0 54.01 9.13 0
4 4 120.12 9.02 0 123.09 9.02 0 123.09 9.13 0 120.12 9.13 0
4 4 38.17 9.13 0 38.28 9.13 0 38.28 9.24 0 38.17 9.24 0
4 4 38.28 9.13 0 38.5 9.13 0 38.5 9.24 0 38.28 9.24 0
4 4 38.5 9.02 0 39.27 9.02 0 39.27 9.24 0 38.5 9.24 0
4 4 39.27 9.13 0 52.03 9.13 0 52.03 9.24 0 39.27 9.24 0
4 4 52.03 9.13 0 52.25 9.13 0 52.25 9.24 0 52.03 9.24 0
4 4 52.25 9.13 0 52.36 9.13 0 52.36 9.24 0 52.25 9.24 0
4 4 52.36 9.13 0 52.8 9.13 0 52.8 9.24 0 52.36 9.24 0
4 4 52.8 9.13 0 53.02 9.13 0 53.02 9.24 0 52.8 9.24 0
4 4 53.02 9.13 0 53.9 9.13 0 53.9 9.24 0 53.02 9.24 0
4 4 53.9 9.13 0 54.12 9.13 0 54.12 9.24 0 53.9 9.24 0
4 4 54.12 9.13 0 54.23 9.13 0 54.23 9.24 0 54.12 9.24 0
4 4 120.01 9.13 0 122.98 9.13 0 122.98 9.24 0 120.01 9.24 0
4 4 37.84 9.24 0 37.95 9.24 0 37.95 9.35 0 37.84 9.35 0
4 4 37.95 9.24 0 38.06 9.24 0 38.06 9.35 0 37.95 9.35 0
4 4 38.06 9.13 0 38.17 9.13 0 38.17 9.35 0 38.06 9.35 0
4 4 38.17 9.24 0 38.94 9.24 0 38.94 9.35 0 38.17 9.35 0
4 4 39.16 9.24 0 52.47 9.24 0 52.47 9.35 0 39.16 9.35 0
4 4 52.47 9.24 0 52.69 9.24 0 52.69 9.35 0 52.47 9.35 0
4 4 52.69 9.24 0 53.02 9.24 0 53.02 9.35 0 52.69 9.35 0
4 4 53.02 9.24 0 53.46 9.24 0 53.46 9.35 0 53.02 9.35 0
4 4 53.46 9.24 0 54.23 9.24 0 54.23 9.35 0 53.46 9.35 0
4 4 54.23 9.13 0 54.34 9.13 0 54.34 9.35 0 54.23 9.35 0
4 4 54.34 9.24 0 54.45 9.24 0 54.45 9.35 0 54.34 9.35 0
4 4 54.45 9.24 0 54.56 9.24 0 54.56 9.35 0 54.45 9.35 0
4 4 119.9 9.24 0 122.87 9.24 0 122.87 9.35 0 119.9 9.35 0
4 4 37.73 9.35 0 37.84 9.35 0 37.84 9.46 0 37.73 9.46 0
4 4 37.84 9.35 0 38.83 9.35 0 38.83 9.46 0 37.84 9.46 0
4 4 38.94 9.24 0 39.16 9.24 0 39.16 9.46 0 38.94 9.46 0
4 4 39.16 9.35 0 52.69 9.35 0 52.69 9.46 0 39.16 9.46 0
4 4 52.69 9.35 0 52.8 9.35 0 52.8 9.46 0 52.69 9.46 0
4 4 52.8 9.35 0 52.91 9.35 0 52.91 9.46 0 52.8 9.46 0
4 4 52.91 9.35 0 53.02 9.35 0 53.02 9.46 0 52.91 9.46 0
4 4 53.02 9.35 0 53.13 9.35 0 53.13 9.46 0 53.02 9.46 0
4 4 53.13 9.35 0 53.46 9.35 0 53.46 9.46 0 53.13 9.46 0
4 4 53.57 9.35 0 54.56 9.35 0 54.56 9.46 0 53.57 9.46 0
4 4 54.56 9.35 0 54.67 9.35 0 54.67 9.46 0 54.56 9.46 0
4 4 119.79 9.35 0 122.76 9.35 0 122.76 9.46 0 119.79 9.46 0
4 4 37.51 9.46 0 37.62 9.46 0 37.62 9.57 0 37.51 9.57 0
4 4 37.62 9.46 0 37.84 9.46 0 37.84 9.57 0 37.62 9.57 0
4 4 37.95 9.46 0 38.39 9.46 0 38.39 9.57 0 37.95 9.57 0
4 4 38.39 9.46 0 38.5 9.46 0 38.5 9.57 0 38.39 9.57 0
4 4 38.5 9.46 0 38.83 9.46 0 38.83 9.57 0 38.5 9.57 0
4 4 38.94 9.46 0 39.05 9.46 0 39.05 9.57 0 38.94 9.57 0
4 4 39.05 9.46 0 39.16 9.46 0 39.16 9.57 0 39.05 9.57 0
4 4 39.16 9.46 0 52.8 9.46 0 52.8 9.57 0 39.16 9.57 0
4 4 52.8 9.46 0 53.13 9.46 0 53.13 9.57 0 52.8 9.57 0
4 4 53.13 9.46 0 53.35 9.46 0 53.35 9.57 0 53.13 9.57 0
4 4 53.35 9.46 0 53.46 9.46 0 53.46 9.57 0 53.35 9.57 0
4 4 53.57 9.46 0 53.9 9.46 0 53.9 9.57 0 53.57 9.57 0
4 4 53.9 9.46 0 54.01 9.46 0 54.01 9.57 0 53.9 9.57 0
4 4 54.01 9.46 0 54.45 9.46 0 54.45 9.57 0 54.01 9.57 0
4 4 54.56 9.46 0 54.78 9.46 0 54.78 9.57 0 54.56 9.57 0
4 4 54.78 9.46 0 54.89 9.46 0 54.89 9.57 0 54.78 9.57 0
4 4 119.57 9.46 0 122.54 9.46 0 122.54 9.57 0 119.57 9.57 0
4 4 37.51 9.57 0 37.84 9.57 0 37.84 9.68 0 37.51 9.68 0
4 4 37.84 9.46 0 37.95 9.46 0 37.95 9.68 0 37.84 9.68 0
4 4 37.95 9.57 0 38.17 9.57 0 38.17 9.68 0 37.95 9.68 0
4 4 38.17 9.57 0 38.28 9.57 0 38.28 9.68 0 38.17 9.68 0
4 4 38.28 9.57 0 38.39 9.57 0 38.39 9.68 0 38.28 9.68 0
4 4 38.39 9.57 0 38.83 9.57 0 38.83 9.68 0 38.39 9.68 0
4 4 38.94 9.57 0 39.27 9.57 0 39.27 9.68 0 38.94 9.68 0
4 4 52.91 9.57 0 53.13 9.57 0 53.13 9.68 0 52.91 9.68 0
4 4 53.13 9.57 0 53.46 9.57 0 53.46 9.68 0 53.13 9.68 0
4 4 53.57 9.57 0 54.01 9.57 0 54.01 9.68 0 53.57 9.68 0
4 4 54.01 9.57 0 54.12 9.57 0 54.12 9.68 0 54.01 9.68 0
4 4 54.12 9.57 0 54.23 9.57 0 54.23 9.68 0 54.12 9.68 0
4 4 54.23 9.57 0 54.45 9.57 0 54.45 9.68 0 54.23 9.68 0
4 4 54.45 9.46 0 54.56 9.46 0 54.56 9.68 0 54.45 9.68 0
4 4 54.56 9.57 0 54.89 9.57 0 54.89 9.68 0 54.56 9.68 0
4 4 119.46 9.57 0 122.43 9.57 0 122.43 9.68 0 119.46 9.68 0
4 4 37.4 9.57 0 37.51 9.57 0 37.51 9.79 0 37.4 9.79 0
4 4 37.51 9.68 0 38.28 9.68 0 38.28 9.79 0 37.51 9.79 0
4 4 38.28 9.68 0 38.72 9.68 0 38.72 9.79 0 38.28 9.79 0
4 4 38.72 9.68 0 38.83 9.68 0 38.83 9.79 0 38.72 9.79 0
4 4 38.83 9.35 0 38.94 9.35 0 38.94 9.79 0 38.83 9.79 0
4 4 38.94 9.68 0 39.05 9.68 0 39.05 9.79 0 38.94 9.79 0
4 4 39.05 9.68 0 39.16 9.68 0 39.16 9.79 0 39.05 9.79 0
4 4 39.16 9.68 0 39.27 9.68 0 39.27 9.79 0 39.16 9.79 0
4 4 39.27 9.57 0 52.91 9.57 0 52.91 9.79 0 39.27 9.79 0
4 4 52.91 9.68 0 53.24 9.68 0 53.24 9.79 0 52.91 9.79 0
4 4 53.24 9.68 0 53.35 9.68 0 53.35 9.79 0 53.24 9.79 0
4 4 53.35 9.68 0 53.46 9.68 0 53.46 9.79 0 53.35 9.79 0
4 4 53.46 9.35 0 53.57 9.35 0 53.57 9.79 0 53.46 9.79 0
4 4 53.57 9.68 0 53.68 9.68 0 53.68 9.79 0 53.57 9.79 0
4 4 53.68 9.68 0 54.12 9.68 0 54.12 9.79 0 53.68 9.79 0
4 4 54.12 9.68 0 54.89 9.68 0 54.89 9.79 0 54.12 9.79 0
4 4 54.89 9.57 0 55 9.57 0 55 9.79 0 54.89 9.79 0
4 4 119.35 9.68 0 122.32 9.68 0 122.32 9.79 0 119.35 9.79 0
4 4 37.29 9.68 0 37.4 9.68 0 37.4 9.9 0 37.29 9.9 0
4 4 37.4 9.79 0 38.28 9.79 0 38.28 9.9 0 37.4 9.9 0
4 4 38.28 9.79 0 38.61 9.79 0 38.61 9.9 0 38.28 9.9 0
4 4 38.61 9.79 0 38.72 9.79 0 38.72 9.9 0 38.61 9.9 0
4 4 38.72 9.79 0 39.05 9.79 0 39.05 9.9 0 38.72 9.9 0
4 4 53.35 9.79 0 53.68 9.79 0 53.68 9.9 0 53.35 9.9 0
4 4 53.68 9.79 0 53.79 9.79 0 53.79 9.9 0 53.68 9.9 0
4 4 53.79 9.79 0 54.12 9.79 0 54.12 9.9 0 53.79 9.9 0
4 4 54.12 9.79 0 55 9.79 0 55 9.9 0 54.12 9.9 0
4 4 55 9.68 0 55.11 9.68 0 55.11 9.9 0 55 9.9 0
4 4 119.24 9.79 0 122.21 9.79 0 122.21 9.9 0 119.24 9.9 0
4 4 37.29 9.9 0 37.95 9.9 0 37.95 10.01 0 37.29 10.01 0
4 4 37.95 9.9 0 38.39 9.9 0 38.39 10.01 0 37.95 10.01 0
4 4 38.39 9.9 0 38.83 9.9 0 38.83 10.01 0 38.39 10.01 0
4 4 38.83 9.9 0 39.05 9.9 0 39.05 10.01 0 38.83 10.01 0
4 4 39.05 9.79 0 39.27 9.79 0 39.27 10.01 0 39.05 10.01 0
4 4 39.27 9.79 0 53.02 9.79 0 53.02 10.01 0 39.27 10.01 0
4 4 53.13 9.79 0 53.35 9.79 0 53.35 10.01 0 53.13 10.01 0
4 4 53.35 9.9 0 53.57 9.9 0 53.57 10.01 0 53.35 10.01 0
4 4 53.57 9.9 0 54.01 9.9 0 54.01 10.01 0 53.57 10.01 0
4 4 54.01 9.9 0 54.45 9.9 0 54.45 10.01 0 54.01 10.01 0
4 4 54.45 9.9 0 55.11 9.9 0 55.11 10.01 0 54.45 10.01 0
4 4 119.02 9.9 0 121.99 9.9 0 121.99 10.01 0 119.02 10.01 0
4 4 37.18 9.9 0 37.29 9.9 0 37.29 10.12 0 37.18 10.12 0
4 4 37.29 10.01 0 38.17 10.01 0 38.17 10.12 0 37.29 10.12 0
4 4 38.17 10.01 0 38.28 10.01 0 38.28 10.12 0 38.17 10.12 0
4 4 38.28 10.01 0 38.83 10.01 0 38.83 10.12 0 38.28 10.12 0
4 4 38.83 10.01 0 38.94 10.01 0 38.94 10.12 0 38.83 10.12 0
4 4 39.16 10.01 0 53.02 10.01 0 53.02 10.12 0 39.16 10.12 0
4 4 53.02 9.79 0 53.13 9.79 0 53.13 10.12 0 53.02 10.12 0
4 4 53.13 10.01 0 53.46 10.01 0 53.46 10.12 0 53.13 10.12 0
4 4 53.46 10.01 0 53.57 10.01 0 53.57 10.12 0 53.46 10.12 0
4 4 53.57 10.01 0 54.12 10.01 0 54.12 10.12 0 53.57 10.12 0
4 4 54.12 10.01 0 54.23 10.01 0 54.23 10.12 0 54.12 10.12 0
4 4 54.23 10.01 0 55.11 10.01 0 55.11 10.12 0 54.23 10.12 0
4 4 55.11 9.9 0 55.22 9.9 0 55.22 10.12 0 55.11 10.12 0
4 4 118.91 10.01 0 121.88 10.01 0 121.88 10.12 0 118.91 10.12 0
4 4 37.18 10.12 0 37.95 10.12 0 37.95 10.23 0 37.18 10.23 0
4 4 37.95 10.12 0 38.17 10.12 0 38.17 10.23 0 37.95 10.23 0
4 4 38.17 10.12 0 38.94 10.12 0 38.94 10.23 0 38.17 10.23 0
4 4 38.94 10.01 0 39.16 10.01 0 39.16 10.23 0 38.94 10.23 0
4 4 53.24 10.12 0 53.46 10.12 0 53.46 10.23 0 53.24 10.23 0
4 4 53.46 10.12 0 54.23 10.12 0 54.23 10.23 0 53.46 10.23 0
4 4 54.23 10.12 0 54.45 10.12 0 54.45 10.23 0 54.23 10.23 0
4 4 54.45 10.12 0 55.22 10.12 0 55.22 10.23 0 54.45 10.23 0
4 4 118.8 10.12 0 121.77 10.12 0 121.77 10.23 0 118.8 10.23 0
4 4 37.18 10.23 0 38.06 10.23 0 38.06 10.34 0 37.18 10.34 0
4 4 38.06 10.23 0 38.28 10.23 0 38.28 10.34 0 38.06 10.34 0
4 4 38.28 10.23 0 38.5 10.23 0 38.5 10.34 0 38.28 10.34 0
4 4 38.5 10.23 0 38.72 10.23 0 38.72 10.34 0 38.5 10.34 0
4 4 38.72 10.23 0 39.05 10.23 0 39.05 10.34 0 38.72 10.34 0
4 4 39.05 10.23 0 39.16 10.23 0 39.16 10.34 0 39.05 10.34 0
4 4 39.16 10.12 0 52.91 10.12 0 52.91 10.34 0 39.16 10.34 0
4 4 52.91 10.12 0 53.02 10.12 0 53.02 10.34 0 52.91 10.34 0
4 4 53.02 10.12 0 53.24 10.12 0 53.24 10.34 0 53.02 10.34 0
4 4 53.24 10.23 0 53.35 10.23 0 53.35 10.34 0 53.24 10.34 0
4 4 53.35 10.23 0 53.68 10.23 0 53.68 10.34 0 53.35 10.34 0
4 4 53.68 10.23 0 53.9 10.23 0 53.9 10.34 0 53.68 10.34 0
4 4 53.9 10.23 0 54.12 10.23 0 54.12 10.34 0 53.9 10.34 0
4 4 54.12 10.23 0 54.34 10.23 0 54.34 10.34 0 54.12 10.34 0
4 4 54.34 10.23 0 55.22 10.23 0 55.22 10.34 0 54.34 10.34 0
4 4 118.69 10.23 0 121.66 10.23 0 121.66 10.34 0 118.69 10.34 0
4 4 37.18 10.34 0 37.29 10.34 0 37.29 10.45 0 37.18 10.45 0
4 4 37.29 10.34 0 37.4 10.34 0 37.4 10.45 0 37.29 10.45 0
4 4 37.4 10.34 0 37.84 10.34 0 37.84 10.45 0 37.4 10.45 0
4 4 37.84 10.34 0 37.95 10.34 0 37.95 10.45 0 37.84 10.45 0
4 4 37.95 10.34 0 38.06 10.34 0 38.06 10.45 0 37.95 10.45 0
4 4 38.06 10.34 0 38.17 10.34 0 38.17 10.45 0 38.06 10.45 0
4 4 38.17 10.34 0 38.5 10.34 0 38.5 10.45 0 38.17 10.45 0
4 4 38.5 10.34 0 38.61 10.34 0 38.61 10.45 0 38.5 10.45 0
4 4 38.61 10.34 0 39.27 10.34 0 39.27 10.45 0 38.61 10.45 0
4 4 39.27 10.34 0 52.8 10.34 0 52.8 10.45 0 39.27 10.45 0
4 4 52.8 10.34 0 53.02 10.34 0 53.02 10.45 0 52.8 10.45 0
4 4 53.02 10.34 0 53.79 10.34 0 53.79 10.45 0 53.02 10.45 0
4 4 53.79 10.34 0 53.9 10.34 0 53.9 10.45 0 53.79 10.45 0
4 4 53.9 10.34 0 54.23 10.34 0 54.23 10.45 0 53.9 10.45 0
4 4 54.23 10.34 0 54.34 10.34 0 54.34 10.45 0 54.23 10.45 0
4 4 54.34 10.34 0 54.45 10.34 0 54.45 10.45 0 54.34 10.45 0
4 4 54.45 10.34 0 54.56 10.34 0 54.56 10.45 0 54.45 10.45 0
4 4 54.56 10.34 0 55 10.34 0 55 10.45 0 54.56 10.45 0
4 4 55 10.34 0 55.11 10.34 0 55.11 10.45 0 55 10.45 0
4 4 55.11 10.34 0 55.22 10.34 0 55.22 10.45 0 55.11 10.45 0
4 4 118.58 10.34 0 121.55 10.34 0 121.55 10.45 0 118.58 10.45 0
4 4 37.07 10.01 0 37.18 10.01 0 37.18 10.56 0 37.07 10.56 0
4 4 37.18 10.45 0 37.84 10.45 0 37.84 10.56 0 37.18 10.56 0
4 4 38.06 10.45 0 38.39 10.45 0 38.39 10.56 0 38.06 10.56 0
4 4 38.39 10.45 0 39.16 10.45 0 39.16 10.56 0 38.39 10.56 0
4 4 39.16 10.45 0 39.27 10.45 0 39.27 10.56 0 39.16 10.56 0
4 4 39.27 10.45 0 51.37 10.45 0 51.37 10.56 0 39.27 10.56 0
4 4 51.37 10.45 0 52.25 10.45 0 52.25 10.56 0 51.37 10.56 0
4 4 52.25 10.45 0 52.58 10.45 0 52.58 10.56 0 52.25 10.56 0
4 4 52.58 10.45 0 52.69 10.45 0 52.69 10.56 0 52.58 10.56 0
4 4 52.69 10.45 0 53.02 10.45 0 53.02 10.56 0 52.69 10.56 0
4 4 53.02 10.45 0 53.24 10.45 0 53.24 10.56 0 53.02 10.56 0
4 4 53.24 10.45 0 54.01 10.45 0 54.01 10.56 0 53.24 10.56 0
4 4 54.01 10.45 0 54.34 10.45 0 54.34 10.56 0 54.01 10.56 0
4 4 54.56 10.45 0 55.22 10.45 0 55.22 10.56 0 54.56 10.56 0
4 4 55.22 10.01 0 55.33 10.01 0 55.33 10.56 0 55.22 10.56 0
4 4 118.36 10.45 0 121.33 10.45 0 121.33 10.56 0 118.36 10.56 0
4 4 39.05 10.56 0 39.27 10.56 0 39.27 10.67 0 39.05 10.67 0
4 4 39.38 10.56 0 51.37 10.56 0 51.37 10.67 0 39.38 10.67 0
4 4 51.37 10.56 0 52.8 10.56 0 52.8 10.67 0 51.37 10.67 0
4 4 52.8 10.56 0 53.02 10.56 0 53.02 10.67 0 52.8 10.67 0
4 4 53.13 10.56 0 53.35 10.56 0 53.35 10.67 0 53.13 10.67 0
4 4 118.25 10.56 0 121.22 10.56 0 121.22 10.67 0 118.25 10.67 0
4 4 38.06 10.56 0 38.28 10.56 0 38.28 10.78 0 38.06 10.78 0
4 4 38.28 10.56 0 38.83 10.56 0 38.83 10.78 0 38.28 10.78 0
4 4 38.83 10.56 0 38.94 10.56 0 38.94 10.78 0 38.83 10.78 0
4 4 39.27 10.56 0 39.38 10.56 0 39.38 10.78 0 39.27 10.78 0
4 4 39.38 10.67 0 39.6 10.67 0 39.6 10.78 0 39.38 10.78 0
4 4 39.6 10.67 0 51.37 10.67 0 51.37 10.78 0 39.6 10.78 0
4 4 51.37 10.67 0 51.48 10.67 0 51.48 10.78 0 51.37 10.78 0
4 4 51.48 10.67 0 51.59 10.67 0 51.59 10.78 0 51.48 10.78 0
4 4 51.59 10.67 0 52.58 10.67 0 52.58 10.78 0 51.59 10.78 0
4 4 52.58 10.67 0 53.02 10.67 0 53.02 10.78 0 52.58 10.78 0
4 4 53.02 10.56 0 53.13 10.56 0 53.13 10.78 0 53.02 10.78 0
4 4 53.46 10.56 0 53.57 10.56 0 53.57 10.78 0 53.46 10.78 0
4 4 53.57 10.56 0 54.12 10.56 0 54.12 10.78 0 53.57 10.78 0
4 4 54.12 10.56 0 54.34 10.56 0 54.34 10.78 0 54.12 10.78 0
4 4 118.14 10.67 0 121.11 10.67 0 121.11 10.78 0 118.14 10.78 0
4 4 37.07 10.56 0 37.84 10.56 0 37.84 10.89 0 37.07 10.89 0
4 4 37.84 10.45 0 38.06 10.45 0 38.06 10.89 0 37.84 10.89 0
4 4 38.06 10.78 0 38.17 10.78 0 38.17 10.89 0 38.06 10.89 0
4 4 38.72 10.78 0 38.94 10.78 0 38.94 10.89 0 38.72 10.89 0
4 4 39.05 10.67 0 39.16 10.67 0 39.16 10.89 0 39.05 10.89 0
4 4 39.16 10.67 0 39.27 10.67 0 39.27 10.89 0 39.16 10.89 0
4 4 53.13 10.67 0 53.24 10.67 0 53.24 10.89 0 53.13 10.89 0
4 4 53.24 10.67 0 53.35 10.67 0 53.35 10.89 0 53.24 10.89 0
4 4 53.46 10.78 0 53.68 10.78 0 53.68 10.89 0 53.46 10.89 0
4 4 54.23 10.78 0 54.34 10.78 0 54.34 10.89 0 54.23 10.89 0
4 4 54.34 10.45 0 54.56 10.45 0 54.56 10.89 0 54.34 10.89 0
4 4 54.56 10.56 0 55.33 10.56 0 55.33 10.89 0 54.56 10.89 0
4 4 118.03 10.78 0 121 10.78 0 121 10.89 0 118.03 10.89 0
4 4 37.07 10.89 0 38.17 10.89 0 38.17 11 0 37.07 11 0
4 4 38.17 10.78 0 38.72 10.78 0 38.72 11 0 38.17 11 0
4 4 38.94 10.56 0 39.05 10.56 0 39.05 11 0 38.94 11 0
4 4 53.35 10.56 0 53.46 10.56 0 53.46 11 0 53.35 11 0
4 4 53.68 10.78 0 54.23 10.78 0 54.23 11 0 53.68 11 0
4 4 54.23 10.89 0 55.33 10.89 0 55.33 11 0 54.23 11 0
4 4 117.81 10.89 0 120.89 10.89 0 120.89 11 0 117.81 11 0
4 4 37.07 11 0 38.06 11 0 38.06 11.11 0 37.07 11.11 0
4 4 38.06 11 0 38.72 11 0 38.72 11.11 0 38.06 11.11 0
4 4 38.83 10.89 0 38.94 10.89 0 38.94 11.11 0 38.83 11.11 0
4 4 53.46 10.89 0 53.57 10.89 0 53.57 11.11 0 53.46 11.11 0
4 4 53.68 11 0 54.34 11 0 54.34 11.11 0 53.68 11.11 0
4 4 54.34 11 0 55.33 11 0 55.33 11.11 0 54.34 11.11 0
4 4 117.7 11 0 120.67 11 0 120.67 11.11 0 117.7 11.11 0
4 4 37.95 11.11 0 38.17 11.11 0 38.17 11.22 0 37.95 11.22 0
4 4 38.72 10.89 0 38.83 10.89 0 38.83 11.22 0 38.72 11.22 0
4 4 53.57 10.89 0 53.68 10.89 0 53.68 11.22 0 53.57 11.22 0
4 4 54.23 11.11 0 54.45 11.11 0 54.45 11.22 0 54.23 11.22 0
4 4 117.59 11.11 0 120.56 11.11 0 120.56 11.22 0 117.59 11.22 0
4 4 36.63 10.89 0 36.74 10.89 0 36.74 11.33 0 36.63 11.33 0
4 4 36.74 10.56 0 36.85 10.56 0 36.85 11.33 0 36.74 11.33 0
4 4 36.85 10.34 0 36.96 10.34 0 36.96 11.33 0 36.85 11.33 0
4 4 36.96 10.23 0 37.07 10.23 0 37.07 11.33 0 36.96 11.33 0
4 4 37.07 11.11 0 37.95 11.11 0 37.95 11.33 0 37.07 11.33 0
4 4 37.95 11.22 0 38.06 11.22 0 38.06 11.33 0 37.95 11.33 0
4 4 38.06 11.22 0 38.17 11.22 0 38.17 11.33 0 38.06 11.33 0
4 4 38.17 11.11 0 38.28 11.11 0 38.28 11.33 0 38.17 11.33 0
4 4 38.28 11.11 0 38.61 11.11 0 38.61 11.33 0 38.28 11.33 0
4 4 53.79 11.11 0 54.12 11.11 0 54.12 11.33 0 53.79 11.33 0
4 4 54.12 11.11 0 54.23 11.11 0 54.23 11.33 0 54.12 11.33 0
4 4 54.23 11.22 0 54.34 11.22 0 54.34 11.33 0 54.23 11.33 0
4 4 54.34 11.22 0 54.45 11.22 0 54.45 11.33 0 54.34 11.33 0
4 4 54.45 11.11 0 55.33 11.11 0 55.33 11.33 0 54.45 11.33 0
4 4 55.33 10.23 0 55.44 10.23 0 55.44 11.33 0 55.33 11.33 0
4 4 55.44 10.34 0 55.55 10.34 0 55.55 11.33 0 55.44 11.33 0
4 4 55.55 10.56 0 55.66 10.56 0 55.66 11.33 0 55.55 11.33 0
4 4 55.66 10.89 0 55.77 10.89 0 55.77 11.33 0 55.66 11.33 0
4 4 117.48 11.22 0 120.45 11.22 0 120.45 11.33 0 117.48 11.33 0
4 4 38.61 11.11 0 38.72 11.11 0 38.72 11.44 0 38.61 11.44 0
4 4 53.68 11.11 0 53.79 11.11 0 53.79 11.44 0 53.68 11.44 0
4 4 117.26 11.33 0 120.34 11.33 0 120.34 11.44 0 117.26 11.44 0
4 4 117.15 11.44 0 120.12 11.44 0 120.12 11.55 0 117.15 11.55 0
4 4 117.04 11.55 0 120.01 11.55 0 120.01 11.66 0 117.04 11.66 0
4 4 116.93 11.66 0 119.9 11.66 0 119.9 11.77 0 116.93 11.77 0
4 4 116.82 11.77 0 119.79 11.77 0 119.79 11.88 0 116.82 11.88 0
4 4 92.29 11.88 0 100.32 11.88 0 100.32 11.99 0 92.29 11.99 0
4 4 116.6 11.88 0 119.57 11.88 0 119.57 11.99 0 116.6 11.99 0
4 4 92.07 11.99 0 100.54 11.99 0 100.54 12.1 0 92.07 12.1 0
4 4 116.49 11.99 0 119.46 11.99 0 119.46 12.1 0 116.49 12.1 0
4 4 40.37 12.1 0 42.13 12.1 0 42.13 12.21 0 40.37 12.21 0
4 4 48.62 12.1 0 52.03 12.1 0 52.03 12.21 0 48.62 12.21 0
4 4 91.96 12.1 0 100.65 12.1 0 100.65 12.21 0 91.96 12.21 0
4 4 116.38 12.1 0 119.35 12.1 0 119.35 12.21 0 116.38 12.21 0
4 4 40.15 12.21 0 42.13 12.21 0 42.13 12.32 0 40.15 12.32 0
4 4 48.62 12.21 0 52.25 12.21 0 52.25 12.32 0 48.62 12.32 0
4 4 91.85 12.21 0 100.76 12.21 0 100.76 12.32 0 91.85 12.32 0
4 4 116.27 12.21 0 119.24 12.21 0 119.24 12.32 0 116.27 12.32 0
4 4 40.04 12.32 0 42.13 12.32 0 42.13 12.43 0 40.04 12.43 0
4 4 48.62 12.32 0 52.36 12.32 0 52.36 12.43 0 48.62 12.43 0
4 4 116.16 12.32 0 119.13 12.32 0 119.13 12.43 0 116.16 12.43 0
4 4 39.93 12.43 0 42.13 12.43 0 42.13 12.54 0 39.93 12.54 0
4 4 48.62 12.43 0 52.47 12.43 0 52.47 12.54 0 48.62 12.54 0
4 4 91.74 12.32 0 100.87 12.32 0 100.87 12.54 0 91.74 12.54 0
4 4 115.94 12.43 0 118.91 12.43 0 118.91 12.54 0 115.94 12.54 0
4 4 115.83 12.54 0 118.8 12.54 0 118.8 12.65 0 115.83 12.65 0
4 4 39.82 12.54 0 42.13 12.54 0 42.13 12.76 0 39.82 12.76 0
4 4 48.62 12.54 0 52.58 12.54 0 52.58 12.76 0 48.62 12.76 0
4 4 115.72 12.65 0 118.69 12.65 0 118.69 12.76 0 115.72 12.76 0
4 4 115.61 12.76 0 118.58 12.76 0 118.58 12.87 0 115.61 12.87 0
4 4 115.5 12.87 0 118.47 12.87 0 118.47 12.98 0 115.5 12.98 0
4 4 115.28 12.98 0 118.25 12.98 0 118.25 13.09 0 115.28 13.09 0
4 4 115.17 13.09 0 118.14 13.09 0 118.14 13.2 0 115.17 13.2 0
4 4 115.06 13.2 0 118.03 13.2 0 118.03 13.31 0 115.06 13.31 0
4 4 114.95 13.31 0 117.92 13.31 0 117.92 13.42 0 114.95 13.42 0
4 4 114.84 13.42 0 117.7 13.42 0 117.7 13.53 0 114.84 13.53 0
4 4 114.73 13.53 0 117.59 13.53 0 117.59 13.64 0 114.73 13.64 0
4 4 114.62 13.64 0 117.48 13.64 0 117.48 13.75 0 114.62 13.75 0
4 4 114.4 13.75 0 117.37 13.75 0 117.37 13.86 0 114.4 13.86 0
4 4 114.29 13.86 0 117.15 13.86 0 117.15 13.97 0 114.29 13.97 0
4 4 114.18 13.97 0 117.04 13.97 0 117.04 14.08 0 114.18 14.08 0
4 4 114.07 14.08 0 116.93 14.08 0 116.93 14.19 0 114.07 14.19 0
4 4 113.85 14.19 0 116.82 14.19 0 116.82 14.3 0 113.85 14.3 0
4 4 113.63 14.3 0 116.71 14.3 0 116.71 14.41 0 113.63 14.41 0
4 4 113.52 14.41 0 116.6 14.41 0 116.6 14.52 0 113.52 14.52 0
4 4 113.3 14.52 0 116.38 14.52 0 116.38 14.63 0 113.3 14.63 0
4 4 113.19 14.63 0 116.27 14.63 0 116.27 14.74 0 113.19 14.74 0
4 4 112.97 14.74 0 116.16 14.74 0 116.16 14.85 0 112.97 14.85 0
4 4 36.63 11.33 0 38.61 11.33 0 38.61 14.96 0 36.63 14.96 0
4 4 53.79 11.33 0 55.77 11.33 0 55.77 14.96 0 53.79 14.96 0
4 4 112.75 14.85 0 116.05 14.85 0 116.05 14.96 0 112.75 14.96 0
4 4 37.07 14.96 0 37.18 14.96 0 37.18 15.07 0 37.07 15.07 0
4 4 37.18 14.96 0 37.29 14.96 0 37.29 15.07 0 37.18 15.07 0
4 4 55.11 14.96 0 55.22 14.96 0 55.22 15.07 0 55.11 15.07 0
4 4 55.22 14.96 0 55.33 14.96 0 55.33 15.07 0 55.22 15.07 0
4 4 112.53 14.96 0 115.94 14.96 0 115.94 15.07 0 112.53 15.07 0
4 4 36.52 14.85 0 36.63 14.85 0 36.63 15.18 0 36.52 15.18 0
4 4 36.63 14.96 0 36.96 14.96 0 36.96 15.18 0 36.63 15.18 0
4 4 36.96 14.96 0 37.07 14.96 0 37.07 15.18 0 36.96 15.18 0
4 4 37.07 15.07 0 37.29 15.07 0 37.29 15.18 0 37.07 15.18 0
4 4 37.29 14.96 0 38.17 14.96 0 38.17 15.18 0 37.29 15.18 0
4 4 54.23 14.96 0 55.11 14.96 0 55.11 15.18 0 54.23 15.18 0
4 4 55.11 15.07 0 55.33 15.07 0 55.33 15.18 0 55.11 15.18 0
4 4 55.33 14.96 0 55.44 14.96 0 55.44 15.18 0 55.33 15.18 0
4 4 55.44 14.96 0 55.77 14.96 0 55.77 15.18 0 55.44 15.18 0
4 4 55.77 14.85 0 55.88 14.85 0 55.88 15.18 0 55.77 15.18 0
4 4 112.31 15.07 0 115.72 15.07 0 115.72 15.18 0 112.31 15.18 0
4 4 36.52 15.18 0 37.18 15.18 0 37.18 15.29 0 36.52 15.29 0
4 4 37.18 15.18 0 38.17 15.18 0 38.17 15.29 0 37.18 15.29 0
4 4 54.23 15.18 0 55.22 15.18 0 55.22 15.29 0 54.23 15.29 0
4 4 55.22 15.18 0 55.88 15.18 0 55.88 15.29 0 55.22 15.29 0
4 4 112.09 15.18 0 115.61 15.18 0 115.61 15.29 0 112.09 15.29 0
4 4 36.3 15.18 0 36.41 15.18 0 36.41 15.4 0 36.3 15.4 0
4 4 36.41 15.07 0 36.52 15.07 0 36.52 15.4 0 36.41 15.4 0
4 4 37.07 15.29 0 38.17 15.29 0 38.17 15.4 0 37.07 15.4 0
4 4 38.5 14.96 0 38.61 14.96 0 38.61 15.4 0 38.5 15.4 0
4 4 53.79 14.96 0 53.9 14.96 0 53.9 15.4 0 53.79 15.4 0
4 4 54.23 15.29 0 55.33 15.29 0 55.33 15.4 0 54.23 15.4 0
4 4 55.88 15.07 0 55.99 15.07 0 55.99 15.4 0 55.88 15.4 0
4 4 55.99 15.18 0 56.1 15.18 0 56.1 15.4 0 55.99 15.4 0
4 4 111.76 15.29 0 115.5 15.29 0 115.5 15.4 0 111.76 15.4 0
4 4 36.3 15.4 0 36.52 15.4 0 36.52 15.51 0 36.3 15.51 0
4 4 36.52 15.29 0 37.07 15.29 0 37.07 15.51 0 36.52 15.51 0
4 4 37.07 15.4 0 37.18 15.4 0 37.18 15.51 0 37.07 15.51 0
4 4 55.22 15.4 0 55.33 15.4 0 55.33 15.51 0 55.22 15.51 0
4 4 55.33 15.29 0 55.88 15.29 0 55.88 15.51 0 55.33 15.51 0
4 4 55.88 15.4 0 56.1 15.4 0 56.1 15.51 0 55.88 15.51 0
4 4 91.63 12.54 0 100.98 12.54 0 100.98 15.51 0 91.63 15.51 0
4 4 110.99 15.4 0 115.39 15.4 0 115.39 15.51 0 110.99 15.51 0
4 4 34.87 15.51 0 35.42 15.51 0 35.42 15.62 0 34.87 15.62 0
4 4 35.42 15.51 0 35.86 15.51 0 35.86 15.62 0 35.42 15.62 0
4 4 35.97 15.4 0 36.08 15.4 0 36.08 15.62 0 35.97 15.62 0
4 4 36.08 15.4 0 36.19 15.4 0 36.19 15.62 0 36.08 15.62 0
4 4 56.21 15.4 0 56.32 15.4 0 56.32 15.62 0 56.21 15.62 0
4 4 56.32 15.4 0 56.43 15.4 0 56.43 15.62 0 56.32 15.62 0
4 4 56.54 15.51 0 56.98 15.51 0 56.98 15.62 0 56.54 15.62 0
4 4 56.98 15.51 0 57.97 15.51 0 57.97 15.62 0 56.98 15.62 0
4 4 75.57 15.51 0 115.17 15.51 0 115.17 15.62 0 75.57 15.62 0
4 4 34.87 15.62 0 35.64 15.62 0 35.64 15.73 0 34.87 15.73 0
4 4 35.64 15.62 0 35.86 15.62 0 35.86 15.73 0 35.64 15.73 0
4 4 35.86 15.51 0 35.97 15.51 0 35.97 15.73 0 35.86 15.73 0
4 4 35.97 15.62 0 36.19 15.62 0 36.19 15.73 0 35.97 15.73 0
4 4 36.19 15.29 0 36.3 15.29 0 36.3 15.73 0 36.19 15.73 0
4 4 36.3 15.51 0 36.41 15.51 0 36.41 15.73 0 36.3 15.73 0
4 4 36.41 15.51 0 36.96 15.51 0 36.96 15.73 0 36.41 15.73 0
4 4 36.96 15.51 0 37.18 15.51 0 37.18 15.73 0 36.96 15.73 0
4 4 37.4 15.4 0 38.17 15.4 0 38.17 15.73 0 37.4 15.73 0
4 4 38.39 14.96 0 38.5 14.96 0 38.5 15.73 0 38.39 15.73 0
4 4 53.9 14.96 0 54.01 14.96 0 54.01 15.73 0 53.9 15.73 0
4 4 54.23 15.4 0 55 15.4 0 55 15.73 0 54.23 15.73 0
4 4 55.22 15.51 0 55.44 15.51 0 55.44 15.73 0 55.22 15.73 0
4 4 55.44 15.51 0 55.99 15.51 0 55.99 15.73 0 55.44 15.73 0
4 4 55.99 15.51 0 56.1 15.51 0 56.1 15.73 0 55.99 15.73 0
4 4 56.1 15.29 0 56.21 15.29 0 56.21 15.73 0 56.1 15.73 0
4 4 56.21 15.62 0 56.43 15.62 0 56.43 15.73 0 56.21 15.73 0
4 4 56.43 15.51 0 56.54 15.51 0 56.54 15.73 0 56.43 15.73 0
4 4 56.54 15.62 0 56.76 15.62 0 56.76 15.73 0 56.54 15.73 0
4 4 56.76 15.62 0 57.97 15.62 0 57.97 15.73 0 56.76 15.73 0
4 4 75.57 15.62 0 115.06 15.62 0 115.06 15.73 0 75.57 15.73 0
4 4 34.87 15.73 0 35.53 15.73 0 35.53 15.84 0 34.87 15.84 0
4 4 35.53 15.73 0 35.86 15.73 0 35.86 15.84 0 35.53 15.84 0
4 4 35.86 15.73 0 36.08 15.73 0 36.08 15.84 0 35.86 15.84 0
4 4 36.08 15.73 0 36.85 15.73 0 36.85 15.84 0 36.08 15.84 0
4 4 36.85 15.73 0 37.18 15.73 0 37.18 15.84 0 36.85 15.84 0
4 4 37.18 15.4 0 37.4 15.4 0 37.4 15.84 0 37.18 15.84 0
4 4 37.4 15.73 0 38.06 15.73 0 38.06 15.84 0 37.4 15.84 0
4 4 54.34 15.73 0 55 15.73 0 55 15.84 0 54.34 15.84 0
4 4 55 15.4 0 55.22 15.4 0 55.22 15.84 0 55 15.84 0
4 4 55.22 15.73 0 55.55 15.73 0 55.55 15.84 0 55.22 15.84 0
4 4 55.55 15.73 0 56.32 15.73 0 56.32 15.84 0 55.55 15.84 0
4 4 56.32 15.73 0 56.54 15.73 0 56.54 15.84 0 56.32 15.84 0
4 4 56.54 15.73 0 56.87 15.73 0 56.87 15.84 0 56.54 15.84 0
4 4 56.87 15.73 0 57.97 15.73 0 57.97 15.84 0 56.87 15.84 0
4 4 75.57 15.73 0 114.95 15.73 0 114.95 15.84 0 75.57 15.84 0
4 4 34.87 15.84 0 34.98 15.84 0 34.98 15.95 0 34.87 15.95 0
4 4 34.98 15.84 0 35.86 15.84 0 35.86 15.95 0 34.98 15.95 0
4 4 35.86 15.84 0 36.63 15.84 0 36.63 15.95 0 35.86 15.95 0
4 4 36.63 15.84 0 36.74 15.84 0 36.74 15.95 0 36.63 15.95 0
4 4 36.74 15.84 0 37.07 15.84 0 37.07 15.95 0 36.74 15.95 0
4 4 37.07 15.84 0 37.18 15.84 0 37.18 15.95 0 37.07 15.95 0
4 4 37.18 15.84 0 37.29 15.84 0 37.29 15.95 0 37.18 15.95 0
4 4 37.29 15.84 0 37.4 15.84 0 37.4 15.95 0 37.29 15.95 0
4 4 37.4 15.84 0 37.84 15.84 0 37.84 15.95 0 37.4 15.95 0
4 4 37.84 15.84 0 37.95 15.84 0 37.95 15.95 0 37.84 15.95 0
4 4 37.95 15.84 0 38.06 15.84 0 38.06 15.95 0 37.95 15.95 0
4 4 38.28 14.96 0 38.39 14.96 0 38.39 15.95 0 38.28 15.95 0
4 4 54.01 14.96 0 54.12 14.96 0 54.12 15.95 0 54.01 15.95 0
4 4 54.34 15.84 0 54.45 15.84 0 54.45 15.95 0 54.34 15.95 0
4 4 54.45 15.84 0 54.56 15.84 0 54.56 15.95 0 54.45 15.95 0
4 4 54.56 15.84 0 55 15.84 0 55 15.95 0 54.56 15.95 0
4 4 55 15.84 0 55.11 15.84 0 55.11 15.95 0 55 15.95 0
4 4 55.11 15.84 0 55.22 15.84 0 55.22 15.95 0 55.11 15.95 0
4 4 55.22 15.84 0 55.33 15.84 0 55.33 15.95 0 55.22 15.95 0
4 4 55.33 15.84 0 55.66 15.84 0 55.66 15.95 0 55.33 15.95 0
4 4 55.66 15.84 0 55.77 15.84 0 55.77 15.95 0 55.66 15.95 0
4 4 55.77 15.84 0 56.54 15.84 0 56.54 15.95 0 55.77 15.95 0
4 4 56.54 15.84 0 57.42 15.84 0 57.42 15.95 0 56.54 15.95 0
4 4 57.42 15.84 0 57.64 15.84 0 57.64 15.95 0 57.42 15.95 0
4 4 57.64 15.84 0 57.97 15.84 0 57.97 15.95 0 57.64 15.95 0
4 4 75.57 15.84 0 114.84 15.84 0 114.84 15.95 0 75.57 15.95 0
4 4 34.87 15.95 0 35.09 15.95 0 35.09 16.06 0 34.87 16.06 0
4 4 35.09 15.95 0 35.2 15.95 0 35.2 16.06 0 35.09 16.06 0
4 4 35.2 15.95 0 35.31 15.95 0 35.31 16.06 0 35.2 16.06 0
4 4 35.31 15.95 0 35.53 15.95 0 35.53 16.06 0 35.31 16.06 0
4 4 35.53 15.95 0 35.86 15.95 0 35.86 16.06 0 35.53 16.06 0
4 4 36.08 15.95 0 36.19 15.95 0 36.19 16.06 0 36.08 16.06 0
4 4 36.19 15.95 0 36.52 15.95 0 36.52 16.06 0 36.19 16.06 0
4 4 36.52 15.95 0 36.74 15.95 0 36.74 16.06 0 36.52 16.06 0
4 4 36.74 15.95 0 36.96 15.95 0 36.96 16.06 0 36.74 16.06 0
4 4 36.96 15.95 0 37.18 15.95 0 37.18 16.06 0 36.96 16.06 0
4 4 37.18 15.95 0 38.06 15.95 0 38.06 16.06 0 37.18 16.06 0
4 4 38.17 14.96 0 38.28 14.96 0 38.28 16.06 0 38.17 16.06 0
4 4 54.12 14.96 0 54.23 14.96 0 54.23 16.06 0 54.12 16.06 0
4 4 54.34 15.95 0 55.22 15.95 0 55.22 16.06 0 54.34 16.06 0
4 4 55.22 15.95 0 55.44 15.95 0 55.44 16.06 0 55.22 16.06 0
4 4 55.44 15.95 0 55.66 15.95 0 55.66 16.06 0 55.44 16.06 0
4 4 55.66 15.95 0 55.88 15.95 0 55.88 16.06 0 55.66 16.06 0
4 4 55.88 15.95 0 56.21 15.95 0 56.21 16.06 0 55.88 16.06 0
4 4 56.21 15.95 0 56.32 15.95 0 56.32 16.06 0 56.21 16.06 0
4 4 56.54 15.95 0 56.87 15.95 0 56.87 16.06 0 56.54 16.06 0
4 4 56.87 15.95 0 57.09 15.95 0 57.09 16.06 0 56.87 16.06 0
4 4 57.09 15.95 0 57.2 15.95 0 57.2 16.06 0 57.09 16.06 0
4 4 57.2 15.95 0 57.31 15.95 0 57.31 16.06 0 57.2 16.06 0
4 4 57.31 15.95 0 57.64 15.95 0 57.64 16.06 0 57.31 16.06 0
4 4 57.64 15.95 0 57.86 15.95 0 57.86 16.06 0 57.64 16.06 0
4 4 57.86 15.95 0 57.97 15.95 0 57.97 16.06 0 57.86 16.06 0
4 4 75.57 15.95 0 114.73 15.95 0 114.73 16.06 0 75.57 16.06 0
4 4 34.87 16.06 0 35.86 16.06 0 35.86 16.17 0 34.87 16.17 0
4 4 35.86 15.95 0 36.08 15.95 0 36.08 16.17 0 35.86 16.17 0
4 4 36.08 16.06 0 36.3 16.06 0 36.3 16.17 0 36.08 16.17 0
4 4 36.3 16.06 0 37.07 16.06 0 37.07 16.17 0 36.3 16.17 0
4 4 37.07 16.06 0 37.29 16.06 0 37.29 16.17 0 37.07 16.17 0
4 4 37.29 16.06 0 38.06 16.06 0 38.06 16.17 0 37.29 16.17 0
4 4 54.34 16.06 0 55.11 16.06 0 55.11 16.17 0 54.34 16.17 0
4 4 55.11 16.06 0 55.33 16.06 0 55.33 16.17 0 55.11 16.17 0
4 4 55.33 16.06 0 56.1 16.06 0 56.1 16.17 0 55.33 16.17 0
4 4 56.1 16.06 0 56.32 16.06 0 56.32 16.17 0 56.1 16.17 0
4 4 56.32 15.95 0 56.54 15.95 0 56.54 16.17 0 56.32 16.17 0
4 4 56.54 16.06 0 57.97 16.06 0 57.97 16.17 0 56.54 16.17 0
4 4 75.57 16.06 0 114.62 16.06 0 114.62 16.17 0 75.57 16.17 0
4 4 34.87 16.17 0 35.97 16.17 0 35.97 16.28 0 34.87 16.28 0
4 4 35.97 16.17 0 36.3 16.17 0 36.3 16.28 0 35.97 16.28 0
4 4 36.3 16.17 0 36.41 16.17 0 36.41 16.28 0 36.3 16.28 0
4 4 36.41 16.17 0 36.96 16.17 0 36.96 16.28 0 36.41 16.28 0
4 4 36.96 16.17 0 37.07 16.17 0 37.07 16.28 0 36.96 16.28 0
4 4 37.07 16.17 0 37.95 16.17 0 37.95 16.28 0 37.07 16.28 0
4 4 38.06 15.73 0 38.17 15.73 0 38.17 16.28 0 38.06 16.28 0
4 4 54.23 15.73 0 54.34 15.73 0 54.34 16.28 0 54.23 16.28 0
4 4 54.45 16.17 0 55.33 16.17 0 55.33 16.28 0 54.45 16.28 0
4 4 55.33 16.17 0 55.44 16.17 0 55.44 16.28 0 55.33 16.28 0
4 4 55.44 16.17 0 55.99 16.17 0 55.99 16.28 0 55.44 16.28 0
4 4 55.99 16.17 0 56.1 16.17 0 56.1 16.28 0 55.99 16.28 0
4 4 56.1 16.17 0 56.43 16.17 0 56.43 16.28 0 56.1 16.28 0
4 4 56.43 16.17 0 57.97 16.17 0 57.97 16.28 0 56.43 16.28 0
4 4 75.57 16.17 0 114.51 16.17 0 114.51 16.28 0 75.57 16.28 0
4 4 34.98 16.28 0 35.42 16.28 0 35.42 16.39 0 34.98 16.39 0
4 4 35.42 16.28 0 35.97 16.28 0 35.97 16.39 0 35.42 16.39 0
4 4 36.19 16.28 0 36.41 16.28 0 36.41 16.39 0 36.19 16.39 0
4 4 36.41 16.28 0 36.85 16.28 0 36.85 16.39 0 36.41 16.39 0
4 4 36.85 16.28 0 37.29 16.28 0 37.29 16.39 0 36.85 16.39 0
4 4 37.29 16.28 0 37.95 16.28 0 37.95 16.39 0 37.29 16.39 0
4 4 37.95 16.17 0 38.06 16.17 0 38.06 16.39 0 37.95 16.39 0
4 4 54.34 16.17 0 54.45 16.17 0 54.45 16.39 0 54.34 16.39 0
4 4 54.45 16.28 0 55.11 16.28 0 55.11 16.39 0 54.45 16.39 0
4 4 55.11 16.28 0 55.55 16.28 0 55.55 16.39 0 55.11 16.39 0
4 4 55.55 16.28 0 55.99 16.28 0 55.99 16.39 0 55.55 16.39 0
4 4 55.99 16.28 0 56.21 16.28 0 56.21 16.39 0 55.99 16.39 0
4 4 56.43 16.28 0 56.98 16.28 0 56.98 16.39 0 56.43 16.39 0
4 4 56.98 16.28 0 57.42 16.28 0 57.42 16.39 0 56.98 16.39 0
4 4 75.57 16.28 0 114.29 16.28 0 114.29 16.39 0 75.57 16.39 0
4 4 34.87 16.28 0 34.98 16.28 0 34.98 16.5 0 34.87 16.5 0
4 4 34.98 16.39 0 35.53 16.39 0 35.53 16.5 0 34.98 16.5 0
4 4 35.53 16.39 0 35.97 16.39 0 35.97 16.5 0 35.53 16.5 0
4 4 35.97 16.28 0 36.19 16.28 0 36.19 16.5 0 35.97 16.5 0
4 4 36.19 16.39 0 36.52 16.39 0 36.52 16.5 0 36.19 16.5 0
4 4 36.52 16.39 0 36.63 16.39 0 36.63 16.5 0 36.52 16.5 0
4 4 36.63 16.39 0 36.96 16.39 0 36.96 16.5 0 36.63 16.5 0
4 4 36.96 16.39 0 37.84 16.39 0 37.84 16.5 0 36.96 16.5 0
4 4 54.56 16.39 0 55.44 16.39 0 55.44 16.5 0 54.56 16.5 0
4 4 55.44 16.39 0 55.77 16.39 0 55.77 16.5 0 55.44 16.5 0
4 4 55.77 16.39 0 55.88 16.39 0 55.88 16.5 0 55.77 16.5 0
4 4 55.88 16.39 0 56.21 16.39 0 56.21 16.5 0 55.88 16.5 0
4 4 56.21 16.28 0 56.43 16.28 0 56.43 16.5 0 56.21 16.5 0
4 4 56.43 16.39 0 56.87 16.39 0 56.87 16.5 0 56.43 16.5 0
4 4 56.87 16.39 0 57.42 16.39 0 57.42 16.5 0 56.87 16.5 0
4 4 57.42 16.28 0 57.97 16.28 0 57.97 16.5 0 57.42 16.5 0
4 4 75.57 16.39 0 114.18 16.39 0 114.18 16.5 0 75.57 16.5 0
4 4 34.87 16.5 0 35.42 16.5 0 35.42 16.61 0 34.87 16.61 0
4 4 35.42 16.5 0 35.64 16.5 0 35.64 16.61 0 35.42 16.61 0
4 4 35.64 16.5 0 36.08 16.5 0 36.08 16.61 0 35.64 16.61 0
4 4 36.08 16.5 0 36.19 16.5 0 36.19 16.61 0 36.08 16.61 0
4 4 36.19 16.5 0 36.3 16.5 0 36.3 16.61 0 36.19 16.61 0
4 4 36.41 16.5 0 36.52 16.5 0 36.52 16.61 0 36.41 16.61 0
4 4 36.52 16.5 0 36.96 16.5 0 36.96 16.61 0 36.52 16.61 0
4 4 36.96 16.5 0 37.73 16.5 0 37.73 16.61 0 36.96 16.61 0
4 4 37.84 16.39 0 37.95 16.39 0 37.95 16.61 0 37.84 16.61 0
4 4 54.45 16.39 0 54.56 16.39 0 54.56 16.61 0 54.45 16.61 0
4 4 54.67 16.5 0 55.44 16.5 0 55.44 16.61 0 54.67 16.61 0
4 4 55.44 16.5 0 55.88 16.5 0 55.88 16.61 0 55.44 16.61 0
4 4 55.88 16.5 0 55.99 16.5 0 55.99 16.61 0 55.88 16.61 0
4 4 56.1 16.5 0 56.21 16.5 0 56.21 16.61 0 56.1 16.61 0
4 4 56.21 16.5 0 56.32 16.5 0 56.32 16.61 0 56.21 16.61 0
4 4 56.32 16.5 0 56.76 16.5 0 56.76 16.61 0 56.32 16.61 0
4 4 56.76 16.5 0 56.98 16.5 0 56.98 16.61 0 56.76 16.61 0
4 4 56.98 16.5 0 57.97 16.5 0 57.97 16.61 0 56.98 16.61 0
4 4 75.57 16.5 0 114.07 16.5 0 114.07 16.61 0 75.57 16.61 0
4 4 34.87 16.61 0 35.53 16.61 0 35.53 16.72 0 34.87 16.72 0
4 4 35.97 16.61 0 36.3 16.61 0 36.3 16.72 0 35.97 16.72 0
4 4 36.41 16.61 0 36.85 16.61 0 36.85 16.72 0 36.41 16.72 0
4 4 36.85 16.61 0 36.96 16.61 0 36.96 16.72 0 36.85 16.72 0
4 4 36.96 16.61 0 37.07 16.61 0 37.07 16.72 0 36.96 16.72 0
4 4 37.07 16.61 0 37.29 16.61 0 37.29 16.72 0 37.07 16.72 0
4 4 37.4 16.61 0 37.73 16.61 0 37.73 16.72 0 37.4 16.72 0
4 4 37.73 16.5 0 37.84 16.5 0 37.84 16.72 0 37.73 16.72 0
4 4 54.56 16.5 0 54.67 16.5 0 54.67 16.72 0 54.56 16.72 0
4 4 54.67 16.61 0 55 16.61 0 55 16.72 0 54.67 16.72 0
4 4 55.11 16.61 0 55.33 16.61 0 55.33 16.72 0 55.11 16.72 0
4 4 55.33 16.61 0 55.44 16.61 0 55.44 16.72 0 55.33 16.72 0
4 4 55.44 16.61 0 55.55 16.61 0 55.55 16.72 0 55.44 16.72 0
4 4 55.55 16.61 0 55.99 16.61 0 55.99 16.72 0 55.55 16.72 0
4 4 56.1 16.61 0 56.43 16.61 0 56.43 16.72 0 56.1 16.72 0
4 4 56.87 16.61 0 57.75 16.61 0 57.75 16.72 0 56.87 16.72 0
4 4 57.75 16.61 0 57.86 16.61 0 57.86 16.72 0 57.75 16.72 0
4 4 75.57 16.61 0 113.85 16.61 0 113.85 16.72 0 75.57 16.72 0
4 4 34.87 16.72 0 34.98 16.72 0 34.98 16.83 0 34.87 16.83 0
4 4 34.98 16.72 0 35.09 16.72 0 35.09 16.83 0 34.98 16.83 0
4 4 35.09 16.72 0 35.31 16.72 0 35.31 16.83 0 35.09 16.83 0
4 4 35.31 16.72 0 35.53 16.72 0 35.53 16.83 0 35.31 16.83 0
4 4 35.53 16.61 0 35.97 16.61 0 35.97 16.83 0 35.53 16.83 0
4 4 35.97 16.72 0 36.19 16.72 0 36.19 16.83 0 35.97 16.83 0
4 4 36.19 16.72 0 36.3 16.72 0 36.3 16.83 0 36.19 16.83 0
4 4 36.41 16.72 0 36.74 16.72 0 36.74 16.83 0 36.41 16.83 0
4 4 36.74 16.72 0 36.85 16.72 0 36.85 16.83 0 36.74 16.83 0
4 4 36.85 16.72 0 37.29 16.72 0 37.29 16.83 0 36.85 16.83 0
4 4 37.29 16.61 0 37.4 16.61 0 37.4 16.83 0 37.29 16.83 0
4 4 37.4 16.72 0 37.62 16.72 0 37.62 16.83 0 37.4 16.83 0
4 4 37.62 16.72 0 37.73 16.72 0 37.73 16.83 0 37.62 16.83 0
4 4 54.67 16.72 0 54.78 16.72 0 54.78 16.83 0 54.67 16.83 0
4 4 54.78 16.72 0 55 16.72 0 55 16.83 0 54.78 16.83 0
4 4 55 16.61 0 55.11 16.61 0 55.11 16.83 0 55 16.83 0
4 4 55.11 16.72 0 55.55 16.72 0 55.55 16.83 0 55.11 16.83 0
4 4 55.55 16.72 0 55.66 16.72 0 55.66 16.83 0 55.55 16.83 0
4 4 55.66 16.72 0 55.99 16.72 0 55.99 16.83 0 55.66 16.83 0
4 4 56.1 16.72 0 56.21 16.72 0 56.21 16.83 0 56.1 16.83 0
4 4 56.21 16.72 0 56.43 16.72 0 56.43 16.83 0 56.21 16.83 0
4 4 56.43 16.61 0 56.87 16.61 0 56.87 16.83 0 56.43 16.83 0
4 4 56.87 16.72 0 57.09 16.72 0 57.09 16.83 0 56.87 16.83 0
4 4 57.09 16.72 0 57.31 16.72 0 57.31 16.83 0 57.09 16.83 0
4 4 57.31 16.72 0 57.42 16.72 0 57.42 16.83 0 57.31 16.83 0
4 4 57.42 16.72 0 57.64 16.72 0 57.64 16.83 0 57.42 16.83 0
4 4 57.64 16.72 0 57.86 16.72 0 57.86 16.83 0 57.64 16.83 0
4 4 75.57 16.72 0 113.52 16.72 0 113.52 16.83 0 75.57 16.83 0
4 4 34.87 16.83 0 35.31 16.83 0 35.31 16.94 0 34.87 16.94 0
4 4 35.31 16.83 0 35.42 16.83 0 35.42 16.94 0 35.31 16.94 0
4 4 35.42 16.83 0 35.64 16.83 0 35.64 16.94 0 35.42 16.94 0
4 4 35.64 16.83 0 35.75 16.83 0 35.75 16.94 0 35.64 16.94 0
4 4 35.75 16.83 0 35.86 16.83 0 35.86 16.94 0 35.75 16.94 0
4 4 35.86 16.83 0 35.97 16.83 0 35.97 16.94 0 35.86 16.94 0
4 4 35.97 16.83 0 36.3 16.83 0 36.3 16.94 0 35.97 16.94 0
4 4 36.3 16.5 0 36.41 16.5 0 36.41 16.94 0 36.3 16.94 0
4 4 36.41 16.83 0 37.4 16.83 0 37.4 16.94 0 36.41 16.94 0
4 4 37.4 16.83 0 37.51 16.83 0 37.51 16.94 0 37.4 16.94 0
4 4 54.89 16.83 0 55 16.83 0 55 16.94 0 54.89 16.94 0
4 4 55 16.83 0 55.99 16.83 0 55.99 16.94 0 55 16.94 0
4 4 55.99 16.5 0 56.1 16.5 0 56.1 16.94 0 55.99 16.94 0
4 4 56.1 16.83 0 56.43 16.83 0 56.43 16.94 0 56.1 16.94 0
4 4 56.43 16.83 0 56.54 16.83 0 56.54 16.94 0 56.43 16.94 0
4 4 56.54 16.83 0 56.65 16.83 0 56.65 16.94 0 56.54 16.94 0
4 4 56.65 16.83 0 56.76 16.83 0 56.76 16.94 0 56.65 16.94 0
4 4 56.76 16.83 0 56.98 16.83 0 56.98 16.94 0 56.76 16.94 0
4 4 56.98 16.83 0 57.09 16.83 0 57.09 16.94 0 56.98 16.94 0
4 4 57.09 16.83 0 57.53 16.83 0 57.53 16.94 0 57.09 16.94 0
4 4 57.53 16.83 0 57.75 16.83 0 57.75 16.94 0 57.53 16.94 0
4 4 57.75 16.83 0 57.86 16.83 0 57.86 16.94 0 57.75 16.94 0
4 4 57.86 16.61 0 57.97 16.61 0 57.97 16.94 0 57.86 16.94 0
4 4 75.57 16.83 0 113.3 16.83 0 113.3 16.94 0 75.57 16.94 0
4 4 34.87 16.94 0 34.98 16.94 0 34.98 17.05 0 34.87 17.05 0
4 4 34.98 16.94 0 35.2 16.94 0 35.2 17.05 0 34.98 17.05 0
4 4 35.2 16.94 0 35.53 16.94 0 35.53 17.05 0 35.2 17.05 0
4 4 35.53 16.94 0 35.86 16.94 0 35.86 17.05 0 35.53 17.05 0
4 4 35.86 16.94 0 36.3 16.94 0 36.3 17.05 0 35.86 17.05 0
4 4 36.3 16.94 0 37.07 16.94 0 37.07 17.05 0 36.3 17.05 0
4 4 37.18 16.94 0 37.29 16.94 0 37.29 17.05 0 37.18 17.05 0
4 4 37.29 16.94 0 37.4 16.94 0 37.4 17.05 0 37.29 17.05 0
4 4 55 16.94 0 55.11 16.94 0 55.11 17.05 0 55 17.05 0
4 4 55.11 16.94 0 55.22 16.94 0 55.22 17.05 0 55.11 17.05 0
4 4 55.33 16.94 0 56.1 16.94 0 56.1 17.05 0 55.33 17.05 0
4 4 56.1 16.94 0 56.54 16.94 0 56.54 17.05 0 56.1 17.05 0
4 4 56.54 16.94 0 56.87 16.94 0 56.87 17.05 0 56.54 17.05 0
4 4 56.87 16.94 0 57.2 16.94 0 57.2 17.05 0 56.87 17.05 0
4 4 57.2 16.94 0 57.42 16.94 0 57.42 17.05 0 57.2 17.05 0
4 4 57.42 16.94 0 57.97 16.94 0 57.97 17.05 0 57.42 17.05 0
4 4 75.57 16.94 0 113.08 16.94 0 113.08 17.05 0 75.57 17.05 0
4 4 34.87 17.05 0 35.09 17.05 0 35.09 17.16 0 34.87 17.16 0
4 4 35.09 17.05 0 35.2 17.05 0 35.2 17.16 0 35.09 17.16 0
4 4 35.2 17.05 0 35.64 17.05 0 35.64 17.16 0 35.2 17.16 0
4 4 35.64 17.05 0 35.86 17.05 0 35.86 17.16 0 35.64 17.16 0
4 4 35.86 17.05 0 36.74 17.05 0 36.74 17.16 0 35.86 17.16 0
4 4 36.74 17.05 0 36.96 17.05 0 36.96 17.16 0 36.74 17.16 0
4 4 36.96 17.05 0 37.07 17.05 0 37.07 17.16 0 36.96 17.16 0
4 4 37.07 16.94 0 37.18 16.94 0 37.18 17.16 0 37.07 17.16 0
4 4 55.22 16.94 0 55.33 16.94 0 55.33 17.16 0 55.22 17.16 0
4 4 55.33 17.05 0 55.44 17.05 0 55.44 17.16 0 55.33 17.16 0
4 4 55.44 17.05 0 55.66 17.05 0 55.66 17.16 0 55.44 17.16 0
4 4 55.66 17.05 0 56.54 17.05 0 56.54 17.16 0 55.66 17.16 0
4 4 56.54 17.05 0 56.76 17.05 0 56.76 17.16 0 56.54 17.16 0
4 4 56.76 17.05 0 57.2 17.05 0 57.2 17.16 0 56.76 17.16 0
4 4 57.2 17.05 0 57.31 17.05 0 57.31 17.16 0 57.2 17.16 0
4 4 57.31 17.05 0 57.97 17.05 0 57.97 17.16 0 57.31 17.16 0
4 4 75.57 17.05 0 112.75 17.05 0 112.75 17.16 0 75.57 17.16 0
4 4 34.87 17.16 0 35.64 17.16 0 35.64 17.27 0 34.87 17.27 0
4 4 35.64 17.16 0 35.75 17.16 0 35.75 17.27 0 35.64 17.27 0
4 4 35.75 17.16 0 36.74 17.16 0 36.74 17.27 0 35.75 17.27 0
4 4 36.74 17.16 0 36.85 17.16 0 36.85 17.27 0 36.74 17.27 0
4 4 36.85 17.16 0 36.96 17.16 0 36.96 17.27 0 36.85 17.27 0
4 4 55.44 17.16 0 55.55 17.16 0 55.55 17.27 0 55.44 17.27 0
4 4 55.55 17.16 0 55.66 17.16 0 55.66 17.27 0 55.55 17.27 0
4 4 55.66 17.16 0 56.65 17.16 0 56.65 17.27 0 55.66 17.27 0
4 4 56.65 17.16 0 56.76 17.16 0 56.76 17.27 0 56.65 17.27 0
4 4 56.76 17.16 0 57.97 17.16 0 57.97 17.27 0 56.76 17.27 0
4 4 75.57 17.16 0 112.42 17.16 0 112.42 17.27 0 75.57 17.27 0
4 4 34.87 17.27 0 36.63 17.27 0 36.63 17.38 0 34.87 17.38 0
4 4 36.63 17.27 0 36.74 17.27 0 36.74 17.38 0 36.63 17.38 0
4 4 55.66 17.27 0 55.77 17.27 0 55.77 17.38 0 55.66 17.38 0
4 4 55.77 17.27 0 57.97 17.27 0 57.97 17.38 0 55.77 17.38 0
4 4 75.57 17.27 0 112.09 17.27 0 112.09 17.38 0 75.57 17.38 0
4 4 14.96 15.51 0 34.87 15.51 0 34.87 17.49 0 14.96 17.49 0
4 4 34.87 17.38 0 36.3 17.38 0 36.3 17.49 0 34.87 17.49 0
4 4 36.3 17.38 0 36.41 17.38 0 36.41 17.49 0 36.3 17.49 0
4 4 55.99 17.38 0 56.1 17.38 0 56.1 17.49 0 55.99 17.49 0
4 4 56.1 17.38 0 57.97 17.38 0 57.97 17.49 0 56.1 17.49 0
4 4 57.97 15.51 0 66.77 15.51 0 66.77 17.49 0 57.97 17.49 0
4 4 75.57 17.38 0 111.43 17.38 0 111.43 17.49 0 75.57 17.49 0
4 4 39.71 12.76 0 42.13 12.76 0 42.13 19.36 0 39.71 19.36 0
4 4 48.62 12.76 0 52.69 12.76 0 52.69 19.36 0 48.62 19.36 0
4 4 39.82 19.36 0 42.13 19.36 0 42.13 19.58 0 39.82 19.58 0
4 4 48.62 19.36 0 52.58 19.36 0 52.58 19.58 0 48.62 19.58 0
4 4 39.93 19.58 0 42.13 19.58 0 42.13 19.69 0 39.93 19.69 0
4 4 48.62 19.58 0 52.47 19.58 0 52.47 19.69 0 48.62 19.69 0
4 4 40.04 19.69 0 42.13 19.69 0 42.13 19.8 0 40.04 19.8 0
4 4 48.62 19.69 0 52.36 19.69 0 52.36 19.8 0 48.62 19.8 0
4 4 40.15 19.8 0 42.13 19.8 0 42.13 19.91 0 40.15 19.91 0
4 4 48.62 19.8 0 52.25 19.8 0 52.25 19.91 0 48.62 19.91 0
4 4 40.37 19.91 0 42.13 19.91 0 42.13 20.02 0 40.37 20.02 0
4 4 42.68 12.1 0 45.1 12.1 0 45.1 20.02 0 42.68 20.02 0
4 4 45.65 12.1 0 48.07 12.1 0 48.07 20.02 0 45.65 20.02 0
4 4 48.62 19.91 0 52.03 19.91 0 52.03 20.02 0 48.62 20.02 0
4 4 91.63 17.49 0 100.98 17.49 0 100.98 20.13 0 91.63 20.13 0
4 4 91.74 20.13 0 100.87 20.13 0 100.87 20.35 0 91.74 20.35 0
4 4 91.85 20.35 0 100.76 20.35 0 100.76 20.46 0 91.85 20.46 0
4 4 91.96 20.46 0 100.65 20.46 0 100.65 20.57 0 91.96 20.57 0
4 4 92.07 20.57 0 100.54 20.57 0 100.54 20.68 0 92.07 20.68 0
4 4 92.29 20.68 0 100.32 20.68 0 100.32 20.79 0 92.29 20.79 0
4 4 161.26 7.7 0 163.24 7.7 0 163.24 20.9 0 161.26 20.9 0
4 4 162.58 20.9 0 162.69 20.9 0 162.69 21.01 0 162.58 21.01 0
4 4 162.69 20.9 0 162.8 20.9 0 162.8 21.01 0 162.69 21.01 0
4 4 64.79 17.49 0 66.77 17.49 0 66.77 21.12 0 64.79 21.12 0
4 4 68.42 15.51 0 70.4 15.51 0 70.4 21.12 0 68.42 21.12 0
4 4 72.05 15.51 0 74.03 15.51 0 74.03 21.12 0 72.05 21.12 0
4 4 75.57 17.49 0 77.55 17.49 0 77.55 21.12 0 75.57 21.12 0
4 4 161.7 20.9 0 162.58 20.9 0 162.58 21.12 0 161.7 21.12 0
4 4 162.58 21.01 0 162.8 21.01 0 162.8 21.12 0 162.58 21.12 0
4 4 162.8 20.9 0 162.91 20.9 0 162.91 21.12 0 162.8 21.12 0
4 4 162.91 20.9 0 163.24 20.9 0 163.24 21.12 0 162.91 21.12 0
4 4 163.24 20.79 0 163.35 20.79 0 163.35 21.12 0 163.24 21.12 0
4 4 161.7 21.12 0 162.69 21.12 0 162.69 21.23 0 161.7 21.23 0
4 4 162.69 21.12 0 163.35 21.12 0 163.35 21.23 0 162.69 21.23 0
4 4 161.26 20.9 0 161.37 20.9 0 161.37 21.34 0 161.26 21.34 0
4 4 161.7 21.23 0 162.8 21.23 0 162.8 21.34 0 161.7 21.34 0
4 4 163.35 21.01 0 163.46 21.01 0 163.46 21.34 0 163.35 21.34 0
4 4 163.46 21.12 0 163.57 21.12 0 163.57 21.34 0 163.46 21.34 0
4 4 162.69 21.34 0 162.8 21.34 0 162.8 21.45 0 162.69 21.45 0
4 4 162.8 21.23 0 163.35 21.23 0 163.35 21.45 0 162.8 21.45 0
4 4 163.35 21.34 0 163.57 21.34 0 163.57 21.45 0 163.35 21.45 0
4 4 163.68 21.34 0 163.79 21.34 0 163.79 21.56 0 163.68 21.56 0
4 4 163.79 21.34 0 163.9 21.34 0 163.9 21.56 0 163.79 21.56 0
4 4 164.01 21.45 0 164.45 21.45 0 164.45 21.56 0 164.01 21.56 0
4 4 164.45 21.45 0 165.44 21.45 0 165.44 21.56 0 164.45 21.56 0
4 4 165.44 21.45 0 165.55 21.45 0 165.55 21.56 0 165.44 21.56 0
4 4 165.55 21.45 0 165.66 21.45 0 165.66 21.56 0 165.55 21.56 0
4 4 161.37 20.9 0 161.48 20.9 0 161.48 21.67 0 161.37 21.67 0
4 4 161.7 21.34 0 162.47 21.34 0 162.47 21.67 0 161.7 21.67 0
4 4 162.69 21.45 0 162.91 21.45 0 162.91 21.67 0 162.69 21.67 0
4 4 162.91 21.45 0 163.46 21.45 0 163.46 21.67 0 162.91 21.67 0
4 4 163.46 21.45 0 163.57 21.45 0 163.57 21.67 0 163.46 21.67 0
4 4 163.57 21.23 0 163.68 21.23 0 163.68 21.67 0 163.57 21.67 0
4 4 163.68 21.56 0 163.9 21.56 0 163.9 21.67 0 163.68 21.67 0
4 4 163.9 21.45 0 164.01 21.45 0 164.01 21.67 0 163.9 21.67 0
4 4 164.01 21.56 0 164.23 21.56 0 164.23 21.67 0 164.01 21.67 0
4 4 164.23 21.56 0 165.66 21.56 0 165.66 21.67 0 164.23 21.67 0
4 4 161.81 21.67 0 162.47 21.67 0 162.47 21.78 0 161.81 21.78 0
4 4 162.47 21.34 0 162.69 21.34 0 162.69 21.78 0 162.47 21.78 0
4 4 162.69 21.67 0 163.02 21.67 0 163.02 21.78 0 162.69 21.78 0
4 4 163.02 21.67 0 163.79 21.67 0 163.79 21.78 0 163.02 21.78 0
4 4 163.79 21.67 0 164.01 21.67 0 164.01 21.78 0 163.79 21.78 0
4 4 164.01 21.67 0 164.34 21.67 0 164.34 21.78 0 164.01 21.78 0
4 4 164.34 21.67 0 165.66 21.67 0 165.66 21.78 0 164.34 21.78 0
4 4 161.48 20.9 0 161.59 20.9 0 161.59 21.89 0 161.48 21.89 0
4 4 161.81 21.78 0 161.92 21.78 0 161.92 21.89 0 161.81 21.89 0
4 4 161.92 21.78 0 162.03 21.78 0 162.03 21.89 0 161.92 21.89 0
4 4 162.03 21.78 0 162.47 21.78 0 162.47 21.89 0 162.03 21.89 0
4 4 162.47 21.78 0 162.58 21.78 0 162.58 21.89 0 162.47 21.89 0
4 4 162.58 21.78 0 162.69 21.78 0 162.69 21.89 0 162.58 21.89 0
4 4 162.69 21.78 0 162.8 21.78 0 162.8 21.89 0 162.69 21.89 0
4 4 162.8 21.78 0 163.13 21.78 0 163.13 21.89 0 162.8 21.89 0
4 4 163.13 21.78 0 163.24 21.78 0 163.24 21.89 0 163.13 21.89 0
4 4 163.24 21.78 0 164.01 21.78 0 164.01 21.89 0 163.24 21.89 0
4 4 164.01 21.78 0 164.89 21.78 0 164.89 21.89 0 164.01 21.89 0
4 4 164.89 21.78 0 165.11 21.78 0 165.11 21.89 0 164.89 21.89 0
4 4 165.11 21.78 0 165.66 21.78 0 165.66 21.89 0 165.11 21.89 0
4 4 161.59 20.9 0 161.7 20.9 0 161.7 22 0 161.59 22 0
4 4 161.81 21.89 0 162.69 21.89 0 162.69 22 0 161.81 22 0
4 4 162.69 21.89 0 162.91 21.89 0 162.91 22 0 162.69 22 0
4 4 162.91 21.89 0 163.13 21.89 0 163.13 22 0 162.91 22 0
4 4 163.13 21.89 0 163.35 21.89 0 163.35 22 0 163.13 22 0
4 4 163.35 21.89 0 163.68 21.89 0 163.68 22 0 163.35 22 0
4 4 163.68 21.89 0 163.79 21.89 0 163.79 22 0 163.68 22 0
4 4 164.01 21.89 0 164.34 21.89 0 164.34 22 0 164.01 22 0
4 4 164.34 21.89 0 164.56 21.89 0 164.56 22 0 164.34 22 0
4 4 164.56 21.89 0 164.67 21.89 0 164.67 22 0 164.56 22 0
4 4 164.67 21.89 0 164.78 21.89 0 164.78 22 0 164.67 22 0
4 4 164.78 21.89 0 165.11 21.89 0 165.11 22 0 164.78 22 0
4 4 165.11 21.89 0 165.33 21.89 0 165.33 22 0 165.11 22 0
4 4 165.33 21.89 0 165.55 21.89 0 165.55 22 0 165.33 22 0
4 4 165.55 21.89 0 165.66 21.89 0 165.66 22 0 165.55 22 0
4 4 161.81 22 0 162.58 22 0 162.58 22.11 0 161.81 22.11 0
4 4 162.58 22 0 162.8 22 0 162.8 22.11 0 162.58 22.11 0
4 4 162.8 22 0 163.57 22 0 163.57 22.11 0 162.8 22.11 0
4 4 163.57 22 0 163.79 22 0 163.79 22.11 0 163.57 22.11 0
4 4 163.79 21.89 0 164.01 21.89 0 164.01 22.11 0 163.79 22.11 0
4 4 164.01 22 0 165.66 22 0 165.66 22.11 0 164.01 22.11 0
4 4 161.7 21.67 0 161.81 21.67 0 161.81 22.22 0 161.7 22.22 0
4 4 161.92 22.11 0 162.8 22.11 0 162.8 22.22 0 161.92 22.22 0
4 4 162.8 22.11 0 162.91 22.11 0 162.91 22.22 0 162.8 22.22 0
4 4 162.91 22.11 0 163.46 22.11 0 163.46 22.22 0 162.91 22.22 0
4 4 163.46 22.11 0 163.57 22.11 0 163.57 22.22 0 163.46 22.22 0
4 4 163.57 22.11 0 163.9 22.11 0 163.9 22.22 0 163.57 22.22 0
4 4 163.9 22.11 0 165.66 22.11 0 165.66 22.22 0 163.9 22.22 0
4 4 78.87 22.22 0 80.96 22.22 0 80.96 22.33 0 78.87 22.33 0
4 4 80.96 22.22 0 81.07 22.22 0 81.07 22.33 0 80.96 22.33 0
4 4 161.81 22.11 0 161.92 22.11 0 161.92 22.33 0 161.81 22.33 0
4 4 161.92 22.22 0 162.58 22.22 0 162.58 22.33 0 161.92 22.33 0
4 4 162.58 22.22 0 163.02 22.22 0 163.02 22.33 0 162.58 22.33 0
4 4 163.02 22.22 0 163.46 22.22 0 163.46 22.33 0 163.02 22.33 0
4 4 163.46 22.22 0 163.68 22.22 0 163.68 22.33 0 163.46 22.33 0
4 4 163.9 22.22 0 164.45 22.22 0 164.45 22.33 0 163.9 22.33 0
4 4 164.45 22.22 0 164.89 22.22 0 164.89 22.33 0 164.45 22.33 0
4 4 164.89 22.22 0 165.66 22.22 0 165.66 22.33 0 164.89 22.33 0
4 4 78.87 22.33 0 81.29 22.33 0 81.29 22.44 0 78.87 22.44 0
4 4 81.29 22.33 0 81.4 22.33 0 81.4 22.44 0 81.29 22.44 0
4 4 162.03 22.33 0 162.91 22.33 0 162.91 22.44 0 162.03 22.44 0
4 4 162.91 22.33 0 163.24 22.33 0 163.24 22.44 0 162.91 22.44 0
4 4 163.24 22.33 0 163.35 22.33 0 163.35 22.44 0 163.24 22.44 0
4 4 163.35 22.33 0 163.68 22.33 0 163.68 22.44 0 163.35 22.44 0
4 4 163.68 22.22 0 163.9 22.22 0 163.9 22.44 0 163.68 22.44 0
4 4 163.9 22.33 0 164.34 22.33 0 164.34 22.44 0 163.9 22.44 0
4 4 164.34 22.33 0 164.89 22.33 0 164.89 22.44 0 164.34 22.44 0
4 4 164.89 22.33 0 165.55 22.33 0 165.55 22.44 0 164.89 22.44 0
4 4 78.87 22.44 0 79.09 22.44 0 79.09 22.55 0 78.87 22.55 0
4 4 79.09 22.44 0 80.3 22.44 0 80.3 22.55 0 79.09 22.55 0
4 4 80.3 22.44 0 80.41 22.44 0 80.41 22.55 0 80.3 22.55 0
4 4 80.41 22.44 0 81.4 22.44 0 81.4 22.55 0 80.41 22.55 0
4 4 81.4 22.44 0 81.51 22.44 0 81.51 22.55 0 81.4 22.55 0
4 4 81.51 22.44 0 81.62 22.44 0 81.62 22.55 0 81.51 22.55 0
4 4 161.92 22.33 0 162.03 22.33 0 162.03 22.55 0 161.92 22.55 0
4 4 162.14 22.44 0 162.91 22.44 0 162.91 22.55 0 162.14 22.55 0
4 4 162.91 22.44 0 163.35 22.44 0 163.35 22.55 0 162.91 22.55 0
4 4 163.35 22.44 0 163.46 22.44 0 163.46 22.55 0 163.35 22.55 0
4 4 163.57 22.44 0 163.68 22.44 0 163.68 22.55 0 163.57 22.55 0
4 4 163.68 22.44 0 163.79 22.44 0 163.79 22.55 0 163.68 22.55 0
4 4 163.79 22.44 0 164.23 22.44 0 164.23 22.55 0 163.79 22.55 0
4 4 164.23 22.44 0 164.45 22.44 0 164.45 22.55 0 164.23 22.55 0
4 4 164.45 22.44 0 165.44 22.44 0 165.44 22.55 0 164.45 22.55 0
4 4 165.44 22.44 0 165.55 22.44 0 165.55 22.55 0 165.44 22.55 0
4 4 78.87 22.55 0 78.98 22.55 0 78.98 22.66 0 78.87 22.66 0
4 4 78.98 22.55 0 79.75 22.55 0 79.75 22.66 0 78.98 22.66 0
4 4 79.75 22.55 0 79.86 22.55 0 79.86 22.66 0 79.75 22.66 0
4 4 79.86 22.55 0 80.3 22.55 0 80.3 22.66 0 79.86 22.66 0
4 4 80.3 22.55 0 80.52 22.55 0 80.52 22.66 0 80.3 22.66 0
4 4 80.52 22.55 0 81.4 22.55 0 81.4 22.66 0 80.52 22.66 0
4 4 81.4 22.55 0 81.62 22.55 0 81.62 22.66 0 81.4 22.66 0
4 4 81.62 22.55 0 81.73 22.55 0 81.73 22.66 0 81.62 22.66 0
4 4 162.03 22.44 0 162.14 22.44 0 162.14 22.66 0 162.03 22.66 0
4 4 162.14 22.55 0 162.47 22.55 0 162.47 22.66 0 162.14 22.66 0
4 4 162.58 22.55 0 162.8 22.55 0 162.8 22.66 0 162.58 22.66 0
4 4 162.8 22.55 0 162.91 22.55 0 162.91 22.66 0 162.8 22.66 0
4 4 162.91 22.55 0 163.02 22.55 0 163.02 22.66 0 162.91 22.66 0
4 4 163.02 22.55 0 163.46 22.55 0 163.46 22.66 0 163.02 22.66 0
4 4 163.57 22.55 0 163.9 22.55 0 163.9 22.66 0 163.57 22.66 0
4 4 164.34 22.55 0 165.22 22.55 0 165.22 22.66 0 164.34 22.66 0
4 4 165.22 22.55 0 165.33 22.55 0 165.33 22.66 0 165.22 22.66 0
4 4 78.87 22.66 0 79.64 22.66 0 79.64 22.77 0 78.87 22.77 0
4 4 79.64 22.66 0 79.86 22.66 0 79.86 22.77 0 79.64 22.77 0
4 4 79.86 22.66 0 80.19 22.66 0 80.19 22.77 0 79.86 22.77 0
4 4 80.19 22.66 0 80.52 22.66 0 80.52 22.77 0 80.19 22.77 0
4 4 80.52 22.66 0 80.96 22.66 0 80.96 22.77 0 80.52 22.77 0
4 4 80.96 22.66 0 81.73 22.66 0 81.73 22.77 0 80.96 22.77 0
4 4 81.73 22.55 0 81.84 22.55 0 81.84 22.77 0 81.73 22.77 0
4 4 81.84 22.66 0 81.95 22.66 0 81.95 22.77 0 81.84 22.77 0
4 4 81.95 22.66 0 82.06 22.66 0 82.06 22.77 0 81.95 22.77 0
4 4 162.14 22.66 0 162.25 22.66 0 162.25 22.77 0 162.14 22.77 0
4 4 162.25 22.66 0 162.47 22.66 0 162.47 22.77 0 162.25 22.77 0
4 4 162.47 22.55 0 162.58 22.55 0 162.58 22.77 0 162.47 22.77 0
4 4 162.58 22.66 0 163.02 22.66 0 163.02 22.77 0 162.58 22.77 0
4 4 163.02 22.66 0 163.13 22.66 0 163.13 22.77 0 163.02 22.77 0
4 4 163.13 22.66 0 163.46 22.66 0 163.46 22.77 0 163.13 22.77 0
4 4 163.57 22.66 0 163.68 22.66 0 163.68 22.77 0 163.57 22.77 0
4 4 163.68 22.66 0 163.9 22.66 0 163.9 22.77 0 163.68 22.77 0
4 4 163.9 22.55 0 164.34 22.55 0 164.34 22.77 0 163.9 22.77 0
4 4 164.34 22.66 0 164.56 22.66 0 164.56 22.77 0 164.34 22.77 0
4 4 164.56 22.66 0 164.78 22.66 0 164.78 22.77 0 164.56 22.77 0
4 4 164.78 22.66 0 164.89 22.66 0 164.89 22.77 0 164.78 22.77 0
4 4 164.89 22.66 0 165.11 22.66 0 165.11 22.77 0 164.89 22.77 0
4 4 165.11 22.66 0 165.33 22.66 0 165.33 22.77 0 165.11 22.77 0
4 4 165.33 22.55 0 165.55 22.55 0 165.55 22.77 0 165.33 22.77 0
4 4 165.55 22.33 0 165.66 22.33 0 165.66 22.77 0 165.55 22.77 0
4 4 78.87 22.77 0 79.2 22.77 0 79.2 22.88 0 78.87 22.88 0
4 4 79.2 22.77 0 79.31 22.77 0 79.31 22.88 0 79.2 22.88 0
4 4 79.31 22.77 0 79.53 22.77 0 79.53 22.88 0 79.31 22.88 0
4 4 79.53 22.77 0 79.97 22.77 0 79.97 22.88 0 79.53 22.88 0
4 4 79.97 22.77 0 80.08 22.77 0 80.08 22.88 0 79.97 22.88 0
4 4 80.08 22.77 0 80.3 22.77 0 80.3 22.88 0 80.08 22.88 0
4 4 80.3 22.77 0 80.41 22.77 0 80.41 22.88 0 80.3 22.88 0
4 4 80.41 22.77 0 80.52 22.77 0 80.52 22.88 0 80.41 22.88 0
4 4 80.52 22.77 0 80.63 22.77 0 80.63 22.88 0 80.52 22.88 0
4 4 80.63 22.77 0 80.96 22.77 0 80.96 22.88 0 80.63 22.88 0
4 4 81.07 22.77 0 82.06 22.77 0 82.06 22.88 0 81.07 22.88 0
4 4 82.06 22.77 0 82.17 22.77 0 82.17 22.88 0 82.06 22.88 0
4 4 162.36 22.77 0 162.47 22.77 0 162.47 22.88 0 162.36 22.88 0
4 4 162.47 22.77 0 163.46 22.77 0 163.46 22.88 0 162.47 22.88 0
4 4 163.46 22.44 0 163.57 22.44 0 163.57 22.88 0 163.46 22.88 0
4 4 163.57 22.77 0 163.9 22.77 0 163.9 22.88 0 163.57 22.88 0
4 4 163.9 22.77 0 164.01 22.77 0 164.01 22.88 0 163.9 22.88 0
4 4 164.01 22.77 0 164.12 22.77 0 164.12 22.88 0 164.01 22.88 0
4 4 164.12 22.77 0 164.23 22.77 0 164.23 22.88 0 164.12 22.88 0
4 4 164.23 22.77 0 164.45 22.77 0 164.45 22.88 0 164.23 22.88 0
4 4 164.45 22.77 0 164.56 22.77 0 164.56 22.88 0 164.45 22.88 0
4 4 164.56 22.77 0 165 22.77 0 165 22.88 0 164.56 22.88 0
4 4 165 22.77 0 165.22 22.77 0 165.22 22.88 0 165 22.88 0
4 4 165.22 22.77 0 165.33 22.77 0 165.33 22.88 0 165.22 22.88 0
4 4 165.33 22.77 0 165.66 22.77 0 165.66 22.88 0 165.33 22.88 0
4 4 79.2 22.88 0 79.42 22.88 0 79.42 22.99 0 79.2 22.99 0
4 4 79.42 22.88 0 79.64 22.88 0 79.64 22.99 0 79.42 22.99 0
4 4 79.64 22.88 0 79.75 22.88 0 79.75 22.99 0 79.64 22.99 0
4 4 79.75 22.88 0 79.97 22.88 0 79.97 22.99 0 79.75 22.99 0
4 4 79.97 22.88 0 80.19 22.88 0 80.19 22.99 0 79.97 22.99 0
4 4 80.63 22.88 0 80.85 22.88 0 80.85 22.99 0 80.63 22.99 0
4 4 80.85 22.88 0 80.96 22.88 0 80.96 22.99 0 80.85 22.99 0
4 4 81.07 22.88 0 81.4 22.88 0 81.4 22.99 0 81.07 22.99 0
4 4 81.4 22.88 0 81.51 22.88 0 81.51 22.99 0 81.4 22.99 0
4 4 81.51 22.88 0 81.95 22.88 0 81.95 22.99 0 81.51 22.99 0
4 4 82.06 22.88 0 82.28 22.88 0 82.28 22.99 0 82.06 22.99 0
4 4 82.28 22.88 0 82.39 22.88 0 82.39 22.99 0 82.28 22.99 0
4 4 162.47 22.88 0 162.58 22.88 0 162.58 22.99 0 162.47 22.99 0
4 4 162.58 22.88 0 162.69 22.88 0 162.69 22.99 0 162.58 22.99 0
4 4 162.8 22.88 0 163.57 22.88 0 163.57 22.99 0 162.8 22.99 0
4 4 163.57 22.88 0 164.01 22.88 0 164.01 22.99 0 163.57 22.99 0
4 4 164.01 22.88 0 164.34 22.88 0 164.34 22.99 0 164.01 22.99 0
4 4 164.34 22.88 0 164.67 22.88 0 164.67 22.99 0 164.34 22.99 0
4 4 164.67 22.88 0 164.89 22.88 0 164.89 22.99 0 164.67 22.99 0
4 4 164.89 22.88 0 165.66 22.88 0 165.66 22.99 0 164.89 22.99 0
4 4 78.98 22.88 0 79.2 22.88 0 79.2 23.1 0 78.98 23.1 0
4 4 79.2 22.99 0 79.31 22.99 0 79.31 23.1 0 79.2 23.1 0
4 4 79.31 22.99 0 80.19 22.99 0 80.19 23.1 0 79.31 23.1 0
4 4 80.19 22.88 0 80.63 22.88 0 80.63 23.1 0 80.19 23.1 0
4 4 80.63 22.99 0 80.96 22.99 0 80.96 23.1 0 80.63 23.1 0
4 4 81.07 22.99 0 81.51 22.99 0 81.51 23.1 0 81.07 23.1 0
4 4 81.51 22.99 0 81.62 22.99 0 81.62 23.1 0 81.51 23.1 0
4 4 81.62 22.99 0 81.73 22.99 0 81.73 23.1 0 81.62 23.1 0
4 4 81.73 22.99 0 81.95 22.99 0 81.95 23.1 0 81.73 23.1 0
4 4 81.95 22.88 0 82.06 22.88 0 82.06 23.1 0 81.95 23.1 0
4 4 82.06 22.99 0 82.39 22.99 0 82.39 23.1 0 82.06 23.1 0
4 4 162.69 22.88 0 162.8 22.88 0 162.8 23.1 0 162.69 23.1 0
4 4 162.8 22.99 0 162.91 22.99 0 162.91 23.1 0 162.8 23.1 0
4 4 162.91 22.99 0 163.13 22.99 0 163.13 23.1 0 162.91 23.1 0
4 4 163.13 22.99 0 164.01 22.99 0 164.01 23.1 0 163.13 23.1 0
4 4 164.01 22.99 0 164.23 22.99 0 164.23 23.1 0 164.01 23.1 0
4 4 164.23 22.99 0 164.67 22.99 0 164.67 23.1 0 164.23 23.1 0
4 4 164.67 22.99 0 164.78 22.99 0 164.78 23.1 0 164.67 23.1 0
4 4 164.78 22.99 0 165.55 22.99 0 165.55 23.1 0 164.78 23.1 0
4 4 165.55 22.99 0 165.66 22.99 0 165.66 23.1 0 165.55 23.1 0
4 4 78.98 23.1 0 79.09 23.1 0 79.09 23.21 0 78.98 23.21 0
4 4 79.09 23.1 0 80.08 23.1 0 80.08 23.21 0 79.09 23.21 0
4 4 80.08 23.1 0 80.3 23.1 0 80.3 23.21 0 80.08 23.21 0
4 4 80.3 23.1 0 80.74 23.1 0 80.74 23.21 0 80.3 23.21 0
4 4 80.74 23.1 0 80.85 23.1 0 80.85 23.21 0 80.74 23.21 0
4 4 80.85 23.1 0 80.96 23.1 0 80.96 23.21 0 80.85 23.21 0
4 4 80.96 22.77 0 81.07 22.77 0 81.07 23.21 0 80.96 23.21 0
4 4 81.07 23.1 0 81.18 23.1 0 81.18 23.21 0 81.07 23.21 0
4 4 81.18 23.1 0 81.62 23.1 0 81.62 23.21 0 81.18 23.21 0
4 4 81.62 23.1 0 82.39 23.1 0 82.39 23.21 0 81.62 23.21 0
4 4 82.39 22.99 0 82.5 22.99 0 82.5 23.21 0 82.39 23.21 0
4 4 162.91 23.1 0 163.02 23.1 0 163.02 23.21 0 162.91 23.21 0
4 4 163.02 23.1 0 163.13 23.1 0 163.13 23.21 0 163.02 23.21 0
4 4 163.13 23.1 0 164.12 23.1 0 164.12 23.21 0 163.13 23.21 0
4 4 164.12 23.1 0 164.23 23.1 0 164.23 23.21 0 164.12 23.21 0
4 4 164.23 23.1 0 165.44 23.1 0 165.44 23.21 0 164.23 23.21 0
4 4 165.44 23.1 0 165.66 23.1 0 165.66 23.21 0 165.44 23.21 0
4 4 78.87 22.88 0 78.98 22.88 0 78.98 23.32 0 78.87 23.32 0
4 4 78.98 23.21 0 79.64 23.21 0 79.64 23.32 0 78.98 23.32 0
4 4 79.64 23.21 0 80.19 23.21 0 80.19 23.32 0 79.64 23.32 0
4 4 80.19 23.21 0 80.63 23.21 0 80.63 23.32 0 80.19 23.32 0
4 4 80.85 23.21 0 81.18 23.21 0 81.18 23.32 0 80.85 23.32 0
4 4 81.18 23.21 0 81.29 23.21 0 81.29 23.32 0 81.18 23.32 0
4 4 81.29 23.21 0 81.62 23.21 0 81.62 23.32 0 81.29 23.32 0
4 4 81.62 23.21 0 82.5 23.21 0 82.5 23.32 0 81.62 23.32 0
4 4 82.5 23.1 0 82.61 23.1 0 82.61 23.32 0 82.5 23.32 0
4 4 163.13 23.21 0 163.24 23.21 0 163.24 23.32 0 163.13 23.32 0
4 4 163.24 23.21 0 165.66 23.21 0 165.66 23.32 0 163.24 23.32 0
4 4 78.87 23.32 0 79.64 23.32 0 79.64 23.43 0 78.87 23.43 0
4 4 79.64 23.32 0 80.08 23.32 0 80.08 23.43 0 79.64 23.43 0
4 4 80.08 23.32 0 80.63 23.32 0 80.63 23.43 0 80.08 23.43 0
4 4 80.63 23.21 0 80.85 23.21 0 80.85 23.43 0 80.63 23.43 0
4 4 80.85 23.32 0 81.07 23.32 0 81.07 23.43 0 80.85 23.43 0
4 4 81.07 23.32 0 81.51 23.32 0 81.51 23.43 0 81.07 23.43 0
4 4 81.51 23.32 0 81.95 23.32 0 81.95 23.43 0 81.51 23.43 0
4 4 81.95 23.32 0 82.61 23.32 0 82.61 23.43 0 81.95 23.43 0
4 4 163.46 23.32 0 163.57 23.32 0 163.57 23.43 0 163.46 23.43 0
4 4 163.57 23.32 0 165.66 23.32 0 165.66 23.43 0 163.57 23.43 0
4 4 165.66 21.45 0 196.9 21.45 0 196.9 23.43 0 165.66 23.43 0
4 4 78.87 23.43 0 80.63 23.43 0 80.63 23.54 0 78.87 23.54 0
4 4 80.63 23.43 0 80.96 23.43 0 80.96 23.54 0 80.63 23.54 0
4 4 80.96 23.43 0 81.07 23.43 0 81.07 23.54 0 80.96 23.54 0
4 4 81.07 23.43 0 81.62 23.43 0 81.62 23.54 0 81.07 23.54 0
4 4 81.62 23.43 0 81.73 23.43 0 81.73 23.54 0 81.62 23.54 0
4 4 81.73 23.43 0 82.61 23.43 0 82.61 23.54 0 81.73 23.54 0
4 4 82.61 23.32 0 82.72 23.32 0 82.72 23.54 0 82.61 23.54 0
4 4 78.87 23.54 0 80.52 23.54 0 80.52 23.65 0 78.87 23.65 0
4 4 80.74 23.54 0 80.96 23.54 0 80.96 23.65 0 80.74 23.65 0
4 4 80.96 23.54 0 81.73 23.54 0 81.73 23.65 0 80.96 23.65 0
4 4 81.73 23.54 0 81.95 23.54 0 81.95 23.65 0 81.73 23.65 0
4 4 81.95 23.54 0 82.72 23.54 0 82.72 23.65 0 81.95 23.65 0
4 4 78.87 23.65 0 78.98 23.65 0 78.98 23.76 0 78.87 23.76 0
4 4 78.98 23.65 0 79.2 23.65 0 79.2 23.76 0 78.98 23.76 0
4 4 79.2 23.65 0 79.42 23.65 0 79.42 23.76 0 79.2 23.76 0
4 4 79.42 23.65 0 79.75 23.65 0 79.75 23.76 0 79.42 23.76 0
4 4 79.75 23.65 0 79.86 23.65 0 79.86 23.76 0 79.75 23.76 0
4 4 79.86 23.65 0 79.97 23.65 0 79.97 23.76 0 79.86 23.76 0
4 4 79.97 23.65 0 80.19 23.65 0 80.19 23.76 0 79.97 23.76 0
4 4 80.19 23.65 0 80.52 23.65 0 80.52 23.76 0 80.19 23.76 0
4 4 80.52 23.54 0 80.74 23.54 0 80.74 23.76 0 80.52 23.76 0
4 4 80.74 23.65 0 80.85 23.65 0 80.85 23.76 0 80.74 23.76 0
4 4 80.85 23.65 0 81.18 23.65 0 81.18 23.76 0 80.85 23.76 0
4 4 81.18 23.65 0 81.4 23.65 0 81.4 23.76 0 81.18 23.76 0
4 4 81.4 23.65 0 81.62 23.65 0 81.62 23.76 0 81.4 23.76 0
4 4 81.62 23.65 0 81.84 23.65 0 81.84 23.76 0 81.62 23.76 0
4 4 81.84 23.65 0 82.72 23.65 0 82.72 23.76 0 81.84 23.76 0
4 4 78.87 23.76 0 79.42 23.76 0 79.42 23.87 0 78.87 23.87 0
4 4 79.42 23.76 0 79.64 23.76 0 79.64 23.87 0 79.42 23.87 0
4 4 79.64 23.76 0 80.52 23.76 0 80.52 23.87 0 79.64 23.87 0
4 4 80.52 23.76 0 81.29 23.76 0 81.29 23.87 0 80.52 23.87 0
4 4 81.29 23.76 0 81.4 23.76 0 81.4 23.87 0 81.29 23.87 0
4 4 81.4 23.76 0 81.73 23.76 0 81.73 23.87 0 81.4 23.87 0
4 4 81.73 23.76 0 81.84 23.76 0 81.84 23.87 0 81.73 23.87 0
4 4 81.84 23.76 0 81.95 23.76 0 81.95 23.87 0 81.84 23.87 0
4 4 81.95 23.76 0 82.06 23.76 0 82.06 23.87 0 81.95 23.87 0
4 4 82.06 23.76 0 82.5 23.76 0 82.5 23.87 0 82.06 23.87 0
4 4 82.5 23.76 0 82.61 23.76 0 82.61 23.87 0 82.5 23.87 0
4 4 82.61 23.76 0 82.72 23.76 0 82.72 23.87 0 82.61 23.87 0
4 4 78.87 23.87 0 80.19 23.87 0 80.19 23.98 0 78.87 23.98 0
4 4 80.19 23.87 0 80.52 23.87 0 80.52 23.98 0 80.19 23.98 0
4 4 80.52 23.87 0 80.74 23.87 0 80.74 23.98 0 80.52 23.98 0
4 4 80.74 23.87 0 81.51 23.87 0 81.51 23.98 0 80.74 23.98 0
4 4 81.51 23.87 0 81.84 23.87 0 81.84 23.98 0 81.51 23.98 0
4 4 82.06 23.87 0 82.72 23.87 0 82.72 23.98 0 82.06 23.98 0
4 4 82.72 23.43 0 82.83 23.43 0 82.83 23.98 0 82.72 23.98 0
4 4 78.87 23.98 0 80.3 23.98 0 80.3 24.09 0 78.87 24.09 0
4 4 80.3 23.98 0 80.52 23.98 0 80.52 24.09 0 80.3 24.09 0
4 4 80.63 23.98 0 80.85 23.98 0 80.85 24.09 0 80.63 24.09 0
4 4 14.96 22.22 0 78.87 22.22 0 78.87 24.2 0 14.96 24.2 0
4 4 78.87 24.09 0 78.98 24.09 0 78.98 24.2 0 78.87 24.2 0
4 4 78.98 24.09 0 79.09 24.09 0 79.09 24.2 0 78.98 24.2 0
4 4 79.09 24.09 0 80.08 24.09 0 80.08 24.2 0 79.09 24.2 0
4 4 80.08 24.09 0 80.52 24.09 0 80.52 24.2 0 80.08 24.2 0
4 4 80.52 23.98 0 80.63 23.98 0 80.63 24.2 0 80.52 24.2 0
4 4 80.96 23.98 0 81.07 23.98 0 81.07 24.2 0 80.96 24.2 0
4 4 81.07 23.98 0 81.62 23.98 0 81.62 24.2 0 81.07 24.2 0
4 4 81.62 23.98 0 81.84 23.98 0 81.84 24.2 0 81.62 24.2 0
4 4 80.63 24.09 0 80.74 24.09 0 80.74 24.31 0 80.63 24.31 0
4 4 80.74 24.09 0 80.85 24.09 0 80.85 24.31 0 80.74 24.31 0
4 4 80.96 24.2 0 81.18 24.2 0 81.18 24.31 0 80.96 24.31 0
4 4 81.73 24.2 0 81.84 24.2 0 81.84 24.31 0 81.73 24.31 0
4 4 81.84 23.87 0 82.06 23.87 0 82.06 24.31 0 81.84 24.31 0
4 4 82.06 23.98 0 82.83 23.98 0 82.83 24.31 0 82.06 24.31 0
4 4 80.85 23.98 0 80.96 23.98 0 80.96 24.42 0 80.85 24.42 0
4 4 81.18 24.2 0 81.73 24.2 0 81.73 24.42 0 81.18 24.42 0
4 4 81.73 24.31 0 82.83 24.31 0 82.83 24.42 0 81.73 24.42 0
4 4 80.96 24.31 0 81.07 24.31 0 81.07 24.53 0 80.96 24.53 0
4 4 81.18 24.42 0 81.84 24.42 0 81.84 24.53 0 81.18 24.53 0
4 4 81.84 24.42 0 82.83 24.42 0 82.83 24.53 0 81.84 24.53 0
4 4 81.07 24.31 0 81.18 24.31 0 81.18 24.64 0 81.07 24.64 0
4 4 81.73 24.53 0 81.95 24.53 0 81.95 24.64 0 81.73 24.64 0
4 4 81.29 24.53 0 81.62 24.53 0 81.62 24.75 0 81.29 24.75 0
4 4 81.62 24.53 0 81.73 24.53 0 81.73 24.75 0 81.62 24.75 0
4 4 81.73 24.64 0 81.84 24.64 0 81.84 24.75 0 81.73 24.75 0
4 4 81.84 24.64 0 81.95 24.64 0 81.95 24.75 0 81.84 24.75 0
4 4 81.95 24.53 0 82.83 24.53 0 82.83 24.75 0 81.95 24.75 0
4 4 82.83 23.65 0 82.94 23.65 0 82.94 24.75 0 82.83 24.75 0
4 4 82.94 23.76 0 83.05 23.76 0 83.05 24.75 0 82.94 24.75 0
4 4 83.05 23.98 0 83.16 23.98 0 83.16 24.75 0 83.05 24.75 0
4 4 83.16 24.31 0 83.27 24.31 0 83.27 24.75 0 83.16 24.75 0
4 4 81.18 24.53 0 81.29 24.53 0 81.29 24.86 0 81.18 24.86 0
4 4 145.09 24.86 0 150.48 24.86 0 150.48 24.97 0 145.09 24.97 0
4 4 151.25 24.86 0 153.12 24.86 0 153.12 24.97 0 151.25 24.97 0
4 4 144.87 24.97 0 150.48 24.97 0 150.48 25.08 0 144.87 25.08 0
4 4 151.25 24.97 0 153.34 24.97 0 153.34 25.08 0 151.25 25.08 0
4 4 144.76 25.08 0 150.48 25.08 0 150.48 25.19 0 144.76 25.19 0
4 4 151.25 25.08 0 153.45 25.08 0 153.45 25.19 0 151.25 25.19 0
4 4 144.65 25.19 0 150.48 25.19 0 150.48 25.3 0 144.65 25.3 0
4 4 151.25 25.19 0 153.56 25.19 0 153.56 25.3 0 151.25 25.3 0
4 4 144.54 25.3 0 150.48 25.3 0 150.48 25.52 0 144.54 25.52 0
4 4 151.25 25.3 0 153.67 25.3 0 153.67 25.52 0 151.25 25.52 0
4 4 81.29 24.75 0 83.27 24.75 0 83.27 27.61 0 81.29 27.61 0
4 4 82.61 27.61 0 82.72 27.61 0 82.72 27.72 0 82.61 27.72 0
4 4 82.72 27.61 0 82.83 27.61 0 82.83 27.72 0 82.72 27.72 0
4 4 81.73 27.61 0 82.61 27.61 0 82.61 27.83 0 81.73 27.83 0
4 4 82.61 27.72 0 82.83 27.72 0 82.83 27.83 0 82.61 27.83 0
4 4 82.83 27.61 0 82.94 27.61 0 82.94 27.83 0 82.83 27.83 0
4 4 82.94 27.61 0 83.27 27.61 0 83.27 27.83 0 82.94 27.83 0
4 4 83.27 27.5 0 83.38 27.5 0 83.38 27.83 0 83.27 27.83 0
4 4 81.73 27.83 0 82.72 27.83 0 82.72 27.94 0 81.73 27.94 0
4 4 82.72 27.83 0 83.38 27.83 0 83.38 27.94 0 82.72 27.94 0
4 4 59.07 27.94 0 64.35 27.94 0 64.35 28.05 0 59.07 28.05 0
4 4 66.33 27.94 0 67.43 27.94 0 67.43 28.05 0 66.33 28.05 0
4 4 81.29 27.61 0 81.4 27.61 0 81.4 28.05 0 81.29 28.05 0
4 4 81.73 27.94 0 82.83 27.94 0 82.83 28.05 0 81.73 28.05 0
4 4 83.38 27.72 0 83.49 27.72 0 83.49 28.05 0 83.38 28.05 0
4 4 83.49 27.83 0 83.6 27.83 0 83.6 28.05 0 83.49 28.05 0
4 4 58.85 28.05 0 64.57 28.05 0 64.57 28.16 0 58.85 28.16 0
4 4 66.11 28.05 0 67.65 28.05 0 67.65 28.16 0 66.11 28.16 0
4 4 82.72 28.05 0 82.83 28.05 0 82.83 28.16 0 82.72 28.16 0
4 4 82.83 27.94 0 83.38 27.94 0 83.38 28.16 0 82.83 28.16 0
4 4 83.38 28.05 0 83.6 28.05 0 83.6 28.16 0 83.38 28.16 0
4 4 140.8 24.86 0 142.78 24.86 0 142.78 28.16 0 140.8 28.16 0
4 4 58.74 28.16 0 64.68 28.16 0 64.68 28.27 0 58.74 28.27 0
4 4 66 28.16 0 67.76 28.16 0 67.76 28.27 0 66 28.27 0
4 4 83.71 28.05 0 83.82 28.05 0 83.82 28.27 0 83.71 28.27 0
4 4 83.82 28.05 0 83.93 28.05 0 83.93 28.27 0 83.82 28.27 0
4 4 84.04 28.16 0 84.48 28.16 0 84.48 28.27 0 84.04 28.27 0
4 4 84.48 28.16 0 85.47 28.16 0 85.47 28.27 0 84.48 28.27 0
4 4 85.47 28.16 0 85.58 28.16 0 85.58 28.27 0 85.47 28.27 0
4 4 85.58 28.16 0 85.69 28.16 0 85.69 28.27 0 85.58 28.27 0
4 4 165 28.16 0 196.9 28.16 0 196.9 28.27 0 165 28.27 0
4 4 58.63 28.27 0 64.79 28.27 0 64.79 28.38 0 58.63 28.38 0
4 4 65.89 28.27 0 67.87 28.27 0 67.87 28.38 0 65.89 28.38 0
4 4 81.4 27.61 0 81.51 27.61 0 81.51 28.38 0 81.4 28.38 0
4 4 81.73 28.05 0 82.5 28.05 0 82.5 28.38 0 81.73 28.38 0
4 4 82.72 28.16 0 82.94 28.16 0 82.94 28.38 0 82.72 28.38 0
4 4 82.94 28.16 0 83.49 28.16 0 83.49 28.38 0 82.94 28.38 0
4 4 83.49 28.16 0 83.6 28.16 0 83.6 28.38 0 83.49 28.38 0
4 4 83.6 27.94 0 83.71 27.94 0 83.71 28.38 0 83.6 28.38 0
4 4 83.71 28.27 0 83.93 28.27 0 83.93 28.38 0 83.71 28.38 0
4 4 83.93 28.16 0 84.04 28.16 0 84.04 28.38 0 83.93 28.38 0
4 4 84.04 28.27 0 84.26 28.27 0 84.26 28.38 0 84.04 28.38 0
4 4 84.26 28.27 0 85.69 28.27 0 85.69 28.38 0 84.26 28.38 0
4 4 164.34 28.27 0 196.9 28.27 0 196.9 28.38 0 164.34 28.38 0
4 4 81.84 28.38 0 82.5 28.38 0 82.5 28.49 0 81.84 28.49 0
4 4 82.5 28.05 0 82.72 28.05 0 82.72 28.49 0 82.5 28.49 0
4 4 82.72 28.38 0 83.05 28.38 0 83.05 28.49 0 82.72 28.49 0
4 4 83.05 28.38 0 83.82 28.38 0 83.82 28.49 0 83.05 28.49 0
4 4 83.82 28.38 0 84.04 28.38 0 84.04 28.49 0 83.82 28.49 0
4 4 84.04 28.38 0 84.37 28.38 0 84.37 28.49 0 84.04 28.49 0
4 4 84.37 28.38 0 85.69 28.38 0 85.69 28.49 0 84.37 28.49 0
4 4 164.01 28.38 0 196.9 28.38 0 196.9 28.49 0 164.01 28.49 0
4 4 58.52 28.38 0 64.9 28.38 0 64.9 28.6 0 58.52 28.6 0
4 4 65.78 28.38 0 67.98 28.38 0 67.98 28.6 0 65.78 28.6 0
4 4 81.51 27.61 0 81.62 27.61 0 81.62 28.6 0 81.51 28.6 0
4 4 81.84 28.49 0 81.95 28.49 0 81.95 28.6 0 81.84 28.6 0
4 4 81.95 28.49 0 82.06 28.49 0 82.06 28.6 0 81.95 28.6 0
4 4 82.06 28.49 0 82.5 28.49 0 82.5 28.6 0 82.06 28.6 0
4 4 82.5 28.49 0 82.61 28.49 0 82.61 28.6 0 82.5 28.6 0
4 4 82.61 28.49 0 82.72 28.49 0 82.72 28.6 0 82.61 28.6 0
4 4 82.72 28.49 0 82.83 28.49 0 82.83 28.6 0 82.72 28.6 0
4 4 82.83 28.49 0 83.16 28.49 0 83.16 28.6 0 82.83 28.6 0
4 4 83.16 28.49 0 83.27 28.49 0 83.27 28.6 0 83.16 28.6 0
4 4 83.27 28.49 0 84.04 28.49 0 84.04 28.6 0 83.27 28.6 0
4 4 84.04 28.49 0 84.92 28.49 0 84.92 28.6 0 84.04 28.6 0
4 4 84.92 28.49 0 85.14 28.49 0 85.14 28.6 0 84.92 28.6 0
4 4 85.14 28.49 0 85.69 28.49 0 85.69 28.6 0 85.14 28.6 0
4 4 163.68 28.49 0 196.9 28.49 0 196.9 28.6 0 163.68 28.6 0
4 4 81.62 27.61 0 81.73 27.61 0 81.73 28.71 0 81.62 28.71 0
4 4 81.84 28.6 0 82.72 28.6 0 82.72 28.71 0 81.84 28.71 0
4 4 82.72 28.6 0 82.94 28.6 0 82.94 28.71 0 82.72 28.71 0
4 4 82.94 28.6 0 83.16 28.6 0 83.16 28.71 0 82.94 28.71 0
4 4 83.16 28.6 0 83.38 28.6 0 83.38 28.71 0 83.16 28.71 0
4 4 83.38 28.6 0 83.71 28.6 0 83.71 28.71 0 83.38 28.71 0
4 4 83.71 28.6 0 83.82 28.6 0 83.82 28.71 0 83.71 28.71 0
4 4 84.04 28.6 0 84.37 28.6 0 84.37 28.71 0 84.04 28.71 0
4 4 84.37 28.6 0 84.59 28.6 0 84.59 28.71 0 84.37 28.71 0
4 4 84.59 28.6 0 84.7 28.6 0 84.7 28.71 0 84.59 28.71 0
4 4 84.7 28.6 0 84.81 28.6 0 84.81 28.71 0 84.7 28.71 0
4 4 84.81 28.6 0 85.14 28.6 0 85.14 28.71 0 84.81 28.71 0
4 4 85.14 28.6 0 85.36 28.6 0 85.36 28.71 0 85.14 28.71 0
4 4 85.36 28.6 0 85.58 28.6 0 85.58 28.71 0 85.36 28.71 0
4 4 85.58 28.6 0 85.69 28.6 0 85.69 28.71 0 85.58 28.71 0
4 4 163.35 28.6 0 196.9 28.6 0 196.9 28.71 0 163.35 28.71 0
4 4 81.84 28.71 0 82.61 28.71 0 82.61 28.82 0 81.84 28.82 0
4 4 82.61 28.71 0 82.83 28.71 0 82.83 28.82 0 82.61 28.82 0
4 4 82.83 28.71 0 83.6 28.71 0 83.6 28.82 0 82.83 28.82 0
4 4 83.6 28.71 0 83.82 28.71 0 83.82 28.82 0 83.6 28.82 0
4 4 83.82 28.6 0 84.04 28.6 0 84.04 28.82 0 83.82 28.82 0
4 4 84.04 28.71 0 85.69 28.71 0 85.69 28.82 0 84.04 28.82 0
4 4 163.13 28.71 0 196.9 28.71 0 196.9 28.82 0 163.13 28.82 0
4 4 81.73 28.38 0 81.84 28.38 0 81.84 28.93 0 81.73 28.93 0
4 4 81.95 28.82 0 82.83 28.82 0 82.83 28.93 0 81.95 28.93 0
4 4 82.83 28.82 0 82.94 28.82 0 82.94 28.93 0 82.83 28.93 0
4 4 82.94 28.82 0 83.49 28.82 0 83.49 28.93 0 82.94 28.93 0
4 4 83.49 28.82 0 83.6 28.82 0 83.6 28.93 0 83.49 28.93 0
4 4 83.6 28.82 0 83.93 28.82 0 83.93 28.93 0 83.6 28.93 0
4 4 83.93 28.82 0 85.69 28.82 0 85.69 28.93 0 83.93 28.93 0
4 4 162.91 28.82 0 196.9 28.82 0 196.9 28.93 0 162.91 28.93 0
4 4 81.84 28.82 0 81.95 28.82 0 81.95 29.04 0 81.84 29.04 0
4 4 81.95 28.93 0 82.61 28.93 0 82.61 29.04 0 81.95 29.04 0
4 4 82.61 28.93 0 83.05 28.93 0 83.05 29.04 0 82.61 29.04 0
4 4 83.05 28.93 0 83.49 28.93 0 83.49 29.04 0 83.05 29.04 0
4 4 83.49 28.93 0 83.71 28.93 0 83.71 29.04 0 83.49 29.04 0
4 4 83.93 28.93 0 84.48 28.93 0 84.48 29.04 0 83.93 29.04 0
4 4 84.48 28.93 0 84.92 28.93 0 84.92 29.04 0 84.48 29.04 0
4 4 84.92 28.93 0 85.69 28.93 0 85.69 29.04 0 84.92 29.04 0
4 4 162.58 28.93 0 196.9 28.93 0 196.9 29.04 0 162.58 29.04 0
4 4 82.06 29.04 0 82.94 29.04 0 82.94 29.15 0 82.06 29.15 0
4 4 82.94 29.04 0 83.27 29.04 0 83.27 29.15 0 82.94 29.15 0
4 4 83.27 29.04 0 83.38 29.04 0 83.38 29.15 0 83.27 29.15 0
4 4 83.38 29.04 0 83.71 29.04 0 83.71 29.15 0 83.38 29.15 0
4 4 83.71 28.93 0 83.93 28.93 0 83.93 29.15 0 83.71 29.15 0
4 4 83.93 29.04 0 84.37 29.04 0 84.37 29.15 0 83.93 29.15 0
4 4 84.37 29.04 0 84.92 29.04 0 84.92 29.15 0 84.37 29.15 0
4 4 84.92 29.04 0 85.58 29.04 0 85.58 29.15 0 84.92 29.15 0
4 4 162.36 29.04 0 196.9 29.04 0 196.9 29.15 0 162.36 29.15 0
4 4 81.95 29.04 0 82.06 29.04 0 82.06 29.26 0 81.95 29.26 0
4 4 82.17 29.15 0 82.94 29.15 0 82.94 29.26 0 82.17 29.26 0
4 4 82.94 29.15 0 83.38 29.15 0 83.38 29.26 0 82.94 29.26 0
4 4 83.38 29.15 0 83.49 29.15 0 83.49 29.26 0 83.38 29.26 0
4 4 83.6 29.15 0 83.71 29.15 0 83.71 29.26 0 83.6 29.26 0
4 4 83.71 29.15 0 83.82 29.15 0 83.82 29.26 0 83.71 29.26 0
4 4 83.82 29.15 0 84.26 29.15 0 84.26 29.26 0 83.82 29.26 0
4 4 84.26 29.15 0 84.48 29.15 0 84.48 29.26 0 84.26 29.26 0
4 4 84.48 29.15 0 85.47 29.15 0 85.47 29.26 0 84.48 29.26 0
4 4 85.47 29.15 0 85.58 29.15 0 85.58 29.26 0 85.47 29.26 0
4 4 162.25 29.15 0 196.9 29.15 0 196.9 29.26 0 162.25 29.26 0
4 4 82.06 29.15 0 82.17 29.15 0 82.17 29.37 0 82.06 29.37 0
4 4 82.17 29.26 0 82.5 29.26 0 82.5 29.37 0 82.17 29.37 0
4 4 82.61 29.26 0 82.83 29.26 0 82.83 29.37 0 82.61 29.37 0
4 4 82.83 29.26 0 82.94 29.26 0 82.94 29.37 0 82.83 29.37 0
4 4 82.94 29.26 0 83.05 29.26 0 83.05 29.37 0 82.94 29.37 0
4 4 83.05 29.26 0 83.49 29.26 0 83.49 29.37 0 83.05 29.37 0
4 4 83.6 29.26 0 83.93 29.26 0 83.93 29.37 0 83.6 29.37 0
4 4 84.37 29.26 0 85.25 29.26 0 85.25 29.37 0 84.37 29.37 0
4 4 85.25 29.26 0 85.36 29.26 0 85.36 29.37 0 85.25 29.37 0
4 4 162.03 29.26 0 196.9 29.26 0 196.9 29.37 0 162.03 29.37 0
4 4 82.17 29.37 0 82.28 29.37 0 82.28 29.48 0 82.17 29.48 0
4 4 82.28 29.37 0 82.5 29.37 0 82.5 29.48 0 82.28 29.48 0
4 4 82.5 29.26 0 82.61 29.26 0 82.61 29.48 0 82.5 29.48 0
4 4 82.61 29.37 0 83.05 29.37 0 83.05 29.48 0 82.61 29.48 0
4 4 83.05 29.37 0 83.16 29.37 0 83.16 29.48 0 83.05 29.48 0
4 4 83.16 29.37 0 83.49 29.37 0 83.49 29.48 0 83.16 29.48 0
4 4 83.6 29.37 0 83.71 29.37 0 83.71 29.48 0 83.6 29.48 0
4 4 83.71 29.37 0 83.93 29.37 0 83.93 29.48 0 83.71 29.48 0
4 4 83.93 29.26 0 84.37 29.26 0 84.37 29.48 0 83.93 29.48 0
4 4 84.37 29.37 0 84.59 29.37 0 84.59 29.48 0 84.37 29.48 0
4 4 84.59 29.37 0 84.81 29.37 0 84.81 29.48 0 84.59 29.48 0
4 4 84.81 29.37 0 84.92 29.37 0 84.92 29.48 0 84.81 29.48 0
4 4 84.92 29.37 0 85.14 29.37 0 85.14 29.48 0 84.92 29.48 0
4 4 85.14 29.37 0 85.36 29.37 0 85.36 29.48 0 85.14 29.48 0
4 4 85.36 29.26 0 85.58 29.26 0 85.58 29.48 0 85.36 29.48 0
4 4 85.58 29.04 0 85.69 29.04 0 85.69 29.48 0 85.58 29.48 0
4 4 161.81 29.37 0 196.9 29.37 0 196.9 29.48 0 161.81 29.48 0
4 4 82.39 29.48 0 82.5 29.48 0 82.5 29.59 0 82.39 29.59 0
4 4 82.5 29.48 0 83.49 29.48 0 83.49 29.59 0 82.5 29.59 0
4 4 83.49 29.15 0 83.6 29.15 0 83.6 29.59 0 83.49 29.59 0
4 4 83.6 29.48 0 83.93 29.48 0 83.93 29.59 0 83.6 29.59 0
4 4 83.93 29.48 0 84.04 29.48 0 84.04 29.59 0 83.93 29.59 0
4 4 84.04 29.48 0 84.15 29.48 0 84.15 29.59 0 84.04 29.59 0
4 4 84.15 29.48 0 84.26 29.48 0 84.26 29.59 0 84.15 29.59 0
4 4 84.26 29.48 0 84.48 29.48 0 84.48 29.59 0 84.26 29.59 0
4 4 84.48 29.48 0 84.59 29.48 0 84.59 29.59 0 84.48 29.59 0
4 4 84.59 29.48 0 85.03 29.48 0 85.03 29.59 0 84.59 29.59 0
4 4 85.03 29.48 0 85.25 29.48 0 85.25 29.59 0 85.03 29.59 0
4 4 85.25 29.48 0 85.36 29.48 0 85.36 29.59 0 85.25 29.59 0
4 4 85.36 29.48 0 85.69 29.48 0 85.69 29.59 0 85.36 29.59 0
4 4 144.43 25.52 0 150.48 25.52 0 150.48 29.59 0 144.43 29.59 0
4 4 151.25 25.52 0 153.78 25.52 0 153.78 29.59 0 151.25 29.59 0
4 4 161.7 29.48 0 196.9 29.48 0 196.9 29.59 0 161.7 29.59 0
4 4 82.5 29.59 0 82.61 29.59 0 82.61 29.7 0 82.5 29.7 0
4 4 82.61 29.59 0 82.72 29.59 0 82.72 29.7 0 82.61 29.7 0
4 4 82.83 29.59 0 83.6 29.59 0 83.6 29.7 0 82.83 29.7 0
4 4 83.6 29.59 0 84.04 29.59 0 84.04 29.7 0 83.6 29.7 0
4 4 84.04 29.59 0 84.37 29.59 0 84.37 29.7 0 84.04 29.7 0
4 4 84.37 29.59 0 84.7 29.59 0 84.7 29.7 0 84.37 29.7 0
4 4 84.7 29.59 0 84.92 29.59 0 84.92 29.7 0 84.7 29.7 0
4 4 84.92 29.59 0 85.69 29.59 0 85.69 29.7 0 84.92 29.7 0
4 4 161.59 29.59 0 196.9 29.59 0 196.9 29.7 0 161.59 29.7 0
4 4 82.72 29.59 0 82.83 29.59 0 82.83 29.81 0 82.72 29.81 0
4 4 82.83 29.7 0 82.94 29.7 0 82.94 29.81 0 82.83 29.81 0
4 4 82.94 29.7 0 83.16 29.7 0 83.16 29.81 0 82.94 29.81 0
4 4 83.16 29.7 0 84.04 29.7 0 84.04 29.81 0 83.16 29.81 0
4 4 84.04 29.7 0 84.26 29.7 0 84.26 29.81 0 84.04 29.81 0
4 4 84.26 29.7 0 84.7 29.7 0 84.7 29.81 0 84.26 29.81 0
4 4 84.7 29.7 0 84.81 29.7 0 84.81 29.81 0 84.7 29.81 0
4 4 84.81 29.7 0 85.58 29.7 0 85.58 29.81 0 84.81 29.81 0
4 4 85.58 29.7 0 85.69 29.7 0 85.69 29.81 0 85.58 29.81 0
4 4 144.54 29.59 0 150.48 29.59 0 150.48 29.81 0 144.54 29.81 0
4 4 151.25 29.59 0 153.67 29.59 0 153.67 29.81 0 151.25 29.81 0
4 4 161.37 29.7 0 196.9 29.7 0 196.9 29.81 0 161.37 29.81 0
4 4 82.94 29.81 0 83.05 29.81 0 83.05 29.92 0 82.94 29.92 0
4 4 83.05 29.81 0 83.16 29.81 0 83.16 29.92 0 83.05 29.92 0
4 4 83.16 29.81 0 84.15 29.81 0 84.15 29.92 0 83.16 29.92 0
4 4 84.15 29.81 0 84.26 29.81 0 84.26 29.92 0 84.15 29.92 0
4 4 84.26 29.81 0 85.47 29.81 0 85.47 29.92 0 84.26 29.92 0
4 4 85.47 29.81 0 85.69 29.81 0 85.69 29.92 0 85.47 29.92 0
4 4 144.65 29.81 0 150.48 29.81 0 150.48 29.92 0 144.65 29.92 0
4 4 151.25 29.81 0 153.56 29.81 0 153.56 29.92 0 151.25 29.92 0
4 4 161.26 29.81 0 196.9 29.81 0 196.9 29.92 0 161.26 29.92 0
4 4 83.16 29.92 0 83.27 29.92 0 83.27 30.03 0 83.16 30.03 0
4 4 83.27 29.92 0 85.69 29.92 0 85.69 30.03 0 83.27 30.03 0
4 4 144.76 29.92 0 150.48 29.92 0 150.48 30.03 0 144.76 30.03 0
4 4 151.25 29.92 0 153.45 29.92 0 153.45 30.03 0 151.25 30.03 0
4 4 161.15 29.92 0 196.9 29.92 0 196.9 30.03 0 161.15 30.03 0
4 4 83.49 30.03 0 83.6 30.03 0 83.6 30.14 0 83.49 30.14 0
4 4 83.6 30.03 0 85.69 30.03 0 85.69 30.14 0 83.6 30.14 0
4 4 85.69 28.16 0 142.78 28.16 0 142.78 30.14 0 85.69 30.14 0
4 4 144.87 30.03 0 150.48 30.03 0 150.48 30.14 0 144.87 30.14 0
4 4 151.25 30.03 0 153.34 30.03 0 153.34 30.14 0 151.25 30.14 0
4 4 161.04 30.03 0 196.9 30.03 0 196.9 30.14 0 161.04 30.14 0
4 4 145.09 30.14 0 150.48 30.14 0 150.48 30.25 0 145.09 30.25 0
4 4 151.25 30.14 0 153.12 30.14 0 153.12 30.25 0 151.25 30.25 0
4 4 160.93 30.14 0 165.44 30.14 0 165.44 30.25 0 160.93 30.25 0
4 4 160.71 30.25 0 164.67 30.25 0 164.67 30.36 0 160.71 30.36 0
4 4 27.28 28.82 0 34.76 28.82 0 34.76 30.47 0 27.28 30.47 0
4 4 160.49 30.36 0 164.34 30.36 0 164.34 30.47 0 160.49 30.47 0
4 4 160.38 30.47 0 164.12 30.47 0 164.12 30.58 0 160.38 30.58 0
4 4 160.16 30.58 0 163.9 30.58 0 163.9 30.69 0 160.16 30.69 0
4 4 160.05 30.69 0 163.68 30.69 0 163.68 30.8 0 160.05 30.8 0
4 4 159.83 30.8 0 163.46 30.8 0 163.46 30.91 0 159.83 30.91 0
4 4 159.61 30.91 0 163.24 30.91 0 163.24 31.02 0 159.61 31.02 0
4 4 159.39 31.02 0 163.13 31.02 0 163.13 31.13 0 159.39 31.13 0
4 4 159.17 31.13 0 162.91 31.13 0 162.91 31.24 0 159.17 31.24 0
4 4 158.95 31.24 0 162.8 31.24 0 162.8 31.35 0 158.95 31.35 0
4 4 158.62 31.35 0 162.69 31.35 0 162.69 31.46 0 158.62 31.46 0
4 4 58.41 28.6 0 65.01 28.6 0 65.01 31.57 0 58.41 31.57 0
4 4 65.67 28.6 0 68.09 28.6 0 68.09 31.57 0 65.67 31.57 0
4 4 140.8 30.14 0 142.78 30.14 0 142.78 31.57 0 140.8 31.57 0
4 4 157.85 31.46 0 162.47 31.46 0 162.47 31.57 0 157.85 31.57 0
4 4 140.8 31.57 0 162.36 31.57 0 162.36 31.68 0 140.8 31.68 0
4 4 58.52 31.57 0 64.9 31.57 0 64.9 31.79 0 58.52 31.79 0
4 4 65.78 31.57 0 67.98 31.57 0 67.98 31.79 0 65.78 31.79 0
4 4 140.8 31.68 0 162.14 31.68 0 162.14 31.79 0 140.8 31.79 0
4 4 58.63 31.79 0 64.79 31.79 0 64.79 31.9 0 58.63 31.9 0
4 4 65.89 31.79 0 67.87 31.79 0 67.87 31.9 0 65.89 31.9 0
4 4 140.8 31.79 0 162.03 31.79 0 162.03 31.9 0 140.8 31.9 0
4 4 58.74 31.9 0 64.68 31.9 0 64.68 32.01 0 58.74 32.01 0
4 4 66 31.9 0 67.76 31.9 0 67.76 32.01 0 66 32.01 0
4 4 140.8 31.9 0 161.92 31.9 0 161.92 32.01 0 140.8 32.01 0
4 4 58.85 32.01 0 64.57 32.01 0 64.57 32.12 0 58.85 32.12 0
4 4 66.11 32.01 0 67.65 32.01 0 67.65 32.12 0 66.11 32.12 0
4 4 140.8 32.01 0 161.81 32.01 0 161.81 32.12 0 140.8 32.12 0
4 4 59.07 32.12 0 64.35 32.12 0 64.35 32.23 0 59.07 32.23 0
4 4 66.33 32.12 0 67.43 32.12 0 67.43 32.23 0 66.33 32.23 0
4 4 140.8 32.12 0 161.59 32.12 0 161.59 32.23 0 140.8 32.23 0
4 4 140.8 32.23 0 161.37 32.23 0 161.37 32.34 0 140.8 32.34 0
4 4 140.8 32.34 0 161.26 32.34 0 161.26 32.45 0 140.8 32.45 0
4 4 140.8 32.45 0 161.04 32.45 0 161.04 32.56 0 140.8 32.56 0
4 4 140.8 32.56 0 160.93 32.56 0 160.93 32.67 0 140.8 32.67 0
4 4 140.8 32.67 0 160.71 32.67 0 160.71 32.78 0 140.8 32.78 0
4 4 140.8 32.78 0 160.38 32.78 0 160.38 32.89 0 140.8 32.89 0
4 4 140.8 32.89 0 160.16 32.89 0 160.16 33 0 140.8 33 0
4 4 140.8 33 0 159.94 33 0 159.94 33.11 0 140.8 33.11 0
4 4 140.8 33.11 0 159.61 33.11 0 159.61 33.22 0 140.8 33.22 0
4 4 140.8 33.22 0 159.28 33.22 0 159.28 33.33 0 140.8 33.33 0
4 4 140.8 33.33 0 158.95 33.33 0 158.95 33.44 0 140.8 33.44 0
4 4 140.8 33.44 0 158.29 33.44 0 158.29 33.55 0 140.8 33.55 0
0
