0 Etiqueta Discos Pequeños
0 Name: p_perdis.dat
0 Author: svlopez
0 BFC CERTIFY CW
4 15 0 0 0 33.77 0 0 33.77 0.11 0 0 0.11 0
4 15 33.77 0 0 33.99 0 0 33.99 0.11 0 33.77 0.11 0
4 15 33.99 0 0 36.85 0 0 36.85 0.11 0 33.99 0.11 0
4 15 0 0.11 0 36.85 0.11 0 36.85 0.66 0 0 0.66 0
4 15 0 0.66 0 9.46 0.66 0 9.46 0.77 0 0 0.77 0
4 16 9.46 0.66 0 11.66 0.66 0 11.66 0.77 0 9.46 0.77 0
4 15 11.66 0.66 0 15.73 0.66 0 15.73 0.77 0 11.66 0.77 0
4 15 15.73 0.66 0 15.84 0.66 0 15.84 0.77 0 15.73 0.77 0
4 15 15.84 0.66 0 25.74 0.66 0 25.74 0.77 0 15.84 0.77 0
4 16 25.74 0.66 0 27.94 0.66 0 27.94 0.77 0 25.74 0.77 0
4 15 27.94 0.66 0 36.85 0.66 0 36.85 0.77 0 27.94 0.77 0
4 15 0 0.77 0 8.91 0.77 0 8.91 0.88 0 0 0.88 0
4 16 8.91 0.77 0 12.32 0.77 0 12.32 0.88 0 8.91 0.88 0
4 15 12.32 0.77 0 15.95 0.77 0 15.95 0.88 0 12.32 0.88 0
4 15 15.95 0.77 0 16.06 0.77 0 16.06 0.88 0 15.95 0.88 0
4 15 16.28 0.77 0 16.5 0.77 0 16.5 0.88 0 16.28 0.88 0
4 15 16.5 0.77 0 25.19 0.77 0 25.19 0.88 0 16.5 0.88 0
4 16 25.19 0.77 0 28.6 0.77 0 28.6 0.88 0 25.19 0.88 0
4 15 28.6 0.77 0 36.85 0.77 0 36.85 0.88 0 28.6 0.88 0
4 15 0 0.88 0 8.58 0.88 0 8.58 0.99 0 0 0.99 0
4 16 8.58 0.88 0 12.65 0.88 0 12.65 0.99 0 8.58 0.99 0
4 15 12.65 0.88 0 16.06 0.88 0 16.06 0.99 0 12.65 0.99 0
4 15 16.06 0.77 0 16.17 0.77 0 16.17 0.99 0 16.06 0.99 0
4 15 16.17 0.77 0 16.28 0.77 0 16.28 0.99 0 16.17 0.99 0
4 15 16.61 0.88 0 24.86 0.88 0 24.86 0.99 0 16.61 0.99 0
4 16 24.86 0.88 0 28.93 0.88 0 28.93 0.99 0 24.86 0.99 0
4 15 28.93 0.88 0 36.85 0.88 0 36.85 0.99 0 28.93 0.99 0
4 15 0 0.99 0 8.25 0.99 0 8.25 1.1 0 0 1.1 0
4 16 8.25 0.99 0 12.98 0.99 0 12.98 1.1 0 8.25 1.1 0
4 15 12.98 0.99 0 16.28 0.99 0 16.28 1.1 0 12.98 1.1 0
4 15 16.28 0.88 0 16.61 0.88 0 16.61 1.1 0 16.28 1.1 0
4 15 16.61 0.99 0 16.72 0.99 0 16.72 1.1 0 16.61 1.1 0
4 15 16.72 0.99 0 24.53 0.99 0 24.53 1.1 0 16.72 1.1 0
4 16 24.53 0.99 0 29.26 0.99 0 29.26 1.1 0 24.53 1.1 0
4 15 29.26 0.99 0 36.85 0.99 0 36.85 1.1 0 29.26 1.1 0
4 15 0 1.1 0 7.92 1.1 0 7.92 1.21 0 0 1.21 0
4 16 7.92 1.1 0 13.31 1.1 0 13.31 1.21 0 7.92 1.21 0
4 15 13.31 1.1 0 16.39 1.1 0 16.39 1.21 0 13.31 1.21 0
4 15 16.39 1.1 0 16.72 1.1 0 16.72 1.21 0 16.39 1.21 0
4 15 16.72 1.1 0 24.2 1.1 0 24.2 1.21 0 16.72 1.21 0
4 16 24.2 1.1 0 29.59 1.1 0 29.59 1.21 0 24.2 1.21 0
4 15 29.59 1.1 0 36.85 1.1 0 36.85 1.21 0 29.59 1.21 0
4 15 0 1.21 0 7.7 1.21 0 7.7 1.32 0 0 1.32 0
4 16 7.7 1.21 0 13.53 1.21 0 13.53 1.32 0 7.7 1.32 0
4 15 13.53 1.21 0 16.5 1.21 0 16.5 1.32 0 13.53 1.32 0
4 15 16.5 1.21 0 16.61 1.21 0 16.61 1.32 0 16.5 1.32 0
4 15 16.61 1.21 0 16.72 1.21 0 16.72 1.32 0 16.61 1.32 0
4 15 16.72 1.21 0 16.83 1.21 0 16.83 1.32 0 16.72 1.32 0
4 15 16.83 1.21 0 23.98 1.21 0 23.98 1.32 0 16.83 1.32 0
4 16 23.98 1.21 0 29.81 1.21 0 29.81 1.32 0 23.98 1.32 0
4 15 29.81 1.21 0 36.85 1.21 0 36.85 1.32 0 29.81 1.32 0
4 15 0 1.32 0 7.48 1.32 0 7.48 1.43 0 0 1.43 0
4 16 7.48 1.32 0 13.75 1.32 0 13.75 1.43 0 7.48 1.43 0
4 15 13.75 1.32 0 16.72 1.32 0 16.72 1.43 0 13.75 1.43 0
4 15 16.72 1.32 0 16.94 1.32 0 16.94 1.43 0 16.72 1.43 0
4 15 16.94 1.32 0 23.76 1.32 0 23.76 1.43 0 16.94 1.43 0
4 16 23.76 1.32 0 30.03 1.32 0 30.03 1.43 0 23.76 1.43 0
4 15 30.03 1.32 0 36.85 1.32 0 36.85 1.43 0 30.03 1.43 0
4 15 0 1.43 0 7.26 1.43 0 7.26 1.54 0 0 1.54 0
4 16 7.26 1.43 0 13.97 1.43 0 13.97 1.54 0 7.26 1.54 0
4 15 13.97 1.43 0 16.83 1.43 0 16.83 1.54 0 13.97 1.54 0
4 15 16.83 1.43 0 16.94 1.43 0 16.94 1.54 0 16.83 1.54 0
4 15 16.94 1.43 0 17.05 1.43 0 17.05 1.54 0 16.94 1.54 0
4 15 17.05 1.43 0 23.54 1.43 0 23.54 1.54 0 17.05 1.54 0
4 16 23.54 1.43 0 30.25 1.43 0 30.25 1.54 0 23.54 1.54 0
4 15 30.25 1.43 0 36.85 1.43 0 36.85 1.54 0 30.25 1.54 0
4 15 0 1.54 0 7.04 1.54 0 7.04 1.65 0 0 1.65 0
4 16 7.04 1.54 0 14.19 1.54 0 14.19 1.65 0 7.04 1.65 0
4 15 14.19 1.54 0 16.94 1.54 0 16.94 1.65 0 14.19 1.65 0
4 15 16.94 1.54 0 17.16 1.54 0 17.16 1.65 0 16.94 1.65 0
4 15 17.16 1.54 0 23.32 1.54 0 23.32 1.65 0 17.16 1.65 0
4 16 23.32 1.54 0 30.47 1.54 0 30.47 1.65 0 23.32 1.65 0
4 15 30.47 1.54 0 36.85 1.54 0 36.85 1.65 0 30.47 1.65 0
4 15 0 1.65 0 6.82 1.65 0 6.82 1.76 0 0 1.76 0
4 16 6.82 1.65 0 14.41 1.65 0 14.41 1.76 0 6.82 1.76 0
4 15 14.41 1.65 0 17.05 1.65 0 17.05 1.76 0 14.41 1.76 0
4 15 17.05 1.65 0 17.16 1.65 0 17.16 1.76 0 17.05 1.76 0
4 15 17.16 1.65 0 23.1 1.65 0 23.1 1.76 0 17.16 1.76 0
4 16 23.1 1.65 0 30.69 1.65 0 30.69 1.76 0 23.1 1.76 0
4 15 30.69 1.65 0 36.85 1.65 0 36.85 1.76 0 30.69 1.76 0
4 15 0 1.76 0 6.71 1.76 0 6.71 1.87 0 0 1.87 0
4 16 6.71 1.76 0 14.52 1.76 0 14.52 1.87 0 6.71 1.87 0
4 15 14.52 1.76 0 17.16 1.76 0 17.16 1.87 0 14.52 1.87 0
4 15 17.16 1.76 0 17.27 1.76 0 17.27 1.87 0 17.16 1.87 0
4 15 17.27 1.76 0 22.99 1.76 0 22.99 1.87 0 17.27 1.87 0
4 16 22.99 1.76 0 30.8 1.76 0 30.8 1.87 0 22.99 1.87 0
4 15 30.8 1.76 0 36.85 1.76 0 36.85 1.87 0 30.8 1.87 0
4 15 0 1.87 0 6.6 1.87 0 6.6 1.98 0 0 1.98 0
4 16 6.6 1.87 0 14.63 1.87 0 14.63 1.98 0 6.6 1.98 0
4 15 14.63 1.87 0 22.88 1.87 0 22.88 1.98 0 14.63 1.98 0
4 16 22.88 1.87 0 27.94 1.87 0 27.94 1.98 0 22.88 1.98 0
4 16 27.94 1.87 0 28.05 1.87 0 28.05 1.98 0 27.94 1.98 0
4 16 28.05 1.87 0 28.16 1.87 0 28.16 1.98 0 28.05 1.98 0
4 16 28.16 1.87 0 28.27 1.87 0 28.27 1.98 0 28.16 1.98 0
4 16 28.27 1.87 0 30.91 1.87 0 30.91 1.98 0 28.27 1.98 0
4 15 30.91 1.87 0 36.85 1.87 0 36.85 1.98 0 30.91 1.98 0
4 15 0 1.98 0 6.38 1.98 0 6.38 2.09 0 0 2.09 0
4 16 6.38 1.98 0 14.85 1.98 0 14.85 2.09 0 6.38 2.09 0
4 15 14.85 1.98 0 22.66 1.98 0 22.66 2.09 0 14.85 2.09 0
4 16 22.66 1.98 0 31.13 1.98 0 31.13 2.09 0 22.66 2.09 0
4 15 31.13 1.98 0 36.85 1.98 0 36.85 2.09 0 31.13 2.09 0
4 15 0 2.09 0 6.27 2.09 0 6.27 2.2 0 0 2.2 0
4 16 6.27 2.09 0 14.96 2.09 0 14.96 2.2 0 6.27 2.2 0
4 15 14.96 2.09 0 22.55 2.09 0 22.55 2.2 0 14.96 2.2 0
4 16 22.55 2.09 0 28.05 2.09 0 28.05 2.2 0 22.55 2.2 0
4 0 28.05 2.09 0 28.16 2.09 0 28.16 2.2 0 28.05 2.2 0
4 16 28.16 2.09 0 31.24 2.09 0 31.24 2.2 0 28.16 2.2 0
4 15 31.24 2.09 0 36.85 2.09 0 36.85 2.2 0 31.24 2.2 0
4 15 0 2.2 0 6.16 2.2 0 6.16 2.31 0 0 2.31 0
4 16 6.16 2.2 0 15.07 2.2 0 15.07 2.31 0 6.16 2.31 0
4 15 15.07 2.2 0 22.44 2.2 0 22.44 2.31 0 15.07 2.31 0
4 16 22.44 2.2 0 28.05 2.2 0 28.05 2.31 0 22.44 2.31 0
4 0 28.05 2.2 0 28.38 2.2 0 28.38 2.31 0 28.05 2.31 0
4 16 28.38 2.2 0 31.35 2.2 0 31.35 2.31 0 28.38 2.31 0
4 15 31.35 2.2 0 36.85 2.2 0 36.85 2.31 0 31.35 2.31 0
4 15 0 2.31 0 2.2 2.31 0 2.2 2.42 0 0 2.42 0
4 15 2.2 2.31 0 2.31 2.31 0 2.31 2.42 0 2.2 2.42 0
4 15 2.31 2.31 0 6.05 2.31 0 6.05 2.42 0 2.31 2.42 0
4 16 6.05 2.31 0 15.18 2.31 0 15.18 2.42 0 6.05 2.42 0
4 15 15.18 2.31 0 22.33 2.31 0 22.33 2.42 0 15.18 2.42 0
4 16 22.33 2.31 0 28.05 2.31 0 28.05 2.42 0 22.33 2.42 0
4 0 28.05 2.31 0 28.6 2.31 0 28.6 2.42 0 28.05 2.42 0
4 16 28.6 2.31 0 31.46 2.31 0 31.46 2.42 0 28.6 2.42 0
4 15 31.46 2.31 0 36.85 2.31 0 36.85 2.42 0 31.46 2.42 0
4 15 0 2.42 0 2.09 2.42 0 2.09 2.53 0 0 2.53 0
4 15 2.09 2.42 0 2.2 2.42 0 2.2 2.53 0 2.09 2.53 0
4 15 2.2 2.42 0 5.94 2.42 0 5.94 2.53 0 2.2 2.53 0
4 16 5.94 2.42 0 15.29 2.42 0 15.29 2.53 0 5.94 2.53 0
4 15 15.29 2.42 0 22.22 2.42 0 22.22 2.53 0 15.29 2.53 0
4 16 22.22 2.42 0 28.05 2.42 0 28.05 2.53 0 22.22 2.53 0
4 0 28.27 2.42 0 28.38 2.42 0 28.38 2.53 0 28.27 2.53 0
4 0 28.38 2.42 0 28.71 2.42 0 28.71 2.53 0 28.38 2.53 0
4 16 28.71 2.42 0 31.57 2.42 0 31.57 2.53 0 28.71 2.53 0
4 15 31.57 2.42 0 36.85 2.42 0 36.85 2.53 0 31.57 2.53 0
4 15 0 2.53 0 1.98 2.53 0 1.98 2.64 0 0 2.64 0
4 15 1.98 2.53 0 2.09 2.53 0 2.09 2.64 0 1.98 2.64 0
4 15 2.09 2.53 0 5.72 2.53 0 5.72 2.64 0 2.09 2.64 0
4 0 28.05 2.42 0 28.27 2.42 0 28.27 2.64 0 28.05 2.64 0
4 0 28.27 2.53 0 28.49 2.53 0 28.49 2.64 0 28.27 2.64 0
4 0 28.49 2.53 0 28.6 2.53 0 28.6 2.64 0 28.49 2.64 0
4 0 28.6 2.53 0 28.93 2.53 0 28.93 2.64 0 28.6 2.64 0
4 16 28.93 2.53 0 31.79 2.53 0 31.79 2.64 0 28.93 2.64 0
4 15 0 2.64 0 1.87 2.64 0 1.87 2.75 0 0 2.75 0
4 15 1.87 2.64 0 1.98 2.64 0 1.98 2.75 0 1.87 2.75 0
4 15 1.98 2.64 0 5.72 2.64 0 5.72 2.75 0 1.98 2.75 0
4 16 5.72 2.53 0 15.51 2.53 0 15.51 2.75 0 5.72 2.75 0
4 15 15.51 2.53 0 22 2.53 0 22 2.75 0 15.51 2.75 0
4 16 22 2.53 0 28.05 2.53 0 28.05 2.75 0 22 2.75 0
4 0 28.05 2.64 0 28.6 2.64 0 28.6 2.75 0 28.05 2.75 0
4 0 28.6 2.64 0 28.82 2.64 0 28.82 2.75 0 28.6 2.75 0
4 0 28.82 2.64 0 29.15 2.64 0 29.15 2.75 0 28.82 2.75 0
4 16 29.15 2.64 0 31.79 2.64 0 31.79 2.75 0 29.15 2.75 0
4 15 31.79 2.53 0 36.85 2.53 0 36.85 2.75 0 31.79 2.75 0
4 15 0 2.75 0 1.76 2.75 0 1.76 2.86 0 0 2.86 0
4 15 1.76 2.75 0 1.87 2.75 0 1.87 2.86 0 1.76 2.86 0
4 15 1.87 2.75 0 5.61 2.75 0 5.61 2.86 0 1.87 2.86 0
4 16 5.61 2.75 0 15.62 2.75 0 15.62 2.86 0 5.61 2.86 0
4 15 15.62 2.75 0 21.89 2.75 0 21.89 2.86 0 15.62 2.86 0
4 16 21.89 2.75 0 28.05 2.75 0 28.05 2.86 0 21.89 2.86 0
4 0 28.05 2.75 0 29.04 2.75 0 29.04 2.86 0 28.05 2.86 0
4 0 29.04 2.75 0 29.15 2.75 0 29.15 2.86 0 29.04 2.86 0
4 0 29.15 2.75 0 29.26 2.75 0 29.26 2.86 0 29.15 2.86 0
4 16 29.26 2.75 0 31.9 2.75 0 31.9 2.86 0 29.26 2.86 0
4 15 31.9 2.75 0 36.85 2.75 0 36.85 2.86 0 31.9 2.86 0
4 15 0 2.86 0 1.65 2.86 0 1.65 2.97 0 0 2.97 0
4 15 1.65 2.86 0 1.87 2.86 0 1.87 2.97 0 1.65 2.97 0
4 15 1.87 2.86 0 5.5 2.86 0 5.5 2.97 0 1.87 2.97 0
4 16 5.5 2.86 0 15.73 2.86 0 15.73 2.97 0 5.5 2.97 0
4 15 15.73 2.86 0 21.78 2.86 0 21.78 2.97 0 15.73 2.97 0
4 16 21.78 2.86 0 27.94 2.86 0 27.94 2.97 0 21.78 2.97 0
4 0 27.94 2.86 0 29.48 2.86 0 29.48 2.97 0 27.94 2.97 0
4 16 29.48 2.86 0 32.01 2.86 0 32.01 2.97 0 29.48 2.97 0
4 15 32.01 2.86 0 36.85 2.86 0 36.85 2.97 0 32.01 2.97 0
4 15 1.54 2.97 0 1.76 2.97 0 1.76 3.08 0 1.54 3.08 0
4 15 1.76 2.97 0 5.39 2.97 0 5.39 3.08 0 1.76 3.08 0
4 16 5.39 2.97 0 15.84 2.97 0 15.84 3.08 0 5.39 3.08 0
4 15 15.84 2.97 0 21.67 2.97 0 21.67 3.08 0 15.84 3.08 0
4 16 21.67 2.97 0 27.94 2.97 0 27.94 3.08 0 21.67 3.08 0
4 0 28.16 2.97 0 28.27 2.97 0 28.27 3.08 0 28.16 3.08 0
4 0 28.27 2.97 0 28.38 2.97 0 28.38 3.08 0 28.27 3.08 0
4 0 28.38 2.97 0 29.15 2.97 0 29.15 3.08 0 28.38 3.08 0
4 0 29.15 2.97 0 29.26 2.97 0 29.26 3.08 0 29.15 3.08 0
4 0 29.26 2.97 0 29.7 2.97 0 29.7 3.08 0 29.26 3.08 0
4 16 29.7 2.97 0 32.12 2.97 0 32.12 3.08 0 29.7 3.08 0
4 15 32.12 2.97 0 36.85 2.97 0 36.85 3.08 0 32.12 3.08 0
4 15 0 2.97 0 1.54 2.97 0 1.54 3.19 0 0 3.19 0
4 15 1.54 3.08 0 1.65 3.08 0 1.65 3.19 0 1.54 3.19 0
4 15 1.65 3.08 0 1.76 3.08 0 1.76 3.19 0 1.65 3.19 0
4 15 1.76 3.08 0 5.28 3.08 0 5.28 3.19 0 1.76 3.19 0
4 16 5.28 3.08 0 6.82 3.08 0 6.82 3.19 0 5.28 3.19 0
4 0 6.82 3.08 0 6.93 3.08 0 6.93 3.19 0 6.82 3.19 0
4 16 6.93 3.08 0 15.95 3.08 0 15.95 3.19 0 6.93 3.19 0
4 15 15.95 3.08 0 21.56 3.08 0 21.56 3.19 0 15.95 3.19 0
4 16 21.56 3.08 0 27.94 3.08 0 27.94 3.19 0 21.56 3.19 0
4 0 28.16 3.08 0 28.38 3.08 0 28.38 3.19 0 28.16 3.19 0
4 0 28.38 3.08 0 29.92 3.08 0 29.92 3.19 0 28.38 3.19 0
4 16 29.92 3.08 0 32.23 3.08 0 32.23 3.19 0 29.92 3.19 0
4 15 32.23 3.08 0 36.85 3.08 0 36.85 3.19 0 32.23 3.19 0
4 15 1.43 3.19 0 1.65 3.19 0 1.65 3.3 0 1.43 3.3 0
4 15 1.65 3.19 0 5.17 3.19 0 5.17 3.3 0 1.65 3.3 0
4 16 5.17 3.19 0 6.82 3.19 0 6.82 3.3 0 5.17 3.3 0
4 0 6.82 3.19 0 7.04 3.19 0 7.04 3.3 0 6.82 3.3 0
4 0 28.16 3.19 0 30.03 3.19 0 30.03 3.3 0 28.16 3.3 0
4 16 30.03 3.19 0 32.34 3.19 0 32.34 3.3 0 30.03 3.3 0
4 15 0 3.19 0 1.43 3.19 0 1.43 3.41 0 0 3.41 0
4 15 1.54 3.3 0 5.17 3.3 0 5.17 3.41 0 1.54 3.41 0
4 16 5.17 3.3 0 6.71 3.3 0 6.71 3.41 0 5.17 3.41 0
4 0 6.71 3.3 0 7.04 3.3 0 7.04 3.41 0 6.71 3.41 0
4 16 7.04 3.19 0 16.06 3.19 0 16.06 3.41 0 7.04 3.41 0
4 15 16.06 3.19 0 21.45 3.19 0 21.45 3.41 0 16.06 3.41 0
4 16 21.45 3.19 0 27.94 3.19 0 27.94 3.41 0 21.45 3.41 0
4 0 28.16 3.3 0 29.92 3.3 0 29.92 3.41 0 28.16 3.41 0
4 0 29.92 3.3 0 30.03 3.3 0 30.03 3.41 0 29.92 3.41 0
4 0 30.03 3.3 0 30.25 3.3 0 30.25 3.41 0 30.03 3.41 0
4 16 30.25 3.3 0 32.34 3.3 0 32.34 3.41 0 30.25 3.41 0
4 15 32.34 3.19 0 36.85 3.19 0 36.85 3.41 0 32.34 3.41 0
4 15 1.43 3.3 0 1.54 3.3 0 1.54 3.52 0 1.43 3.52 0
4 15 1.54 3.41 0 5.06 3.41 0 5.06 3.52 0 1.54 3.52 0
4 16 5.06 3.41 0 6.71 3.41 0 6.71 3.52 0 5.06 3.52 0
4 0 6.71 3.41 0 7.15 3.41 0 7.15 3.52 0 6.71 3.52 0
4 16 7.15 3.41 0 14.41 3.41 0 14.41 3.52 0 7.15 3.52 0
4 0 14.41 3.41 0 14.52 3.41 0 14.52 3.52 0 14.41 3.52 0
4 16 14.52 3.41 0 16.17 3.41 0 16.17 3.52 0 14.52 3.52 0
4 15 16.17 3.41 0 21.34 3.41 0 21.34 3.52 0 16.17 3.52 0
4 16 21.34 3.41 0 27.94 3.41 0 27.94 3.52 0 21.34 3.52 0
4 0 28.05 2.97 0 28.16 2.97 0 28.16 3.52 0 28.05 3.52 0
4 0 28.16 3.41 0 30.14 3.41 0 30.14 3.52 0 28.16 3.52 0
4 0 30.14 3.41 0 30.25 3.41 0 30.25 3.52 0 30.14 3.52 0
4 0 30.25 3.41 0 30.47 3.41 0 30.47 3.52 0 30.25 3.52 0
4 16 30.47 3.41 0 32.45 3.41 0 32.45 3.52 0 30.47 3.52 0
4 15 32.45 3.41 0 36.85 3.41 0 36.85 3.52 0 32.45 3.52 0
4 15 0 3.41 0 1.32 3.41 0 1.32 3.63 0 0 3.63 0
4 15 1.32 3.41 0 1.43 3.41 0 1.43 3.63 0 1.32 3.63 0
4 15 1.43 3.52 0 4.95 3.52 0 4.95 3.63 0 1.43 3.63 0
4 16 4.95 3.52 0 6.6 3.52 0 6.6 3.63 0 4.95 3.63 0
4 0 6.6 3.52 0 7.26 3.52 0 7.26 3.63 0 6.6 3.63 0
4 16 7.26 3.52 0 14.3 3.52 0 14.3 3.63 0 7.26 3.63 0
4 0 14.3 3.52 0 14.52 3.52 0 14.52 3.63 0 14.3 3.63 0
4 16 14.52 3.52 0 16.28 3.52 0 16.28 3.63 0 14.52 3.63 0
4 15 16.28 3.52 0 21.23 3.52 0 21.23 3.63 0 16.28 3.63 0
4 16 21.23 3.52 0 27.94 3.52 0 27.94 3.63 0 21.23 3.63 0
4 0 28.05 3.52 0 28.38 3.52 0 28.38 3.63 0 28.05 3.63 0
4 0 28.38 3.52 0 30.58 3.52 0 30.58 3.63 0 28.38 3.63 0
4 16 30.58 3.52 0 32.56 3.52 0 32.56 3.63 0 30.58 3.63 0
4 15 32.56 3.52 0 36.85 3.52 0 36.85 3.63 0 32.56 3.63 0
4 16 4.84 3.63 0 6.6 3.63 0 6.6 3.74 0 4.84 3.74 0
4 0 6.6 3.63 0 7.37 3.63 0 7.37 3.74 0 6.6 3.74 0
4 16 7.37 3.63 0 14.3 3.63 0 14.3 3.74 0 7.37 3.74 0
4 0 14.3 3.63 0 14.63 3.63 0 14.63 3.74 0 14.3 3.74 0
4 0 27.94 2.97 0 28.05 2.97 0 28.05 3.74 0 27.94 3.74 0
4 0 28.05 3.63 0 28.27 3.63 0 28.27 3.74 0 28.05 3.74 0
4 0 28.27 3.63 0 30.8 3.63 0 30.8 3.74 0 28.27 3.74 0
4 16 30.8 3.63 0 32.67 3.63 0 32.67 3.74 0 30.8 3.74 0
4 15 0 3.63 0 4.84 3.63 0 4.84 3.85 0 0 3.85 0
4 16 4.84 3.74 0 6.49 3.74 0 6.49 3.85 0 4.84 3.85 0
4 0 6.49 3.74 0 7.37 3.74 0 7.37 3.85 0 6.49 3.85 0
4 16 7.37 3.74 0 14.19 3.74 0 14.19 3.85 0 7.37 3.85 0
4 0 14.19 3.74 0 14.63 3.74 0 14.63 3.85 0 14.19 3.85 0
4 16 14.63 3.63 0 16.39 3.63 0 16.39 3.85 0 14.63 3.85 0
4 15 16.39 3.63 0 21.12 3.63 0 21.12 3.85 0 16.39 3.85 0
4 16 21.12 3.63 0 27.94 3.63 0 27.94 3.85 0 21.12 3.85 0
4 0 27.94 3.74 0 31.02 3.74 0 31.02 3.85 0 27.94 3.85 0
4 16 31.02 3.74 0 32.67 3.74 0 32.67 3.85 0 31.02 3.85 0
4 15 32.67 3.63 0 36.85 3.63 0 36.85 3.85 0 32.67 3.85 0
4 16 4.73 3.85 0 6.49 3.85 0 6.49 3.96 0 4.73 3.96 0
4 0 6.49 3.85 0 7.48 3.85 0 7.48 3.96 0 6.49 3.96 0
4 16 7.48 3.85 0 14.08 3.85 0 14.08 3.96 0 7.48 3.96 0
4 0 14.08 3.85 0 14.74 3.85 0 14.74 3.96 0 14.08 3.96 0
4 0 27.94 3.85 0 31.13 3.85 0 31.13 3.96 0 27.94 3.96 0
4 16 31.13 3.85 0 32.78 3.85 0 32.78 3.96 0 31.13 3.96 0
4 15 0 3.85 0 4.73 3.85 0 4.73 4.07 0 0 4.07 0
4 16 4.73 3.96 0 6.38 3.96 0 6.38 4.07 0 4.73 4.07 0
4 0 6.38 3.96 0 7.59 3.96 0 7.59 4.07 0 6.38 4.07 0
4 16 7.59 3.96 0 13.97 3.96 0 13.97 4.07 0 7.59 4.07 0
4 0 13.97 3.96 0 14.74 3.96 0 14.74 4.07 0 13.97 4.07 0
4 16 14.74 3.85 0 16.5 3.85 0 16.5 4.07 0 14.74 4.07 0
4 15 16.5 3.85 0 21.01 3.85 0 21.01 4.07 0 16.5 4.07 0
4 16 21.01 3.85 0 27.94 3.85 0 27.94 4.07 0 21.01 4.07 0
4 0 27.94 3.96 0 30.69 3.96 0 30.69 4.07 0 27.94 4.07 0
4 0 30.8 3.96 0 31.02 3.96 0 31.02 4.07 0 30.8 4.07 0
4 16 31.02 3.96 0 32.78 3.96 0 32.78 4.07 0 31.02 4.07 0
4 15 32.78 3.85 0 36.85 3.85 0 36.85 4.07 0 32.78 4.07 0
4 16 4.62 4.07 0 6.38 4.07 0 6.38 4.18 0 4.62 4.18 0
4 0 6.38 4.07 0 7.37 4.07 0 7.37 4.18 0 6.38 4.18 0
4 0 7.37 4.07 0 7.48 4.07 0 7.48 4.18 0 7.37 4.18 0
4 0 7.48 4.07 0 7.59 4.07 0 7.59 4.18 0 7.48 4.18 0
4 0 7.59 4.07 0 7.7 4.07 0 7.7 4.18 0 7.59 4.18 0
4 16 7.7 4.07 0 13.97 4.07 0 13.97 4.18 0 7.7 4.18 0
4 0 13.97 4.07 0 14.85 4.07 0 14.85 4.18 0 13.97 4.18 0
4 16 20.9 4.07 0 27.94 4.07 0 27.94 4.18 0 20.9 4.18 0
4 0 27.94 4.07 0 28.05 4.07 0 28.05 4.18 0 27.94 4.18 0
4 0 28.05 4.07 0 28.16 4.07 0 28.16 4.18 0 28.05 4.18 0
4 0 28.16 4.07 0 30.58 4.07 0 30.58 4.18 0 28.16 4.18 0
4 0 30.58 4.07 0 30.69 4.07 0 30.69 4.18 0 30.58 4.18 0
4 0 30.69 3.96 0 30.8 3.96 0 30.8 4.18 0 30.69 4.18 0
4 16 30.8 4.07 0 32.89 4.07 0 32.89 4.18 0 30.8 4.18 0
4 15 0 4.07 0 4.62 4.07 0 4.62 4.29 0 0 4.29 0
4 16 4.62 4.18 0 6.27 4.18 0 6.27 4.29 0 4.62 4.29 0
4 0 6.27 4.18 0 7.7 4.18 0 7.7 4.29 0 6.27 4.29 0
4 16 7.7 4.18 0 13.86 4.18 0 13.86 4.29 0 7.7 4.29 0
4 0 13.86 4.18 0 14.85 4.18 0 14.85 4.29 0 13.86 4.29 0
4 16 14.85 4.07 0 16.61 4.07 0 16.61 4.29 0 14.85 4.29 0
4 15 16.61 4.07 0 20.9 4.07 0 20.9 4.29 0 16.61 4.29 0
4 16 20.9 4.18 0 27.83 4.18 0 27.83 4.29 0 20.9 4.29 0
4 0 27.94 4.18 0 28.16 4.18 0 28.16 4.29 0 27.94 4.29 0
4 0 28.16 4.18 0 30.69 4.18 0 30.69 4.29 0 28.16 4.29 0
4 16 30.69 4.18 0 32.89 4.18 0 32.89 4.29 0 30.69 4.29 0
4 15 32.89 4.07 0 36.85 4.07 0 36.85 4.29 0 32.89 4.29 0
4 0 6.16 4.29 0 7.81 4.29 0 7.81 4.4 0 6.16 4.4 0
4 16 7.81 4.29 0 13.75 4.29 0 13.75 4.4 0 7.81 4.4 0
4 0 13.75 4.29 0 14.96 4.29 0 14.96 4.4 0 13.75 4.4 0
4 0 28.05 4.29 0 30.47 4.29 0 30.47 4.4 0 28.05 4.4 0
4 16 30.47 4.29 0 33 4.29 0 33 4.4 0 30.47 4.4 0
4 15 0 4.29 0 4.51 4.29 0 4.51 4.51 0 0 4.51 0
4 16 4.51 4.29 0 6.16 4.29 0 6.16 4.51 0 4.51 4.51 0
4 0 6.16 4.4 0 7.92 4.4 0 7.92 4.51 0 6.16 4.51 0
4 16 7.92 4.4 0 13.64 4.4 0 13.64 4.51 0 7.92 4.51 0
4 0 13.64 4.4 0 13.75 4.4 0 13.75 4.51 0 13.64 4.51 0
4 0 13.75 4.4 0 13.86 4.4 0 13.86 4.51 0 13.75 4.51 0
4 0 13.86 4.4 0 13.97 4.4 0 13.97 4.51 0 13.86 4.51 0
4 0 13.97 4.4 0 14.96 4.4 0 14.96 4.51 0 13.97 4.51 0
4 16 14.96 4.29 0 16.72 4.29 0 16.72 4.51 0 14.96 4.51 0
4 15 16.72 4.29 0 20.79 4.29 0 20.79 4.51 0 16.72 4.51 0
4 16 20.79 4.29 0 27.83 4.29 0 27.83 4.51 0 20.79 4.51 0
4 0 27.83 4.18 0 27.94 4.18 0 27.94 4.51 0 27.83 4.51 0
4 0 27.94 4.29 0 28.05 4.29 0 28.05 4.51 0 27.94 4.51 0
4 0 28.05 4.4 0 30.36 4.4 0 30.36 4.51 0 28.05 4.51 0
4 16 30.36 4.4 0 33 4.4 0 33 4.51 0 30.36 4.51 0
4 15 33 4.29 0 36.85 4.29 0 36.85 4.51 0 33 4.51 0
4 15 0 4.51 0 4.4 4.51 0 4.4 4.62 0 0 4.62 0
4 16 4.4 4.51 0 6.05 4.51 0 6.05 4.62 0 4.4 4.62 0
4 16 8.03 4.51 0 13.64 4.51 0 13.64 4.62 0 8.03 4.62 0
4 0 13.64 4.51 0 15.07 4.51 0 15.07 4.62 0 13.64 4.62 0
4 16 15.07 4.51 0 16.83 4.51 0 16.83 4.62 0 15.07 4.62 0
4 15 16.83 4.51 0 20.68 4.51 0 20.68 4.62 0 16.83 4.62 0
4 16 20.68 4.51 0 27.83 4.51 0 27.83 4.62 0 20.68 4.62 0
4 0 27.83 4.51 0 30.25 4.51 0 30.25 4.62 0 27.83 4.62 0
4 16 30.25 4.51 0 33.11 4.51 0 33.11 4.62 0 30.25 4.62 0
4 15 33.11 4.51 0 36.85 4.51 0 36.85 4.62 0 33.11 4.62 0
4 16 4.29 4.62 0 6.05 4.62 0 6.05 4.73 0 4.29 4.73 0
4 0 6.05 4.51 0 8.03 4.51 0 8.03 4.73 0 6.05 4.73 0
4 16 8.03 4.62 0 13.53 4.62 0 13.53 4.73 0 8.03 4.73 0
4 0 13.53 4.62 0 15.18 4.62 0 15.18 4.73 0 13.53 4.73 0
4 0 28.16 4.62 0 30.03 4.62 0 30.03 4.73 0 28.16 4.73 0
4 16 30.03 4.62 0 33.22 4.62 0 33.22 4.73 0 30.03 4.73 0
4 0 5.94 4.73 0 8.14 4.73 0 8.14 4.84 0 5.94 4.84 0
4 16 8.14 4.73 0 13.42 4.73 0 13.42 4.84 0 8.14 4.84 0
4 0 13.42 4.73 0 15.18 4.73 0 15.18 4.84 0 13.42 4.84 0
4 16 15.18 4.62 0 16.94 4.62 0 16.94 4.84 0 15.18 4.84 0
4 0 27.83 4.62 0 28.05 4.62 0 28.05 4.84 0 27.83 4.84 0
4 0 28.05 4.62 0 28.16 4.62 0 28.16 4.84 0 28.05 4.84 0
4 0 28.16 4.73 0 29.92 4.73 0 29.92 4.84 0 28.16 4.84 0
4 16 29.92 4.73 0 33.22 4.73 0 33.22 4.84 0 29.92 4.84 0
4 15 0 4.62 0 4.29 4.62 0 4.29 4.95 0 0 4.95 0
4 16 4.29 4.73 0 5.94 4.73 0 5.94 4.95 0 4.29 4.95 0
4 0 5.94 4.84 0 8.25 4.84 0 8.25 4.95 0 5.94 4.95 0
4 16 8.25 4.84 0 13.31 4.84 0 13.31 4.95 0 8.25 4.95 0
4 16 15.29 4.84 0 16.94 4.84 0 16.94 4.95 0 15.29 4.95 0
4 15 16.94 4.62 0 20.57 4.62 0 20.57 4.95 0 16.94 4.95 0
4 16 20.57 4.62 0 27.83 4.62 0 27.83 4.95 0 20.57 4.95 0
4 0 27.83 4.84 0 29.48 4.84 0 29.48 4.95 0 27.83 4.95 0
4 0 29.48 4.84 0 29.59 4.84 0 29.59 4.95 0 29.48 4.95 0
4 0 29.59 4.84 0 29.7 4.84 0 29.7 4.95 0 29.59 4.95 0
4 16 29.7 4.84 0 33.22 4.84 0 33.22 4.95 0 29.7 4.95 0
4 15 33.22 4.62 0 36.85 4.62 0 36.85 4.95 0 33.22 4.95 0
4 0 5.83 4.95 0 8.03 4.95 0 8.03 5.06 0 5.83 5.06 0
4 0 8.03 4.95 0 8.14 4.95 0 8.14 5.06 0 8.03 5.06 0
4 0 8.14 4.95 0 8.25 4.95 0 8.25 5.06 0 8.14 5.06 0
4 0 8.25 4.95 0 8.36 4.95 0 8.36 5.06 0 8.25 5.06 0
4 16 8.36 4.95 0 13.31 4.95 0 13.31 5.06 0 8.36 5.06 0
4 0 13.31 4.84 0 15.29 4.84 0 15.29 5.06 0 13.31 5.06 0
4 16 15.29 4.95 0 17.05 4.95 0 17.05 5.06 0 15.29 5.06 0
4 0 27.83 4.95 0 29.59 4.95 0 29.59 5.06 0 27.83 5.06 0
4 16 29.59 4.95 0 33.33 4.95 0 33.33 5.06 0 29.59 5.06 0
4 15 0 4.95 0 4.18 4.95 0 4.18 5.17 0 0 5.17 0
4 16 4.18 4.95 0 5.83 4.95 0 5.83 5.17 0 4.18 5.17 0
4 0 5.83 5.06 0 8.36 5.06 0 8.36 5.17 0 5.83 5.17 0
4 16 8.36 5.06 0 13.2 5.06 0 13.2 5.17 0 8.36 5.17 0
4 0 13.2 5.06 0 15.4 5.06 0 15.4 5.17 0 13.2 5.17 0
4 15 17.05 4.95 0 18.59 4.95 0 18.59 5.17 0 17.05 5.17 0
4 15 18.59 4.95 0 18.81 4.95 0 18.81 5.17 0 18.59 5.17 0
4 15 18.81 4.95 0 19.03 4.95 0 19.03 5.17 0 18.81 5.17 0
4 0 28.05 5.06 0 29.37 5.06 0 29.37 5.17 0 28.05 5.17 0
4 16 29.37 5.06 0 33.33 5.06 0 33.33 5.17 0 29.37 5.17 0
4 479 4.07 5.17 0 4.18 5.17 0 4.18 5.28 0 4.07 5.28 0
4 16 4.18 5.17 0 5.72 5.17 0 5.72 5.28 0 4.18 5.28 0
4 0 5.72 5.17 0 8.47 5.17 0 8.47 5.28 0 5.72 5.28 0
4 16 8.47 5.17 0 13.09 5.17 0 13.09 5.28 0 8.47 5.28 0
4 0 13.09 5.17 0 15.4 5.17 0 15.4 5.28 0 13.09 5.28 0
4 16 15.4 5.06 0 17.05 5.06 0 17.05 5.28 0 15.4 5.28 0
4 15 17.05 5.17 0 18.7 5.17 0 18.7 5.28 0 17.05 5.28 0
4 15 18.7 5.17 0 18.92 5.17 0 18.92 5.28 0 18.7 5.28 0
4 15 18.92 5.17 0 19.03 5.17 0 19.03 5.28 0 18.92 5.28 0
4 15 19.03 4.95 0 20.46 4.95 0 20.46 5.28 0 19.03 5.28 0
4 16 20.46 4.95 0 27.83 4.95 0 27.83 5.28 0 20.46 5.28 0
4 0 27.83 5.06 0 27.94 5.06 0 27.94 5.28 0 27.83 5.28 0
4 0 27.94 5.06 0 28.05 5.06 0 28.05 5.28 0 27.94 5.28 0
4 0 28.05 5.17 0 29.26 5.17 0 29.26 5.28 0 28.05 5.28 0
4 16 29.26 5.17 0 33.33 5.17 0 33.33 5.28 0 29.26 5.28 0
4 15 33.33 4.95 0 36.85 4.95 0 36.85 5.28 0 33.33 5.28 0
4 16 4.07 5.28 0 5.72 5.28 0 5.72 5.39 0 4.07 5.39 0
4 0 5.72 5.28 0 8.58 5.28 0 8.58 5.39 0 5.72 5.39 0
4 16 8.58 5.28 0 12.98 5.28 0 12.98 5.39 0 8.58 5.39 0
4 0 12.98 5.28 0 13.09 5.28 0 13.09 5.39 0 12.98 5.39 0
4 0 13.09 5.28 0 13.2 5.28 0 13.2 5.39 0 13.09 5.39 0
4 0 13.2 5.28 0 13.31 5.28 0 13.31 5.39 0 13.2 5.39 0
4 0 13.31 5.28 0 15.51 5.28 0 15.51 5.39 0 13.31 5.39 0
4 15 17.16 5.28 0 18.7 5.28 0 18.7 5.39 0 17.16 5.39 0
4 15 18.7 5.28 0 19.03 5.28 0 19.03 5.39 0 18.7 5.39 0
4 16 20.35 5.28 0 27.83 5.28 0 27.83 5.39 0 20.35 5.39 0
4 0 27.83 5.28 0 29.15 5.28 0 29.15 5.39 0 27.83 5.39 0
4 16 29.15 5.28 0 33.44 5.28 0 33.44 5.39 0 29.15 5.39 0
4 16 4.07 5.39 0 5.61 5.39 0 5.61 5.5 0 4.07 5.5 0
4 0 5.61 5.39 0 8.69 5.39 0 8.69 5.5 0 5.61 5.5 0
4 16 8.69 5.39 0 12.98 5.39 0 12.98 5.5 0 8.69 5.5 0
4 0 12.98 5.39 0 15.51 5.39 0 15.51 5.5 0 12.98 5.5 0
4 16 15.51 5.28 0 17.16 5.28 0 17.16 5.5 0 15.51 5.5 0
4 0 27.83 5.39 0 28.93 5.39 0 28.93 5.5 0 27.83 5.5 0
4 16 28.93 5.39 0 33.44 5.39 0 33.44 5.5 0 28.93 5.5 0
4 0 5.5 5.5 0 8.69 5.5 0 8.69 5.61 0 5.5 5.61 0
4 16 8.69 5.5 0 12.87 5.5 0 12.87 5.61 0 8.69 5.61 0
4 0 12.87 5.5 0 15.62 5.5 0 15.62 5.61 0 12.87 5.61 0
4 16 20.35 5.39 0 27.72 5.39 0 27.72 5.61 0 20.35 5.61 0
4 0 27.72 5.39 0 27.83 5.39 0 27.83 5.61 0 27.72 5.61 0
4 0 27.83 5.5 0 27.94 5.5 0 27.94 5.61 0 27.83 5.61 0
4 0 27.94 5.5 0 28.82 5.5 0 28.82 5.61 0 27.94 5.61 0
4 16 28.82 5.5 0 33.44 5.5 0 33.44 5.61 0 28.82 5.61 0
4 15 0 5.17 0 4.07 5.17 0 4.07 5.72 0 0 5.72 0
4 16 4.07 5.5 0 5.5 5.5 0 5.5 5.72 0 4.07 5.72 0
4 0 5.5 5.61 0 8.58 5.61 0 8.58 5.72 0 5.5 5.72 0
4 0 8.58 5.61 0 8.69 5.61 0 8.69 5.72 0 8.58 5.72 0
4 0 8.69 5.61 0 8.8 5.61 0 8.8 5.72 0 8.69 5.72 0
4 16 8.8 5.61 0 12.76 5.61 0 12.76 5.72 0 8.8 5.72 0
4 0 12.76 5.61 0 15.62 5.61 0 15.62 5.72 0 12.76 5.72 0
4 16 15.62 5.5 0 17.16 5.5 0 17.16 5.72 0 15.62 5.72 0
4 15 17.16 5.39 0 18.81 5.39 0 18.81 5.72 0 17.16 5.72 0
4 15 19.03 5.28 0 20.35 5.28 0 20.35 5.72 0 19.03 5.72 0
4 16 20.35 5.61 0 21.45 5.61 0 21.45 5.72 0 20.35 5.72 0
4 0 21.45 5.61 0 21.67 5.61 0 21.67 5.72 0 21.45 5.72 0
4 16 21.67 5.61 0 27.72 5.61 0 27.72 5.72 0 21.67 5.72 0
4 0 28.05 5.61 0 28.38 5.61 0 28.38 5.72 0 28.05 5.72 0
4 0 28.38 5.61 0 28.49 5.61 0 28.49 5.72 0 28.38 5.72 0
4 0 28.49 5.61 0 28.6 5.61 0 28.6 5.72 0 28.49 5.72 0
4 16 28.6 5.61 0 33.44 5.61 0 33.44 5.72 0 28.6 5.72 0
4 15 33.44 5.28 0 36.85 5.28 0 36.85 5.72 0 33.44 5.72 0
4 0 5.39 5.72 0 8.91 5.72 0 8.91 5.83 0 5.39 5.83 0
4 16 8.91 5.72 0 12.65 5.72 0 12.65 5.83 0 8.91 5.83 0
4 0 12.65 5.72 0 15.73 5.72 0 15.73 5.83 0 12.65 5.83 0
4 16 15.73 5.72 0 17.27 5.72 0 17.27 5.83 0 15.73 5.83 0
4 0 21.45 5.72 0 21.89 5.72 0 21.89 5.83 0 21.45 5.83 0
4 16 21.89 5.72 0 27.72 5.72 0 27.72 5.83 0 21.89 5.83 0
4 0 27.72 5.61 0 27.94 5.61 0 27.94 5.83 0 27.72 5.83 0
4 0 27.94 5.61 0 28.05 5.61 0 28.05 5.83 0 27.94 5.83 0
4 0 28.05 5.72 0 28.49 5.72 0 28.49 5.83 0 28.05 5.83 0
4 16 28.49 5.72 0 33.55 5.72 0 33.55 5.83 0 28.49 5.83 0
4 16 3.96 5.72 0 5.39 5.72 0 5.39 5.94 0 3.96 5.94 0
4 0 5.39 5.83 0 8.69 5.83 0 8.69 5.94 0 5.39 5.94 0
4 0 8.69 5.83 0 8.8 5.83 0 8.8 5.94 0 8.69 5.94 0
4 0 8.8 5.83 0 8.91 5.83 0 8.91 5.94 0 8.8 5.94 0
4 0 8.91 5.83 0 9.02 5.83 0 9.02 5.94 0 8.91 5.94 0
4 16 9.02 5.83 0 12.65 5.83 0 12.65 5.94 0 9.02 5.94 0
4 0 12.65 5.83 0 15.84 5.83 0 15.84 5.94 0 12.65 5.94 0
4 0 21.45 5.83 0 22.11 5.83 0 22.11 5.94 0 21.45 5.94 0
4 16 22.11 5.83 0 27.72 5.83 0 27.72 5.94 0 22.11 5.94 0
4 0 27.72 5.83 0 28.27 5.83 0 28.27 5.94 0 27.72 5.94 0
4 16 28.27 5.83 0 33.55 5.83 0 33.55 5.94 0 28.27 5.94 0
4 0 5.28 5.94 0 9.02 5.94 0 9.02 6.05 0 5.28 6.05 0
4 16 9.02 5.94 0 12.54 5.94 0 12.54 6.05 0 9.02 6.05 0
4 0 12.54 5.94 0 12.65 5.94 0 12.65 6.05 0 12.54 6.05 0
4 0 12.65 5.94 0 12.76 5.94 0 12.76 6.05 0 12.65 6.05 0
4 0 12.76 5.94 0 15.84 5.94 0 15.84 6.05 0 12.76 6.05 0
4 16 15.84 5.83 0 17.27 5.83 0 17.27 6.05 0 15.84 6.05 0
4 15 18.81 5.39 0 19.03 5.39 0 19.03 6.05 0 18.81 6.05 0
4 15 19.03 5.72 0 20.24 5.72 0 20.24 6.05 0 19.03 6.05 0
4 0 21.45 5.94 0 22.33 5.94 0 22.33 6.05 0 21.45 6.05 0
4 16 22.33 5.94 0 27.72 5.94 0 27.72 6.05 0 22.33 6.05 0
4 0 27.72 5.94 0 28.16 5.94 0 28.16 6.05 0 27.72 6.05 0
4 16 28.16 5.94 0 33.55 5.94 0 33.55 6.05 0 28.16 6.05 0
4 15 0 5.72 0 3.96 5.72 0 3.96 6.16 0 0 6.16 0
4 16 3.96 5.94 0 5.28 5.94 0 5.28 6.16 0 3.96 6.16 0
4 0 5.28 6.05 0 9.13 6.05 0 9.13 6.16 0 5.28 6.16 0
4 16 9.13 6.05 0 12.43 6.05 0 12.43 6.16 0 9.13 6.16 0
4 0 12.43 6.05 0 15.95 6.05 0 15.95 6.16 0 12.43 6.16 0
4 16 15.95 6.05 0 17.27 6.05 0 17.27 6.16 0 15.95 6.16 0
4 15 17.27 5.72 0 18.81 5.72 0 18.81 6.16 0 17.27 6.16 0
4 15 18.81 6.05 0 19.14 6.05 0 19.14 6.16 0 18.81 6.16 0
4 15 19.14 6.05 0 20.24 6.05 0 20.24 6.16 0 19.14 6.16 0
4 16 20.24 5.72 0 21.45 5.72 0 21.45 6.16 0 20.24 6.16 0
4 0 21.45 6.05 0 22.66 6.05 0 22.66 6.16 0 21.45 6.16 0
4 16 22.66 6.05 0 27.72 6.05 0 27.72 6.16 0 22.66 6.16 0
4 0 27.72 6.05 0 28.05 6.05 0 28.05 6.16 0 27.72 6.16 0
4 16 28.05 6.05 0 33.55 6.05 0 33.55 6.16 0 28.05 6.16 0
4 15 33.55 5.72 0 36.85 5.72 0 36.85 6.16 0 33.55 6.16 0
4 16 3.85 6.16 0 5.17 6.16 0 5.17 6.27 0 3.85 6.27 0
4 0 5.17 6.16 0 9.24 6.16 0 9.24 6.27 0 5.17 6.27 0
4 16 9.24 6.16 0 12.32 6.16 0 12.32 6.27 0 9.24 6.27 0
4 0 12.32 6.16 0 12.43 6.16 0 12.43 6.27 0 12.32 6.27 0
4 0 12.43 6.16 0 12.54 6.16 0 12.54 6.27 0 12.43 6.27 0
4 0 12.54 6.16 0 12.65 6.16 0 12.65 6.27 0 12.54 6.27 0
4 0 12.65 6.16 0 15.95 6.16 0 15.95 6.27 0 12.65 6.27 0
4 16 15.95 6.16 0 17.38 6.16 0 17.38 6.27 0 15.95 6.27 0
4 15 17.38 6.16 0 18.92 6.16 0 18.92 6.27 0 17.38 6.27 0
4 15 18.92 6.16 0 19.14 6.16 0 19.14 6.27 0 18.92 6.27 0
4 0 21.45 6.16 0 22.33 6.16 0 22.33 6.27 0 21.45 6.27 0
4 0 22.33 6.16 0 22.44 6.16 0 22.44 6.27 0 22.33 6.27 0
4 0 22.44 6.16 0 22.55 6.16 0 22.55 6.27 0 22.44 6.27 0
4 0 22.55 6.16 0 22.66 6.16 0 22.66 6.27 0 22.55 6.27 0
4 0 22.66 6.16 0 22.88 6.16 0 22.88 6.27 0 22.66 6.27 0
4 16 22.88 6.16 0 27.72 6.16 0 27.72 6.27 0 22.88 6.27 0
4 0 27.72 6.16 0 27.83 6.16 0 27.83 6.27 0 27.72 6.27 0
4 16 27.83 6.16 0 33.66 6.16 0 33.66 6.27 0 27.83 6.27 0
4 16 3.85 6.27 0 5.83 6.27 0 5.83 6.38 0 3.85 6.38 0
4 0 5.83 6.27 0 9.13 6.27 0 9.13 6.38 0 5.83 6.38 0
4 0 9.13 6.27 0 9.24 6.27 0 9.24 6.38 0 9.13 6.38 0
4 0 9.24 6.27 0 9.35 6.27 0 9.35 6.38 0 9.24 6.38 0
4 16 9.35 6.27 0 12.32 6.27 0 12.32 6.38 0 9.35 6.38 0
4 0 12.32 6.27 0 16.06 6.27 0 16.06 6.38 0 12.32 6.38 0
4 15 17.38 6.27 0 19.03 6.27 0 19.03 6.38 0 17.38 6.38 0
4 15 19.03 6.27 0 19.14 6.27 0 19.14 6.38 0 19.03 6.38 0
4 15 19.14 6.16 0 20.13 6.16 0 20.13 6.38 0 19.14 6.38 0
4 0 21.45 6.27 0 21.67 6.27 0 21.67 6.38 0 21.45 6.38 0
4 0 21.67 6.27 0 21.78 6.27 0 21.78 6.38 0 21.67 6.38 0
4 0 21.78 6.27 0 23.1 6.27 0 23.1 6.38 0 21.78 6.38 0
4 16 23.1 6.27 0 33.66 6.27 0 33.66 6.38 0 23.1 6.38 0
4 16 3.85 6.38 0 7.15 6.38 0 7.15 6.49 0 3.85 6.49 0
4 0 7.15 6.38 0 8.91 6.38 0 8.91 6.49 0 7.15 6.49 0
4 0 8.91 6.38 0 9.02 6.38 0 9.02 6.49 0 8.91 6.49 0
4 0 9.02 6.38 0 9.35 6.38 0 9.35 6.49 0 9.02 6.49 0
4 16 9.35 6.38 0 12.21 6.38 0 12.21 6.49 0 9.35 6.49 0
4 0 12.21 6.38 0 16.06 6.38 0 16.06 6.49 0 12.21 6.49 0
4 16 16.06 6.27 0 17.38 6.27 0 17.38 6.49 0 16.06 6.49 0
4 0 21.45 6.38 0 22.77 6.38 0 22.77 6.49 0 21.45 6.49 0
4 0 22.77 6.38 0 22.88 6.38 0 22.88 6.49 0 22.77 6.49 0
4 0 22.88 6.38 0 22.99 6.38 0 22.99 6.49 0 22.88 6.49 0
4 0 23.1 6.38 0 23.43 6.38 0 23.43 6.49 0 23.1 6.49 0
4 16 23.43 6.38 0 33.66 6.38 0 33.66 6.49 0 23.43 6.49 0
4 16 3.85 6.49 0 8.47 6.49 0 8.47 6.6 0 3.85 6.6 0
4 0 8.47 6.49 0 8.58 6.49 0 8.58 6.6 0 8.47 6.6 0
4 0 8.58 6.49 0 8.69 6.49 0 8.69 6.6 0 8.58 6.6 0
4 0 8.69 6.49 0 9.46 6.49 0 9.46 6.6 0 8.69 6.6 0
4 16 9.46 6.49 0 12.1 6.49 0 12.1 6.6 0 9.46 6.6 0
4 0 12.1 6.49 0 16.17 6.49 0 16.17 6.6 0 12.1 6.6 0
4 16 16.17 6.49 0 17.38 6.49 0 17.38 6.6 0 16.17 6.6 0
4 0 21.45 6.49 0 22.99 6.49 0 22.99 6.6 0 21.45 6.6 0
4 0 22.99 6.38 0 23.1 6.38 0 23.1 6.6 0 22.99 6.6 0
4 0 23.1 6.49 0 23.21 6.49 0 23.21 6.6 0 23.1 6.6 0
4 0 23.21 6.49 0 23.32 6.49 0 23.32 6.6 0 23.21 6.6 0
4 0 23.32 6.49 0 23.43 6.49 0 23.43 6.6 0 23.32 6.6 0
4 0 23.43 6.49 0 23.65 6.49 0 23.65 6.6 0 23.43 6.6 0
4 16 23.65 6.49 0 33.66 6.49 0 33.66 6.6 0 23.65 6.6 0
4 0 11.99 6.6 0 12.1 6.6 0 12.1 6.71 0 11.99 6.71 0
4 0 12.1 6.6 0 12.21 6.6 0 12.21 6.71 0 12.1 6.71 0
4 0 12.21 6.6 0 15.51 6.6 0 15.51 6.71 0 12.21 6.71 0
4 16 15.51 6.6 0 17.38 6.6 0 17.38 6.71 0 15.51 6.71 0
4 0 21.67 6.6 0 23.43 6.6 0 23.43 6.71 0 21.67 6.71 0
4 0 23.43 6.6 0 23.54 6.6 0 23.54 6.71 0 23.43 6.71 0
4 0 23.54 6.6 0 23.65 6.6 0 23.65 6.71 0 23.54 6.71 0
4 0 23.65 6.6 0 23.87 6.6 0 23.87 6.71 0 23.65 6.71 0
4 16 23.87 6.6 0 33.66 6.6 0 33.66 6.71 0 23.87 6.71 0
4 16 3.85 6.6 0 11.99 6.6 0 11.99 6.82 0 3.85 6.82 0
4 0 11.99 6.71 0 12.32 6.71 0 12.32 6.82 0 11.99 6.82 0
4 0 12.32 6.71 0 12.43 6.71 0 12.43 6.82 0 12.32 6.82 0
4 0 12.43 6.71 0 14.19 6.71 0 14.19 6.82 0 12.43 6.82 0
4 16 14.19 6.71 0 17.38 6.71 0 17.38 6.82 0 14.19 6.82 0
4 0 21.67 6.71 0 24.09 6.71 0 24.09 6.82 0 21.67 6.82 0
4 16 24.09 6.71 0 33.66 6.71 0 33.66 6.82 0 24.09 6.82 0
4 16 3.85 6.82 0 11.88 6.82 0 11.88 6.93 0 3.85 6.93 0
4 0 11.88 6.82 0 12.65 6.82 0 12.65 6.93 0 11.88 6.93 0
4 0 12.65 6.82 0 12.76 6.82 0 12.76 6.93 0 12.65 6.93 0
4 0 12.76 6.82 0 12.87 6.82 0 12.87 6.93 0 12.76 6.93 0
4 16 12.87 6.82 0 17.38 6.82 0 17.38 6.93 0 12.87 6.93 0
4 0 21.67 6.82 0 24.42 6.82 0 24.42 6.93 0 21.67 6.93 0
4 16 24.42 6.82 0 33.66 6.82 0 33.66 6.93 0 24.42 6.93 0
4 0 21.45 6.6 0 21.56 6.6 0 21.56 7.04 0 21.45 7.04 0
4 0 21.56 6.6 0 21.67 6.6 0 21.67 7.04 0 21.56 7.04 0
4 0 21.67 6.93 0 24.31 6.93 0 24.31 7.04 0 21.67 7.04 0
4 0 24.31 6.93 0 24.42 6.93 0 24.42 7.04 0 24.31 7.04 0
4 0 24.42 6.93 0 24.64 6.93 0 24.64 7.04 0 24.42 7.04 0
4 16 24.64 6.93 0 33.66 6.93 0 33.66 7.04 0 24.64 7.04 0
4 0 21.45 7.04 0 24.31 7.04 0 24.31 7.15 0 21.45 7.15 0
4 0 24.31 7.04 0 24.53 7.04 0 24.53 7.15 0 24.31 7.15 0
4 0 24.53 7.04 0 24.86 7.04 0 24.86 7.15 0 24.53 7.15 0
4 16 24.86 7.04 0 33.66 7.04 0 33.66 7.15 0 24.86 7.15 0
4 0 21.67 7.15 0 25.08 7.15 0 25.08 7.26 0 21.67 7.26 0
4 16 25.08 7.15 0 33.66 7.15 0 33.66 7.26 0 25.08 7.26 0
4 0 21.67 7.26 0 24.75 7.26 0 24.75 7.37 0 21.67 7.37 0
4 0 24.75 7.26 0 24.86 7.26 0 24.86 7.37 0 24.75 7.37 0
4 0 24.86 7.26 0 25.3 7.26 0 25.3 7.37 0 24.86 7.37 0
4 16 25.3 7.26 0 33.66 7.26 0 33.66 7.37 0 25.3 7.37 0
4 0 21.67 7.37 0 25.08 7.37 0 25.08 7.48 0 21.67 7.48 0
4 16 25.08 7.37 0 33.66 7.37 0 33.66 7.48 0 25.08 7.48 0
4 0 21.67 7.48 0 24.53 7.48 0 24.53 7.59 0 21.67 7.59 0
4 0 24.53 7.48 0 24.64 7.48 0 24.64 7.59 0 24.53 7.59 0
4 0 24.64 7.48 0 24.86 7.48 0 24.86 7.59 0 24.64 7.59 0
4 16 24.86 7.48 0 33.66 7.48 0 33.66 7.59 0 24.86 7.59 0
4 0 21.45 7.15 0 21.56 7.15 0 21.56 7.7 0 21.45 7.7 0
4 0 21.56 7.15 0 21.67 7.15 0 21.67 7.7 0 21.56 7.7 0
4 0 21.67 7.59 0 24.64 7.59 0 24.64 7.7 0 21.67 7.7 0
4 16 24.64 7.59 0 33.66 7.59 0 33.66 7.7 0 24.64 7.7 0
4 0 21.45 7.7 0 24.42 7.7 0 24.42 7.81 0 21.45 7.81 0
4 16 24.42 7.7 0 33.66 7.7 0 33.66 7.81 0 24.42 7.81 0
4 0 21.45 7.81 0 24.2 7.81 0 24.2 7.92 0 21.45 7.92 0
4 16 24.2 7.81 0 33.66 7.81 0 33.66 7.92 0 24.2 7.92 0
4 0 21.45 7.92 0 21.67 7.92 0 21.67 8.03 0 21.45 8.03 0
4 0 21.67 7.92 0 21.78 7.92 0 21.78 8.03 0 21.67 8.03 0
4 0 21.78 7.92 0 23.98 7.92 0 23.98 8.03 0 21.78 8.03 0
4 16 23.98 7.92 0 33.66 7.92 0 33.66 8.03 0 23.98 8.03 0
4 0 21.45 8.03 0 23.1 8.03 0 23.1 8.14 0 21.45 8.14 0
4 0 23.1 8.03 0 23.21 8.03 0 23.21 8.14 0 23.1 8.14 0
4 0 23.21 8.03 0 23.32 8.03 0 23.32 8.14 0 23.21 8.14 0
4 0 23.32 8.03 0 23.43 8.03 0 23.43 8.14 0 23.32 8.14 0
4 0 23.43 8.03 0 23.76 8.03 0 23.76 8.14 0 23.43 8.14 0
4 16 23.76 8.03 0 33.66 8.03 0 33.66 8.14 0 23.76 8.14 0
4 0 21.45 8.14 0 21.56 8.14 0 21.56 8.25 0 21.45 8.25 0
4 0 21.56 8.14 0 21.67 8.14 0 21.67 8.25 0 21.56 8.25 0
4 0 21.67 8.14 0 23.54 8.14 0 23.54 8.25 0 21.67 8.25 0
4 16 23.54 8.14 0 33.66 8.14 0 33.66 8.25 0 23.54 8.25 0
4 15 0 6.16 0 3.85 6.16 0 3.85 8.36 0 0 8.36 0
4 16 3.85 6.93 0 17.38 6.93 0 17.38 8.36 0 3.85 8.36 0
4 15 17.38 6.38 0 20.13 6.38 0 20.13 8.36 0 17.38 8.36 0
4 16 20.13 6.16 0 21.45 6.16 0 21.45 8.36 0 20.13 8.36 0
4 0 21.45 8.25 0 22.99 8.25 0 22.99 8.36 0 21.45 8.36 0
4 0 22.99 8.25 0 23.1 8.25 0 23.1 8.36 0 22.99 8.36 0
4 0 23.1 8.25 0 23.32 8.25 0 23.32 8.36 0 23.1 8.36 0
4 16 23.32 8.25 0 33.66 8.25 0 33.66 8.36 0 23.32 8.36 0
4 15 33.66 6.16 0 36.85 6.16 0 36.85 8.36 0 33.66 8.36 0
4 0 21.45 8.36 0 22.66 8.36 0 22.66 8.47 0 21.45 8.47 0
4 0 22.66 8.36 0 22.77 8.36 0 22.77 8.47 0 22.66 8.47 0
4 0 22.77 8.36 0 22.88 8.36 0 22.88 8.47 0 22.77 8.47 0
4 0 22.88 8.36 0 23.1 8.36 0 23.1 8.47 0 22.88 8.47 0
4 16 23.1 8.36 0 33.55 8.36 0 33.55 8.47 0 23.1 8.47 0
4 15 0 8.36 0 3.96 8.36 0 3.96 8.58 0 0 8.58 0
4 16 3.96 8.36 0 17.27 8.36 0 17.27 8.58 0 3.96 8.58 0
4 0 21.45 8.47 0 21.56 8.47 0 21.56 8.58 0 21.45 8.58 0
4 0 21.56 8.47 0 21.67 8.47 0 21.67 8.58 0 21.56 8.58 0
4 0 21.67 8.47 0 22.55 8.47 0 22.55 8.58 0 21.67 8.58 0
4 0 22.55 8.47 0 22.66 8.47 0 22.66 8.58 0 22.55 8.58 0
4 0 22.66 8.47 0 22.88 8.47 0 22.88 8.58 0 22.66 8.58 0
4 16 22.88 8.47 0 33.55 8.47 0 33.55 8.58 0 22.88 8.58 0
4 15 0 8.58 0 2.31 8.58 0 2.31 8.69 0 0 8.69 0
4 15 2.31 8.58 0 2.53 8.58 0 2.53 8.69 0 2.31 8.69 0
4 15 2.53 8.58 0 3.96 8.58 0 3.96 8.69 0 2.53 8.69 0
4 15 17.27 8.36 0 20.24 8.36 0 20.24 8.69 0 17.27 8.69 0
4 0 21.45 8.58 0 22.33 8.58 0 22.33 8.69 0 21.45 8.69 0
4 0 22.33 8.58 0 22.44 8.58 0 22.44 8.69 0 22.33 8.69 0
4 0 22.44 8.58 0 22.66 8.58 0 22.66 8.69 0 22.44 8.69 0
4 16 22.66 8.58 0 27.17 8.58 0 27.17 8.69 0 22.66 8.69 0
4 0 27.17 8.58 0 27.28 8.58 0 27.28 8.69 0 27.17 8.69 0
4 16 27.28 8.58 0 33.55 8.58 0 33.55 8.69 0 27.28 8.69 0
4 15 0 8.69 0 3.96 8.69 0 3.96 8.8 0 0 8.8 0
4 16 3.96 8.58 0 10.34 8.58 0 10.34 8.8 0 3.96 8.8 0
4 0 10.34 8.58 0 10.45 8.58 0 10.45 8.8 0 10.34 8.8 0
4 16 10.45 8.58 0 17.27 8.58 0 17.27 8.8 0 10.45 8.8 0
4 0 21.45 8.69 0 22 8.69 0 22 8.8 0 21.45 8.8 0
4 0 22 8.69 0 22.11 8.69 0 22.11 8.8 0 22 8.8 0
4 0 22.11 8.69 0 22.22 8.69 0 22.22 8.8 0 22.11 8.8 0
4 0 22.22 8.69 0 22.44 8.69 0 22.44 8.8 0 22.22 8.8 0
4 16 22.44 8.69 0 27.17 8.69 0 27.17 8.8 0 22.44 8.8 0
4 0 27.17 8.69 0 27.5 8.69 0 27.5 8.8 0 27.17 8.8 0
4 16 27.5 8.69 0 33.55 8.69 0 33.55 8.8 0 27.5 8.8 0
4 15 1.54 8.8 0 1.76 8.8 0 1.76 8.91 0 1.54 8.91 0
4 15 1.76 8.8 0 3.96 8.8 0 3.96 8.91 0 1.76 8.91 0
4 16 3.96 8.8 0 10.23 8.8 0 10.23 8.91 0 3.96 8.91 0
4 16 10.56 8.8 0 17.27 8.8 0 17.27 8.91 0 10.56 8.91 0
4 15 17.27 8.69 0 18.92 8.69 0 18.92 8.91 0 17.27 8.91 0
4 15 19.03 8.69 0 20.24 8.69 0 20.24 8.91 0 19.03 8.91 0
4 16 20.24 8.36 0 21.45 8.36 0 21.45 8.91 0 20.24 8.91 0
4 0 21.45 8.8 0 21.78 8.8 0 21.78 8.91 0 21.45 8.91 0
4 0 21.78 8.8 0 21.89 8.8 0 21.89 8.91 0 21.78 8.91 0
4 0 21.89 8.8 0 22.22 8.8 0 22.22 8.91 0 21.89 8.91 0
4 16 22.22 8.8 0 27.17 8.8 0 27.17 8.91 0 22.22 8.91 0
4 0 27.17 8.8 0 27.39 8.8 0 27.39 8.91 0 27.17 8.91 0
4 0 27.39 8.8 0 27.5 8.8 0 27.5 8.91 0 27.39 8.91 0
4 0 27.5 8.8 0 27.61 8.8 0 27.61 8.91 0 27.5 8.91 0
4 16 27.61 8.8 0 33.55 8.8 0 33.55 8.91 0 27.61 8.91 0
4 15 33.55 8.36 0 36.85 8.36 0 36.85 8.91 0 33.55 8.91 0
4 16 4.07 8.91 0 10.23 8.91 0 10.23 9.02 0 4.07 9.02 0
4 0 10.23 8.8 0 10.56 8.8 0 10.56 9.02 0 10.23 9.02 0
4 16 10.56 8.91 0 17.16 8.91 0 17.16 9.02 0 10.56 9.02 0
4 15 18.92 8.69 0 19.03 8.69 0 19.03 9.02 0 18.92 9.02 0
4 15 19.03 8.91 0 19.14 8.91 0 19.14 9.02 0 19.03 9.02 0
4 0 21.45 8.91 0 22 8.91 0 22 9.02 0 21.45 9.02 0
4 16 22 8.91 0 27.17 8.91 0 27.17 9.02 0 22 9.02 0
4 0 27.17 8.91 0 27.28 8.91 0 27.28 9.02 0 27.17 9.02 0
4 0 27.28 8.91 0 27.39 8.91 0 27.39 9.02 0 27.28 9.02 0
4 0 27.39 8.91 0 27.72 8.91 0 27.72 9.02 0 27.39 9.02 0
4 16 27.72 8.91 0 33.44 8.91 0 33.44 9.02 0 27.72 9.02 0
4 15 0 8.8 0 1.54 8.8 0 1.54 9.13 0 0 9.13 0
4 15 1.54 8.91 0 1.65 8.91 0 1.65 9.13 0 1.54 9.13 0
4 15 1.65 8.91 0 4.07 8.91 0 4.07 9.13 0 1.65 9.13 0
4 15 19.14 8.91 0 20.35 8.91 0 20.35 9.13 0 19.14 9.13 0
4 0 21.45 9.02 0 21.78 9.02 0 21.78 9.13 0 21.45 9.13 0
4 16 21.78 9.02 0 27.17 9.02 0 27.17 9.13 0 21.78 9.13 0
4 0 27.17 9.02 0 27.61 9.02 0 27.61 9.13 0 27.17 9.13 0
4 0 27.61 9.02 0 27.72 9.02 0 27.72 9.13 0 27.61 9.13 0
4 0 27.72 9.02 0 27.94 9.02 0 27.94 9.13 0 27.72 9.13 0
4 16 27.94 9.02 0 33.44 9.02 0 33.44 9.13 0 27.94 9.13 0
4 15 0 9.13 0 4.07 9.13 0 4.07 9.24 0 0 9.24 0
4 16 4.07 9.02 0 10.12 9.02 0 10.12 9.24 0 4.07 9.24 0
4 0 10.12 9.02 0 10.67 9.02 0 10.67 9.24 0 10.12 9.24 0
4 16 10.67 9.02 0 17.16 9.02 0 17.16 9.24 0 10.67 9.24 0
4 15 17.16 8.91 0 18.92 8.91 0 18.92 9.24 0 17.16 9.24 0
4 15 18.92 9.02 0 19.14 9.02 0 19.14 9.24 0 18.92 9.24 0
4 15 19.14 9.13 0 19.25 9.13 0 19.25 9.24 0 19.14 9.24 0
4 15 19.25 9.13 0 20.35 9.13 0 20.35 9.24 0 19.25 9.24 0
4 16 20.35 8.91 0 21.45 8.91 0 21.45 9.24 0 20.35 9.24 0
4 0 21.45 9.13 0 21.56 9.13 0 21.56 9.24 0 21.45 9.24 0
4 16 21.56 9.13 0 27.28 9.13 0 27.28 9.24 0 21.56 9.24 0
4 0 27.28 9.13 0 27.83 9.13 0 27.83 9.24 0 27.28 9.24 0
4 0 27.83 9.13 0 27.94 9.13 0 27.94 9.24 0 27.83 9.24 0
4 0 27.94 9.13 0 28.05 9.13 0 28.05 9.24 0 27.94 9.24 0
4 16 28.05 9.13 0 33.44 9.13 0 33.44 9.24 0 28.05 9.24 0
4 15 0 9.24 0 1.43 9.24 0 1.43 9.35 0 0 9.35 0
4 15 1.43 9.24 0 1.54 9.24 0 1.54 9.35 0 1.43 9.35 0
4 15 1.54 9.24 0 4.07 9.24 0 4.07 9.35 0 1.54 9.35 0
4 16 4.07 9.24 0 10.01 9.24 0 10.01 9.35 0 4.07 9.35 0
4 16 10.78 9.24 0 17.16 9.24 0 17.16 9.35 0 10.78 9.35 0
4 15 17.16 9.24 0 20.35 9.24 0 20.35 9.35 0 17.16 9.35 0
4 16 20.35 9.24 0 27.28 9.24 0 27.28 9.35 0 20.35 9.35 0
4 0 27.28 9.24 0 28.27 9.24 0 28.27 9.35 0 27.28 9.35 0
4 16 28.27 9.24 0 33.44 9.24 0 33.44 9.35 0 28.27 9.35 0
4 15 33.44 8.91 0 36.85 8.91 0 36.85 9.35 0 33.44 9.35 0
4 16 4.18 9.35 0 10.01 9.35 0 10.01 9.46 0 4.18 9.46 0
4 0 10.01 9.24 0 10.78 9.24 0 10.78 9.46 0 10.01 9.46 0
4 16 10.78 9.35 0 17.05 9.35 0 17.05 9.46 0 10.78 9.46 0
4 0 27.28 9.35 0 28.38 9.35 0 28.38 9.46 0 27.28 9.46 0
4 16 28.38 9.35 0 33.33 9.35 0 33.33 9.46 0 28.38 9.46 0
4 0 27.28 9.46 0 28.27 9.46 0 28.27 9.57 0 27.28 9.57 0
4 0 28.27 9.46 0 28.38 9.46 0 28.38 9.57 0 28.27 9.57 0
4 0 28.38 9.46 0 28.49 9.46 0 28.49 9.57 0 28.38 9.57 0
4 16 28.49 9.46 0 33.33 9.46 0 33.33 9.57 0 28.49 9.57 0
4 15 0 9.35 0 4.18 9.35 0 4.18 9.68 0 0 9.68 0
4 16 4.18 9.46 0 9.9 9.46 0 9.9 9.68 0 4.18 9.68 0
4 0 9.9 9.46 0 10.89 9.46 0 10.89 9.68 0 9.9 9.68 0
4 16 10.89 9.46 0 17.05 9.46 0 17.05 9.68 0 10.89 9.68 0
4 15 17.05 9.35 0 20.46 9.35 0 20.46 9.68 0 17.05 9.68 0
4 16 20.46 9.35 0 27.28 9.35 0 27.28 9.68 0 20.46 9.68 0
4 0 27.28 9.57 0 28.71 9.57 0 28.71 9.68 0 27.28 9.68 0
4 16 28.71 9.57 0 33.33 9.57 0 33.33 9.68 0 28.71 9.68 0
4 15 33.33 9.35 0 36.85 9.35 0 36.85 9.68 0 33.33 9.68 0
4 0 27.61 9.68 0 28.6 9.68 0 28.6 9.79 0 27.61 9.79 0
4 0 28.6 9.68 0 28.71 9.68 0 28.71 9.79 0 28.6 9.79 0
4 0 28.71 9.68 0 28.82 9.68 0 28.82 9.79 0 28.71 9.79 0
4 16 28.82 9.68 0 33.22 9.68 0 33.22 9.79 0 28.82 9.79 0
4 0 27.28 9.68 0 27.5 9.68 0 27.5 9.9 0 27.28 9.9 0
4 0 27.5 9.68 0 27.61 9.68 0 27.61 9.9 0 27.5 9.9 0
4 0 27.61 9.79 0 29.04 9.79 0 29.04 9.9 0 27.61 9.9 0
4 16 29.04 9.79 0 33.22 9.79 0 33.22 9.9 0 29.04 9.9 0
4 15 0 9.68 0 4.29 9.68 0 4.29 10.01 0 0 10.01 0
4 16 4.29 9.68 0 9.79 9.68 0 9.79 10.01 0 4.29 10.01 0
4 0 9.79 9.68 0 11 9.68 0 11 10.01 0 9.79 10.01 0
4 16 11 9.68 0 16.94 9.68 0 16.94 10.01 0 11 10.01 0
4 15 16.94 9.68 0 20.57 9.68 0 20.57 10.01 0 16.94 10.01 0
4 16 20.57 9.68 0 27.28 9.68 0 27.28 10.01 0 20.57 10.01 0
4 0 27.5 9.9 0 29.15 9.9 0 29.15 10.01 0 27.5 10.01 0
4 16 29.15 9.9 0 33.22 9.9 0 33.22 10.01 0 29.15 10.01 0
4 15 33.22 9.68 0 36.85 9.68 0 36.85 10.01 0 33.22 10.01 0
4 15 0 10.01 0 4.4 10.01 0 4.4 10.12 0 0 10.12 0
4 16 4.4 10.01 0 9.68 10.01 0 9.68 10.12 0 4.4 10.12 0
4 16 11.11 10.01 0 16.83 10.01 0 16.83 10.12 0 11.11 10.12 0
4 15 16.83 10.01 0 20.68 10.01 0 20.68 10.12 0 16.83 10.12 0
4 16 20.68 10.01 0 27.28 10.01 0 27.28 10.12 0 20.68 10.12 0
4 0 27.72 10.01 0 29.37 10.01 0 29.37 10.12 0 27.72 10.12 0
4 16 29.37 10.01 0 33.11 10.01 0 33.11 10.12 0 29.37 10.12 0
4 15 33.11 10.01 0 36.85 10.01 0 36.85 10.12 0 33.11 10.12 0
4 16 4.51 10.12 0 9.68 10.12 0 9.68 10.23 0 4.51 10.23 0
4 0 9.68 10.01 0 11.11 10.01 0 11.11 10.23 0 9.68 10.23 0
4 16 11.11 10.12 0 16.72 10.12 0 16.72 10.23 0 11.11 10.23 0
4 15 16.72 10.12 0 18.81 10.12 0 18.81 10.23 0 16.72 10.23 0
4 0 18.81 10.12 0 18.92 10.12 0 18.92 10.23 0 18.81 10.23 0
4 15 18.92 10.12 0 20.79 10.12 0 20.79 10.23 0 18.92 10.23 0
4 16 20.79 10.12 0 27.28 10.12 0 27.28 10.23 0 20.79 10.23 0
4 0 27.28 9.9 0 27.39 9.9 0 27.39 10.23 0 27.28 10.23 0
4 0 27.39 9.9 0 27.5 9.9 0 27.5 10.23 0 27.39 10.23 0
4 0 27.5 10.01 0 27.61 10.01 0 27.61 10.23 0 27.5 10.23 0
4 0 27.61 10.01 0 27.72 10.01 0 27.72 10.23 0 27.61 10.23 0
4 0 27.72 10.12 0 29.48 10.12 0 29.48 10.23 0 27.72 10.23 0
4 16 29.48 10.12 0 33 10.12 0 33 10.23 0 29.48 10.23 0
4 15 0 10.12 0 4.51 10.12 0 4.51 10.34 0 0 10.34 0
4 16 4.51 10.23 0 9.57 10.23 0 9.57 10.34 0 4.51 10.34 0
4 16 11.22 10.23 0 16.72 10.23 0 16.72 10.34 0 11.22 10.34 0
4 15 16.72 10.23 0 18.7 10.23 0 18.7 10.34 0 16.72 10.34 0
4 0 18.7 10.23 0 19.03 10.23 0 19.03 10.34 0 18.7 10.34 0
4 15 19.03 10.23 0 20.79 10.23 0 20.79 10.34 0 19.03 10.34 0
4 16 20.79 10.23 0 27.39 10.23 0 27.39 10.34 0 20.79 10.34 0
4 0 27.39 10.23 0 29.59 10.23 0 29.59 10.34 0 27.39 10.34 0
4 16 29.59 10.23 0 33 10.23 0 33 10.34 0 29.59 10.34 0
4 15 33 10.12 0 36.85 10.12 0 36.85 10.34 0 33 10.34 0
4 16 4.62 10.34 0 9.57 10.34 0 9.57 10.45 0 4.62 10.45 0
4 0 9.57 10.23 0 11.22 10.23 0 11.22 10.45 0 9.57 10.45 0
4 16 11.22 10.34 0 16.61 10.34 0 16.61 10.45 0 11.22 10.45 0
4 15 16.61 10.34 0 18.59 10.34 0 18.59 10.45 0 16.61 10.45 0
4 0 18.59 10.34 0 19.14 10.34 0 19.14 10.45 0 18.59 10.45 0
4 15 19.14 10.34 0 20.9 10.34 0 20.9 10.45 0 19.14 10.45 0
4 0 27.39 10.34 0 29.81 10.34 0 29.81 10.45 0 27.39 10.45 0
4 16 29.81 10.34 0 32.89 10.34 0 32.89 10.45 0 29.81 10.45 0
4 15 0 10.34 0 4.62 10.34 0 4.62 10.56 0 0 10.56 0
4 16 4.62 10.45 0 9.46 10.45 0 9.46 10.56 0 4.62 10.56 0
4 16 11.33 10.45 0 16.61 10.45 0 16.61 10.56 0 11.33 10.56 0
4 15 16.61 10.45 0 18.48 10.45 0 18.48 10.56 0 16.61 10.56 0
4 0 18.48 10.45 0 19.25 10.45 0 19.25 10.56 0 18.48 10.56 0
4 15 19.25 10.45 0 20.9 10.45 0 20.9 10.56 0 19.25 10.56 0
4 16 20.9 10.34 0 27.39 10.34 0 27.39 10.56 0 20.9 10.56 0
4 0 27.39 10.45 0 29.92 10.45 0 29.92 10.56 0 27.39 10.56 0
4 16 29.92 10.45 0 32.89 10.45 0 32.89 10.56 0 29.92 10.56 0
4 15 32.89 10.34 0 36.85 10.34 0 36.85 10.56 0 32.89 10.56 0
4 16 4.73 10.56 0 9.46 10.56 0 9.46 10.67 0 4.73 10.67 0
4 0 9.46 10.45 0 11.33 10.45 0 11.33 10.67 0 9.46 10.67 0
4 16 11.33 10.56 0 16.5 10.56 0 16.5 10.67 0 11.33 10.67 0
4 15 16.5 10.56 0 18.37 10.56 0 18.37 10.67 0 16.5 10.67 0
4 0 18.37 10.56 0 19.36 10.56 0 19.36 10.67 0 18.37 10.67 0
4 15 19.36 10.56 0 21.01 10.56 0 21.01 10.67 0 19.36 10.67 0
4 0 27.39 10.56 0 29.81 10.56 0 29.81 10.67 0 27.39 10.67 0
4 0 29.81 10.56 0 29.92 10.56 0 29.92 10.67 0 29.81 10.67 0
4 0 29.92 10.56 0 30.14 10.56 0 30.14 10.67 0 29.92 10.67 0
4 16 30.14 10.56 0 32.78 10.56 0 32.78 10.67 0 30.14 10.67 0
4 15 0 10.56 0 4.73 10.56 0 4.73 10.78 0 0 10.78 0
4 16 4.73 10.67 0 9.35 10.67 0 9.35 10.78 0 4.73 10.78 0
4 16 11.44 10.67 0 16.5 10.67 0 16.5 10.78 0 11.44 10.78 0
4 15 16.5 10.67 0 18.26 10.67 0 18.26 10.78 0 16.5 10.78 0
4 0 18.26 10.67 0 19.47 10.67 0 19.47 10.78 0 18.26 10.78 0
4 15 19.47 10.67 0 21.01 10.67 0 21.01 10.78 0 19.47 10.78 0
4 16 21.01 10.56 0 27.39 10.56 0 27.39 10.78 0 21.01 10.78 0
4 0 27.39 10.67 0 30.03 10.67 0 30.03 10.78 0 27.39 10.78 0
4 0 30.03 10.67 0 30.14 10.67 0 30.14 10.78 0 30.03 10.78 0
4 0 30.14 10.67 0 30.25 10.67 0 30.25 10.78 0 30.14 10.78 0
4 16 30.25 10.67 0 32.78 10.67 0 32.78 10.78 0 30.25 10.78 0
4 15 32.78 10.56 0 36.85 10.56 0 36.85 10.78 0 32.78 10.78 0
4 16 4.84 10.78 0 9.35 10.78 0 9.35 10.89 0 4.84 10.89 0
4 0 9.35 10.67 0 11.44 10.67 0 11.44 10.89 0 9.35 10.89 0
4 16 11.44 10.78 0 16.39 10.78 0 16.39 10.89 0 11.44 10.89 0
4 15 16.39 10.78 0 18.15 10.78 0 18.15 10.89 0 16.39 10.89 0
4 0 18.15 10.78 0 19.58 10.78 0 19.58 10.89 0 18.15 10.89 0
4 15 19.58 10.78 0 21.12 10.78 0 21.12 10.89 0 19.58 10.89 0
4 0 27.39 10.78 0 30.36 10.78 0 30.36 10.89 0 27.39 10.89 0
4 16 30.36 10.78 0 32.67 10.78 0 32.67 10.89 0 30.36 10.89 0
4 15 0 10.78 0 4.84 10.78 0 4.84 11 0 0 11 0
4 16 4.84 10.89 0 9.24 10.89 0 9.24 11 0 4.84 11 0
4 16 11.55 10.89 0 16.39 10.89 0 16.39 11 0 11.55 11 0
4 15 16.39 10.89 0 18.04 10.89 0 18.04 11 0 16.39 11 0
4 0 18.04 10.89 0 19.69 10.89 0 19.69 11 0 18.04 11 0
4 15 19.69 10.89 0 21.12 10.89 0 21.12 11 0 19.69 11 0
4 16 21.12 10.78 0 27.39 10.78 0 27.39 11 0 21.12 11 0
4 0 27.61 10.89 0 30.58 10.89 0 30.58 11 0 27.61 11 0
4 16 30.58 10.89 0 32.67 10.89 0 32.67 11 0 30.58 11 0
4 15 32.67 10.78 0 36.85 10.78 0 36.85 11 0 32.67 11 0
4 15 0 11 0 4.95 11 0 4.95 11.11 0 0 11.11 0
4 16 4.95 11 0 9.24 11 0 9.24 11.11 0 4.95 11.11 0
4 0 9.24 10.89 0 11.55 10.89 0 11.55 11.11 0 9.24 11.11 0
4 16 11.55 11 0 16.28 11 0 16.28 11.11 0 11.55 11.11 0
4 15 16.28 11 0 17.93 11 0 17.93 11.11 0 16.28 11.11 0
4 0 17.93 11 0 19.8 11 0 19.8 11.11 0 17.93 11.11 0
4 15 19.8 11 0 21.23 11 0 21.23 11.11 0 19.8 11.11 0
4 16 21.23 11 0 27.39 11 0 27.39 11.11 0 21.23 11.11 0
4 0 27.61 11 0 30.69 11 0 30.69 11.11 0 27.61 11.11 0
4 16 30.69 11 0 32.56 11 0 32.56 11.11 0 30.69 11.11 0
4 15 32.56 11 0 36.85 11 0 36.85 11.11 0 32.56 11.11 0
4 15 1.43 11.11 0 1.87 11.11 0 1.87 11.22 0 1.43 11.22 0
4 15 1.87 11.11 0 5.06 11.11 0 5.06 11.22 0 1.87 11.22 0
4 16 5.06 11.11 0 9.13 11.11 0 9.13 11.22 0 5.06 11.22 0
4 16 11.66 11.11 0 16.17 11.11 0 16.17 11.22 0 11.66 11.22 0
4 15 16.17 11.11 0 17.82 11.11 0 17.82 11.22 0 16.17 11.22 0
4 0 17.82 11.11 0 19.91 11.11 0 19.91 11.22 0 17.82 11.22 0
4 15 19.91 11.11 0 21.34 11.11 0 21.34 11.22 0 19.91 11.22 0
4 16 21.34 11.11 0 27.39 11.11 0 27.39 11.22 0 21.34 11.22 0
4 0 27.39 10.89 0 27.5 10.89 0 27.5 11.22 0 27.39 11.22 0
4 0 27.5 10.89 0 27.61 10.89 0 27.61 11.22 0 27.5 11.22 0
4 0 27.61 11.11 0 30.25 11.11 0 30.25 11.22 0 27.61 11.22 0
4 0 30.25 11.11 0 30.36 11.11 0 30.36 11.22 0 30.25 11.22 0
4 0 30.36 11.11 0 30.58 11.11 0 30.58 11.22 0 30.36 11.22 0
4 16 30.58 11.11 0 32.45 11.11 0 32.45 11.22 0 30.58 11.22 0
4 15 32.45 11.11 0 36.85 11.11 0 36.85 11.22 0 32.45 11.22 0
4 15 1.43 11.22 0 1.65 11.22 0 1.65 11.33 0 1.43 11.33 0
4 15 1.65 11.22 0 1.76 11.22 0 1.76 11.33 0 1.65 11.33 0
4 15 16.06 11.22 0 17.71 11.22 0 17.71 11.33 0 16.06 11.33 0
4 0 17.71 11.22 0 20.02 11.22 0 20.02 11.33 0 17.71 11.33 0
4 15 20.02 11.22 0 21.45 11.22 0 21.45 11.33 0 20.02 11.33 0
4 0 27.5 11.22 0 30.03 11.22 0 30.03 11.33 0 27.5 11.33 0
4 0 30.14 11.22 0 30.36 11.22 0 30.36 11.33 0 30.14 11.33 0
4 16 30.36 11.22 0 32.34 11.22 0 32.34 11.33 0 30.36 11.33 0
4 15 0 11.11 0 1.43 11.11 0 1.43 11.44 0 0 11.44 0
4 15 1.43 11.33 0 1.76 11.33 0 1.76 11.44 0 1.43 11.44 0
4 15 1.87 11.22 0 1.98 11.22 0 1.98 11.44 0 1.87 11.44 0
4 15 1.98 11.22 0 5.17 11.22 0 5.17 11.44 0 1.98 11.44 0
4 16 5.17 11.22 0 9.13 11.22 0 9.13 11.44 0 5.17 11.44 0
4 0 9.13 11.11 0 11.66 11.11 0 11.66 11.44 0 9.13 11.44 0
4 16 11.66 11.22 0 16.06 11.22 0 16.06 11.44 0 11.66 11.44 0
4 15 16.06 11.33 0 17.6 11.33 0 17.6 11.44 0 16.06 11.44 0
4 0 17.6 11.33 0 20.13 11.33 0 20.13 11.44 0 17.6 11.44 0
4 15 20.13 11.33 0 21.45 11.33 0 21.45 11.44 0 20.13 11.44 0
4 16 21.45 11.22 0 27.5 11.22 0 27.5 11.44 0 21.45 11.44 0
4 0 27.61 11.33 0 27.83 11.33 0 27.83 11.44 0 27.61 11.44 0
4 0 27.83 11.33 0 29.92 11.33 0 29.92 11.44 0 27.83 11.44 0
4 0 29.92 11.33 0 30.03 11.33 0 30.03 11.44 0 29.92 11.44 0
4 0 30.03 11.22 0 30.14 11.22 0 30.14 11.44 0 30.03 11.44 0
4 16 30.14 11.33 0 32.34 11.33 0 32.34 11.44 0 30.14 11.44 0
4 15 32.34 11.22 0 36.85 11.22 0 36.85 11.44 0 32.34 11.44 0
4 15 0 11.44 0 1.54 11.44 0 1.54 11.55 0 0 11.55 0
4 15 1.54 11.44 0 1.76 11.44 0 1.76 11.55 0 1.54 11.55 0
4 15 1.76 11.22 0 1.87 11.22 0 1.87 11.55 0 1.76 11.55 0
4 15 2.09 11.44 0 5.28 11.44 0 5.28 11.55 0 2.09 11.55 0
4 16 5.28 11.44 0 9.02 11.44 0 9.02 11.55 0 5.28 11.55 0
4 16 11.77 11.44 0 15.95 11.44 0 15.95 11.55 0 11.77 11.55 0
4 15 15.95 11.44 0 17.49 11.44 0 17.49 11.55 0 15.95 11.55 0
4 0 17.49 11.44 0 20.24 11.44 0 20.24 11.55 0 17.49 11.55 0
4 15 20.24 11.44 0 21.56 11.44 0 21.56 11.55 0 20.24 11.55 0
4 16 21.56 11.44 0 27.5 11.44 0 27.5 11.55 0 21.56 11.55 0
4 0 27.72 11.44 0 29.7 11.44 0 29.7 11.55 0 27.72 11.55 0
4 0 29.7 11.44 0 29.81 11.44 0 29.81 11.55 0 29.7 11.55 0
4 0 29.81 11.44 0 30.03 11.44 0 30.03 11.55 0 29.81 11.55 0
4 16 30.03 11.44 0 32.23 11.44 0 32.23 11.55 0 30.03 11.55 0
4 15 32.23 11.44 0 34.43 11.44 0 34.43 11.55 0 32.23 11.55 0
4 15 34.43 11.44 0 34.65 11.44 0 34.65 11.55 0 34.43 11.55 0
4 15 34.65 11.44 0 36.85 11.44 0 36.85 11.55 0 34.65 11.55 0
4 15 1.87 11.44 0 2.09 11.44 0 2.09 11.66 0 1.87 11.66 0
4 15 2.09 11.55 0 5.39 11.55 0 5.39 11.66 0 2.09 11.66 0
4 16 5.39 11.55 0 9.02 11.55 0 9.02 11.66 0 5.39 11.66 0
4 0 9.02 11.44 0 11.77 11.44 0 11.77 11.66 0 9.02 11.66 0
4 16 11.77 11.55 0 15.84 11.55 0 15.84 11.66 0 11.77 11.66 0
4 15 15.84 11.55 0 17.38 11.55 0 17.38 11.66 0 15.84 11.66 0
4 0 17.38 11.55 0 20.35 11.55 0 20.35 11.66 0 17.38 11.66 0
4 15 20.35 11.55 0 21.67 11.55 0 21.67 11.66 0 20.35 11.66 0
4 16 21.67 11.55 0 27.5 11.55 0 27.5 11.66 0 21.67 11.66 0
4 0 27.72 11.55 0 29.81 11.55 0 29.81 11.66 0 27.72 11.66 0
4 16 29.81 11.55 0 32.12 11.55 0 32.12 11.66 0 29.81 11.66 0
4 15 32.12 11.55 0 36.85 11.55 0 36.85 11.66 0 32.12 11.66 0
4 15 0 11.55 0 1.65 11.55 0 1.65 11.77 0 0 11.77 0
4 15 1.65 11.55 0 1.87 11.55 0 1.87 11.77 0 1.65 11.77 0
4 15 1.87 11.66 0 1.98 11.66 0 1.98 11.77 0 1.87 11.77 0
4 15 1.98 11.66 0 5.5 11.66 0 5.5 11.77 0 1.98 11.77 0
4 16 5.5 11.66 0 8.91 11.66 0 8.91 11.77 0 5.5 11.77 0
4 16 11.88 11.66 0 15.73 11.66 0 15.73 11.77 0 11.88 11.77 0
4 15 15.73 11.66 0 17.27 11.66 0 17.27 11.77 0 15.73 11.77 0
4 0 17.27 11.66 0 20.46 11.66 0 20.46 11.77 0 17.27 11.77 0
4 15 20.46 11.66 0 21.78 11.66 0 21.78 11.77 0 20.46 11.77 0
4 16 21.78 11.66 0 27.5 11.66 0 27.5 11.77 0 21.78 11.77 0
4 0 27.72 11.66 0 27.83 11.66 0 27.83 11.77 0 27.72 11.77 0
4 0 27.83 11.66 0 27.94 11.66 0 27.94 11.77 0 27.83 11.77 0
4 0 27.94 11.66 0 29.37 11.66 0 29.37 11.77 0 27.94 11.77 0
4 0 29.37 11.66 0 29.48 11.66 0 29.48 11.77 0 29.37 11.77 0
4 0 29.48 11.66 0 29.59 11.66 0 29.59 11.77 0 29.48 11.77 0
4 16 29.59 11.66 0 32.01 11.66 0 32.01 11.77 0 29.59 11.77 0
4 15 32.01 11.66 0 36.85 11.66 0 36.85 11.77 0 32.01 11.77 0
4 15 1.76 11.77 0 1.98 11.77 0 1.98 11.88 0 1.76 11.88 0
4 15 1.98 11.77 0 5.61 11.77 0 5.61 11.88 0 1.98 11.88 0
4 16 5.61 11.77 0 8.91 11.77 0 8.91 11.88 0 5.61 11.88 0
4 0 8.91 11.66 0 11.88 11.66 0 11.88 11.88 0 8.91 11.88 0
4 16 11.88 11.77 0 15.62 11.77 0 15.62 11.88 0 11.88 11.88 0
4 15 15.62 11.77 0 17.16 11.77 0 17.16 11.88 0 15.62 11.88 0
4 0 17.16 11.77 0 20.57 11.77 0 20.57 11.88 0 17.16 11.88 0
4 15 20.57 11.77 0 21.89 11.77 0 21.89 11.88 0 20.57 11.88 0
4 16 21.89 11.77 0 27.5 11.77 0 27.5 11.88 0 21.89 11.88 0
4 0 27.5 11.33 0 27.61 11.33 0 27.61 11.88 0 27.5 11.88 0
4 0 27.61 11.44 0 27.72 11.44 0 27.72 11.88 0 27.61 11.88 0
4 0 27.72 11.77 0 29.15 11.77 0 29.15 11.88 0 27.72 11.88 0
4 0 29.15 11.77 0 29.26 11.77 0 29.26 11.88 0 29.15 11.88 0
4 0 29.26 11.77 0 29.48 11.77 0 29.48 11.88 0 29.26 11.88 0
4 16 29.48 11.77 0 31.9 11.77 0 31.9 11.88 0 29.48 11.88 0
4 15 31.9 11.77 0 36.85 11.77 0 36.85 11.88 0 31.9 11.88 0
4 15 0 11.77 0 1.76 11.77 0 1.76 11.99 0 0 11.99 0
4 15 1.76 11.88 0 1.87 11.88 0 1.87 11.99 0 1.76 11.99 0
4 15 15.51 11.88 0 17.05 11.88 0 17.05 11.99 0 15.51 11.99 0
4 0 17.05 11.88 0 20.68 11.88 0 20.68 11.99 0 17.05 11.99 0
4 15 20.68 11.88 0 22 11.88 0 22 11.99 0 20.68 11.99 0
4 0 27.5 11.88 0 29.26 11.88 0 29.26 11.99 0 27.5 11.99 0
4 16 29.26 11.88 0 31.79 11.88 0 31.79 11.99 0 29.26 11.99 0
4 15 1.98 11.88 0 5.72 11.88 0 5.72 12.1 0 1.98 12.1 0
4 16 5.72 11.88 0 8.8 11.88 0 8.8 12.1 0 5.72 12.1 0
4 0 8.8 11.88 0 11.99 11.88 0 11.99 12.1 0 8.8 12.1 0
4 16 11.99 11.88 0 15.51 11.88 0 15.51 12.1 0 11.99 12.1 0
4 15 15.51 11.99 0 16.94 11.99 0 16.94 12.1 0 15.51 12.1 0
4 0 16.94 11.99 0 20.79 11.99 0 20.79 12.1 0 16.94 12.1 0
4 15 20.79 11.99 0 22 11.99 0 22 12.1 0 20.79 12.1 0
4 16 22 11.88 0 27.5 11.88 0 27.5 12.1 0 22 12.1 0
4 0 27.5 11.99 0 29.04 11.99 0 29.04 12.1 0 27.5 12.1 0
4 16 29.04 11.99 0 31.79 11.99 0 31.79 12.1 0 29.04 12.1 0
4 15 31.79 11.88 0 36.85 11.88 0 36.85 12.1 0 31.79 12.1 0
4 15 0 11.99 0 1.87 11.99 0 1.87 12.21 0 0 12.21 0
4 15 1.87 11.88 0 1.98 11.88 0 1.98 12.21 0 1.87 12.21 0
4 15 1.98 12.1 0 5.94 12.1 0 5.94 12.21 0 1.98 12.21 0
4 16 5.94 12.1 0 8.69 12.1 0 8.69 12.21 0 5.94 12.21 0
4 16 12.1 12.1 0 15.29 12.1 0 15.29 12.21 0 12.1 12.21 0
4 15 15.29 12.1 0 16.83 12.1 0 16.83 12.21 0 15.29 12.21 0
4 0 16.83 12.1 0 20.9 12.1 0 20.9 12.21 0 16.83 12.21 0
4 15 20.9 12.1 0 22.22 12.1 0 22.22 12.21 0 20.9 12.21 0
4 16 22.22 12.1 0 27.5 12.1 0 27.5 12.21 0 22.22 12.21 0
4 0 27.5 12.1 0 28.82 12.1 0 28.82 12.21 0 27.5 12.21 0
4 16 28.82 12.1 0 31.57 12.1 0 31.57 12.21 0 28.82 12.21 0
4 15 31.57 12.1 0 36.85 12.1 0 36.85 12.21 0 31.57 12.21 0
4 15 0 12.21 0 6.05 12.21 0 6.05 12.32 0 0 12.32 0
4 16 6.05 12.21 0 8.69 12.21 0 8.69 12.32 0 6.05 12.32 0
4 0 8.69 12.1 0 12.1 12.1 0 12.1 12.32 0 8.69 12.32 0
4 16 12.1 12.21 0 15.18 12.21 0 15.18 12.32 0 12.1 12.32 0
4 15 15.18 12.21 0 16.72 12.21 0 16.72 12.32 0 15.18 12.32 0
4 0 16.72 12.21 0 21.01 12.21 0 21.01 12.32 0 16.72 12.32 0
4 15 21.01 12.21 0 22.33 12.21 0 22.33 12.32 0 21.01 12.32 0
4 16 22.33 12.21 0 27.5 12.21 0 27.5 12.32 0 22.33 12.32 0
4 0 27.5 12.21 0 28.71 12.21 0 28.71 12.32 0 27.5 12.32 0
4 16 28.71 12.21 0 31.46 12.21 0 31.46 12.32 0 28.71 12.32 0
4 15 31.46 12.21 0 36.85 12.21 0 36.85 12.32 0 31.46 12.32 0
4 15 0 12.32 0 6.16 12.32 0 6.16 12.43 0 0 12.43 0
4 16 6.16 12.32 0 8.58 12.32 0 8.58 12.43 0 6.16 12.43 0
4 16 12.21 12.32 0 15.07 12.32 0 15.07 12.43 0 12.21 12.43 0
4 15 15.07 12.32 0 16.61 12.32 0 16.61 12.43 0 15.07 12.43 0
4 0 16.61 12.32 0 21.12 12.32 0 21.12 12.43 0 16.61 12.43 0
4 15 21.12 12.32 0 22.44 12.32 0 22.44 12.43 0 21.12 12.43 0
4 16 22.44 12.32 0 27.61 12.32 0 27.61 12.43 0 22.44 12.43 0
4 0 27.61 12.32 0 28.49 12.32 0 28.49 12.43 0 27.61 12.43 0
4 16 28.49 12.32 0 31.35 12.32 0 31.35 12.43 0 28.49 12.43 0
4 15 31.35 12.32 0 36.85 12.32 0 36.85 12.43 0 31.35 12.43 0
4 15 0 12.43 0 6.27 12.43 0 6.27 12.54 0 0 12.54 0
4 16 6.27 12.43 0 8.58 12.43 0 8.58 12.54 0 6.27 12.54 0
4 0 8.58 12.32 0 12.21 12.32 0 12.21 12.54 0 8.58 12.54 0
4 16 12.21 12.43 0 14.96 12.43 0 14.96 12.54 0 12.21 12.54 0
4 15 14.96 12.43 0 16.5 12.43 0 16.5 12.54 0 14.96 12.54 0
4 0 16.5 12.43 0 21.23 12.43 0 21.23 12.54 0 16.5 12.54 0
4 15 21.23 12.43 0 22.55 12.43 0 22.55 12.54 0 21.23 12.54 0
4 16 22.55 12.43 0 27.61 12.43 0 27.61 12.54 0 22.55 12.54 0
4 0 27.61 12.43 0 28.27 12.43 0 28.27 12.54 0 27.61 12.54 0
4 16 28.27 12.43 0 31.24 12.43 0 31.24 12.54 0 28.27 12.54 0
4 15 31.24 12.43 0 36.85 12.43 0 36.85 12.54 0 31.24 12.54 0
4 15 0 12.54 0 6.38 12.54 0 6.38 12.65 0 0 12.65 0
4 16 6.38 12.54 0 14.85 12.54 0 14.85 12.65 0 6.38 12.65 0
4 15 14.85 12.54 0 16.39 12.54 0 16.39 12.65 0 14.85 12.65 0
4 0 16.39 12.54 0 21.34 12.54 0 21.34 12.65 0 16.39 12.65 0
4 15 21.34 12.54 0 22.66 12.54 0 22.66 12.65 0 21.34 12.65 0
4 16 22.66 12.54 0 27.61 12.54 0 27.61 12.65 0 22.66 12.65 0
4 0 27.61 12.54 0 28.16 12.54 0 28.16 12.65 0 27.61 12.65 0
4 16 28.16 12.54 0 31.13 12.54 0 31.13 12.65 0 28.16 12.65 0
4 15 31.13 12.54 0 36.85 12.54 0 36.85 12.65 0 31.13 12.65 0
4 15 0 12.65 0 6.6 12.65 0 6.6 12.76 0 0 12.76 0
4 16 6.6 12.65 0 14.63 12.65 0 14.63 12.76 0 6.6 12.76 0
4 15 14.63 12.65 0 16.28 12.65 0 16.28 12.76 0 14.63 12.76 0
4 0 16.28 12.65 0 21.45 12.65 0 21.45 12.76 0 16.28 12.76 0
4 15 21.45 12.65 0 22.88 12.65 0 22.88 12.76 0 21.45 12.76 0
4 16 22.88 12.65 0 27.61 12.65 0 27.61 12.76 0 22.88 12.76 0
4 0 27.61 12.65 0 27.94 12.65 0 27.94 12.76 0 27.61 12.76 0
4 16 27.94 12.65 0 30.91 12.65 0 30.91 12.76 0 27.94 12.76 0
4 15 30.91 12.65 0 36.85 12.65 0 36.85 12.76 0 30.91 12.76 0
4 15 0 12.76 0 6.71 12.76 0 6.71 12.87 0 0 12.87 0
4 16 6.71 12.76 0 14.52 12.76 0 14.52 12.87 0 6.71 12.87 0
4 15 14.52 12.76 0 16.17 12.76 0 16.17 12.87 0 14.52 12.87 0
4 0 16.17 12.76 0 21.56 12.76 0 21.56 12.87 0 16.17 12.87 0
4 15 21.56 12.76 0 22.99 12.76 0 22.99 12.87 0 21.56 12.87 0
4 16 22.99 12.76 0 27.61 12.76 0 27.61 12.87 0 22.99 12.87 0
4 0 27.61 12.76 0 27.72 12.76 0 27.72 12.87 0 27.61 12.87 0
4 16 27.72 12.76 0 30.8 12.76 0 30.8 12.87 0 27.72 12.87 0
4 15 30.8 12.76 0 36.85 12.76 0 36.85 12.87 0 30.8 12.87 0
4 15 0 12.87 0 6.82 12.87 0 6.82 12.98 0 0 12.98 0
4 16 6.82 12.87 0 14.41 12.87 0 14.41 12.98 0 6.82 12.98 0
4 15 14.41 12.87 0 16.06 12.87 0 16.06 12.98 0 14.41 12.98 0
4 0 16.06 12.87 0 21.67 12.87 0 21.67 12.98 0 16.06 12.98 0
4 15 21.67 12.87 0 23.1 12.87 0 23.1 12.98 0 21.67 12.98 0
4 16 23.1 12.87 0 30.69 12.87 0 30.69 12.98 0 23.1 12.98 0
4 15 30.69 12.87 0 36.85 12.87 0 36.85 12.98 0 30.69 12.98 0
4 15 0 12.98 0 7.04 12.98 0 7.04 13.09 0 0 13.09 0
4 16 7.04 12.98 0 14.19 12.98 0 14.19 13.09 0 7.04 13.09 0
4 15 14.19 12.98 0 15.95 12.98 0 15.95 13.09 0 14.19 13.09 0
4 0 15.95 12.98 0 21.78 12.98 0 21.78 13.09 0 15.95 13.09 0
4 15 21.78 12.98 0 23.32 12.98 0 23.32 13.09 0 21.78 13.09 0
4 16 23.32 12.98 0 30.47 12.98 0 30.47 13.09 0 23.32 13.09 0
4 15 30.47 12.98 0 36.85 12.98 0 36.85 13.09 0 30.47 13.09 0
4 15 0 13.09 0 7.26 13.09 0 7.26 13.2 0 0 13.2 0
4 16 7.26 13.09 0 13.97 13.09 0 13.97 13.2 0 7.26 13.2 0
4 15 13.97 13.09 0 15.84 13.09 0 15.84 13.2 0 13.97 13.2 0
4 0 15.84 13.09 0 21.89 13.09 0 21.89 13.2 0 15.84 13.2 0
4 15 21.89 13.09 0 23.54 13.09 0 23.54 13.2 0 21.89 13.2 0
4 16 23.54 13.09 0 30.25 13.09 0 30.25 13.2 0 23.54 13.2 0
4 15 30.25 13.09 0 36.85 13.09 0 36.85 13.2 0 30.25 13.2 0
4 15 0 13.2 0 7.48 13.2 0 7.48 13.31 0 0 13.31 0
4 16 7.48 13.2 0 13.75 13.2 0 13.75 13.31 0 7.48 13.31 0
4 15 13.75 13.2 0 15.73 13.2 0 15.73 13.31 0 13.75 13.31 0
4 0 15.73 13.2 0 22 13.2 0 22 13.31 0 15.73 13.31 0
4 15 22 13.2 0 23.76 13.2 0 23.76 13.31 0 22 13.31 0
4 16 23.76 13.2 0 30.03 13.2 0 30.03 13.31 0 23.76 13.31 0
4 15 30.03 13.2 0 36.85 13.2 0 36.85 13.31 0 30.03 13.31 0
4 15 0 13.31 0 7.7 13.31 0 7.7 13.42 0 0 13.42 0
4 16 7.7 13.31 0 13.53 13.31 0 13.53 13.42 0 7.7 13.42 0
4 15 13.53 13.31 0 15.62 13.31 0 15.62 13.42 0 13.53 13.42 0
4 0 15.62 13.31 0 22.11 13.31 0 22.11 13.42 0 15.62 13.42 0
4 15 22.11 13.31 0 23.98 13.31 0 23.98 13.42 0 22.11 13.42 0
4 16 23.98 13.31 0 29.81 13.31 0 29.81 13.42 0 23.98 13.42 0
4 15 29.81 13.31 0 36.85 13.31 0 36.85 13.42 0 29.81 13.42 0
4 15 0 13.42 0 7.92 13.42 0 7.92 13.53 0 0 13.53 0
4 16 7.92 13.42 0 13.31 13.42 0 13.31 13.53 0 7.92 13.53 0
4 15 13.31 13.42 0 15.51 13.42 0 15.51 13.53 0 13.31 13.53 0
4 0 15.51 13.42 0 22.22 13.42 0 22.22 13.53 0 15.51 13.53 0
4 15 22.22 13.42 0 24.2 13.42 0 24.2 13.53 0 22.22 13.53 0
4 16 24.2 13.42 0 29.59 13.42 0 29.59 13.53 0 24.2 13.53 0
4 15 29.59 13.42 0 36.85 13.42 0 36.85 13.53 0 29.59 13.53 0
4 15 0 13.53 0 8.25 13.53 0 8.25 13.64 0 0 13.64 0
4 16 8.25 13.53 0 12.98 13.53 0 12.98 13.64 0 8.25 13.64 0
4 15 12.98 13.53 0 15.4 13.53 0 15.4 13.64 0 12.98 13.64 0
4 0 15.4 13.53 0 22.33 13.53 0 22.33 13.64 0 15.4 13.64 0
4 15 22.33 13.53 0 24.53 13.53 0 24.53 13.64 0 22.33 13.64 0
4 16 24.53 13.53 0 29.26 13.53 0 29.26 13.64 0 24.53 13.64 0
4 15 29.26 13.53 0 36.85 13.53 0 36.85 13.64 0 29.26 13.64 0
4 15 0 13.64 0 8.58 13.64 0 8.58 13.75 0 0 13.75 0
4 16 8.58 13.64 0 12.65 13.64 0 12.65 13.75 0 8.58 13.75 0
4 15 12.65 13.64 0 15.29 13.64 0 15.29 13.75 0 12.65 13.75 0
4 0 15.29 13.64 0 22.44 13.64 0 22.44 13.75 0 15.29 13.75 0
4 15 22.44 13.64 0 24.86 13.64 0 24.86 13.75 0 22.44 13.75 0
4 16 24.86 13.64 0 28.93 13.64 0 28.93 13.75 0 24.86 13.75 0
4 15 28.93 13.64 0 36.85 13.64 0 36.85 13.75 0 28.93 13.75 0
4 15 0 13.75 0 8.91 13.75 0 8.91 13.86 0 0 13.86 0
4 16 8.91 13.75 0 12.32 13.75 0 12.32 13.86 0 8.91 13.86 0
4 15 12.32 13.75 0 15.18 13.75 0 15.18 13.86 0 12.32 13.86 0
4 0 15.18 13.75 0 22.55 13.75 0 22.55 13.86 0 15.18 13.86 0
4 15 22.55 13.75 0 25.19 13.75 0 25.19 13.86 0 22.55 13.86 0
4 16 25.19 13.75 0 28.6 13.75 0 28.6 13.86 0 25.19 13.86 0
4 15 28.6 13.75 0 36.85 13.75 0 36.85 13.86 0 28.6 13.86 0
4 15 0 13.86 0 9.46 13.86 0 9.46 13.97 0 0 13.97 0
4 16 9.46 13.86 0 11.66 13.86 0 11.66 13.97 0 9.46 13.97 0
4 15 11.66 13.86 0 15.07 13.86 0 15.07 13.97 0 11.66 13.97 0
4 0 15.07 13.86 0 22.66 13.86 0 22.66 13.97 0 15.07 13.97 0
4 15 22.66 13.86 0 25.74 13.86 0 25.74 13.97 0 22.66 13.97 0
4 16 25.74 13.86 0 27.94 13.86 0 27.94 13.97 0 25.74 13.97 0
4 15 27.94 13.86 0 36.85 13.86 0 36.85 13.97 0 27.94 13.97 0
4 15 0 13.97 0 14.96 13.97 0 14.96 14.08 0 0 14.08 0
4 0 14.96 13.97 0 22.77 13.97 0 22.77 14.08 0 14.96 14.08 0
4 15 22.77 13.97 0 36.85 13.97 0 36.85 14.08 0 22.77 14.08 0
4 15 0 14.08 0 14.85 14.08 0 14.85 14.19 0 0 14.19 0
4 0 14.85 14.08 0 22.88 14.08 0 22.88 14.19 0 14.85 14.19 0
4 15 22.88 14.08 0 36.85 14.08 0 36.85 14.19 0 22.88 14.19 0
4 15 0 14.19 0 14.74 14.19 0 14.74 14.3 0 0 14.3 0
4 0 14.74 14.19 0 22.99 14.19 0 22.99 14.3 0 14.74 14.3 0
4 15 22.99 14.19 0 36.85 14.19 0 36.85 14.3 0 22.99 14.3 0
4 15 0 14.3 0 14.63 14.3 0 14.63 14.41 0 0 14.41 0
4 0 14.63 14.3 0 23.1 14.3 0 23.1 14.41 0 14.63 14.41 0
4 15 23.1 14.3 0 36.85 14.3 0 36.85 14.41 0 23.1 14.41 0
4 15 0 14.41 0 14.52 14.41 0 14.52 14.52 0 0 14.52 0
4 0 14.52 14.41 0 23.21 14.41 0 23.21 14.52 0 14.52 14.52 0
4 15 23.21 14.41 0 36.85 14.41 0 36.85 14.52 0 23.21 14.52 0
4 15 0 14.52 0 14.41 14.52 0 14.41 14.63 0 0 14.63 0
4 0 14.41 14.52 0 23.32 14.52 0 23.32 14.63 0 14.41 14.63 0
4 15 23.32 14.52 0 36.85 14.52 0 36.85 14.63 0 23.32 14.63 0
4 15 0 14.63 0 14.3 14.63 0 14.3 14.74 0 0 14.74 0
4 0 14.3 14.63 0 23.43 14.63 0 23.43 14.74 0 14.3 14.74 0
4 15 23.43 14.63 0 36.85 14.63 0 36.85 14.74 0 23.43 14.74 0
4 15 0 14.74 0 14.19 14.74 0 14.19 14.85 0 0 14.85 0
4 0 14.19 14.74 0 23.54 14.74 0 23.54 14.85 0 14.19 14.85 0
4 15 23.54 14.74 0 36.85 14.74 0 36.85 14.85 0 23.54 14.85 0
4 15 0 14.85 0 14.08 14.85 0 14.08 14.96 0 0 14.96 0
4 0 14.08 14.85 0 23.65 14.85 0 23.65 14.96 0 14.08 14.96 0
4 15 23.65 14.85 0 31.24 14.85 0 31.24 14.96 0 23.65 14.96 0
4 0 31.24 14.85 0 32.34 14.85 0 32.34 14.96 0 31.24 14.96 0
4 15 32.34 14.85 0 36.85 14.85 0 36.85 14.96 0 32.34 14.96 0
4 15 0 14.96 0 13.97 14.96 0 13.97 15.07 0 0 15.07 0
4 0 13.97 14.96 0 23.76 14.96 0 23.76 15.07 0 13.97 15.07 0
4 15 23.76 14.96 0 31.02 14.96 0 31.02 15.07 0 23.76 15.07 0
4 0 31.02 14.96 0 32.67 14.96 0 32.67 15.07 0 31.02 15.07 0
4 15 32.67 14.96 0 36.85 14.96 0 36.85 15.07 0 32.67 15.07 0
4 15 0 15.07 0 13.86 15.07 0 13.86 15.18 0 0 15.18 0
4 0 13.86 15.07 0 23.87 15.07 0 23.87 15.18 0 13.86 15.18 0
4 15 23.87 15.07 0 30.8 15.07 0 30.8 15.18 0 23.87 15.18 0
4 0 30.8 15.07 0 32.89 15.07 0 32.89 15.18 0 30.8 15.18 0
4 15 32.89 15.07 0 36.85 15.07 0 36.85 15.18 0 32.89 15.18 0
4 15 0 15.18 0 13.75 15.18 0 13.75 15.29 0 0 15.29 0
4 0 13.75 15.18 0 23.98 15.18 0 23.98 15.29 0 13.75 15.29 0
4 15 23.98 15.18 0 30.69 15.18 0 30.69 15.29 0 23.98 15.29 0
4 0 30.69 15.18 0 33 15.18 0 33 15.29 0 30.69 15.29 0
4 15 33 15.18 0 36.85 15.18 0 36.85 15.29 0 33 15.29 0
4 15 0 15.29 0 13.64 15.29 0 13.64 15.4 0 0 15.4 0
4 0 13.64 15.29 0 24.09 15.29 0 24.09 15.4 0 13.64 15.4 0
4 15 24.09 15.29 0 30.58 15.29 0 30.58 15.4 0 24.09 15.4 0
4 0 30.58 15.29 0 33.11 15.29 0 33.11 15.4 0 30.58 15.4 0
4 15 33.11 15.29 0 36.85 15.29 0 36.85 15.4 0 33.11 15.4 0
4 15 0 15.4 0 13.53 15.4 0 13.53 15.51 0 0 15.51 0
4 0 13.53 15.4 0 24.2 15.4 0 24.2 15.51 0 13.53 15.51 0
4 15 24.2 15.4 0 30.47 15.4 0 30.47 15.51 0 24.2 15.51 0
4 15 0 15.51 0 4.84 15.51 0 4.84 15.62 0 0 15.62 0
4 0 4.84 15.51 0 7.81 15.51 0 7.81 15.62 0 4.84 15.62 0
4 15 7.81 15.51 0 8.03 15.51 0 8.03 15.62 0 7.81 15.62 0
4 0 8.03 15.51 0 11 15.51 0 11 15.62 0 8.03 15.62 0
4 15 11 15.51 0 13.42 15.51 0 13.42 15.62 0 11 15.62 0
4 0 13.42 15.51 0 24.31 15.51 0 24.31 15.62 0 13.42 15.62 0
4 15 24.31 15.51 0 30.47 15.51 0 30.47 15.62 0 24.31 15.62 0
4 0 30.47 15.4 0 33.22 15.4 0 33.22 15.62 0 30.47 15.62 0
4 15 33.22 15.4 0 36.85 15.4 0 36.85 15.62 0 33.22 15.62 0
4 15 0 15.62 0 4.73 15.62 0 4.73 15.73 0 0 15.73 0
4 0 4.73 15.62 0 7.7 15.62 0 7.7 15.73 0 4.73 15.73 0
4 15 7.7 15.62 0 8.14 15.62 0 8.14 15.73 0 7.7 15.73 0
4 0 8.14 15.62 0 11.11 15.62 0 11.11 15.73 0 8.14 15.73 0
4 15 11.11 15.62 0 13.31 15.62 0 13.31 15.73 0 11.11 15.73 0
4 0 13.31 15.62 0 24.42 15.62 0 24.42 15.73 0 13.31 15.73 0
4 15 24.42 15.62 0 30.36 15.62 0 30.36 15.73 0 24.42 15.73 0
4 0 30.36 15.62 0 33.33 15.62 0 33.33 15.73 0 30.36 15.73 0
4 15 33.33 15.62 0 36.85 15.62 0 36.85 15.73 0 33.33 15.73 0
4 15 0 15.73 0 4.62 15.73 0 4.62 15.84 0 0 15.84 0
4 0 4.62 15.73 0 7.59 15.73 0 7.59 15.84 0 4.62 15.84 0
4 15 7.59 15.73 0 8.25 15.73 0 8.25 15.84 0 7.59 15.84 0
4 0 8.25 15.73 0 11.22 15.73 0 11.22 15.84 0 8.25 15.84 0
4 15 11.22 15.73 0 13.2 15.73 0 13.2 15.84 0 11.22 15.84 0
4 0 13.2 15.73 0 24.53 15.73 0 24.53 15.84 0 13.2 15.84 0
4 15 24.53 15.73 0 30.25 15.73 0 30.25 15.84 0 24.53 15.84 0
4 15 0 15.84 0 4.51 15.84 0 4.51 15.95 0 0 15.95 0
4 0 4.51 15.84 0 7.48 15.84 0 7.48 15.95 0 4.51 15.95 0
4 15 7.48 15.84 0 8.36 15.84 0 8.36 15.95 0 7.48 15.95 0
4 0 8.36 15.84 0 11.33 15.84 0 11.33 15.95 0 8.36 15.95 0
4 15 11.33 15.84 0 13.09 15.84 0 13.09 15.95 0 11.33 15.95 0
4 0 13.09 15.84 0 24.64 15.84 0 24.64 15.95 0 13.09 15.95 0
4 15 24.64 15.84 0 30.25 15.84 0 30.25 15.95 0 24.64 15.95 0
4 15 0 15.95 0 4.4 15.95 0 4.4 16.06 0 0 16.06 0
4 0 4.4 15.95 0 7.37 15.95 0 7.37 16.06 0 4.4 16.06 0
4 15 7.37 15.95 0 8.47 15.95 0 8.47 16.06 0 7.37 16.06 0
4 0 8.47 15.95 0 11.44 15.95 0 11.44 16.06 0 8.47 16.06 0
4 15 11.44 15.95 0 12.98 15.95 0 12.98 16.06 0 11.44 16.06 0
4 0 12.98 15.95 0 24.75 15.95 0 24.75 16.06 0 12.98 16.06 0
4 15 24.75 15.95 0 30.25 15.95 0 30.25 16.06 0 24.75 16.06 0
4 0 30.25 15.73 0 33.44 15.73 0 33.44 16.06 0 30.25 16.06 0
4 15 33.44 15.73 0 36.85 15.73 0 36.85 16.06 0 33.44 16.06 0
4 15 0 16.06 0 4.29 16.06 0 4.29 16.17 0 0 16.17 0
4 0 4.29 16.06 0 7.26 16.06 0 7.26 16.17 0 4.29 16.17 0
4 15 7.26 16.06 0 8.58 16.06 0 8.58 16.17 0 7.26 16.17 0
4 0 8.58 16.06 0 11.55 16.06 0 11.55 16.17 0 8.58 16.17 0
4 15 11.55 16.06 0 12.87 16.06 0 12.87 16.17 0 11.55 16.17 0
4 0 12.87 16.06 0 24.86 16.06 0 24.86 16.17 0 12.87 16.17 0
4 15 24.86 16.06 0 30.14 16.06 0 30.14 16.17 0 24.86 16.17 0
4 15 0 16.17 0 4.18 16.17 0 4.18 16.28 0 0 16.28 0
4 0 4.18 16.17 0 7.15 16.17 0 7.15 16.28 0 4.18 16.28 0
4 15 7.15 16.17 0 8.69 16.17 0 8.69 16.28 0 7.15 16.28 0
4 0 8.69 16.17 0 11.66 16.17 0 11.66 16.28 0 8.69 16.28 0
4 15 11.66 16.17 0 12.76 16.17 0 12.76 16.28 0 11.66 16.28 0
4 0 12.76 16.17 0 24.97 16.17 0 24.97 16.28 0 12.76 16.28 0
4 15 24.97 16.17 0 30.14 16.17 0 30.14 16.28 0 24.97 16.28 0
4 15 0 16.28 0 4.07 16.28 0 4.07 16.39 0 0 16.39 0
4 0 4.07 16.28 0 7.04 16.28 0 7.04 16.39 0 4.07 16.39 0
4 15 7.04 16.28 0 8.8 16.28 0 8.8 16.39 0 7.04 16.39 0
4 0 8.8 16.28 0 11.77 16.28 0 11.77 16.39 0 8.8 16.39 0
4 15 11.77 16.28 0 30.14 16.28 0 30.14 16.39 0 11.77 16.39 0
4 15 0 16.39 0 3.96 16.39 0 3.96 16.5 0 0 16.5 0
4 0 3.96 16.39 0 6.93 16.39 0 6.93 16.5 0 3.96 16.5 0
4 15 6.93 16.39 0 8.91 16.39 0 8.91 16.5 0 6.93 16.5 0
4 0 8.91 16.39 0 11.88 16.39 0 11.88 16.5 0 8.91 16.5 0
4 15 11.88 16.39 0 30.14 16.39 0 30.14 16.5 0 11.88 16.5 0
4 15 0 16.5 0 3.85 16.5 0 3.85 16.61 0 0 16.61 0
4 0 3.85 16.5 0 6.82 16.5 0 6.82 16.61 0 3.85 16.61 0
4 15 6.82 16.5 0 9.02 16.5 0 9.02 16.61 0 6.82 16.61 0
4 0 9.02 16.5 0 11.99 16.5 0 11.99 16.61 0 9.02 16.61 0
4 15 11.99 16.5 0 30.14 16.5 0 30.14 16.61 0 11.99 16.61 0
4 15 0 16.61 0 3.74 16.61 0 3.74 16.72 0 0 16.72 0
4 0 3.74 16.61 0 6.71 16.61 0 6.71 16.72 0 3.74 16.72 0
4 15 6.71 16.61 0 9.13 16.61 0 9.13 16.72 0 6.71 16.72 0
4 0 9.13 16.61 0 12.1 16.61 0 12.1 16.72 0 9.13 16.72 0
4 15 12.1 16.61 0 30.14 16.61 0 30.14 16.72 0 12.1 16.72 0
4 15 0 16.72 0 3.63 16.72 0 3.63 16.83 0 0 16.83 0
4 0 3.63 16.72 0 6.6 16.72 0 6.6 16.83 0 3.63 16.83 0
4 15 6.6 16.72 0 9.24 16.72 0 9.24 16.83 0 6.6 16.83 0
4 0 9.24 16.72 0 12.21 16.72 0 12.21 16.83 0 9.24 16.83 0
4 15 12.21 16.72 0 30.14 16.72 0 30.14 16.83 0 12.21 16.83 0
4 15 0 16.83 0 3.52 16.83 0 3.52 17.05 0 0 17.05 0
4 0 3.52 16.83 0 6.49 16.83 0 6.49 17.05 0 3.52 17.05 0
4 15 6.49 16.83 0 9.35 16.83 0 9.35 17.05 0 6.49 17.05 0
4 0 9.35 16.83 0 12.32 16.83 0 12.32 17.05 0 9.35 17.05 0
4 15 12.32 16.83 0 30.14 16.83 0 30.14 17.05 0 12.32 17.05 0
4 0 30.14 16.06 0 33.55 16.06 0 33.55 17.05 0 30.14 17.05 0
4 15 33.55 16.06 0 36.85 16.06 0 36.85 17.05 0 33.55 17.05 0
4 15 0 17.05 0 3.63 17.05 0 3.63 17.16 0 0 17.16 0
4 0 3.63 17.05 0 6.6 17.05 0 6.6 17.16 0 3.63 17.16 0
4 15 6.6 17.05 0 9.24 17.05 0 9.24 17.16 0 6.6 17.16 0
4 0 9.24 17.05 0 12.21 17.05 0 12.21 17.16 0 9.24 17.16 0
4 15 12.21 17.05 0 30.25 17.05 0 30.25 17.16 0 12.21 17.16 0
4 15 0 17.16 0 3.74 17.16 0 3.74 17.27 0 0 17.27 0
4 0 3.74 17.16 0 6.71 17.16 0 6.71 17.27 0 3.74 17.27 0
4 15 6.71 17.16 0 9.13 17.16 0 9.13 17.27 0 6.71 17.27 0
4 0 9.13 17.16 0 12.1 17.16 0 12.1 17.27 0 9.13 17.27 0
4 15 12.1 17.16 0 30.25 17.16 0 30.25 17.27 0 12.1 17.27 0
4 15 0 17.27 0 3.85 17.27 0 3.85 17.38 0 0 17.38 0
4 0 3.85 17.27 0 6.82 17.27 0 6.82 17.38 0 3.85 17.38 0
4 15 6.82 17.27 0 9.02 17.27 0 9.02 17.38 0 6.82 17.38 0
4 0 9.02 17.27 0 11.99 17.27 0 11.99 17.38 0 9.02 17.38 0
4 15 11.99 17.27 0 30.25 17.27 0 30.25 17.38 0 11.99 17.38 0
4 0 30.25 17.05 0 33.44 17.05 0 33.44 17.38 0 30.25 17.38 0
4 15 33.44 17.05 0 36.85 17.05 0 36.85 17.38 0 33.44 17.38 0
4 15 0 17.38 0 3.96 17.38 0 3.96 17.49 0 0 17.49 0
4 0 3.96 17.38 0 6.93 17.38 0 6.93 17.49 0 3.96 17.49 0
4 15 6.93 17.38 0 8.91 17.38 0 8.91 17.49 0 6.93 17.49 0
4 0 8.91 17.38 0 11.88 17.38 0 11.88 17.49 0 8.91 17.49 0
4 15 11.88 17.38 0 30.36 17.38 0 30.36 17.49 0 11.88 17.49 0
4 0 30.36 17.38 0 33.33 17.38 0 33.33 17.49 0 30.36 17.49 0
4 15 33.33 17.38 0 36.85 17.38 0 36.85 17.49 0 33.33 17.49 0
4 15 0 17.49 0 4.07 17.49 0 4.07 17.6 0 0 17.6 0
4 0 4.07 17.49 0 7.04 17.49 0 7.04 17.6 0 4.07 17.6 0
4 15 7.04 17.49 0 8.8 17.49 0 8.8 17.6 0 7.04 17.6 0
4 0 8.8 17.49 0 11.77 17.49 0 11.77 17.6 0 8.8 17.6 0
4 15 11.77 17.49 0 30.47 17.49 0 30.47 17.6 0 11.77 17.6 0
4 15 0 17.6 0 4.18 17.6 0 4.18 17.71 0 0 17.71 0
4 0 4.18 17.6 0 7.15 17.6 0 7.15 17.71 0 4.18 17.71 0
4 15 7.15 17.6 0 8.69 17.6 0 8.69 17.71 0 7.15 17.71 0
4 0 8.69 17.6 0 11.66 17.6 0 11.66 17.71 0 8.69 17.71 0
4 15 11.66 17.6 0 30.47 17.6 0 30.47 17.71 0 11.66 17.71 0
4 0 30.47 17.49 0 33.22 17.49 0 33.22 17.71 0 30.47 17.71 0
4 15 33.22 17.49 0 36.85 17.49 0 36.85 17.71 0 33.22 17.71 0
4 15 0 17.71 0 4.29 17.71 0 4.29 17.82 0 0 17.82 0
4 0 4.29 17.71 0 7.26 17.71 0 7.26 17.82 0 4.29 17.82 0
4 15 7.26 17.71 0 8.58 17.71 0 8.58 17.82 0 7.26 17.82 0
4 0 8.58 17.71 0 11.55 17.71 0 11.55 17.82 0 8.58 17.82 0
4 15 11.55 17.71 0 30.58 17.71 0 30.58 17.82 0 11.55 17.82 0
4 0 30.58 17.71 0 33.11 17.71 0 33.11 17.82 0 30.58 17.82 0
4 15 33.11 17.71 0 36.85 17.71 0 36.85 17.82 0 33.11 17.82 0
4 15 0 17.82 0 4.4 17.82 0 4.4 17.93 0 0 17.93 0
4 0 4.4 17.82 0 7.37 17.82 0 7.37 17.93 0 4.4 17.93 0
4 15 7.37 17.82 0 8.47 17.82 0 8.47 17.93 0 7.37 17.93 0
4 0 8.47 17.82 0 11.44 17.82 0 11.44 17.93 0 8.47 17.93 0
4 15 11.44 17.82 0 30.69 17.82 0 30.69 17.93 0 11.44 17.93 0
4 0 30.69 17.82 0 33 17.82 0 33 17.93 0 30.69 17.93 0
4 15 33 17.82 0 36.85 17.82 0 36.85 17.93 0 33 17.93 0
4 15 0 17.93 0 4.51 17.93 0 4.51 18.04 0 0 18.04 0
4 0 4.51 17.93 0 7.48 17.93 0 7.48 18.04 0 4.51 18.04 0
4 15 7.48 17.93 0 8.36 17.93 0 8.36 18.04 0 7.48 18.04 0
4 0 8.36 17.93 0 11.33 17.93 0 11.33 18.04 0 8.36 18.04 0
4 15 11.33 17.93 0 30.8 17.93 0 30.8 18.04 0 11.33 18.04 0
4 0 30.8 17.93 0 32.89 17.93 0 32.89 18.04 0 30.8 18.04 0
4 15 32.89 17.93 0 36.85 17.93 0 36.85 18.04 0 32.89 18.04 0
4 15 0 18.04 0 4.62 18.04 0 4.62 18.15 0 0 18.15 0
4 0 4.62 18.04 0 7.59 18.04 0 7.59 18.15 0 4.62 18.15 0
4 15 7.59 18.04 0 8.25 18.04 0 8.25 18.15 0 7.59 18.15 0
4 0 8.25 18.04 0 11.22 18.04 0 11.22 18.15 0 8.25 18.15 0
4 15 11.22 18.04 0 31.02 18.04 0 31.02 18.15 0 11.22 18.15 0
4 0 31.02 18.04 0 32.67 18.04 0 32.67 18.15 0 31.02 18.15 0
4 15 32.67 18.04 0 36.85 18.04 0 36.85 18.15 0 32.67 18.15 0
4 15 0 18.15 0 4.73 18.15 0 4.73 18.26 0 0 18.26 0
4 0 4.73 18.15 0 7.7 18.15 0 7.7 18.26 0 4.73 18.26 0
4 15 7.7 18.15 0 8.14 18.15 0 8.14 18.26 0 7.7 18.26 0
4 0 8.14 18.15 0 11.11 18.15 0 11.11 18.26 0 8.14 18.26 0
4 15 11.11 18.15 0 31.24 18.15 0 31.24 18.26 0 11.11 18.26 0
4 0 31.24 18.15 0 32.34 18.15 0 32.34 18.26 0 31.24 18.26 0
4 15 32.34 18.15 0 36.85 18.15 0 36.85 18.26 0 32.34 18.26 0
4 15 0 18.26 0 4.84 18.26 0 4.84 18.37 0 0 18.37 0
4 0 4.84 18.26 0 7.81 18.26 0 7.81 18.37 0 4.84 18.37 0
4 15 7.81 18.26 0 8.03 18.26 0 8.03 18.37 0 7.81 18.37 0
4 0 8.03 18.26 0 11 18.26 0 11 18.37 0 8.03 18.37 0
4 15 11 18.26 0 22.22 18.26 0 22.22 18.37 0 11 18.37 0
4 15 22.22 18.26 0 22.44 18.26 0 22.44 18.37 0 22.22 18.37 0
4 15 22.44 18.26 0 36.85 18.26 0 36.85 18.37 0 22.44 18.37 0
4 15 0 18.37 0 36.85 18.37 0 36.85 18.48 0 0 18.48 0
4 15 0 18.48 0 16.61 18.48 0 16.61 18.59 0 0 18.59 0
4 15 16.61 18.48 0 16.83 18.48 0 16.83 18.59 0 16.61 18.59 0
4 15 16.83 18.48 0 16.94 18.48 0 16.94 18.59 0 16.83 18.59 0
4 15 16.94 18.48 0 36.85 18.48 0 36.85 18.59 0 16.94 18.59 0
4 15 0 18.59 0 36.85 18.59 0 36.85 18.92 0 0 18.92 0
