0 Etiqueta Castor Permar
0 Name: p_permar.dat
0 Author: svlopez
0 BFC CERTIFY CW
4 15 5.7 2.5 0 16.3 2.5 0 16.3 2.6 0 5.7 2.6 0
4 15 40.4 2.5 0 51.7 2.5 0 51.7 2.6 0 40.4 2.6 0
4 15 58.5 2.5 0 65.6 2.5 0 65.6 2.6 0 58.5 2.6 0
4 15 71 2.5 0 78.5 2.5 0 78.5 2.6 0 71 2.6 0
4 15 86.2 2.5 0 92 2.5 0 92 2.6 0 86.2 2.6 0
4 15 99.7 2.5 0 111 2.5 0 111 2.6 0 99.7 2.6 0
4 15 5.7 2.6 0 17.4 2.6 0 17.4 2.7 0 5.7 2.7 0
4 15 23.4 2.5 0 38.6 2.5 0 38.6 2.7 0 23.4 2.7 0
4 15 40.4 2.6 0 52.5 2.6 0 52.5 2.7 0 40.4 2.7 0
4 15 86.2 2.6 0 86.3 2.6 0 86.3 2.7 0 86.2 2.7 0
4 15 86.3 2.6 0 88.9 2.6 0 88.9 2.7 0 86.3 2.7 0
4 15 88.9 2.6 0 89 2.6 0 89 2.7 0 88.9 2.7 0
4 15 89 2.6 0 89.2 2.6 0 89.2 2.7 0 89 2.7 0
4 15 89.2 2.6 0 89.3 2.6 0 89.3 2.7 0 89.2 2.7 0
4 15 89.3 2.6 0 89.4 2.6 0 89.4 2.7 0 89.3 2.7 0
4 15 89.4 2.6 0 89.5 2.6 0 89.5 2.7 0 89.4 2.7 0
4 15 89.5 2.6 0 89.6 2.6 0 89.6 2.7 0 89.5 2.7 0
4 15 89.6 2.6 0 89.7 2.6 0 89.7 2.7 0 89.6 2.7 0
4 15 89.7 2.6 0 92 2.6 0 92 2.7 0 89.7 2.7 0
4 15 99.7 2.6 0 111.8 2.6 0 111.8 2.7 0 99.7 2.7 0
4 15 5.7 2.7 0 17.7 2.7 0 17.7 2.8 0 5.7 2.8 0
4 15 40.4 2.7 0 53.1 2.7 0 53.1 2.8 0 40.4 2.8 0
4 15 70.9 2.6 0 78.5 2.6 0 78.5 2.8 0 70.9 2.8 0
4 15 86.1 2.7 0 92 2.7 0 92 2.8 0 86.1 2.8 0
4 15 99.7 2.7 0 112.4 2.7 0 112.4 2.8 0 99.7 2.8 0
4 15 5.6 2.8 0 18 2.8 0 18 2.9 0 5.6 2.9 0
4 15 23.3 2.7 0 38.6 2.7 0 38.6 2.9 0 23.3 2.9 0
4 15 40.3 2.8 0 53.5 2.8 0 53.5 2.9 0 40.3 2.9 0
4 15 99.6 2.8 0 112.8 2.8 0 112.8 2.9 0 99.6 2.9 0
4 15 5.6 2.9 0 18.2 2.9 0 18.2 3 0 5.6 3 0
4 15 40.3 2.9 0 53.8 2.9 0 53.8 3 0 40.3 3 0
4 15 58.4 2.6 0 65.6 2.6 0 65.6 3 0 58.4 3 0
4 15 70.8 2.8 0 78.4 2.8 0 78.4 3 0 70.8 3 0
4 15 86 2.8 0 92 2.8 0 92 3 0 86 3 0
4 15 99.6 2.9 0 113.1 2.9 0 113.1 3 0 99.6 3 0
4 15 5.6 3 0 18.4 3 0 18.4 3.1 0 5.6 3.1 0
4 15 40.3 3 0 54 3 0 54 3.1 0 40.3 3.1 0
4 15 85.9 3 0 92 3 0 92 3.1 0 85.9 3.1 0
4 15 99.6 3 0 113.3 3 0 113.3 3.1 0 99.6 3.1 0
4 15 5.6 3.1 0 18.6 3.1 0 18.6 3.2 0 5.6 3.2 0
4 15 23.3 2.9 0 38.5 2.9 0 38.5 3.2 0 23.3 3.2 0
4 15 40.3 3.1 0 54.2 3.1 0 54.2 3.2 0 40.3 3.2 0
4 15 85.9 3.1 0 92.1 3.1 0 92.1 3.2 0 85.9 3.2 0
4 15 99.6 3.1 0 113.5 3.1 0 113.5 3.2 0 99.6 3.2 0
4 15 5.6 3.2 0 18.8 3.2 0 18.8 3.3 0 5.6 3.3 0
4 15 40.3 3.2 0 54.4 3.2 0 54.4 3.3 0 40.3 3.3 0
4 15 58.3 3.1 0 58.4 3.1 0 58.4 3.3 0 58.3 3.3 0
4 15 58.4 3 0 65.7 3 0 65.7 3.3 0 58.4 3.3 0
4 15 70.7 3 0 78.4 3 0 78.4 3.3 0 70.7 3.3 0
4 15 99.6 3.2 0 113.7 3.2 0 113.7 3.3 0 99.6 3.3 0
4 15 5.5 3.3 0 19 3.3 0 19 3.4 0 5.5 3.4 0
4 15 38.4 3.2 0 38.5 3.2 0 38.5 3.4 0 38.4 3.4 0
4 15 40.2 3.3 0 54.5 3.3 0 54.5 3.4 0 40.2 3.4 0
4 15 70.6 3.3 0 78.3 3.3 0 78.3 3.4 0 70.6 3.4 0
4 15 85.8 3.2 0 92.1 3.2 0 92.1 3.4 0 85.8 3.4 0
4 15 99.5 3.3 0 113.8 3.3 0 113.8 3.4 0 99.5 3.4 0
4 15 5.5 3.4 0 19.1 3.4 0 19.1 3.5 0 5.5 3.5 0
4 15 40.2 3.4 0 54.6 3.4 0 54.6 3.5 0 40.2 3.5 0
4 15 70.6 3.4 0 70.7 3.4 0 70.7 3.5 0 70.6 3.5 0
4 15 70.7 3.4 0 70.8 3.4 0 70.8 3.5 0 70.7 3.5 0
4 15 70.8 3.4 0 78.3 3.4 0 78.3 3.5 0 70.8 3.5 0
4 15 85.7 3.4 0 92.1 3.4 0 92.1 3.5 0 85.7 3.5 0
4 15 99.5 3.4 0 113.9 3.4 0 113.9 3.5 0 99.5 3.5 0
4 15 5.5 3.5 0 19.2 3.5 0 19.2 3.6 0 5.5 3.6 0
4 15 40.2 3.5 0 54.7 3.5 0 54.7 3.6 0 40.2 3.6 0
4 15 58.3 3.3 0 65.7 3.3 0 65.7 3.6 0 58.3 3.6 0
4 15 99.5 3.5 0 114 3.5 0 114 3.6 0 99.5 3.6 0
4 15 5.5 3.6 0 19.3 3.6 0 19.3 3.7 0 5.5 3.7 0
4 15 23.2 3.2 0 38.4 3.2 0 38.4 3.7 0 23.2 3.7 0
4 15 40.2 3.6 0 54.8 3.6 0 54.8 3.7 0 40.2 3.7 0
4 15 70.5 3.5 0 78.3 3.5 0 78.3 3.7 0 70.5 3.7 0
4 15 85.6 3.5 0 92.1 3.5 0 92.1 3.7 0 85.6 3.7 0
4 15 99.5 3.6 0 114.1 3.6 0 114.1 3.7 0 99.5 3.7 0
4 15 5.5 3.7 0 19.4 3.7 0 19.4 3.8 0 5.5 3.8 0
4 15 40.1 3.7 0 54.9 3.7 0 54.9 3.8 0 40.1 3.8 0
4 15 70.4 3.7 0 78.3 3.7 0 78.3 3.8 0 70.4 3.8 0
4 15 99.4 3.7 0 114.2 3.7 0 114.2 3.8 0 99.4 3.8 0
4 15 5.4 3.8 0 19.5 3.8 0 19.5 3.9 0 5.4 3.9 0
4 15 23.1 3.7 0 38.4 3.7 0 38.4 3.9 0 23.1 3.9 0
4 15 40.1 3.8 0 55 3.8 0 55 3.9 0 40.1 3.9 0
4 15 70.4 3.8 0 78.2 3.8 0 78.2 3.9 0 70.4 3.9 0
4 15 85.5 3.7 0 92.2 3.7 0 92.2 3.9 0 85.5 3.9 0
4 15 99.4 3.8 0 114.3 3.8 0 114.3 3.9 0 99.4 3.9 0
4 15 5.4 3.9 0 19.6 3.9 0 19.6 4 0 5.4 4 0
4 15 70.3 3.9 0 78.2 3.9 0 78.2 4 0 70.3 4 0
4 15 85.4 3.9 0 92.2 3.9 0 92.2 4 0 85.4 4 0
4 15 5.4 4 0 19.7 4 0 19.7 4.1 0 5.4 4.1 0
4 15 23.1 3.9 0 38.3 3.9 0 38.3 4.1 0 23.1 4.1 0
4 15 40.1 3.9 0 55.1 3.9 0 55.1 4.1 0 40.1 4.1 0
4 15 58.2 3.6 0 65.7 3.6 0 65.7 4.1 0 58.2 4.1 0
4 15 70.3 4 0 70.4 4 0 70.4 4.1 0 70.3 4.1 0
4 15 70.4 4 0 70.5 4 0 70.5 4.1 0 70.4 4.1 0
4 15 70.5 4 0 78.2 4 0 78.2 4.1 0 70.5 4.1 0
4 15 99.4 3.9 0 114.4 3.9 0 114.4 4.1 0 99.4 4.1 0
4 15 5.4 4.1 0 19.8 4.1 0 19.8 4.2 0 5.4 4.2 0
4 15 40.1 4.1 0 55.2 4.1 0 55.2 4.2 0 40.1 4.2 0
4 15 70.2 4.1 0 78.2 4.1 0 78.2 4.2 0 70.2 4.2 0
4 15 85.3 4 0 92.2 4 0 92.2 4.2 0 85.3 4.2 0
4 15 99.4 4.1 0 114.5 4.1 0 114.5 4.2 0 99.4 4.2 0
4 15 5.4 4.2 0 19.9 4.2 0 19.9 4.3 0 5.4 4.3 0
4 15 40 4.2 0 55.3 4.2 0 55.3 4.3 0 40 4.3 0
4 15 70.2 4.2 0 78.1 4.2 0 78.1 4.3 0 70.2 4.3 0
4 15 85.2 4.2 0 92.2 4.2 0 92.2 4.3 0 85.2 4.3 0
4 15 99.3 4.2 0 114.6 4.2 0 114.6 4.3 0 99.3 4.3 0
4 15 23 4.1 0 38.3 4.1 0 38.3 4.4 0 23 4.4 0
4 15 58.1 4.1 0 65.7 4.1 0 65.7 4.4 0 58.1 4.4 0
4 15 85.2 4.3 0 92.3 4.3 0 92.3 4.4 0 85.2 4.4 0
4 15 5.3 4.3 0 20 4.3 0 20 4.5 0 5.3 4.5 0
4 15 40 4.3 0 55.4 4.3 0 55.4 4.5 0 40 4.5 0
4 15 85.1 4.4 0 92.3 4.4 0 92.3 4.5 0 85.1 4.5 0
4 15 99.3 4.3 0 114.7 4.3 0 114.7 4.5 0 99.3 4.5 0
4 15 23 4.4 0 38.2 4.4 0 38.2 4.6 0 23 4.6 0
4 15 58.1 4.4 0 65.8 4.4 0 65.8 4.6 0 58.1 4.6 0
4 15 70.1 4.3 0 78.1 4.3 0 78.1 4.6 0 70.1 4.6 0
4 15 5.3 4.5 0 20.1 4.5 0 20.1 4.7 0 5.3 4.7 0
4 15 40 4.5 0 55.5 4.5 0 55.5 4.7 0 40 4.7 0
4 15 70 4.6 0 78.1 4.6 0 78.1 4.7 0 70 4.7 0
4 15 85 4.5 0 92.3 4.5 0 92.3 4.7 0 85 4.7 0
4 15 99.3 4.5 0 114.8 4.5 0 114.8 4.7 0 99.3 4.7 0
4 15 22.9 4.6 0 38.2 4.6 0 38.2 4.8 0 22.9 4.8 0
4 15 70 4.7 0 78 4.7 0 78 4.8 0 70 4.8 0
4 15 5.3 4.7 0 20.2 4.7 0 20.2 4.9 0 5.3 4.9 0
4 15 38.1 4.8 0 38.2 4.8 0 38.2 4.9 0 38.1 4.9 0
4 15 84.9 4.7 0 92.3 4.7 0 92.3 4.9 0 84.9 4.9 0
4 15 39.9 4.7 0 55.6 4.7 0 55.6 5 0 39.9 5 0
4 15 69.9 4.8 0 78 4.8 0 78 5 0 69.9 5 0
4 15 84.8 4.9 0 92.4 4.9 0 92.4 5 0 84.8 5 0
4 15 99.2 4.7 0 114.9 4.7 0 114.9 5 0 99.2 5 0
4 15 22.9 4.8 0 38.1 4.8 0 38.1 5.1 0 22.9 5.1 0
4 15 57.9 5 0 58 5 0 58 5.1 0 57.9 5.1 0
4 15 58 4.6 0 65.8 4.6 0 65.8 5.1 0 58 5.1 0
4 15 5.2 4.9 0 20.3 4.9 0 20.3 5.2 0 5.2 5.2 0
4 15 39.9 5 0 55.7 5 0 55.7 5.2 0 39.9 5.2 0
4 15 69.8 5 0 78 5 0 78 5.2 0 69.8 5.2 0
4 15 84.7 5 0 92.4 5 0 92.4 5.2 0 84.7 5.2 0
4 15 99.2 5 0 115 5 0 115 5.2 0 99.2 5.2 0
4 15 22.8 5.1 0 38.1 5.1 0 38.1 5.3 0 22.8 5.3 0
4 15 39.8 5.2 0 55.7 5.2 0 55.7 5.3 0 39.8 5.3 0
4 15 99.1 5.2 0 115 5.2 0 115 5.3 0 99.1 5.3 0
4 15 5.2 5.2 0 20.4 5.2 0 20.4 5.4 0 5.2 5.4 0
4 15 69.7 5.2 0 77.9 5.2 0 77.9 5.4 0 69.7 5.4 0
4 15 84.6 5.2 0 92.4 5.2 0 92.4 5.4 0 84.6 5.4 0
4 15 5.1 5.4 0 20.4 5.4 0 20.4 5.5 0 5.1 5.5 0
4 15 22.8 5.3 0 38 5.3 0 38 5.5 0 22.8 5.5 0
4 15 57.9 5.1 0 65.8 5.1 0 65.8 5.5 0 57.9 5.5 0
4 15 84.5 5.4 0 92.5 5.4 0 92.5 5.5 0 84.5 5.5 0
4 15 69.6 5.4 0 77.9 5.4 0 77.9 5.6 0 69.6 5.6 0
4 15 39.8 5.3 0 55.8 5.3 0 55.8 5.7 0 39.8 5.7 0
4 15 84.4 5.5 0 92.5 5.5 0 92.5 5.7 0 84.4 5.7 0
4 15 99.1 5.3 0 115.1 5.3 0 115.1 5.7 0 99.1 5.7 0
4 15 22.7 5.5 0 38 5.5 0 38 5.8 0 22.7 5.8 0
4 15 39.7 5.7 0 55.8 5.7 0 55.8 5.8 0 39.7 5.8 0
4 15 99 5.7 0 115.1 5.7 0 115.1 5.8 0 99 5.8 0
4 15 5.1 5.5 0 20.5 5.5 0 20.5 5.9 0 5.1 5.9 0
4 15 22.7 5.8 0 37.9 5.8 0 37.9 5.9 0 22.7 5.9 0
4 15 57.8 5.5 0 65.8 5.5 0 65.8 5.9 0 57.8 5.9 0
4 15 69.5 5.6 0 77.8 5.6 0 77.8 5.9 0 69.5 5.9 0
4 15 84.3 5.7 0 92.5 5.7 0 92.5 5.9 0 84.3 5.9 0
4 15 5 5.9 0 20.6 5.9 0 20.6 6 0 5 6 0
4 15 22.7 5.9 0 37.8 5.9 0 37.8 6 0 22.7 6 0
4 15 37.8 5.9 0 37.9 5.9 0 37.9 6 0 37.8 6 0
4 15 57.8 5.9 0 65.9 5.9 0 65.9 6 0 57.8 6 0
4 15 69.4 5.9 0 77.8 5.9 0 77.8 6 0 69.4 6 0
4 15 84.2 5.9 0 92.5 5.9 0 92.5 6 0 84.2 6 0
4 15 5 6 0 14.6 6 0 14.6 6.1 0 5 6.1 0
4 15 14.6 6 0 14.7 6 0 14.7 6.1 0 14.6 6.1 0
4 15 14.7 6 0 20.6 6 0 20.6 6.1 0 14.7 6.1 0
4 15 22.6 6 0 32.7 6 0 32.7 6.1 0 22.6 6.1 0
4 15 32.7 6 0 32.9 6 0 32.9 6.1 0 32.7 6.1 0
4 15 32.9 6 0 37.9 6 0 37.9 6.1 0 32.9 6.1 0
4 15 69.4 6 0 69.6 6 0 69.6 6.1 0 69.4 6.1 0
4 15 69.6 6 0 69.7 6 0 69.7 6.1 0 69.6 6.1 0
4 15 69.7 6 0 77.8 6 0 77.8 6.1 0 69.7 6.1 0
4 15 84.2 6 0 92.6 6 0 92.6 6.1 0 84.2 6.1 0
4 15 5 6.1 0 20.6 6.1 0 20.6 6.2 0 5 6.2 0
4 15 22.6 6.1 0 37.9 6.1 0 37.9 6.2 0 22.6 6.2 0
4 15 39.7 5.8 0 55.9 5.8 0 55.9 6.2 0 39.7 6.2 0
4 15 84.1 6.1 0 92.6 6.1 0 92.6 6.2 0 84.1 6.2 0
4 15 99 5.8 0 115.2 5.8 0 115.2 6.2 0 99 6.2 0
4 15 13.4 6.2 0 14.3 6.2 0 14.3 6.3 0 13.4 6.3 0
4 15 14.3 6.2 0 14.4 6.2 0 14.4 6.3 0 14.3 6.3 0
4 15 14.4 6.2 0 20.6 6.2 0 20.6 6.3 0 14.4 6.3 0
4 15 22.6 6.2 0 28.4 6.2 0 28.4 6.3 0 22.6 6.3 0
4 15 28.4 6.2 0 28.5 6.2 0 28.5 6.3 0 28.4 6.3 0
4 15 28.5 6.2 0 28.6 6.2 0 28.6 6.3 0 28.5 6.3 0
4 15 28.6 6.2 0 37.9 6.2 0 37.9 6.3 0 28.6 6.3 0
4 15 48.1 6.2 0 49 6.2 0 49 6.3 0 48.1 6.3 0
4 15 49 6.2 0 49.1 6.2 0 49.1 6.3 0 49 6.3 0
4 15 49.1 6.2 0 55.9 6.2 0 55.9 6.3 0 49.1 6.3 0
4 15 57.7 6 0 65.9 6 0 65.9 6.3 0 57.7 6.3 0
4 15 69.3 6.1 0 77.7 6.1 0 77.7 6.3 0 69.3 6.3 0
4 15 107.4 6.2 0 108.3 6.2 0 108.3 6.3 0 107.4 6.3 0
4 15 108.3 6.2 0 108.4 6.2 0 108.4 6.3 0 108.3 6.3 0
4 15 108.4 6.2 0 115.2 6.2 0 115.2 6.3 0 108.4 6.3 0
4 15 5 6.2 0 10.2 6.2 0 10.2 6.4 0 5 6.4 0
4 15 13.9 6.3 0 20.7 6.3 0 20.7 6.4 0 13.9 6.4 0
4 15 22.6 6.3 0 28.1 6.3 0 28.1 6.4 0 22.6 6.4 0
4 15 48.6 6.3 0 55.9 6.3 0 55.9 6.4 0 48.6 6.4 0
4 15 69.2 6.3 0 69.4 6.3 0 69.4 6.4 0 69.2 6.4 0
4 15 69.4 6.3 0 69.5 6.3 0 69.5 6.4 0 69.4 6.4 0
4 15 69.5 6.3 0 77.7 6.3 0 77.7 6.4 0 69.5 6.4 0
4 15 84 6.2 0 92.6 6.2 0 92.6 6.4 0 84 6.4 0
4 15 107.9 6.3 0 115.2 6.3 0 115.2 6.4 0 107.9 6.4 0
4 15 14.4 6.4 0 20.7 6.4 0 20.7 6.5 0 14.4 6.5 0
4 15 22.6 6.4 0 28 6.4 0 28 6.5 0 22.6 6.5 0
4 15 28 6.4 0 28.1 6.4 0 28.1 6.5 0 28 6.5 0
4 15 49.1 6.4 0 56 6.4 0 56 6.5 0 49.1 6.5 0
4 15 57.7 6.3 0 65.8 6.3 0 65.8 6.5 0 57.7 6.5 0
4 15 65.8 6.3 0 65.9 6.3 0 65.9 6.5 0 65.8 6.5 0
4 15 69.2 6.4 0 77.7 6.4 0 77.7 6.5 0 69.2 6.5 0
4 15 108.4 6.4 0 115.3 6.4 0 115.3 6.5 0 108.4 6.5 0
4 15 14.6 6.5 0 20.7 6.5 0 20.7 6.6 0 14.6 6.6 0
4 15 49.3 6.5 0 56 6.5 0 56 6.6 0 49.3 6.6 0
4 15 57.6 6.5 0 57.7 6.5 0 57.7 6.6 0 57.6 6.6 0
4 15 57.7 6.5 0 65.9 6.5 0 65.9 6.6 0 57.7 6.6 0
4 15 69.1 6.5 0 77.7 6.5 0 77.7 6.6 0 69.1 6.6 0
4 15 83.9 6.4 0 92.6 6.4 0 92.6 6.6 0 83.9 6.6 0
4 15 108.6 6.5 0 115.3 6.5 0 115.3 6.6 0 108.6 6.6 0
4 15 14.7 6.6 0 20.7 6.6 0 20.7 6.7 0 14.7 6.7 0
4 15 39.6 6.2 0 44.9 6.2 0 44.9 6.7 0 39.6 6.7 0
4 15 49.4 6.6 0 56 6.6 0 56 6.7 0 49.4 6.7 0
4 15 69.1 6.6 0 77.6 6.6 0 77.6 6.7 0 69.1 6.7 0
4 15 83.8 6.6 0 92.7 6.6 0 92.7 6.7 0 83.8 6.7 0
4 15 98.9 6.2 0 104.2 6.2 0 104.2 6.7 0 98.9 6.7 0
4 15 108.7 6.6 0 115.3 6.6 0 115.3 6.7 0 108.7 6.7 0
4 15 4.9 6.4 0 10.2 6.4 0 10.2 6.8 0 4.9 6.8 0
4 15 14.8 6.7 0 20.7 6.7 0 20.7 6.8 0 14.8 6.8 0
4 15 39.5 6.7 0 44.9 6.7 0 44.9 6.8 0 39.5 6.8 0
4 15 49.5 6.7 0 56 6.7 0 56 6.8 0 49.5 6.8 0
4 15 98.8 6.7 0 104.2 6.7 0 104.2 6.8 0 98.8 6.8 0
4 15 108.8 6.7 0 115.3 6.7 0 115.3 6.8 0 108.8 6.8 0
4 15 4.9 6.8 0 10.1 6.8 0 10.1 6.9 0 4.9 6.9 0
4 15 14.9 6.8 0 20.7 6.8 0 20.7 6.9 0 14.9 6.9 0
4 15 22.5 6.5 0 28 6.5 0 28 6.9 0 22.5 6.9 0
4 15 49.6 6.8 0 56 6.8 0 56 6.9 0 49.6 6.9 0
4 15 57.6 6.6 0 65.9 6.6 0 65.9 6.9 0 57.6 6.9 0
4 15 69 6.7 0 77.6 6.7 0 77.6 6.9 0 69 6.9 0
4 15 83.7 6.7 0 92.7 6.7 0 92.7 6.9 0 83.7 6.9 0
4 15 108.9 6.8 0 115.3 6.8 0 115.3 6.9 0 108.9 6.9 0
4 15 15 6.9 0 20.7 6.9 0 20.7 7 0 15 7 0
4 15 22.4 6.9 0 28 6.9 0 28 7 0 22.4 7 0
4 15 49.7 6.9 0 56 6.9 0 56 7 0 49.7 7 0
4 15 57.5 6.9 0 65.9 6.9 0 65.9 7 0 57.5 7 0
4 15 68.9 6.9 0 77.6 6.9 0 77.6 7 0 68.9 7 0
4 15 109 6.9 0 115.3 6.9 0 115.3 7 0 109 7 0
4 15 15.1 7 0 20.7 7 0 20.7 7.1 0 15.1 7.1 0
4 15 39.5 6.8 0 44.8 6.8 0 44.8 7.1 0 39.5 7.1 0
4 15 68.9 7 0 69.1 7 0 69.1 7.1 0 68.9 7.1 0
4 15 69.1 7 0 69.2 7 0 69.2 7.1 0 69.1 7.1 0
4 15 69.2 7 0 77.5 7 0 77.5 7.1 0 69.2 7.1 0
4 15 83.6 6.9 0 92.7 6.9 0 92.7 7.1 0 83.6 7.1 0
4 15 98.8 6.8 0 104.1 6.8 0 104.1 7.1 0 98.8 7.1 0
4 15 15.1 7.1 0 20.8 7.1 0 20.8 7.2 0 15.1 7.2 0
4 15 22.4 7 0 27.9 7 0 27.9 7.2 0 22.4 7.2 0
4 15 49.8 7 0 56 7 0 56 7.2 0 49.8 7.2 0
4 15 57.5 7 0 65.8 7 0 65.8 7.2 0 57.5 7.2 0
4 15 65.8 7 0 65.9 7 0 65.9 7.2 0 65.8 7.2 0
4 15 83.5 7.1 0 92.7 7.1 0 92.7 7.2 0 83.5 7.2 0
4 15 109.1 7 0 115.3 7 0 115.3 7.2 0 109.1 7.2 0
4 15 4.8 6.9 0 10.1 6.9 0 10.1 7.3 0 4.8 7.3 0
4 15 22.4 7.2 0 27.7 7.2 0 27.7 7.3 0 22.4 7.3 0
4 15 27.7 7.2 0 27.8 7.2 0 27.8 7.3 0 27.7 7.3 0
4 15 27.8 7.2 0 27.9 7.2 0 27.9 7.3 0 27.8 7.3 0
4 15 39.4 7.1 0 44.8 7.1 0 44.8 7.3 0 39.4 7.3 0
4 15 83.4 7.2 0 83.5 7.2 0 83.5 7.3 0 83.4 7.3 0
4 15 83.5 7.2 0 92.8 7.2 0 92.8 7.3 0 83.5 7.3 0
4 15 98.7 7.1 0 104.1 7.1 0 104.1 7.3 0 98.7 7.3 0
4 15 4.8 7.3 0 10 7.3 0 10 7.4 0 4.8 7.4 0
4 15 22.4 7.3 0 27.9 7.3 0 27.9 7.4 0 22.4 7.4 0
4 15 57.5 7.2 0 65.9 7.2 0 65.9 7.4 0 57.5 7.4 0
4 15 68.8 7.1 0 77.5 7.1 0 77.5 7.4 0 68.8 7.4 0
4 15 83.4 7.3 0 92.8 7.3 0 92.8 7.4 0 83.4 7.4 0
4 15 22.3 7.4 0 27.9 7.4 0 27.9 7.5 0 22.3 7.5 0
4 15 57.4 7.4 0 66 7.4 0 66 7.5 0 57.4 7.5 0
4 15 68.7 7.4 0 77.5 7.4 0 77.5 7.5 0 68.7 7.5 0
4 15 15.2 7.2 0 20.8 7.2 0 20.8 7.6 0 15.2 7.6 0
4 15 22.3 7.5 0 27.8 7.5 0 27.8 7.6 0 22.3 7.6 0
4 15 39.4 7.3 0 44.7 7.3 0 44.7 7.6 0 39.4 7.6 0
4 15 49.9 7.2 0 55.9 7.2 0 55.9 7.6 0 49.9 7.6 0
4 15 57.4 7.5 0 65.9 7.5 0 65.9 7.6 0 57.4 7.6 0
4 15 65.9 7.5 0 66 7.5 0 66 7.6 0 65.9 7.6 0
4 15 68.7 7.5 0 77.4 7.5 0 77.4 7.6 0 68.7 7.6 0
4 15 83.3 7.4 0 92.8 7.4 0 92.8 7.6 0 83.3 7.6 0
4 15 98.7 7.3 0 104 7.3 0 104 7.6 0 98.7 7.6 0
4 15 109.2 7.2 0 115.2 7.2 0 115.2 7.6 0 109.2 7.6 0
4 15 22.3 7.6 0 27.7 7.6 0 27.7 7.7 0 22.3 7.7 0
4 15 27.7 7.6 0 27.8 7.6 0 27.8 7.7 0 27.7 7.7 0
4 15 50 7.6 0 55.9 7.6 0 55.9 7.7 0 50 7.7 0
4 15 57.4 7.6 0 66 7.6 0 66 7.7 0 57.4 7.7 0
4 15 83.2 7.6 0 92.8 7.6 0 92.8 7.7 0 83.2 7.7 0
4 15 109.3 7.6 0 115.2 7.6 0 115.2 7.7 0 109.3 7.7 0
4 15 4.7 7.4 0 10 7.4 0 10 7.8 0 4.7 7.8 0
4 15 39.3 7.6 0 44.7 7.6 0 44.7 7.8 0 39.3 7.8 0
4 15 57.4 7.7 0 65.8 7.7 0 65.8 7.8 0 57.4 7.8 0
4 15 65.8 7.7 0 65.9 7.7 0 65.9 7.8 0 65.8 7.8 0
4 15 65.9 7.7 0 66 7.7 0 66 7.8 0 65.9 7.8 0
4 15 68.6 7.6 0 77.4 7.6 0 77.4 7.8 0 68.6 7.8 0
4 15 83.1 7.7 0 92.8 7.7 0 92.8 7.8 0 83.1 7.8 0
4 15 98.6 7.6 0 104 7.6 0 104 7.8 0 98.6 7.8 0
4 15 4.7 7.8 0 9.9 7.8 0 9.9 7.9 0 4.7 7.9 0
4 15 22.3 7.7 0 27.8 7.7 0 27.8 7.9 0 22.3 7.9 0
4 15 57.4 7.8 0 66 7.8 0 66 7.9 0 57.4 7.9 0
4 15 83.1 7.8 0 88.2 7.8 0 88.2 7.9 0 83.1 7.9 0
4 15 68.5 7.8 0 77.4 7.8 0 77.4 8 0 68.5 8 0
4 15 39.3 7.8 0 44.6 7.8 0 44.6 8.1 0 39.3 8.1 0
4 15 50 7.7 0 55.8 7.7 0 55.8 8.1 0 50 8.1 0
4 15 83 7.9 0 88.1 7.9 0 88.1 8.1 0 83 8.1 0
4 15 98.6 7.8 0 103.9 7.8 0 103.9 8.1 0 98.6 8.1 0
4 15 109.3 7.7 0 115.1 7.7 0 115.1 8.1 0 109.3 8.1 0
4 15 15.3 7.6 0 20.8 7.6 0 20.8 8.2 0 15.3 8.2 0
4 15 50 8.1 0 55.7 8.1 0 55.7 8.2 0 50 8.2 0
4 15 68.4 8 0 77.3 8 0 77.3 8.2 0 68.4 8.2 0
4 15 82.9 8.1 0 88 8.1 0 88 8.2 0 82.9 8.2 0
4 15 109.3 8.1 0 115 8.1 0 115 8.2 0 109.3 8.2 0
4 15 4.6 7.9 0 9.9 7.9 0 9.9 8.3 0 4.6 8.3 0
4 15 15.2 8.2 0 20.8 8.2 0 20.8 8.3 0 15.2 8.3 0
4 15 22.2 7.9 0 27.7 7.9 0 27.7 8.3 0 22.2 8.3 0
4 15 39.2 8.1 0 44.6 8.1 0 44.6 8.3 0 39.2 8.3 0
4 15 82.8 8.2 0 87.9 8.2 0 87.9 8.3 0 82.8 8.3 0
4 15 87.9 8.2 0 88 8.2 0 88 8.3 0 87.9 8.3 0
4 15 88.3 7.8 0 92.9 7.8 0 92.9 8.3 0 88.3 8.3 0
4 15 98.5 8.1 0 103.9 8.1 0 103.9 8.3 0 98.5 8.3 0
4 15 4.6 8.3 0 9.8 8.3 0 9.8 8.4 0 4.6 8.4 0
4 15 22.1 8.3 0 27.7 8.3 0 27.7 8.4 0 22.1 8.4 0
4 15 49.9 8.2 0 55.7 8.2 0 55.7 8.4 0 49.9 8.4 0
4 15 57.3 7.9 0 66 7.9 0 66 8.4 0 57.3 8.4 0
4 15 68.3 8.2 0 77.3 8.2 0 77.3 8.4 0 68.3 8.4 0
4 15 82.8 8.3 0 87.8 8.3 0 87.8 8.4 0 82.8 8.4 0
4 15 87.8 8.3 0 87.9 8.3 0 87.9 8.4 0 87.8 8.4 0
4 15 88.4 8.3 0 92.9 8.3 0 92.9 8.4 0 88.4 8.4 0
4 15 109.2 8.2 0 115 8.2 0 115 8.4 0 109.2 8.4 0
4 15 15.2 8.3 0 20.7 8.3 0 20.7 8.6 0 15.2 8.6 0
4 15 39.2 8.3 0 44.5 8.3 0 44.5 8.6 0 39.2 8.6 0
4 15 49.9 8.4 0 55.6 8.4 0 55.6 8.6 0 49.9 8.6 0
4 15 82.7 8.4 0 87.8 8.4 0 87.8 8.6 0 82.7 8.6 0
4 15 98.5 8.3 0 103.8 8.3 0 103.8 8.6 0 98.5 8.6 0
4 15 109.2 8.4 0 114.9 8.4 0 114.9 8.6 0 109.2 8.6 0
4 15 49.8 8.6 0 55.6 8.6 0 55.6 8.7 0 49.8 8.7 0
4 15 68.2 8.4 0 77.2 8.4 0 77.2 8.7 0 68.2 8.7 0
4 15 109.1 8.6 0 114.9 8.6 0 114.9 8.7 0 109.1 8.7 0
4 15 4.5 8.4 0 9.8 8.4 0 9.8 8.8 0 4.5 8.8 0
4 15 15.1 8.6 0 20.7 8.6 0 20.7 8.8 0 15.1 8.8 0
4 15 22.1 8.4 0 27.6 8.4 0 27.6 8.8 0 22.1 8.8 0
4 15 39.1 8.6 0 44.5 8.6 0 44.5 8.8 0 39.1 8.8 0
4 15 57.2 8.4 0 66 8.4 0 66 8.8 0 57.2 8.8 0
4 15 82.6 8.6 0 87.7 8.6 0 87.7 8.8 0 82.6 8.8 0
4 15 98.4 8.6 0 103.8 8.6 0 103.8 8.8 0 98.4 8.8 0
4 15 4.5 8.8 0 9.7 8.8 0 9.7 8.9 0 4.5 8.9 0
4 15 15.1 8.8 0 20.6 8.8 0 20.6 8.9 0 15.1 8.9 0
4 15 49.8 8.7 0 55.5 8.7 0 55.5 8.9 0 49.8 8.9 0
4 15 57.2 8.8 0 66.1 8.8 0 66.1 8.9 0 57.2 8.9 0
4 15 68.1 8.7 0 77.2 8.7 0 77.2 8.9 0 68.1 8.9 0
4 15 82.5 8.8 0 87.6 8.8 0 87.6 8.9 0 82.5 8.9 0
4 15 88.4 8.4 0 93 8.4 0 93 8.9 0 88.4 8.9 0
4 15 109.1 8.7 0 114.8 8.7 0 114.8 8.9 0 109.1 8.9 0
4 15 22 8.8 0 27.6 8.8 0 27.6 9 0 22 9 0
4 15 49.7 8.9 0 55.5 8.9 0 55.5 9 0 49.7 9 0
4 15 57.1 8.9 0 66.1 8.9 0 66.1 9 0 57.1 9 0
4 15 88.4 8.9 0 93.1 8.9 0 93.1 9 0 88.4 9 0
4 15 109 8.9 0 114.8 8.9 0 114.8 9 0 109 9 0
4 15 15 8.9 0 20.6 8.9 0 20.6 9.1 0 15 9.1 0
4 15 22 9 0 30.4 9 0 30.4 9.1 0 22 9.1 0
4 15 30.4 9 0 30.5 9 0 30.5 9.1 0 30.4 9.1 0
4 15 30.5 9 0 31 9 0 31 9.1 0 30.5 9.1 0
4 15 31 9 0 31.1 9 0 31.1 9.1 0 31 9.1 0
4 15 31.1 9 0 31.2 9 0 31.2 9.1 0 31.1 9.1 0
4 15 31.2 9 0 35.9 9 0 35.9 9.1 0 31.2 9.1 0
4 15 39.1 8.8 0 44.4 8.8 0 44.4 9.1 0 39.1 9.1 0
4 15 49.7 9 0 55.4 9 0 55.4 9.1 0 49.7 9.1 0
4 15 68 8.9 0 77.1 8.9 0 77.1 9.1 0 68 9.1 0
4 15 82.4 8.9 0 87.5 8.9 0 87.5 9.1 0 82.4 9.1 0
4 15 98.4 8.8 0 103.7 8.8 0 103.7 9.1 0 98.4 9.1 0
4 15 109 9 0 114.7 9 0 114.7 9.1 0 109 9.1 0
4 15 14.9 9.1 0 20.6 9.1 0 20.6 9.2 0 14.9 9.2 0
4 15 49.6 9.1 0 55.4 9.1 0 55.4 9.2 0 49.6 9.2 0
4 15 57.1 9 0 62.3 9 0 62.3 9.2 0 57.1 9.2 0
4 15 108.9 9.1 0 114.7 9.1 0 114.7 9.2 0 108.9 9.2 0
4 15 4.4 8.9 0 9.7 8.9 0 9.7 9.3 0 4.4 9.3 0
4 15 14.9 9.2 0 20.5 9.2 0 20.5 9.3 0 14.9 9.3 0
4 15 22 9.1 0 35.9 9.1 0 35.9 9.3 0 22 9.3 0
4 15 39 9.1 0 44.4 9.1 0 44.4 9.3 0 39 9.3 0
4 15 49.6 9.2 0 55.3 9.2 0 55.3 9.3 0 49.6 9.3 0
4 15 57.1 9.2 0 62.2 9.2 0 62.2 9.3 0 57.1 9.3 0
4 15 67.9 9.1 0 77.1 9.1 0 77.1 9.3 0 67.9 9.3 0
4 15 82.3 9.1 0 87.4 9.1 0 87.4 9.3 0 82.3 9.3 0
4 15 98.3 9.1 0 103.7 9.1 0 103.7 9.3 0 98.3 9.3 0
4 15 108.9 9.2 0 114.6 9.2 0 114.6 9.3 0 108.9 9.3 0
4 15 49.5 9.3 0 55.3 9.3 0 55.3 9.4 0 49.5 9.4 0
4 15 67.8 9.3 0 77.1 9.3 0 77.1 9.4 0 67.8 9.4 0
4 15 82.2 9.3 0 87.3 9.3 0 87.3 9.4 0 82.2 9.4 0
4 15 108.8 9.3 0 114.6 9.3 0 114.6 9.4 0 108.8 9.4 0
4 15 4.4 9.3 0 9.6 9.3 0 9.6 9.5 0 4.4 9.5 0
4 15 14.8 9.3 0 20.5 9.3 0 20.5 9.5 0 14.8 9.5 0
4 15 49.5 9.4 0 55.2 9.4 0 55.2 9.5 0 49.5 9.5 0
4 15 67.8 9.4 0 77 9.4 0 77 9.5 0 67.8 9.5 0
4 15 88.5 9 0 93.1 9 0 93.1 9.5 0 88.5 9.5 0
4 15 108.8 9.4 0 114.5 9.4 0 114.5 9.5 0 108.8 9.5 0
4 15 14.7 9.5 0 20.5 9.5 0 20.5 9.6 0 14.7 9.6 0
4 15 39 9.3 0 44.3 9.3 0 44.3 9.6 0 39 9.6 0
4 15 49.4 9.5 0 55.1 9.5 0 55.1 9.6 0 49.4 9.6 0
4 15 57 9.3 0 62.2 9.3 0 62.2 9.6 0 57 9.6 0
4 15 67.7 9.5 0 77 9.5 0 77 9.6 0 67.7 9.6 0
4 15 82.1 9.4 0 87.2 9.4 0 87.2 9.6 0 82.1 9.6 0
4 15 98.3 9.3 0 103.6 9.3 0 103.6 9.6 0 98.3 9.6 0
4 15 108.7 9.5 0 114.4 9.5 0 114.4 9.6 0 108.7 9.6 0
4 15 14.6 9.6 0 20.5 9.6 0 20.5 9.7 0 14.6 9.7 0
4 15 21.9 9.3 0 35.8 9.3 0 35.8 9.7 0 21.9 9.7 0
4 15 49.3 9.6 0 55.1 9.6 0 55.1 9.7 0 49.3 9.7 0
4 15 67.7 9.6 0 71.7 9.6 0 71.7 9.7 0 67.7 9.7 0
4 15 108.6 9.6 0 114.4 9.6 0 114.4 9.7 0 108.6 9.7 0
4 15 4.3 9.5 0 9.6 9.5 0 9.6 9.8 0 4.3 9.8 0
4 15 14.5 9.7 0 20.4 9.7 0 20.4 9.8 0 14.5 9.8 0
4 15 35.7 9.7 0 35.8 9.7 0 35.8 9.8 0 35.7 9.8 0
4 15 38.9 9.6 0 44.3 9.6 0 44.3 9.8 0 38.9 9.8 0
4 15 49.2 9.7 0 55 9.7 0 55 9.8 0 49.2 9.8 0
4 15 57 9.6 0 62.1 9.6 0 62.1 9.8 0 57 9.8 0
4 15 67.6 9.7 0 71.7 9.7 0 71.7 9.8 0 67.6 9.8 0
4 15 71.8 9.6 0 77 9.6 0 77 9.8 0 71.8 9.8 0
4 15 82 9.6 0 87.1 9.6 0 87.1 9.8 0 82 9.8 0
4 15 88.5 9.5 0 93.2 9.5 0 93.2 9.8 0 88.5 9.8 0
4 15 98.2 9.6 0 103.6 9.6 0 103.6 9.8 0 98.2 9.8 0
4 15 108.5 9.7 0 114.3 9.7 0 114.3 9.8 0 108.5 9.8 0
4 15 14.4 9.8 0 20.4 9.8 0 20.4 9.9 0 14.4 9.9 0
4 15 49.1 9.8 0 54.9 9.8 0 54.9 9.9 0 49.1 9.9 0
4 15 81.9 9.8 0 87 9.8 0 87 9.9 0 81.9 9.9 0
4 15 108.4 9.8 0 114.2 9.8 0 114.2 9.9 0 108.4 9.9 0
4 15 4.3 9.8 0 9.5 9.8 0 9.5 10 0 4.3 10 0
4 15 14.2 9.9 0 20.4 9.9 0 20.4 10 0 14.2 10 0
4 15 38.9 9.8 0 44.2 9.8 0 44.2 10 0 38.9 10 0
4 15 48.9 9.9 0 54.8 9.9 0 54.8 10 0 48.9 10 0
4 15 67.6 9.8 0 71.6 9.8 0 71.6 10 0 67.6 10 0
4 15 98.2 9.8 0 103.5 9.8 0 103.5 10 0 98.2 10 0
4 15 108.2 9.9 0 114.1 9.9 0 114.1 10 0 108.2 10 0
4 15 14 10 0 20.4 10 0 20.4 10.1 0 14 10.1 0
4 15 48.7 10 0 54.8 10 0 54.8 10.1 0 48.7 10.1 0
4 15 56.9 9.8 0 62.1 9.8 0 62.1 10.1 0 56.9 10.1 0
4 15 81.8 9.9 0 86.9 9.9 0 86.9 10.1 0 81.8 10.1 0
4 15 88.6 9.8 0 93.2 9.8 0 93.2 10.1 0 88.6 10.1 0
4 15 108 10 0 114.1 10 0 114.1 10.1 0 108 10.1 0
4 15 13.7 10.1 0 20.3 10.1 0 20.3 10.2 0 13.7 10.2 0
4 15 21.8 9.7 0 35.7 9.7 0 35.7 10.2 0 21.8 10.2 0
4 15 48.4 10.1 0 54.7 10.1 0 54.7 10.2 0 48.4 10.2 0
4 15 67.5 10 0 71.5 10 0 71.5 10.2 0 67.5 10.2 0
4 15 107.7 10.1 0 114 10.1 0 114 10.2 0 107.7 10.2 0
4 15 13.3 10.2 0 20.3 10.2 0 20.3 10.3 0 13.3 10.3 0
4 15 21.7 10.2 0 35.7 10.2 0 35.7 10.3 0 21.7 10.3 0
4 15 48 10.2 0 54.6 10.2 0 54.6 10.3 0 48 10.3 0
4 15 56.9 10.1 0 62 10.1 0 62 10.3 0 56.9 10.3 0
4 15 62.4 9 0 66.1 9 0 66.1 10.3 0 62.4 10.3 0
4 15 71.8 9.8 0 76.9 9.8 0 76.9 10.3 0 71.8 10.3 0
4 15 81.7 10.1 0 86.8 10.1 0 86.8 10.3 0 81.7 10.3 0
4 15 107.3 10.2 0 113.9 10.2 0 113.9 10.3 0 107.3 10.3 0
4 15 4.2 10 0 9.5 10 0 9.5 10.4 0 4.2 10.4 0
4 15 12.8 10.3 0 20.3 10.3 0 20.3 10.4 0 12.8 10.4 0
4 15 38.8 10 0 44.2 10 0 44.2 10.4 0 38.8 10.4 0
4 15 47.5 10.3 0 54.5 10.3 0 54.5 10.4 0 47.5 10.4 0
4 15 67.4 10.2 0 71.4 10.2 0 71.4 10.4 0 67.4 10.4 0
4 15 81.6 10.3 0 86.7 10.3 0 86.7 10.4 0 81.6 10.4 0
4 15 98.1 10 0 103.5 10 0 103.5 10.4 0 98.1 10.4 0
4 15 106.8 10.3 0 113.8 10.3 0 113.8 10.4 0 106.8 10.4 0
4 15 4.2 10.4 0 20.2 10.4 0 20.2 10.5 0 4.2 10.5 0
4 15 38.8 10.4 0 54.4 10.4 0 54.4 10.5 0 38.8 10.5 0
4 15 56.8 10.3 0 62 10.3 0 62 10.5 0 56.8 10.5 0
4 15 71.8 10.3 0 76.8 10.3 0 76.8 10.5 0 71.8 10.5 0
4 15 88.6 10.1 0 93.3 10.1 0 93.3 10.5 0 88.6 10.5 0
4 15 98.1 10.4 0 113.7 10.4 0 113.7 10.5 0 98.1 10.5 0
4 15 38.7 10.5 0 54.3 10.5 0 54.3 10.6 0 38.7 10.6 0
4 15 62.4 10.3 0 66.2 10.3 0 66.2 10.6 0 62.4 10.6 0
4 15 67.3 10.4 0 71.3 10.4 0 71.3 10.6 0 67.3 10.6 0
4 15 81.5 10.4 0 86.6 10.4 0 86.6 10.6 0 81.5 10.6 0
4 15 98 10.5 0 113.6 10.5 0 113.6 10.6 0 98 10.6 0
4 15 4.1 10.5 0 20.2 10.5 0 20.2 10.7 0 4.1 10.7 0
4 15 21.7 10.3 0 35.6 10.3 0 35.6 10.7 0 21.7 10.7 0
4 15 38.7 10.6 0 54.1 10.6 0 54.1 10.7 0 38.7 10.7 0
4 15 81.4 10.6 0 81.5 10.6 0 81.5 10.7 0 81.4 10.7 0
4 15 81.5 10.6 0 86.5 10.6 0 86.5 10.7 0 81.5 10.7 0
4 15 88.7 10.5 0 93.3 10.5 0 93.3 10.7 0 88.7 10.7 0
4 15 98 10.6 0 113.4 10.6 0 113.4 10.7 0 98 10.7 0
4 15 38.7 10.7 0 54 10.7 0 54 10.8 0 38.7 10.8 0
4 15 56.8 10.5 0 61.9 10.5 0 61.9 10.8 0 56.8 10.8 0
4 15 67.2 10.6 0 71.2 10.6 0 71.2 10.8 0 67.2 10.8 0
4 15 71.7 10.5 0 76.8 10.5 0 76.8 10.8 0 71.7 10.8 0
4 15 81.4 10.7 0 86.5 10.7 0 86.5 10.8 0 81.4 10.8 0
4 15 98 10.7 0 113.3 10.7 0 113.3 10.8 0 98 10.8 0
4 15 4.1 10.7 0 20.1 10.7 0 20.1 10.9 0 4.1 10.9 0
4 15 38.7 10.8 0 53.8 10.8 0 53.8 10.9 0 38.7 10.9 0
4 15 81.3 10.8 0 86.4 10.8 0 86.4 10.9 0 81.3 10.9 0
4 15 98 10.8 0 113.1 10.8 0 113.1 10.9 0 98 10.9 0
4 15 4.1 10.9 0 20 10.9 0 20 11 0 4.1 11 0
4 15 38.7 10.9 0 53.6 10.9 0 53.6 11 0 38.7 11 0
4 15 56.7 10.8 0 61.9 10.8 0 61.9 11 0 56.7 11 0
4 15 67.1 10.8 0 71.1 10.8 0 71.1 11 0 67.1 11 0
4 15 71.7 10.8 0 76.7 10.8 0 76.7 11 0 71.7 11 0
4 15 98 10.9 0 112.9 10.9 0 112.9 11 0 98 11 0
4 15 4 11 0 20 11 0 20 11.1 0 4 11.1 0
4 15 21.6 10.7 0 35.5 10.7 0 35.5 11.1 0 21.6 11.1 0
4 15 38.6 11 0 53.4 11 0 53.4 11.1 0 38.6 11.1 0
4 15 81.2 10.9 0 86.3 10.9 0 86.3 11.1 0 81.2 11.1 0
4 15 97.9 11 0 112.7 11 0 112.7 11.1 0 97.9 11.1 0
4 15 21.5 11.1 0 35.5 11.1 0 35.5 11.2 0 21.5 11.2 0
4 15 38.6 11.1 0 53.1 11.1 0 53.1 11.2 0 38.6 11.2 0
4 15 56.7 11 0 61.8 11 0 61.8 11.2 0 56.7 11.2 0
4 15 67 11 0 71 11 0 71 11.2 0 67 11.2 0
4 15 71.6 11 0 76.7 11 0 76.7 11.2 0 71.6 11.2 0
4 15 88.7 10.7 0 93.4 10.7 0 93.4 11.2 0 88.7 11.2 0
4 15 97.9 11.1 0 112.4 11.1 0 112.4 11.2 0 97.9 11.2 0
4 15 4 11.1 0 19.9 11.1 0 19.9 11.3 0 4 11.3 0
4 15 38.6 11.2 0 52.9 11.2 0 52.9 11.3 0 38.6 11.3 0
4 15 67 11.2 0 70.9 11.2 0 70.9 11.3 0 67 11.3 0
4 15 81.1 11.1 0 86.2 11.1 0 86.2 11.3 0 81.1 11.3 0
4 15 88.8 11.2 0 93.4 11.2 0 93.4 11.3 0 88.8 11.3 0
4 15 97.9 11.2 0 112.2 11.2 0 112.2 11.3 0 97.9 11.3 0
4 15 38.6 11.3 0 52.7 11.3 0 52.7 11.4 0 38.6 11.4 0
4 15 56.6 11.2 0 61.8 11.2 0 61.8 11.4 0 56.6 11.4 0
4 15 66.9 11.3 0 70.9 11.3 0 70.9 11.4 0 66.9 11.4 0
4 15 81 11.3 0 86.1 11.3 0 86.1 11.4 0 81 11.4 0
4 15 97.9 11.3 0 112 11.3 0 112 11.4 0 97.9 11.4 0
4 15 4 11.3 0 19.8 11.3 0 19.8 11.5 0 4 11.5 0
4 15 38.6 11.4 0 52.6 11.4 0 52.6 11.5 0 38.6 11.5 0
4 15 66.9 11.4 0 70.8 11.4 0 70.8 11.5 0 66.9 11.5 0
4 15 71.6 11.2 0 76.6 11.2 0 76.6 11.5 0 71.6 11.5 0
4 15 81 11.4 0 86 11.4 0 86 11.5 0 81 11.5 0
4 15 97.9 11.4 0 111.9 11.4 0 111.9 11.5 0 97.9 11.5 0
4 15 21.5 11.2 0 35.4 11.2 0 35.4 11.6 0 21.5 11.6 0
4 15 38.5 11.5 0 52.4 11.5 0 52.4 11.6 0 38.5 11.6 0
4 15 80.9 11.5 0 86 11.5 0 86 11.6 0 80.9 11.6 0
4 15 97.8 11.5 0 111.7 11.5 0 111.7 11.6 0 97.8 11.6 0
4 15 3.9 11.5 0 19.7 11.5 0 19.7 11.7 0 3.9 11.7 0
4 15 35.3 11.6 0 35.4 11.6 0 35.4 11.7 0 35.3 11.7 0
4 15 56.6 11.4 0 61.7 11.4 0 61.7 11.7 0 56.6 11.7 0
4 15 62.5 10.6 0 66.2 10.6 0 66.2 11.7 0 62.5 11.7 0
4 15 66.8 11.5 0 70.8 11.5 0 70.8 11.7 0 66.8 11.7 0
4 15 71.5 11.5 0 76.6 11.5 0 76.6 11.7 0 71.5 11.7 0
4 15 80.8 11.6 0 85.7 11.6 0 85.7 11.7 0 80.8 11.7 0
4 15 85.7 11.6 0 85.8 11.6 0 85.8 11.7 0 85.7 11.7 0
4 15 85.8 11.6 0 85.9 11.6 0 85.9 11.7 0 85.8 11.7 0
4 15 38.5 11.6 0 52.3 11.6 0 52.3 11.8 0 38.5 11.8 0
4 15 56.5 11.7 0 61.7 11.7 0 61.7 11.8 0 56.5 11.8 0
4 15 80.8 11.7 0 85.9 11.7 0 85.9 11.8 0 80.8 11.8 0
4 15 88.8 11.3 0 93.5 11.3 0 93.5 11.8 0 88.8 11.8 0
4 15 97.8 11.6 0 111.6 11.6 0 111.6 11.8 0 97.8 11.8 0
4 15 3.9 11.7 0 19.6 11.7 0 19.6 11.9 0 3.9 11.9 0
4 15 38.5 11.8 0 52.4 11.8 0 52.4 11.9 0 38.5 11.9 0
4 15 66.7 11.7 0 70.7 11.7 0 70.7 11.9 0 66.7 11.9 0
4 15 80.7 11.8 0 85.8 11.8 0 85.8 11.9 0 80.7 11.9 0
4 15 97.8 11.8 0 111.7 11.8 0 111.7 11.9 0 97.8 11.9 0
4 15 3.9 11.9 0 19.5 11.9 0 19.5 12 0 3.9 12 0
4 15 21.4 11.6 0 35.3 11.6 0 35.3 12 0 21.4 12 0
4 15 38.5 11.9 0 52.5 11.9 0 52.5 12 0 38.5 12 0
4 15 62.5 11.7 0 66.3 11.7 0 66.3 12 0 62.5 12 0
4 15 71.5 11.7 0 76.5 11.7 0 76.5 12 0 71.5 12 0
4 15 80.7 11.9 0 85.7 11.9 0 85.7 12 0 80.7 12 0
4 15 88.8 11.8 0 93.6 11.8 0 93.6 12 0 88.8 12 0
4 15 97.8 11.9 0 111.8 11.9 0 111.8 12 0 97.8 12 0
4 15 3.8 12 0 19.5 12 0 19.5 12.1 0 3.8 12.1 0
4 15 38.4 12 0 52.7 12 0 52.7 12.1 0 38.4 12.1 0
4 15 62.5 12 0 62.7 12 0 62.7 12.1 0 62.5 12.1 0
4 15 62.7 12 0 62.8 12 0 62.8 12.1 0 62.7 12.1 0
4 15 62.8 12 0 66.3 12 0 66.3 12.1 0 62.8 12.1 0
4 15 66.6 11.9 0 70.6 11.9 0 70.6 12.1 0 66.6 12.1 0
4 15 80.6 12 0 85.7 12 0 85.7 12.1 0 80.6 12.1 0
4 15 97.7 12 0 112 12 0 112 12.1 0 97.7 12.1 0
4 15 3.8 12.1 0 19.4 12.1 0 19.4 12.2 0 3.8 12.2 0
4 15 21.3 12 0 35.3 12 0 35.3 12.2 0 21.3 12.2 0
4 15 38.4 12.1 0 52.8 12.1 0 52.8 12.2 0 38.4 12.2 0
4 15 56.5 11.8 0 61.6 11.8 0 61.6 12.2 0 56.5 12.2 0
4 15 71.4 12 0 76.5 12 0 76.5 12.2 0 71.4 12.2 0
4 15 97.7 12.1 0 112.1 12.1 0 112.1 12.2 0 97.7 12.2 0
4 15 3.8 12.2 0 19.3 12.2 0 19.3 12.3 0 3.8 12.3 0
4 15 21.3 12.2 0 30.7 12.2 0 30.7 12.3 0 21.3 12.3 0
4 15 30.7 12.2 0 30.8 12.2 0 30.8 12.3 0 30.7 12.3 0
4 15 30.8 12.2 0 31.4 12.2 0 31.4 12.3 0 30.8 12.3 0
4 15 31.4 12.2 0 31.5 12.2 0 31.5 12.3 0 31.4 12.3 0
4 15 31.5 12.2 0 31.6 12.2 0 31.6 12.3 0 31.5 12.3 0
4 15 31.6 12.2 0 32.1 12.2 0 32.1 12.3 0 31.6 12.3 0
4 15 32.1 12.2 0 32.2 12.2 0 32.2 12.3 0 32.1 12.3 0
4 15 32.2 12.2 0 32.8 12.2 0 32.8 12.3 0 32.2 12.3 0
4 15 32.8 12.2 0 32.9 12.2 0 32.9 12.3 0 32.8 12.3 0
4 15 32.9 12.2 0 33.4 12.2 0 33.4 12.3 0 32.9 12.3 0
4 15 33.4 12.2 0 33.5 12.2 0 33.5 12.3 0 33.4 12.3 0
4 15 33.5 12.2 0 34 12.2 0 34 12.3 0 33.5 12.3 0
4 15 34 12.2 0 34.1 12.2 0 34.1 12.3 0 34 12.3 0
4 15 34.1 12.2 0 34.2 12.2 0 34.2 12.3 0 34.1 12.3 0
4 15 34.2 12.2 0 35.2 12.2 0 35.2 12.3 0 34.2 12.3 0
4 15 38.4 12.2 0 52.9 12.2 0 52.9 12.3 0 38.4 12.3 0
4 15 56.4 12.2 0 61.6 12.2 0 61.6 12.3 0 56.4 12.3 0
4 15 66.5 12.1 0 70.5 12.1 0 70.5 12.3 0 66.5 12.3 0
4 15 80.5 12.1 0 85.6 12.1 0 85.6 12.3 0 80.5 12.3 0
4 15 97.7 12.2 0 112.2 12.2 0 112.2 12.3 0 97.7 12.3 0
4 15 3.8 12.3 0 19.2 12.3 0 19.2 12.4 0 3.8 12.4 0
4 15 21.3 12.3 0 29.4 12.3 0 29.4 12.4 0 21.3 12.4 0
4 15 29.4 12.3 0 29.5 12.3 0 29.5 12.4 0 29.4 12.4 0
4 15 29.5 12.3 0 35.2 12.3 0 35.2 12.4 0 29.5 12.4 0
4 15 38.4 12.3 0 53 12.3 0 53 12.4 0 38.4 12.4 0
4 15 62.6 12.1 0 66.3 12.1 0 66.3 12.4 0 62.6 12.4 0
4 15 66.4 12.3 0 70.4 12.3 0 70.4 12.4 0 66.4 12.4 0
4 15 80.4 12.3 0 85.5 12.3 0 85.5 12.4 0 80.4 12.4 0
4 15 88.9 12 0 93.6 12 0 93.6 12.4 0 88.9 12.4 0
4 15 97.7 12.3 0 112.3 12.3 0 112.3 12.4 0 97.7 12.4 0
4 15 3.8 12.4 0 19.1 12.4 0 19.1 12.5 0 3.8 12.5 0
4 15 21.3 12.4 0 26.8 12.4 0 26.8 12.5 0 21.3 12.5 0
4 15 38.4 12.4 0 53.1 12.4 0 53.1 12.5 0 38.4 12.5 0
4 15 62.6 12.4 0 70.4 12.4 0 70.4 12.5 0 62.6 12.5 0
4 15 71.4 12.2 0 76.4 12.2 0 76.4 12.5 0 71.4 12.5 0
4 15 97.7 12.4 0 112.4 12.4 0 112.4 12.5 0 97.7 12.5 0
4 15 3.7 12.5 0 19 12.5 0 19 12.6 0 3.7 12.6 0
4 15 21.2 12.5 0 26.8 12.5 0 26.8 12.6 0 21.2 12.6 0
4 15 71.3 12.5 0 76.4 12.5 0 76.4 12.6 0 71.3 12.6 0
4 15 80.3 12.5 0 80.4 12.5 0 80.4 12.6 0 80.3 12.6 0
4 15 80.4 12.4 0 85.4 12.4 0 85.4 12.6 0 80.4 12.6 0
4 15 88.9 12.4 0 93.7 12.4 0 93.7 12.6 0 88.9 12.6 0
4 15 3.7 12.6 0 18.9 12.6 0 18.9 12.7 0 3.7 12.7 0
4 15 38.3 12.5 0 53.2 12.5 0 53.2 12.7 0 38.3 12.7 0
4 15 56.4 12.3 0 61.5 12.3 0 61.5 12.7 0 56.4 12.7 0
4 15 62.6 12.5 0 70.3 12.5 0 70.3 12.7 0 62.6 12.7 0
4 15 71.3 12.6 0 76.3 12.6 0 76.3 12.7 0 71.3 12.7 0
4 15 88.9 12.6 0 89 12.6 0 89 12.7 0 88.9 12.7 0
4 15 97.6 12.5 0 112.5 12.5 0 112.5 12.7 0 97.6 12.7 0
4 15 3.7 12.7 0 18.8 12.7 0 18.8 12.8 0 3.7 12.8 0
4 15 38.3 12.7 0 53.3 12.7 0 53.3 12.8 0 38.3 12.8 0
4 15 71.3 12.7 0 71.4 12.7 0 71.4 12.8 0 71.3 12.8 0
4 15 71.4 12.7 0 71.5 12.7 0 71.5 12.8 0 71.4 12.8 0
4 15 71.5 12.7 0 76.3 12.7 0 76.3 12.8 0 71.5 12.8 0
4 15 80.2 12.6 0 85.3 12.6 0 85.3 12.8 0 80.2 12.8 0
4 15 97.6 12.7 0 112.6 12.7 0 112.6 12.8 0 97.6 12.8 0
4 15 3.7 12.8 0 18.7 12.8 0 18.7 12.9 0 3.7 12.9 0
4 15 21.2 12.6 0 26.7 12.6 0 26.7 12.9 0 21.2 12.9 0
4 15 62.6 12.7 0 70.2 12.7 0 70.2 12.9 0 62.6 12.9 0
4 15 80.1 12.8 0 85.2 12.8 0 85.2 12.9 0 80.1 12.9 0
4 15 3.7 12.9 0 18.6 12.9 0 18.6 13 0 3.7 13 0
4 15 21.3 12.9 0 26.7 12.9 0 26.7 13 0 21.3 13 0
4 15 38.3 12.8 0 53.4 12.8 0 53.4 13 0 38.3 13 0
4 15 71.3 12.8 0 76.3 12.8 0 76.3 13 0 71.3 13 0
4 15 80.1 12.9 0 85.1 12.9 0 85.1 13 0 80.1 13 0
4 15 89 12.6 0 93.7 12.6 0 93.7 13 0 89 13 0
4 15 97.6 12.8 0 112.7 12.8 0 112.7 13 0 97.6 13 0
4 15 3.6 13 0 18.5 13 0 18.5 13.1 0 3.6 13.1 0
4 15 21.1 13 0 21.2 13 0 21.2 13.1 0 21.1 13.1 0
4 15 21.2 12.9 0 21.3 12.9 0 21.3 13.1 0 21.2 13.1 0
4 15 21.3 13 0 26.6 13 0 26.6 13.1 0 21.3 13.1 0
4 15 38.2 13 0 53.5 13 0 53.5 13.1 0 38.2 13.1 0
4 15 56.3 12.7 0 61.4 12.7 0 61.4 13.1 0 56.3 13.1 0
4 15 62.6 12.9 0 70.1 12.9 0 70.1 13.1 0 62.6 13.1 0
4 15 71.2 13 0 76.3 13 0 76.3 13.1 0 71.2 13.1 0
4 15 80 13 0 85.1 13 0 85.1 13.1 0 80 13.1 0
4 15 97.5 13 0 112.8 13 0 112.8 13.1 0 97.5 13.1 0
4 15 3.6 13.1 0 18.4 13.1 0 18.4 13.2 0 3.6 13.2 0
4 15 21.1 13.1 0 26.6 13.1 0 26.6 13.2 0 21.1 13.2 0
4 15 56.2 13.1 0 61.4 13.1 0 61.4 13.2 0 56.2 13.2 0
4 15 3.6 13.2 0 18.3 13.2 0 18.3 13.3 0 3.6 13.3 0
4 15 21.1 13.2 0 21.2 13.2 0 21.2 13.3 0 21.1 13.3 0
4 15 21.2 13.2 0 21.3 13.2 0 21.3 13.3 0 21.2 13.3 0
4 15 21.3 13.2 0 26.6 13.2 0 26.6 13.3 0 21.3 13.3 0
4 15 38.2 13.1 0 53.6 13.1 0 53.6 13.3 0 38.2 13.3 0
4 15 62.6 13.1 0 70 13.1 0 70 13.3 0 62.6 13.3 0
4 15 79.9 13.1 0 85 13.1 0 85 13.3 0 79.9 13.3 0
4 15 97.5 13.1 0 112.9 13.1 0 112.9 13.3 0 97.5 13.3 0
4 15 3.6 13.3 0 18.1 13.3 0 18.1 13.4 0 3.6 13.4 0
4 15 21.1 13.3 0 26.6 13.3 0 26.6 13.4 0 21.1 13.4 0
4 15 38.2 13.3 0 53.7 13.3 0 53.7 13.4 0 38.2 13.4 0
4 15 79.8 13.3 0 84.9 13.3 0 84.9 13.4 0 79.8 13.4 0
4 15 89 13 0 93.8 13 0 93.8 13.4 0 89 13.4 0
4 15 97.5 13.3 0 113 13.3 0 113 13.4 0 97.5 13.4 0
4 15 3.6 13.4 0 18 13.4 0 18 13.5 0 3.6 13.5 0
4 15 21 13.4 0 26.6 13.4 0 26.6 13.5 0 21 13.5 0
4 15 62.6 13.3 0 69.9 13.3 0 69.9 13.5 0 62.6 13.5 0
4 15 71.2 13.1 0 76.2 13.1 0 76.2 13.5 0 71.2 13.5 0
4 15 79.8 13.4 0 93.8 13.4 0 93.8 13.5 0 79.8 13.5 0
4 15 3.5 13.5 0 17.9 13.5 0 17.9 13.6 0 3.5 13.6 0
4 15 21 13.5 0 26.5 13.5 0 26.5 13.6 0 21 13.6 0
4 15 38.1 13.4 0 53.7 13.4 0 53.7 13.6 0 38.1 13.6 0
4 15 56.2 13.2 0 61.3 13.2 0 61.3 13.6 0 56.2 13.6 0
4 15 62.6 13.5 0 69.8 13.5 0 69.8 13.6 0 62.6 13.6 0
4 15 71.1 13.5 0 76.2 13.5 0 76.2 13.6 0 71.1 13.6 0
4 15 79.7 13.5 0 85.7 13.5 0 85.7 13.6 0 79.7 13.6 0
4 15 85.7 13.5 0 86 13.5 0 86 13.6 0 85.7 13.6 0
4 15 86 13.5 0 93.8 13.5 0 93.8 13.6 0 86 13.6 0
4 15 97.4 13.4 0 113 13.4 0 113 13.6 0 97.4 13.6 0
4 15 3.5 13.6 0 17.7 13.6 0 17.7 13.7 0 3.5 13.7 0
4 15 21 13.6 0 26.4 13.6 0 26.4 13.7 0 21 13.7 0
4 15 26.4 13.6 0 26.5 13.6 0 26.5 13.7 0 26.4 13.7 0
4 15 71.1 13.6 0 71.2 13.6 0 71.2 13.7 0 71.1 13.7 0
4 15 71.2 13.6 0 71.3 13.6 0 71.3 13.7 0 71.2 13.7 0
4 15 71.3 13.6 0 76.1 13.6 0 76.1 13.7 0 71.3 13.7 0
4 15 79.7 13.6 0 93.9 13.6 0 93.9 13.7 0 79.7 13.7 0
4 15 3.5 13.7 0 17.5 13.7 0 17.5 13.8 0 3.5 13.8 0
4 15 62.7 13.6 0 69.8 13.6 0 69.8 13.8 0 62.7 13.8 0
4 15 79.6 13.7 0 93.9 13.7 0 93.9 13.8 0 79.6 13.8 0
4 15 3.5 13.8 0 17.3 13.8 0 17.3 13.9 0 3.5 13.9 0
4 15 21 13.7 0 26.5 13.7 0 26.5 13.9 0 21 13.9 0
4 15 38.1 13.6 0 53.8 13.6 0 53.8 13.9 0 38.1 13.9 0
4 15 56.1 13.6 0 61.2 13.6 0 61.2 13.9 0 56.1 13.9 0
4 15 97.4 13.6 0 113.1 13.6 0 113.1 13.9 0 97.4 13.9 0
4 15 3.5 13.9 0 17.1 13.9 0 17.1 14 0 3.5 14 0
4 15 45.8 13.9 0 53.8 13.9 0 53.8 14 0 45.8 14 0
4 15 56.1 13.9 0 61 13.9 0 61 14 0 56.1 14 0
4 15 61 13.9 0 61.1 13.9 0 61.1 14 0 61 14 0
4 15 61.1 13.9 0 61.2 13.9 0 61.2 14 0 61.1 14 0
4 15 62.7 13.8 0 69.7 13.8 0 69.7 14 0 62.7 14 0
4 15 71.1 13.7 0 76.1 13.7 0 76.1 14 0 71.1 14 0
4 15 79.5 13.8 0 93.9 13.8 0 93.9 14 0 79.5 14 0
4 15 105.1 13.9 0 113.1 13.9 0 113.1 14 0 105.1 14 0
4 15 3.4 14 0 16.9 14 0 16.9 14.1 0 3.4 14.1 0
4 15 46.5 14 0 53.9 14 0 53.9 14.1 0 46.5 14.1 0
4 15 56.1 14 0 61.2 14 0 61.2 14.1 0 56.1 14.1 0
4 15 71 14 0 76 14 0 76 14.1 0 71 14.1 0
4 15 105.8 14 0 113.2 14 0 113.2 14.1 0 105.8 14.1 0
4 15 3.4 14.1 0 16.6 14.1 0 16.6 14.2 0 3.4 14.2 0
4 15 47 14.1 0 53.9 14.1 0 53.9 14.2 0 47 14.2 0
4 15 62.7 14 0 69.6 14 0 69.6 14.2 0 62.7 14.2 0
4 15 71 14.1 0 71.1 14.1 0 71.1 14.2 0 71 14.2 0
4 15 71.1 14.1 0 71.2 14.1 0 71.2 14.2 0 71.1 14.2 0
4 15 71.2 14.1 0 76 14.1 0 76 14.2 0 71.2 14.2 0
4 15 79.4 14 0 93.9 14 0 93.9 14.2 0 79.4 14.2 0
4 15 106.3 14.1 0 113.2 14.1 0 113.2 14.2 0 106.3 14.2 0
4 15 3.4 14.2 0 16.3 14.2 0 16.3 14.3 0 3.4 14.3 0
4 15 26.3 13.9 0 26.4 13.9 0 26.4 14.3 0 26.3 14.3 0
4 15 38 13.9 0 43.4 13.9 0 43.4 14.3 0 38 14.3 0
4 15 47.5 14.2 0 53.9 14.2 0 53.9 14.3 0 47.5 14.3 0
4 15 79.3 14.2 0 94 14.2 0 94 14.3 0 79.3 14.3 0
4 15 97.3 13.9 0 102.7 13.9 0 102.7 14.3 0 97.3 14.3 0
4 15 106.8 14.2 0 113.2 14.2 0 113.2 14.3 0 106.8 14.3 0
4 15 3.4 14.3 0 15.9 14.3 0 15.9 14.4 0 3.4 14.4 0
4 15 20.9 13.9 0 26.3 13.9 0 26.3 14.4 0 20.9 14.4 0
4 479 26.3 14.3 0 26.4 14.3 0 26.4 14.4 0 26.3 14.4 0
4 15 38 14.3 0 43.3 14.3 0 43.3 14.4 0 38 14.4 0
4 15 47.8 14.3 0 53.9 14.3 0 53.9 14.4 0 47.8 14.4 0
4 15 62.7 14.2 0 69.5 14.2 0 69.5 14.4 0 62.7 14.4 0
4 15 97.3 14.3 0 102.6 14.3 0 102.6 14.4 0 97.3 14.4 0
4 15 107.1 14.3 0 113.2 14.3 0 113.2 14.4 0 107.1 14.4 0
4 15 3.4 14.4 0 15.4 14.4 0 15.4 14.5 0 3.4 14.5 0
4 15 48 14.4 0 54 14.4 0 54 14.5 0 48 14.5 0
4 15 56 14.1 0 61.1 14.1 0 61.1 14.5 0 56 14.5 0
4 15 71 14.2 0 76 14.2 0 76 14.5 0 71 14.5 0
4 15 79.2 14.3 0 94 14.3 0 94 14.5 0 79.2 14.5 0
4 15 107.3 14.4 0 113.3 14.4 0 113.3 14.5 0 107.3 14.5 0
4 15 3.4 14.5 0 14.8 14.5 0 14.8 14.6 0 3.4 14.6 0
4 15 48.1 14.5 0 54 14.5 0 54 14.6 0 48.1 14.6 0
4 15 56 14.5 0 61 14.5 0 61 14.6 0 56 14.6 0
4 15 62.7 14.4 0 69.4 14.4 0 69.4 14.6 0 62.7 14.6 0
4 15 70.9 14.5 0 75.9 14.5 0 75.9 14.6 0 70.9 14.6 0
4 15 107.4 14.5 0 113.3 14.5 0 113.3 14.6 0 107.4 14.6 0
4 15 48.2 14.6 0 54 14.6 0 54 14.7 0 48.2 14.7 0
4 15 79.1 14.5 0 94 14.5 0 94 14.7 0 79.1 14.7 0
4 15 107.5 14.6 0 113.3 14.6 0 113.3 14.7 0 107.5 14.7 0
4 15 20.8 14.4 0 26.3 14.4 0 26.3 14.8 0 20.8 14.8 0
4 15 37.9 14.4 0 43.3 14.4 0 43.3 14.8 0 37.9 14.8 0
4 15 48.3 14.7 0 54.1 14.7 0 54.1 14.8 0 48.3 14.8 0
4 15 62.7 14.6 0 69.3 14.6 0 69.3 14.8 0 62.7 14.8 0
4 15 79 14.7 0 94.1 14.7 0 94.1 14.8 0 79 14.8 0
4 15 97.2 14.4 0 102.6 14.4 0 102.6 14.8 0 97.2 14.8 0
4 15 107.6 14.7 0 113.4 14.7 0 113.4 14.8 0 107.6 14.8 0
4 15 3.3 14.6 0 8.6 14.6 0 8.6 14.9 0 3.3 14.9 0
4 15 20.7 14.8 0 26.3 14.8 0 26.3 14.9 0 20.7 14.9 0
4 15 37.9 14.8 0 43.2 14.8 0 43.2 14.9 0 37.9 14.9 0
4 15 97.2 14.8 0 102.5 14.8 0 102.5 14.9 0 97.2 14.9 0
4 15 20.7 14.9 0 20.8 14.9 0 20.8 15 0 20.7 15 0
4 15 20.8 14.9 0 20.9 14.9 0 20.9 15 0 20.8 15 0
4 15 20.9 14.9 0 26.2 14.9 0 26.2 15 0 20.9 15 0
4 15 48.4 14.8 0 54.1 14.8 0 54.1 15 0 48.4 15 0
4 15 55.9 14.6 0 61 14.6 0 61 15 0 55.9 15 0
4 15 62.7 14.8 0 69.2 14.8 0 69.2 15 0 62.7 15 0
4 15 70.9 14.6 0 75.8 14.6 0 75.8 15 0 70.9 15 0
4 15 75.8 14.6 0 75.9 14.6 0 75.9 15 0 75.8 15 0
4 15 78.9 14.8 0 94.1 14.8 0 94.1 15 0 78.9 15 0
4 15 107.7 14.8 0 113.4 14.8 0 113.4 15 0 107.7 15 0
4 15 3.3 14.9 0 8.5 14.9 0 8.5 15.1 0 3.3 15.1 0
4 15 55.9 15 0 60.9 15 0 60.9 15.1 0 55.9 15.1 0
4 15 62.7 15 0 69.1 15 0 69.1 15.1 0 62.7 15.1 0
4 15 62.8 15.1 0 69.1 15.1 0 69.1 15.2 0 62.8 15.2 0
4 15 70.8 15 0 75.8 15 0 75.8 15.2 0 70.8 15.2 0
4 15 78.8 15 0 94.1 15 0 94.1 15.2 0 78.8 15.2 0
4 15 20.7 15 0 26.2 15 0 26.2 15.3 0 20.7 15.3 0
4 15 37.8 14.9 0 43.2 14.9 0 43.2 15.3 0 37.8 15.3 0
4 15 48.5 15 0 54.1 15 0 54.1 15.3 0 48.5 15.3 0
4 15 70.8 15.2 0 75.7 15.2 0 75.7 15.3 0 70.8 15.3 0
4 15 75.7 15.2 0 75.8 15.2 0 75.8 15.3 0 75.7 15.3 0
4 15 78.7 15.2 0 94.1 15.2 0 94.1 15.3 0 78.7 15.3 0
4 15 97.1 14.9 0 102.5 14.9 0 102.5 15.3 0 97.1 15.3 0
4 15 107.8 15 0 113.4 15 0 113.4 15.3 0 107.8 15.3 0
4 15 3.2 15.1 0 8.5 15.1 0 8.5 15.4 0 3.2 15.4 0
4 15 37.8 15.3 0 43.1 15.3 0 43.1 15.4 0 37.8 15.4 0
4 15 55.8 15.1 0 60.9 15.1 0 60.9 15.4 0 55.8 15.4 0
4 15 62.8 15.2 0 69 15.2 0 69 15.4 0 62.8 15.4 0
4 15 70.8 15.3 0 75.8 15.3 0 75.8 15.4 0 70.8 15.4 0
4 15 97.1 15.3 0 102.4 15.3 0 102.4 15.4 0 97.1 15.4 0
4 15 20.6 15.3 0 26.1 15.3 0 26.1 15.5 0 20.6 15.5 0
4 15 55.8 15.4 0 60.8 15.4 0 60.8 15.5 0 55.8 15.5 0
4 15 70.8 15.4 0 75.7 15.4 0 75.7 15.5 0 70.8 15.5 0
4 15 3.2 15.4 0 8.4 15.4 0 8.4 15.6 0 3.2 15.6 0
4 15 20.6 15.5 0 27.1 15.5 0 27.1 15.6 0 20.6 15.6 0
4 15 27.1 15.5 0 27.2 15.5 0 27.2 15.6 0 27.1 15.6 0
4 15 27.2 15.5 0 27.3 15.5 0 27.3 15.6 0 27.2 15.6 0
4 15 27.3 15.5 0 27.7 15.5 0 27.7 15.6 0 27.3 15.6 0
4 15 27.7 15.5 0 27.8 15.5 0 27.8 15.6 0 27.7 15.6 0
4 15 27.8 15.5 0 27.9 15.5 0 27.9 15.6 0 27.8 15.6 0
4 15 28 15.5 0 31 15.5 0 31 15.6 0 28 15.6 0
4 15 31 15.5 0 31.1 15.5 0 31.1 15.6 0 31 15.6 0
4 15 31.1 15.5 0 31.2 15.5 0 31.2 15.6 0 31.1 15.6 0
4 15 31.2 15.5 0 32 15.5 0 32 15.6 0 31.2 15.6 0
4 15 32 15.5 0 32.1 15.5 0 32.1 15.6 0 32 15.6 0
4 15 32.1 15.5 0 32.2 15.5 0 32.2 15.6 0 32.1 15.6 0
4 15 32.2 15.5 0 32.7 15.5 0 32.7 15.6 0 32.2 15.6 0
4 15 32.7 15.5 0 32.8 15.5 0 32.8 15.6 0 32.7 15.6 0
4 15 32.8 15.5 0 32.9 15.5 0 32.9 15.6 0 32.8 15.6 0
4 15 32.9 15.5 0 33 15.5 0 33 15.6 0 32.9 15.6 0
4 15 33 15.5 0 36 15.5 0 36 15.6 0 33 15.6 0
4 15 48.6 15.3 0 54.1 15.3 0 54.1 15.6 0 48.6 15.6 0
4 15 62.8 15.4 0 68.9 15.4 0 68.9 15.6 0 62.8 15.6 0
4 15 78.5 15.5 0 78.6 15.5 0 78.6 15.6 0 78.5 15.6 0
4 15 78.6 15.3 0 94.2 15.3 0 94.2 15.6 0 78.6 15.6 0
4 15 107.9 15.3 0 113.4 15.3 0 113.4 15.6 0 107.9 15.6 0
4 15 20.6 15.6 0 27.9 15.6 0 27.9 15.7 0 20.6 15.7 0
4 15 27.9 15.5 0 28 15.5 0 28 15.7 0 27.9 15.7 0
4 15 28 15.6 0 35.2 15.6 0 35.2 15.7 0 28 15.7 0
4 15 35.2 15.6 0 35.3 15.6 0 35.3 15.7 0 35.2 15.7 0
4 15 35.3 15.6 0 36 15.6 0 36 15.7 0 35.3 15.7 0
4 15 37.7 15.4 0 43.1 15.4 0 43.1 15.7 0 37.7 15.7 0
4 15 48.6 15.6 0 54 15.6 0 54 15.7 0 48.6 15.7 0
4 15 78.5 15.6 0 94.2 15.6 0 94.2 15.7 0 78.5 15.7 0
4 15 97 15.4 0 102.4 15.4 0 102.4 15.7 0 97 15.7 0
4 15 107.9 15.6 0 113.3 15.6 0 113.3 15.7 0 107.9 15.7 0
4 15 20.6 15.7 0 35.9 15.7 0 35.9 15.8 0 20.6 15.8 0
4 15 62.8 15.6 0 68.8 15.6 0 68.8 15.8 0 62.8 15.8 0
4 15 78.4 15.7 0 94.2 15.7 0 94.2 15.8 0 78.4 15.8 0
4 15 3.1 15.6 0 8.4 15.6 0 8.4 15.9 0 3.1 15.9 0
4 15 37.7 15.7 0 43 15.7 0 43 15.9 0 37.7 15.9 0
4 15 55.7 15.5 0 60.8 15.5 0 60.8 15.9 0 55.7 15.9 0
4 15 62.8 15.8 0 68.7 15.8 0 68.7 15.9 0 62.8 15.9 0
4 15 70.7 15.5 0 75.7 15.5 0 75.7 15.9 0 70.7 15.9 0
4 15 78.3 15.8 0 94.2 15.8 0 94.2 15.9 0 78.3 15.9 0
4 15 97 15.7 0 102.3 15.7 0 102.3 15.9 0 97 15.9 0
4 15 55.7 15.9 0 60.7 15.9 0 60.7 16 0 55.7 16 0
4 15 62.8 15.9 0 68.5 15.9 0 68.5 16 0 62.8 16 0
4 15 68.5 15.9 0 68.6 15.9 0 68.6 16 0 68.5 16 0
4 15 68.6 15.9 0 68.7 15.9 0 68.7 16 0 68.6 16 0
4 15 70.7 15.9 0 75.6 15.9 0 75.6 16 0 70.7 16 0
4 15 78.3 15.9 0 94.3 15.9 0 94.3 16 0 78.3 16 0
4 15 3.1 15.9 0 8.3 15.9 0 8.3 16.1 0 3.1 16.1 0
4 15 62.8 16 0 68.7 16 0 68.7 16.1 0 62.8 16.1 0
4 15 70.6 16 0 75.6 16 0 75.6 16.1 0 70.6 16.1 0
4 15 20.5 15.8 0 35.9 15.8 0 35.9 16.2 0 20.5 16.2 0
4 15 37.6 15.9 0 43 15.9 0 43 16.2 0 37.6 16.2 0
4 15 48.7 15.7 0 54 15.7 0 54 16.2 0 48.7 16.2 0
4 15 70.6 16.1 0 70.7 16.1 0 70.7 16.2 0 70.6 16.2 0
4 15 70.7 16.1 0 70.8 16.1 0 70.8 16.2 0 70.7 16.2 0
4 15 70.8 16.1 0 75.6 16.1 0 75.6 16.2 0 70.8 16.2 0
4 15 78.2 16 0 94.3 16 0 94.3 16.2 0 78.2 16.2 0
4 15 96.9 15.9 0 102.3 15.9 0 102.3 16.2 0 96.9 16.2 0
4 15 108 15.7 0 113.3 15.7 0 113.3 16.2 0 108 16.2 0
4 15 37.6 16.2 0 42.9 16.2 0 42.9 16.3 0 37.6 16.3 0
4 15 55.6 16 0 60.7 16 0 60.7 16.3 0 55.6 16.3 0
4 15 62.8 16.1 0 68.6 16.1 0 68.6 16.3 0 62.8 16.3 0
4 15 70.6 16.2 0 75.4 16.2 0 75.4 16.3 0 70.6 16.3 0
4 15 75.4 16.2 0 75.5 16.2 0 75.5 16.3 0 75.4 16.3 0
4 15 75.5 16.2 0 75.6 16.2 0 75.6 16.3 0 75.5 16.3 0
4 15 96.9 16.2 0 102.2 16.2 0 102.2 16.3 0 96.9 16.3 0
4 15 3 16.1 0 8.3 16.1 0 8.3 16.4 0 3 16.4 0
4 15 62.8 16.3 0 68.4 16.3 0 68.4 16.4 0 62.8 16.4 0
4 15 68.4 16.3 0 68.5 16.3 0 68.5 16.4 0 68.4 16.4 0
4 15 70.6 16.3 0 75.6 16.3 0 75.6 16.4 0 70.6 16.4 0
4 15 78.1 16.2 0 94.3 16.2 0 94.3 16.4 0 78.1 16.4 0
4 15 55.6 16.3 0 60.6 16.3 0 60.6 16.5 0 55.6 16.5 0
4 15 62.8 16.4 0 68.5 16.4 0 68.5 16.5 0 62.8 16.5 0
4 15 70.6 16.4 0 75.5 16.4 0 75.5 16.5 0 70.6 16.5 0
4 15 78 16.4 0 94.3 16.4 0 94.3 16.5 0 78 16.5 0
4 15 3 16.4 0 8.2 16.4 0 8.2 16.6 0 3 16.6 0
4 15 48.7 16.2 0 53.9 16.2 0 53.9 16.6 0 48.7 16.6 0
4 15 62.8 16.5 0 68.4 16.5 0 68.4 16.6 0 62.8 16.6 0
4 15 70.5 16.5 0 75.5 16.5 0 75.5 16.6 0 70.5 16.6 0
4 15 108 16.2 0 113.2 16.2 0 113.2 16.6 0 108 16.6 0
4 15 20.4 16.2 0 35.8 16.2 0 35.8 16.7 0 20.4 16.7 0
4 15 37.5 16.3 0 42.9 16.3 0 42.9 16.7 0 37.5 16.7 0
4 15 62.9 16.6 0 68.4 16.6 0 68.4 16.7 0 62.9 16.7 0
4 15 70.5 16.6 0 70.6 16.6 0 70.6 16.7 0 70.5 16.7 0
4 15 70.6 16.6 0 70.7 16.6 0 70.7 16.7 0 70.6 16.7 0
4 15 70.7 16.6 0 75.5 16.6 0 75.5 16.7 0 70.7 16.7 0
4 15 77.9 16.5 0 94.4 16.5 0 94.4 16.7 0 77.9 16.7 0
4 15 96.8 16.3 0 102.2 16.3 0 102.2 16.7 0 96.8 16.7 0
4 15 37.5 16.7 0 42.8 16.7 0 42.8 16.8 0 37.5 16.8 0
4 15 55.5 16.5 0 60.6 16.5 0 60.6 16.8 0 55.5 16.8 0
4 15 62.9 16.7 0 63 16.7 0 63 16.8 0 62.9 16.8 0
4 15 63 16.7 0 68.3 16.7 0 68.3 16.8 0 63 16.8 0
4 15 70.5 16.7 0 75.5 16.7 0 75.5 16.8 0 70.5 16.8 0
4 15 77.8 16.7 0 94.4 16.7 0 94.4 16.8 0 77.8 16.8 0
4 15 96.8 16.7 0 102.1 16.7 0 102.1 16.8 0 96.8 16.8 0
4 15 2.9 16.6 0 8.2 16.6 0 8.2 16.9 0 2.9 16.9 0
4 15 62.9 16.8 0 68.3 16.8 0 68.3 16.9 0 62.9 16.9 0
4 15 77.8 16.8 0 83.3 16.8 0 83.3 16.9 0 77.8 16.9 0
4 15 83.3 16.8 0 83.5 16.8 0 83.5 16.9 0 83.3 16.9 0
4 15 83.5 16.8 0 94.4 16.8 0 94.4 16.9 0 83.5 16.9 0
4 15 48.6 16.6 0 53.9 16.6 0 53.9 17 0 48.6 17 0
4 15 55.5 16.8 0 60.5 16.8 0 60.5 17 0 55.5 17 0
4 15 70.5 16.8 0 75.4 16.8 0 75.4 17 0 70.5 17 0
4 15 77.7 16.9 0 82.7 16.9 0 82.7 17 0 77.7 17 0
4 15 107.9 16.6 0 113.2 16.6 0 113.2 17 0 107.9 17 0
4 15 2.9 16.9 0 8.1 16.9 0 8.1 17.1 0 2.9 17.1 0
4 15 48.6 17 0 53.8 17 0 53.8 17.1 0 48.6 17.1 0
4 15 62.9 16.9 0 68.2 16.9 0 68.2 17.1 0 62.9 17.1 0
4 15 77.6 17 0 82.7 17 0 82.7 17.1 0 77.6 17.1 0
4 15 89.5 16.9 0 94.4 16.9 0 94.4 17.1 0 89.5 17.1 0
4 15 107.9 17 0 113.1 17 0 113.1 17.1 0 107.9 17.1 0
4 15 20.3 16.7 0 35.7 16.7 0 35.7 17.2 0 20.3 17.2 0
4 15 37.4 16.8 0 42.8 16.8 0 42.8 17.2 0 37.4 17.2 0
4 15 55.4 17 0 60.5 17 0 60.5 17.2 0 55.4 17.2 0
4 15 77.6 17.1 0 82.6 17.1 0 82.6 17.2 0 77.6 17.2 0
4 15 89.5 17.1 0 94.5 17.1 0 94.5 17.2 0 89.5 17.2 0
4 15 96.7 16.8 0 102.1 16.8 0 102.1 17.2 0 96.7 17.2 0
4 15 20.2 17.2 0 20.3 17.2 0 20.3 17.3 0 20.2 17.3 0
4 15 20.3 17.2 0 20.4 17.2 0 20.4 17.3 0 20.3 17.3 0
4 15 20.4 17.2 0 35.6 17.2 0 35.6 17.3 0 20.4 17.3 0
4 15 37.4 17.2 0 42.7 17.2 0 42.7 17.3 0 37.4 17.3 0
4 15 55.4 17.2 0 60.3 17.2 0 60.3 17.3 0 55.4 17.3 0
4 15 60.3 17.2 0 60.4 17.2 0 60.4 17.3 0 60.3 17.3 0
4 15 62.9 17.1 0 68.1 17.1 0 68.1 17.3 0 62.9 17.3 0
4 15 70.4 17 0 75.4 17 0 75.4 17.3 0 70.4 17.3 0
4 15 89.6 17.2 0 94.4 17.2 0 94.4 17.3 0 89.6 17.3 0
4 15 94.4 17.2 0 94.5 17.2 0 94.5 17.3 0 94.4 17.3 0
4 15 96.7 17.2 0 102 17.2 0 102 17.3 0 96.7 17.3 0
4 15 2.8 17.1 0 8.1 17.1 0 8.1 17.4 0 2.8 17.4 0
4 15 48.5 17.1 0 53.8 17.1 0 53.8 17.4 0 48.5 17.4 0
4 15 55.4 17.3 0 60.4 17.3 0 60.4 17.4 0 55.4 17.4 0
4 15 77.5 17.2 0 82.5 17.2 0 82.5 17.4 0 77.5 17.4 0
4 15 107.8 17.1 0 113.1 17.1 0 113.1 17.4 0 107.8 17.4 0
4 15 62.9 17.3 0 68 17.3 0 68 17.5 0 62.9 17.5 0
4 15 70.4 17.3 0 75.3 17.3 0 75.3 17.5 0 70.4 17.5 0
4 15 77.4 17.4 0 82.4 17.4 0 82.4 17.5 0 77.4 17.5 0
4 15 2.8 17.4 0 8 17.4 0 8 17.6 0 2.8 17.6 0
4 15 20.2 17.3 0 35.6 17.3 0 35.6 17.6 0 20.2 17.6 0
4 15 37.3 17.3 0 42.7 17.3 0 42.7 17.6 0 37.3 17.6 0
4 15 55.3 17.4 0 60.4 17.4 0 60.4 17.6 0 55.3 17.6 0
4 15 77.3 17.5 0 82.4 17.5 0 82.4 17.6 0 77.3 17.6 0
4 15 96.6 17.3 0 102 17.3 0 102 17.6 0 96.6 17.6 0
4 15 20.1 17.6 0 35.6 17.6 0 35.6 17.7 0 20.1 17.7 0
4 15 62.9 17.5 0 67.9 17.5 0 67.9 17.7 0 62.9 17.7 0
4 15 70.3 17.5 0 75.3 17.5 0 75.3 17.7 0 70.3 17.7 0
4 15 77.3 17.6 0 82.3 17.6 0 82.3 17.7 0 77.3 17.7 0
4 15 89.6 17.3 0 94.5 17.3 0 94.5 17.7 0 89.6 17.7 0
4 15 37.3 17.6 0 42.6 17.6 0 42.6 17.8 0 37.3 17.8 0
4 15 70.3 17.7 0 75.1 17.7 0 75.1 17.8 0 70.3 17.8 0
4 15 75.1 17.7 0 75.2 17.7 0 75.2 17.8 0 75.1 17.8 0
4 15 75.2 17.7 0 75.3 17.7 0 75.3 17.8 0 75.2 17.8 0
4 15 96.6 17.6 0 101.9 17.6 0 101.9 17.8 0 96.6 17.8 0
4 15 48.4 17.4 0 53.8 17.4 0 53.8 17.9 0 48.4 17.9 0
4 15 55.3 17.6 0 60.3 17.6 0 60.3 17.9 0 55.3 17.9 0
4 15 62.9 17.7 0 67.8 17.7 0 67.8 17.9 0 62.9 17.9 0
4 15 70.3 17.8 0 75.2 17.8 0 75.2 17.9 0 70.3 17.9 0
4 15 77.2 17.7 0 82.2 17.7 0 82.2 17.9 0 77.2 17.9 0
4 15 89.6 17.7 0 94.6 17.7 0 94.6 17.9 0 89.6 17.9 0
4 15 107.7 17.4 0 113.1 17.4 0 113.1 17.9 0 107.7 17.9 0
4 15 2.7 17.6 0 8 17.6 0 8 18 0 2.7 18 0
4 15 62.9 17.9 0 67.7 17.9 0 67.7 18 0 62.9 18 0
4 15 70.3 17.9 0 75 17.9 0 75 18 0 70.3 18 0
4 15 77.1 17.9 0 82.1 17.9 0 82.1 18 0 77.1 18 0
4 15 2.7 18 0 7.9 18 0 7.9 18.1 0 2.7 18.1 0
4 15 20.1 17.7 0 35.5 17.7 0 35.5 18.1 0 20.1 18.1 0
4 15 37.2 17.8 0 42.6 17.8 0 42.6 18.1 0 37.2 18.1 0
4 15 55.2 17.9 0 60.3 17.9 0 60.3 18.1 0 55.2 18.1 0
4 15 62.9 18 0 67.6 18 0 67.6 18.1 0 62.9 18.1 0
4 15 67.6 18 0 67.7 18 0 67.7 18.1 0 67.6 18.1 0
4 15 70.2 18 0 70.3 18 0 70.3 18.1 0 70.2 18.1 0
4 15 70.3 18 0 70.4 18 0 70.4 18.1 0 70.3 18.1 0
4 15 70.4 18 0 75 18 0 75 18.1 0 70.4 18.1 0
4 15 75 17.9 0 75.1 17.9 0 75.1 18.1 0 75 18.1 0
4 15 75.1 17.9 0 75.2 17.9 0 75.2 18.1 0 75.1 18.1 0
4 15 77 18 0 82.1 18 0 82.1 18.1 0 77 18.1 0
4 15 96.5 17.8 0 101.9 17.8 0 101.9 18.1 0 96.5 18.1 0
4 15 63 18.1 0 67.7 18.1 0 67.7 18.2 0 63 18.2 0
4 15 70.2 18.1 0 75.2 18.1 0 75.2 18.2 0 70.2 18.2 0
4 15 77 18.1 0 82 18.1 0 82 18.2 0 77 18.2 0
4 15 89.7 17.9 0 94.6 17.9 0 94.6 18.2 0 89.7 18.2 0
4 15 37.2 18.1 0 42.5 18.1 0 42.5 18.3 0 37.2 18.3 0
4 15 96.5 18.1 0 101.8 18.1 0 101.8 18.3 0 96.5 18.3 0
4 15 55.2 18.1 0 60.2 18.1 0 60.2 18.4 0 55.2 18.4 0
4 15 63 18.2 0 67.6 18.2 0 67.6 18.4 0 63 18.4 0
4 15 76.9 18.2 0 81.9 18.2 0 81.9 18.4 0 76.9 18.4 0
4 15 2.6 18.1 0 7.9 18.1 0 7.9 18.5 0 2.6 18.5 0
4 15 55.1 18.4 0 60.2 18.4 0 60.2 18.5 0 55.1 18.5 0
4 15 70.2 18.2 0 75.1 18.2 0 75.1 18.5 0 70.2 18.5 0
4 15 76.8 18.4 0 81.8 18.4 0 81.8 18.5 0 76.8 18.5 0
4 15 2.6 18.5 0 7.8 18.5 0 7.8 18.6 0 2.6 18.6 0
4 15 20 18.1 0 35.4 18.1 0 35.4 18.6 0 20 18.6 0
4 15 37.1 18.3 0 42.5 18.3 0 42.5 18.6 0 37.1 18.6 0
4 15 63 18.4 0 67.5 18.4 0 67.5 18.6 0 63 18.6 0
4 15 76.7 18.5 0 81.8 18.5 0 81.8 18.6 0 76.7 18.6 0
4 15 96.4 18.3 0 101.8 18.3 0 101.8 18.6 0 96.4 18.6 0
4 15 63 18.6 0 67.3 18.6 0 67.3 18.7 0 63 18.7 0
4 15 67.3 18.6 0 67.4 18.6 0 67.4 18.7 0 67.3 18.7 0
4 15 70.1 18.5 0 75.1 18.5 0 75.1 18.7 0 70.1 18.7 0
4 15 76.7 18.6 0 81.7 18.6 0 81.7 18.7 0 76.7 18.7 0
4 15 89.7 18.2 0 94.7 18.2 0 94.7 18.7 0 89.7 18.7 0
4 15 37.1 18.6 0 42.4 18.6 0 42.4 18.8 0 37.1 18.8 0
4 15 63 18.7 0 67.4 18.7 0 67.4 18.8 0 63 18.8 0
4 15 89.8 18.7 0 94.7 18.7 0 94.7 18.8 0 89.8 18.8 0
4 15 96.4 18.6 0 101.7 18.6 0 101.7 18.8 0 96.4 18.8 0
4 15 55.1 18.5 0 60.1 18.5 0 60.1 18.9 0 55.1 18.9 0
4 15 76.6 18.7 0 81.6 18.7 0 81.6 18.9 0 76.6 18.9 0
4 15 2.5 18.6 0 7.8 18.6 0 7.8 19 0 2.5 19 0
4 15 19.9 18.6 0 35.3 18.6 0 35.3 19 0 19.9 19 0
4 15 55 18.9 0 60.1 18.9 0 60.1 19 0 55 19 0
4 15 63 18.8 0 67.3 18.8 0 67.3 19 0 63 19 0
4 15 70.1 18.7 0 75 18.7 0 75 19 0 70.1 19 0
4 15 19.8 19 0 35.3 19 0 35.3 19.1 0 19.8 19.1 0
4 15 37 18.8 0 42.4 18.8 0 42.4 19.1 0 37 19.1 0
4 15 76.5 18.9 0 81.5 18.9 0 81.5 19.1 0 76.5 19.1 0
4 15 96.3 18.8 0 101.7 18.8 0 101.7 19.1 0 96.3 19.1 0
4 15 2.5 19 0 7.7 19 0 7.7 19.2 0 2.5 19.2 0
4 15 63 19 0 67.2 19 0 67.2 19.2 0 63 19.2 0
4 15 70 19 0 75 19 0 75 19.2 0 70 19.2 0
4 15 76.4 19.1 0 81.4 19.1 0 81.4 19.2 0 76.4 19.2 0
4 15 37 19.1 0 42.3 19.1 0 42.3 19.3 0 37 19.3 0
4 15 48.3 17.9 0 53.7 17.9 0 53.7 19.3 0 48.3 19.3 0
4 15 96.3 19.1 0 101.6 19.1 0 101.6 19.3 0 96.3 19.3 0
4 15 107.6 17.9 0 113 17.9 0 113 19.3 0 107.6 19.3 0
4 15 55 19 0 60 19 0 60 19.4 0 55 19.4 0
4 15 63 19.2 0 67.1 19.2 0 67.1 19.4 0 63 19.4 0
4 15 76.3 19.2 0 81.3 19.2 0 81.3 19.4 0 76.3 19.4 0
4 15 89.8 18.8 0 94.8 18.8 0 94.8 19.4 0 89.8 19.4 0
4 15 2.4 19.2 0 7.7 19.2 0 7.7 19.5 0 2.4 19.5 0
4 15 19.8 19.1 0 35.2 19.1 0 35.2 19.5 0 19.8 19.5 0
4 15 36.9 19.3 0 42.3 19.3 0 42.3 19.5 0 36.9 19.5 0
4 15 63 19.4 0 66.8 19.4 0 66.8 19.5 0 63 19.5 0
4 15 66.8 19.4 0 66.9 19.4 0 66.9 19.5 0 66.8 19.5 0
4 15 66.9 19.4 0 67 19.4 0 67 19.5 0 66.9 19.5 0
4 15 70 19.2 0 74.9 19.2 0 74.9 19.5 0 70 19.5 0
4 15 96.2 19.3 0 101.6 19.3 0 101.6 19.5 0 96.2 19.5 0
4 15 19.7 19.5 0 35.2 19.5 0 35.2 19.6 0 19.7 19.6 0
4 15 63 19.5 0 67 19.5 0 67 19.6 0 63 19.6 0
4 15 69.9 19.5 0 74.9 19.5 0 74.9 19.6 0 69.9 19.6 0
4 15 76.2 19.4 0 81.2 19.4 0 81.2 19.6 0 76.2 19.6 0
4 15 89.9 19.4 0 94.9 19.4 0 94.9 19.6 0 89.9 19.6 0
4 15 2.4 19.5 0 7.6 19.5 0 7.6 19.7 0 2.4 19.7 0
4 15 19.7 19.6 0 35.1 19.6 0 35.1 19.7 0 19.7 19.7 0
4 15 36.9 19.5 0 42.2 19.5 0 42.2 19.7 0 36.9 19.7 0
4 15 48.4 19.3 0 53.8 19.3 0 53.8 19.7 0 48.4 19.7 0
4 15 76.1 19.6 0 80.7 19.6 0 80.7 19.7 0 76.1 19.7 0
4 15 80.7 19.6 0 80.8 19.6 0 80.8 19.7 0 80.7 19.7 0
4 15 80.8 19.6 0 81.1 19.6 0 81.1 19.7 0 80.8 19.7 0
4 15 89.9 19.6 0 94.8 19.6 0 94.8 19.7 0 89.9 19.7 0
4 15 94.8 19.6 0 94.9 19.6 0 94.9 19.7 0 94.8 19.7 0
4 15 96.2 19.5 0 101.5 19.5 0 101.5 19.7 0 96.2 19.7 0
4 15 107.7 19.3 0 113.1 19.3 0 113.1 19.7 0 107.7 19.7 0
4 15 19.7 19.7 0 19.8 19.7 0 19.8 19.8 0 19.7 19.8 0
4 15 19.8 19.7 0 19.9 19.7 0 19.9 19.8 0 19.8 19.8 0
4 15 19.9 19.7 0 35 19.7 0 35 19.8 0 19.9 19.8 0
4 15 35 19.7 0 35.1 19.7 0 35.1 19.8 0 35 19.8 0
4 15 54.9 19.4 0 59.9 19.4 0 59.9 19.8 0 54.9 19.8 0
4 15 63.1 19.6 0 66.9 19.6 0 66.9 19.8 0 63.1 19.8 0
4 15 69.9 19.6 0 74.8 19.6 0 74.8 19.8 0 69.9 19.8 0
4 15 76 19.7 0 78.1 19.7 0 78.1 19.8 0 76 19.8 0
4 15 78.1 19.7 0 78.2 19.7 0 78.2 19.8 0 78.1 19.8 0
4 15 78.2 19.7 0 81 19.7 0 81 19.8 0 78.2 19.8 0
4 15 19.7 19.8 0 21 19.8 0 21 19.9 0 19.7 19.9 0
4 15 21 19.8 0 21.1 19.8 0 21.1 19.9 0 21 19.9 0
4 15 21.1 19.8 0 21.2 19.8 0 21.2 19.9 0 21.1 19.9 0
4 15 21.2 19.8 0 21.3 19.8 0 21.3 19.9 0 21.2 19.9 0
4 15 21.3 19.8 0 23 19.8 0 23 19.9 0 21.3 19.9 0
4 15 23 19.8 0 23.2 19.8 0 23.2 19.9 0 23 19.9 0
4 15 23.2 19.8 0 35.1 19.8 0 35.1 19.9 0 23.2 19.9 0
4 15 36.8 19.7 0 42.2 19.7 0 42.2 19.9 0 36.8 19.9 0
4 15 54.8 19.8 0 59.9 19.8 0 59.9 19.9 0 54.8 19.9 0
4 15 63.1 19.8 0 66.8 19.8 0 66.8 19.9 0 63.1 19.9 0
4 15 69.9 19.8 0 71.8 19.8 0 71.8 19.9 0 69.9 19.9 0
4 15 71.8 19.8 0 71.9 19.8 0 71.9 19.9 0 71.8 19.9 0
4 15 71.9 19.8 0 74.8 19.8 0 74.8 19.9 0 71.9 19.9 0
4 15 76 19.8 0 81 19.8 0 81 19.9 0 76 19.9 0
4 15 96.1 19.7 0 101.5 19.7 0 101.5 19.9 0 96.1 19.9 0
4 15 2.3 19.7 0 7.6 19.7 0 7.6 20 0 2.3 20 0
4 15 19.7 19.9 0 35.1 19.9 0 35.1 20 0 19.7 20 0
4 15 48.5 19.7 0 53.9 19.7 0 53.9 20 0 48.5 20 0
4 15 54.8 19.9 0 56.2 19.9 0 56.2 20 0 54.8 20 0
4 15 56.2 19.9 0 56.3 19.9 0 56.3 20 0 56.2 20 0
4 15 56.3 19.9 0 56.4 19.9 0 56.4 20 0 56.3 20 0
4 15 56.4 19.9 0 56.6 19.9 0 56.6 20 0 56.4 20 0
4 15 56.6 19.9 0 56.8 19.9 0 56.8 20 0 56.6 20 0
4 15 56.8 19.9 0 57 19.9 0 57 20 0 56.8 20 0
4 15 57 19.9 0 57.1 19.9 0 57.1 20 0 57 20 0
4 15 57.1 19.9 0 57.4 19.9 0 57.4 20 0 57.1 20 0
4 15 57.4 19.9 0 57.7 19.9 0 57.7 20 0 57.4 20 0
4 15 57.7 19.9 0 58.7 19.9 0 58.7 20 0 57.7 20 0
4 15 58.7 19.9 0 58.8 19.9 0 58.8 20 0 58.7 20 0
4 15 58.8 19.9 0 58.9 19.9 0 58.9 20 0 58.8 20 0
4 15 58.9 19.9 0 59 19.9 0 59 20 0 58.9 20 0
4 15 59 19.9 0 59.1 19.9 0 59.1 20 0 59 20 0
4 15 59.1 19.9 0 59.8 19.9 0 59.8 20 0 59.1 20 0
4 15 63.1 19.9 0 66.2 19.9 0 66.2 20 0 63.1 20 0
4 15 66.2 19.9 0 66.3 19.9 0 66.3 20 0 66.2 20 0
4 15 66.3 19.9 0 66.4 19.9 0 66.4 20 0 66.3 20 0
4 15 66.4 19.9 0 66.8 19.9 0 66.8 20 0 66.4 20 0
4 15 107.8 19.7 0 113.2 19.7 0 113.2 20 0 107.8 20 0
4 15 2.3 20 0 7.5 20 0 7.5 20.1 0 2.3 20.1 0
4 15 19.6 20 0 35.1 20 0 35.1 20.1 0 19.6 20.1 0
4 15 36.8 19.9 0 42.1 19.9 0 42.1 20.1 0 36.8 20.1 0
4 15 48.6 20 0 54 20 0 54 20.1 0 48.6 20.1 0
4 15 54.8 20 0 59.8 20 0 59.8 20.1 0 54.8 20.1 0
4 15 63.1 20 0 66.7 20 0 66.7 20.1 0 63.1 20.1 0
4 15 69.8 19.9 0 74.8 19.9 0 74.8 20.1 0 69.8 20.1 0
4 15 75.9 19.9 0 80.9 19.9 0 80.9 20.1 0 75.9 20.1 0
4 15 89.9 19.7 0 94.9 19.7 0 94.9 20.1 0 89.9 20.1 0
4 15 96.1 19.9 0 101.4 19.9 0 101.4 20.1 0 96.1 20.1 0
4 15 107.9 20 0 113.3 20 0 113.3 20.1 0 107.9 20.1 0
0
