0 Etiqueta Teclado
0 Name:p_teclad.dat
0 Author: svlopez
0 BFC CERTIFY CW
4 0 3.72 2.88 0 39.96 2.88 0 39.96 4.08 0 3.72 4.08 0
4 1 4.92 4.08 0 38.76 4.08 0 38.76 5.52 0 4.92 5.52 0
4 1 4.92 5.52 0 6.96 5.52 0 6.96 5.64 0 4.92 5.64 0
4 15 6.96 5.52 0 10.32 5.52 0 10.32 5.64 0 6.96 5.64 0
4 1 10.32 5.52 0 14.28 5.52 0 14.28 5.64 0 10.32 5.64 0
4 15 14.28 5.52 0 17.64 5.52 0 17.64 5.64 0 14.28 5.64 0
4 1 17.64 5.52 0 21.6 5.52 0 21.6 5.64 0 17.64 5.64 0
4 15 21.6 5.52 0 24.96 5.52 0 24.96 5.64 0 21.6 5.64 0
4 1 24.96 5.52 0 30.96 5.52 0 30.96 5.64 0 24.96 5.64 0
4 4 30.96 5.52 0 36.12 5.52 0 36.12 5.64 0 30.96 5.64 0
4 1 36.12 5.52 0 38.76 5.52 0 38.76 5.64 0 36.12 5.64 0
4 1 4.92 5.64 0 6.48 5.64 0 6.48 5.76 0 4.92 5.76 0
4 15 6.48 5.64 0 10.8 5.64 0 10.8 5.76 0 6.48 5.76 0
4 1 10.8 5.64 0 13.8 5.64 0 13.8 5.76 0 10.8 5.76 0
4 15 13.8 5.64 0 18.12 5.64 0 18.12 5.76 0 13.8 5.76 0
4 1 18.12 5.64 0 21.12 5.64 0 21.12 5.76 0 18.12 5.76 0
4 15 21.12 5.64 0 25.44 5.64 0 25.44 5.76 0 21.12 5.76 0
4 1 25.44 5.64 0 30.48 5.64 0 30.48 5.76 0 25.44 5.76 0
4 4 30.48 5.64 0 36.6 5.64 0 36.6 5.76 0 30.48 5.76 0
4 1 36.6 5.64 0 38.76 5.64 0 38.76 5.76 0 36.6 5.76 0
4 1 4.92 5.76 0 6.36 5.76 0 6.36 5.88 0 4.92 5.88 0
4 15 6.36 5.76 0 10.92 5.76 0 10.92 5.88 0 6.36 5.88 0
4 1 10.92 5.76 0 13.68 5.76 0 13.68 5.88 0 10.92 5.88 0
4 15 13.68 5.76 0 18.24 5.76 0 18.24 5.88 0 13.68 5.88 0
4 1 18.24 5.76 0 21 5.76 0 21 5.88 0 18.24 5.88 0
4 15 21 5.76 0 25.56 5.76 0 25.56 5.88 0 21 5.88 0
4 1 25.56 5.76 0 30.36 5.76 0 30.36 5.88 0 25.56 5.88 0
4 4 30.36 5.76 0 36.72 5.76 0 36.72 5.88 0 30.36 5.88 0
4 1 36.72 5.76 0 38.76 5.76 0 38.76 5.88 0 36.72 5.88 0
4 1 4.92 5.88 0 6.24 5.88 0 6.24 6 0 4.92 6 0
4 15 6.24 5.88 0 11.04 5.88 0 11.04 6 0 6.24 6 0
4 1 11.04 5.88 0 13.56 5.88 0 13.56 6 0 11.04 6 0
4 15 13.56 5.88 0 18.36 5.88 0 18.36 6 0 13.56 6 0
4 1 18.36 5.88 0 20.88 5.88 0 20.88 6 0 18.36 6 0
4 15 20.88 5.88 0 25.68 5.88 0 25.68 6 0 20.88 6 0
4 1 25.68 5.88 0 30.24 5.88 0 30.24 6 0 25.68 6 0
4 4 30.24 5.88 0 36.84 5.88 0 36.84 6 0 30.24 6 0
4 1 36.84 5.88 0 38.76 5.88 0 38.76 6 0 36.84 6 0
4 1 4.92 6 0 6.12 6 0 6.12 6.12 0 4.92 6.12 0
4 15 6.12 6 0 11.16 6 0 11.16 6.12 0 6.12 6.12 0
4 1 11.16 6 0 13.44 6 0 13.44 6.12 0 11.16 6.12 0
4 15 13.44 6 0 18.48 6 0 18.48 6.12 0 13.44 6.12 0
4 1 18.48 6 0 20.76 6 0 20.76 6.12 0 18.48 6.12 0
4 15 20.76 6 0 25.8 6 0 25.8 6.12 0 20.76 6.12 0
4 1 25.8 6 0 30.12 6 0 30.12 6.12 0 25.8 6.12 0
4 4 30.12 6 0 36.96 6 0 36.96 6.12 0 30.12 6.12 0
4 1 36.96 6 0 38.76 6 0 38.76 6.12 0 36.96 6.12 0
4 1 4.92 6.12 0 6 6.12 0 6 6.6 0 4.92 6.6 0
4 15 6 6.12 0 11.28 6.12 0 11.28 6.6 0 6 6.6 0
4 1 11.28 6.12 0 13.32 6.12 0 13.32 6.6 0 11.28 6.6 0
4 15 13.32 6.12 0 18.6 6.12 0 18.6 6.6 0 13.32 6.6 0
4 1 18.6 6.12 0 20.64 6.12 0 20.64 6.6 0 18.6 6.6 0
4 15 20.64 6.12 0 25.92 6.12 0 25.92 6.6 0 20.64 6.6 0
4 1 25.92 6.12 0 30 6.12 0 30 6.6 0 25.92 6.6 0
4 4 30 6.12 0 37.08 6.12 0 37.08 6.6 0 30 6.6 0
4 1 37.08 6.12 0 38.76 6.12 0 38.76 6.6 0 37.08 6.6 0
4 1 4.92 6.6 0 5.88 6.6 0 5.88 9.24 0 4.92 9.24 0
4 15 5.88 6.6 0 11.4 6.6 0 11.4 9.24 0 5.88 9.24 0
4 1 11.4 6.6 0 13.2 6.6 0 13.2 9.24 0 11.4 9.24 0
4 15 13.2 6.6 0 18.72 6.6 0 18.72 9.24 0 13.2 9.24 0
4 1 18.72 6.6 0 20.52 6.6 0 20.52 9.24 0 18.72 9.24 0
4 15 20.52 6.6 0 26.04 6.6 0 26.04 9.24 0 20.52 9.24 0
4 1 26.04 6.6 0 29.88 6.6 0 29.88 9.24 0 26.04 9.24 0
4 4 29.88 6.6 0 37.2 6.6 0 37.2 9.24 0 29.88 9.24 0
4 1 37.2 6.6 0 38.76 6.6 0 38.76 9.24 0 37.2 9.24 0
4 1 4.92 9.24 0 6 9.24 0 6 9.72 0 4.92 9.72 0
4 15 6 9.24 0 11.28 9.24 0 11.28 9.72 0 6 9.72 0
4 1 11.28 9.24 0 13.32 9.24 0 13.32 9.72 0 11.28 9.72 0
4 15 13.32 9.24 0 18.6 9.24 0 18.6 9.72 0 13.32 9.72 0
4 1 18.6 9.24 0 20.64 9.24 0 20.64 9.72 0 18.6 9.72 0
4 15 20.64 9.24 0 25.92 9.24 0 25.92 9.72 0 20.64 9.72 0
4 1 25.92 9.24 0 30 9.24 0 30 9.72 0 25.92 9.72 0
4 4 30 9.24 0 37.08 9.24 0 37.08 9.72 0 30 9.72 0
4 1 37.08 9.24 0 38.76 9.24 0 38.76 9.72 0 37.08 9.72 0
4 1 4.92 9.72 0 6.12 9.72 0 6.12 9.84 0 4.92 9.84 0
4 15 6.12 9.72 0 11.16 9.72 0 11.16 9.84 0 6.12 9.84 0
4 1 11.16 9.72 0 13.44 9.72 0 13.44 9.84 0 11.16 9.84 0
4 15 13.44 9.72 0 18.48 9.72 0 18.48 9.84 0 13.44 9.84 0
4 1 18.48 9.72 0 20.76 9.72 0 20.76 9.84 0 18.48 9.84 0
4 15 20.76 9.72 0 25.8 9.72 0 25.8 9.84 0 20.76 9.84 0
4 1 25.8 9.72 0 30.12 9.72 0 30.12 9.84 0 25.8 9.84 0
4 4 30.12 9.72 0 36.96 9.72 0 36.96 9.84 0 30.12 9.84 0
4 1 36.96 9.72 0 38.76 9.72 0 38.76 9.84 0 36.96 9.84 0
4 1 4.92 9.84 0 6.24 9.84 0 6.24 9.96 0 4.92 9.96 0
4 15 6.24 9.84 0 11.04 9.84 0 11.04 9.96 0 6.24 9.96 0
4 1 11.04 9.84 0 13.56 9.84 0 13.56 9.96 0 11.04 9.96 0
4 15 13.56 9.84 0 18.36 9.84 0 18.36 9.96 0 13.56 9.96 0
4 1 18.36 9.84 0 20.88 9.84 0 20.88 9.96 0 18.36 9.96 0
4 15 20.88 9.84 0 25.68 9.84 0 25.68 9.96 0 20.88 9.96 0
4 1 25.68 9.84 0 30.24 9.84 0 30.24 9.96 0 25.68 9.96 0
4 4 30.24 9.84 0 36.84 9.84 0 36.84 9.96 0 30.24 9.96 0
4 1 36.84 9.84 0 38.76 9.84 0 38.76 9.96 0 36.84 9.96 0
4 1 4.92 9.96 0 6.36 9.96 0 6.36 10.08 0 4.92 10.08 0
4 15 6.36 9.96 0 10.92 9.96 0 10.92 10.08 0 6.36 10.08 0
4 1 10.92 9.96 0 13.68 9.96 0 13.68 10.08 0 10.92 10.08 0
4 15 13.68 9.96 0 18.24 9.96 0 18.24 10.08 0 13.68 10.08 0
4 1 18.24 9.96 0 21 9.96 0 21 10.08 0 18.24 10.08 0
4 15 21 9.96 0 25.56 9.96 0 25.56 10.08 0 21 10.08 0
4 1 25.56 9.96 0 30.36 9.96 0 30.36 10.08 0 25.56 10.08 0
4 4 30.36 9.96 0 36.72 9.96 0 36.72 10.08 0 30.36 10.08 0
4 1 36.72 9.96 0 38.76 9.96 0 38.76 10.08 0 36.72 10.08 0
4 1 4.92 10.08 0 6.48 10.08 0 6.48 10.2 0 4.92 10.2 0
4 15 6.48 10.08 0 10.8 10.08 0 10.8 10.2 0 6.48 10.2 0
4 1 10.8 10.08 0 13.8 10.08 0 13.8 10.2 0 10.8 10.2 0
4 15 13.8 10.08 0 18.12 10.08 0 18.12 10.2 0 13.8 10.2 0
4 1 18.12 10.08 0 21.12 10.08 0 21.12 10.2 0 18.12 10.2 0
4 15 21.12 10.08 0 25.44 10.08 0 25.44 10.2 0 21.12 10.2 0
4 1 25.44 10.08 0 30.48 10.08 0 30.48 10.2 0 25.44 10.2 0
4 4 30.48 10.08 0 36.6 10.08 0 36.6 10.2 0 30.48 10.2 0
4 1 36.6 10.08 0 38.76 10.08 0 38.76 10.2 0 36.6 10.2 0
4 1 4.92 10.2 0 6.96 10.2 0 6.96 10.32 0 4.92 10.32 0
4 15 6.96 10.2 0 10.32 10.2 0 10.32 10.32 0 6.96 10.32 0
4 1 10.32 10.2 0 14.28 10.2 0 14.28 10.32 0 10.32 10.32 0
4 15 14.28 10.2 0 17.64 10.2 0 17.64 10.32 0 14.28 10.32 0
4 1 17.64 10.2 0 21.6 10.2 0 21.6 10.32 0 17.64 10.32 0
4 15 21.6 10.2 0 24.96 10.2 0 24.96 10.32 0 21.6 10.32 0
4 1 24.96 10.2 0 30.96 10.2 0 30.96 10.32 0 24.96 10.32 0
4 4 30.96 10.2 0 36.12 10.2 0 36.12 10.32 0 30.96 10.32 0
4 1 36.12 10.2 0 38.76 10.2 0 38.76 10.32 0 36.12 10.32 0
4 1 4.92 10.32 0 38.76 10.32 0 38.76 12.48 0 4.92 12.48 0
4 1 4.92 12.48 0 6.96 12.48 0 6.96 12.6 0 4.92 12.6 0
4 15 6.96 12.48 0 10.32 12.48 0 10.32 12.6 0 6.96 12.6 0
4 1 10.32 12.48 0 14.28 12.48 0 14.28 12.6 0 10.32 12.6 0
4 15 14.28 12.48 0 17.64 12.48 0 17.64 12.6 0 14.28 12.6 0
4 1 17.64 12.48 0 21.6 12.48 0 21.6 12.6 0 17.64 12.6 0
4 15 21.6 12.48 0 24.96 12.48 0 24.96 12.6 0 21.6 12.6 0
4 1 24.96 12.48 0 30.96 12.48 0 30.96 12.6 0 24.96 12.6 0
4 4 30.96 12.48 0 36.12 12.48 0 36.12 12.6 0 30.96 12.6 0
4 1 36.12 12.48 0 38.76 12.48 0 38.76 12.6 0 36.12 12.6 0
4 1 4.92 12.6 0 6.48 12.6 0 6.48 12.72 0 4.92 12.72 0
4 15 6.48 12.6 0 10.8 12.6 0 10.8 12.72 0 6.48 12.72 0
4 1 10.8 12.6 0 13.8 12.6 0 13.8 12.72 0 10.8 12.72 0
4 15 13.8 12.6 0 18.12 12.6 0 18.12 12.72 0 13.8 12.72 0
4 1 18.12 12.6 0 21.12 12.6 0 21.12 12.72 0 18.12 12.72 0
4 15 21.12 12.6 0 25.44 12.6 0 25.44 12.72 0 21.12 12.72 0
4 1 25.44 12.6 0 30.48 12.6 0 30.48 12.72 0 25.44 12.72 0
4 4 30.48 12.6 0 36.6 12.6 0 36.6 12.72 0 30.48 12.72 0
4 1 36.6 12.6 0 38.76 12.6 0 38.76 12.72 0 36.6 12.72 0
4 1 4.92 12.72 0 6.36 12.72 0 6.36 12.84 0 4.92 12.84 0
4 15 6.36 12.72 0 10.92 12.72 0 10.92 12.84 0 6.36 12.84 0
4 1 10.92 12.72 0 13.68 12.72 0 13.68 12.84 0 10.92 12.84 0
4 15 13.68 12.72 0 18.24 12.72 0 18.24 12.84 0 13.68 12.84 0
4 1 18.24 12.72 0 21 12.72 0 21 12.84 0 18.24 12.84 0
4 15 21 12.72 0 25.56 12.72 0 25.56 12.84 0 21 12.84 0
4 1 25.56 12.72 0 30.36 12.72 0 30.36 12.84 0 25.56 12.84 0
4 4 30.36 12.72 0 36.72 12.72 0 36.72 12.84 0 30.36 12.84 0
4 1 36.72 12.72 0 38.76 12.72 0 38.76 12.84 0 36.72 12.84 0
4 1 4.92 12.84 0 6.24 12.84 0 6.24 12.96 0 4.92 12.96 0
4 15 6.24 12.84 0 11.04 12.84 0 11.04 12.96 0 6.24 12.96 0
4 1 11.04 12.84 0 13.56 12.84 0 13.56 12.96 0 11.04 12.96 0
4 15 13.56 12.84 0 18.36 12.84 0 18.36 12.96 0 13.56 12.96 0
4 1 18.36 12.84 0 20.88 12.84 0 20.88 12.96 0 18.36 12.96 0
4 15 20.88 12.84 0 25.68 12.84 0 25.68 12.96 0 20.88 12.96 0
4 1 25.68 12.84 0 30.24 12.84 0 30.24 12.96 0 25.68 12.96 0
4 4 30.24 12.84 0 36.84 12.84 0 36.84 12.96 0 30.24 12.96 0
4 1 36.84 12.84 0 38.76 12.84 0 38.76 12.96 0 36.84 12.96 0
4 1 4.92 12.96 0 6.12 12.96 0 6.12 13.08 0 4.92 13.08 0
4 15 6.12 12.96 0 11.16 12.96 0 11.16 13.08 0 6.12 13.08 0
4 1 11.16 12.96 0 13.44 12.96 0 13.44 13.08 0 11.16 13.08 0
4 15 13.44 12.96 0 18.48 12.96 0 18.48 13.08 0 13.44 13.08 0
4 1 18.48 12.96 0 20.76 12.96 0 20.76 13.08 0 18.48 13.08 0
4 15 20.76 12.96 0 25.8 12.96 0 25.8 13.08 0 20.76 13.08 0
4 1 25.8 12.96 0 30.12 12.96 0 30.12 13.08 0 25.8 13.08 0
4 4 30.12 12.96 0 36.96 12.96 0 36.96 13.08 0 30.12 13.08 0
4 1 36.96 12.96 0 38.76 12.96 0 38.76 13.08 0 36.96 13.08 0
4 1 4.92 13.08 0 6 13.08 0 6 13.56 0 4.92 13.56 0
4 15 6 13.08 0 11.28 13.08 0 11.28 13.56 0 6 13.56 0
4 1 11.28 13.08 0 13.32 13.08 0 13.32 13.56 0 11.28 13.56 0
4 15 13.32 13.08 0 18.6 13.08 0 18.6 13.56 0 13.32 13.56 0
4 1 18.6 13.08 0 20.64 13.08 0 20.64 13.56 0 18.6 13.56 0
4 15 20.64 13.08 0 25.92 13.08 0 25.92 13.56 0 20.64 13.56 0
4 1 25.92 13.08 0 30 13.08 0 30 13.56 0 25.92 13.56 0
4 4 30 13.08 0 37.08 13.08 0 37.08 13.56 0 30 13.56 0
4 1 37.08 13.08 0 38.76 13.08 0 38.76 13.56 0 37.08 13.56 0
4 1 4.92 13.56 0 5.88 13.56 0 5.88 16.2 0 4.92 16.2 0
4 15 5.88 13.56 0 11.4 13.56 0 11.4 16.2 0 5.88 16.2 0
4 1 11.4 13.56 0 13.2 13.56 0 13.2 16.2 0 11.4 16.2 0
4 15 13.2 13.56 0 18.72 13.56 0 18.72 16.2 0 13.2 16.2 0
4 1 18.72 13.56 0 20.52 13.56 0 20.52 16.2 0 18.72 16.2 0
4 15 20.52 13.56 0 26.04 13.56 0 26.04 16.2 0 20.52 16.2 0
4 1 26.04 13.56 0 29.88 13.56 0 29.88 16.2 0 26.04 16.2 0
4 4 29.88 13.56 0 37.2 13.56 0 37.2 16.2 0 29.88 16.2 0
4 1 37.2 13.56 0 38.76 13.56 0 38.76 16.2 0 37.2 16.2 0
4 1 4.92 16.2 0 6 16.2 0 6 16.68 0 4.92 16.68 0
4 15 6 16.2 0 11.28 16.2 0 11.28 16.68 0 6 16.68 0
4 1 11.28 16.2 0 13.32 16.2 0 13.32 16.68 0 11.28 16.68 0
4 15 13.32 16.2 0 18.6 16.2 0 18.6 16.68 0 13.32 16.68 0
4 1 18.6 16.2 0 20.64 16.2 0 20.64 16.68 0 18.6 16.68 0
4 15 20.64 16.2 0 25.92 16.2 0 25.92 16.68 0 20.64 16.68 0
4 1 25.92 16.2 0 30 16.2 0 30 16.68 0 25.92 16.68 0
4 4 30 16.2 0 37.08 16.2 0 37.08 16.68 0 30 16.68 0
4 1 37.08 16.2 0 38.76 16.2 0 38.76 16.68 0 37.08 16.68 0
4 1 4.92 16.68 0 6.12 16.68 0 6.12 16.8 0 4.92 16.8 0
4 15 6.12 16.68 0 11.16 16.68 0 11.16 16.8 0 6.12 16.8 0
4 1 11.16 16.68 0 13.44 16.68 0 13.44 16.8 0 11.16 16.8 0
4 15 13.44 16.68 0 18.48 16.68 0 18.48 16.8 0 13.44 16.8 0
4 1 18.48 16.68 0 20.76 16.68 0 20.76 16.8 0 18.48 16.8 0
4 15 20.76 16.68 0 25.8 16.68 0 25.8 16.8 0 20.76 16.8 0
4 1 25.8 16.68 0 30.12 16.68 0 30.12 16.8 0 25.8 16.8 0
4 4 30.12 16.68 0 36.96 16.68 0 36.96 16.8 0 30.12 16.8 0
4 1 36.96 16.68 0 38.76 16.68 0 38.76 16.8 0 36.96 16.8 0
4 1 4.92 16.8 0 6.24 16.8 0 6.24 16.92 0 4.92 16.92 0
4 15 6.24 16.8 0 11.04 16.8 0 11.04 16.92 0 6.24 16.92 0
4 1 11.04 16.8 0 13.56 16.8 0 13.56 16.92 0 11.04 16.92 0
4 15 13.56 16.8 0 18.36 16.8 0 18.36 16.92 0 13.56 16.92 0
4 1 18.36 16.8 0 20.88 16.8 0 20.88 16.92 0 18.36 16.92 0
4 15 20.88 16.8 0 25.68 16.8 0 25.68 16.92 0 20.88 16.92 0
4 1 25.68 16.8 0 30.24 16.8 0 30.24 16.92 0 25.68 16.92 0
4 4 30.24 16.8 0 36.84 16.8 0 36.84 16.92 0 30.24 16.92 0
4 1 36.84 16.8 0 38.76 16.8 0 38.76 16.92 0 36.84 16.92 0
4 1 4.92 16.92 0 6.36 16.92 0 6.36 17.04 0 4.92 17.04 0
4 15 6.36 16.92 0 10.92 16.92 0 10.92 17.04 0 6.36 17.04 0
4 1 10.92 16.92 0 13.68 16.92 0 13.68 17.04 0 10.92 17.04 0
4 15 13.68 16.92 0 18.24 16.92 0 18.24 17.04 0 13.68 17.04 0
4 1 18.24 16.92 0 21 16.92 0 21 17.04 0 18.24 17.04 0
4 15 21 16.92 0 25.56 16.92 0 25.56 17.04 0 21 17.04 0
4 1 25.56 16.92 0 30.36 16.92 0 30.36 17.04 0 25.56 17.04 0
4 4 30.36 16.92 0 36.72 16.92 0 36.72 17.04 0 30.36 17.04 0
4 1 36.72 16.92 0 38.76 16.92 0 38.76 17.04 0 36.72 17.04 0
4 1 4.92 17.04 0 6.48 17.04 0 6.48 17.16 0 4.92 17.16 0
4 15 6.48 17.04 0 10.8 17.04 0 10.8 17.16 0 6.48 17.16 0
4 1 10.8 17.04 0 13.8 17.04 0 13.8 17.16 0 10.8 17.16 0
4 15 13.8 17.04 0 18.12 17.04 0 18.12 17.16 0 13.8 17.16 0
4 1 18.12 17.04 0 21.12 17.04 0 21.12 17.16 0 18.12 17.16 0
4 15 21.12 17.04 0 25.44 17.04 0 25.44 17.16 0 21.12 17.16 0
4 1 25.44 17.04 0 30.48 17.04 0 30.48 17.16 0 25.44 17.16 0
4 4 30.48 17.04 0 36.6 17.04 0 36.6 17.16 0 30.48 17.16 0
4 1 36.6 17.04 0 38.76 17.04 0 38.76 17.16 0 36.6 17.16 0
4 1 4.92 17.16 0 6.96 17.16 0 6.96 17.28 0 4.92 17.28 0
4 15 6.96 17.16 0 10.32 17.16 0 10.32 17.28 0 6.96 17.28 0
4 1 10.32 17.16 0 14.28 17.16 0 14.28 17.28 0 10.32 17.28 0
4 15 14.28 17.16 0 17.64 17.16 0 17.64 17.28 0 14.28 17.28 0
4 1 17.64 17.16 0 21.6 17.16 0 21.6 17.28 0 17.64 17.28 0
4 15 21.6 17.16 0 24.96 17.16 0 24.96 17.28 0 21.6 17.28 0
4 1 24.96 17.16 0 30.96 17.16 0 30.96 17.28 0 24.96 17.28 0
4 4 30.96 17.16 0 36.12 17.16 0 36.12 17.28 0 30.96 17.28 0
4 1 36.12 17.16 0 38.76 17.16 0 38.76 17.28 0 36.12 17.28 0
4 1 4.92 17.28 0 38.76 17.28 0 38.76 22.32 0 4.92 22.32 0
4 1 4.92 22.32 0 6.96 22.32 0 6.96 22.44 0 4.92 22.44 0
4 15 6.96 22.32 0 24.96 22.32 0 24.96 22.44 0 6.96 22.44 0
4 1 24.96 22.32 0 30.96 22.32 0 30.96 22.44 0 24.96 22.44 0
4 4 30.96 22.32 0 36.12 22.32 0 36.12 22.44 0 30.96 22.44 0
4 1 36.12 22.32 0 38.76 22.32 0 38.76 22.44 0 36.12 22.44 0
4 1 4.92 22.44 0 6.48 22.44 0 6.48 22.56 0 4.92 22.56 0
4 15 6.48 22.44 0 25.44 22.44 0 25.44 22.56 0 6.48 22.56 0
4 1 25.44 22.44 0 30.48 22.44 0 30.48 22.56 0 25.44 22.56 0
4 4 30.48 22.44 0 36.6 22.44 0 36.6 22.56 0 30.48 22.56 0
4 1 36.6 22.44 0 38.76 22.44 0 38.76 22.56 0 36.6 22.56 0
4 1 4.92 22.56 0 6.36 22.56 0 6.36 22.68 0 4.92 22.68 0
4 15 6.36 22.56 0 25.56 22.56 0 25.56 22.68 0 6.36 22.68 0
4 1 25.56 22.56 0 30.36 22.56 0 30.36 22.68 0 25.56 22.68 0
4 4 30.36 22.56 0 36.72 22.56 0 36.72 22.68 0 30.36 22.68 0
4 1 36.72 22.56 0 38.76 22.56 0 38.76 22.68 0 36.72 22.68 0
4 1 4.92 22.68 0 6.24 22.68 0 6.24 22.8 0 4.92 22.8 0
4 15 6.24 22.68 0 25.68 22.68 0 25.68 22.8 0 6.24 22.8 0
4 1 25.68 22.68 0 30.24 22.68 0 30.24 22.8 0 25.68 22.8 0
4 4 30.24 22.68 0 36.84 22.68 0 36.84 22.8 0 30.24 22.8 0
4 1 36.84 22.68 0 38.76 22.68 0 38.76 22.8 0 36.84 22.8 0
4 1 4.92 22.8 0 6.12 22.8 0 6.12 22.92 0 4.92 22.92 0
4 15 6.12 22.8 0 25.8 22.8 0 25.8 22.92 0 6.12 22.92 0
4 1 25.8 22.8 0 30.12 22.8 0 30.12 22.92 0 25.8 22.92 0
4 4 30.12 22.8 0 36.96 22.8 0 36.96 22.92 0 30.12 22.92 0
4 1 36.96 22.8 0 38.76 22.8 0 38.76 22.92 0 36.96 22.92 0
4 1 4.92 22.92 0 6 22.92 0 6 23.4 0 4.92 23.4 0
4 15 6 22.92 0 25.92 22.92 0 25.92 23.4 0 6 23.4 0
4 1 25.92 22.92 0 30 22.92 0 30 23.4 0 25.92 23.4 0
4 4 30 22.92 0 37.08 22.92 0 37.08 23.4 0 30 23.4 0
4 1 37.08 22.92 0 38.76 22.92 0 38.76 23.4 0 37.08 23.4 0
4 1 4.92 23.4 0 5.88 23.4 0 5.88 26.04 0 4.92 26.04 0
4 15 5.88 23.4 0 26.04 23.4 0 26.04 26.04 0 5.88 26.04 0
4 1 26.04 23.4 0 29.88 23.4 0 29.88 26.04 0 26.04 26.04 0
4 4 29.88 23.4 0 37.2 23.4 0 37.2 26.04 0 29.88 26.04 0
4 1 37.2 23.4 0 38.76 23.4 0 38.76 26.04 0 37.2 26.04 0
4 1 4.92 26.04 0 6 26.04 0 6 26.52 0 4.92 26.52 0
4 15 6 26.04 0 25.92 26.04 0 25.92 26.52 0 6 26.52 0
4 1 25.92 26.04 0 30 26.04 0 30 26.52 0 25.92 26.52 0
4 4 30 26.04 0 37.08 26.04 0 37.08 26.52 0 30 26.52 0
4 1 37.08 26.04 0 38.76 26.04 0 38.76 26.52 0 37.08 26.52 0
4 1 4.92 26.52 0 6.12 26.52 0 6.12 26.64 0 4.92 26.64 0
4 15 6.12 26.52 0 25.8 26.52 0 25.8 26.64 0 6.12 26.64 0
4 1 25.8 26.52 0 30.12 26.52 0 30.12 26.64 0 25.8 26.64 0
4 4 30.12 26.52 0 36.96 26.52 0 36.96 26.64 0 30.12 26.64 0
4 1 36.96 26.52 0 38.76 26.52 0 38.76 26.64 0 36.96 26.64 0
4 1 4.92 26.64 0 6.24 26.64 0 6.24 26.76 0 4.92 26.76 0
4 15 6.24 26.64 0 25.68 26.64 0 25.68 26.76 0 6.24 26.76 0
4 1 25.68 26.64 0 30.24 26.64 0 30.24 26.76 0 25.68 26.76 0
4 4 30.24 26.64 0 36.84 26.64 0 36.84 26.76 0 30.24 26.76 0
4 1 36.84 26.64 0 38.76 26.64 0 38.76 26.76 0 36.84 26.76 0
4 1 4.92 26.76 0 6.36 26.76 0 6.36 26.88 0 4.92 26.88 0
4 15 6.36 26.76 0 25.56 26.76 0 25.56 26.88 0 6.36 26.88 0
4 1 25.56 26.76 0 30.36 26.76 0 30.36 26.88 0 25.56 26.88 0
4 4 30.36 26.76 0 36.72 26.76 0 36.72 26.88 0 30.36 26.88 0
4 1 36.72 26.76 0 38.76 26.76 0 38.76 26.88 0 36.72 26.88 0
4 1 4.92 26.88 0 6.48 26.88 0 6.48 27 0 4.92 27 0
4 15 6.48 26.88 0 25.44 26.88 0 25.44 27 0 6.48 27 0
4 1 25.44 26.88 0 30.48 26.88 0 30.48 27 0 25.44 27 0
4 4 30.48 26.88 0 36.6 26.88 0 36.6 27 0 30.48 27 0
4 1 36.6 26.88 0 38.76 26.88 0 38.76 27 0 36.6 27 0
4 1 4.92 27 0 6.96 27 0 6.96 27.12 0 4.92 27.12 0
4 15 6.96 27 0 24.96 27 0 24.96 27.12 0 6.96 27.12 0
4 1 24.96 27 0 30.96 27 0 30.96 27.12 0 24.96 27.12 0
4 4 30.96 27 0 36.12 27 0 36.12 27.12 0 30.96 27.12 0
4 1 36.12 27 0 38.76 27 0 38.76 27.12 0 36.12 27.12 0
4 0 3.72 4.08 0 4.92 4.08 0 4.92 28.2 0 3.72 28.2 0
4 1 4.92 27.12 0 38.76 27.12 0 38.76 28.2 0 4.92 28.2 0
4 0 38.76 4.08 0 39.96 4.08 0 39.96 28.2 0 38.76 28.2 0
4 0 3.72 28.2 0 39.96 28.2 0 39.96 29.4 0 3.72 29.4 0
0
