0 Etiqueta Titanium 7
0 Name: p_titan7.dat
0 Author: svlopez
0 !LDRAW_ORG Unofficial_Part
0 BFC CERTIFY CW

4 15 0 0 0 40 0 0 40 2.7 0 0 2.7 0
4 0 2.7 2.7 0 37.3 2.7 0 37.3 8.5 0 2.7 8.5 0
4 0 2.7 8.5 0 10.9 8.5 0 10.9 8.6 0 2.7 8.6 0
4 25 10.9 8.5 0 33.7 8.5 0 33.7 8.6 0 10.9 8.6 0
4 0 33.7 8.5 0 37.3 8.5 0 37.3 8.6 0 33.7 8.6 0
4 0 2.7 8.6 0 10.6 8.6 0 10.6 8.7 0 2.7 8.7 0
4 25 10.6 8.6 0 34 8.6 0 34 8.7 0 10.6 8.7 0
4 0 34 8.6 0 37.3 8.6 0 37.3 8.7 0 34 8.7 0
4 0 2.7 8.7 0 10.4 8.7 0 10.4 8.8 0 2.7 8.8 0
4 25 10.4 8.7 0 34.2 8.7 0 34.2 8.8 0 10.4 8.8 0
4 0 34.2 8.7 0 37.3 8.7 0 37.3 8.8 0 34.2 8.8 0
4 0 2.7 8.8 0 10.3 8.8 0 10.3 8.9 0 2.7 8.9 0
4 25 10.3 8.8 0 34.3 8.8 0 34.3 8.9 0 10.3 8.9 0
4 0 34.3 8.8 0 37.3 8.8 0 37.3 8.9 0 34.3 8.9 0
4 0 2.7 8.9 0 10.1 8.9 0 10.1 9 0 2.7 9 0
4 25 10.1 8.9 0 34.5 8.9 0 34.5 9 0 10.1 9 0
4 0 34.5 8.9 0 37.3 8.9 0 37.3 9 0 34.5 9 0
4 0 2.7 9 0 10 9 0 10 9.1 0 2.7 9.1 0
4 25 10 9 0 34.6 9 0 34.6 9.1 0 10 9.1 0
4 0 34.6 9 0 37.3 9 0 37.3 9.1 0 34.6 9.1 0
4 0 2.7 9.1 0 9.8 9.1 0 9.8 9.2 0 2.7 9.2 0
4 25 9.8 9.1 0 34.8 9.1 0 34.8 9.2 0 9.8 9.2 0
4 0 34.8 9.1 0 37.3 9.1 0 37.3 9.2 0 34.8 9.2 0
4 0 2.7 9.2 0 9.7 9.2 0 9.7 9.3 0 2.7 9.3 0
4 25 9.7 9.2 0 34.9 9.2 0 34.9 9.3 0 9.7 9.3 0
4 0 34.9 9.2 0 37.3 9.2 0 37.3 9.3 0 34.9 9.3 0
4 0 2.7 9.3 0 9.6 9.3 0 9.6 9.4 0 2.7 9.4 0
4 25 9.6 9.3 0 35 9.3 0 35 9.4 0 9.6 9.4 0
4 0 35 9.3 0 37.3 9.3 0 37.3 9.4 0 35 9.4 0
4 0 2.7 9.4 0 9.5 9.4 0 9.5 9.6 0 2.7 9.6 0
4 25 9.5 9.4 0 35.1 9.4 0 35.1 9.6 0 9.5 9.6 0
4 0 35.1 9.4 0 37.3 9.4 0 37.3 9.6 0 35.1 9.6 0
4 0 2.7 9.6 0 9.4 9.6 0 9.4 9.7 0 2.7 9.7 0
4 25 9.4 9.6 0 35.2 9.6 0 35.2 9.7 0 9.4 9.7 0
4 0 35.2 9.6 0 37.3 9.6 0 37.3 9.7 0 35.2 9.7 0
4 0 2.7 9.7 0 9.3 9.7 0 9.3 9.9 0 2.7 9.9 0
4 25 9.3 9.7 0 35.3 9.7 0 35.3 9.9 0 9.3 9.9 0
4 0 35.3 9.7 0 37.3 9.7 0 37.3 9.9 0 35.3 9.9 0
4 0 2.7 9.9 0 9.2 9.9 0 9.2 10 0 2.7 10 0
4 25 9.2 9.9 0 35.4 9.9 0 35.4 10 0 9.2 10 0
4 0 35.4 9.9 0 37.3 9.9 0 37.3 10 0 35.4 10 0
4 0 2.7 10 0 9.1 10 0 9.1 10.2 0 2.7 10.2 0
4 25 9.1 10 0 35.5 10 0 35.5 10.2 0 9.1 10.2 0
4 0 35.5 10 0 37.3 10 0 37.3 10.2 0 35.5 10.2 0
4 0 2.7 10.2 0 9 10.2 0 9 10.4 0 2.7 10.4 0
4 25 9 10.2 0 35.6 10.2 0 35.6 10.4 0 9 10.4 0
4 0 35.6 10.2 0 37.3 10.2 0 37.3 10.4 0 35.6 10.4 0
4 0 2.7 10.4 0 8.9 10.4 0 8.9 10.7 0 2.7 10.7 0
4 25 8.9 10.4 0 35.7 10.4 0 35.7 10.7 0 8.9 10.7 0
4 0 35.7 10.4 0 37.3 10.4 0 37.3 10.7 0 35.7 10.7 0
4 0 2.7 10.7 0 8.8 10.7 0 8.8 12.1 0 2.7 12.1 0
4 25 8.8 10.7 0 35.8 10.7 0 35.8 12.1 0 8.8 12.1 0
4 0 35.8 10.7 0 37.3 10.7 0 37.3 12.1 0 35.8 12.1 0
4 0 2.7 12.1 0 8.9 12.1 0 8.9 12.4 0 2.7 12.4 0
4 25 8.9 12.1 0 35.7 12.1 0 35.7 12.4 0 8.9 12.4 0
4 0 35.7 12.1 0 37.3 12.1 0 37.3 12.4 0 35.7 12.4 0
4 0 2.7 12.4 0 9 12.4 0 9 12.6 0 2.7 12.6 0
4 25 9 12.4 0 35.6 12.4 0 35.6 12.6 0 9 12.6 0
4 0 35.6 12.4 0 37.3 12.4 0 37.3 12.6 0 35.6 12.6 0
4 0 2.7 12.6 0 9.1 12.6 0 9.1 12.8 0 2.7 12.8 0
4 25 9.1 12.6 0 35.5 12.6 0 35.5 12.8 0 9.1 12.8 0
4 0 35.5 12.6 0 37.3 12.6 0 37.3 12.8 0 35.5 12.8 0
4 0 2.7 12.8 0 9.2 12.8 0 9.2 12.9 0 2.7 12.9 0
4 25 9.2 12.8 0 35.4 12.8 0 35.4 12.9 0 9.2 12.9 0
4 0 35.4 12.8 0 37.3 12.8 0 37.3 12.9 0 35.4 12.9 0
4 0 2.7 12.9 0 9.3 12.9 0 9.3 13.1 0 2.7 13.1 0
4 25 9.3 12.9 0 35.3 12.9 0 35.3 13.1 0 9.3 13.1 0
4 0 35.3 12.9 0 37.3 12.9 0 37.3 13.1 0 35.3 13.1 0
4 0 2.7 13.1 0 9.4 13.1 0 9.4 13.2 0 2.7 13.2 0
4 25 9.4 13.1 0 35.2 13.1 0 35.2 13.2 0 9.4 13.2 0
4 0 35.2 13.1 0 37.3 13.1 0 37.3 13.2 0 35.2 13.2 0
4 0 2.7 13.2 0 9.5 13.2 0 9.5 13.4 0 2.7 13.4 0
4 25 9.5 13.2 0 35.1 13.2 0 35.1 13.4 0 9.5 13.4 0
4 0 35.1 13.2 0 37.3 13.2 0 37.3 13.4 0 35.1 13.4 0
4 0 2.7 13.4 0 9.6 13.4 0 9.6 13.5 0 2.7 13.5 0
4 25 9.6 13.4 0 35 13.4 0 35 13.5 0 9.6 13.5 0
4 0 35 13.4 0 37.3 13.4 0 37.3 13.5 0 35 13.5 0
4 0 2.7 13.5 0 9.7 13.5 0 9.7 13.6 0 2.7 13.6 0
4 25 9.7 13.5 0 34.9 13.5 0 34.9 13.6 0 9.7 13.6 0
4 0 34.9 13.5 0 37.3 13.5 0 37.3 13.6 0 34.9 13.6 0
4 0 2.7 13.6 0 9.8 13.6 0 9.8 13.7 0 2.7 13.7 0
4 25 9.8 13.6 0 34.8 13.6 0 34.8 13.7 0 9.8 13.7 0
4 0 34.8 13.6 0 37.3 13.6 0 37.3 13.7 0 34.8 13.7 0
4 0 2.7 13.7 0 10 13.7 0 10 13.8 0 2.7 13.8 0
4 25 10 13.7 0 34.6 13.7 0 34.6 13.8 0 10 13.8 0
4 0 34.6 13.7 0 37.3 13.7 0 37.3 13.8 0 34.6 13.8 0
4 0 2.7 13.8 0 10.1 13.8 0 10.1 13.9 0 2.7 13.9 0
4 25 10.1 13.8 0 34.5 13.8 0 34.5 13.9 0 10.1 13.9 0
4 0 34.5 13.8 0 37.3 13.8 0 37.3 13.9 0 34.5 13.9 0
4 0 2.7 13.9 0 10.3 13.9 0 10.3 14 0 2.7 14 0
4 25 10.3 13.9 0 34.3 13.9 0 34.3 14 0 10.3 14 0
4 0 34.3 13.9 0 37.3 13.9 0 37.3 14 0 34.3 14 0
4 0 2.7 14 0 10.4 14 0 10.4 14.1 0 2.7 14.1 0
4 25 10.4 14 0 34.2 14 0 34.2 14.1 0 10.4 14.1 0
4 0 34.2 14 0 37.3 14 0 37.3 14.1 0 34.2 14.1 0
4 0 2.7 14.1 0 10.6 14.1 0 10.6 14.2 0 2.7 14.2 0
4 25 10.6 14.1 0 34 14.1 0 34 14.2 0 10.6 14.2 0
4 0 34 14.1 0 37.3 14.1 0 37.3 14.2 0 34 14.2 0
4 0 2.7 14.2 0 10.9 14.2 0 10.9 14.3 0 2.7 14.3 0
4 25 10.9 14.2 0 33.7 14.2 0 33.7 14.3 0 10.9 14.3 0
4 0 33.7 14.2 0 37.3 14.2 0 37.3 14.3 0 33.7 14.3 0
4 0 2.7 14.3 0 8 14.3 0 8 14.4 0 2.7 14.4 0
4 25 8 14.3 0 8.1 14.3 0 8.1 14.4 0 8 14.4 0
4 0 8.1 14.3 0 11.9 14.3 0 11.9 14.4 0 8.1 14.4 0
4 25 11.9 14.3 0 32.7 14.3 0 32.7 14.4 0 11.9 14.4 0
4 0 32.7 14.3 0 37.3 14.3 0 37.3 14.4 0 32.7 14.4 0
4 0 2.7 14.4 0 7.1 14.4 0 7.1 14.5 0 2.7 14.5 0
4 25 7.1 14.4 0 9 14.4 0 9 14.5 0 7.1 14.5 0
4 0 9 14.4 0 31 14.4 0 31 14.5 0 9 14.5 0
4 25 31 14.4 0 32.9 14.4 0 32.9 14.5 0 31 14.5 0
4 0 32.9 14.4 0 37.3 14.4 0 37.3 14.5 0 32.9 14.5 0
4 0 2.7 14.5 0 6.7 14.5 0 6.7 14.6 0 2.7 14.6 0
4 25 6.7 14.5 0 9.4 14.5 0 9.4 14.6 0 6.7 14.6 0
4 0 9.4 14.5 0 30.6 14.5 0 30.6 14.6 0 9.4 14.6 0
4 25 30.6 14.5 0 33.3 14.5 0 33.3 14.6 0 30.6 14.6 0
4 0 33.3 14.5 0 37.3 14.5 0 37.3 14.6 0 33.3 14.6 0
4 0 2.7 14.6 0 6.4 14.6 0 6.4 14.7 0 2.7 14.7 0
4 25 6.4 14.6 0 9.7 14.6 0 9.7 14.7 0 6.4 14.7 0
4 0 9.7 14.6 0 30.3 14.6 0 30.3 14.7 0 9.7 14.7 0
4 25 30.3 14.6 0 33.6 14.6 0 33.6 14.7 0 30.3 14.7 0
4 0 33.6 14.6 0 37.3 14.6 0 37.3 14.7 0 33.6 14.7 0
4 0 2.7 14.7 0 6.1 14.7 0 6.1 14.8 0 2.7 14.8 0
4 25 6.1 14.7 0 10 14.7 0 10 14.8 0 6.1 14.8 0
4 0 10 14.7 0 30 14.7 0 30 14.8 0 10 14.8 0
4 25 30 14.7 0 33.9 14.7 0 33.9 14.8 0 30 14.8 0
4 0 33.9 14.7 0 37.3 14.7 0 37.3 14.8 0 33.9 14.8 0
4 0 2.7 14.8 0 5.9 14.8 0 5.9 14.9 0 2.7 14.9 0
4 25 5.9 14.8 0 10.2 14.8 0 10.2 14.9 0 5.9 14.9 0
4 0 10.2 14.8 0 29.8 14.8 0 29.8 14.9 0 10.2 14.9 0
4 25 29.8 14.8 0 34.1 14.8 0 34.1 14.9 0 29.8 14.9 0
4 0 34.1 14.8 0 37.3 14.8 0 37.3 14.9 0 34.1 14.9 0
4 0 2.7 14.9 0 5.8 14.9 0 5.8 15 0 2.7 15 0
4 25 5.8 14.9 0 10.3 14.9 0 10.3 15 0 5.8 15 0
4 0 10.3 14.9 0 29.7 14.9 0 29.7 15 0 10.3 15 0
4 25 29.7 14.9 0 34.2 14.9 0 34.2 15 0 29.7 15 0
4 0 34.2 14.9 0 37.3 14.9 0 37.3 15 0 34.2 15 0
4 0 2.7 15 0 5.6 15 0 5.6 15.1 0 2.7 15.1 0
4 25 5.6 15 0 10.5 15 0 10.5 15.1 0 5.6 15.1 0
4 0 10.5 15 0 29.5 15 0 29.5 15.1 0 10.5 15.1 0
4 25 29.5 15 0 34.4 15 0 34.4 15.1 0 29.5 15.1 0
4 0 34.4 15 0 37.3 15 0 37.3 15.1 0 34.4 15.1 0
4 0 2.7 15.1 0 5.5 15.1 0 5.5 15.2 0 2.7 15.2 0
4 25 5.5 15.1 0 10.6 15.1 0 10.6 15.2 0 5.5 15.2 0
4 0 10.6 15.1 0 29.4 15.1 0 29.4 15.2 0 10.6 15.2 0
4 25 29.4 15.1 0 34.5 15.1 0 34.5 15.2 0 29.4 15.2 0
4 0 34.5 15.1 0 37.3 15.1 0 37.3 15.2 0 34.5 15.2 0
4 0 2.7 15.2 0 5.3 15.2 0 5.3 15.3 0 2.7 15.3 0
4 25 5.3 15.2 0 10.8 15.2 0 10.8 15.3 0 5.3 15.3 0
4 0 10.8 15.2 0 29.2 15.2 0 29.2 15.3 0 10.8 15.3 0
4 25 29.2 15.2 0 34.7 15.2 0 34.7 15.3 0 29.2 15.3 0
4 0 34.7 15.2 0 37.3 15.2 0 37.3 15.3 0 34.7 15.3 0
4 0 2.7 15.3 0 5.2 15.3 0 5.2 15.4 0 2.7 15.4 0
4 25 5.2 15.3 0 10.9 15.3 0 10.9 15.4 0 5.2 15.4 0
4 0 10.9 15.3 0 29.1 15.3 0 29.1 15.4 0 10.9 15.4 0
4 25 29.1 15.3 0 34.8 15.3 0 34.8 15.4 0 29.1 15.4 0
4 0 34.8 15.3 0 37.3 15.3 0 37.3 15.4 0 34.8 15.4 0
4 0 2.7 15.4 0 5.1 15.4 0 5.1 15.5 0 2.7 15.5 0
4 25 5.1 15.4 0 11 15.4 0 11 15.5 0 5.1 15.5 0
4 0 11 15.4 0 29 15.4 0 29 15.5 0 11 15.5 0
4 25 29 15.4 0 34.9 15.4 0 34.9 15.5 0 29 15.5 0
4 0 34.9 15.4 0 37.3 15.4 0 37.3 15.5 0 34.9 15.5 0
4 0 2.7 15.5 0 5 15.5 0 5 15.6 0 2.7 15.6 0
4 25 5 15.5 0 11.1 15.5 0 11.1 15.6 0 5 15.6 0
4 0 11.1 15.5 0 28.9 15.5 0 28.9 15.6 0 11.1 15.6 0
4 25 28.9 15.5 0 35 15.5 0 35 15.6 0 28.9 15.6 0
4 0 35 15.5 0 37.3 15.5 0 37.3 15.6 0 35 15.6 0
4 0 2.7 15.6 0 4.9 15.6 0 4.9 15.7 0 2.7 15.7 0
4 25 4.9 15.6 0 11.2 15.6 0 11.2 15.7 0 4.9 15.7 0
4 0 11.2 15.6 0 28.8 15.6 0 28.8 15.7 0 11.2 15.7 0
4 25 28.8 15.6 0 35.1 15.6 0 35.1 15.7 0 28.8 15.7 0
4 0 35.1 15.6 0 37.3 15.6 0 37.3 15.7 0 35.1 15.7 0
4 0 2.7 15.7 0 4.8 15.7 0 4.8 15.8 0 2.7 15.8 0
4 25 4.8 15.7 0 11.3 15.7 0 11.3 15.8 0 4.8 15.8 0
4 0 11.3 15.7 0 28.7 15.7 0 28.7 15.8 0 11.3 15.8 0
4 25 28.7 15.7 0 35.2 15.7 0 35.2 15.8 0 28.7 15.8 0
4 0 35.2 15.7 0 37.3 15.7 0 37.3 15.8 0 35.2 15.8 0
4 0 2.7 15.8 0 4.7 15.8 0 4.7 16 0 2.7 16 0
4 25 4.7 15.8 0 11.4 15.8 0 11.4 16 0 4.7 16 0
4 0 11.4 15.8 0 28.6 15.8 0 28.6 16 0 11.4 16 0
4 25 28.6 15.8 0 35.3 15.8 0 35.3 16 0 28.6 16 0
4 0 35.3 15.8 0 37.3 15.8 0 37.3 16 0 35.3 16 0
4 0 2.7 16 0 4.6 16 0 4.6 16.1 0 2.7 16.1 0
4 25 4.6 16 0 11.5 16 0 11.5 16.1 0 4.6 16.1 0
4 0 11.5 16 0 28.5 16 0 28.5 16.1 0 11.5 16.1 0
4 25 28.5 16 0 35.4 16 0 35.4 16.1 0 28.5 16.1 0
4 0 35.4 16 0 37.3 16 0 37.3 16.1 0 35.4 16.1 0
4 0 2.7 16.1 0 4.5 16.1 0 4.5 16.3 0 2.7 16.3 0
4 25 4.5 16.1 0 11.6 16.1 0 11.6 16.3 0 4.5 16.3 0
4 0 11.6 16.1 0 28.4 16.1 0 28.4 16.3 0 11.6 16.3 0
4 25 28.4 16.1 0 35.5 16.1 0 35.5 16.3 0 28.4 16.3 0
4 0 35.5 16.1 0 37.3 16.1 0 37.3 16.3 0 35.5 16.3 0
4 0 2.7 16.3 0 4.4 16.3 0 4.4 16.6 0 2.7 16.6 0
4 25 4.4 16.3 0 11.7 16.3 0 11.7 16.6 0 4.4 16.6 0
4 0 11.7 16.3 0 28.3 16.3 0 28.3 16.6 0 11.7 16.6 0
4 25 28.3 16.3 0 35.6 16.3 0 35.6 16.6 0 28.3 16.6 0
4 0 35.6 16.3 0 37.3 16.3 0 37.3 16.6 0 35.6 16.6 0
4 0 2.7 16.6 0 4.3 16.6 0 4.3 16.8 0 2.7 16.8 0
4 25 4.3 16.6 0 11.8 16.6 0 11.8 16.8 0 4.3 16.8 0
4 0 11.8 16.6 0 28.2 16.6 0 28.2 16.8 0 11.8 16.8 0
4 25 28.2 16.6 0 35.7 16.6 0 35.7 16.8 0 28.2 16.8 0
4 0 35.7 16.6 0 37.3 16.6 0 37.3 16.8 0 35.7 16.8 0
4 0 2.7 16.8 0 4.2 16.8 0 4.2 18.2 0 2.7 18.2 0
4 25 4.2 16.8 0 11.9 16.8 0 11.9 18.2 0 4.2 18.2 0
4 0 11.9 16.8 0 28.1 16.8 0 28.1 18.2 0 11.9 18.2 0
4 25 28.1 16.8 0 35.8 16.8 0 35.8 18.2 0 28.1 18.2 0
4 0 35.8 16.8 0 37.3 16.8 0 37.3 18.2 0 35.8 18.2 0
4 0 2.7 18.2 0 4.3 18.2 0 4.3 18.4 0 2.7 18.4 0
4 25 4.3 18.2 0 11.8 18.2 0 11.8 18.4 0 4.3 18.4 0
4 0 11.8 18.2 0 28.2 18.2 0 28.2 18.4 0 11.8 18.4 0
4 25 28.2 18.2 0 35.7 18.2 0 35.7 18.4 0 28.2 18.4 0
4 0 35.7 18.2 0 37.3 18.2 0 37.3 18.4 0 35.7 18.4 0
4 0 2.7 18.4 0 4.4 18.4 0 4.4 18.7 0 2.7 18.7 0
4 25 4.4 18.4 0 11.7 18.4 0 11.7 18.7 0 4.4 18.7 0
4 0 11.7 18.4 0 28.3 18.4 0 28.3 18.7 0 11.7 18.7 0
4 25 28.3 18.4 0 35.6 18.4 0 35.6 18.7 0 28.3 18.7 0
4 0 35.6 18.4 0 37.3 18.4 0 37.3 18.7 0 35.6 18.7 0
4 0 2.7 18.7 0 4.5 18.7 0 4.5 18.9 0 2.7 18.9 0
4 25 4.5 18.7 0 11.6 18.7 0 11.6 18.9 0 4.5 18.9 0
4 0 11.6 18.7 0 28.4 18.7 0 28.4 18.9 0 11.6 18.9 0
4 25 28.4 18.7 0 35.5 18.7 0 35.5 18.9 0 28.4 18.9 0
4 0 35.5 18.7 0 37.3 18.7 0 37.3 18.9 0 35.5 18.9 0
4 0 2.7 18.9 0 4.6 18.9 0 4.6 19 0 2.7 19 0
4 25 4.6 18.9 0 11.5 18.9 0 11.5 19 0 4.6 19 0
4 0 11.5 18.9 0 28.5 18.9 0 28.5 19 0 11.5 19 0
4 25 28.5 18.9 0 35.4 18.9 0 35.4 19 0 28.5 19 0
4 0 35.4 18.9 0 37.3 18.9 0 37.3 19 0 35.4 19 0
4 0 2.7 19 0 4.7 19 0 4.7 19.2 0 2.7 19.2 0
4 25 4.7 19 0 11.4 19 0 11.4 19.2 0 4.7 19.2 0
4 0 11.4 19 0 28.6 19 0 28.6 19.2 0 11.4 19.2 0
4 25 28.6 19 0 35.3 19 0 35.3 19.2 0 28.6 19.2 0
4 0 35.3 19 0 37.3 19 0 37.3 19.2 0 35.3 19.2 0
4 0 2.7 19.2 0 4.8 19.2 0 4.8 19.3 0 2.7 19.3 0
4 25 4.8 19.2 0 11.3 19.2 0 11.3 19.3 0 4.8 19.3 0
4 0 11.3 19.2 0 28.7 19.2 0 28.7 19.3 0 11.3 19.3 0
4 25 28.7 19.2 0 35.2 19.2 0 35.2 19.3 0 28.7 19.3 0
4 0 35.2 19.2 0 37.3 19.2 0 37.3 19.3 0 35.2 19.3 0
4 0 2.7 19.3 0 4.9 19.3 0 4.9 19.4 0 2.7 19.4 0
4 25 4.9 19.3 0 11.2 19.3 0 11.2 19.4 0 4.9 19.4 0
4 0 11.2 19.3 0 28.8 19.3 0 28.8 19.4 0 11.2 19.4 0
4 25 28.8 19.3 0 35.1 19.3 0 35.1 19.4 0 28.8 19.4 0
4 0 35.1 19.3 0 37.3 19.3 0 37.3 19.4 0 35.1 19.4 0
4 0 2.7 19.4 0 5 19.4 0 5 19.5 0 2.7 19.5 0
4 25 5 19.4 0 11.1 19.4 0 11.1 19.5 0 5 19.5 0
4 0 11.1 19.4 0 28.9 19.4 0 28.9 19.5 0 11.1 19.5 0
4 25 28.9 19.4 0 35 19.4 0 35 19.5 0 28.9 19.5 0
4 0 35 19.4 0 37.3 19.4 0 37.3 19.5 0 35 19.5 0
4 0 2.7 19.5 0 5.1 19.5 0 5.1 19.6 0 2.7 19.6 0
4 25 5.1 19.5 0 11 19.5 0 11 19.6 0 5.1 19.6 0
4 0 11 19.5 0 29 19.5 0 29 19.6 0 11 19.6 0
4 25 29 19.5 0 34.9 19.5 0 34.9 19.6 0 29 19.6 0
4 0 34.9 19.5 0 37.3 19.5 0 37.3 19.6 0 34.9 19.6 0
4 0 2.7 19.6 0 5.2 19.6 0 5.2 19.7 0 2.7 19.7 0
4 25 5.2 19.6 0 10.9 19.6 0 10.9 19.7 0 5.2 19.7 0
4 0 10.9 19.6 0 29.1 19.6 0 29.1 19.7 0 10.9 19.7 0
4 25 29.1 19.6 0 34.8 19.6 0 34.8 19.7 0 29.1 19.7 0
4 0 34.8 19.6 0 37.3 19.6 0 37.3 19.7 0 34.8 19.7 0
4 0 2.7 19.7 0 5.3 19.7 0 5.3 19.8 0 2.7 19.8 0
4 25 5.3 19.7 0 10.8 19.7 0 10.8 19.8 0 5.3 19.8 0
4 0 10.8 19.7 0 29.2 19.7 0 29.2 19.8 0 10.8 19.8 0
4 25 29.2 19.7 0 34.7 19.7 0 34.7 19.8 0 29.2 19.8 0
4 0 34.7 19.7 0 37.3 19.7 0 37.3 19.8 0 34.7 19.8 0
4 0 2.7 19.8 0 5.5 19.8 0 5.5 19.9 0 2.7 19.9 0
4 25 5.5 19.8 0 10.6 19.8 0 10.6 19.9 0 5.5 19.9 0
4 0 10.6 19.8 0 29.4 19.8 0 29.4 19.9 0 10.6 19.9 0
4 25 29.4 19.8 0 34.5 19.8 0 34.5 19.9 0 29.4 19.9 0
4 0 34.5 19.8 0 37.3 19.8 0 37.3 19.9 0 34.5 19.9 0
4 0 2.7 19.9 0 5.6 19.9 0 5.6 20 0 2.7 20 0
4 25 5.6 19.9 0 10.5 19.9 0 10.5 20 0 5.6 20 0
4 0 10.5 19.9 0 29.5 19.9 0 29.5 20 0 10.5 20 0
4 25 29.5 19.9 0 34.4 19.9 0 34.4 20 0 29.5 20 0
4 0 34.4 19.9 0 37.3 19.9 0 37.3 20 0 34.4 20 0
4 0 2.7 20 0 5.8 20 0 5.8 20.1 0 2.7 20.1 0
4 25 5.8 20 0 10.3 20 0 10.3 20.1 0 5.8 20.1 0
4 0 10.3 20 0 29.7 20 0 29.7 20.1 0 10.3 20.1 0
4 25 29.7 20 0 34.2 20 0 34.2 20.1 0 29.7 20.1 0
4 0 34.2 20 0 37.3 20 0 37.3 20.1 0 34.2 20.1 0
4 0 2.7 20.1 0 5.9 20.1 0 5.9 20.2 0 2.7 20.2 0
4 25 5.9 20.1 0 10.2 20.1 0 10.2 20.2 0 5.9 20.2 0
4 0 10.2 20.1 0 29.8 20.1 0 29.8 20.2 0 10.2 20.2 0
4 25 29.8 20.1 0 34.1 20.1 0 34.1 20.2 0 29.8 20.2 0
4 0 34.1 20.1 0 37.3 20.1 0 37.3 20.2 0 34.1 20.2 0
4 0 2.7 20.2 0 6.1 20.2 0 6.1 20.3 0 2.7 20.3 0
4 25 6.1 20.2 0 10 20.2 0 10 20.3 0 6.1 20.3 0
4 0 10 20.2 0 27.2 20.2 0 27.2 20.3 0 10 20.3 0
4 25 27.2 20.2 0 27.3 20.2 0 27.3 20.3 0 27.2 20.3 0
4 0 27.3 20.2 0 30 20.2 0 30 20.3 0 27.3 20.3 0
4 25 30 20.2 0 33.9 20.2 0 33.9 20.3 0 30 20.3 0
4 0 33.9 20.2 0 37.3 20.2 0 37.3 20.3 0 33.9 20.3 0
4 0 2.7 20.3 0 6.4 20.3 0 6.4 20.4 0 2.7 20.4 0
4 25 6.4 20.3 0 9.7 20.3 0 9.7 20.4 0 6.4 20.4 0
4 0 9.7 20.3 0 26.3 20.3 0 26.3 20.4 0 9.7 20.4 0
4 25 26.3 20.3 0 28.2 20.3 0 28.2 20.4 0 26.3 20.4 0
4 0 28.2 20.3 0 30.3 20.3 0 30.3 20.4 0 28.2 20.4 0
4 25 30.3 20.3 0 33.6 20.3 0 33.6 20.4 0 30.3 20.4 0
4 0 33.6 20.3 0 37.3 20.3 0 37.3 20.4 0 33.6 20.4 0
4 0 2.7 20.4 0 6.7 20.4 0 6.7 20.5 0 2.7 20.5 0
4 25 6.7 20.4 0 9.4 20.4 0 9.4 20.5 0 6.7 20.5 0
4 0 9.4 20.4 0 25.9 20.4 0 25.9 20.5 0 9.4 20.5 0
4 25 25.9 20.4 0 28.6 20.4 0 28.6 20.5 0 25.9 20.5 0
4 0 28.6 20.4 0 30.6 20.4 0 30.6 20.5 0 28.6 20.5 0
4 25 30.6 20.4 0 33.3 20.4 0 33.3 20.5 0 30.6 20.5 0
4 0 33.3 20.4 0 37.3 20.4 0 37.3 20.5 0 33.3 20.5 0
4 0 2.7 20.5 0 7.1 20.5 0 7.1 20.6 0 2.7 20.6 0
4 25 7.1 20.5 0 9 20.5 0 9 20.6 0 7.1 20.6 0
4 0 9 20.5 0 25.6 20.5 0 25.6 20.6 0 9 20.6 0
4 25 25.6 20.5 0 28.9 20.5 0 28.9 20.6 0 25.6 20.6 0
4 0 28.9 20.5 0 31 20.5 0 31 20.6 0 28.9 20.6 0
4 25 31 20.5 0 32.9 20.5 0 32.9 20.6 0 31 20.6 0
4 0 32.9 20.5 0 37.3 20.5 0 37.3 20.6 0 32.9 20.6 0
4 0 2.7 20.6 0 25.3 20.6 0 25.3 20.7 0 2.7 20.7 0
4 25 25.3 20.6 0 29.2 20.6 0 29.2 20.7 0 25.3 20.7 0
4 0 29.2 20.6 0 37.3 20.6 0 37.3 20.7 0 29.2 20.7 0
4 0 2.7 20.7 0 25.1 20.7 0 25.1 20.8 0 2.7 20.8 0
4 25 25.1 20.7 0 29.4 20.7 0 29.4 20.8 0 25.1 20.8 0
4 0 29.4 20.7 0 37.3 20.7 0 37.3 20.8 0 29.4 20.8 0
4 0 2.7 20.8 0 25 20.8 0 25 20.9 0 2.7 20.9 0
4 25 25 20.8 0 29.5 20.8 0 29.5 20.9 0 25 20.9 0
4 0 29.5 20.8 0 37.3 20.8 0 37.3 20.9 0 29.5 20.9 0
4 0 2.7 20.9 0 24.8 20.9 0 24.8 21 0 2.7 21 0
4 25 24.8 20.9 0 29.7 20.9 0 29.7 21 0 24.8 21 0
4 0 29.7 20.9 0 37.3 20.9 0 37.3 21 0 29.7 21 0
4 0 2.7 21 0 24.7 21 0 24.7 21.1 0 2.7 21.1 0
4 25 24.7 21 0 29.8 21 0 29.8 21.1 0 24.7 21.1 0
4 0 29.8 21 0 37.3 21 0 37.3 21.1 0 29.8 21.1 0
4 0 2.7 21.1 0 24.5 21.1 0 24.5 21.2 0 2.7 21.2 0
4 25 24.5 21.1 0 30 21.1 0 30 21.2 0 24.5 21.2 0
4 0 30 21.1 0 37.3 21.1 0 37.3 21.2 0 30 21.2 0
4 0 2.7 21.2 0 24.4 21.2 0 24.4 21.3 0 2.7 21.3 0
4 25 24.4 21.2 0 30.1 21.2 0 30.1 21.3 0 24.4 21.3 0
4 0 30.1 21.2 0 37.3 21.2 0 37.3 21.3 0 30.1 21.3 0
4 0 2.7 21.3 0 24.3 21.3 0 24.3 21.4 0 2.7 21.4 0
4 25 24.3 21.3 0 30.2 21.3 0 30.2 21.4 0 24.3 21.4 0
4 0 30.2 21.3 0 37.3 21.3 0 37.3 21.4 0 30.2 21.4 0
4 0 2.7 21.4 0 24.2 21.4 0 24.2 21.5 0 2.7 21.5 0
4 25 24.2 21.4 0 30.3 21.4 0 30.3 21.5 0 24.2 21.5 0
4 0 30.3 21.4 0 37.3 21.4 0 37.3 21.5 0 30.3 21.5 0
4 0 2.7 21.5 0 24.1 21.5 0 24.1 21.6 0 2.7 21.6 0
4 25 24.1 21.5 0 30.4 21.5 0 30.4 21.6 0 24.1 21.6 0
4 0 30.4 21.5 0 37.3 21.5 0 37.3 21.6 0 30.4 21.6 0
4 0 2.7 21.6 0 24 21.6 0 24 21.7 0 2.7 21.7 0
4 25 24 21.6 0 30.5 21.6 0 30.5 21.7 0 24 21.7 0
4 0 30.5 21.6 0 37.3 21.6 0 37.3 21.7 0 30.5 21.7 0
4 0 2.7 21.7 0 23.9 21.7 0 23.9 21.9 0 2.7 21.9 0
4 25 23.9 21.7 0 30.6 21.7 0 30.6 21.9 0 23.9 21.9 0
4 0 30.6 21.7 0 37.3 21.7 0 37.3 21.9 0 30.6 21.9 0
4 0 2.7 21.9 0 23.8 21.9 0 23.8 22 0 2.7 22 0
4 25 23.8 21.9 0 30.7 21.9 0 30.7 22 0 23.8 22 0
4 0 30.7 21.9 0 37.3 21.9 0 37.3 22 0 30.7 22 0
4 0 2.7 22 0 23.7 22 0 23.7 22.2 0 2.7 22.2 0
4 25 23.7 22 0 30.8 22 0 30.8 22.2 0 23.7 22.2 0
4 0 30.8 22 0 37.3 22 0 37.3 22.2 0 30.8 22.2 0
4 0 2.7 22.2 0 23.6 22.2 0 23.6 22.5 0 2.7 22.5 0
4 25 23.6 22.2 0 30.9 22.2 0 30.9 22.5 0 23.6 22.5 0
4 0 30.9 22.2 0 37.3 22.2 0 37.3 22.5 0 30.9 22.5 0
4 0 2.7 22.5 0 23.5 22.5 0 23.5 22.7 0 2.7 22.7 0
4 25 23.5 22.5 0 31 22.5 0 31 22.7 0 23.5 22.7 0
4 0 31 22.5 0 37.3 22.5 0 37.3 22.7 0 31 22.7 0
4 0 2.7 22.7 0 23.4 22.7 0 23.4 24.1 0 2.7 24.1 0
4 25 23.4 22.7 0 31.1 22.7 0 31.1 24.1 0 23.4 24.1 0
4 0 31.1 22.7 0 37.3 22.7 0 37.3 24.1 0 31.1 24.1 0
4 0 2.7 24.1 0 23.5 24.1 0 23.5 24.3 0 2.7 24.3 0
4 25 23.5 24.1 0 31 24.1 0 31 24.3 0 23.5 24.3 0
4 0 31 24.1 0 37.3 24.1 0 37.3 24.3 0 31 24.3 0
4 0 2.7 24.3 0 23.6 24.3 0 23.6 24.6 0 2.7 24.6 0
4 25 23.6 24.3 0 30.9 24.3 0 30.9 24.6 0 23.6 24.6 0
4 0 30.9 24.3 0 37.3 24.3 0 37.3 24.6 0 30.9 24.6 0
4 0 2.7 24.6 0 23.7 24.6 0 23.7 24.8 0 2.7 24.8 0
4 25 23.7 24.6 0 30.8 24.6 0 30.8 24.8 0 23.7 24.8 0
4 0 30.8 24.6 0 37.3 24.6 0 37.3 24.8 0 30.8 24.8 0
4 0 2.7 24.8 0 23.8 24.8 0 23.8 24.9 0 2.7 24.9 0
4 25 23.8 24.8 0 30.7 24.8 0 30.7 24.9 0 23.8 24.9 0
4 0 30.7 24.8 0 37.3 24.8 0 37.3 24.9 0 30.7 24.9 0
4 0 2.7 24.9 0 23.9 24.9 0 23.9 25.1 0 2.7 25.1 0
4 25 23.9 24.9 0 30.6 24.9 0 30.6 25.1 0 23.9 25.1 0
4 0 30.6 24.9 0 37.3 24.9 0 37.3 25.1 0 30.6 25.1 0
4 0 2.7 25.1 0 24 25.1 0 24 25.2 0 2.7 25.2 0
4 25 24 25.1 0 30.5 25.1 0 30.5 25.2 0 24 25.2 0
4 0 30.5 25.1 0 37.3 25.1 0 37.3 25.2 0 30.5 25.2 0
4 0 2.7 25.2 0 24.1 25.2 0 24.1 25.3 0 2.7 25.3 0
4 25 24.1 25.2 0 30.4 25.2 0 30.4 25.3 0 24.1 25.3 0
4 0 30.4 25.2 0 37.3 25.2 0 37.3 25.3 0 30.4 25.3 0
4 0 2.7 25.3 0 24.2 25.3 0 24.2 25.4 0 2.7 25.4 0
4 25 24.2 25.3 0 30.3 25.3 0 30.3 25.4 0 24.2 25.4 0
4 0 30.3 25.3 0 37.3 25.3 0 37.3 25.4 0 30.3 25.4 0
4 0 2.7 25.4 0 24.3 25.4 0 24.3 25.5 0 2.7 25.5 0
4 25 24.3 25.4 0 30.2 25.4 0 30.2 25.5 0 24.3 25.5 0
4 0 30.2 25.4 0 37.3 25.4 0 37.3 25.5 0 30.2 25.5 0
4 0 2.7 25.5 0 24.4 25.5 0 24.4 25.6 0 2.7 25.6 0
4 25 24.4 25.5 0 30.1 25.5 0 30.1 25.6 0 24.4 25.6 0
4 0 30.1 25.5 0 37.3 25.5 0 37.3 25.6 0 30.1 25.6 0
4 0 2.7 25.6 0 24.5 25.6 0 24.5 25.7 0 2.7 25.7 0
4 25 24.5 25.6 0 30 25.6 0 30 25.7 0 24.5 25.7 0
4 0 30 25.6 0 37.3 25.6 0 37.3 25.7 0 30 25.7 0
4 0 2.7 25.7 0 24.7 25.7 0 24.7 25.8 0 2.7 25.8 0
4 25 24.7 25.7 0 29.8 25.7 0 29.8 25.8 0 24.7 25.8 0
4 0 29.8 25.7 0 37.3 25.7 0 37.3 25.8 0 29.8 25.8 0
4 0 2.7 25.8 0 24.8 25.8 0 24.8 25.9 0 2.7 25.9 0
4 25 24.8 25.8 0 29.7 25.8 0 29.7 25.9 0 24.8 25.9 0
4 0 29.7 25.8 0 37.3 25.8 0 37.3 25.9 0 29.7 25.9 0
4 0 2.7 25.9 0 25 25.9 0 25 26 0 2.7 26 0
4 25 25 25.9 0 29.5 25.9 0 29.5 26 0 25 26 0
4 0 29.5 25.9 0 37.3 25.9 0 37.3 26 0 29.5 26 0
4 0 2.7 26 0 25.1 26 0 25.1 26.1 0 2.7 26.1 0
4 25 25.1 26 0 29.4 26 0 29.4 26.1 0 25.1 26.1 0
4 0 29.4 26 0 37.3 26 0 37.3 26.1 0 29.4 26.1 0
4 0 2.7 26.1 0 25.3 26.1 0 25.3 26.2 0 2.7 26.2 0
4 25 25.3 26.1 0 29.2 26.1 0 29.2 26.2 0 25.3 26.2 0
4 0 29.2 26.1 0 37.3 26.1 0 37.3 26.2 0 29.2 26.2 0
4 0 2.7 26.2 0 22.5 26.2 0 22.5 26.3 0 2.7 26.3 0
4 25 22.5 26.2 0 22.6 26.2 0 22.6 26.3 0 22.5 26.3 0
4 0 22.6 26.2 0 25.6 26.2 0 25.6 26.3 0 22.6 26.3 0
4 25 25.6 26.2 0 28.9 26.2 0 28.9 26.3 0 25.6 26.3 0
4 0 28.9 26.2 0 37.3 26.2 0 37.3 26.3 0 28.9 26.3 0
4 0 2.7 26.3 0 21.6 26.3 0 21.6 26.4 0 2.7 26.4 0
4 25 21.6 26.3 0 23.5 26.3 0 23.5 26.4 0 21.6 26.4 0
4 0 23.5 26.3 0 25.9 26.3 0 25.9 26.4 0 23.5 26.4 0
4 25 25.9 26.3 0 28.6 26.3 0 28.6 26.4 0 25.9 26.4 0
4 0 28.6 26.3 0 37.3 26.3 0 37.3 26.4 0 28.6 26.4 0
4 0 2.7 26.4 0 21.2 26.4 0 21.2 26.5 0 2.7 26.5 0
4 25 21.2 26.4 0 23.9 26.4 0 23.9 26.5 0 21.2 26.5 0
4 0 23.9 26.4 0 26.3 26.4 0 26.3 26.5 0 23.9 26.5 0
4 25 26.3 26.4 0 28.2 26.4 0 28.2 26.5 0 26.3 26.5 0
4 0 28.2 26.4 0 37.3 26.4 0 37.3 26.5 0 28.2 26.5 0
4 0 2.7 26.5 0 20.9 26.5 0 20.9 26.6 0 2.7 26.6 0
4 25 20.9 26.5 0 24.2 26.5 0 24.2 26.6 0 20.9 26.6 0
4 0 24.2 26.5 0 37.3 26.5 0 37.3 26.6 0 24.2 26.6 0
4 0 2.7 26.6 0 20.6 26.6 0 20.6 26.7 0 2.7 26.7 0
4 25 20.6 26.6 0 24.5 26.6 0 24.5 26.7 0 20.6 26.7 0
4 0 24.5 26.6 0 37.3 26.6 0 37.3 26.7 0 24.5 26.7 0
4 0 2.7 26.7 0 20.4 26.7 0 20.4 26.8 0 2.7 26.8 0
4 25 20.4 26.7 0 24.7 26.7 0 24.7 26.8 0 20.4 26.8 0
4 0 24.7 26.7 0 37.3 26.7 0 37.3 26.8 0 24.7 26.8 0
4 0 2.7 26.8 0 20.3 26.8 0 20.3 26.9 0 2.7 26.9 0
4 25 20.3 26.8 0 24.8 26.8 0 24.8 26.9 0 20.3 26.9 0
4 0 24.8 26.8 0 37.3 26.8 0 37.3 26.9 0 24.8 26.9 0
4 0 2.7 26.9 0 20.1 26.9 0 20.1 27 0 2.7 27 0
4 25 20.1 26.9 0 25 26.9 0 25 27 0 20.1 27 0
4 0 25 26.9 0 37.3 26.9 0 37.3 27 0 25 27 0
4 0 2.7 27 0 20 27 0 20 27.1 0 2.7 27.1 0
4 25 20 27 0 25.1 27 0 25.1 27.1 0 20 27.1 0
4 0 25.1 27 0 37.3 27 0 37.3 27.1 0 25.1 27.1 0
4 0 2.7 27.1 0 19.8 27.1 0 19.8 27.2 0 2.7 27.2 0
4 25 19.8 27.1 0 25.3 27.1 0 25.3 27.2 0 19.8 27.2 0
4 0 25.3 27.1 0 37.3 27.1 0 37.3 27.2 0 25.3 27.2 0
4 0 2.7 27.2 0 19.7 27.2 0 19.7 27.3 0 2.7 27.3 0
4 25 19.7 27.2 0 25.4 27.2 0 25.4 27.3 0 19.7 27.3 0
4 0 25.4 27.2 0 37.3 27.2 0 37.3 27.3 0 25.4 27.3 0
4 0 2.7 27.3 0 19.6 27.3 0 19.6 27.4 0 2.7 27.4 0
4 25 19.6 27.3 0 25.5 27.3 0 25.5 27.4 0 19.6 27.4 0
4 0 25.5 27.3 0 37.3 27.3 0 37.3 27.4 0 25.5 27.4 0
4 0 2.7 27.4 0 19.5 27.4 0 19.5 27.5 0 2.7 27.5 0
4 25 19.5 27.4 0 25.6 27.4 0 25.6 27.5 0 19.5 27.5 0
4 0 25.6 27.4 0 37.3 27.4 0 37.3 27.5 0 25.6 27.5 0
4 0 2.7 27.5 0 19.4 27.5 0 19.4 27.6 0 2.7 27.6 0
4 25 19.4 27.5 0 25.7 27.5 0 25.7 27.6 0 19.4 27.6 0
4 0 25.7 27.5 0 37.3 27.5 0 37.3 27.6 0 25.7 27.6 0
4 0 2.7 27.6 0 19.3 27.6 0 19.3 27.7 0 2.7 27.7 0
4 25 19.3 27.6 0 25.8 27.6 0 25.8 27.7 0 19.3 27.7 0
4 0 25.8 27.6 0 37.3 27.6 0 37.3 27.7 0 25.8 27.7 0
4 0 2.7 27.7 0 19.2 27.7 0 19.2 27.9 0 2.7 27.9 0
4 25 19.2 27.7 0 25.9 27.7 0 25.9 27.9 0 19.2 27.9 0
4 0 25.9 27.7 0 37.3 27.7 0 37.3 27.9 0 25.9 27.9 0
4 0 2.7 27.9 0 19.1 27.9 0 19.1 28 0 2.7 28 0
4 25 19.1 27.9 0 26 27.9 0 26 28 0 19.1 28 0
4 0 26 27.9 0 37.3 27.9 0 37.3 28 0 26 28 0
4 0 2.7 28 0 19 28 0 19 28.2 0 2.7 28.2 0
4 25 19 28 0 26.1 28 0 26.1 28.2 0 19 28.2 0
4 0 26.1 28 0 37.3 28 0 37.3 28.2 0 26.1 28.2 0
4 0 2.7 28.2 0 18.9 28.2 0 18.9 28.5 0 2.7 28.5 0
4 25 18.9 28.2 0 26.2 28.2 0 26.2 28.5 0 18.9 28.5 0
4 0 26.2 28.2 0 37.3 28.2 0 37.3 28.5 0 26.2 28.5 0
4 0 2.7 28.5 0 18.8 28.5 0 18.8 28.7 0 2.7 28.7 0
4 25 18.8 28.5 0 26.3 28.5 0 26.3 28.7 0 18.8 28.7 0
4 0 26.3 28.5 0 37.3 28.5 0 37.3 28.7 0 26.3 28.7 0
4 0 2.7 28.7 0 18.7 28.7 0 18.7 30.1 0 2.7 30.1 0
4 25 18.7 28.7 0 26.4 28.7 0 26.4 30.1 0 18.7 30.1 0
4 0 26.4 28.7 0 37.3 28.7 0 37.3 30.1 0 26.4 30.1 0
4 0 2.7 30.1 0 18.8 30.1 0 18.8 30.3 0 2.7 30.3 0
4 25 18.8 30.1 0 26.3 30.1 0 26.3 30.3 0 18.8 30.3 0
4 0 26.3 30.1 0 37.3 30.1 0 37.3 30.3 0 26.3 30.3 0
4 0 2.7 30.3 0 18.9 30.3 0 18.9 30.6 0 2.7 30.6 0
4 25 18.9 30.3 0 26.2 30.3 0 26.2 30.6 0 18.9 30.6 0
4 0 26.2 30.3 0 37.3 30.3 0 37.3 30.6 0 26.2 30.6 0
4 0 2.7 30.6 0 19 30.6 0 19 30.8 0 2.7 30.8 0
4 25 19 30.6 0 26.1 30.6 0 26.1 30.8 0 19 30.8 0
4 0 26.1 30.6 0 37.3 30.6 0 37.3 30.8 0 26.1 30.8 0
4 0 2.7 30.8 0 19.1 30.8 0 19.1 30.9 0 2.7 30.9 0
4 25 19.1 30.8 0 26 30.8 0 26 30.9 0 19.1 30.9 0
4 0 26 30.8 0 37.3 30.8 0 37.3 30.9 0 26 30.9 0
4 0 2.7 30.9 0 19.2 30.9 0 19.2 31.1 0 2.7 31.1 0
4 25 19.2 30.9 0 25.9 30.9 0 25.9 31.1 0 19.2 31.1 0
4 0 25.9 30.9 0 37.3 30.9 0 37.3 31.1 0 25.9 31.1 0
4 0 2.7 31.1 0 19.3 31.1 0 19.3 31.2 0 2.7 31.2 0
4 25 19.3 31.1 0 25.8 31.1 0 25.8 31.2 0 19.3 31.2 0
4 0 25.8 31.1 0 37.3 31.1 0 37.3 31.2 0 25.8 31.2 0
4 0 2.7 31.2 0 19.4 31.2 0 19.4 31.3 0 2.7 31.3 0
4 25 19.4 31.2 0 25.7 31.2 0 25.7 31.3 0 19.4 31.3 0
4 0 25.7 31.2 0 37.3 31.2 0 37.3 31.3 0 25.7 31.3 0
4 0 2.7 31.3 0 19.5 31.3 0 19.5 31.4 0 2.7 31.4 0
4 25 19.5 31.3 0 25.6 31.3 0 25.6 31.4 0 19.5 31.4 0
4 0 25.6 31.3 0 37.3 31.3 0 37.3 31.4 0 25.6 31.4 0
4 0 2.7 31.4 0 19.6 31.4 0 19.6 31.5 0 2.7 31.5 0
4 25 19.6 31.4 0 25.5 31.4 0 25.5 31.5 0 19.6 31.5 0
4 0 25.5 31.4 0 37.3 31.4 0 37.3 31.5 0 25.5 31.5 0
4 0 2.7 31.5 0 19.7 31.5 0 19.7 31.6 0 2.7 31.6 0
4 25 19.7 31.5 0 25.4 31.5 0 25.4 31.6 0 19.7 31.6 0
4 0 25.4 31.5 0 37.3 31.5 0 37.3 31.6 0 25.4 31.6 0
4 0 2.7 31.6 0 19.8 31.6 0 19.8 31.7 0 2.7 31.7 0
4 25 19.8 31.6 0 25.3 31.6 0 25.3 31.7 0 19.8 31.7 0
4 0 25.3 31.6 0 37.3 31.6 0 37.3 31.7 0 25.3 31.7 0
4 0 2.7 31.7 0 20 31.7 0 20 31.8 0 2.7 31.8 0
4 25 20 31.7 0 25.1 31.7 0 25.1 31.8 0 20 31.8 0
4 0 25.1 31.7 0 37.3 31.7 0 37.3 31.8 0 25.1 31.8 0
4 0 2.7 31.8 0 20.1 31.8 0 20.1 31.9 0 2.7 31.9 0
4 25 20.1 31.8 0 25 31.8 0 25 31.9 0 20.1 31.9 0
4 0 25 31.8 0 37.3 31.8 0 37.3 31.9 0 25 31.9 0
4 0 2.7 31.9 0 20.3 31.9 0 20.3 32 0 2.7 32 0
4 25 20.3 31.9 0 24.8 31.9 0 24.8 32 0 20.3 32 0
4 0 24.8 31.9 0 37.3 31.9 0 37.3 32 0 24.8 32 0
4 0 2.7 32 0 20.4 32 0 20.4 32.1 0 2.7 32.1 0
4 25 20.4 32 0 24.7 32 0 24.7 32.1 0 20.4 32.1 0
4 0 24.7 32 0 37.3 32 0 37.3 32.1 0 24.7 32.1 0
4 0 2.7 32.1 0 20.6 32.1 0 20.6 32.2 0 2.7 32.2 0
4 25 20.6 32.1 0 24.5 32.1 0 24.5 32.2 0 20.6 32.2 0
4 0 24.5 32.1 0 37.3 32.1 0 37.3 32.2 0 24.5 32.2 0
4 0 2.7 32.2 0 20.9 32.2 0 20.9 32.3 0 2.7 32.3 0
4 25 20.9 32.2 0 24.2 32.2 0 24.2 32.3 0 20.9 32.3 0
4 0 24.2 32.2 0 37.3 32.2 0 37.3 32.3 0 24.2 32.3 0
4 0 2.7 32.3 0 21.2 32.3 0 21.2 32.4 0 2.7 32.4 0
4 25 21.2 32.3 0 23.9 32.3 0 23.9 32.4 0 21.2 32.4 0
4 0 23.9 32.3 0 37.3 32.3 0 37.3 32.4 0 23.9 32.4 0
4 0 2.7 32.4 0 18.2 32.4 0 18.2 32.5 0 2.7 32.5 0
4 25 18.2 32.4 0 18.3 32.4 0 18.3 32.5 0 18.2 32.5 0
4 0 18.3 32.4 0 21.6 32.4 0 21.6 32.5 0 18.3 32.5 0
4 25 21.6 32.4 0 23.5 32.4 0 23.5 32.5 0 21.6 32.5 0
4 0 23.5 32.4 0 37.3 32.4 0 37.3 32.5 0 23.5 32.5 0
4 0 2.7 32.5 0 17.3 32.5 0 17.3 32.6 0 2.7 32.6 0
4 25 17.3 32.5 0 19.2 32.5 0 19.2 32.6 0 17.3 32.6 0
4 0 19.2 32.5 0 37.3 32.5 0 37.3 32.6 0 19.2 32.6 0
4 0 2.7 32.6 0 16.9 32.6 0 16.9 32.7 0 2.7 32.7 0
4 25 16.9 32.6 0 19.6 32.6 0 19.6 32.7 0 16.9 32.7 0
4 0 19.6 32.6 0 37.3 32.6 0 37.3 32.7 0 19.6 32.7 0
4 0 2.7 32.7 0 16.6 32.7 0 16.6 32.8 0 2.7 32.8 0
4 25 16.6 32.7 0 19.9 32.7 0 19.9 32.8 0 16.6 32.8 0
4 0 19.9 32.7 0 37.3 32.7 0 37.3 32.8 0 19.9 32.8 0
4 0 2.7 32.8 0 16.3 32.8 0 16.3 32.9 0 2.7 32.9 0
4 25 16.3 32.8 0 20.2 32.8 0 20.2 32.9 0 16.3 32.9 0
4 0 20.2 32.8 0 37.3 32.8 0 37.3 32.9 0 20.2 32.9 0
4 0 2.7 32.9 0 16.1 32.9 0 16.1 33 0 2.7 33 0
4 25 16.1 32.9 0 20.4 32.9 0 20.4 33 0 16.1 33 0
4 0 20.4 32.9 0 37.3 32.9 0 37.3 33 0 20.4 33 0
4 0 2.7 33 0 16 33 0 16 33.1 0 2.7 33.1 0
4 25 16 33 0 20.5 33 0 20.5 33.1 0 16 33.1 0
4 0 20.5 33 0 37.3 33 0 37.3 33.1 0 20.5 33.1 0
4 0 2.7 33.1 0 15.8 33.1 0 15.8 33.2 0 2.7 33.2 0
4 25 15.8 33.1 0 20.7 33.1 0 20.7 33.2 0 15.8 33.2 0
4 0 20.7 33.1 0 37.3 33.1 0 37.3 33.2 0 20.7 33.2 0
4 0 2.7 33.2 0 15.7 33.2 0 15.7 33.3 0 2.7 33.3 0
4 25 15.7 33.2 0 20.8 33.2 0 20.8 33.3 0 15.7 33.3 0
4 0 20.8 33.2 0 37.3 33.2 0 37.3 33.3 0 20.8 33.3 0
4 0 2.7 33.3 0 15.5 33.3 0 15.5 33.4 0 2.7 33.4 0
4 25 15.5 33.3 0 21 33.3 0 21 33.4 0 15.5 33.4 0
4 0 21 33.3 0 37.3 33.3 0 37.3 33.4 0 21 33.4 0
4 0 2.7 33.4 0 15.4 33.4 0 15.4 33.5 0 2.7 33.5 0
4 25 15.4 33.4 0 21.1 33.4 0 21.1 33.5 0 15.4 33.5 0
4 0 21.1 33.4 0 37.3 33.4 0 37.3 33.5 0 21.1 33.5 0
4 0 2.7 33.5 0 15.3 33.5 0 15.3 33.6 0 2.7 33.6 0
4 25 15.3 33.5 0 21.2 33.5 0 21.2 33.6 0 15.3 33.6 0
4 0 21.2 33.5 0 37.3 33.5 0 37.3 33.6 0 21.2 33.6 0
4 0 2.7 33.6 0 15.2 33.6 0 15.2 33.7 0 2.7 33.7 0
4 25 15.2 33.6 0 21.3 33.6 0 21.3 33.7 0 15.2 33.7 0
4 0 21.3 33.6 0 37.3 33.6 0 37.3 33.7 0 21.3 33.7 0
4 0 2.7 33.7 0 15.1 33.7 0 15.1 33.8 0 2.7 33.8 0
4 25 15.1 33.7 0 21.4 33.7 0 21.4 33.8 0 15.1 33.8 0
4 0 21.4 33.7 0 37.3 33.7 0 37.3 33.8 0 21.4 33.8 0
4 0 2.7 33.8 0 15 33.8 0 15 33.9 0 2.7 33.9 0
4 25 15 33.8 0 21.5 33.8 0 21.5 33.9 0 15 33.9 0
4 0 21.5 33.8 0 37.3 33.8 0 37.3 33.9 0 21.5 33.9 0
4 0 2.7 33.9 0 14.9 33.9 0 14.9 34.1 0 2.7 34.1 0
4 25 14.9 33.9 0 21.6 33.9 0 21.6 34.1 0 14.9 34.1 0
4 0 21.6 33.9 0 37.3 33.9 0 37.3 34.1 0 21.6 34.1 0
4 0 2.7 34.1 0 14.8 34.1 0 14.8 34.2 0 2.7 34.2 0
4 25 14.8 34.1 0 21.7 34.1 0 21.7 34.2 0 14.8 34.2 0
4 0 21.7 34.1 0 37.3 34.1 0 37.3 34.2 0 21.7 34.2 0
4 0 2.7 34.2 0 14.7 34.2 0 14.7 34.4 0 2.7 34.4 0
4 25 14.7 34.2 0 21.8 34.2 0 21.8 34.4 0 14.7 34.4 0
4 0 21.8 34.2 0 37.3 34.2 0 37.3 34.4 0 21.8 34.4 0
4 0 2.7 34.4 0 14.6 34.4 0 14.6 34.7 0 2.7 34.7 0
4 25 14.6 34.4 0 21.9 34.4 0 21.9 34.7 0 14.6 34.7 0
4 0 21.9 34.4 0 37.3 34.4 0 37.3 34.7 0 21.9 34.7 0
4 0 2.7 34.7 0 14.5 34.7 0 14.5 34.9 0 2.7 34.9 0
4 25 14.5 34.7 0 22 34.7 0 22 34.9 0 14.5 34.9 0
4 0 22 34.7 0 37.3 34.7 0 37.3 34.9 0 22 34.9 0
4 0 2.7 34.9 0 14.4 34.9 0 14.4 36.3 0 2.7 36.3 0
4 25 14.4 34.9 0 22.1 34.9 0 22.1 36.3 0 14.4 36.3 0
4 0 22.1 34.9 0 37.3 34.9 0 37.3 36.3 0 22.1 36.3 0
4 0 2.7 36.3 0 14.5 36.3 0 14.5 36.5 0 2.7 36.5 0
4 25 14.5 36.3 0 22 36.3 0 22 36.5 0 14.5 36.5 0
4 0 22 36.3 0 37.3 36.3 0 37.3 36.5 0 22 36.5 0
4 0 2.7 36.5 0 14.6 36.5 0 14.6 36.8 0 2.7 36.8 0
4 25 14.6 36.5 0 21.9 36.5 0 21.9 36.8 0 14.6 36.8 0
4 0 21.9 36.5 0 37.3 36.5 0 37.3 36.8 0 21.9 36.8 0
4 0 2.7 36.8 0 14.7 36.8 0 14.7 37 0 2.7 37 0
4 25 14.7 36.8 0 21.8 36.8 0 21.8 37 0 14.7 37 0
4 0 21.8 36.8 0 37.3 36.8 0 37.3 37 0 21.8 37 0
4 0 2.7 37 0 14.8 37 0 14.8 37.1 0 2.7 37.1 0
4 25 14.8 37 0 21.7 37 0 21.7 37.1 0 14.8 37.1 0
4 0 21.7 37 0 37.3 37 0 37.3 37.1 0 21.7 37.1 0
4 0 2.7 37.1 0 14.9 37.1 0 14.9 37.3 0 2.7 37.3 0
4 25 14.9 37.1 0 21.6 37.1 0 21.6 37.3 0 14.9 37.3 0
4 0 21.6 37.1 0 37.3 37.1 0 37.3 37.3 0 21.6 37.3 0
4 0 2.7 37.3 0 15 37.3 0 15 37.4 0 2.7 37.4 0
4 25 15 37.3 0 21.5 37.3 0 21.5 37.4 0 15 37.4 0
4 0 21.5 37.3 0 37.3 37.3 0 37.3 37.4 0 21.5 37.4 0
4 0 2.7 37.4 0 15.1 37.4 0 15.1 37.5 0 2.7 37.5 0
4 25 15.1 37.4 0 21.4 37.4 0 21.4 37.5 0 15.1 37.5 0
4 0 21.4 37.4 0 37.3 37.4 0 37.3 37.5 0 21.4 37.5 0
4 0 2.7 37.5 0 15.2 37.5 0 15.2 37.6 0 2.7 37.6 0
4 25 15.2 37.5 0 21.3 37.5 0 21.3 37.6 0 15.2 37.6 0
4 0 21.3 37.5 0 37.3 37.5 0 37.3 37.6 0 21.3 37.6 0
4 0 2.7 37.6 0 15.3 37.6 0 15.3 37.7 0 2.7 37.7 0
4 25 15.3 37.6 0 21.2 37.6 0 21.2 37.7 0 15.3 37.7 0
4 0 21.2 37.6 0 37.3 37.6 0 37.3 37.7 0 21.2 37.7 0
4 0 2.7 37.7 0 15.4 37.7 0 15.4 37.8 0 2.7 37.8 0
4 25 15.4 37.7 0 21.1 37.7 0 21.1 37.8 0 15.4 37.8 0
4 0 21.1 37.7 0 37.3 37.7 0 37.3 37.8 0 21.1 37.8 0
4 0 2.7 37.8 0 15.5 37.8 0 15.5 37.9 0 2.7 37.9 0
4 25 15.5 37.8 0 21 37.8 0 21 37.9 0 15.5 37.9 0
4 0 21 37.8 0 37.3 37.8 0 37.3 37.9 0 21 37.9 0
4 0 2.7 37.9 0 15.7 37.9 0 15.7 38 0 2.7 38 0
4 25 15.7 37.9 0 20.8 37.9 0 20.8 38 0 15.7 38 0
4 0 20.8 37.9 0 37.3 37.9 0 37.3 38 0 20.8 38 0
4 0 2.7 38 0 15.8 38 0 15.8 38.1 0 2.7 38.1 0
4 25 15.8 38 0 20.7 38 0 20.7 38.1 0 15.8 38.1 0
4 0 20.7 38 0 37.3 38 0 37.3 38.1 0 20.7 38.1 0
4 0 2.7 38.1 0 16 38.1 0 16 38.2 0 2.7 38.2 0
4 25 16 38.1 0 20.5 38.1 0 20.5 38.2 0 16 38.2 0
4 0 20.5 38.1 0 37.3 38.1 0 37.3 38.2 0 20.5 38.2 0
4 0 2.7 38.2 0 16.1 38.2 0 16.1 38.3 0 2.7 38.3 0
4 25 16.1 38.2 0 20.4 38.2 0 20.4 38.3 0 16.1 38.3 0
4 0 20.4 38.2 0 37.3 38.2 0 37.3 38.3 0 20.4 38.3 0
4 0 2.7 38.3 0 16.3 38.3 0 16.3 38.4 0 2.7 38.4 0
4 25 16.3 38.3 0 20.2 38.3 0 20.2 38.4 0 16.3 38.4 0
4 0 20.2 38.3 0 37.3 38.3 0 37.3 38.4 0 20.2 38.4 0
4 0 2.7 38.4 0 16.6 38.4 0 16.6 38.5 0 2.7 38.5 0
4 25 16.6 38.4 0 19.9 38.4 0 19.9 38.5 0 16.6 38.5 0
4 0 19.9 38.4 0 37.3 38.4 0 37.3 38.5 0 19.9 38.5 0
4 0 2.7 38.5 0 16.9 38.5 0 16.9 38.6 0 2.7 38.6 0
4 25 16.9 38.5 0 19.6 38.5 0 19.6 38.6 0 16.9 38.6 0
4 0 19.6 38.5 0 37.3 38.5 0 37.3 38.6 0 19.6 38.6 0
4 0 2.7 38.6 0 17.3 38.6 0 17.3 38.8 0 2.7 38.8 0
4 25 17.3 38.6 0 19.2 38.6 0 19.2 38.8 0 17.3 38.8 0
4 0 19.2 38.6 0 37.3 38.6 0 37.3 38.8 0 19.2 38.8 0
4 0 2.7 38.8 0 16.9 38.8 0 16.9 38.9 0 2.7 38.9 0
4 25 16.9 38.8 0 19.6 38.8 0 19.6 38.9 0 16.9 38.9 0
4 0 19.6 38.8 0 37.3 38.8 0 37.3 38.9 0 19.6 38.9 0
4 0 2.7 38.9 0 16.6 38.9 0 16.6 39 0 2.7 39 0
4 25 16.6 38.9 0 19.9 38.9 0 19.9 39 0 16.6 39 0
4 0 19.9 38.9 0 37.3 38.9 0 37.3 39 0 19.9 39 0
4 0 2.7 39 0 16.3 39 0 16.3 39.1 0 2.7 39.1 0
4 25 16.3 39 0 20.2 39 0 20.2 39.1 0 16.3 39.1 0
4 0 20.2 39 0 37.3 39 0 37.3 39.1 0 20.2 39.1 0
4 0 2.7 39.1 0 16.1 39.1 0 16.1 39.2 0 2.7 39.2 0
4 25 16.1 39.1 0 20.4 39.1 0 20.4 39.2 0 16.1 39.2 0
4 0 20.4 39.1 0 37.3 39.1 0 37.3 39.2 0 20.4 39.2 0
4 0 2.7 39.2 0 16 39.2 0 16 39.3 0 2.7 39.3 0
4 25 16 39.2 0 20.5 39.2 0 20.5 39.3 0 16 39.3 0
4 0 20.5 39.2 0 37.3 39.2 0 37.3 39.3 0 20.5 39.3 0
4 0 2.7 39.3 0 15.8 39.3 0 15.8 39.4 0 2.7 39.4 0
4 25 15.8 39.3 0 20.7 39.3 0 20.7 39.4 0 15.8 39.4 0
4 0 20.7 39.3 0 37.3 39.3 0 37.3 39.4 0 20.7 39.4 0
4 0 2.7 39.4 0 15.7 39.4 0 15.7 39.5 0 2.7 39.5 0
4 25 15.7 39.4 0 20.8 39.4 0 20.8 39.5 0 15.7 39.5 0
4 0 20.8 39.4 0 37.3 39.4 0 37.3 39.5 0 20.8 39.5 0
4 0 2.7 39.5 0 15.5 39.5 0 15.5 39.6 0 2.7 39.6 0
4 25 15.5 39.5 0 21 39.5 0 21 39.6 0 15.5 39.6 0
4 0 21 39.5 0 37.3 39.5 0 37.3 39.6 0 21 39.6 0
4 0 2.7 39.6 0 15.4 39.6 0 15.4 39.7 0 2.7 39.7 0
4 25 15.4 39.6 0 21.1 39.6 0 21.1 39.7 0 15.4 39.7 0
4 0 21.1 39.6 0 37.3 39.6 0 37.3 39.7 0 21.1 39.7 0
4 0 2.7 39.7 0 15.3 39.7 0 15.3 39.8 0 2.7 39.8 0
4 25 15.3 39.7 0 21.2 39.7 0 21.2 39.8 0 15.3 39.8 0
4 0 21.2 39.7 0 37.3 39.7 0 37.3 39.8 0 21.2 39.8 0
4 0 2.7 39.8 0 15.2 39.8 0 15.2 39.9 0 2.7 39.9 0
4 25 15.2 39.8 0 21.3 39.8 0 21.3 39.9 0 15.2 39.9 0
4 0 21.3 39.8 0 37.3 39.8 0 37.3 39.9 0 21.3 39.9 0
4 0 2.7 39.9 0 15.1 39.9 0 15.1 40 0 2.7 40 0
4 25 15.1 39.9 0 21.4 39.9 0 21.4 40 0 15.1 40 0
4 0 21.4 39.9 0 37.3 39.9 0 37.3 40 0 21.4 40 0
4 0 2.7 40 0 15 40 0 15 40.1 0 2.7 40.1 0
4 25 15 40 0 21.5 40 0 21.5 40.1 0 15 40.1 0
4 0 21.5 40 0 37.3 40 0 37.3 40.1 0 21.5 40.1 0
4 0 2.7 40.1 0 14.9 40.1 0 14.9 40.3 0 2.7 40.3 0
4 25 14.9 40.1 0 21.6 40.1 0 21.6 40.3 0 14.9 40.3 0
4 0 21.6 40.1 0 37.3 40.1 0 37.3 40.3 0 21.6 40.3 0
4 0 2.7 40.3 0 14.8 40.3 0 14.8 40.4 0 2.7 40.4 0
4 25 14.8 40.3 0 21.7 40.3 0 21.7 40.4 0 14.8 40.4 0
4 0 21.7 40.3 0 37.3 40.3 0 37.3 40.4 0 21.7 40.4 0
4 0 2.7 40.4 0 14.7 40.4 0 14.7 40.6 0 2.7 40.6 0
4 25 14.7 40.4 0 21.8 40.4 0 21.8 40.6 0 14.7 40.6 0
4 0 21.8 40.4 0 37.3 40.4 0 37.3 40.6 0 21.8 40.6 0
4 0 2.7 40.6 0 14.6 40.6 0 14.6 40.9 0 2.7 40.9 0
4 25 14.6 40.6 0 21.9 40.6 0 21.9 40.9 0 14.6 40.9 0
4 0 21.9 40.6 0 37.3 40.6 0 37.3 40.9 0 21.9 40.9 0
4 0 2.7 40.9 0 14.5 40.9 0 14.5 41.1 0 2.7 41.1 0
4 25 14.5 40.9 0 22 40.9 0 22 41.1 0 14.5 41.1 0
4 0 22 40.9 0 37.3 40.9 0 37.3 41.1 0 22 41.1 0
4 0 2.7 41.1 0 14.4 41.1 0 14.4 42.5 0 2.7 42.5 0
4 25 14.4 41.1 0 22.1 41.1 0 22.1 42.5 0 14.4 42.5 0
4 0 22.1 41.1 0 37.3 41.1 0 37.3 42.5 0 22.1 42.5 0
4 0 2.7 42.5 0 14.5 42.5 0 14.5 42.7 0 2.7 42.7 0
4 25 14.5 42.5 0 22 42.5 0 22 42.7 0 14.5 42.7 0
4 0 22 42.5 0 37.3 42.5 0 37.3 42.7 0 22 42.7 0
4 0 2.7 42.7 0 14.6 42.7 0 14.6 43 0 2.7 43 0
4 25 14.6 42.7 0 21.9 42.7 0 21.9 43 0 14.6 43 0
4 0 21.9 42.7 0 37.3 42.7 0 37.3 43 0 21.9 43 0
4 0 2.7 43 0 14.7 43 0 14.7 43.2 0 2.7 43.2 0
4 25 14.7 43 0 21.8 43 0 21.8 43.2 0 14.7 43.2 0
4 0 21.8 43 0 37.3 43 0 37.3 43.2 0 21.8 43.2 0
4 0 2.7 43.2 0 14.8 43.2 0 14.8 43.3 0 2.7 43.3 0
4 25 14.8 43.2 0 21.7 43.2 0 21.7 43.3 0 14.8 43.3 0
4 0 21.7 43.2 0 37.3 43.2 0 37.3 43.3 0 21.7 43.3 0
4 0 2.7 43.3 0 14.9 43.3 0 14.9 43.5 0 2.7 43.5 0
4 25 14.9 43.3 0 21.6 43.3 0 21.6 43.5 0 14.9 43.5 0
4 0 21.6 43.3 0 37.3 43.3 0 37.3 43.5 0 21.6 43.5 0
4 0 2.7 43.5 0 15 43.5 0 15 43.6 0 2.7 43.6 0
4 25 15 43.5 0 21.5 43.5 0 21.5 43.6 0 15 43.6 0
4 0 21.5 43.5 0 37.3 43.5 0 37.3 43.6 0 21.5 43.6 0
4 0 2.7 43.6 0 15.1 43.6 0 15.1 43.7 0 2.7 43.7 0
4 25 15.1 43.6 0 21.4 43.6 0 21.4 43.7 0 15.1 43.7 0
4 0 21.4 43.6 0 37.3 43.6 0 37.3 43.7 0 21.4 43.7 0
4 0 2.7 43.7 0 15.2 43.7 0 15.2 43.8 0 2.7 43.8 0
4 25 15.2 43.7 0 21.3 43.7 0 21.3 43.8 0 15.2 43.8 0
4 0 21.3 43.7 0 37.3 43.7 0 37.3 43.8 0 21.3 43.8 0
4 0 2.7 43.8 0 15.3 43.8 0 15.3 43.9 0 2.7 43.9 0
4 25 15.3 43.8 0 21.2 43.8 0 21.2 43.9 0 15.3 43.9 0
4 0 21.2 43.8 0 37.3 43.8 0 37.3 43.9 0 21.2 43.9 0
4 0 2.7 43.9 0 15.4 43.9 0 15.4 44 0 2.7 44 0
4 25 15.4 43.9 0 21.1 43.9 0 21.1 44 0 15.4 44 0
4 0 21.1 43.9 0 37.3 43.9 0 37.3 44 0 21.1 44 0
4 0 2.7 44 0 15.5 44 0 15.5 44.1 0 2.7 44.1 0
4 25 15.5 44 0 21 44 0 21 44.1 0 15.5 44.1 0
4 0 21 44 0 37.3 44 0 37.3 44.1 0 21 44.1 0
4 0 2.7 44.1 0 15.7 44.1 0 15.7 44.2 0 2.7 44.2 0
4 25 15.7 44.1 0 20.8 44.1 0 20.8 44.2 0 15.7 44.2 0
4 0 20.8 44.1 0 37.3 44.1 0 37.3 44.2 0 20.8 44.2 0
4 0 2.7 44.2 0 15.8 44.2 0 15.8 44.3 0 2.7 44.3 0
4 25 15.8 44.2 0 20.7 44.2 0 20.7 44.3 0 15.8 44.3 0
4 0 20.7 44.2 0 37.3 44.2 0 37.3 44.3 0 20.7 44.3 0
4 0 2.7 44.3 0 16 44.3 0 16 44.4 0 2.7 44.4 0
4 25 16 44.3 0 20.5 44.3 0 20.5 44.4 0 16 44.4 0
4 0 20.5 44.3 0 37.3 44.3 0 37.3 44.4 0 20.5 44.4 0
4 0 2.7 44.4 0 16.1 44.4 0 16.1 44.5 0 2.7 44.5 0
4 25 16.1 44.4 0 20.4 44.4 0 20.4 44.5 0 16.1 44.5 0
4 0 20.4 44.4 0 37.3 44.4 0 37.3 44.5 0 20.4 44.5 0
4 0 2.7 44.5 0 16.3 44.5 0 16.3 44.6 0 2.7 44.6 0
4 25 16.3 44.5 0 20.2 44.5 0 20.2 44.6 0 16.3 44.6 0
4 0 20.2 44.5 0 37.3 44.5 0 37.3 44.6 0 20.2 44.6 0
4 0 2.7 44.6 0 16.6 44.6 0 16.6 44.7 0 2.7 44.7 0
4 25 16.6 44.6 0 19.9 44.6 0 19.9 44.7 0 16.6 44.7 0
4 0 19.9 44.6 0 37.3 44.6 0 37.3 44.7 0 19.9 44.7 0
4 0 2.7 44.7 0 16.9 44.7 0 16.9 44.8 0 2.7 44.8 0
4 25 16.9 44.7 0 19.6 44.7 0 19.6 44.8 0 16.9 44.8 0
4 0 19.6 44.7 0 37.3 44.7 0 37.3 44.8 0 19.6 44.8 0
4 0 2.7 44.8 0 17.3 44.8 0 17.3 45 0 2.7 45 0
4 25 17.3 44.8 0 19.2 44.8 0 19.2 45 0 17.3 45 0
4 0 19.2 44.8 0 37.3 44.8 0 37.3 45 0 19.2 45 0
4 0 2.7 45 0 16.9 45 0 16.9 45.1 0 2.7 45.1 0
4 25 16.9 45 0 19.6 45 0 19.6 45.1 0 16.9 45.1 0
4 0 19.6 45 0 37.3 45 0 37.3 45.1 0 19.6 45.1 0
4 0 2.7 45.1 0 16.6 45.1 0 16.6 45.2 0 2.7 45.2 0
4 25 16.6 45.1 0 19.9 45.1 0 19.9 45.2 0 16.6 45.2 0
4 0 19.9 45.1 0 37.3 45.1 0 37.3 45.2 0 19.9 45.2 0
4 0 2.7 45.2 0 16.3 45.2 0 16.3 45.3 0 2.7 45.3 0
4 25 16.3 45.2 0 20.2 45.2 0 20.2 45.3 0 16.3 45.3 0
4 0 20.2 45.2 0 37.3 45.2 0 37.3 45.3 0 20.2 45.3 0
4 0 2.7 45.3 0 16.1 45.3 0 16.1 45.4 0 2.7 45.4 0
4 25 16.1 45.3 0 20.4 45.3 0 20.4 45.4 0 16.1 45.4 0
4 0 20.4 45.3 0 37.3 45.3 0 37.3 45.4 0 20.4 45.4 0
4 0 2.7 45.4 0 16 45.4 0 16 45.5 0 2.7 45.5 0
4 25 16 45.4 0 20.5 45.4 0 20.5 45.5 0 16 45.5 0
4 0 20.5 45.4 0 37.3 45.4 0 37.3 45.5 0 20.5 45.5 0
4 0 2.7 45.5 0 15.8 45.5 0 15.8 45.6 0 2.7 45.6 0
4 25 15.8 45.5 0 20.7 45.5 0 20.7 45.6 0 15.8 45.6 0
4 0 20.7 45.5 0 37.3 45.5 0 37.3 45.6 0 20.7 45.6 0
4 0 2.7 45.6 0 15.7 45.6 0 15.7 45.7 0 2.7 45.7 0
4 25 15.7 45.6 0 20.8 45.6 0 20.8 45.7 0 15.7 45.7 0
4 0 20.8 45.6 0 37.3 45.6 0 37.3 45.7 0 20.8 45.7 0
4 0 2.7 45.7 0 15.5 45.7 0 15.5 45.8 0 2.7 45.8 0
4 25 15.5 45.7 0 21 45.7 0 21 45.8 0 15.5 45.8 0
4 0 21 45.7 0 37.3 45.7 0 37.3 45.8 0 21 45.8 0
4 0 2.7 45.8 0 15.4 45.8 0 15.4 45.9 0 2.7 45.9 0
4 25 15.4 45.8 0 21.1 45.8 0 21.1 45.9 0 15.4 45.9 0
4 0 21.1 45.8 0 37.3 45.8 0 37.3 45.9 0 21.1 45.9 0
4 0 2.7 45.9 0 15.3 45.9 0 15.3 46 0 2.7 46 0
4 25 15.3 45.9 0 21.2 45.9 0 21.2 46 0 15.3 46 0
4 0 21.2 45.9 0 37.3 45.9 0 37.3 46 0 21.2 46 0
4 0 2.7 46 0 15.2 46 0 15.2 46.1 0 2.7 46.1 0
4 25 15.2 46 0 21.3 46 0 21.3 46.1 0 15.2 46.1 0
4 0 21.3 46 0 37.3 46 0 37.3 46.1 0 21.3 46.1 0
4 0 2.7 46.1 0 15.1 46.1 0 15.1 46.2 0 2.7 46.2 0
4 25 15.1 46.1 0 21.4 46.1 0 21.4 46.2 0 15.1 46.2 0
4 0 21.4 46.1 0 37.3 46.1 0 37.3 46.2 0 21.4 46.2 0
4 0 2.7 46.2 0 15 46.2 0 15 46.3 0 2.7 46.3 0
4 25 15 46.2 0 21.5 46.2 0 21.5 46.3 0 15 46.3 0
4 0 21.5 46.2 0 37.3 46.2 0 37.3 46.3 0 21.5 46.3 0
4 0 2.7 46.3 0 14.9 46.3 0 14.9 46.5 0 2.7 46.5 0
4 25 14.9 46.3 0 21.6 46.3 0 21.6 46.5 0 14.9 46.5 0
4 0 21.6 46.3 0 37.3 46.3 0 37.3 46.5 0 21.6 46.5 0
4 0 2.7 46.5 0 14.8 46.5 0 14.8 46.6 0 2.7 46.6 0
4 25 14.8 46.5 0 21.7 46.5 0 21.7 46.6 0 14.8 46.6 0
4 0 21.7 46.5 0 37.3 46.5 0 37.3 46.6 0 21.7 46.6 0
4 0 2.7 46.6 0 14.7 46.6 0 14.7 46.8 0 2.7 46.8 0
4 25 14.7 46.6 0 21.8 46.6 0 21.8 46.8 0 14.7 46.8 0
4 0 21.8 46.6 0 37.3 46.6 0 37.3 46.8 0 21.8 46.8 0
4 0 2.7 46.8 0 14.6 46.8 0 14.6 47.1 0 2.7 47.1 0
4 25 14.6 46.8 0 21.9 46.8 0 21.9 47.1 0 14.6 47.1 0
4 0 21.9 46.8 0 37.3 46.8 0 37.3 47.1 0 21.9 47.1 0
4 0 2.7 47.1 0 14.5 47.1 0 14.5 47.3 0 2.7 47.3 0
4 25 14.5 47.1 0 22 47.1 0 22 47.3 0 14.5 47.3 0
4 0 22 47.1 0 37.3 47.1 0 37.3 47.3 0 22 47.3 0
4 0 2.7 47.3 0 14.4 47.3 0 14.4 48.7 0 2.7 48.7 0
4 25 14.4 47.3 0 22.1 47.3 0 22.1 48.7 0 14.4 48.7 0
4 0 22.1 47.3 0 37.3 47.3 0 37.3 48.7 0 22.1 48.7 0
4 0 2.7 48.7 0 14.5 48.7 0 14.5 48.9 0 2.7 48.9 0
4 25 14.5 48.7 0 22 48.7 0 22 48.9 0 14.5 48.9 0
4 0 22 48.7 0 37.3 48.7 0 37.3 48.9 0 22 48.9 0
4 0 2.7 48.9 0 14.6 48.9 0 14.6 49.2 0 2.7 49.2 0
4 25 14.6 48.9 0 21.9 48.9 0 21.9 49.2 0 14.6 49.2 0
4 0 21.9 48.9 0 37.3 48.9 0 37.3 49.2 0 21.9 49.2 0
4 0 2.7 49.2 0 14.7 49.2 0 14.7 49.4 0 2.7 49.4 0
4 25 14.7 49.2 0 21.8 49.2 0 21.8 49.4 0 14.7 49.4 0
4 0 21.8 49.2 0 37.3 49.2 0 37.3 49.4 0 21.8 49.4 0
4 0 2.7 49.4 0 14.8 49.4 0 14.8 49.5 0 2.7 49.5 0
4 25 14.8 49.4 0 21.7 49.4 0 21.7 49.5 0 14.8 49.5 0
4 0 21.7 49.4 0 37.3 49.4 0 37.3 49.5 0 21.7 49.5 0
4 0 2.7 49.5 0 14.9 49.5 0 14.9 49.7 0 2.7 49.7 0
4 25 14.9 49.5 0 21.6 49.5 0 21.6 49.7 0 14.9 49.7 0
4 0 21.6 49.5 0 37.3 49.5 0 37.3 49.7 0 21.6 49.7 0
4 0 2.7 49.7 0 15 49.7 0 15 49.8 0 2.7 49.8 0
4 25 15 49.7 0 21.5 49.7 0 21.5 49.8 0 15 49.8 0
4 0 21.5 49.7 0 37.3 49.7 0 37.3 49.8 0 21.5 49.8 0
4 0 2.7 49.8 0 15.1 49.8 0 15.1 49.9 0 2.7 49.9 0
4 25 15.1 49.8 0 21.4 49.8 0 21.4 49.9 0 15.1 49.9 0
4 0 21.4 49.8 0 37.3 49.8 0 37.3 49.9 0 21.4 49.9 0
4 0 2.7 49.9 0 15.2 49.9 0 15.2 50 0 2.7 50 0
4 25 15.2 49.9 0 21.3 49.9 0 21.3 50 0 15.2 50 0
4 0 21.3 49.9 0 37.3 49.9 0 37.3 50 0 21.3 50 0
4 0 2.7 50 0 15.3 50 0 15.3 50.1 0 2.7 50.1 0
4 25 15.3 50 0 21.2 50 0 21.2 50.1 0 15.3 50.1 0
4 0 21.2 50 0 37.3 50 0 37.3 50.1 0 21.2 50.1 0
4 0 2.7 50.1 0 15.4 50.1 0 15.4 50.2 0 2.7 50.2 0
4 25 15.4 50.1 0 21.1 50.1 0 21.1 50.2 0 15.4 50.2 0
4 0 21.1 50.1 0 37.3 50.1 0 37.3 50.2 0 21.1 50.2 0
4 0 2.7 50.2 0 15.5 50.2 0 15.5 50.3 0 2.7 50.3 0
4 25 15.5 50.2 0 21 50.2 0 21 50.3 0 15.5 50.3 0
4 0 21 50.2 0 37.3 50.2 0 37.3 50.3 0 21 50.3 0
4 0 2.7 50.3 0 15.7 50.3 0 15.7 50.4 0 2.7 50.4 0
4 25 15.7 50.3 0 20.8 50.3 0 20.8 50.4 0 15.7 50.4 0
4 0 20.8 50.3 0 37.3 50.3 0 37.3 50.4 0 20.8 50.4 0
4 0 2.7 50.4 0 15.8 50.4 0 15.8 50.5 0 2.7 50.5 0
4 25 15.8 50.4 0 20.7 50.4 0 20.7 50.5 0 15.8 50.5 0
4 0 20.7 50.4 0 37.3 50.4 0 37.3 50.5 0 20.7 50.5 0
4 0 2.7 50.5 0 16 50.5 0 16 50.6 0 2.7 50.6 0
4 25 16 50.5 0 20.5 50.5 0 20.5 50.6 0 16 50.6 0
4 0 20.5 50.5 0 37.3 50.5 0 37.3 50.6 0 20.5 50.6 0
4 0 2.7 50.6 0 16.1 50.6 0 16.1 50.7 0 2.7 50.7 0
4 25 16.1 50.6 0 20.4 50.6 0 20.4 50.7 0 16.1 50.7 0
4 0 20.4 50.6 0 37.3 50.6 0 37.3 50.7 0 20.4 50.7 0
4 0 2.7 50.7 0 16.3 50.7 0 16.3 50.8 0 2.7 50.8 0
4 25 16.3 50.7 0 20.2 50.7 0 20.2 50.8 0 16.3 50.8 0
4 0 20.2 50.7 0 37.3 50.7 0 37.3 50.8 0 20.2 50.8 0
4 0 2.7 50.8 0 16.6 50.8 0 16.6 50.9 0 2.7 50.9 0
4 25 16.6 50.8 0 19.9 50.8 0 19.9 50.9 0 16.6 50.9 0
4 0 19.9 50.8 0 37.3 50.8 0 37.3 50.9 0 19.9 50.9 0
4 0 2.7 50.9 0 16.9 50.9 0 16.9 51 0 2.7 51 0
4 25 16.9 50.9 0 19.6 50.9 0 19.6 51 0 16.9 51 0
4 0 19.6 50.9 0 37.3 50.9 0 37.3 51 0 19.6 51 0
4 0 2.7 51 0 17.3 51 0 17.3 51.1 0 2.7 51.1 0
4 25 17.3 51 0 19.2 51 0 19.2 51.1 0 17.3 51.1 0
4 0 19.2 51 0 37.3 51 0 37.3 51.1 0 19.2 51.1 0
4 15 0 2.7 0 2.7 2.7 0 2.7 56.3 0 0 56.3 0
4 0 2.7 51.1 0 37.3 51.1 0 37.3 56.3 0 2.7 56.3 0
4 15 37.3 2.7 0 40 2.7 0 40 56.3 0 37.3 56.3 0
4 15 0 56.3 0 40 56.3 0 40 59 0 0 59 0
0
