0 Panel Astro Roto  |D:D
0 Name: panelasr.dat
0 Author: jasolo
0 !LDRAW_ORG Unofficial_Part
0 BFC CERTIFY CCW
4 16 -2.798 -2.5 -0.002 -7.5 -2.5 0 -6.929 -2.5 -2.87 -2.585 -2.5 -1.072
4 16 -7.5 -2.5 0 -2.798 -2.5 -0.002 -2.585 -2.5 1.069 -6.929 -2.5 2.87
4 16 -6.929 -2.5 2.87 -2.585 -2.5 1.069 -1.978 -2.5 1.977 -5.303 -2.5 5.303
4 16 -5.303 -2.5 -5.303 -1.978 -2.5 -1.98 -2.585 -2.5 -1.072 -6.929 -2.5 -2.87
4 16 -5.303 -2.5 5.303 -1.978 -2.5 1.977 -1.071 -2.5 2.583 -2.87 -2.5 6.929
4 16 -1.978 -2.5 -1.98 -5.303 -2.5 -5.303 -2.87 -2.5 -6.929 -1.071 -2.5 -2.586
4 16 0 -2.5 2.796 0 -2.5 7.5 -2.87 -2.5 6.929 -1.071 -2.5 2.583
4 16 -1.071 -2.5 -2.586 -2.87 -2.5 -6.929 0 -2.5 -7.5 0 -2.5 -2.799
4 16 1.071 -2.5 -2.586 0 -2.5 -2.799 0 -2.5 -7.5 2.87 -2.5 -6.929
4 16 0 -2.5 2.796 1.071 -2.5 2.583 2.87 -2.5 6.929 0 -2.5 7.5
4 16 1.978 -2.5 -1.98 1.071 -2.5 -2.586 2.87 -2.5 -6.929 5.303 -2.5 -5.303
4 16 1.071 -2.5 2.583 1.978 -2.5 1.977 5.303 -2.5 5.303 2.87 -2.5 6.929
4 16 5.303 -2.5 -5.303 6.929 -2.5 -2.87 2.585 -2.5 -1.072 1.978 -2.5 -1.98
4 16 1.978 -2.5 1.977 2.585 -2.5 1.069 6.929 -2.5 2.87 5.303 -2.5 5.303
4 16 6.929 -2.5 -2.87 7.5 -2.5 0 2.798 -2.5 -0.002 2.585 -2.5 -1.072
4 16 2.585 -2.5 1.069 2.798 -2.5 -0.002 7.5 -2.5 0 6.929 -2.5 2.87
4 16 -7.5 -2.5 0 -7.5 0 0 -6.929 0 -2.87 -6.929 -2.5 -2.87
4 16 -7.5 0 0 -7.5 -2.5 0 -6.929 -2.5 2.87 -6.929 0 2.87
4 16 -5.303 -2.5 5.303 -5.303 0 5.303 -6.929 0 2.87 -6.929 -2.5 2.87
4 16 -6.929 -2.5 -2.87 -6.929 0 -2.87 -5.303 0 -5.303 -5.303 -2.5 -5.303
4 16 -2.87 -2.5 6.929 -2.87 0 6.929 -5.303 0 5.303 -5.303 -2.5 5.303
4 16 -5.303 -2.5 -5.303 -5.303 0 -5.303 -2.87 0 -6.929 -2.87 -2.5 -6.929
4 16 -6.929 0 2.87 -2.309 0 0.955 -2.5 0 -0.002 -7.5 0 0
4 16 -7.5 0 0 -2.5 0 -0.002 -2.309 0 -0.958 -6.929 0 -2.87
4 16 -6.929 0 -2.87 -2.309 0 -0.958 -1.767 0 -1.769 -5.303 0 -5.303
4 16 -5.303 0 5.303 -1.767 0 1.766 -2.309 0 0.955 -6.929 0 2.87
4 16 -5.303 0 -5.303 -1.767 0 -1.769 -0.957 0 -2.311 -2.87 0 -6.929
4 16 -1.767 0 1.766 -5.303 0 5.303 -2.87 0 6.929 -0.957 0 2.307
4 16 -2.87 -2.5 -6.929 -2.87 0 -6.929 0 0 -7.5 0 -2.5 -7.5
4 16 -2.87 0 -6.929 -0.957 0 -2.311 0 0 -2.501 0 0 -7.5
4 16 -0.957 0 2.307 -2.87 0 6.929 0 0 7.5 0 0 2.498
4 16 0 -2.5 7.5 0 0 7.5 -2.87 0 6.929 -2.87 -2.5 6.929
4 16 2.87 -2.5 -6.929 0 -2.5 -7.5 0 0 -7.5 2.87 0 -6.929
4 16 0.957 0 2.307 0 0 2.498 0 0 7.5 2.87 0 6.929
4 16 0 0 -2.501 0.957 0 -2.311 2.87 0 -6.929 0 0 -7.5
4 16 2.87 0 6.929 0 0 7.5 0 -2.5 7.5 2.87 -2.5 6.929
4 16 5.303 -2.5 -5.303 2.87 -2.5 -6.929 2.87 0 -6.929 5.303 0 -5.303
4 16 0.957 0 -2.311 1.767 0 -1.769 5.303 0 -5.303 2.87 0 -6.929
4 16 2.87 -2.5 6.929 5.303 -2.5 5.303 5.303 0 5.303 2.87 0 6.929
4 16 2.87 0 6.929 5.303 0 5.303 1.767 0 1.766 0.957 0 2.307
4 16 5.303 0 5.303 6.929 0 2.87 2.309 0 0.955 1.767 0 1.766
4 16 6.929 -2.5 -2.87 5.303 -2.5 -5.303 5.303 0 -5.303 6.929 0 -2.87
4 16 5.303 -2.5 5.303 6.929 -2.5 2.87 6.929 0 2.87 5.303 0 5.303
4 16 1.767 0 -1.769 2.309 0 -0.958 6.929 0 -2.87 5.303 0 -5.303
4 16 2.309 0 -0.958 2.5 0 -0.002 7.5 0 0 6.929 0 -2.87
4 16 7.5 -2.5 0 6.929 -2.5 -2.87 6.929 0 -2.87 7.5 0 0
4 16 2.5 0 -0.002 2.309 0 0.955 6.929 0 2.87 7.5 0 0
4 16 6.929 -2.5 2.87 7.5 -2.5 0 7.5 0 0 6.929 0 2.87
4 16 -2.309 0 -0.958 -2.5 0 -0.002 -2.5 4 -0.002 -2.309 4 -0.958
4 16 -2.5 0 -0.002 -2.309 0 0.955 -2.309 4 0.955 -2.5 4 -0.002
4 16 -1.767 0 -1.769 -2.309 0 -0.958 -2.309 4 -0.958 -1.767 4 -1.769
4 16 -2.309 0 0.955 -1.767 0 1.766 -1.767 4 1.766 -2.309 4 0.955
4 16 -1.767 0 1.766 -0.957 0 2.307 -0.957 4 2.307 -1.767 4 1.766
4 16 -0.957 0 -2.311 -1.767 0 -1.769 -1.767 4 -1.769 -0.957 4 -2.311
4 16 -1.767 4 1.766 0 4 -0.002 -2.5 4 -0.002 -2.309 4 0.955
4 16 -0.957 0 2.307 0 0 2.498 0 4 2.498 -0.957 4 2.307
4 16 -2.5 4 -0.002 0 4 -0.002 -1.767 4 -1.769 -2.309 4 -0.958
4 16 -1.767 4 -1.769 0 4 -0.002 0 4 -2.501 -0.957 4 -2.311
4 16 0 4 2.498 0 4 -0.002 -1.767 4 1.766 -0.957 4 2.307
4 16 0 0 -2.501 -0.957 0 -2.311 -0.957 4 -2.311 0 4 -2.501
4 16 0 0 2.498 0.957 0 2.307 0.957 4 2.307 0 4 2.498
4 16 0.957 0 -2.311 0 0 -2.501 0 4 -2.501 0.957 4 -2.311
4 16 1.767 4 -1.769 0.957 4 -2.311 0 4 -2.501 0 4 -0.002
4 16 0.957 0 2.307 1.767 0 1.766 1.767 4 1.766 0.957 4 2.307
4 16 1.767 0 -1.769 0.957 0 -2.311 0.957 4 -2.311 1.767 4 -1.769
4 16 0 4 2.498 0.957 4 2.307 1.767 4 1.766 0 4 -0.002
4 16 1.767 0 1.766 2.309 0 0.955 2.309 4 0.955 1.767 4 1.766
4 16 2.309 0 -0.958 1.767 0 -1.769 1.767 4 -1.769 2.309 4 -0.958
4 16 2.5 4 -0.002 0 4 -0.002 1.767 4 1.766 2.309 4 0.955
4 16 2.309 0 0.955 2.5 0 -0.002 2.5 4 -0.002 2.309 4 0.955
4 16 2.5 0 -0.002 2.309 0 -0.958 2.309 4 -0.958 2.5 4 -0.002
4 16 2.5 4 -0.002 2.309 4 -0.958 1.767 4 -1.769 0 4 -0.002
4 16 -2.798 -2.5 -0.002 -2.585 -2.5 -1.072 -1.211 -59.762 -0.502 -1.31 -59.762 -0.001
4 16 -2.585 -2.5 1.069 -2.798 -2.5 -0.002 -1.31 -59.762 -0.001 -1.211 -59.762 0.501
4 16 -2.585 -2.5 -1.072 -1.978 -2.5 -1.98 -0.926 -59.762 -0.927 -1.211 -59.762 -0.502
4 16 -1.978 -2.5 1.977 -2.585 -2.5 1.069 -1.211 -59.762 0.501 -0.926 -59.762 0.926
4 16 -1.978 -2.5 -1.98 -1.071 -2.5 -2.586 -0.502 -59.762 -1.211 -0.926 -59.762 -0.927
4 16 -1.071 -2.5 2.583 -1.978 -2.5 1.977 -0.926 -59.762 0.926 -0.502 -59.762 1.21
4 16 -1.071 -2.5 -2.586 0 -2.5 -2.799 0 -59.762 -1.311 -0.502 -59.762 -1.211
4 16 0 -2.5 2.796 -1.071 -2.5 2.583 -0.502 -59.762 1.21 0 -59.762 1.309
4 16 0 -2.5 -2.799 1.071 -2.5 -2.586 0.502 -59.762 -1.211 0 -59.762 -1.311
4 16 1.071 -2.5 2.583 0 -2.5 2.796 0 -59.762 1.309 0.502 -59.762 1.21
4 16 1.071 -2.5 -2.586 1.978 -2.5 -1.98 0.926 -59.762 -0.927 0.502 -59.762 -1.211
4 16 1.978 -2.5 1.977 1.071 -2.5 2.583 0.502 -59.762 1.21 0.926 -59.762 0.926
4 16 1.978 -2.5 -1.98 2.585 -2.5 -1.072 1.211 -59.762 -0.502 0.926 -59.762 -0.927
4 16 2.585 -2.5 1.069 1.978 -2.5 1.977 0.926 -59.762 0.926 1.211 -59.762 0.501
4 16 2.585 -2.5 -1.072 2.798 -2.5 -0.002 1.31 -59.762 -0.001 1.211 -59.762 -0.502
4 16 2.798 -2.5 -0.002 2.585 -2.5 1.069 1.211 -59.762 0.501 1.31 -59.762 -0.001
3 16 -1.31 -59.762 -0.001 -1.211 -59.762 -0.502 0 -59.762 0
3 16 -1.211 -59.762 0.501 -1.31 -59.762 -0.001 0 -59.762 0
3 16 -1.211 -59.762 -0.502 -0.926 -59.762 -0.927 0 -59.762 0
3 16 -0.926 -59.762 0.926 -1.211 -59.762 0.501 0 -59.762 0
3 16 -0.926 -59.762 -0.927 -0.502 -59.762 -1.211 0 -59.762 0
3 16 -0.502 -59.762 1.21 -0.926 -59.762 0.926 0 -59.762 0
3 16 -0.502 -59.762 -1.211 0 -59.762 -1.311 0 -59.762 0
3 16 0 -59.762 1.309 -0.502 -59.762 1.21 0 -59.762 0
3 16 0 -59.762 -1.311 0.502 -59.762 -1.211 0 -59.762 0
3 16 0.502 -59.762 1.21 0 -59.762 1.309 0 -59.762 0
3 16 0.502 -59.762 -1.211 0.926 -59.762 -0.927 0 -59.762 0
3 16 0.926 -59.762 0.926 0.502 -59.762 1.21 0 -59.762 0
3 16 0.926 -59.762 -0.927 1.211 -59.762 -0.502 0 -59.762 0
3 16 1.211 -59.762 0.501 0.926 -59.762 0.926 0 -59.762 0
3 16 1.211 -59.762 -0.502 1.31 -59.762 -0.001 0 -59.762 0
3 16 1.31 -59.762 -0.001 1.211 -59.762 0.501 0 -59.762 0
2 24 -5.303 0 -5.303 -2.87 0 -6.929
5 24 2.309 0 -0.958 2.309 4 -0.958 1.767 0 -1.769 2.5 0 -0.002
2 24 -7.5 -2.5 0 -6.929 -2.5 2.87
2 24 2.87 0 6.929 5.303 0 5.303
2 24 -2.309 0 0.955 -1.767 0 1.766
2 24 2.309 0 -0.958 2.5 0 -0.002
5 24 5.303 -2.5 -5.303 5.303 0 -5.303 2.87 -2.5 -6.929 6.929 -2.5 -2.87
2 24 -2.798 -2.5 -0.002 -2.585 -2.5 -1.072
2 24 -1.31 -59.762 -0.001 -1.211 -59.762 0.501
5 24 -2.309 0 -0.958 -2.309 4 -0.958 -2.5 0 -0.002 -1.767 0 -1.769
2 24 0.502 -59.762 -1.211 0.926 -59.762 -0.927
5 24 -2.309 0 0.955 -2.309 4 0.955 -2.5 0 -0.002 -1.767 0 1.766
2 24 -6.929 0 2.87 -5.303 0 5.303
2 24 -1.31 -59.762 -0.001 -1.211 -59.762 -0.502
2 24 -2.585 -2.5 1.069 -1.978 -2.5 1.977
2 24 -7.5 0 0 -6.929 0 -2.87
2 24 1.211 -59.762 -0.502 1.31 -59.762 -0.001
2 24 2.309 4 0.955 2.5 4 -0.002
5 24 -5.303 -2.5 5.303 -5.303 0 5.303 -6.929 -2.5 2.87 -2.87 -2.5 6.929
5 24 0 0 2.498 0 4 2.498 -0.957 0 2.307 0.957 0 2.307
5 24 0.926 -59.762 -0.927 1.978 -2.5 -1.98 0.502 -59.762 -1.211 1.211 -59.762 -0.502
2 24 2.87 0 -6.929 5.303 0 -5.303
2 24 -2.87 0 6.929 0 0 7.5
5 24 -1.071 -2.5 2.583 -0.502 -59.762 1.21 -1.978 -2.5 1.977 0 -2.5 2.796
2 24 -1.071 -2.5 2.583 0 -2.5 2.796
2 24 0.926 -59.762 -0.927 1.211 -59.762 -0.502
2 24 -0.957 4 -2.311 0 4 -2.501
2 24 0 0 -2.501 0.957 0 -2.311
5 24 2.5 0 -0.002 2.5 4 -0.002 2.309 0 0.955 2.309 0 -0.958
5 24 0 -59.762 1.309 0 -2.5 2.796 -0.502 -59.762 1.21 0.502 -59.762 1.21
2 24 1.978 -2.5 1.977 2.585 -2.5 1.069
2 24 6.929 -2.5 2.87 7.5 -2.5 0
2 24 0.957 0 -2.311 1.767 0 -1.769
5 24 -6.929 -2.5 2.87 -6.929 0 2.87 -7.5 -2.5 0 -5.303 -2.5 5.303
5 24 2.87 -2.5 -6.929 2.87 0 -6.929 0 -2.5 -7.5 5.303 -2.5 -5.303
2 24 -1.767 4 -1.769 -0.957 4 -2.311
5 24 1.211 -59.762 -0.502 2.585 -2.5 -1.072 0.926 -59.762 -0.927 1.31 -59.762 -0.001
2 24 2.87 -2.5 -6.929 5.303 -2.5 -5.303
2 24 -5.303 0 5.303 -2.87 0 6.929
2 24 -5.303 -2.5 -5.303 -2.87 -2.5 -6.929
2 24 0.926 -59.762 0.926 1.211 -59.762 0.501
2 24 0.957 0 2.307 1.767 0 1.766
2 24 6.929 0 2.87 7.5 0 0
5 24 2.87 -2.5 6.929 2.87 0 6.929 0 -2.5 7.5 5.303 -2.5 5.303
2 24 0 0 -7.5 2.87 0 -6.929
2 24 2.309 0 0.955 2.5 0 -0.002
2 24 2.585 -2.5 -1.072 2.798 -2.5 -0.002
5 24 1.211 -59.762 0.501 2.585 -2.5 1.069 0.926 -59.762 0.926 1.31 -59.762 -0.001
5 24 -1.767 0 -1.769 -1.767 4 -1.769 -2.309 0 -0.958 -0.957 0 -2.311
5 24 -0.957 0 -2.311 -0.957 4 -2.311 -1.767 0 -1.769 0 0 -2.501
2 24 -0.502 -59.762 1.21 0 -59.762 1.309
2 24 -7.5 -2.5 0 -6.929 -2.5 -2.87
2 24 -1.767 4 1.766 -0.957 4 2.307
2 24 -1.071 -2.5 -2.586 0 -2.5 -2.799
2 24 0 4 2.498 0.957 4 2.307
5 24 -5.303 -2.5 -5.303 -5.303 0 -5.303 -6.929 -2.5 -2.87 -2.87 -2.5 -6.929
2 24 1.767 4 1.766 2.309 4 0.955
5 24 -0.957 0 2.307 -0.957 4 2.307 -1.767 0 1.766 0 0 2.498
2 24 -7.5 0 0 -6.929 0 2.87
2 24 -0.957 0 -2.311 0 0 -2.501
5 24 -2.87 -2.5 6.929 -2.87 0 6.929 -5.303 -2.5 5.303 0 -2.5 7.5
2 24 0.957 4 2.307 1.767 4 1.766
2 24 1.071 -2.5 2.583 1.978 -2.5 1.977
5 24 7.5 -2.5 0 7.5 0 0 6.929 -2.5 -2.87 6.929 -2.5 2.87
2 24 -2.87 -2.5 6.929 0 -2.5 7.5
5 24 0 0 -2.501 0 4 -2.501 -0.957 0 -2.311 0.957 0 -2.311
2 24 -1.978 -2.5 -1.98 -1.071 -2.5 -2.586
5 24 -1.978 -2.5 1.977 -0.926 -59.762 0.926 -2.585 -2.5 1.069 -1.071 -2.5 2.583
2 24 -2.309 4 0.955 -1.767 4 1.766
5 24 0.957 0 -2.311 0.957 4 -2.311 0 0 -2.501 1.767 0 -1.769
2 24 5.303 -2.5 -5.303 6.929 -2.5 -2.87
2 24 -2.309 0 -0.958 -1.767 0 -1.769
2 24 -1.211 -59.762 0.501 -0.926 -59.762 0.926
2 24 -2.5 4 -0.002 -2.309 4 0.955
5 24 -2.87 -2.5 -6.929 -2.87 0 -6.929 -5.303 -2.5 -5.303 0 -2.5 -7.5
2 24 1.767 0 1.766 2.309 0 0.955
2 24 -6.929 0 -2.87 -5.303 0 -5.303
2 24 -0.957 0 2.307 0 0 2.498
5 24 1.767 0 1.766 1.767 4 1.766 0.957 0 2.307 2.309 0 0.955
5 24 -1.071 -2.5 -2.586 -0.502 -59.762 -1.211 -1.978 -2.5 -1.98 0 -2.5 -2.799
2 24 1.978 -2.5 -1.98 2.585 -2.5 -1.072
2 24 -0.926 -59.762 -0.927 -0.502 -59.762 -1.211
2 24 2.309 4 -0.958 2.5 4 -0.002
5 24 -2.585 -2.5 1.069 -1.211 -59.762 0.501 -2.798 -2.5 -0.002 -1.978 -2.5 1.977
5 24 -2.798 -2.5 -0.002 -1.31 -59.762 -0.001 -2.585 -2.5 -1.072 -2.585 -2.5 1.069
2 24 0 -59.762 -1.311 0.502 -59.762 -1.211
5 24 1.31 -59.762 -0.001 2.798 -2.5 -0.002 1.211 -59.762 -0.502 1.211 -59.762 0.501
2 24 0 -2.5 -2.799 1.071 -2.5 -2.586
2 24 2.585 -2.5 1.069 2.798 -2.5 -0.002
2 24 -0.502 -59.762 -1.211 0 -59.762 -1.311
2 24 -0.957 4 2.307 0 4 2.498
2 24 0 -2.5 -7.5 2.87 -2.5 -6.929
2 24 6.929 -2.5 -2.87 7.5 -2.5 0
2 24 0.957 4 -2.311 1.767 4 -1.769
5 24 0 -59.762 -1.311 0 -2.5 -2.799 -0.502 -59.762 -1.211 0.502 -59.762 -1.211
5 24 -1.767 0 1.766 -1.767 4 1.766 -2.309 0 0.955 -0.957 0 2.307
2 24 1.071 -2.5 -2.586 1.978 -2.5 -1.98
2 24 0 4 -2.501 0.957 4 -2.311
2 24 -1.767 0 -1.769 -0.957 0 -2.311
2 24 -2.87 -2.5 -6.929 0 -2.5 -7.5
2 24 -2.5 0 -0.002 -2.309 0 0.955
5 24 5.303 -2.5 5.303 5.303 0 5.303 2.87 -2.5 6.929 6.929 -2.5 2.87
2 24 0 -2.5 2.796 1.071 -2.5 2.583
5 24 -7.5 -2.5 0 -7.5 0 0 -6.929 -2.5 -2.87 -6.929 -2.5 2.87
2 24 -5.303 -2.5 5.303 -2.87 -2.5 6.929
5 24 0 -2.5 -7.5 0 0 -7.5 -2.87 -2.5 -6.929 2.87 -2.5 -6.929
5 24 -1.978 -2.5 -1.98 -0.926 -59.762 -0.927 -2.585 -2.5 -1.072 -1.071 -2.5 -2.586
5 24 6.929 -2.5 -2.87 6.929 0 -2.87 5.303 -2.5 -5.303 7.5 -2.5 0
5 24 6.929 -2.5 2.87 6.929 0 2.87 5.303 -2.5 5.303 7.5 -2.5 0
5 24 0.957 0 2.307 0.957 4 2.307 0 0 2.498 1.767 0 1.766
2 24 0 0 7.5 2.87 0 6.929
2 24 -1.211 -59.762 -0.502 -0.926 -59.762 -0.927
5 24 1.767 0 -1.769 1.767 4 -1.769 0.957 0 -2.311 2.309 0 -0.958
5 24 -6.929 -2.5 -2.87 -6.929 0 -2.87 -7.5 -2.5 0 -5.303 -2.5 -5.303
2 24 -2.309 4 -0.958 -1.767 4 -1.769
2 24 0 0 2.498 0.957 0 2.307
2 24 -1.767 0 1.766 -0.957 0 2.307
2 24 -2.5 0 -0.002 -2.309 0 -0.958
5 24 0.502 -59.762 1.21 1.071 -2.5 2.583 0 -59.762 1.309 0.926 -59.762 0.926
2 24 0.502 -59.762 1.21 0.926 -59.762 0.926
5 24 2.309 0 0.955 2.309 4 0.955 1.767 0 1.766 2.5 0 -0.002
5 24 -2.5 0 -0.002 -2.5 4 -0.002 -2.309 0 -0.958 -2.309 0 0.955
2 24 5.303 0 5.303 6.929 0 2.87
2 24 1.767 4 -1.769 2.309 4 -0.958
5 24 0.926 -59.762 0.926 1.978 -2.5 1.977 0.502 -59.762 1.21 1.211 -59.762 0.501
2 24 -2.798 -2.5 -0.002 -2.585 -2.5 1.069
2 24 6.929 0 -2.87 7.5 0 0
2 24 -0.926 -59.762 0.926 -0.502 -59.762 1.21
5 24 0.502 -59.762 -1.211 1.071 -2.5 -2.586 0 -59.762 -1.311 0.926 -59.762 -0.927
2 24 -6.929 -2.5 2.87 -5.303 -2.5 5.303
2 24 -1.978 -2.5 1.977 -1.071 -2.5 2.583
2 24 5.303 -2.5 5.303 6.929 -2.5 2.87
2 24 2.87 -2.5 6.929 5.303 -2.5 5.303
2 24 1.211 -59.762 0.501 1.31 -59.762 -0.001
5 24 0 -2.5 7.5 0 0 7.5 -2.87 -2.5 6.929 2.87 -2.5 6.929
2 24 -6.929 -2.5 -2.87 -5.303 -2.5 -5.303
2 24 5.303 0 -5.303 6.929 0 -2.87
2 24 -2.585 -2.5 -1.072 -1.978 -2.5 -1.98
2 24 -2.87 0 -6.929 0 0 -7.5
2 24 0 -2.5 7.5 2.87 -2.5 6.929
2 24 0 -59.762 1.309 0.502 -59.762 1.21
5 24 -2.585 -2.5 -1.072 -1.211 -59.762 -0.502 -2.798 -2.5 -0.002 -1.978 -2.5 -1.98
2 24 -2.5 4 -0.002 -2.309 4 -0.958
2 24 1.767 0 -1.769 2.309 0 -0.958
