0 Etiqueta atlas      |M:M
0 Name: atlas.dat
0 Author: CPCBEGIN
0 !LDRAW_ORG Unofficial_Part
0 BFC CERTIFY CCW

0 etiqueta babor
3 16 38.618 -5.52 -24.918 38.8 -5 -23.201 38.847 -5.67 -23.414
3 16 39.151 -4.85 -20.313 39.327 -4.82 -18.713 39.2 -5.25 -20.226
3 16 39.46 -9.52 -21.3 39.658 -9.89 -19.358 39.655 -10.17 -19.628
3 16 39.587 -10.8 -20.975 39.46 -9.52 -21.3 39.621 -10.64 -20.437
3 16 39.341 -9.51 -22.484 39.43 -10.81 -22.688 39.266 -9.27 -22.98
3 16 39.151 -4.85 -20.313 39.248 -4.2 -18.919 39.327 -4.82 -18.713
3 16 39.456 -8.46 -20.459 39.602 -8.53 -18.906 39.481 -8.97 -20.621
3 16 39.2 -5.25 -20.226 39.327 -4.82 -18.713 39.388 -5.49 -18.676
3 16 39.226 -5.72 -20.387 39.219 -5.5 -20.267 39.428 -6.13 -18.808
3 16 39.253 -10.27 -23.939 39.165 -9.82 -24.334 39.266 -9.27 -22.98
3 16 39.253 -10.27 -23.939 39.266 -9.27 -22.98 39.343 -10.61 -23.384
3 16 39.343 -10.61 -23.384 39.266 -9.27 -22.98 39.43 -10.81 -22.688
3 16 39.219 -5.5 -20.267 39.2 -5.25 -20.226 39.388 -5.49 -18.676
3 16 39.219 -5.5 -20.267 39.388 -5.49 -18.676 39.428 -6.13 -18.808
3 16 38.906 -4.18 -21.728 38.757 -2.86 -21.728 38.999 -4.26 -21.074
3 16 39.341 -9.51 -22.484 39.513 -10.87 -21.862 39.43 -10.81 -22.688
3 16 39.46 -9.52 -21.3 39.483 -9.32 -20.891 39.658 -9.89 -19.358
3 16 39.082 -4.5 -20.599 38.931 -2.99 -20.55 39.047 -3.25 -19.847
3 16 39.46 -9.52 -21.3 39.655 -10.17 -19.628 39.647 -10.43 -19.948
3 16 39.409 -9.58 -21.877 39.46 -9.52 -21.3 39.587 -10.8 -20.975
3 16 39.082 -4.5 -20.599 39.047 -3.25 -19.847 39.151 -4.85 -20.313
3 16 38.931 -2.99 -20.55 38.999 -4.26 -21.074 38.802 -2.87 -21.411
3 16 39.082 -4.5 -20.599 38.999 -4.26 -21.074 38.931 -2.99 -20.55
3 16 39.645 -9.34 -19.058 39.481 -8.97 -20.621 39.602 -8.53 -18.906
3 16 39.513 -10.87 -21.862 39.409 -9.58 -21.877 39.587 -10.8 -20.975
3 16 39.341 -9.51 -22.484 39.409 -9.58 -21.877 39.513 -10.87 -21.862
3 16 38.541 -3.24 -23.532 38.831 -4.27 -22.363 38.507 -3.78 -24.21
3 16 39.151 -4.85 -20.313 39.152 -3.65 -19.303 39.248 -4.2 -18.919
3 16 38.999 -4.26 -21.074 38.757 -2.86 -21.728 38.802 -2.87 -21.411
3 16 38.906 -4.18 -21.728 38.831 -4.27 -22.363 38.541 -3.24 -23.532
3 16 39.151 -4.85 -20.313 39.047 -3.25 -19.847 39.152 -3.65 -19.303
3 16 38.533 -4.54 -24.672 38.795 -4.54 -22.851 38.8 -5 -23.201
3 16 39.483 -9.32 -20.891 39.645 -9.34 -19.058 39.658 -9.89 -19.358
3 16 39.189 -8.65 -23.155 38.948 -7.87 -24.481 39.183 -8.42 -23.015
3 16 39.189 -8.65 -23.155 39.014 -8.71 -24.665 38.948 -7.87 -24.481
3 16 39.483 -9.32 -20.891 39.481 -8.97 -20.621 39.645 -9.34 -19.058
3 16 39.194 -6.05 -20.946 39.409 -7.37 -20.037 39.352 -7.65 -20.824
3 16 39.194 -6.05 -20.946 39.352 -7.65 -20.824 39.155 -6.18 -21.393
3 16 39.155 -6.18 -21.393 39.352 -7.65 -20.824 39.201 -8.18 -22.656
3 16 38.985 -6.74 -23.253 39.081 -6.39 -22.189 39.201 -8.18 -22.656
3 16 38.985 -6.74 -23.253 39.201 -8.18 -22.656 38.94 -7.16 -23.95
3 16 38.507 -3.78 -24.21 38.831 -4.27 -22.363 38.795 -4.54 -22.851
3 16 38.795 -4.54 -22.851 38.533 -4.54 -24.672 38.507 -3.78 -24.21
3 16 39.155 -6.18 -21.393 39.201 -8.18 -22.656 39.081 -6.39 -22.189
3 16 39.183 -8.42 -23.015 38.948 -7.87 -24.481 38.94 -7.16 -23.95
3 16 39.201 -8.18 -22.656 39.183 -8.42 -23.015 38.94 -7.16 -23.95
3 16 39.436 -7.06 -19.498 39.409 -7.37 -20.037 39.226 -5.72 -20.387
3 16 39.436 -7.06 -19.498 39.226 -5.72 -20.387 39.443 -6.65 -19.089
3 16 39.083 -9.29 -24.589 39.014 -8.71 -24.665 39.189 -8.65 -23.155
3 16 39.226 -5.72 -20.387 39.428 -6.13 -18.808 39.443 -6.65 -19.089
3 16 39.212 -8.92 -23.177 39.266 -9.27 -22.98 39.165 -9.82 -24.334
3 16 38.906 -4.18 -21.728 38.638 -2.94 -22.629 38.757 -2.86 -21.728
3 16 38.533 -4.54 -24.672 38.8 -5 -23.201 38.618 -5.52 -24.918
3 16 39.218 -5.9 -20.607 39.226 -5.72 -20.387 39.409 -7.37 -20.037
3 16 38.906 -4.18 -21.728 38.541 -3.24 -23.532 38.638 -2.94 -22.629
3 16 39.212 -8.92 -23.177 39.165 -9.82 -24.334 39.083 -9.29 -24.589
3 16 39.46 -9.52 -21.3 39.647 -10.43 -19.948 39.621 -10.64 -20.437
3 16 39.212 -8.92 -23.177 39.083 -9.29 -24.589 39.189 -8.65 -23.155
3 16 39.194 -6.05 -20.946 39.218 -5.9 -20.607 39.409 -7.37 -20.037
3 16 38.078 -6.06 -28.755 38.134 -3 -25.88 38.654 -10.74 -29.021
3 16 38.078 -6.06 -28.755 37.979 -4.76 -28.247 38.134 -3 -25.88
3 16 37.706 -6.06 -30.832 37.979 -4.76 -28.247 38.078 -6.06 -28.755
3 16 37.706 -6.06 -30.832 36.625 -3 -33.501 37.409 -4.76 -31.284
3 16 37.706 -6.06 -30.832 38.408 -10.74 -30.652 36.625 -3 -33.501
3 16 37.409 -4.76 -31.284 36.625 -3 -33.501 36.982 -3 -31.88
3 16 37.706 -6.06 -30.832 37.409 -4.76 -31.284 37.979 -4.76 -28.247
3 16 37.706 -6.06 -30.832 38.297 -8.94 -29.843 38.408 -10.74 -30.652
3 16 38.134 -3 -25.88 37.979 -4.76 -28.247 37.84 -3 -27.554
3 16 38.297 -8.94 -29.843 38.654 -10.74 -29.021 38.408 -10.74 -30.652
3 16 38.078 -6.06 -28.755 38.654 -10.74 -29.021 38.297 -8.94 -29.843
3 16 35.052 -3 -39.756 36.643 -4.3 -34.503 35.731 -4.3 -38.284
3 16 35.052 -3 -39.756 36.4 -3 -34.475 36.643 -4.3 -34.503
3 16 35.052 -3 -39.756 35.731 -4.3 -38.284 36.951 -10.68 -38.427
3 16 35.052 -3 -39.756 36.951 -10.68 -38.427 36.613 -10.68 -39.95
3 16 33.681 -3 -44.407 34.139 -3 -42.916 35.588 -9.43 -43.116
3 16 36.4 -10.74 -40.925 34.564 -9.43 -46.838 35.186 -9.43 -44.624
3 16 35.588 -9.43 -43.116 36.146 -9.43 -40.895 36.4 -10.74 -40.925
3 16 34.564 -9.43 -46.838 36.4 -10.74 -40.925 34.864 -10.74 -46.88
3 16 35.588 -9.43 -43.116 36.4 -10.74 -40.925 35.186 -9.43 -44.624
3 16 33.681 -3 -44.407 35.588 -9.43 -43.116 35.186 -9.43 -44.624
3 16 32.549 -6.06 -50.407 32.656 -3 -47.544 33.696 -10.74 -50.81
3 16 32.549 -6.06 -50.407 32.359 -4.76 -49.875 32.656 -3 -47.544
3 16 31.851 -6.06 -52.398 32.359 -4.76 -49.875 32.549 -6.06 -50.407
3 16 31.851 -6.06 -52.398 29.953 -3 -54.828 31.314 -4.76 -52.782
3 16 31.851 -6.06 -52.398 33.193 -10.74 -52.381 29.953 -3 -54.828
3 16 31.314 -4.76 -52.782 29.953 -3 -54.828 30.564 -3 -53.285
3 16 31.851 -6.06 -52.398 31.314 -4.76 -52.782 32.359 -4.76 -49.875
3 16 31.851 -6.06 -52.398 32.974 -8.94 -51.546 33.193 -10.74 -52.381
3 16 32.656 -3 -47.544 32.359 -4.76 -49.875 32.099 -3 -49.15
3 16 32.974 -8.94 -51.546 33.696 -10.74 -50.81 33.193 -10.74 -52.381
3 16 32.549 -6.06 -50.407 33.696 -10.74 -50.81 32.974 -8.94 -51.546
0 etiqueta estribor
3 16 -38.874 -6.06 -23.536 -38.053 -3 -26.353 -39.358 -10.74 -23.345
3 16 -38.874 -6.06 -23.536 -38.656 -4.76 -24.021 -38.053 -3 -26.353
3 16 -39.137 -6.06 -21.442 -38.656 -4.76 -24.021 -38.874 -6.06 -23.536
3 16 -39.137 -6.06 -21.442 -39.164 -3 -18.664 -39.065 -4.76 -20.958
3 16 -39.137 -6.06 -21.442 -39.518 -10.74 -21.702 -39.164 -3 -18.664
3 16 -39.065 -4.76 -20.958 -39.164 -3 -18.664 -38.962 -3 -20.312
3 16 -39.137 -6.06 -21.442 -39.065 -4.76 -20.958 -38.656 -4.76 -24.021
3 16 -39.137 -6.06 -21.442 -39.29 -8.94 -22.491 -39.518 -10.74 -21.702
3 16 -38.053 -3 -26.353 -38.656 -4.76 -24.021 -38.332 -3 -24.676
3 16 -39.29 -8.94 -22.491 -39.358 -10.74 -23.345 -39.518 -10.74 -21.702
3 16 -38.874 -6.06 -23.536 -39.358 -10.74 -23.345 -39.29 -8.94 -22.491
3 16 -37.452 -3 -29.598 -37.142 -3 -31.127 -38.137 -9.43 -31.22
3 16 -37.932 -10.74 -33.493 -38.729 -9.43 -27.406 -38.389 -9.43 -29.681
3 16 -38.137 -9.43 -31.22 -37.736 -9.43 -33.475 -37.932 -10.74 -33.493
3 16 -38.729 -9.43 -27.406 -37.932 -10.74 -33.493 -38.877 -10.74 -27.416
3 16 -38.137 -9.43 -31.22 -37.932 -10.74 -33.493 -38.389 -9.43 -29.681
3 16 -37.452 -3 -29.598 -38.137 -9.43 -31.22 -38.389 -9.43 -29.681
3 16 -36.432 -3 -34.339 -35.372 -4.3 -39.658 -36.322 -4.3 -35.886
3 16 -36.432 -3 -34.339 -35.089 -3 -39.621 -35.372 -4.3 -39.658
3 16 -36.432 -3 -34.339 -36.322 -4.3 -35.886 -37.451 -10.68 -36.008
3 16 -36.432 -3 -34.339 -37.451 -10.68 -36.008 -37.744 -10.68 -34.476
3 16 -34.165 -6.06 -45.38 -32.5 -3 -47.998 -35.294 -10.74 -45.318
3 16 -34.165 -6.06 -45.38 -33.7 -4.76 -45.811 -32.5 -3 -47.998
3 16 -34.758 -6.06 -43.355 -33.7 -4.76 -45.811 -34.165 -6.06 -45.38
3 16 -34.758 -6.06 -43.355 -34.821 -3 -40.584 -34.591 -4.76 -42.852
3 16 -34.758 -6.06 -43.355 -35.713 -10.74 -43.722 -34.821 -3 -40.584
3 16 -34.591 -4.76 -42.852 -34.821 -3 -40.584 -34.359 -3 -42.179
3 16 -34.758 -6.06 -43.355 -34.591 -4.76 -42.852 -33.7 -4.76 -45.811
3 16 -34.758 -6.06 -43.355 -35.124 -8.94 -44.445 -35.713 -10.74 -43.722
3 16 -32.5 -3 -47.998 -33.7 -4.76 -45.811 -33.043 -3 -46.387
3 16 -35.124 -8.94 -44.445 -35.294 -10.74 -45.318 -35.713 -10.74 -43.722
3 16 -34.165 -6.06 -45.38 -35.294 -10.74 -45.318 -35.124 -8.94 -44.445
3 16 -32.854 -5.52 -49.057 -32.151 -5 -50.669 -32.404 -5.67 -50.502
3 16 -31.112 -4.85 -53.396 -30.527 -4.82 -54.898 -31.198 -5.25 -53.501
3 16 -32.747 -9.52 -52.709 -32.212 -9.89 -54.57 -32.378 -10.17 -54.328
3 16 -32.98 -10.8 -53.077 -32.747 -9.52 -52.709 -32.767 -10.64 -53.583
3 16 -33.12 -9.51 -51.58 -33.514 -10.81 -51.442 -33.213 -9.27 -51.095
3 16 -31.112 -4.85 -53.396 -30.415 -4.2 -54.666 -30.527 -4.82 -54.898
3 16 -32.185 -8.46 -53.455 -31.68 -8.53 -54.928 -32.378 -8.97 -53.328
3 16 -31.198 -5.25 -53.501 -30.527 -4.82 -54.898 -30.714 -5.49 -54.973
3 16 -31.39 -5.72 -53.376 -31.285 -5.5 -53.477 -30.952 -6.13 -54.887
3 16 -33.758 -10.27 -50.219 -33.765 -9.82 -49.82 -33.213 -9.27 -51.095
3 16 -33.758 -10.27 -50.219 -33.213 -9.27 -51.095 -33.675 -10.61 -50.767
3 16 -33.675 -10.61 -50.767 -33.213 -9.27 -51.095 -33.514 -10.81 -51.442
3 16 -31.285 -5.5 -53.477 -31.198 -5.25 -53.501 -30.714 -5.49 -54.973
3 16 -31.285 -5.5 -53.477 -30.714 -5.49 -54.973 -30.952 -6.13 -54.887
3 16 -31.417 -4.18 -52.021 -31.035 -2.86 -51.942 -31.21 -4.26 -52.644
3 16 -33.12 -9.51 -51.58 -33.276 -10.87 -52.235 -33.514 -10.81 -51.442
3 16 -32.747 -9.52 -52.709 -32.561 -9.32 -53.089 -32.212 -9.89 -54.57
3 16 -31.111 -4.5 -53.106 -30.648 -2.99 -53.06 -30.469 -3.25 -53.737
3 16 -32.747 -9.52 -52.709 -32.378 -10.17 -54.328 -32.553 -10.43 -54.037
3 16 -32.947 -9.58 -52.162 -32.747 -9.52 -52.709 -32.98 -10.8 -53.077
3 16 -31.111 -4.5 -53.106 -30.469 -3.25 -53.737 -31.112 -4.85 -53.396
3 16 -30.648 -2.99 -53.06 -31.21 -4.26 -52.644 -30.924 -2.87 -52.242
3 16 -31.111 -4.5 -53.106 -31.21 -4.26 -52.644 -30.648 -2.99 -53.06
3 16 -31.96 -9.34 -54.826 -32.378 -8.97 -53.328 -31.68 -8.53 -54.928
3 16 -33.276 -10.87 -52.235 -32.947 -9.58 -52.162 -32.98 -10.8 -53.077
3 16 -33.12 -9.51 -51.58 -32.947 -9.58 -52.162 -33.276 -10.87 -52.235
3 16 -31.776 -3.24 -50.255 -31.663 -4.27 -51.425 -32.156 -3.78 -49.64
3 16 -31.112 -4.85 -53.396 -30.39 -3.65 -54.272 -30.415 -4.2 -54.666
3 16 -31.21 -4.26 -52.644 -31.035 -2.86 -51.942 -30.924 -2.87 -52.242
3 16 -31.417 -4.18 -52.021 -31.663 -4.27 -51.425 -31.776 -3.24 -50.255
3 16 -31.112 -4.85 -53.396 -30.469 -3.25 -53.737 -30.39 -3.65 -54.272
3 16 -32.515 -4.54 -49.241 -31.906 -4.54 -50.977 -32.151 -5 -50.669
3 16 -32.561 -9.32 -53.089 -31.96 -9.34 -54.826 -32.212 -9.89 -54.57
3 16 -33.108 -8.65 -50.898 -33.322 -7.87 -49.592 -33.004 -8.42 -51.021
3 16 -33.108 -8.65 -50.898 -33.59 -8.71 -49.454 -33.322 -7.87 -49.592
3 16 -32.561 -9.32 -53.089 -32.378 -8.97 -53.328 -31.96 -9.34 -54.826
3 16 -31.678 -6.05 -52.867 -31.739 -7.37 -53.798 -32.084 -7.65 -53.068
3 16 -31.678 -6.05 -52.867 -32.084 -7.65 -53.068 -31.867 -6.18 -52.45
3 16 -31.867 -6.18 -52.45 -32.084 -7.65 -53.068 -32.827 -8.18 -51.352
3 16 -32.639 -6.74 -50.711 -32.194 -6.39 -51.707 -32.827 -8.18 -51.352
3 16 -32.639 -6.74 -50.711 -32.827 -8.18 -51.352 -32.973 -7.16 -50.066
3 16 -32.156 -3.78 -49.64 -31.663 -4.27 -51.425 -31.906 -4.54 -50.977
3 16 -31.906 -4.54 -50.977 -32.515 -4.54 -49.241 -32.156 -3.78 -49.64
3 16 -31.867 -6.18 -52.45 -32.827 -8.18 -51.352 -32.194 -6.39 -51.707
3 16 -33.004 -8.42 -51.021 -33.322 -7.87 -49.592 -32.973 -7.16 -50.066
3 16 -32.827 -8.18 -51.352 -33.004 -8.42 -51.021 -32.973 -7.16 -50.066
3 16 -31.465 -7.06 -54.29 -31.739 -7.37 -53.798 -31.39 -5.72 -53.376
3 16 -31.465 -7.06 -54.29 -31.39 -5.72 -53.376 -31.203 -6.65 -54.653
3 16 -33.711 -9.29 -49.552 -33.59 -8.71 -49.454 -33.108 -8.65 -50.898
3 16 -31.39 -5.72 -53.376 -30.952 -6.13 -54.887 -31.203 -6.65 -54.653
3 16 -33.185 -8.92 -50.89 -33.213 -9.27 -51.095 -33.765 -9.82 -49.82
3 16 -31.417 -4.18 -52.021 -31.377 -2.94 -51.094 -31.035 -2.86 -51.942
3 16 -32.515 -4.54 -49.241 -32.151 -5 -50.669 -32.854 -5.52 -49.057
3 16 -31.518 -5.9 -53.179 -31.39 -5.72 -53.376 -31.739 -7.37 -53.798
3 16 -31.417 -4.18 -52.021 -31.776 -3.24 -50.255 -31.377 -2.94 -51.094
3 16 -33.185 -8.92 -50.89 -33.765 -9.82 -49.82 -33.711 -9.29 -49.552
3 16 -32.747 -9.52 -52.709 -32.553 -10.43 -54.037 -32.767 -10.64 -53.583
3 16 -33.185 -8.92 -50.89 -33.711 -9.29 -49.552 -33.108 -8.65 -50.898
3 16 -31.678 -6.05 -52.867 -31.518 -5.9 -53.179 -31.739 -7.37 -53.798

