0 Etiqueta castor      |M:M
0 Name: pcastor.dat
0 Author: CPCBEGIN
0 BFC CERTIFY CCW
0 etiqueta babor
3 16 39.457 -10.74 -22.349 39.159 -9.43 -24.064 39.295 -9.43 -22.851
3 16 39.435 -9.3 -21.378 39.443 -9.1 -21.129 39.603 -10.53 -20.556
3 16 39.295 -9.43 -22.851 39.374 -9.43 -22.095 39.552 -10.69 -21.284
3 16 39.218 -5.77 -20.497 39.207 -6.11 -20.876 38.986 -5.82 -22.473
3 16 39.295 -9.43 -22.851 39.552 -10.69 -21.284 39.457 -10.74 -22.349
3 16 38.189 -3 -25.555 39.159 -9.43 -24.064 39.104 -10.74 -25.62
3 16 38.189 -3 -25.555 38.437 -3 -24.014 38.825 -6.23 -24.043
3 16 39.411 -9.41 -21.717 39.435 -9.3 -21.378 39.603 -10.53 -20.556
3 16 39.374 -9.43 -22.095 39.603 -10.53 -20.556 39.552 -10.69 -21.284
3 16 39.374 -9.43 -22.095 39.411 -9.41 -21.717 39.603 -10.53 -20.556
3 16 39.218 -5.77 -20.497 38.983 -5.42 -22.163 39.215 -5.28 -20.117
3 16 38.986 -5.82 -22.473 39.211 -7.49 -21.997 39.103 -7.47 -22.9
3 16 38.976 -6.05 -22.742 39.103 -7.47 -22.9 38.956 -6.16 -22.991
3 16 39.215 -5.28 -20.117 38.97 -4.68 -21.652 39.2 -4.51 -19.606
3 16 38.986 -5.82 -22.473 39.103 -7.47 -22.9 38.976 -6.05 -22.742
3 16 39.103 -7.47 -22.9 38.825 -6.23 -24.043 38.919 -6.22 -23.329
3 16 39.218 -5.77 -20.497 38.986 -5.82 -22.473 38.983 -5.42 -22.163
3 16 38.983 -5.42 -22.163 38.97 -4.68 -21.652 39.215 -5.28 -20.117
3 16 38.986 -5.82 -22.473 39.207 -6.11 -20.876 39.184 -6.42 -21.335
3 16 39.103 -7.47 -22.9 38.919 -6.22 -23.329 38.956 -6.16 -22.991
3 16 39.211 -7.49 -21.997 38.986 -5.82 -22.473 39.184 -6.42 -21.335
3 16 39.628 -9.79 -19.647 39.626 -10.24 -20.047 39.443 -9.1 -21.129
3 16 39.443 -9.1 -21.129 39.437 -8.83 -20.968 39.609 -9.22 -19.396
3 16 39.412 -8.47 -20.917 39.5 -7.78 -19.431 39.57 -8.57 -19.315
3 16 39.311 -7.69 -21.252 39.184 -6.42 -21.335 39.306 -6.67 -20.452
3 16 39.311 -7.69 -21.252 39.272 -7.56 -21.5 39.184 -6.42 -21.335
3 16 39.437 -8.83 -20.968 39.57 -8.57 -19.315 39.609 -9.22 -19.396
3 16 39.437 -8.83 -20.968 39.412 -8.47 -20.917 39.57 -8.57 -19.315
3 16 39.412 -8.47 -20.917 39.382 -8.15 -20.956 39.5 -7.78 -19.431
3 16 39.443 -9.1 -21.129 39.626 -10.24 -20.047 39.603 -10.53 -20.556
3 16 39.628 -9.79 -19.647 39.443 -9.1 -21.129 39.609 -9.22 -19.396
3 16 39.184 -6.42 -21.335 39.272 -7.56 -21.5 39.211 -7.49 -21.997
3 16 39.159 -9.43 -24.064 39.457 -10.74 -22.349 39.104 -10.74 -25.62
3 16 38.96 -7.47 -24.051 39.159 -9.43 -24.064 38.189 -3 -25.555
3 16 38.825 -6.23 -24.043 39.103 -7.47 -22.9 38.96 -7.47 -24.051
3 16 38.935 -3 -20.52 39.2 -4.51 -19.606 38.97 -4.68 -21.652
3 16 38.935 -3 -20.52 39.164 -3 -18.664 39.2 -4.51 -19.606
3 16 39.347 -7.89 -21.074 39.311 -7.69 -21.252 39.306 -6.67 -20.452
3 16 39.347 -7.89 -21.074 39.411 -7.13 -19.817 39.382 -8.15 -20.956
3 16 39.411 -7.13 -19.817 39.5 -7.78 -19.431 39.382 -8.15 -20.956
3 16 38.189 -3 -25.555 38.825 -6.23 -24.043 38.96 -7.47 -24.051
3 16 39.347 -7.89 -21.074 39.306 -6.67 -20.452 39.411 -7.13 -19.817
3 16 38.421 -8.06 -28.333 38.536 -6.86 -26.582 38.684 -8.29 -26.773
3 16 37.475 -8.23 -33.84 37.538 -6.88 -32.396 37.746 -8.04 -32.266
3 16 38.291 -6.9 -28.183 38.536 -6.86 -26.582 38.421 -8.06 -28.333
3 16 37.38 -5.72 -32.231 37.538 -6.88 -32.396 37.212 -6.82 -33.974
3 16 37.212 -6.82 -33.974 37.538 -6.88 -32.396 37.475 -8.23 -33.84
3 16 38.421 -8.06 -28.333 38.744 -9.44 -27.307 38.458 -8.88 -28.776
3 16 38.458 -8.88 -28.776 38.744 -9.44 -27.307 38.417 -9.37 -29.453
3 16 37.749 -9.37 -33.356 37.746 -8.04 -32.266 37.95 -8.88 -31.844
3 16 37.475 -8.23 -33.84 37.746 -8.04 -32.266 37.749 -9.37 -33.356
3 16 38.421 -8.06 -28.333 38.684 -8.29 -26.773 38.744 -9.44 -27.307
3 16 38.291 -6.9 -28.183 38.327 -5.44 -26.746 38.536 -6.86 -26.582
3 16 36.922 -4.29 -33.234 37.385 -4.37 -31.081 37.332 -4.88 -31.766
3 16 37.907 -4.88 -28.75 38.084 -4.3 -27.256 38.327 -5.44 -26.746
3 16 37.708 -4.37 -29.412 38.084 -4.3 -27.256 37.907 -4.88 -28.75
3 16 36.981 -3.34 -32.17 37.385 -4.37 -31.081 36.922 -4.29 -33.234
3 16 37.708 -4.37 -29.412 37.757 -3.34 -28.287 38.084 -4.3 -27.256
3 16 38.105 -5.72 -28.317 38.327 -5.44 -26.746 38.291 -6.9 -28.183
3 16 37.009 -5.42 -33.773 37.38 -5.72 -32.231 37.212 -6.82 -33.974
3 16 37.009 -5.42 -33.773 37.332 -4.88 -31.766 37.38 -5.72 -32.231
3 16 37.907 -4.88 -28.75 38.327 -5.44 -26.746 38.105 -5.72 -28.317
3 16 36.922 -4.29 -33.234 37.332 -4.88 -31.766 37.009 -5.42 -33.773
3 16 38.137 -9.37 -31.17 38.351 -10.82 -31.078 38.083 -10.39 -32.336
3 16 38.705 -10.4 -28.384 38.587 -10.81 -29.536 38.417 -9.37 -29.453
3 16 38.137 -9.37 -31.17 38.302 -9.54 -30.314 38.351 -10.82 -31.078
3 16 37.708 -4.37 -29.412 37.533 -2.99 -29.176 37.757 -3.34 -28.287
3 16 38.302 -9.54 -30.314 38.472 -10.87 -30.347 38.351 -10.82 -31.078
3 16 38.302 -9.54 -30.314 38.417 -9.37 -29.453 38.587 -10.81 -29.536
3 16 38.302 -9.54 -30.314 38.587 -10.81 -29.536 38.472 -10.87 -30.347
3 16 37.95 -8.88 -31.844 38.083 -10.39 -32.336 37.749 -9.37 -33.356
3 16 38.705 -10.4 -28.384 38.417 -9.37 -29.453 38.744 -9.44 -27.307
3 16 37.95 -8.88 -31.844 38.137 -9.37 -31.17 38.083 -10.39 -32.336
3 16 37.11 -2.99 -31.273 37.308 -2.87 -30.214 37.522 -4.2 -30.245
3 16 37.308 -2.87 -30.214 37.533 -2.99 -29.176 37.522 -4.2 -30.245
3 16 37.385 -4.37 -31.081 36.981 -3.34 -32.17 37.11 -2.99 -31.273
3 16 37.708 -4.37 -29.412 37.522 -4.2 -30.245 37.533 -2.99 -29.176
3 16 37.385 -4.37 -31.081 37.11 -2.99 -31.273 37.522 -4.2 -30.245
3 16 35.27 -3 -38.955 35.668 -3 -37.447 36.906 -9.43 -37.592
3 16 37.584 -10.74 -35.371 36.034 -9.43 -41.352 36.566 -9.43 -39.114
3 16 36.906 -9.43 -37.592 37.374 -9.43 -35.35 37.584 -10.74 -35.371
3 16 36.034 -9.43 -41.352 37.584 -10.74 -35.371 36.291 -10.74 -41.383
3 16 36.906 -9.43 -37.592 37.584 -10.74 -35.371 36.566 -9.43 -39.114
3 16 35.27 -3 -38.955 36.906 -9.43 -37.592 36.566 -9.43 -39.114
3 16 33.128 -5.52 -48.231 33.526 -5 -46.564 33.631 -5.67 -46.79
3 16 34.343 -4.85 -43.776 34.784 -4.82 -42.229 34.462 -5.25 -43.703
3 16 35.143 -9.52 -44.858 35.721 -9.89 -42.983 35.712 -10.17 -43.252
3 16 35.505 -10.8 -44.576 35.143 -9.52 -44.858 35.607 -10.64 -44.049
3 16 34.822 -9.51 -46.004 35.059 -10.81 -46.237 34.63 -9.27 -46.477
3 16 34.343 -4.85 -43.776 34.584 -4.2 -42.411 34.784 -4.82 -42.229
3 16 35.131 -8.46 -44.016 35.55 -8.53 -42.511 35.201 -8.97 -44.186
3 16 34.462 -5.25 -43.703 34.784 -4.82 -42.229 34.946 -5.49 -42.211
3 16 34.527 -5.72 -43.873 34.51 -5.5 -43.75 35.054 -6.13 -42.356
3 16 34.595 -10.27 -47.432 34.377 -9.82 -47.801 34.63 -9.27 -46.477
3 16 34.595 -10.27 -47.432 34.63 -9.27 -46.477 34.826 -10.61 -46.905
3 16 34.826 -10.61 -46.905 34.63 -9.27 -46.477 35.059 -10.81 -46.237
3 16 34.51 -5.5 -43.75 34.462 -5.25 -43.703 34.946 -5.49 -42.211
3 16 34.51 -5.5 -43.75 34.946 -5.49 -42.211 35.054 -6.13 -42.356
3 16 33.765 -4.18 -45.12 33.431 -2.86 -45.079 33.979 -4.26 -44.493
3 16 34.822 -9.51 -46.004 35.291 -10.87 -45.438 35.059 -10.81 -46.237
3 16 35.143 -9.52 -44.858 35.207 -9.32 -44.456 35.721 -9.89 -42.983
3 16 34.177 -4.5 -44.042 33.821 -2.99 -43.949 34.092 -3.25 -43.28
3 16 35.143 -9.52 -44.858 35.712 -10.17 -43.252 35.686 -10.43 -43.569
3 16 35.002 -9.58 -45.419 35.143 -9.52 -44.858 35.505 -10.8 -44.576
3 16 34.177 -4.5 -44.042 34.092 -3.25 -43.28 34.343 -4.85 -43.776
3 16 33.821 -2.99 -43.949 33.979 -4.26 -44.493 33.531 -2.87 -44.774
3 16 34.177 -4.5 -44.042 33.979 -4.26 -44.493 33.821 -2.99 -43.949
3 16 35.682 -9.34 -42.678 35.201 -8.97 -44.186 35.55 -8.53 -42.511
3 16 35.291 -10.87 -45.438 35.002 -9.58 -45.419 35.505 -10.8 -44.576
3 16 34.822 -9.51 -46.004 35.002 -9.58 -45.419 35.291 -10.87 -45.438
3 16 32.965 -3.24 -46.825 33.596 -4.27 -45.734 32.892 -3.78 -47.493
3 16 34.343 -4.85 -43.776 34.346 -3.65 -42.767 34.584 -4.2 -42.411
3 16 33.979 -4.26 -44.493 33.431 -2.86 -45.079 33.531 -2.87 -44.774
3 16 33.765 -4.18 -45.12 33.596 -4.27 -45.734 32.965 -3.24 -46.825
3 16 34.343 -4.85 -43.776 34.092 -3.25 -43.28 34.346 -3.65 -42.767
3 16 32.947 -4.54 -47.962 33.516 -4.54 -46.212 33.526 -5 -46.564
3 16 35.207 -9.32 -44.456 35.682 -9.34 -42.678 35.721 -9.89 -42.983
3 16 34.435 -8.65 -46.63 33.861 -7.87 -47.885 34.421 -8.42 -46.487
3 16 34.435 -8.65 -46.63 34.014 -8.71 -48.088 33.861 -7.87 -47.885
3 16 35.207 -9.32 -44.456 35.201 -8.97 -44.186 35.682 -9.34 -42.678
3 16 34.447 -6.05 -44.421 35.002 -7.37 -43.579 34.852 -7.65 -44.348
3 16 34.447 -6.05 -44.421 34.852 -7.65 -44.348 34.351 -6.18 -44.857
3 16 34.351 -6.18 -44.857 34.852 -7.65 -44.348 34.466 -8.18 -46.134
3 16 33.946 -6.74 -46.668 34.172 -6.39 -45.631 34.466 -8.18 -46.134
3 16 33.946 -6.74 -46.668 34.466 -8.18 -46.134 33.843 -7.16 -47.352
3 16 32.892 -3.78 -47.493 33.596 -4.27 -45.734 33.516 -4.54 -46.212
3 16 33.516 -4.54 -46.212 32.947 -4.54 -47.962 32.892 -3.78 -47.493
3 16 34.351 -6.18 -44.857 34.466 -8.18 -46.134 34.172 -6.39 -45.631
3 16 34.421 -8.42 -46.487 33.861 -7.87 -47.885 33.843 -7.16 -47.352
3 16 34.466 -8.18 -46.134 34.421 -8.42 -46.487 33.843 -7.16 -47.352
3 16 35.077 -7.06 -43.049 35.002 -7.37 -43.579 34.527 -5.72 -43.873
3 16 35.077 -7.06 -43.049 34.527 -5.72 -43.873 35.095 -6.65 -42.641
3 16 34.177 -9.29 -48.032 34.014 -8.71 -48.088 34.435 -8.65 -46.63
3 16 34.527 -5.72 -43.873 35.054 -6.13 -42.356 35.095 -6.65 -42.641
3 16 34.493 -8.92 -46.658 34.63 -9.27 -46.477 34.377 -9.82 -47.801
3 16 33.765 -4.18 -45.12 33.171 -2.94 -45.948 33.431 -2.86 -45.079
3 16 32.947 -4.54 -47.962 33.526 -5 -46.564 33.128 -5.52 -48.231
3 16 34.508 -5.9 -44.09 34.527 -5.72 -43.873 35.002 -7.37 -43.579
3 16 33.765 -4.18 -45.12 32.965 -3.24 -46.825 33.171 -2.94 -45.948
3 16 34.493 -8.92 -46.658 34.377 -9.82 -47.801 34.177 -9.29 -48.032
3 16 35.143 -9.52 -44.858 35.686 -10.43 -43.569 35.607 -10.64 -44.049
3 16 34.493 -8.92 -46.658 34.177 -9.29 -48.032 34.435 -8.65 -46.63
3 16 34.447 -6.05 -44.421 34.508 -5.9 -44.09 35.002 -7.37 -43.579
3 16 32.019 -6.06 -51.927 32.129 -3 -49.066 33.205 -10.74 -52.343
3 16 32.019 -6.06 -51.927 31.822 -4.76 -51.393 32.129 -3 -49.066
3 16 31.297 -6.06 -53.91 31.822 -4.76 -51.393 32.019 -6.06 -51.927
3 16 31.297 -6.06 -53.91 29.343 -3 -56.318 30.744 -4.76 -54.288
3 16 31.297 -6.06 -53.91 32.685 -10.74 -53.909 29.343 -3 -56.318
3 16 30.744 -4.76 -54.288 29.343 -3 -56.318 29.972 -3 -54.782
3 16 31.297 -6.06 -53.91 30.744 -4.76 -54.288 31.822 -4.76 -51.393
3 16 31.297 -6.06 -53.91 32.458 -8.94 -53.071 32.685 -10.74 -53.909
3 16 32.129 -3 -49.066 31.822 -4.76 -51.393 31.554 -3 -50.665
3 16 32.458 -8.94 -53.071 33.205 -10.74 -52.343 32.685 -10.74 -53.909
3 16 32.019 -6.06 -51.927 33.205 -10.74 -52.343 32.458 -8.94 -53.071
3 16 30.102 -8.7 -59.207 30.851 -9.86 -58.258 30.12 -9 -59.41
3 16 30.12 -9 -59.41 30.851 -9.86 -58.258 30.808 -10.29 -58.73
3 16 29.271 -4.42 -57.673 29.006 -5.22 -58.97 28.734 -4.75 -59.214
3 16 30.023 -8.24 -59.021 30.703 -8.61 -57.601 30.102 -8.7 -59.207
3 16 29.271 -4.42 -57.673 29.714 -5.37 -57.391 29.006 -5.22 -58.97
3 16 30.12 -9 -59.41 30.808 -10.29 -58.73 30.083 -9.3 -59.753
3 16 30.816 -9.31 -57.892 30.102 -8.7 -59.207 30.703 -8.61 -57.601
3 16 28.478 -4.43 -59.541 28.241 -4.25 -59.932 28.485 -3.3 -58.583
3 16 30.816 -9.31 -57.892 30.851 -9.86 -58.258 30.102 -8.7 -59.207
3 16 28.734 -4.75 -59.214 28.478 -4.43 -59.541 28.92 -3.83 -58.012
3 16 28.734 -4.75 -59.214 28.92 -3.83 -58.012 29.271 -4.42 -57.673
3 16 29.714 -5.37 -57.391 29.287 -5.85 -58.827 29.006 -5.22 -58.97
3 16 26.967 -4.71 -63.126 27.746 -5.19 -61.827 27.934 -6.03 -62.107
3 16 26.967 -4.71 -63.126 27.73 -4.64 -61.403 27.746 -5.19 -61.827
3 16 26.925 -3.92 -62.557 27.839 -4.31 -60.887 27.73 -4.64 -61.403
3 16 26.925 -3.92 -62.557 27.73 -4.64 -61.403 26.967 -4.71 -63.126
3 16 26.967 -4.71 -63.126 27.934 -6.03 -62.107 27.242 -5.94 -63.557
3 16 27.626 -7.12 -63.701 28.663 -8.11 -62.18 28.084 -8.26 -63.629
3 16 28.084 -8.26 -63.629 28.663 -8.11 -62.18 29.014 -8.81 -61.942
3 16 27.626 -7.12 -63.701 28.289 -7.14 -62.232 28.663 -8.11 -62.18
3 16 27.242 -5.94 -63.557 27.934 -6.03 -62.107 28.289 -7.14 -62.232
3 16 27.242 -5.94 -63.557 28.289 -7.14 -62.232 27.626 -7.12 -63.701
3 16 28.478 -4.43 -59.541 28.485 -3.3 -58.583 28.92 -3.83 -58.012
3 16 29.818 -9.54 -60.612 29.979 -9.48 -60.163 30.26 -10.87 -60.617
3 16 29.952 -10.81 -61.338 29.818 -9.54 -60.612 30.26 -10.87 -60.617
3 16 27.617 -2.87 -60.179 28.067 -4.2 -60.285 27.256 -2.99 -61.07
3 16 30.26 -10.87 -60.617 29.979 -9.48 -60.163 30.49 -10.82 -59.991
3 16 27.617 -2.87 -60.179 28.044 -2.97 -59.31 28.067 -4.2 -60.285
3 16 29.63 -10.61 -61.965 29.284 -10.27 -62.516 29.592 -9.47 -61.107
3 16 29.63 -10.61 -61.965 29.592 -9.47 -61.107 29.952 -10.81 -61.338
3 16 29.592 -9.47 -61.107 29.818 -9.54 -60.612 29.952 -10.81 -61.338
3 16 29.345 -9.26 -61.528 29.592 -9.47 -61.107 29.284 -10.27 -62.516
3 16 29.345 -9.26 -61.528 29.284 -10.27 -62.516 28.926 -9.81 -62.984
3 16 28.067 -4.2 -60.285 28.044 -2.97 -59.31 28.241 -4.25 -59.932
3 16 27.025 -3.34 -61.859 27.839 -4.31 -60.887 26.925 -3.92 -62.557
3 16 28.067 -4.2 -60.285 27.839 -4.31 -60.887 27.256 -2.99 -61.07
3 16 30.666 -10.67 -59.414 30.083 -9.3 -59.753 30.808 -10.29 -58.73
3 16 29.014 -8.81 -61.942 29.345 -9.26 -61.528 28.441 -9 -63.434
3 16 29.014 -8.81 -61.942 28.441 -9 -63.434 28.084 -8.26 -63.629
3 16 27.025 -3.34 -61.859 27.256 -2.99 -61.07 27.839 -4.31 -60.887
3 16 29.345 -9.26 -61.528 28.926 -9.81 -62.984 28.441 -9 -63.434
3 16 29.979 -9.48 -60.163 30.083 -9.3 -59.753 30.49 -10.82 -59.991
3 16 30.083 -9.3 -59.753 30.666 -10.67 -59.414 30.49 -10.82 -59.991
3 16 28.241 -4.25 -59.932 28.044 -2.97 -59.31 28.485 -3.3 -58.583
0 etiqueta estribor
3 16 -39.135 -8.7 -23.662 -39.12 -9.86 -24.751 -39.187 -9 -23.465
3 16 -39.187 -9 -23.465 -39.12 -9.86 -24.751 -39.217 -10.29 -24.277
3 16 -38.47 -4.42 -24.987 -38.762 -5.22 -23.658 -38.749 -4.75 -23.357
3 16 -39.069 -8.24 -23.828 -38.913 -8.61 -25.368 -39.135 -8.7 -23.662
3 16 -38.47 -4.42 -24.987 -38.533 -5.37 -25.362 -38.762 -5.22 -23.658
3 16 -39.187 -9 -23.465 -39.217 -10.29 -24.277 -39.254 -9.3 -23.119
3 16 -39.021 -9.31 -25.105 -39.135 -8.7 -23.662 -38.913 -8.61 -25.368
3 16 -38.765 -4.43 -22.978 -38.805 -4.25 -22.541 -38.49 -3.3 -23.918
3 16 -39.021 -9.31 -25.105 -39.12 -9.86 -24.751 -39.135 -8.7 -23.662
3 16 -38.749 -4.75 -23.357 -38.765 -4.43 -22.978 -38.457 -3.83 -24.576
3 16 -38.749 -4.75 -23.357 -38.457 -3.83 -24.576 -38.47 -4.42 -24.987
3 16 -38.533 -5.37 -25.362 -38.807 -5.85 -23.861 -38.762 -5.22 -23.658
3 16 -39.275 -4.71 -19.1 -39.155 -5.19 -20.563 -39.261 -6.03 -20.329
3 16 -39.275 -4.71 -19.1 -39.05 -4.64 -20.977 -39.155 -5.19 -20.563
3 16 -39.138 -3.92 -19.652 -38.949 -4.31 -21.511 -39.05 -4.64 -20.977
3 16 -39.138 -3.92 -19.652 -39.05 -4.64 -20.977 -39.275 -4.71 -19.1
3 16 -39.275 -4.71 -19.1 -39.261 -6.03 -20.329 -39.419 -5.94 -18.738
3 16 -39.518 -7.12 -18.682 -39.432 -8.11 -20.418 -39.587 -8.26 -18.855
3 16 -39.587 -8.26 -18.855 -39.432 -8.11 -20.418 -39.458 -8.81 -20.73
3 16 -39.518 -7.12 -18.682 -39.364 -7.14 -20.285 -39.432 -8.11 -20.418
3 16 -39.419 -5.94 -18.738 -39.261 -6.03 -20.329 -39.364 -7.14 -20.285
3 16 -39.419 -5.94 -18.738 -39.364 -7.14 -20.285 -39.518 -7.12 -18.682
3 16 -38.765 -4.43 -22.978 -38.49 -3.3 -23.918 -38.457 -3.83 -24.576
3 16 -39.371 -9.54 -22.215 -39.316 -9.48 -22.692 -39.472 -10.87 -22.3
3 16 -39.54 -10.81 -21.523 -39.371 -9.54 -22.215 -39.472 -10.87 -22.3
3 16 -38.698 -2.87 -22.154 -38.852 -4.2 -22.154 -38.845 -2.99 -21.194
3 16 -39.472 -10.87 -22.3 -39.316 -9.48 -22.692 -39.403 -10.82 -22.967
3 16 -38.698 -2.87 -22.154 -38.572 -2.97 -23.105 -38.852 -4.2 -22.154
3 16 -39.585 -10.61 -20.835 -39.614 -10.27 -20.216 -39.42 -9.47 -21.678
3 16 -39.585 -10.61 -20.835 -39.42 -9.47 -21.678 -39.54 -10.81 -21.523
3 16 -39.42 -9.47 -21.678 -39.371 -9.54 -22.215 -39.54 -10.81 -21.523
3 16 -39.448 -9.26 -21.209 -39.42 -9.47 -21.678 -39.614 -10.27 -20.216
3 16 -39.448 -9.26 -21.209 -39.614 -10.27 -20.216 -39.627 -9.81 -19.677
3 16 -38.852 -4.2 -22.154 -38.572 -2.97 -23.105 -38.805 -4.25 -22.541
3 16 -38.992 -3.34 -20.363 -38.949 -4.31 -21.511 -39.138 -3.92 -19.652
3 16 -38.852 -4.2 -22.154 -38.949 -4.31 -21.511 -38.845 -2.99 -21.194
3 16 -39.328 -10.67 -23.573 -39.254 -9.3 -23.119 -39.217 -10.29 -24.277
3 16 -39.458 -8.81 -20.73 -39.448 -9.26 -21.209 -39.616 -9 -19.127
3 16 -39.458 -8.81 -20.73 -39.616 -9 -19.127 -39.587 -8.26 -18.855
3 16 -38.992 -3.34 -20.363 -38.845 -2.99 -21.194 -38.949 -4.31 -21.511
3 16 -39.448 -9.26 -21.209 -39.627 -9.81 -19.677 -39.616 -9 -19.127
3 16 -39.316 -9.48 -22.692 -39.254 -9.3 -23.119 -39.403 -10.82 -22.967
3 16 -39.254 -9.3 -23.119 -39.328 -10.67 -23.573 -39.403 -10.82 -22.967
3 16 -38.805 -4.25 -22.541 -38.572 -2.97 -23.105 -38.49 -3.3 -23.918
3 16 -37.641 -6.06 -31.176 -36.524 -3 -33.94 -38.35 -10.74 -31.018
3 16 -37.641 -6.06 -31.176 -37.336 -4.76 -31.646 -36.524 -3 -33.94
3 16 -38.019 -6.06 -29.1 -37.336 -4.76 -31.646 -37.641 -6.06 -31.176
3 16 -38.019 -6.06 -29.1 -38.058 -3 -26.323 -37.914 -4.76 -28.611
3 16 -38.019 -6.06 -29.1 -38.6 -10.74 -29.387 -38.058 -3 -26.323
3 16 -37.914 -4.76 -28.611 -38.058 -3 -26.323 -37.766 -3 -27.958
3 16 -38.019 -6.06 -29.1 -37.914 -4.76 -28.611 -37.336 -4.76 -31.646
3 16 -38.019 -6.06 -29.1 -38.246 -8.94 -30.159 -38.6 -10.74 -29.387
3 16 -36.524 -3 -33.94 -37.336 -4.76 -31.646 -36.896 -3 -32.281
3 16 -38.246 -8.94 -30.159 -38.35 -10.74 -31.018 -38.6 -10.74 -29.387
3 16 -37.641 -6.06 -31.176 -38.35 -10.74 -31.018 -38.246 -8.94 -30.159
3 16 -36.767 -5.52 -34.967 -36.281 -5 -36.641 -36.458 -5.67 -36.452
3 16 -35.545 -4.85 -39.461 -35.123 -4.82 -41.015 -35.607 -5.25 -39.559
3 16 -36.694 -9.52 -38.629 -36.324 -9.89 -40.537 -36.439 -10.17 -40.28
3 16 -36.853 -10.8 -38.976 -36.694 -9.52 -38.629 -36.707 -10.64 -39.5
3 16 -36.948 -9.51 -37.466 -37.213 -10.81 -37.294 -37.011 -9.27 -36.973
3 16 -35.545 -4.85 -39.461 -35.041 -4.2 -40.794 -35.123 -4.82 -41.015
3 16 -36.305 -8.46 -39.424 -35.95 -8.53 -40.942 -36.439 -8.97 -39.28
3 16 -35.607 -5.25 -39.559 -35.123 -4.82 -41.015 -35.259 -5.49 -41.073
3 16 -35.744 -5.72 -39.416 -35.669 -5.5 -39.527 -35.43 -6.13 -40.966
3 16 -37.374 -10.27 -36.05 -37.379 -9.82 -35.651 -37.011 -9.27 -36.973
3 16 -37.374 -10.27 -36.05 -37.011 -9.27 -36.973 -37.32 -10.61 -36.605
3 16 -37.32 -10.61 -36.605 -37.011 -9.27 -36.973 -37.213 -10.81 -37.294
3 16 -35.669 -5.5 -39.527 -35.607 -5.25 -39.559 -35.259 -5.49 -41.073
3 16 -35.669 -5.5 -39.527 -35.259 -5.49 -41.073 -35.43 -6.13 -40.966
3 16 -35.763 -4.18 -38.059 -35.49 -2.86 -38.014 -35.616 -4.26 -38.7
3 16 -36.948 -9.51 -37.466 -37.053 -10.87 -38.107 -37.213 -10.81 -37.294
3 16 -36.694 -9.52 -38.629 -36.566 -9.32 -39.024 -36.324 -9.89 -40.537
3 16 -35.545 -4.5 -39.171 -35.211 -2.99 -39.167 -35.081 -3.25 -39.86
3 16 -36.694 -9.52 -38.629 -36.439 -10.17 -40.28 -36.56 -10.43 -39.974
3 16 -36.83 -9.58 -38.064 -36.694 -9.52 -38.629 -36.853 -10.8 -38.976
3 16 -35.545 -4.5 -39.171 -35.081 -3.25 -39.86 -35.545 -4.85 -39.461
3 16 -35.211 -2.99 -39.167 -35.616 -4.26 -38.7 -35.41 -2.87 -38.323
3 16 -35.545 -4.5 -39.171 -35.616 -4.26 -38.7 -35.211 -2.99 -39.167
3 16 -36.147 -9.34 -40.816 -36.439 -8.97 -39.28 -35.95 -8.53 -40.942
3 16 -37.053 -10.87 -38.107 -36.83 -9.58 -38.064 -36.853 -10.8 -38.976
3 16 -36.948 -9.51 -37.466 -36.83 -9.58 -38.064 -37.053 -10.87 -38.107
3 16 -36.018 -3.24 -36.26 -35.938 -4.27 -37.44 -36.285 -3.78 -35.612
3 16 -35.545 -4.85 -39.461 -35.023 -3.65 -40.402 -35.041 -4.2 -40.794
3 16 -35.616 -4.26 -38.7 -35.49 -2.86 -38.014 -35.41 -2.87 -38.323
3 16 -35.763 -4.18 -38.059 -35.938 -4.27 -37.44 -36.018 -3.24 -36.26
3 16 -35.545 -4.85 -39.461 -35.081 -3.25 -39.86 -35.023 -3.65 -40.402
3 16 -36.534 -4.54 -35.181 -36.109 -4.54 -36.971 -36.281 -5 -36.641
3 16 -36.566 -9.32 -39.024 -36.147 -9.34 -40.816 -36.324 -9.89 -40.537
3 16 -36.94 -8.65 -36.785 -37.084 -7.87 -35.461 -36.87 -8.42 -36.918
3 16 -36.94 -8.65 -36.785 -37.263 -8.71 -35.299 -37.084 -7.87 -35.461
3 16 -36.566 -9.32 -39.024 -36.439 -8.97 -39.28 -36.147 -9.34 -40.816
3 16 -35.949 -6.05 -38.882 -35.992 -7.37 -39.807 -36.235 -7.65 -39.046
3 16 -35.949 -6.05 -38.882 -36.235 -7.65 -39.046 -36.083 -6.18 -38.448
3 16 -36.083 -6.18 -38.448 -36.235 -7.65 -39.046 -36.749 -8.18 -37.265
3 16 -36.619 -6.74 -36.64 -36.311 -6.39 -37.675 -36.749 -8.18 -37.265
3 16 -36.619 -6.74 -36.64 -36.749 -8.18 -37.265 -36.848 -7.16 -35.966
3 16 -36.285 -3.78 -35.612 -35.938 -4.27 -37.44 -36.109 -4.54 -36.971
3 16 -36.109 -4.54 -36.971 -36.534 -4.54 -35.181 -36.285 -3.78 -35.612
3 16 -36.083 -6.18 -38.448 -36.749 -8.18 -37.265 -36.311 -6.39 -37.675
3 16 -36.87 -8.42 -36.918 -37.084 -7.87 -35.461 -36.848 -7.16 -35.966
3 16 -36.749 -8.18 -37.265 -36.87 -8.42 -36.918 -36.848 -7.16 -35.966
3 16 -35.798 -7.06 -40.323 -35.992 -7.37 -39.807 -35.744 -5.72 -39.416
3 16 -35.798 -7.06 -40.323 -35.744 -5.72 -39.416 -35.611 -6.65 -40.709
3 16 -37.343 -9.29 -35.387 -37.263 -8.71 -35.299 -36.94 -8.65 -36.785
3 16 -35.744 -5.72 -39.416 -35.43 -6.13 -40.966 -35.611 -6.65 -40.709
3 16 -36.992 -8.92 -36.771 -37.011 -9.27 -36.973 -37.379 -9.82 -35.651
3 16 -35.763 -4.18 -38.059 -35.735 -2.94 -37.135 -35.49 -2.86 -38.014
3 16 -36.534 -4.54 -35.181 -36.281 -5 -36.641 -36.767 -5.52 -34.967
3 16 -35.836 -5.9 -39.208 -35.744 -5.72 -39.416 -35.992 -7.37 -39.807
3 16 -35.763 -4.18 -38.059 -36.018 -3.24 -36.26 -35.735 -2.94 -37.135
3 16 -36.992 -8.92 -36.771 -37.379 -9.82 -35.651 -37.343 -9.29 -35.387
3 16 -36.694 -9.52 -38.629 -36.56 -10.43 -39.974 -36.707 -10.64 -39.5
3 16 -36.992 -8.92 -36.771 -37.343 -9.29 -35.387 -36.94 -8.65 -36.785
3 16 -35.949 -6.05 -38.882 -35.836 -5.9 -39.208 -35.992 -7.37 -39.807
3 16 -33.758 -3 -44.159 -33.286 -3 -45.646 -34.839 -9.43 -45.877
3 16 -34.509 -10.74 -48.12 -35.836 -9.43 -42.148 -35.254 -9.43 -44.373
3 16 -34.839 -9.43 -45.877 -34.199 -9.43 -48.075 -34.509 -10.74 -48.12
3 16 -35.836 -9.43 -42.148 -34.509 -10.74 -48.12 -36.099 -10.74 -42.18
3 16 -34.839 -9.43 -45.877 -34.509 -10.74 -48.12 -35.254 -9.43 -44.373
3 16 -33.758 -3 -44.159 -34.839 -9.43 -45.877 -35.254 -9.43 -44.373
3 16 -31.597 -8.06 -54.763 -30.625 -6.86 -56.346 -31.114 -8.29 -56.256
3 16 -33.454 -8.23 -49.482 -32.647 -6.88 -50.803 -32.908 -8.04 -50.996
3 16 -31.213 -6.9 -54.834 -30.625 -6.86 -56.346 -31.597 -8.06 -54.763
3 16 -32.283 -5.72 -50.892 -32.647 -6.88 -50.803 -33.141 -6.82 -49.273
3 16 -33.141 -6.82 -49.273 -32.647 -6.88 -50.803 -33.454 -8.23 -49.482
3 16 -31.597 -8.06 -54.763 -31.632 -9.44 -55.819 -31.979 -8.88 -54.39
3 16 -31.979 -8.88 -54.39 -31.632 -9.44 -55.819 -32.34 -9.37 -53.771
3 16 -33.587 -9.37 -50.013 -32.908 -8.04 -50.996 -32.99 -8.88 -51.449
3 16 -33.454 -8.23 -49.482 -32.908 -8.04 -50.996 -33.587 -9.37 -50.013
3 16 -31.597 -8.06 -54.763 -31.114 -8.29 -56.256 -31.632 -9.44 -55.819
3 16 -31.213 -6.9 -54.834 -30.258 -5.44 -56.097 -30.625 -6.86 -56.346
3 16 -32.237 -4.29 -49.834 -31.516 -4.37 -51.909 -31.897 -4.88 -51.286
3 16 -30.83 -4.88 -54.164 -30.103 -4.3 -55.537 -30.258 -5.44 -56.097
3 16 -30.921 -4.37 -53.501 -30.103 -4.3 -55.537 -30.83 -4.88 -54.164
3 16 -31.61 -3.34 -50.795 -31.516 -4.37 -51.909 -32.237 -4.29 -49.834
3 16 -30.921 -4.37 -53.501 -30.199 -3.34 -54.495 -30.103 -4.3 -55.537
3 16 -30.919 -5.72 -54.631 -30.258 -5.44 -56.097 -31.213 -6.9 -54.834
3 16 -32.716 -5.42 -49.384 -32.283 -5.72 -50.892 -33.141 -6.82 -49.273
3 16 -32.716 -5.42 -49.384 -31.897 -4.88 -51.286 -32.283 -5.72 -50.892
3 16 -30.83 -4.88 -54.164 -30.258 -5.44 -56.097 -30.919 -5.72 -54.631
3 16 -32.237 -4.29 -49.834 -31.897 -4.88 -51.286 -32.716 -5.42 -49.384
3 16 -32.901 -9.37 -52.124 -33.245 -10.82 -52.29 -33.526 -10.39 -51.054
3 16 -32.264 -10.4 -54.849 -32.751 -10.81 -53.77 -32.34 -9.37 -53.771
3 16 -32.901 -9.37 -52.124 -32.669 -9.54 -52.956 -33.245 -10.82 -52.29
3 16 -30.921 -4.37 -53.501 -30.427 -2.99 -53.629 -30.199 -3.34 -54.495
3 16 -32.669 -9.54 -52.956 -33.027 -10.87 -52.995 -33.245 -10.82 -52.29
3 16 -32.669 -9.54 -52.956 -32.34 -9.37 -53.771 -32.751 -10.81 -53.77
3 16 -32.669 -9.54 -52.956 -32.751 -10.81 -53.77 -33.027 -10.87 -52.995
3 16 -32.99 -8.88 -51.449 -33.526 -10.39 -51.054 -33.587 -9.37 -50.013
3 16 -32.264 -10.4 -54.849 -32.34 -9.37 -53.771 -31.632 -9.44 -55.819
3 16 -32.99 -8.88 -51.449 -32.901 -9.37 -52.124 -33.526 -10.39 -51.054
3 16 -31.193 -2.99 -51.631 -30.774 -2.87 -52.634 -31.171 -4.2 -52.697
3 16 -30.774 -2.87 -52.634 -30.427 -2.99 -53.629 -31.171 -4.2 -52.697
3 16 -31.516 -4.37 -51.909 -31.61 -3.34 -50.795 -31.193 -2.99 -51.631
3 16 -30.921 -4.37 -53.501 -31.171 -4.2 -52.697 -30.427 -2.99 -53.629
3 16 -31.516 -4.37 -51.909 -31.193 -2.99 -51.631 -31.171 -4.2 -52.697
3 16 -30.239 -10.74 -60.563 -30.473 -9.43 -58.877 -30.023 -9.43 -60.012
3 16 -29.423 -9.3 -61.374 -29.263 -9.1 -61.592 -29.498 -10.53 -62.219
3 16 -30.023 -9.43 -60.012 -29.738 -9.43 -60.716 -29.825 -10.69 -61.553
3 16 -27.915 -5.77 -61.933 -28.185 -6.11 -61.61 -28.731 -5.82 -60.114
3 16 -30.023 -9.43 -60.012 -29.825 -10.69 -61.553 -30.239 -10.74 -60.563
3 16 -29.041 -3 -57.037 -30.473 -9.43 -58.877 -31.416 -10.74 -57.491
3 16 -29.041 -3 -57.037 -28.425 -3 -58.47 -29.477 -6.23 -58.685
3 16 -29.588 -9.41 -61.067 -29.423 -9.3 -61.374 -29.498 -10.53 -62.219
3 16 -29.738 -9.43 -60.716 -29.498 -10.53 -62.219 -29.825 -10.69 -61.553
3 16 -29.738 -9.43 -60.716 -29.588 -9.41 -61.067 -29.498 -10.53 -62.219
3 16 -27.915 -5.77 -61.933 -28.476 -5.42 -60.371 -27.592 -5.28 -62.243
3 16 -28.731 -5.82 -60.114 -29.084 -7.49 -60.676 -29.429 -7.47 -59.835
3 16 -28.912 -6.05 -59.881 -29.429 -7.47 -59.835 -29.046 -6.16 -59.658
3 16 -27.592 -5.28 -62.243 -28.022 -4.68 -60.786 -27.112 -4.51 -62.648
3 16 -28.731 -5.82 -60.114 -29.429 -7.47 -59.835 -28.912 -6.05 -59.881
3 16 -29.429 -7.47 -59.835 -29.477 -6.23 -58.685 -29.197 -6.22 -59.349
3 16 -27.915 -5.77 -61.933 -28.731 -5.82 -60.114 -28.476 -5.42 -60.371
3 16 -28.476 -5.42 -60.371 -28.022 -4.68 -60.786 -27.592 -5.28 -62.243
3 16 -28.731 -5.82 -60.114 -28.185 -6.11 -61.61 -28.473 -6.42 -61.21
3 16 -29.429 -7.47 -59.835 -29.197 -6.22 -59.349 -29.046 -6.16 -59.658
3 16 -29.084 -7.49 -60.676 -28.731 -5.82 -60.114 -28.473 -6.42 -61.21
3 16 -28.907 -9.79 -63.01 -29.209 -10.24 -62.671 -29.263 -9.1 -61.592
3 16 -29.263 -9.1 -61.592 -29.114 -8.83 -61.722 -28.621 -9.22 -63.201
3 16 -28.978 -8.47 -61.744 -28.157 -7.78 -63.064 -28.374 -8.57 -63.23
3 16 -28.856 -7.69 -61.379 -28.473 -6.42 -61.21 -28.199 -6.67 -62.043
3 16 -28.856 -7.69 -61.379 -28.912 -7.56 -61.141 -28.473 -6.42 -61.21
3 16 -29.114 -8.83 -61.722 -28.374 -8.57 -63.23 -28.621 -9.22 -63.201
3 16 -29.114 -8.83 -61.722 -28.978 -8.47 -61.744 -28.374 -8.57 -63.23
3 16 -28.978 -8.47 -61.744 -28.889 -8.15 -61.686 -28.157 -7.78 -63.064
3 16 -29.263 -9.1 -61.592 -29.209 -10.24 -62.671 -29.498 -10.53 -62.219
3 16 -28.907 -9.79 -63.01 -29.263 -9.1 -61.592 -28.621 -9.22 -63.201
3 16 -28.473 -6.42 -61.21 -28.912 -7.56 -61.141 -29.084 -7.49 -60.676
3 16 -30.473 -9.43 -58.877 -30.239 -10.74 -60.563 -31.416 -10.74 -57.491
3 16 -29.869 -7.47 -58.762 -30.473 -9.43 -58.877 -29.041 -3 -57.037
3 16 -29.477 -6.23 -58.685 -29.429 -7.47 -59.835 -29.869 -7.47 -58.762
3 16 -26.973 -3 -61.688 -27.112 -4.51 -62.648 -28.022 -4.68 -60.786
3 16 -26.973 -3 -61.688 -26.171 -3 -63.377 -27.112 -4.51 -62.648
3 16 -28.851 -7.89 -61.558 -28.856 -7.69 -61.379 -28.199 -6.67 -62.043
3 16 -28.851 -7.89 -61.558 -28.096 -7.13 -62.661 -28.889 -8.15 -61.686
3 16 -28.096 -7.13 -62.661 -28.157 -7.78 -63.064 -28.889 -8.15 -61.686
3 16 -29.041 -3 -57.037 -29.477 -6.23 -58.685 -29.869 -7.47 -58.762
3 16 -28.851 -7.89 -61.558 -28.199 -6.67 -62.043 -28.096 -7.13 -62.661

