0 Etiqueta cyclone      |M:M
0 Name: pcyclone.dat
0 Author: CPCBEGIN
0 BFC CERTIFY CCW
0 etiqueta babor
3 16 38.361 -3 -24.498 39.285 -4.3 -18.671 38.752 -4.3 -22.968
3 16 38.984 -6.41 -22.983 39.524 -7.72 -19.123 39.117 -7.72 -22.991
3 16 38.361 -3 -24.498 39.117 -7.72 -22.991 39.279 -9.43 -23
3 16 38.984 -6.41 -22.983 39.421 -6.41 -19.118 39.524 -7.72 -19.123
3 16 38.361 -3 -24.498 38.752 -4.3 -22.968 38.984 -6.41 -22.983
3 16 38.361 -3 -24.498 39.279 -9.43 -23 39.227 -10.74 -24.557
3 16 38.361 -3 -24.498 38.984 -6.41 -22.983 39.117 -7.72 -22.991
3 16 39.279 -9.43 -23 39.75 -10.74 -18.842 39.227 -10.74 -24.557
3 16 38.361 -3 -24.498 39.164 -3 -18.664 39.285 -4.3 -18.671
3 16 39.279 -9.43 -23 39.669 -9.43 -18.839 39.75 -10.74 -18.842
3 16 37.934 -3 -27.033 38.312 -5.57 -26.945 38.12 -8.05 -30.169
3 16 38.312 -5.57 -26.945 39.112 -10.74 -25.551 38.933 -10.74 -26.99
3 16 38.312 -5.57 -26.945 38.2 -3 -25.485 39.112 -10.74 -25.551
3 16 37.06 -3 -31.518 37.353 -3 -30.098 38.12 -8.05 -30.169
3 16 37.934 -3 -27.033 38.2 -3 -25.485 38.312 -5.57 -26.945
3 16 37.06 -3 -31.518 38.489 -10.74 -30.128 38.251 -10.74 -31.63
3 16 37.06 -3 -31.518 38.12 -8.05 -30.169 38.489 -10.74 -30.128
3 16 38.12 -8.05 -30.169 38.312 -5.57 -26.945 38.489 -10.74 -30.128
3 16 37.354 -8.06 -34.308 37.502 -6.86 -32.563 37.692 -8.29 -32.761
3 16 36.177 -8.23 -39.769 36.253 -6.88 -38.328 36.508 -8.04 -38.208
3 16 37.189 -6.9 -34.151 37.502 -6.86 -32.563 37.354 -8.06 -34.308
3 16 36.06 -5.72 -38.155 36.253 -6.88 -38.328 35.857 -6.82 -39.89
3 16 35.857 -6.82 -39.89 36.253 -6.88 -38.328 36.177 -8.23 -39.769
3 16 37.354 -8.06 -34.308 37.771 -9.44 -33.298 37.402 -8.88 -34.753
3 16 37.402 -8.88 -34.753 37.771 -9.44 -33.298 37.349 -9.37 -35.428
3 16 36.513 -9.37 -39.298 36.508 -8.04 -38.208 36.76 -8.88 -37.796
3 16 36.177 -8.23 -39.769 36.508 -8.04 -38.208 36.513 -9.37 -39.298
3 16 37.354 -8.06 -34.308 37.692 -8.29 -32.761 37.771 -9.44 -33.298
3 16 37.189 -6.9 -34.151 37.234 -5.44 -32.716 37.502 -6.86 -32.563
3 16 35.508 -4.29 -39.136 36.066 -4.37 -37.006 36.003 -4.88 -37.688
3 16 36.707 -4.88 -34.7 36.928 -4.3 -33.214 37.234 -5.44 -32.716
3 16 36.461 -4.37 -35.352 36.928 -4.3 -33.214 36.707 -4.88 -34.7
3 16 35.579 -3.34 -38.075 36.066 -4.37 -37.006 35.508 -4.29 -39.136
3 16 36.461 -4.37 -35.352 36.523 -3.34 -34.229 36.928 -4.3 -33.214
3 16 36.954 -5.72 -34.277 37.234 -5.44 -32.716 37.189 -6.9 -34.151
3 16 35.612 -5.42 -39.679 36.06 -5.72 -38.155 35.857 -6.82 -39.89
3 16 35.612 -5.42 -39.679 36.003 -4.88 -37.688 36.06 -5.72 -38.155
3 16 36.707 -4.88 -34.7 37.234 -5.44 -32.716 36.954 -5.72 -34.277
3 16 35.508 -4.29 -39.136 36.003 -4.88 -37.688 35.612 -5.42 -39.679
3 16 36.995 -9.37 -37.131 37.265 -10.82 -37.049 36.927 -10.39 -38.294
3 16 37.72 -10.4 -34.373 37.567 -10.81 -35.519 37.349 -9.37 -35.428
3 16 36.995 -9.37 -37.131 37.203 -9.54 -36.283 37.265 -10.82 -37.049
3 16 36.461 -4.37 -35.352 36.248 -2.99 -35.108 36.523 -3.34 -34.229
3 16 37.203 -9.54 -36.283 37.419 -10.87 -36.325 37.265 -10.82 -37.049
3 16 37.203 -9.54 -36.283 37.349 -9.37 -35.428 37.567 -10.81 -35.519
3 16 37.203 -9.54 -36.283 37.567 -10.81 -35.519 37.419 -10.87 -36.325
3 16 36.76 -8.88 -37.796 36.927 -10.39 -38.294 36.513 -9.37 -39.298
3 16 37.72 -10.4 -34.373 37.349 -9.37 -35.428 37.771 -9.44 -33.298
3 16 36.76 -8.88 -37.796 36.995 -9.37 -37.131 36.927 -10.39 -38.294
3 16 35.733 -2.99 -37.185 35.973 -2.87 -36.134 36.233 -4.2 -36.176
3 16 35.973 -2.87 -36.134 36.248 -2.99 -35.108 36.233 -4.2 -36.176
3 16 36.066 -4.37 -37.006 35.579 -3.34 -38.075 35.733 -2.99 -37.185
3 16 36.461 -4.37 -35.352 36.233 -4.2 -36.176 36.248 -2.99 -35.108
3 16 36.066 -4.37 -37.006 35.733 -2.99 -37.185 36.233 -4.2 -36.176
3 16 33.071 -3 -46.302 34.97 -4.3 -41.135 33.875 -4.3 -44.867
3 16 33.071 -3 -46.302 34.675 -3 -41.094 34.97 -4.3 -41.135
3 16 33.071 -3 -46.302 33.875 -4.3 -44.867 35.346 -10.68 -45.075
3 16 33.071 -3 -46.302 35.346 -10.68 -45.075 34.934 -10.68 -46.58
3 16 33.687 -8.7 -49.138 34.287 -9.86 -48.138 33.701 -9 -49.341
3 16 33.701 -9 -49.341 34.287 -9.86 -48.138 34.253 -10.29 -48.613
3 16 33.013 -4.42 -47.663 32.797 -5.22 -48.977 32.575 -4.75 -49.241
3 16 33.623 -8.24 -48.959 34.169 -8.61 -47.491 33.687 -8.7 -49.138
3 16 33.013 -4.42 -47.663 33.373 -5.37 -47.35 32.797 -5.22 -48.977
3 16 33.701 -9 -49.341 34.253 -10.29 -48.613 33.672 -9.3 -49.686
3 16 34.259 -9.31 -47.774 33.687 -8.7 -49.138 34.169 -8.61 -47.491
3 16 32.364 -4.43 -49.586 32.169 -4.25 -49.993 32.37 -3.3 -48.627
3 16 34.259 -9.31 -47.774 34.287 -9.86 -48.138 33.687 -8.7 -49.138
3 16 32.575 -4.75 -49.241 32.364 -4.43 -49.586 32.727 -3.83 -48.026
3 16 32.575 -4.75 -49.241 32.727 -3.83 -48.026 33.013 -4.42 -47.663
3 16 33.373 -5.37 -47.35 33.026 -5.85 -48.815 32.797 -5.22 -48.977
3 16 31.113 -4.71 -53.276 31.761 -5.19 -51.922 31.916 -6.03 -52.189
3 16 31.113 -4.71 -53.276 31.748 -4.64 -51.5 31.761 -5.19 -51.922
3 16 31.079 -3.92 -52.71 31.838 -4.31 -50.975 31.748 -4.64 -51.5
3 16 31.079 -3.92 -52.71 31.748 -4.64 -51.5 31.113 -4.71 -53.276
3 16 31.113 -4.71 -53.276 31.916 -6.03 -52.189 31.343 -5.94 -53.688
3 16 31.661 -7.12 -53.804 32.516 -8.11 -52.211 32.04 -8.26 -53.7
3 16 32.04 -8.26 -53.7 32.516 -8.11 -52.211 32.804 -8.81 -51.949
3 16 31.661 -7.12 -53.804 32.209 -7.14 -52.289 32.516 -8.11 -52.211
3 16 31.343 -5.94 -53.688 31.916 -6.03 -52.189 32.209 -7.14 -52.289
3 16 31.343 -5.94 -53.688 32.209 -7.14 -52.289 31.661 -7.12 -53.804
3 16 32.364 -4.43 -49.586 32.37 -3.3 -48.627 32.727 -3.83 -48.026
3 16 33.457 -9.54 -50.563 33.587 -9.48 -50.103 33.814 -10.87 -50.538
3 16 33.566 -10.81 -51.28 33.457 -9.54 -50.563 33.814 -10.87 -50.538
3 16 31.654 -2.87 -50.283 32.026 -4.2 -50.358 31.354 -2.99 -51.2
3 16 33.814 -10.87 -50.538 33.587 -9.48 -50.103 33.999 -10.82 -49.896
3 16 31.654 -2.87 -50.283 32.007 -2.97 -49.385 32.026 -4.2 -50.358
3 16 33.305 -10.61 -51.929 33.024 -10.27 -52.504 33.274 -9.47 -51.074
3 16 33.305 -10.61 -51.929 33.274 -9.47 -51.074 33.566 -10.81 -51.28
3 16 33.274 -9.47 -51.074 33.457 -9.54 -50.563 33.566 -10.81 -51.28
3 16 33.073 -9.26 -51.512 33.274 -9.47 -51.074 33.024 -10.27 -52.504
3 16 33.073 -9.26 -51.512 33.024 -10.27 -52.504 32.731 -9.81 -52.997
3 16 32.026 -4.2 -50.358 32.007 -2.97 -49.385 32.169 -4.25 -49.993
3 16 31.162 -3.34 -52.005 31.838 -4.31 -50.975 31.079 -3.92 -52.71
3 16 32.026 -4.2 -50.358 31.838 -4.31 -50.975 31.354 -2.99 -51.2
3 16 34.14 -10.67 -49.307 33.672 -9.3 -49.686 34.253 -10.29 -48.613
3 16 32.804 -8.81 -51.949 33.073 -9.26 -51.512 32.334 -9 -53.48
3 16 32.804 -8.81 -51.949 32.334 -9 -53.48 32.04 -8.26 -53.7
3 16 31.162 -3.34 -52.005 31.354 -2.99 -51.2 31.838 -4.31 -50.975
3 16 33.073 -9.26 -51.512 32.731 -9.81 -52.997 32.334 -9 -53.48
3 16 33.587 -9.48 -50.103 33.672 -9.3 -49.686 33.999 -10.82 -49.896
3 16 33.672 -9.3 -49.686 34.14 -10.67 -49.307 33.999 -10.82 -49.896
3 16 32.169 -4.25 -49.993 32.007 -2.97 -49.385 32.37 -3.3 -48.627
3 16 29.445 -6.26 -58.788 30.027 -6.25 -57.352 30.194 -7.68 -58.124
3 16 30.194 -7.68 -58.124 30.027 -6.25 -57.352 32.337 -10.74 -54.921
3 16 28.381 -3 -58.571 28.994 -3 -57.147 30.027 -6.25 -57.352
3 16 28.381 -3 -58.571 30.027 -6.25 -57.352 29.445 -6.26 -58.788
3 16 30.194 -7.68 -58.124 32.337 -10.74 -54.921 31.735 -10.74 -56.617
3 16 29.445 -6.26 -58.788 30.462 -10.74 -59.995 29.784 -10.74 -61.695
3 16 29.445 -6.26 -58.788 30.194 -7.68 -58.124 30.462 -10.74 -59.995
3 16 28.046 -8.7 -64.081 28.867 -9.86 -63.162 28.067 -9 -64.285
3 16 28.067 -9 -64.285 28.867 -9.86 -63.162 28.82 -10.29 -63.632
3 16 27.139 -4.42 -62.514 26.85 -5.22 -63.801 26.555 -4.75 -64.034
3 16 27.96 -8.24 -63.892 28.705 -8.61 -62.498 28.046 -8.7 -64.081
3 16 27.139 -4.42 -62.514 27.623 -5.37 -62.25 26.85 -5.22 -63.801
3 16 28.067 -9 -64.285 28.82 -10.29 -63.632 28.026 -9.3 -64.626
3 16 28.829 -9.31 -62.794 28.046 -8.7 -64.081 28.705 -8.61 -62.498
3 16 26.276 -4.43 -64.351 26.019 -4.25 -64.732 26.284 -3.3 -63.393
3 16 28.829 -9.31 -62.794 28.867 -9.86 -63.162 28.046 -8.7 -64.081
3 16 26.555 -4.75 -64.034 26.276 -4.43 -64.351 26.757 -3.83 -62.84
3 16 26.555 -4.75 -64.034 26.757 -3.83 -62.84 27.139 -4.42 -62.514
3 16 27.623 -5.37 -62.25 27.156 -5.85 -63.668 26.85 -5.22 -63.801
3 16 24.64 -4.71 -67.877 25.483 -5.19 -66.608 25.687 -6.03 -66.895
3 16 24.64 -4.71 -67.877 25.466 -4.64 -66.184 25.483 -5.19 -66.608
3 16 24.595 -3.92 -67.306 25.584 -4.31 -65.671 25.466 -4.64 -66.184
3 16 24.595 -3.92 -67.306 25.466 -4.64 -66.184 24.64 -4.71 -67.877
3 16 24.64 -4.71 -67.877 25.687 -6.03 -66.895 24.938 -5.94 -68.318
3 16 25.353 -7.12 -68.477 26.478 -8.11 -66.997 25.849 -8.26 -68.423
3 16 25.849 -8.26 -68.423 26.478 -8.11 -66.997 26.859 -8.81 -66.773
3 16 25.353 -7.12 -68.477 26.071 -7.14 -67.034 26.478 -8.11 -66.997
3 16 24.938 -5.94 -68.318 25.687 -6.03 -66.895 26.071 -7.14 -67.034
3 16 24.938 -5.94 -68.318 26.071 -7.14 -67.034 25.353 -7.12 -68.477
3 16 26.276 -4.43 -64.351 26.284 -3.3 -63.393 26.757 -3.83 -62.84
3 16 27.736 -9.54 -65.474 27.912 -9.48 -65.032 28.22 -10.87 -65.497
3 16 27.883 -10.81 -66.206 27.736 -9.54 -65.474 28.22 -10.87 -65.497
3 16 25.343 -2.87 -64.955 25.83 -4.2 -65.079 24.952 -2.99 -65.832
3 16 28.22 -10.87 -65.497 27.912 -9.48 -65.032 28.472 -10.82 -64.88
3 16 25.343 -2.87 -64.955 25.806 -2.97 -64.103 25.83 -4.2 -65.079
3 16 27.53 -10.61 -66.82 27.154 -10.27 -67.358 27.489 -9.47 -65.961
3 16 27.53 -10.61 -66.82 27.489 -9.47 -65.961 27.883 -10.81 -66.206
3 16 27.489 -9.47 -65.961 27.736 -9.54 -65.474 27.883 -10.81 -66.206
3 16 27.22 -9.26 -66.372 27.489 -9.47 -65.961 27.154 -10.27 -67.358
3 16 27.22 -9.26 -66.372 27.154 -10.27 -67.358 26.763 -9.81 -67.811
3 16 25.83 -4.2 -65.079 25.806 -2.97 -64.103 26.019 -4.25 -64.732
3 16 24.703 -3.34 -66.612 25.584 -4.31 -65.671 24.595 -3.92 -67.306
3 16 25.83 -4.2 -65.079 25.584 -4.31 -65.671 24.952 -2.99 -65.832
3 16 28.664 -10.67 -64.31 28.026 -9.3 -64.626 28.82 -10.29 -63.632
3 16 26.859 -8.81 -66.773 27.22 -9.26 -66.372 26.236 -9 -68.242
3 16 26.859 -8.81 -66.773 26.236 -9 -68.242 25.849 -8.26 -68.423
3 16 24.703 -3.34 -66.612 24.952 -2.99 -65.832 25.584 -4.31 -65.671
3 16 27.22 -9.26 -66.372 26.763 -9.81 -67.811 26.236 -9 -68.242
3 16 27.912 -9.48 -65.032 28.026 -9.3 -64.626 28.472 -10.82 -64.88
3 16 28.026 -9.3 -64.626 28.664 -10.67 -64.31 28.472 -10.82 -64.88
3 16 26.019 -4.25 -64.732 25.806 -2.97 -64.103 26.284 -3.3 -63.393
0 etiqueta estribor
3 16 -39.135 -8.7 -23.662 -39.12 -9.86 -24.751 -39.187 -9 -23.465
3 16 -39.187 -9 -23.465 -39.12 -9.86 -24.751 -39.217 -10.29 -24.277
3 16 -38.47 -4.42 -24.987 -38.762 -5.22 -23.658 -38.749 -4.75 -23.357
3 16 -39.069 -8.24 -23.828 -38.913 -8.61 -25.368 -39.135 -8.7 -23.662
3 16 -38.47 -4.42 -24.987 -38.533 -5.37 -25.362 -38.762 -5.22 -23.658
3 16 -39.187 -9 -23.465 -39.217 -10.29 -24.277 -39.254 -9.3 -23.119
3 16 -39.021 -9.31 -25.105 -39.135 -8.7 -23.662 -38.913 -8.61 -25.368
3 16 -38.765 -4.43 -22.978 -38.805 -4.25 -22.541 -38.49 -3.3 -23.918
3 16 -39.021 -9.31 -25.105 -39.12 -9.86 -24.751 -39.135 -8.7 -23.662
3 16 -38.749 -4.75 -23.357 -38.765 -4.43 -22.978 -38.457 -3.83 -24.576
3 16 -38.749 -4.75 -23.357 -38.457 -3.83 -24.576 -38.47 -4.42 -24.987
3 16 -38.533 -5.37 -25.362 -38.807 -5.85 -23.861 -38.762 -5.22 -23.658
3 16 -39.275 -4.71 -19.1 -39.155 -5.19 -20.563 -39.261 -6.03 -20.329
3 16 -39.275 -4.71 -19.1 -39.05 -4.64 -20.977 -39.155 -5.19 -20.563
3 16 -39.138 -3.92 -19.652 -38.949 -4.31 -21.511 -39.05 -4.64 -20.977
3 16 -39.138 -3.92 -19.652 -39.05 -4.64 -20.977 -39.275 -4.71 -19.1
3 16 -39.275 -4.71 -19.1 -39.261 -6.03 -20.329 -39.419 -5.94 -18.738
3 16 -39.518 -7.12 -18.682 -39.432 -8.11 -20.418 -39.587 -8.26 -18.855
3 16 -39.587 -8.26 -18.855 -39.432 -8.11 -20.418 -39.458 -8.81 -20.73
3 16 -39.518 -7.12 -18.682 -39.364 -7.14 -20.285 -39.432 -8.11 -20.418
3 16 -39.419 -5.94 -18.738 -39.261 -6.03 -20.329 -39.364 -7.14 -20.285
3 16 -39.419 -5.94 -18.738 -39.364 -7.14 -20.285 -39.518 -7.12 -18.682
3 16 -38.765 -4.43 -22.978 -38.49 -3.3 -23.918 -38.457 -3.83 -24.576
3 16 -39.371 -9.54 -22.215 -39.316 -9.48 -22.692 -39.472 -10.87 -22.3
3 16 -39.54 -10.81 -21.523 -39.371 -9.54 -22.215 -39.472 -10.87 -22.3
3 16 -38.698 -2.87 -22.154 -38.852 -4.2 -22.154 -38.845 -2.99 -21.194
3 16 -39.472 -10.87 -22.3 -39.316 -9.48 -22.692 -39.403 -10.82 -22.967
3 16 -38.698 -2.87 -22.154 -38.572 -2.97 -23.105 -38.852 -4.2 -22.154
3 16 -39.585 -10.61 -20.835 -39.614 -10.27 -20.216 -39.42 -9.47 -21.678
3 16 -39.585 -10.61 -20.835 -39.42 -9.47 -21.678 -39.54 -10.81 -21.523
3 16 -39.42 -9.47 -21.678 -39.371 -9.54 -22.215 -39.54 -10.81 -21.523
3 16 -39.448 -9.26 -21.209 -39.42 -9.47 -21.678 -39.614 -10.27 -20.216
3 16 -39.448 -9.26 -21.209 -39.614 -10.27 -20.216 -39.627 -9.81 -19.677
3 16 -38.852 -4.2 -22.154 -38.572 -2.97 -23.105 -38.805 -4.25 -22.541
3 16 -38.992 -3.34 -20.363 -38.949 -4.31 -21.511 -39.138 -3.92 -19.652
3 16 -38.852 -4.2 -22.154 -38.949 -4.31 -21.511 -38.845 -2.99 -21.194
3 16 -39.328 -10.67 -23.573 -39.254 -9.3 -23.119 -39.217 -10.29 -24.277
3 16 -39.458 -8.81 -20.73 -39.448 -9.26 -21.209 -39.616 -9 -19.127
3 16 -39.458 -8.81 -20.73 -39.616 -9 -19.127 -39.587 -8.26 -18.855
3 16 -38.992 -3.34 -20.363 -38.845 -2.99 -21.194 -38.949 -4.31 -21.511
3 16 -39.448 -9.26 -21.209 -39.627 -9.81 -19.677 -39.616 -9 -19.127
3 16 -39.316 -9.48 -22.692 -39.254 -9.3 -23.119 -39.403 -10.82 -22.967
3 16 -39.254 -9.3 -23.119 -39.328 -10.67 -23.573 -39.403 -10.82 -22.967
3 16 -38.805 -4.25 -22.541 -38.572 -2.97 -23.105 -38.49 -3.3 -23.918
3 16 -38.037 -6.26 -29.162 -37.762 -6.25 -30.687 -38.1 -7.68 -29.977
3 16 -38.1 -7.68 -29.977 -37.762 -6.25 -30.687 -37.921 -10.74 -33.552
3 16 -37.546 -3 -29.117 -37.243 -3 -30.637 -37.762 -6.25 -30.687
3 16 -37.546 -3 -29.117 -37.762 -6.25 -30.687 -38.037 -6.26 -29.162
3 16 -38.1 -7.68 -29.977 -37.921 -10.74 -33.552 -38.226 -10.74 -31.778
3 16 -38.037 -6.26 -29.162 -38.769 -10.74 -28.209 -39.009 -10.74 -26.395
3 16 -38.037 -6.26 -29.162 -38.1 -7.68 -29.977 -38.769 -10.74 -28.209
3 16 -36.361 -8.7 -39.391 -36.332 -9.86 -40.477 -36.463 -9 -39.203
3 16 -36.463 -9 -39.203 -36.332 -9.86 -40.477 -36.523 -10.29 -40.019
3 16 -35.143 -4.42 -40.608 -35.661 -5.22 -39.326 -35.638 -4.75 -39.023
3 16 -36.233 -8.24 -39.546 -35.937 -8.61 -41.06 -36.361 -8.7 -39.391
3 16 -35.143 -4.42 -40.608 -35.253 -5.37 -40.993 -35.661 -5.22 -39.326
3 16 -36.463 -9 -39.203 -36.523 -10.29 -40.019 -36.598 -9.3 -38.868
3 16 -36.141 -9.31 -40.815 -36.361 -8.7 -39.391 -35.937 -8.61 -41.06
3 16 -35.666 -4.43 -38.646 -35.738 -4.25 -38.215 -35.179 -3.3 -39.543
3 16 -36.141 -9.31 -40.815 -36.332 -9.86 -40.477 -36.361 -8.7 -39.391
3 16 -35.638 -4.75 -39.023 -35.666 -4.43 -38.646 -35.121 -3.83 -40.195
3 16 -35.638 -4.75 -39.023 -35.121 -3.83 -40.195 -35.143 -4.42 -40.608
3 16 -35.253 -5.37 -40.993 -35.742 -5.85 -39.536 -35.661 -5.22 -39.326
3 16 -36.641 -4.71 -34.853 -36.401 -5.19 -36.295 -36.612 -6.03 -36.08
3 16 -36.641 -4.71 -34.853 -36.197 -4.64 -36.692 -36.401 -5.19 -36.295
3 16 -36.367 -3.92 -35.381 -36.004 -4.31 -37.208 -36.197 -4.64 -36.692
3 16 -36.367 -3.92 -35.381 -36.197 -4.64 -36.692 -36.641 -4.71 -34.853
3 16 -36.641 -4.71 -34.853 -36.612 -6.03 -36.08 -36.942 -5.94 -34.516
3 16 -37.159 -7.12 -34.478 -36.97 -8.11 -36.199 -37.316 -8.26 -34.664
3 16 -37.316 -8.26 -34.664 -36.97 -8.11 -36.199 -37.027 -8.81 -36.515
3 16 -37.159 -7.12 -34.478 -36.825 -7.14 -36.053 -36.97 -8.11 -36.199
3 16 -36.942 -5.94 -34.516 -36.612 -6.03 -36.08 -36.825 -7.14 -36.053
3 16 -36.942 -5.94 -34.516 -36.825 -7.14 -36.053 -37.159 -7.12 -34.478
3 16 -35.666 -4.43 -38.646 -35.179 -3.3 -39.543 -35.121 -3.83 -40.195
3 16 -36.84 -9.54 -37.985 -36.726 -9.48 -38.452 -37.057 -10.87 -38.088
3 16 -37.207 -10.81 -37.323 -36.84 -9.54 -37.985 -37.057 -10.87 -38.088
3 16 -35.545 -2.87 -37.811 -35.824 -4.2 -37.836 -35.812 -2.99 -36.875
3 16 -37.057 -10.87 -38.088 -36.726 -9.48 -38.452 -36.908 -10.82 -38.742
3 16 -35.545 -2.87 -37.811 -35.321 -2.97 -38.742 -35.824 -4.2 -37.836
3 16 -37.312 -10.61 -36.644 -37.378 -10.27 -36.031 -36.943 -9.47 -37.456
3 16 -37.312 -10.61 -36.644 -36.943 -9.47 -37.456 -37.207 -10.81 -37.323
3 16 -36.943 -9.47 -37.456 -36.84 -9.54 -37.985 -37.207 -10.81 -37.323
3 16 -37.005 -9.26 -36.992 -36.943 -9.47 -37.456 -37.378 -10.27 -36.031
3 16 -37.005 -9.26 -36.992 -37.378 -10.27 -36.031 -37.409 -9.81 -35.494
3 16 -35.824 -4.2 -37.836 -35.321 -2.97 -38.742 -35.738 -4.25 -38.215
3 16 -36.086 -3.34 -36.068 -36.004 -4.31 -37.208 -36.367 -3.92 -35.381
3 16 -35.824 -4.2 -37.836 -36.004 -4.31 -37.208 -35.812 -2.99 -36.875
3 16 -36.75 -10.67 -39.335 -36.598 -9.3 -38.868 -36.523 -10.29 -40.019
3 16 -37.027 -8.81 -36.515 -37.005 -9.26 -36.992 -37.384 -9 -34.941
3 16 -37.027 -8.81 -36.515 -37.384 -9 -34.941 -37.316 -8.26 -34.664
3 16 -36.086 -3.34 -36.068 -35.812 -2.99 -36.875 -36.004 -4.31 -37.208
3 16 -37.005 -9.26 -36.992 -37.409 -9.81 -35.494 -37.384 -9 -34.941
3 16 -36.726 -9.48 -38.452 -36.598 -9.3 -38.868 -36.908 -10.82 -38.742
3 16 -36.598 -9.3 -38.868 -36.75 -10.67 -39.335 -36.908 -10.82 -38.742
3 16 -35.738 -4.25 -38.215 -35.321 -2.97 -38.742 -35.179 -3.3 -39.543
3 16 -34.447 -3 -41.881 -33.154 -4.3 -47.135 -34.312 -4.3 -43.422
3 16 -34.447 -3 -41.881 -32.813 -3 -47.08 -33.154 -4.3 -47.135
3 16 -34.447 -3 -41.881 -34.312 -4.3 -43.422 -35.728 -10.68 -43.614
3 16 -34.447 -3 -41.881 -35.728 -10.68 -43.614 -36.106 -10.68 -42.101
3 16 -31.863 -8.06 -54.03 -30.905 -6.86 -55.618 -31.387 -8.29 -55.526
3 16 -33.689 -8.23 -48.739 -32.896 -6.88 -50.064 -33.153 -8.04 -50.255
3 16 -31.485 -6.9 -54.103 -30.905 -6.86 -55.618 -31.863 -8.06 -54.03
3 16 -32.538 -5.72 -50.155 -32.896 -6.88 -50.064 -33.382 -6.82 -48.531
3 16 -33.382 -6.82 -48.531 -32.896 -6.88 -50.064 -33.689 -8.23 -48.739
3 16 -31.863 -8.06 -54.03 -31.897 -9.44 -55.086 -32.238 -8.88 -53.654
3 16 -32.238 -8.88 -53.654 -31.897 -9.44 -55.086 -32.594 -9.37 -53.034
3 16 -33.82 -9.37 -49.269 -33.153 -8.04 -50.255 -33.233 -8.88 -50.708
3 16 -33.689 -8.23 -48.739 -33.153 -8.04 -50.255 -33.82 -9.37 -49.269
3 16 -31.863 -8.06 -54.03 -31.387 -8.29 -55.526 -31.897 -9.44 -55.086
3 16 -31.485 -6.9 -54.103 -30.544 -5.44 -55.371 -30.905 -6.86 -55.618
3 16 -32.492 -4.29 -49.097 -31.783 -4.37 -51.176 -32.158 -4.88 -50.551
3 16 -31.107 -4.88 -53.435 -30.391 -4.3 -54.812 -30.544 -5.44 -55.371
3 16 -31.196 -4.37 -52.771 -30.391 -4.3 -54.812 -31.107 -4.88 -53.435
3 16 -31.875 -3.34 -50.062 -31.783 -4.37 -51.176 -32.492 -4.29 -49.097
3 16 -31.196 -4.37 -52.771 -30.486 -3.34 -53.77 -30.391 -4.3 -54.812
3 16 -31.195 -5.72 -53.901 -30.544 -5.44 -55.371 -31.485 -6.9 -54.103
3 16 -32.964 -5.42 -48.645 -32.538 -5.72 -50.155 -33.382 -6.82 -48.531
3 16 -32.964 -5.42 -48.645 -32.158 -4.88 -50.551 -32.538 -5.72 -50.155
3 16 -31.107 -4.88 -53.435 -30.544 -5.44 -55.371 -31.195 -5.72 -53.901
3 16 -32.492 -4.29 -49.097 -32.158 -4.88 -50.551 -32.964 -5.42 -48.645
3 16 -33.146 -9.37 -51.384 -33.484 -10.82 -51.547 -33.761 -10.39 -50.31
3 16 -32.519 -10.4 -54.112 -32.999 -10.81 -53.03 -32.594 -9.37 -53.034
3 16 -33.146 -9.37 -51.384 -32.917 -9.54 -52.217 -33.484 -10.82 -51.547
3 16 -31.196 -4.37 -52.771 -30.709 -2.99 -52.902 -30.486 -3.34 -53.77
3 16 -32.917 -9.54 -52.217 -33.27 -10.87 -52.254 -33.484 -10.82 -51.547
3 16 -32.917 -9.54 -52.217 -32.594 -9.37 -53.034 -32.999 -10.81 -53.03
3 16 -32.917 -9.54 -52.217 -32.999 -10.81 -53.03 -33.27 -10.87 -52.254
3 16 -33.233 -8.88 -50.708 -33.761 -10.39 -50.31 -33.82 -9.37 -49.269
3 16 -32.519 -10.4 -54.112 -32.594 -9.37 -53.034 -31.897 -9.44 -55.086
3 16 -33.233 -8.88 -50.708 -33.146 -9.37 -51.384 -33.761 -10.39 -50.31
3 16 -31.465 -2.99 -50.899 -31.052 -2.87 -51.905 -31.443 -4.2 -51.966
3 16 -31.052 -2.87 -51.905 -30.709 -2.99 -52.902 -31.443 -4.2 -51.966
3 16 -31.783 -4.37 -51.176 -31.875 -3.34 -50.062 -31.465 -2.99 -50.899
3 16 -31.196 -4.37 -52.771 -31.443 -4.2 -51.966 -30.709 -2.99 -52.902
3 16 -31.783 -4.37 -51.176 -31.465 -2.99 -50.899 -31.443 -4.2 -51.966
3 16 -27.517 -3 -60.507 -28.342 -5.57 -60.803 -30.378 -8.05 -57.969
3 16 -28.342 -5.57 -60.803 -29.461 -10.74 -62.481 -30.009 -10.74 -61.139
3 16 -28.342 -5.57 -60.803 -26.859 -3 -61.932 -29.461 -10.74 -62.481
3 16 -29.343 -3 -56.318 -28.778 -3 -57.653 -30.378 -8.05 -57.969
3 16 -27.517 -3 -60.507 -26.859 -3 -61.932 -28.342 -5.57 -60.803
3 16 -29.343 -3 -56.318 -31.157 -10.74 -58.184 -31.684 -10.74 -56.758
3 16 -29.343 -3 -56.318 -30.378 -8.05 -57.969 -31.157 -10.74 -58.184
3 16 -30.378 -8.05 -57.969 -28.342 -5.57 -60.803 -31.157 -10.74 -58.184
3 16 -26.431 -3 -62.836 -24.285 -4.3 -68.221 -26.225 -4.3 -64.349
3 16 -26.978 -6.41 -64.519 -25.77 -7.72 -68.135 -27.436 -7.72 -64.619
3 16 -26.431 -3 -62.836 -27.436 -7.72 -64.619 -28.021 -9.43 -64.745
3 16 -26.978 -6.41 -64.519 -25.285 -6.41 -68.021 -25.77 -7.72 -68.135
3 16 -26.431 -3 -62.836 -26.225 -4.3 -64.349 -26.978 -6.41 -64.519
3 16 -26.431 -3 -62.836 -28.021 -9.43 -64.745 -29.076 -10.74 -63.404
3 16 -26.431 -3 -62.836 -26.978 -6.41 -64.519 -27.436 -7.72 -64.619
3 16 -28.021 -9.43 -64.745 -26.735 -10.74 -68.645 -29.076 -10.74 -63.404
3 16 -26.431 -3 -62.836 -23.782 -3 -68.096 -24.285 -4.3 -68.221
3 16 -28.021 -9.43 -64.745 -26.266 -9.43 -68.539 -26.735 -10.74 -68.645

