0 P1aca Angulo Derecha a 45 2x2 IUNITS
0 Name: pe45d2x2.dat
0 Author: IUNITS (diseño), jasolo (modelado)
0 !LDRAW_ORG Unofficial_Part
0 BFC CERTIFY CCW
1 16 10 16 10 1 0 0 0 1 0 0 0 1 s\teton.dat
1 16 10 16 -10 1 0 0 0 1 0 0 0 1 s\teton.dat
1 16 0 0 10 1 0 0 0 0.3333 0 0 0 1 s\pilar.dat
1 16 10 0 0 1 0 0 0 0.3333 0 0 0 1 s\pilar.dat
1 16 0 -8 -20 1 0 0 0 1 0 0 0 1 s\crucetp1.dat
1 16 0 -8 20 -1 0 0 0 1 0 0 0 -1 s\crucetp1.dat
1 16 20 -8 0 0 0 -1 0 1 0 1 0 0 s\crucetp1.dat
3 16 0 0 -10 2.5 0 -10 2.31 0 -10.957
3 16 0 0 -10 2.31 0 -10.957 1.768 0 -11.768
3 16 1.768 0 -11.768 0.957 0 -12.31 0 0 -10
3 16 0 0 -10 0.957 0 -12.31 0 0 -12.5
3 16 0 0 -10 0 0 -12.5 -1.092 0 -12.249
3 16 0 0 -10 -1.092 0 -12.249 -1.092 0 -7.751
3 16 0 0 -10 -1.092 0 -7.751 0 0 -7.5
3 16 0 0 -10 0 0 -7.5 0.957 0 -7.69
3 16 0 0 -10 0.957 0 -7.69 1.768 0 -8.232
3 16 0 0 -10 1.768 0 -8.232 2.31 0 -9.043
3 16 0 0 -10 2.31 0 -9.043 2.5 0 -10
4 16 -1.092 0 -7.751 -1.092 0 -12.249 -1.092 -7.167 -12.249 -1.092 -7.167 -7.751
4 16 0 0 -7.5 -1.092 0 -7.751 -1.092 -7.167 -7.751 0 -7.167 -7.5
4 16 0.957 0 -7.69 0 0 -7.5 0 -7.167 -7.5 0.957 -7.167 -7.69
4 16 1.768 0 -8.232 0.957 0 -7.69 0.957 -7.167 -7.69 1.768 -7.167 -8.232
4 16 2.31 0 -9.043 1.768 0 -8.232 1.768 -7.167 -8.232 2.31 -7.167 -9.043
4 16 2.5 0 -10 2.31 0 -9.043 2.31 -7.167 -9.043 2.5 -7.167 -10
4 16 2.31 0 -10.957 2.5 0 -10 2.5 -7.167 -10 2.31 -7.167 -10.957
4 16 1.768 0 -11.768 2.31 0 -10.957 2.31 -7.167 -10.957 1.768 -7.167 -11.768
4 16 0.957 0 -12.31 1.768 0 -11.768 1.768 -7.167 -11.768 0.957 -7.167 -12.31
4 16 0 0 -12.5 0.957 0 -12.31 0.957 -7.167 -12.31 0 -7.167 -12.5
4 16 -1.092 0 -12.249 0 0 -12.5 0 -7.167 -12.5 -1.092 -7.167 -12.249
4 16 1.545 0 -17.5 1.545 -5.5 -17.5 17.5 -5.5 -17.5 17.5 0 -17.5
4 16 -17.223 -5.5 14.445 -20 -8 20 -20 0 20 -17.223 0 14.445
4 16 20 0 -20 20 0 20 20 -8 20 20 -8 -20
4 16 0 0 -20 20 0 -20 20 -8 -20 0 -8 -20
4 16 20 0 -20 17.5 0 -17.5 17.5 0 17.5 20 0 20
4 16 -20 -8 20 20 -8 20 20 0 20 -20 0 20
4 16 0 0 -20 1.545 0 -17.5 17.5 0 -17.5 20 0 -20
4 16 -15.952 0 17.5 -20 0 20 20 0 20 17.5 0 17.5
4 16 17.5 0 -17.5 17.5 -5.5 -17.5 17.5 -5.5 17.5 17.5 0 17.5
4 16 -20 -8 20 0 -8 -20 20 -8 -20 20 -8 20
3 16 -10.764 -5.5 1.529 -20 -8 20 -17.223 -5.5 14.445
3 16 -8.685 -5.5 -2.629 -3.326 -5.5 -13.348 0 -8 -20
4 16 -20 -8 20 -10.764 -5.5 1.529 -8.685 -5.5 -2.629 0 -8 -20
4 16 0 0 -20 -3.326 0 -13.348 -1.09 0 -12.23 1.545 0 -17.5
4 16 -8.685 -5.5 -2.629 -8.685 0 -2.629 -6.449 0 -1.511 -6.449 -5.5 -1.511
4 16 -14.987 -5.5 15.563 -14.987 0 15.563 -15.952 0 17.5 -15.952 -5.5 17.5
4 16 -17.223 0 14.445 -14.987 0 15.563 -14.987 -5.5 15.563 -17.223 -5.5 14.445
4 16 -20 0 20 -15.952 0 17.5 -14.987 0 15.563 -17.223 0 14.445
3 16 0 -5.5 17.5 -14.987 -5.5 15.563 -15.952 -5.5 17.5
3 16 0 -5.5 17.5 -8.528 -5.5 2.647 -14.987 -5.5 15.563
3 16 0 -5.5 17.5 -6.449 -5.5 -1.511 -8.528 -5.5 2.647
3 16 0 -5.5 17.5 -1.09 -5.5 -12.23 -6.449 -5.5 -1.511
4 16 -8.528 0 2.647 -8.528 -5.5 2.647 -6.449 -5.5 -1.511 -6.449 0 -1.511
4 16 -10.764 0 1.529 -10.764 -5.5 1.529 -8.528 -5.5 2.647 -8.528 0 2.647
4 16 -8.685 0 -2.629 -10.764 0 1.529 -8.528 0 2.647 -6.449 0 -1.511
4 16 -10.764 0 1.529 -8.685 0 -2.629 -8.685 -5.5 -2.629 -10.764 -5.5 1.529
4 16 1.545 -5.5 -17.5 1.545 0 -17.5 -1.09 0 -12.23 -1.09 -5.5 -12.23
4 16 0 0 -20 0 -8 -20 -3.326 -5.5 -13.348 -3.326 0 -13.348
4 16 -3.326 0 -13.348 -3.326 -5.5 -13.348 -1.09 -5.5 -12.23 -1.09 0 -12.23
4 16 -8.685 -5.5 -2.629 -6.449 -5.5 -1.511 -1.09 -5.5 -12.23 -3.326 -5.5 -13.348
4 16 -17.223 -5.5 14.445 -14.987 -5.5 15.563 -8.528 -5.5 2.647 -10.764 -5.5 1.529
4 16 17.5 -5.5 17.5 0 -5.5 17.5 -15.952 0 17.5 17.5 0 17.5
3 16 -15.952 0 17.5 0 -5.5 17.5 -15.952 -5.5 17.5
4 16 -0.75 -5 8 -0.75 -5 0.75 -0.75 -5.5 0.75 -0.75 -5.5 8
4 16 -0.75 -5 -0.75 -0.75 -5 -8 -0.75 -5.5 -8 -0.75 -5.5 -0.75
4 16 -0.75 -5 -0.75 -0.75 -5 0.75 0.75 -5 0.75 0.75 -5 -0.75
4 16 0.75 -5 -8 0.75 -5 -0.75 0.75 -5.5 -0.75 0.75 -5.5 -8
4 16 0.75 -5 0.75 0.75 -5 8 0.75 -5.5 8 0.75 -5.5 0.75
4 16 -0.75 -5 0.75 -0.75 -5 8 0.75 -5 8 0.75 -5 0.75
4 16 0.75 -5 -8 -0.75 -5 -8 -0.75 -5 -0.75 0.75 -5 -0.75
4 16 0.75 -5 0.75 8 -5 0.75 8 -5 -0.75 0.75 -5 -0.75
4 16 8 -5 0.75 0.75 -5 0.75 0.75 -5.5 0.75 8 -5.5 0.75
4 16 0.75 -5 -0.75 8 -5 -0.75 8 -5.5 -0.75 0.75 -5.5 -0.75
4 16 -0.75 -5.5 -0.75 -0.75 -5.5 0.75 -0.75 -5 0.75 -0.75 -5 -0.75
3 16 0 -5.5 17.5 0.75 -5.5 -8 -1.09 -5.5 -12.23
3 16 0.75 -5.5 -8 1.545 -5.5 -17.5 -1.09 -5.5 -12.23
2 24 -1.09 -5.5 -12.23 1.545 -5.5 -17.5
2 24 17.5 -5.5 -17.5 17.5 0 -17.5
2 24 -8.685 -5.5 -2.629 -8.685 0 -2.629
5 24 0 -7.167 -7.5 0 0 -7.5 -1.092 -7.167 -7.751 0.957 -7.167 -7.69
2 24 -6.449 -5.5 -1.511 -6.449 0 -1.511
5 24 2.5 -7.167 -10 2.5 0 -10 2.31 -7.167 -9.043 2.31 -7.167 -10.957
2 24 20 -8 -20 20 -8 20
2 24 -3.326 0 -13.348 0 0 -20
2 24 -1.092 -7.167 -12.249 -1.092 0 -12.249
2 24 17.5 -5.5 17.5 17.5 0 17.5
2 24 1.768 0 -8.232 2.31 0 -9.043
2 24 -8.528 -5.5 2.647 -6.449 -5.5 -1.511
2 24 8 -5.5 0.75 8 -5 0.75
2 24 -1.09 0 -12.23 1.545 0 -17.5
2 24 -17.223 -5.5 14.445 -17.223 0 14.445
2 24 -0.75 -5.5 -8 -0.75 -5.5 -0.75
2 24 20 -8 20 20 0 20
2 24 0 -8 -20 20 -8 -20
2 24 2.31 0 -10.957 2.5 0 -10
2 24 2.31 0 -9.043 2.5 0 -10
5 24 -8.685 -5.5 -2.629 0 -8 -20 -3.326 -5.5 -13.348 -10.764 -5.5 1.529
2 24 0.957 -7.167 -7.69 1.768 -7.167 -8.232
2 24 0.75 -5.5 -0.75 0.75 -5 -0.75
5 24 1.768 -7.167 -8.232 1.768 0 -8.232 0.957 -7.167 -7.69 2.31 -7.167 -9.043
2 24 8 -5.5 -0.75 8 -5 -0.75
2 24 -8.685 -5.5 -2.629 -3.326 -5.5 -13.348
2 24 0 -5.5 17.5 0.75 -5.5 -8
5 24 -10.764 -5.5 1.529 -8.685 -5.5 -2.629 -20 -8 20 -10.764 0 1.529
5 24 -20 -8 20 -10.764 -5.5 1.529 -17.223 -5.5 14.445 0 -8 -20
2 24 0.75 -5 -8 0.75 -5 -0.75
2 24 0.957 0 -12.31 1.768 0 -11.768
5 24 0 -7.167 -12.5 0 0 -12.5 0.957 -7.167 -12.31 -1.092 -7.167 -12.249
2 24 -15.952 -5.5 17.5 -14.987 -5.5 15.563
2 24 -0.75 -5 0.75 -0.75 -5 8
2 24 -15.952 -5.5 17.5 -15.952 0 17.5
2 24 0 -8 -20 0 0 -20
2 24 8 -5 -0.75 8 -5 0.75
2 24 -0.75 -5.5 8 -0.75 -5 8
2 24 -8.685 -5.5 -2.629 -6.449 -5.5 -1.511
2 24 -0.75 -5.5 -0.75 -0.75 -5.5 0.75
2 24 -3.326 0 -13.348 -1.09 0 -12.23
2 24 -1.092 -7.167 -7.751 0 -7.167 -7.5
2 24 -0.75 -5 8 0.75 -5 8
2 24 1.545 0 -17.5 17.5 0 -17.5
2 24 -10.764 -5.5 1.529 -8.528 -5.5 2.647
5 24 2.31 -7.167 -10.957 2.31 0 -10.957 2.5 -7.167 -10 1.768 -7.167 -11.768
2 24 -14.987 -5.5 15.563 -14.987 0 15.563
5 24 -3.326 -5.5 -13.348 0 -8 -20 -8.685 -5.5 -2.629 -3.326 0 -13.348
2 24 17.5 0 -17.5 17.5 0 17.5
2 24 -3.326 -5.5 -13.348 -1.09 -5.5 -12.23
2 24 -0.75 -5 -8 -0.75 -5 -0.75
2 24 0.75 -5.5 -0.75 8 -5.5 -0.75
2 24 -10.764 0 1.529 -8.685 0 -2.629
2 24 1.545 -5.5 -17.5 1.545 0 -17.5
2 24 0.957 0 -7.69 1.768 0 -8.232
5 24 0.957 -7.167 -7.69 0.957 0 -7.69 0 -7.167 -7.5 1.768 -7.167 -8.232
2 24 1.768 0 -11.768 2.31 0 -10.957
2 24 -20 0 20 20 0 20
2 24 0.75 -5.5 -8 0.75 -5 -8
2 24 -8.528 0 2.647 -6.449 0 -1.511
2 24 -1.092 0 -12.249 -1.092 0 -7.751
2 24 1.768 -7.167 -8.232 2.31 -7.167 -9.043
2 24 -1.09 -5.5 -12.23 -1.09 0 -12.23
2 24 0.75 -5.5 0.75 0.75 -5.5 8
2 24 -17.223 -5.5 14.445 -14.987 -5.5 15.563
2 24 0 -7.167 -7.5 0.957 -7.167 -7.69
2 24 -8.528 -5.5 2.647 -8.528 0 2.647
2 24 -0.75 -5.5 -8 -0.75 -5 -8
2 24 0.75 -5 -0.75 8 -5 -0.75
2 24 -17.223 0 14.445 -14.987 0 15.563
2 24 2.31 -7.167 -9.043 2.5 -7.167 -10
2 24 0.75 -5 0.75 0.75 -5 8
2 24 -20 -8 20 0 -8 -20
2 24 -1.092 -7.167 -12.249 0 -7.167 -12.5
2 24 1.545 -5.5 -17.5 17.5 -5.5 -17.5
2 24 -10.764 -5.5 1.529 -10.764 0 1.529
2 24 0.75 -5 0.75 8 -5 0.75
2 24 -1.092 0 -12.249 0 0 -12.5
2 24 -20 -8 20 20 -8 20
2 24 -10.764 0 1.529 -8.528 0 2.647
2 24 17.5 -5.5 -17.5 17.5 -5.5 17.5
2 24 -15.952 0 17.5 -14.987 0 15.563
5 24 -20 -8 20 -17.223 -5.5 14.445 -20 0 20 -10.764 -5.5 1.529
2 24 -8.685 0 -2.629 -6.449 0 -1.511
2 24 0 0 -12.5 0.957 0 -12.31
2 24 0.75 -5.5 0.75 8 -5.5 0.75
2 24 -15.952 -5.5 17.5 0 -5.5 17.5
2 24 0 -5.5 17.5 17.5 -5.5 17.5
5 24 2.31 -7.167 -9.043 2.31 0 -9.043 1.768 -7.167 -8.232 2.5 -7.167 -10
2 24 0 0 -7.5 0.957 0 -7.69
2 24 -1.092 0 -7.751 0 0 -7.5
2 24 0.75 -5.5 8 0.75 -5 8
2 24 -20 -8 20 -20 0 20
2 24 -15.952 0 17.5 17.5 0 17.5
2 24 -20 0 20 -17.223 0 14.445
5 24 1.768 -7.167 -11.768 1.768 0 -11.768 2.31 -7.167 -10.957 0.957 -7.167 -12.31
2 24 20 -8 -20 20 0 -20
2 24 -1.092 -7.167 -7.751 -1.092 0 -7.751
2 24 0 0 -20 20 0 -20
2 24 -0.75 -5 -8 0.75 -5 -8
2 24 0.75 -5.5 0.75 0.75 -5 0.75
2 24 -3.326 -5.5 -13.348 -3.326 0 -13.348
2 24 20 0 -20 20 0 20
2 24 0.75 -5.5 -8 0.75 -5.5 -0.75
2 24 0 -7.167 -12.5 0.957 -7.167 -12.31
2 24 -17.223 -5.5 14.445 -10.764 -5.5 1.529
2 24 1.768 -7.167 -11.768 2.31 -7.167 -10.957
2 24 -1.092 -7.167 -12.249 -1.092 -7.167 -7.751
2 24 -0.75 -5.5 0.75 -0.75 -5.5 8
2 24 0.957 -7.167 -12.31 1.768 -7.167 -11.768
5 24 0.957 -7.167 -12.31 0.957 0 -12.31 1.768 -7.167 -11.768 0 -7.167 -12.5
2 24 2.31 -7.167 -10.957 2.5 -7.167 -10
2 24 -0.75 -5 -0.75 -0.75 -5 0.75
0 
