0 P1aca Esquina Curva Lisa 2x2 IUNITS
0 Name: pesqv2x2.dat
0 Author: IUNITS (diseño), jasolo (modelado)
0 !LDRAW_ORG Unofficial_Part
0 BFC CERTIFY CCW
1 16 0 0 10 1 0 0 0 0.3333 0 0 0 1 s\pilar.dat
1 16 -10 0 0 1 0 0 0 0.3333 0 0 0 1 s\pilar.dat
1 16 0 -8 0 1 0 0 0 1 0 0 0 1 s\crucetp1.dat
1 16 0 -8 20 -1 0 0 0 1 0 0 0 -1 s\crucetp1.dat
1 16 0 -8 0 0 0 -1 0 1 0 1 0 0 s\crucetp1.dat
1 16 -20 -8 0 0 0 1 0 1 0 -1 0 0 s\crucetp1.dat
4 16 -10 0 17.5 17.5 0 17.5 17.5 -5.5 17.5 -10 -5.5 17.5
4 16 -2.5 0 -17.5 -17.5 0 -17.5 -17.5 -5.5 -17.5 -2.5 -5.5 -17.5
4 16 17.5 0 2.5 -2.5 0 2.5 -2.5 -5.5 2.5 17.5 -5.5 2.5
4 16 20 0 20 20 -8 20 20 -8 0 20 0 0
4 16 0 -8 0 0 0 0 20 0 0 20 -8 0
4 16 -10 0 20 -10 -8 20 20 -8 20 20 0 20
4 16 20 0 20 20 0 0 17.5 0 2.5 17.5 0 17.5
4 16 -20 -8 -20 -20 0 -20 0 0 -20 0 -8 -20
4 16 20 -8 0 20 -8 20 -10 -8 20 0 -8 0
4 16 -20 0 -20 -20 -8 -20 -20 -8 10 -20 0 10
4 16 0 0 0 0 -8 0 0 -8 -20 0 0 -20
4 16 -10 0 20 20 0 20 17.5 0 17.5 -10 0 17.5
4 16 20 0 0 0 0 0 -2.5 0 2.5 17.5 0 2.5
4 16 0 0 0 0 0 -20 -2.5 0 -17.5 -2.5 0 2.5
4 16 0 0 -20 -20 0 -20 -17.5 0 -17.5 -2.5 0 -17.5
4 16 -2.5 0 2.5 -2.5 0 -17.5 -2.5 -5.5 -17.5 -2.5 -5.5 2.5
4 16 17.5 0 17.5 17.5 0 2.5 17.5 -5.5 2.5 17.5 -5.5 17.5
4 16 -17.5 -5.5 -17.5 -17.5 -5.5 10 -2.5 -5.5 2.5 -2.5 -5.5 -17.5
4 16 -20 0 -20 -20 0 10 -17.5 0 10 -17.5 0 -17.5
4 16 -17.5 0 -17.5 -17.5 0 10 -17.5 -5.5 10 -17.5 -5.5 -17.5
4 16 17.5 -5.5 17.5 17.5 -5.5 2.5 -2.5 -5.5 2.5 -10 -5.5 17.5
4 16 -20 -8 -20 0 -8 -20 0 -8 0 -20 -8 10
3 16 -14.167 -5.5 16.236 -12.87 -5.5 16.929 -2.5 -5.5 2.5
3 16 -15.303 -5.5 15.303 -14.167 -5.5 16.236 -2.5 -5.5 2.5
3 16 -16.236 -5.5 14.167 -15.303 -5.5 15.303 -2.5 -5.5 2.5
3 16 -16.929 -5.5 12.87 -16.236 -5.5 14.167 -2.5 -5.5 2.5
3 16 -16.929 -5.5 12.87 -2.5 -5.5 2.5 -17.356 -5.5 11.463
3 16 -2.5 -5.5 2.5 -17.5 -5.5 10 -17.356 -5.5 11.463
3 16 -10 -5.5 17.5 -2.5 -5.5 2.5 -11.463 -5.5 17.356
3 16 -12.87 -5.5 16.929 -11.463 -5.5 17.356 -2.5 -5.5 2.5
4 16 -11.463 0 17.356 -10 0 17.5 -10 -5.5 17.5 -11.463 -5.5 17.356
4 16 -14.167 0 16.236 -12.87 0 16.929 -12.87 -5.5 16.929 -14.167 -5.5 16.236
4 16 -16.929 0 12.87 -16.236 0 14.167 -16.236 -5.5 14.167 -16.929 -5.5 12.87
4 16 -17.356 0 11.463 -16.929 0 12.87 -16.929 -5.5 12.87 -17.356 -5.5 11.463
4 16 -17.5 0 10 -17.356 0 11.463 -17.356 -5.5 11.463 -17.5 -5.5 10
4 16 -12.87 0 16.929 -11.463 0 17.356 -11.463 -5.5 17.356 -12.87 -5.5 16.929
4 16 -15.303 0 15.303 -14.167 0 16.236 -14.167 -5.5 16.236 -15.303 -5.5 15.303
4 16 -16.236 0 14.167 -15.303 0 15.303 -15.303 -5.5 15.303 -16.236 -5.5 14.167
4 16 -19.239 0 13.827 -18.314 0 15.556 -16.236 0 14.167 -16.929 0 12.87
3 16 0 -8 0 -19.808 -8 11.951 -20 -8 10
4 16 -20 0 10 -20 -8 10 -19.808 -8 11.951 -19.808 0 11.951
4 16 -15.556 0 18.314 -13.827 0 19.239 -12.87 0 16.929 -14.167 0 16.236
3 16 0 -8 0 -19.239 -8 13.827 -19.808 -8 11.951
4 16 -19.808 0 11.951 -19.808 -8 11.951 -19.239 -8 13.827 -19.239 0 13.827
4 16 -19.808 0 11.951 -19.239 0 13.827 -16.929 0 12.87 -17.356 0 11.463
3 16 0 -8 0 -18.314 -8 15.556 -19.239 -8 13.827
4 16 -19.239 0 13.827 -19.239 -8 13.827 -18.314 -8 15.556 -18.314 0 15.556
4 16 -20 0 10 -19.808 0 11.951 -17.356 0 11.463 -17.5 0 10
3 16 0 -8 0 -17.071 -8 17.071 -18.314 -8 15.556
4 16 -18.314 0 15.556 -18.314 -8 15.556 -17.071 -8 17.071 -17.071 0 17.071
4 16 -11.951 0 19.808 -10 0 20 -10 0 17.5 -11.463 0 17.356
3 16 0 -8 0 -15.556 -8 18.314 -17.071 -8 17.071
4 16 -17.071 0 17.071 -17.071 -8 17.071 -15.556 -8 18.314 -15.556 0 18.314
4 16 -17.071 0 17.071 -15.556 0 18.314 -14.167 0 16.236 -15.303 0 15.303
3 16 0 -8 0 -13.827 -8 19.239 -15.556 -8 18.314
4 16 -15.556 0 18.314 -15.556 -8 18.314 -13.827 -8 19.239 -13.827 0 19.239
4 16 -18.314 0 15.556 -17.071 0 17.071 -15.303 0 15.303 -16.236 0 14.167
3 16 0 -8 0 -11.951 -8 19.808 -13.827 -8 19.239
4 16 -13.827 0 19.239 -13.827 -8 19.239 -11.951 -8 19.808 -11.951 0 19.808
4 16 -13.827 0 19.239 -11.951 0 19.808 -11.463 0 17.356 -12.87 0 16.929
3 16 0 -8 0 -10 -8 20 -11.951 -8 19.808
4 16 -11.951 0 19.808 -11.951 -8 19.808 -10 -8 20 -10 0 20
2 24 17.5 -5.5 17.5 17.5 0 17.5
2 24 -16.236 0 14.167 -15.303 0 15.303
2 24 -17.5 -5.5 -17.5 -17.5 0 -17.5
2 24 0 -8 0 20 -8 0
5 24 -15.303 -5.5 15.303 -15.303 0 15.303 -14.167 -5.5 16.236 -16.236 -5.5 14.167
2 24 -16.929 0 12.87 -16.236 0 14.167
2 24 -11.463 -5.5 17.356 -10 -5.5 17.5
5 24 -18.314 -8 15.556 -18.314 0 15.556 -19.239 -8 13.827 -17.071 -8 17.071
2 24 -17.5 0 -17.5 -2.5 0 -17.5
2 24 -17.5 0 -17.5 -17.5 0 10
2 24 -17.356 0 11.463 -16.929 0 12.87
2 24 -14.167 -5.5 16.236 -12.87 -5.5 16.929
2 24 -14.167 0 16.236 -12.87 0 16.929
5 24 -16.929 -5.5 12.87 -16.929 0 12.87 -16.236 -5.5 14.167 -17.356 -5.5 11.463
5 24 -14.167 -5.5 16.236 -14.167 0 16.236 -12.87 -5.5 16.929 -15.303 -5.5 15.303
2 24 0 -8 0 0 0 0
2 24 17.5 0 2.5 17.5 0 17.5
2 24 20 -8 20 20 0 20
5 24 -17.356 -5.5 11.463 -17.356 0 11.463 -16.929 -5.5 12.87 -17.5 -5.5 10
2 24 -17.071 0 17.071 -15.556 0 18.314
2 24 -13.827 0 19.239 -11.951 0 19.808
2 24 0 -8 -20 0 -8 0
2 24 -19.808 0 11.951 -19.239 0 13.827
5 24 -10 -5.5 17.5 -10 0 17.5 17.5 -5.5 17.5 -11.463 -5.5 17.356
2 24 -17.071 -8 17.071 -15.556 -8 18.314
2 24 17.5 -5.5 2.5 17.5 -5.5 17.5
2 24 -19.808 -8 11.951 -19.239 -8 13.827
2 24 0 -8 -20 0 0 -20
2 24 -18.314 0 15.556 -17.071 0 17.071
2 24 -20 0 -20 0 0 -20
2 24 -20 0 -20 -20 0 10
2 24 -20 0 10 -19.808 0 11.951
2 24 -20 -8 10 -19.808 -8 11.951
5 24 -19.239 -8 13.827 -19.239 0 13.827 -19.808 -8 11.951 -18.314 -8 15.556
2 24 -18.314 -8 15.556 -17.071 -8 17.071
2 24 -2.5 0 2.5 17.5 0 2.5
2 24 20 -8 0 20 0 0
2 24 -12.87 0 16.929 -11.463 0 17.356
5 24 -20 -8 10 -20 0 10 -20 -8 -20 -19.808 -8 11.951
2 24 -15.303 -5.5 15.303 -14.167 -5.5 16.236
2 24 -17.5 -5.5 10 -17.356 -5.5 11.463
5 24 -11.463 -5.5 17.356 -11.463 0 17.356 -10 -5.5 17.5 -12.87 -5.5 16.929
2 24 -15.303 0 15.303 -14.167 0 16.236
2 24 -11.951 0 19.808 -10 0 20
2 24 20 -8 0 20 -8 20
2 24 -16.236 -5.5 14.167 -15.303 -5.5 15.303
2 24 -20 -8 -20 -20 0 -20
2 24 -13.827 -8 19.239 -11.951 -8 19.808
5 24 -13.827 -8 19.239 -13.827 0 19.239 -15.556 -8 18.314 -11.951 -8 19.808
2 24 -19.239 0 13.827 -18.314 0 15.556
2 24 0 0 -20 0 0 0
2 24 -17.356 -5.5 11.463 -16.929 -5.5 12.87
2 24 -15.556 0 18.314 -13.827 0 19.239
2 24 -10 0 20 20 0 20
2 24 -2.5 -5.5 -17.5 -2.5 0 -17.5
2 24 -2.5 0 -17.5 -2.5 0 2.5
5 24 -12.87 -5.5 16.929 -12.87 0 16.929 -14.167 -5.5 16.236 -11.463 -5.5 17.356
5 24 -17.071 -8 17.071 -17.071 0 17.071 -18.314 -8 15.556 -15.556 -8 18.314
2 24 -2.5 -5.5 2.5 17.5 -5.5 2.5
2 24 -17.5 -5.5 -17.5 -2.5 -5.5 -17.5
5 24 -19.808 -8 11.951 -19.808 0 11.951 -20 -8 10 -19.239 -8 13.827
2 24 -11.463 0 17.356 -10 0 17.5
2 24 -20 -8 -20 -20 -8 10
2 24 -17.5 0 10 -17.356 0 11.463
5 24 -16.236 -5.5 14.167 -16.236 0 14.167 -16.929 -5.5 12.87 -15.303 -5.5 15.303
2 24 -10 -5.5 17.5 17.5 -5.5 17.5
2 24 -2.5 -5.5 -17.5 -2.5 -5.5 2.5
2 24 -19.239 -8 13.827 -18.314 -8 15.556
2 24 -16.929 -5.5 12.87 -16.236 -5.5 14.167
5 24 -10 -8 20 -10 0 20 20 -8 20 -11.951 -8 19.808
5 24 -11.951 -8 19.808 -11.951 0 19.808 -13.827 -8 19.239 -10 -8 20
5 24 -17.5 -5.5 10 -17.5 0 10 -17.5 -5.5 -17.5 -17.356 -5.5 11.463
2 24 -10 -8 20 20 -8 20
2 24 20 0 0 20 0 20
5 24 -15.556 -8 18.314 -15.556 0 18.314 -17.071 -8 17.071 -13.827 -8 19.239
2 24 17.5 -5.5 2.5 17.5 0 2.5
2 24 -17.5 -5.5 -17.5 -17.5 -5.5 10
2 24 -12.87 -5.5 16.929 -11.463 -5.5 17.356
2 24 0 0 0 20 0 0
2 24 -11.951 -8 19.808 -10 -8 20
2 24 -20 -8 -20 0 -8 -20
2 24 -10 0 17.5 17.5 0 17.5
2 24 -15.556 -8 18.314 -13.827 -8 19.239
2 24 -2.5 -5.5 2.5 -2.5 0 2.5
