0 Etiqueta glaciar      |M:M
0 Name: pglaciar.dat
0 Author: CPCBEGIN
0 BFC CERTIFY CCW
0 etiqueta babor
3 16 40 -10.74 -7.17 40.096 -9.43 -8.9 40 -9.43 -7.68
3 16 40 -9.3 -6.2 40 -9.1 -5.95 40 -10.53 -5.37
3 16 40 -9.43 -7.68 40 -9.43 -6.92 40 -10.69 -6.1
3 16 40.099 -5.77 -5.33 40.099 -6.11 -5.71 40.078 -5.82 -7.32
3 16 40 -9.43 -7.68 40 -10.69 -6.1 40 -10.74 -7.17
3 16 39.874 -3 -10.456 40.096 -9.43 -8.9 40.092 -10.74 -10.46
3 16 39.874 -3 -10.456 39.954 -3 -8.898 40.051 -6.23 -8.9
3 16 40 -9.41 -6.54 40 -9.3 -6.2 40 -10.53 -5.37
3 16 40 -9.43 -6.92 40 -10.53 -5.37 40 -10.69 -6.1
3 16 40 -9.43 -6.92 40 -9.41 -6.54 40 -10.53 -5.37
3 16 40.099 -5.77 -5.33 40.078 -5.42 -7.01 40.099 -5.28 -4.95
3 16 40.078 -5.82 -7.32 40.099 -7.49 -6.83 40.092 -7.47 -7.74
3 16 40.077 -6.05 -7.59 40.092 -7.47 -7.74 40.074 -6.16 -7.84
3 16 40.099 -5.28 -4.95 40.076 -4.68 -6.5 40.098 -4.51 -4.44
3 16 40.078 -5.82 -7.32 40.092 -7.47 -7.74 40.077 -6.05 -7.59
3 16 40.092 -7.47 -7.74 40.051 -6.23 -8.9 40.068 -6.22 -8.18
3 16 40.099 -5.77 -5.33 40.078 -5.82 -7.32 40.078 -5.42 -7.01
3 16 40.078 -5.42 -7.01 40.076 -4.68 -6.5 40.099 -5.28 -4.95
3 16 40.078 -5.82 -7.32 40.099 -6.11 -5.71 40.098 -6.42 -6.17
3 16 40.092 -7.47 -7.74 40.068 -6.22 -8.18 40.074 -6.16 -7.84
3 16 40.099 -7.49 -6.83 40.078 -5.82 -7.32 40.098 -6.42 -6.17
3 16 40 -9.79 -4.46 40 -10.24 -4.86 40 -9.1 -5.95
3 16 40 -9.1 -5.95 40 -8.83 -5.79 40 -9.22 -4.21
3 16 40 -8.47 -5.74 40 -7.78 -4.25 40 -8.57 -4.13
3 16 40 -7.69 -6.08 40.098 -6.42 -6.17 40 -6.67 -5.28
3 16 40 -7.69 -6.08 40.1 -7.56 -6.33 40.098 -6.42 -6.17
3 16 40 -8.83 -5.79 40 -8.57 -4.13 40 -9.22 -4.21
3 16 40 -8.83 -5.79 40 -8.47 -5.74 40 -8.57 -4.13
3 16 40 -8.47 -5.74 40 -8.15 -5.78 40 -7.78 -4.25
3 16 40 -9.1 -5.95 40 -10.24 -4.86 40 -10.53 -5.37
3 16 40 -9.79 -4.46 40 -9.1 -5.95 40 -9.22 -4.21
3 16 40.098 -6.42 -6.17 40.1 -7.56 -6.33 40.099 -7.49 -6.83
3 16 40.096 -9.43 -8.9 40 -10.74 -7.17 40.092 -10.74 -10.46
3 16 40.074 -7.47 -8.9 40.096 -9.43 -8.9 39.874 -3 -10.456
3 16 40.051 -6.23 -8.9 40.092 -7.47 -7.74 40.074 -7.47 -8.9
3 16 40.071 -3 -5.37 40.098 -4.51 -4.44 40.076 -4.68 -6.5
3 16 40.071 -3 -5.37 40.096 -3 -3.5 40.098 -4.51 -4.44
3 16 40 -7.89 -5.9 40 -7.69 -6.08 40 -6.67 -5.28
3 16 40 -7.89 -5.9 40 -7.13 -4.64 40 -8.15 -5.78
3 16 40 -7.13 -4.64 40 -7.78 -4.25 40 -8.15 -5.78
3 16 39.874 -3 -10.456 40.051 -6.23 -8.9 40.074 -7.47 -8.9
3 16 40 -7.89 -5.9 40 -6.67 -5.28 40 -7.13 -4.64
3 16 39.792 -6.06 -14.333 39.813 -3 -11.454 39.988 -10.74 -14.558
3 16 39.792 -6.06 -14.333 39.752 -4.76 -13.832 39.813 -3 -11.454
3 16 39.636 -6.06 -16.437 39.752 -4.76 -13.832 39.792 -6.06 -14.333
3 16 39.636 -6.06 -16.437 39.102 -3 -19.19 39.5 -4.76 -16.911
3 16 39.636 -6.06 -16.437 39.912 -10.74 -16.207 39.102 -3 -19.19
3 16 39.5 -4.76 -16.911 39.102 -3 -19.19 39.29 -3 -17.541
3 16 39.636 -6.06 -16.437 39.5 -4.76 -16.911 39.752 -4.76 -13.832
3 16 39.636 -6.06 -16.437 39.874 -8.94 -15.406 39.912 -10.74 -16.207
3 16 39.813 -3 -11.454 39.752 -4.76 -13.832 39.694 -3 -13.15
3 16 39.874 -8.94 -15.406 39.988 -10.74 -14.558 39.912 -10.74 -16.207
3 16 39.792 -6.06 -14.333 39.988 -10.74 -14.558 39.874 -8.94 -15.406
3 16 38.773 -3 -21.729 38.979 -3 -20.183 39.646 -10.74 -20.218
3 16 38.773 -3 -21.729 39.646 -10.74 -20.218 39.512 -10.74 -21.772
3 16 39.035 -8.7 -24.486 39.273 -9.86 -23.41 39.041 -9 -24.687
3 16 39.041 -9 -24.687 39.273 -9.86 -23.41 39.26 -10.29 -23.889
3 16 38.747 -4.42 -23.097 38.651 -5.22 -24.44 38.55 -4.75 -24.733
3 16 39.009 -8.24 -24.315 39.228 -8.61 -22.778 39.035 -8.7 -24.486
3 16 38.747 -4.42 -23.097 38.904 -5.37 -22.738 38.651 -5.22 -24.44
3 16 39.041 -9 -24.687 39.26 -10.29 -23.889 39.029 -9.3 -25.036
3 16 39.262 -9.31 -23.049 39.035 -8.7 -24.486 39.228 -8.61 -22.778
3 16 38.453 -4.43 -25.106 38.361 -4.25 -25.538 38.455 -3.3 -24.146
3 16 39.262 -9.31 -23.049 39.273 -9.86 -23.41 39.035 -8.7 -24.486
3 16 38.55 -4.75 -24.733 38.453 -4.43 -25.106 38.619 -3.83 -23.498
3 16 38.55 -4.75 -24.733 38.619 -3.83 -23.498 38.747 -4.42 -23.097
3 16 38.904 -5.37 -22.738 38.753 -5.85 -24.248 38.651 -5.22 -24.44
3 16 37.843 -4.71 -28.965 38.165 -5.19 -27.523 38.24 -6.03 -27.769
3 16 37.843 -4.71 -28.965 38.158 -4.64 -27.102 38.165 -5.19 -27.523
3 16 37.825 -3.92 -28.403 38.202 -4.31 -26.566 38.158 -4.64 -27.102
3 16 37.825 -3.92 -28.403 38.158 -4.64 -27.102 37.843 -4.71 -28.965
3 16 37.843 -4.71 -28.965 38.24 -6.03 -27.769 37.958 -5.94 -29.345
3 16 38.116 -7.12 -29.418 38.523 -8.11 -27.711 38.3 -8.26 -29.264
3 16 38.3 -8.26 -29.264 38.523 -8.11 -27.711 38.654 -8.81 -27.411
3 16 38.116 -7.12 -29.418 38.38 -7.14 -27.83 38.523 -8.11 -27.711
3 16 37.958 -5.94 -29.345 38.24 -6.03 -27.769 38.38 -7.14 -27.83
3 16 37.958 -5.94 -29.345 38.38 -7.14 -27.83 38.116 -7.12 -29.418
3 16 38.453 -4.43 -25.106 38.455 -3.3 -24.146 38.619 -3.83 -23.498
3 16 38.939 -9.54 -25.94 38.994 -9.48 -25.464 39.087 -10.87 -25.869
3 16 38.985 -10.81 -26.643 38.939 -9.54 -25.94 39.087 -10.87 -25.869
3 16 38.112 -2.87 -25.898 38.293 -4.2 -25.923 37.964 -2.99 -26.855
3 16 39.087 -10.87 -25.869 38.994 -9.48 -25.464 39.161 -10.82 -25.204
3 16 38.112 -2.87 -25.898 38.284 -2.97 -24.952 38.293 -4.2 -25.923
3 16 38.874 -10.61 -27.326 38.752 -10.27 -27.938 38.861 -9.47 -26.475
3 16 38.874 -10.61 -27.326 38.861 -9.47 -26.475 38.985 -10.81 -26.643
3 16 38.861 -9.47 -26.475 38.939 -9.54 -25.94 38.985 -10.81 -26.643
3 16 38.774 -9.26 -26.939 38.861 -9.47 -26.475 38.752 -10.27 -27.938
3 16 38.774 -9.26 -26.939 38.752 -10.27 -27.938 38.621 -9.81 -28.468
3 16 38.293 -4.2 -25.923 38.284 -2.97 -24.952 38.361 -4.25 -25.538
3 16 37.867 -3.34 -27.687 38.202 -4.31 -26.566 37.825 -3.92 -28.403
3 16 38.293 -4.2 -25.923 38.202 -4.31 -26.566 37.964 -2.99 -26.855
3 16 39.216 -10.67 -24.597 39.029 -9.3 -25.036 39.26 -10.29 -23.889
3 16 38.654 -8.81 -27.411 38.774 -9.26 -26.939 38.439 -9 -29.005
3 16 38.654 -8.81 -27.411 38.439 -9 -29.005 38.3 -8.26 -29.264
3 16 37.867 -3.34 -27.687 37.964 -2.99 -26.855 38.202 -4.31 -26.566
3 16 38.774 -9.26 -26.939 38.621 -9.81 -28.468 38.439 -9 -29.005
3 16 38.994 -9.48 -25.464 39.029 -9.3 -25.036 39.161 -10.82 -25.204
3 16 39.029 -9.3 -25.036 39.216 -10.67 -24.597 39.161 -10.82 -25.204
3 16 38.361 -4.25 -25.538 38.284 -2.97 -24.952 38.455 -3.3 -24.146
3 16 37.237 -6.06 -33.216 37.303 -3 -30.343 37.93 -10.74 -33.502
3 16 37.237 -6.06 -33.216 37.119 -4.76 -32.704 37.303 -3 -30.343
3 16 36.797 -6.06 -35.28 37.119 -4.76 -32.704 37.237 -6.06 -33.216
3 16 36.797 -6.06 -35.28 35.548 -3 -37.911 36.451 -4.76 -35.721
3 16 36.797 -6.06 -35.28 37.631 -10.74 -35.125 35.548 -3 -37.911
3 16 36.451 -4.76 -35.721 35.548 -3 -37.911 35.958 -3 -36.303
3 16 36.797 -6.06 -35.28 36.451 -4.76 -35.721 37.119 -4.76 -32.704
3 16 36.797 -6.06 -35.28 37.499 -8.94 -34.312 37.631 -10.74 -35.125
3 16 37.303 -3 -30.343 37.119 -4.76 -32.704 36.955 -3 -32.007
3 16 37.499 -8.94 -34.312 37.93 -10.74 -33.502 37.631 -10.74 -35.125
3 16 37.237 -6.06 -33.216 37.93 -10.74 -33.502 37.499 -8.94 -34.312
3 16 33.773 -3 -44.112 35.569 -4.3 -38.914 34.535 -4.3 -42.664
3 16 33.773 -3 -44.112 35.291 -3 -38.878 35.569 -4.3 -38.914
3 16 33.773 -3 -44.112 34.535 -4.3 -42.664 35.922 -10.68 -42.848
3 16 33.773 -3 -44.112 35.922 -10.68 -42.848 35.535 -10.68 -44.359
3 16 32.494 -7.86 -52.067 33.261 -8.52 -50.322 32.747 -8.56 -51.909
3 16 32.494 -7.86 -52.067 33.031 -7.92 -50.525 33.261 -8.52 -50.322
3 16 32.72 -4.2 -48.355 32.101 -2.96 -49.111 32.328 -2.87 -48.389
3 16 32.72 -4.2 -48.355 31.889 -3.22 -49.924 32.101 -2.96 -49.111
3 16 34.882 -10.27 -46.422 34.196 -9.5 -48.145 34.908 -9.94 -46.056
3 16 32.747 -8.56 -51.909 33.261 -8.52 -50.322 33.494 -8.99 -49.989
3 16 33.213 -4.53 -47.145 33.39 -3.55 -45.782 33.741 -4.07 -45.107
3 16 33.017 -4.34 -47.583 33.39 -3.55 -45.782 33.213 -4.53 -47.145
3 16 33.017 -4.34 -47.583 33.091 -3.23 -46.435 33.39 -3.55 -45.782
3 16 32.26 -7.1 -52.108 32.746 -6.96 -50.579 33.031 -7.92 -50.525
3 16 34.633 -10.81 -47.748 34.196 -9.5 -48.145 34.794 -10.61 -47.02
3 16 32.26 -7.1 -52.108 33.031 -7.92 -50.525 32.494 -7.86 -52.067
3 16 32.72 -4.2 -48.355 32.328 -2.87 -48.389 32.861 -4.24 -47.968
3 16 34.633 -10.81 -47.748 34.466 -10.87 -48.374 34.196 -9.5 -48.145
3 16 32.747 -8.56 -51.909 33.494 -8.99 -49.989 33.014 -9.2 -51.643
3 16 34.338 -8.74 -47.035 34.79 -8.6 -45.36 34.862 -9.1 -45.52
3 16 34.287 -8.31 -46.848 34.79 -8.6 -45.36 34.338 -8.74 -47.035
3 16 33.014 -9.2 -51.643 33.718 -9.32 -49.553 33.287 -9.75 -51.266
3 16 34.344 -9.03 -47.256 34.901 -9.55 -45.755 34.305 -9.31 -47.621
3 16 34.338 -8.74 -47.035 34.862 -9.1 -45.52 34.344 -9.03 -47.256
3 16 33.014 -9.2 -51.643 33.494 -8.99 -49.989 33.718 -9.32 -49.553
3 16 34.344 -9.03 -47.256 34.862 -9.1 -45.52 34.901 -9.55 -45.755
3 16 34.305 -9.31 -47.621 34.901 -9.55 -45.755 34.908 -9.94 -46.056
3 16 34.305 -9.31 -47.621 34.908 -9.94 -46.056 34.196 -9.5 -48.145
3 16 34.882 -10.27 -46.422 34.794 -10.61 -47.02 34.196 -9.5 -48.145
3 16 32.542 -4.28 -48.945 31.889 -3.22 -49.924 32.72 -4.2 -48.355
3 16 31.766 -3.66 -50.633 32.542 -4.28 -48.945 32.428 -4.51 -49.466
3 16 31.766 -3.66 -50.633 32.428 -4.51 -49.466 31.732 -4.25 -51.217
3 16 32.542 -4.28 -48.945 31.766 -3.66 -50.633 31.889 -3.22 -49.924
3 16 31.879 -5.49 -51.843 32.421 -5.43 -50.255 32.543 -6.12 -50.475
3 16 33.932 -9.5 -49.016 34.139 -10.81 -49.426 33.928 -10.66 -49.995
3 16 31.781 -4.84 -51.575 32.421 -5.43 -50.255 31.879 -5.49 -51.843
3 16 33.741 -4.07 -45.107 33.712 -5.85 -46.682 33.463 -4.86 -46.644
3 16 32.019 -6.17 -52.017 32.543 -6.12 -50.475 32.746 -6.96 -50.579
3 16 34.081 -9.54 -48.558 34.294 -10.86 -48.949 34.139 -10.81 -49.426
3 16 31.879 -5.49 -51.843 32.543 -6.12 -50.475 32.019 -6.17 -52.017
3 16 33.718 -9.32 -49.553 33.932 -9.5 -49.016 33.495 -10.11 -50.919
3 16 31.732 -4.25 -51.217 32.385 -4.89 -49.909 31.781 -4.84 -51.575
3 16 31.732 -4.25 -51.217 32.428 -4.51 -49.466 32.385 -4.89 -49.909
3 16 33.213 -4.53 -47.145 33.741 -4.07 -45.107 33.463 -4.86 -46.644
3 16 33.932 -9.5 -49.016 33.7 -10.4 -50.511 33.495 -10.11 -50.919
3 16 33.718 -9.32 -49.553 33.495 -10.11 -50.919 33.287 -9.75 -51.266
3 16 31.781 -4.84 -51.575 32.385 -4.89 -49.909 32.421 -5.43 -50.255
3 16 33.932 -9.5 -49.016 33.928 -10.66 -49.995 33.7 -10.4 -50.511
3 16 34.081 -9.54 -48.558 34.196 -9.5 -48.145 34.294 -10.86 -48.949
3 16 32.781 -2.99 -47.165 33.017 -4.34 -47.583 32.552 -2.89 -47.757
3 16 33.166 -5.85 -48.387 33.712 -5.85 -46.682 34.483 -7.15 -45.216
3 16 33.017 -4.34 -47.583 32.861 -4.24 -47.968 32.552 -2.89 -47.757
3 16 32.781 -2.99 -47.165 33.091 -3.23 -46.435 33.017 -4.34 -47.583
3 16 33.166 -5.85 -48.387 34.483 -7.15 -45.216 33.499 -7.15 -48.44
3 16 33.932 -9.5 -49.016 34.081 -9.54 -48.558 34.139 -10.81 -49.426
3 16 33.712 -5.85 -46.682 33.741 -4.07 -45.107 34.483 -7.15 -45.216
3 16 34.294 -10.86 -48.949 34.196 -9.5 -48.145 34.466 -10.87 -48.374
3 16 32.019 -6.17 -52.017 32.746 -6.96 -50.579 32.26 -7.1 -52.108
3 16 32.861 -4.24 -47.968 32.328 -2.87 -48.389 32.552 -2.89 -47.757
0 etiqueta estribor
3 16 -40 -7.86 -3.58 -40 -8.52 -5.45 -40 -8.56 -3.78
3 16 -40 -7.86 -3.58 -40 -7.92 -5.21 -40 -8.52 -5.45
3 16 -40.048 -4.2 -7.33 -40.043 -2.96 -6.469 -40.016 -2.87 -7.229
3 16 -40.048 -4.2 -7.33 -40.069 -3.22 -5.62 -40.043 -2.96 -6.469
3 16 -40.096 -10.27 -9.59 -40 -9.5 -7.77 -40.09 -9.94 -9.96
3 16 -40 -8.56 -3.78 -40 -8.52 -5.45 -40 -8.99 -5.82
3 16 -40.016 -4.53 -8.619 -39.922 -3.55 -10.007 -39.907 -4.07 -10.737
3 16 -40.027 -4.34 -8.149 -39.922 -3.55 -10.007 -40.016 -4.53 -8.619
3 16 -40.027 -4.34 -8.149 -39.944 -3.23 -9.308 -39.922 -3.55 -10.007
3 16 -40 -7.1 -3.5 -40 -6.96 -5.11 -40 -7.92 -5.21
3 16 -40 -10.81 -8.23 -40 -9.5 -7.77 -40.1 -10.61 -8.98
3 16 -40 -7.1 -3.5 -40 -7.92 -5.21 -40 -7.86 -3.58
3 16 -40.048 -4.2 -7.33 -40.016 -2.87 -7.229 -40.037 -4.24 -7.739
3 16 -40 -10.81 -8.23 -40 -10.87 -7.58 -40 -9.5 -7.77
3 16 -40 -8.56 -3.78 -40 -8.99 -5.82 -40 -9.2 -4.09
3 16 -40.091 -8.74 -8.9 -40.057 -8.6 -10.64 -40.07 -9.1 -10.49
3 16 -40.083 -8.31 -9.08 -40.057 -8.6 -10.64 -40.091 -8.74 -8.9
3 16 -40 -9.2 -4.09 -40 -9.32 -6.29 -40 -9.75 -4.51
3 16 -40.095 -9.03 -8.68 -40.081 -9.55 -10.26 -40.099 -9.31 -8.31
3 16 -40.091 -8.74 -8.9 -40.07 -9.1 -10.49 -40.095 -9.03 -8.68
3 16 -40 -9.2 -4.09 -40 -8.99 -5.82 -40 -9.32 -6.29
3 16 -40.095 -9.03 -8.68 -40.07 -9.1 -10.49 -40.081 -9.55 -10.26
3 16 -40.099 -9.31 -8.31 -40.081 -9.55 -10.26 -40.09 -9.94 -9.96
3 16 -40.099 -9.31 -8.31 -40.09 -9.94 -9.96 -40 -9.5 -7.77
3 16 -40.096 -10.27 -9.59 -40.1 -10.61 -8.98 -40 -9.5 -7.77
3 16 -40.065 -4.28 -6.71 -40.069 -3.22 -5.62 -40.048 -4.2 -7.33
3 16 -40.088 -3.66 -4.89 -40.065 -4.28 -6.71 -40.079 -4.51 -6.17
3 16 -40.088 -3.66 -4.89 -40.079 -4.51 -6.17 -40.098 -4.25 -4.3
3 16 -40.065 -4.28 -6.71 -40.088 -3.66 -4.89 -40.069 -3.22 -5.62
3 16 -40 -5.49 -3.7 -40.097 -5.43 -5.38 -40.1 -6.12 -5.18
3 16 -40 -9.5 -6.86 -40 -10.81 -6.48 -40 -10.66 -5.88
3 16 -40 -4.84 -3.95 -40.097 -5.43 -5.38 -40 -5.49 -3.7
3 16 -39.907 -4.07 -10.737 -40.034 -5.85 -9.159 -40.007 -4.86 -9.159
3 16 -40 -6.17 -3.55 -40.1 -6.12 -5.18 -40 -6.96 -5.11
3 16 -40 -9.54 -7.34 -40 -10.86 -6.98 -40 -10.81 -6.48
3 16 -40 -5.49 -3.7 -40.1 -6.12 -5.18 -40 -6.17 -3.55
3 16 -40 -9.32 -6.29 -40 -9.5 -6.86 -40 -10.11 -4.89
3 16 -40.098 -4.25 -4.3 -40.09 -4.89 -5.72 -40 -4.84 -3.95
3 16 -40.098 -4.25 -4.3 -40.079 -4.51 -6.17 -40.09 -4.89 -5.72
3 16 -40.016 -4.53 -8.619 -39.907 -4.07 -10.737 -40.007 -4.86 -9.159
3 16 -40 -9.5 -6.86 -40 -10.4 -5.33 -40 -10.11 -4.89
3 16 -40 -9.32 -6.29 -40 -10.11 -4.89 -40 -9.75 -4.51
3 16 -40 -4.84 -3.95 -40.09 -4.89 -5.72 -40.097 -5.43 -5.38
3 16 -40 -9.5 -6.86 -40 -10.66 -5.88 -40 -10.4 -5.33
3 16 -40 -9.54 -7.34 -40 -9.5 -7.77 -40 -10.86 -6.98
3 16 -39.97 -2.99 -8.528 -40.027 -4.34 -8.149 -39.992 -2.89 -7.899
3 16 -40.078 -5.85 -7.37 -40.034 -5.85 -9.159 -40.018 -7.15 -10.739
3 16 -40.027 -4.34 -8.149 -40.037 -4.24 -7.739 -39.992 -2.89 -7.899
3 16 -39.97 -2.99 -8.528 -39.944 -3.23 -9.308 -40.027 -4.34 -8.149
3 16 -40.078 -5.85 -7.37 -40.018 -7.15 -10.739 -40.093 -7.15 -7.37
3 16 -40 -9.5 -6.86 -40 -9.54 -7.34 -40 -10.81 -6.48
3 16 -40.034 -5.85 -9.159 -39.907 -4.07 -10.737 -40.018 -7.15 -10.739
3 16 -40 -10.86 -6.98 -40 -9.5 -7.77 -40 -10.87 -7.58
3 16 -40 -6.17 -3.55 -40 -6.96 -5.11 -40 -7.1 -3.5
3 16 -40.037 -4.24 -7.739 -40.016 -2.87 -7.229 -39.992 -2.89 -7.899
3 16 -39.795 -3 -11.733 -39.439 -4.3 -17.169 -39.763 -4.3 -13.292
3 16 -39.795 -3 -11.733 -39.33 -3 -17.163 -39.439 -4.3 -17.169
3 16 -39.795 -3 -11.733 -39.763 -4.3 -13.292 -40.031 -10.68 -13.299
3 16 -39.795 -3 -11.733 -40.031 -10.68 -13.299 -40.071 -10.68 -11.74
3 16 -38.941 -6.06 -23.03 -38.139 -3 -25.85 -39.41 -10.74 -22.837
3 16 -38.941 -6.06 -23.03 -38.728 -4.76 -23.516 -38.139 -3 -25.85
3 16 -39.196 -6.06 -20.936 -38.728 -4.76 -23.516 -38.941 -6.06 -23.03
3 16 -39.196 -6.06 -20.936 -39.222 -3 -18.157 -39.126 -4.76 -20.452
3 16 -39.196 -6.06 -20.936 -39.564 -10.74 -21.194 -39.222 -3 -18.157
3 16 -39.126 -4.76 -20.452 -39.222 -3 -18.157 -39.026 -3 -19.806
3 16 -39.196 -6.06 -20.936 -39.126 -4.76 -20.452 -38.728 -4.76 -23.516
3 16 -39.196 -6.06 -20.936 -39.344 -8.94 -21.984 -39.564 -10.74 -21.194
3 16 -38.139 -3 -25.85 -38.728 -4.76 -23.516 -38.412 -3 -24.172
3 16 -39.344 -8.94 -21.984 -39.41 -10.74 -22.837 -39.564 -10.74 -21.194
3 16 -38.941 -6.06 -23.03 -39.41 -10.74 -22.837 -39.344 -8.94 -21.984
3 16 -37.925 -8.7 -31.832 -37.903 -9.86 -32.92 -38.003 -9 -31.639
3 16 -38.003 -9 -31.639 -37.903 -9.86 -32.92 -38.049 -10.29 -32.453
3 16 -36.973 -4.42 -33.109 -37.382 -5.22 -31.801 -37.364 -4.75 -31.499
3 16 -37.827 -8.24 -31.993 -37.599 -8.61 -33.522 -37.925 -8.7 -31.832
3 16 -36.973 -4.42 -33.109 -37.061 -5.37 -33.488 -37.382 -5.22 -31.801
3 16 -38.003 -9 -31.639 -38.049 -10.29 -32.453 -38.105 -9.3 -31.298
3 16 -37.757 -9.31 -33.267 -37.925 -8.7 -31.832 -37.599 -8.61 -33.522
3 16 -37.387 -4.43 -31.121 -37.443 -4.25 -30.687 -37.001 -3.3 -32.042
3 16 -37.757 -9.31 -33.267 -37.903 -9.86 -32.92 -37.925 -8.7 -31.832
3 16 -37.364 -4.75 -31.499 -37.387 -4.43 -31.121 -36.956 -3.83 -32.697
3 16 -37.364 -4.75 -31.499 -36.956 -3.83 -32.697 -36.973 -4.42 -33.109
3 16 -37.061 -5.37 -33.488 -37.446 -5.85 -32.007 -37.382 -5.22 -31.801
3 16 -38.138 -4.71 -27.28 -37.956 -5.19 -28.735 -38.116 -6.03 -28.508
3 16 -38.138 -4.71 -27.28 -37.8 -4.64 -29.141 -37.956 -5.19 -28.735
3 16 -37.93 -3.92 -27.822 -37.65 -4.31 -29.667 -37.8 -4.64 -29.141
3 16 -37.93 -3.92 -27.822 -37.8 -4.64 -29.141 -38.138 -4.71 -27.28
3 16 -38.138 -4.71 -27.28 -38.116 -6.03 -28.508 -38.364 -5.94 -26.929
3 16 -38.524 -7.12 -26.881 -38.384 -8.11 -28.61 -38.639 -8.26 -27.059
3 16 -38.639 -8.26 -27.059 -38.384 -8.11 -28.61 -38.426 -8.81 -28.924
3 16 -38.524 -7.12 -26.881 -38.277 -7.14 -28.472 -38.384 -8.11 -28.61
3 16 -38.364 -5.94 -26.929 -38.116 -6.03 -28.508 -38.277 -7.14 -28.472
3 16 -38.364 -5.94 -26.929 -38.277 -7.14 -28.472 -38.524 -7.12 -26.881
3 16 -37.387 -4.43 -31.121 -37.001 -3.3 -32.042 -36.956 -3.83 -32.697
3 16 -38.288 -9.54 -30.403 -38.202 -9.48 -30.876 -38.449 -10.87 -30.495
3 16 -38.559 -10.81 -29.724 -38.288 -9.54 -30.403 -38.449 -10.87 -30.495
3 16 -37.292 -2.87 -30.292 -37.51 -4.2 -30.303 -37.501 -2.99 -29.343
3 16 -38.449 -10.87 -30.495 -38.202 -9.48 -30.876 -38.338 -10.82 -31.157
3 16 -37.292 -2.87 -30.292 -37.114 -2.97 -31.234 -37.51 -4.2 -30.303
3 16 -38.635 -10.61 -29.039 -38.684 -10.27 -28.423 -38.364 -9.47 -29.869
3 16 -38.635 -10.61 -29.039 -38.364 -9.47 -29.869 -38.559 -10.81 -29.724
3 16 -38.364 -9.47 -29.869 -38.288 -9.54 -30.403 -38.559 -10.81 -29.724
3 16 -38.41 -9.26 -29.402 -38.364 -9.47 -29.869 -38.684 -10.27 -28.423
3 16 -38.41 -9.26 -29.402 -38.684 -10.27 -28.423 -38.706 -9.81 -27.884
3 16 -37.51 -4.2 -30.303 -37.114 -2.97 -31.234 -37.443 -4.25 -30.687
3 16 -37.714 -3.34 -28.523 -37.65 -4.31 -29.667 -37.93 -3.92 -27.822
3 16 -37.51 -4.2 -30.303 -37.65 -4.31 -29.667 -37.501 -2.99 -29.343
3 16 -38.22 -10.67 -31.757 -38.105 -9.3 -31.298 -38.049 -10.29 -32.453
3 16 -38.426 -8.81 -28.924 -38.41 -9.26 -29.402 -38.688 -9 -27.333
3 16 -38.426 -8.81 -28.924 -38.688 -9 -27.333 -38.639 -8.26 -27.059
3 16 -37.714 -3.34 -28.523 -37.501 -2.99 -29.343 -37.65 -4.31 -29.667
3 16 -38.41 -9.26 -29.402 -38.706 -9.81 -27.884 -38.688 -9 -27.333
3 16 -38.202 -9.48 -30.876 -38.105 -9.3 -31.298 -38.338 -10.82 -31.157
3 16 -38.105 -9.3 -31.298 -38.22 -10.67 -31.757 -38.338 -10.82 -31.157
3 16 -37.443 -4.25 -30.687 -37.114 -2.97 -31.234 -37.001 -3.3 -32.042
3 16 -36.413 -3 -34.417 -36.049 -3 -35.934 -37.445 -10.74 -36.087
3 16 -36.413 -3 -34.417 -37.445 -10.74 -36.087 -37.739 -10.74 -34.555
3 16 -35.213 -6.06 -41.717 -33.69 -3 -44.379 -36.233 -10.74 -41.626
3 16 -35.213 -6.06 -41.717 -34.79 -4.76 -42.16 -33.69 -3 -44.379
3 16 -35.75 -6.06 -39.677 -34.79 -4.76 -42.16 -35.213 -6.06 -41.717
3 16 -35.75 -6.06 -39.677 -35.807 -3 -36.904 -35.6 -4.76 -39.178
3 16 -35.75 -6.06 -39.677 -36.609 -10.74 -40.019 -35.807 -3 -36.904
3 16 -35.6 -4.76 -39.178 -35.807 -3 -36.904 -35.389 -3 -38.511
3 16 -35.75 -6.06 -39.677 -35.6 -4.76 -39.178 -34.79 -4.76 -42.16
3 16 -35.75 -6.06 -39.677 -36.08 -8.94 -40.758 -36.609 -10.74 -40.019
3 16 -33.69 -3 -44.379 -34.79 -4.76 -42.16 -34.188 -3 -42.754
3 16 -36.08 -8.94 -40.758 -36.233 -10.74 -41.626 -36.609 -10.74 -40.019
3 16 -35.213 -6.06 -41.717 -36.233 -10.74 -41.626 -36.08 -8.94 -40.758
3 16 -34.32 -10.74 -48.763 -34.5 -9.43 -47.059 -34.153 -9.43 -48.229
3 16 -33.687 -9.3 -49.638 -33.561 -9.1 -49.869 -33.745 -10.53 -50.477
3 16 -34.153 -9.43 -48.229 -33.932 -9.43 -48.956 -33.999 -10.69 -49.786
3 16 -32.497 -5.77 -50.318 -32.711 -6.11 -49.973 -33.143 -5.82 -48.433
3 16 -34.153 -9.43 -48.229 -33.999 -10.69 -49.786 -34.32 -10.74 -48.763
3 16 -33.387 -3 -45.332 -34.5 -9.43 -47.059 -35.218 -10.74 -45.598
3 16 -33.387 -3 -45.332 -32.901 -3 -46.815 -33.729 -6.23 -46.945
3 16 -33.815 -9.41 -49.318 -33.687 -9.3 -49.638 -33.745 -10.53 -50.477
3 16 -33.932 -9.43 -48.956 -33.745 -10.53 -50.477 -33.999 -10.69 -49.786
3 16 -33.932 -9.43 -48.956 -33.815 -9.41 -49.318 -33.745 -10.53 -50.477
3 16 -32.497 -5.77 -50.318 -32.941 -5.42 -48.711 -32.238 -5.28 -50.654
3 16 -33.143 -5.82 -48.433 -33.421 -7.49 -48.967 -33.691 -7.47 -48.099
3 16 -33.286 -6.05 -48.186 -33.691 -7.47 -48.099 -33.391 -6.16 -47.953
3 16 -32.238 -5.28 -50.654 -32.582 -4.68 -49.162 -31.853 -4.51 -51.098
3 16 -33.143 -5.82 -48.433 -33.691 -7.47 -48.099 -33.286 -6.05 -48.186
3 16 -33.691 -7.47 -48.099 -33.729 -6.23 -46.945 -33.51 -6.22 -47.631
3 16 -32.497 -5.77 -50.318 -33.143 -5.82 -48.433 -32.941 -5.42 -48.711
3 16 -32.941 -5.42 -48.711 -32.582 -4.68 -49.162 -32.238 -5.28 -50.654
3 16 -33.143 -5.82 -48.433 -32.711 -6.11 -49.973 -32.939 -6.42 -49.551
3 16 -33.691 -7.47 -48.099 -33.51 -6.22 -47.631 -33.391 -6.16 -47.953
3 16 -33.421 -7.49 -48.967 -33.143 -5.82 -48.433 -32.939 -6.42 -49.551
3 16 -33.282 -9.79 -51.315 -33.519 -10.24 -50.953 -33.561 -9.1 -49.869
3 16 -33.561 -9.1 -49.869 -33.444 -8.83 -50.011 -33.057 -9.22 -51.53
3 16 -33.337 -8.47 -50.044 -32.689 -7.78 -51.43 -32.861 -8.57 -51.578
3 16 -33.242 -7.69 -49.689 -32.939 -6.42 -49.551 -32.723 -6.67 -50.405
3 16 -33.242 -7.69 -49.689 -33.286 -7.56 -49.446 -32.939 -6.42 -49.551
3 16 -33.444 -8.83 -50.011 -32.861 -8.57 -51.578 -33.057 -9.22 -51.53
3 16 -33.444 -8.83 -50.011 -33.337 -8.47 -50.044 -32.861 -8.57 -51.578
3 16 -33.337 -8.47 -50.044 -33.268 -8.15 -49.993 -32.689 -7.78 -51.43
3 16 -33.561 -9.1 -49.869 -33.519 -10.24 -50.953 -33.745 -10.53 -50.477
3 16 -33.282 -9.79 -51.315 -33.561 -9.1 -49.869 -33.057 -9.22 -51.53
3 16 -32.939 -6.42 -49.551 -33.286 -7.56 -49.446 -33.421 -7.49 -48.967
3 16 -34.5 -9.43 -47.059 -34.32 -10.74 -48.763 -35.218 -10.74 -45.598
3 16 -34.033 -7.47 -46.991 -34.5 -9.43 -47.059 -33.387 -3 -45.332
3 16 -33.729 -6.23 -46.945 -33.691 -7.47 -48.099 -34.033 -7.47 -46.991
3 16 -31.742 -3 -50.149 -31.853 -4.51 -51.098 -32.582 -4.68 -49.162
3 16 -31.742 -3 -50.149 -31.094 -3 -51.903 -31.853 -4.51 -51.098
3 16 -33.238 -7.89 -49.868 -33.242 -7.69 -49.689 -32.723 -6.67 -50.405
3 16 -33.238 -7.89 -49.868 -32.64 -7.13 -51.032 -33.268 -8.15 -49.993
3 16 -32.64 -7.13 -51.032 -32.689 -7.78 -51.43 -33.268 -8.15 -49.993
3 16 -33.387 -3 -45.332 -33.729 -6.23 -46.945 -34.033 -7.47 -46.991
3 16 -33.238 -7.89 -49.868 -32.723 -6.67 -50.405 -32.64 -7.13 -51.032

