0 Pilar Alfa  |F:F
0 Name: pilaralf.dat
0 Author: jasolo & perezmol
0 !LDRAW_ORG Unofficial_Part
0 BFC CERTIFY CCW
1 16 -10 -120 -10 1 0 0 0 1 0 0 0 1 s\tetonsin.dat
1 16 -10 -120 10 1 0 0 0 1 0 0 0 1 s\tetonsin.dat
1 16 10 -120 -10 1 0 0 0 1 0 0 0 1 s\tetonsin.dat
1 16 10 -120 10 1 0 0 0 1 0 0 0 1 s\tetonsin.dat
1 16 0 0 -10 1 0 0 0 0.3333 0 0 0 1 s\pilar.dat
1 16 0 0 10 1 0 0 0 0.3333 0 0 0 1 s\pilar.dat
1 16 10 0 0 1 0 0 0 0.3333 0 0 0 1 s\pilar.dat
1 16 -10 0 0 1 0 0 0 0.3333 0 0 0 1 s\pilar.dat
1 16 0 -8 0 1 0 0 0 1 0 0 0 1 s\crucetp.dat
1 16 0 -8 -20 1 0 0 0 1 0 0 0 1 s\crucetp1.dat
1 16 0 -8 20 -1 0 0 0 1 0 0 0 -1 s\crucetp1.dat
1 16 -20 -8 0 0 0 1 0 1 0 -1 0 0 s\crucetp1.dat
1 16 20 -8 0 0 0 -1 0 1 0 1 0 0 s\crucetp1.dat
4 16 -20 -144 -20 -20 -144 20 -20 -152 20 -20 -152 -20
4 16 20 0 20 -20 0 20 -21.316 -8 20 15.805 -8 20
4 16 0 -72 20 20 -144 20 20 -144 -20 0 -72 -20
3 16 -20 -144 -20 -20 -152 -20 -24.766 -140 -20
4 16 20 0 -20 -20 0 -20 -17.5 0 -17.5 17.5 0 -17.5
4 16 20 -144 20 -20 -144 20 -20 -144 -20 20 -144 -20
3 16 -20 -152 20 -20 -144 20 -24.766 -140 20
4 16 -20 -152 -20 -40 -128 -20 -36 -126.56 -20 -24.766 -140 -20
4 16 20 -8 -20 0 -72 -20 -4.149 -72 -20 15.805 -8 -20
4 16 -40 -24 -20 -40 -128 -20 -40 -128 20 -40 -24 20
4 16 20 -144 -20 -20 -144 -20 -24.766 -140 -20 14.723 -140 -20
4 16 0 -72 20 20 -8 20 15.805 -8 20 -4.149 -72 20
3 16 20 0 -20 20 -8 -20 15.805 -8 -20
4 16 20 -8 20 0 -72 20 0 -72 -20 20 -8 -20
4 16 20 0 20 20 -8 20 20 -8 -20 20 0 -20
4 16 -20 0 -20 20 0 -20 15.805 -8 -20 -21.316 -8 -20
4 16 -21.316 -8 20 -20 0 20 -40 -24 20 -36 -24.981 20
4 16 -40 -128 -20 -20 -152 -20 -20 -152 20 -40 -128 20
3 16 -4.149 -72 -20 0 -72 -20 -3.438 -74.5 -20
4 16 -36 -24.981 -20 -21.316 -8 -20 -21.316 -8 -2.5 -36 -24.981 -2.5
4 16 -40 -128 20 -20 -152 20 -24.766 -140 20 -36 -126.56 20
3 16 -36 -24.981 20 -40 -24 20 -36 -72 20
4 16 -20 -144 20 20 -144 20 14.723 -140 20 -24.766 -140 20
3 16 -36 -126.56 -20 -40 -128 -20 -36 -74.5 -20
3 16 20 -8 20 20 0 20 15.805 -8 20
3 16 -40 -24 -20 -36 -24.981 -20 -36 -72 -20
4 16 -40 -128 -20 -40 -24 -20 -36 -72 -20 -36 -74.5 -20
3 16 -40 -128 20 -36 -126.56 20 -36 -74.5 20
4 16 -40 -24 20 -40 -128 20 -36 -74.5 20 -36 -72 20
3 16 0 -72 20 -4.149 -72 20 -3.438 -74.5 20
4 16 -4.149 -72 20 15.805 -8 20 15.805 -8 2.5 -4.149 -72 2.5
4 16 -36 -74.5 -20 -3.438 -74.5 -20 -3.438 -74.5 -2.5 -36 -74.5 -2.5
4 16 -36 -72 20 -4.149 -72 20 -4.149 -72 2.5 -36 -72 2.5
4 16 -36 -74.5 -20 -36 -72 -20 -4.149 -72 -20 -3.438 -74.5 -20
4 16 14.723 -140 20 -3.438 -74.5 20 -3.438 -74.5 2.5 14.723 -140 2.5
4 16 -36 -74.5 20 -36 -126.56 20 -36 -126.56 2.5 -36 -74.5 2.5
4 16 -21.316 -8 -20 15.805 -8 -20 15.805 -8 -2.5 -21.316 -8 -2.5
4 16 -36 -72 -20 -36 -24.981 -20 -36 -24.981 -2.5 -36 -72 -2.5
4 16 -36 -126.56 20 -24.766 -140 20 -24.766 -140 2.5 -36 -126.56 2.5
4 16 -4.149 -72 -20 -36 -72 -20 -36 -72 -2.5 -4.149 -72 -2.5
4 16 -36 -74.5 20 -3.438 -74.5 20 -4.149 -72 20 -36 -72 20
3 16 -36 -72 -2.5 -36 -24.981 -2.5 -4.149 -72 -2.5
4 16 -36 -126.56 -2.5 -36 -74.5 -2.5 -3.438 -74.5 -2.5 14.723 -140 -2.5
3 16 -36 -24.981 -2.5 -21.316 -8 -2.5 -4.149 -72 -2.5
3 16 -21.316 -8 -2.5 15.805 -8 -2.5 -4.149 -72 -2.5
3 16 -36 -126.56 -2.5 14.723 -140 -2.5 -24.766 -140 -2.5
4 16 -3.438 -74.5 -20 14.723 -140 -20 14.723 -140 -2.5 -3.438 -74.5 -2.5
4 16 14.723 -140 -20 -24.766 -140 -20 -24.766 -140 -2.5 14.723 -140 -2.5
4 16 -24.766 -140 -20 -36 -126.56 -20 -36 -126.56 -2.5 -24.766 -140 -2.5
4 16 -36 -126.56 -20 -36 -74.5 -20 -36 -74.5 -2.5 -36 -126.56 -2.5
4 16 15.805 -8 -20 -4.149 -72 -20 -4.149 -72 -2.5 15.805 -8 -2.5
3 16 -36 -126.56 2.5 -24.766 -140 2.5 14.723 -140 2.5
3 16 -36 -24.981 2.5 -36 -72 2.5 -4.149 -72 2.5
3 16 -36 -24.981 2.5 -4.149 -72 2.5 -21.316 -8 2.5
3 16 -4.149 -72 2.5 15.805 -8 2.5 -21.316 -8 2.5
4 16 -36 -74.5 2.5 -36 -126.56 2.5 14.723 -140 2.5 -3.438 -74.5 2.5
4 16 15.805 -8 20 -21.316 -8 20 -21.316 -8 2.5 15.805 -8 2.5
4 16 -24.766 -140 20 14.723 -140 20 14.723 -140 2.5 -24.766 -140 2.5
4 16 -21.316 -8 20 -36 -24.981 20 -36 -24.981 2.5 -21.316 -8 2.5
4 16 -36 -24.981 20 -36 -72 20 -36 -72 2.5 -36 -24.981 2.5
4 16 -3.438 -74.5 20 -36 -74.5 20 -36 -74.5 2.5 -3.438 -74.5 2.5
4 16 17.5 0 -17.5 -17.5 0 -17.5 -17.5 -5.5 -17.5 17.5 -5.5 -17.5
4 16 -20 0 20 20 0 20 17.5 0 17.5 -17.5 0 17.5
4 16 -20 0 -20 -20 0 20 -17.5 0 17.5 -17.5 0 -17.5
4 16 20 0 20 20 0 -20 17.5 0 -17.5 17.5 0 17.5
4 16 -17.5 -5.5 17.5 17.5 -5.5 17.5 17.5 -5.5 -17.5 -17.5 -5.5 -17.5
4 16 -17.5 0 17.5 17.5 0 17.5 17.5 -5.5 17.5 -17.5 -5.5 17.5
4 16 17.5 0 17.5 17.5 0 -17.5 17.5 -5.5 -17.5 17.5 -5.5 17.5
4 16 -17.5 0 -17.5 -17.5 0 17.5 -17.5 -5.5 17.5 -17.5 -5.5 -17.5
4 16 -40 -24 -20 -20 0 -20 -21.316 -8 -20 -36 -24.981 -20
3 16 -25.335 -6.402 15 -26.402 -7.683 15 -40 -24 20
3 16 -23.201 -3.841 -15 -20 0 -20 -24.268 -5.122 -15
4 16 -20 0 20 -20 0 -20 -23.201 -3.841 -15 -23.201 -3.841 15
4 16 -40 -24 -20 -40 -24 20 -26.402 -7.683 15 -26.402 -7.683 -15
3 16 -24.268 -5.122 15 -23.201 -3.841 15 -23.201 -5.122 15
4 16 -24.268 -5.122 15 -24.268 -5.122 -15 -24.268 -6.402 -15 -24.268 -6.402 15
3 16 -40 -24 -20 -26.402 -7.683 -15 -25.335 -6.402 -15
4 16 -20 0 -20 -40 -24 -20 -25.335 -6.402 -15 -24.268 -5.122 -15
3 16 -23.201 -3.841 15 -24.268 -5.122 15 -20 0 20
4 16 -24.268 -5.122 15 -25.335 -6.402 15 -40 -24 20 -20 0 20
4 16 -23.201 -5.122 -15 -24.268 -5.122 -15 -24.268 -5.122 15 -23.201 -5.122 15
4 16 -23.201 -3.841 15 -23.201 -3.841 -15 -23.201 -5.122 -15 -23.201 -5.122 15
3 16 -23.201 -3.841 -15 -24.268 -5.122 -15 -23.201 -5.122 -15
4 16 -24.268 -6.402 -15 -25.335 -6.402 -15 -25.335 -6.402 15 -24.268 -6.402 15
3 16 -25.335 -6.402 15 -24.268 -5.122 15 -24.268 -6.402 15
3 16 -24.268 -5.122 -15 -25.335 -6.402 -15 -24.268 -6.402 -15
4 16 -25.335 -7.683 -15 -26.402 -7.683 -15 -26.402 -7.683 15 -25.335 -7.683 15
3 16 -26.402 -7.683 15 -25.335 -6.402 15 -25.335 -7.683 15
3 16 -25.335 -6.402 -15 -26.402 -7.683 -15 -25.335 -7.683 -15
4 16 -25.335 -6.402 15 -25.335 -6.402 -15 -25.335 -7.683 -15 -25.335 -7.683 15
4 16 20 -144 -20 14.723 -140 -20 -3.438 -74.5 -20 0 -72 -20
4 16 14.723 -140 20 20 -144 20 0 -72 20 -3.438 -74.5 20
2 24 -17.5 -5.5 -17.5 -17.5 0 -17.5
2 24 -17.5 0 -17.5 17.5 0 -17.5
2 24 -20 0 -20 20 0 -20
2 24 0 -72 -20 20 -8 -20
2 24 -3.438 -74.5 20 14.723 -140 20
2 24 -17.5 0 -17.5 -17.5 0 17.5
2 24 -23.201 -5.122 -15 -23.201 -3.841 -15
2 24 -36 -126.56 20 -36 -74.5 20
2 24 -4.149 -72 -20 -4.149 -72 -2.5
2 24 -40 -24 -20 -20 0 -20
2 24 -36 -72 2.5 -36 -24.981 2.5
2 24 -36 -72 2.5 -4.149 -72 2.5
2 24 -21.316 -8 20 15.805 -8 20
2 24 -36 -72 -20 -4.149 -72 -20
2 24 -26.402 -7.683 -15 -26.402 -7.683 15
2 24 17.5 -5.5 -17.5 17.5 0 -17.5
2 24 -20 -144 20 20 -144 20
2 24 20 0 -20 20 0 20
2 24 -36 -74.5 -20 -36 -74.5 -2.5
2 24 -36 -126.56 20 -24.766 -140 20
2 24 -36 -74.5 2.5 -3.438 -74.5 2.5
2 24 -25.335 -7.683 15 -25.335 -6.402 15
2 24 -24.268 -6.402 -15 -24.268 -6.402 15
2 24 -36 -126.56 -20 -36 -126.56 -2.5
2 24 -40 -128 -20 -40 -24 -20
2 24 0 -72 20 20 -8 20
2 24 0 -72 20 20 -144 20
2 24 -21.316 -8 -20 15.805 -8 -20
2 24 -24.766 -140 2.5 14.723 -140 2.5
2 24 -36 -24.981 -2.5 -21.316 -8 -2.5
2 24 -4.149 -72 2.5 -4.149 -72 20
2 24 -24.268 -5.122 -15 -24.268 -5.122 15
2 24 -20 -152 20 -20 -144 20
2 24 -24.268 -5.122 15 -23.201 -3.841 15
2 24 -40 -128 -20 -40 -128 20
2 24 -36 -74.5 2.5 -36 -74.5 20
2 24 0 -72 -20 20 -144 -20
5 24 -36 -126.56 -2.5 14.723 -140 -2.5 -36 -74.5 -2.5 -24.766 -140 -2.5
2 24 -36 -72 -20 -36 -24.981 -20
2 24 -36 -72 -20 -36 -72 -2.5
2 24 -24.268 -6.402 15 -24.268 -5.122 15
2 24 -36 -72 -2.5 -36 -24.981 -2.5
2 24 -36 -126.56 -20 -24.766 -140 -20
5 24 -40 -24 -20 -25.335 -6.402 -15 -26.402 -7.683 -15 -20 0 -20
2 24 -25.335 -6.402 15 -24.268 -5.122 15
2 24 -24.268 -5.122 -15 -23.201 -5.122 -15
2 24 17.5 -5.5 -17.5 17.5 -5.5 17.5
2 24 -36 -24.981 2.5 -21.316 -8 2.5
2 24 -4.149 -72 -20 15.805 -8 -20
5 24 -23.201 -3.841 15 -20 0 20 -23.201 -3.841 -15 -24.268 -5.122 15
2 24 -17.5 -5.5 17.5 -17.5 0 17.5
2 24 -3.438 -74.5 -20 14.723 -140 -20
2 24 -21.316 -8 2.5 15.805 -8 2.5
2 24 -24.766 -140 -2.5 14.723 -140 -2.5
2 24 -3.438 -74.5 2.5 14.723 -140 2.5
2 24 -3.438 -74.5 -2.5 14.723 -140 -2.5
2 24 -25.335 -6.402 -15 -25.335 -6.402 15
2 24 -26.402 -7.683 -15 -25.335 -7.683 -15
2 24 -40 -24 20 -20 0 20
2 24 -23.201 -3.841 -15 -23.201 -3.841 15
2 24 -36 -72 20 -4.149 -72 20
2 24 -17.5 0 17.5 17.5 0 17.5
2 24 17.5 -5.5 17.5 17.5 0 17.5
2 24 14.723 -140 -20 14.723 -140 -2.5
2 24 -20 -144 -20 20 -144 -20
5 24 -40 -24 20 -26.402 -7.683 15 -25.335 -6.402 15 -40 -24 -20
2 24 -36 -74.5 -20 -3.438 -74.5 -20
2 24 -23.201 -5.122 -15 -23.201 -5.122 15
2 24 -24.766 -140 20 14.723 -140 20
2 24 -3.438 -74.5 2.5 -3.438 -74.5 20
2 24 -4.149 -72 -2.5 15.805 -8 -2.5
2 24 -20 0 20 20 0 20
2 24 -36 -72 2.5 -36 -72 20
2 24 -36 -24.981 20 -21.316 -8 20
2 24 -25.335 -7.683 -15 -25.335 -6.402 -15
2 24 -3.438 -74.5 -20 -3.438 -74.5 -2.5
2 24 -36 -126.56 -20 -36 -74.5 -20
2 24 -26.402 -7.683 15 -25.335 -7.683 15
2 24 -23.201 -5.122 15 -23.201 -3.841 15
2 24 -24.766 -140 -20 14.723 -140 -20
2 24 -25.335 -6.402 -15 -24.268 -5.122 -15
5 24 -23.201 -3.841 -15 -20 0 -20 -24.268 -5.122 -15 -23.201 -3.841 15
2 24 -17.5 -5.5 17.5 17.5 -5.5 17.5
2 24 -20 -144 -20 -20 -144 20
2 24 -40 -128 20 -20 -152 20
2 24 -26.402 -7.683 15 -25.335 -6.402 15
2 24 14.723 -140 2.5 14.723 -140 20
2 24 15.805 -8 -20 15.805 -8 -2.5
2 24 -25.335 -6.402 -15 -24.268 -6.402 -15
2 24 -36 -72 -2.5 -4.149 -72 -2.5
2 24 -20 0 -20 -20 0 20
2 24 -21.316 -8 -20 -21.316 -8 -2.5
2 24 -17.5 -5.5 -17.5 17.5 -5.5 -17.5
5 24 -40 -24 20 -25.335 -6.402 15 -26.402 -7.683 15 -20 0 20
5 24 -40 -24 -20 -26.402 -7.683 -15 -40 -24 20 -25.335 -6.402 -15
2 24 -24.268 -5.122 15 -23.201 -5.122 15
2 24 -21.316 -8 2.5 -21.316 -8 20
2 24 -36 -24.981 2.5 -36 -24.981 20
2 24 -24.268 -5.122 -15 -23.201 -3.841 -15
2 24 0 -72 -20 0 -72 20
2 24 -24.766 -140 2.5 -24.766 -140 20
2 24 -25.335 -6.402 15 -24.268 -6.402 15
2 24 -26.402 -7.683 -15 -25.335 -6.402 -15
2 24 -36 -126.56 2.5 -24.766 -140 2.5
5 24 -24.268 -5.122 15 -20 0 20 -23.201 -3.841 15 -25.335 -6.402 15
5 24 -36 -126.56 2.5 14.723 -140 2.5 -24.766 -140 2.5 -36 -74.5 2.5
5 24 20 -8 -20 20 -8 20 0 -72 -20 20 0 -20
2 24 -36 -72 20 -36 -24.981 20
2 24 -17.5 -5.5 -17.5 -17.5 -5.5 17.5
2 24 -36 -126.56 -2.5 -24.766 -140 -2.5
2 24 20 -8 -20 20 0 -20
2 24 -40 -24 -20 -40 -24 20
2 24 -21.316 -8 -2.5 15.805 -8 -2.5
2 24 -36 -74.5 -2.5 -3.438 -74.5 -2.5
2 24 -24.268 -6.402 -15 -24.268 -5.122 -15
5 24 -24.268 -5.122 -15 -20 0 -20 -23.201 -3.841 -15 -25.335 -6.402 -15
2 24 -36 -126.56 2.5 -36 -126.56 20
2 24 -24.766 -140 -20 -24.766 -140 -2.5
2 24 20 -8 20 20 0 20
2 24 -4.149 -72 2.5 15.805 -8 2.5
2 24 -40 -128 -20 -20 -152 -20
2 24 -20 -152 -20 -20 -152 20
2 24 20 -144 -20 20 -144 20
2 24 17.5 0 -17.5 17.5 0 17.5
2 24 -36 -24.981 -20 -36 -24.981 -2.5
2 24 15.805 -8 2.5 15.805 -8 20
2 24 -20 -152 -20 -20 -144 -20
2 24 -36 -126.56 2.5 -36 -74.5 2.5
2 24 -36 -74.5 20 -3.438 -74.5 20
2 24 -36 -24.981 -20 -21.316 -8 -20
2 24 -36 -126.56 -2.5 -36 -74.5 -2.5
2 24 -25.335 -7.683 -15 -25.335 -7.683 15
2 24 -4.149 -72 20 15.805 -8 20
2 24 -40 -128 20 -40 -24 20
0
