0 Etiqueta imperial      |M:M
0 Name: pimperial.dat
0 Author: CPCBEGIN
0 !LDRAW_ORG Unofficial_Part
0 BFC CERTIFY CCW
0 etiqueta babor
3 16 39.951 -3 -8.948 40 -4.3 -3.5 40.048 -4.3 -7.39
3 16 39.951 -3 -8.948 40.096 -3 -3.5 40 -4.3 -3.5
3 16 39.951 -3 -8.948 40.048 -4.3 -7.39 40 -10.68 -7.39
3 16 39.951 -3 -8.948 40 -10.68 -7.39 40.1 -10.68 -8.95
3 16 39.884 -6.06 -12.826 39.902 -3 -9.946 40.04 -10.74 -13.049
3 16 39.884 -6.06 -12.826 39.85 -4.76 -12.325 39.902 -3 -9.946
3 16 39.751 -6.06 -14.932 39.85 -4.76 -12.325 39.884 -6.06 -12.826
3 16 39.751 -6.06 -14.932 39.273 -3 -17.69 39.632 -4.76 -15.407
3 16 39.751 -6.06 -14.932 39.982 -10.74 -14.698 39.273 -3 -17.69
3 16 39.632 -4.76 -15.407 39.273 -3 -17.69 39.444 -3 -16.039
3 16 39.751 -6.06 -14.932 39.632 -4.76 -15.407 39.85 -4.76 -12.325
3 16 39.751 -6.06 -14.932 39.951 -8.94 -13.898 39.982 -10.74 -14.698
3 16 39.902 -3 -9.946 39.85 -4.76 -12.325 39.801 -3 -11.643
3 16 39.951 -8.94 -13.898 40.04 -10.74 -13.049 39.982 -10.74 -14.698
3 16 39.884 -6.06 -12.826 40.04 -10.74 -13.049 39.951 -8.94 -13.898
3 16 38.972 -3 -20.232 39.161 -3 -18.684 39.759 -10.74 -18.712
3 16 38.972 -3 -20.232 39.759 -10.74 -18.712 39.642 -10.74 -20.268
3 16 39.187 -10.74 -24.915 38.837 -9.43 -26.623 38.995 -9.43 -25.414
3 16 39.16 -9.3 -23.944 39.17 -9.1 -23.694 39.363 -10.53 -23.125
3 16 38.995 -9.43 -25.414 39.088 -9.43 -24.659 39.3 -10.69 -23.851
3 16 38.905 -5.77 -23.058 38.893 -6.11 -23.437 38.638 -5.82 -25.029
3 16 38.995 -9.43 -25.414 39.3 -10.69 -23.851 39.187 -10.74 -24.915
3 16 37.74 -3 -28.095 38.837 -9.43 -26.623 38.773 -10.74 -28.179
3 16 37.74 -3 -28.095 38.017 -3 -26.56 38.454 -6.23 -26.596
3 16 39.131 -9.41 -24.282 39.16 -9.3 -23.944 39.363 -10.53 -23.125
3 16 39.088 -9.43 -24.659 39.363 -10.53 -23.125 39.3 -10.69 -23.851
3 16 39.088 -9.43 -24.659 39.131 -9.41 -24.282 39.363 -10.53 -23.125
3 16 38.905 -5.77 -23.058 38.635 -5.42 -24.719 38.902 -5.28 -22.678
3 16 38.638 -5.82 -25.029 38.897 -7.49 -24.557 38.772 -7.47 -25.459
3 16 38.627 -6.05 -25.299 38.772 -7.47 -25.459 38.604 -6.16 -25.547
3 16 38.902 -5.28 -22.678 38.619 -4.68 -24.208 38.885 -4.51 -22.167
3 16 38.638 -5.82 -25.029 38.772 -7.47 -25.459 38.627 -6.05 -25.299
3 16 38.772 -7.47 -25.459 38.454 -6.23 -26.596 38.561 -6.22 -25.884
3 16 38.905 -5.77 -23.058 38.638 -5.82 -25.029 38.635 -5.42 -24.719
3 16 38.635 -5.42 -24.719 38.619 -4.68 -24.208 38.902 -5.28 -22.678
3 16 38.638 -5.82 -25.029 38.893 -6.11 -23.437 38.866 -6.42 -23.895
3 16 38.772 -7.47 -25.459 38.561 -6.22 -25.884 38.604 -6.16 -25.547
3 16 38.897 -7.49 -24.557 38.638 -5.82 -25.029 38.866 -6.42 -23.895
3 16 39.392 -9.79 -22.216 39.39 -10.24 -22.616 39.17 -9.1 -23.694
3 16 39.17 -9.1 -23.694 39.162 -8.83 -23.534 39.37 -9.22 -21.965
3 16 39.133 -8.47 -23.482 39.238 -7.78 -21.998 39.322 -8.57 -21.883
3 16 39.014 -7.69 -23.815 38.866 -6.42 -23.895 39.007 -6.67 -23.014
3 16 39.014 -7.69 -23.815 38.969 -7.56 -24.062 38.866 -6.42 -23.895
3 16 39.162 -8.83 -23.534 39.322 -8.57 -21.883 39.37 -9.22 -21.965
3 16 39.162 -8.83 -23.534 39.133 -8.47 -23.482 39.322 -8.57 -21.883
3 16 39.133 -8.47 -23.482 39.097 -8.15 -23.52 39.238 -7.78 -21.998
3 16 39.17 -9.1 -23.694 39.39 -10.24 -22.616 39.363 -10.53 -23.125
3 16 39.392 -9.79 -22.216 39.17 -9.1 -23.694 39.37 -9.22 -21.965
3 16 38.866 -6.42 -23.895 38.969 -7.56 -24.062 38.897 -7.49 -24.557
3 16 38.837 -9.43 -26.623 39.187 -10.74 -24.915 38.773 -10.74 -28.179
3 16 38.608 -7.47 -26.607 38.837 -9.43 -26.623 37.74 -3 -28.095
3 16 38.454 -6.23 -26.596 38.772 -7.47 -25.459 38.608 -7.47 -26.607
3 16 38.58 -3 -23.075 38.885 -4.51 -22.167 38.619 -4.68 -24.208
3 16 38.58 -3 -23.075 38.842 -3 -21.224 38.885 -4.51 -22.167
3 16 39.056 -7.89 -23.637 39.014 -7.69 -23.815 39.007 -6.67 -23.014
3 16 39.056 -7.89 -23.637 39.131 -7.13 -22.382 39.097 -8.15 -23.52
3 16 39.131 -7.13 -22.382 39.238 -7.78 -21.998 39.097 -8.15 -23.52
3 16 37.74 -3 -28.095 38.454 -6.23 -26.596 38.608 -7.47 -26.607
3 16 39.056 -7.89 -23.637 39.007 -6.67 -23.014 39.131 -7.13 -22.382
3 16 36.315 -3 -34.835 37.756 -4.3 -29.097 36.901 -4.3 -33.341
3 16 37.264 -6.41 -33.379 38.174 -7.72 -29.573 37.478 -7.72 -33.4
3 16 36.315 -3 -34.835 37.478 -7.72 -33.4 37.746 -9.43 -33.426
3 16 37.264 -6.41 -33.379 37.99 -6.41 -29.558 38.174 -7.72 -29.573
3 16 36.315 -3 -34.835 36.901 -4.3 -33.341 37.264 -6.41 -33.379
3 16 36.315 -3 -34.835 37.746 -9.43 -33.426 37.659 -10.74 -34.978
3 16 36.315 -3 -34.835 37.264 -6.41 -33.379 37.478 -7.72 -33.4
3 16 37.746 -9.43 -33.426 38.611 -10.74 -29.317 37.659 -10.74 -34.978
3 16 36.315 -3 -34.835 37.554 -3 -29.078 37.756 -4.3 -29.097
3 16 37.746 -9.43 -33.426 38.448 -9.43 -29.305 38.611 -10.74 -29.317
3 16 36.769 -10.74 -39.307 36.486 -9.43 -39.465 37.015 -10.71 -38.153
3 16 36.578 -7.74 -37.656 36.488 -7.51 -37.855 36.807 -7.16 -36.151
3 16 36.312 -9.43 -40.205 36.486 -9.43 -39.465 36.769 -10.74 -39.307
3 16 36.785 -8.73 -37.559 37.194 -9.2 -36.042 37.238 -9.87 -36.387
3 16 36.785 -8.73 -37.559 37.238 -9.87 -36.387 36.8 -9.04 -37.75
3 16 36.666 -6.73 -36.426 36.396 -7.36 -38.125 36.523 -6.4 -36.779
3 16 37.142 -10.63 -37.487 37.015 -10.71 -38.153 36.64 -9.42 -38.783
3 16 36.779 -9.26 -38.028 37.218 -10.35 -36.884 36.725 -9.38 -38.372
3 16 36.578 -7.74 -37.656 36.807 -7.16 -36.151 36.946 -7.7 -35.966
3 16 37.015 -10.71 -38.153 36.486 -9.43 -39.465 36.64 -9.42 -38.783
3 16 34.548 -3 -41.536 36.312 -9.43 -40.205 36.203 -10.74 -41.752
3 16 36.578 -7.74 -37.656 36.946 -7.7 -35.966 36.661 -8.02 -37.525
3 16 36.661 -8.02 -37.525 36.946 -7.7 -35.966 37.073 -8.36 -35.92
3 16 34.548 -3 -41.536 35.606 -5.92 -40.119 35.879 -7.24 -40.153
3 16 34.548 -3 -41.536 34.974 -3 -40.035 35.606 -5.92 -40.119
3 16 35.606 -5.92 -40.119 36.086 -7.24 -39.318 35.879 -7.24 -40.153
3 16 34.548 -3 -41.536 35.879 -7.24 -40.153 36.312 -9.43 -40.205
3 16 36.312 -9.43 -40.205 36.769 -10.74 -39.307 36.203 -10.74 -41.752
3 16 36.728 -8.34 -37.492 37.194 -9.2 -36.042 36.785 -8.73 -37.559
3 16 36.661 -8.02 -37.525 37.073 -8.36 -35.92 36.728 -8.34 -37.492
3 16 36.728 -8.34 -37.492 37.073 -8.36 -35.92 37.194 -9.2 -36.042
3 16 36.086 -7.24 -39.318 35.606 -5.92 -40.119 35.859 -5.92 -39.13
3 16 36.396 -7.36 -38.125 36.273 -7.27 -38.57 36.092 -5.95 -38.219
3 16 36.725 -9.38 -38.372 37.218 -10.35 -36.884 37.142 -10.63 -37.487
3 16 36.488 -7.51 -37.855 36.396 -7.36 -38.125 36.666 -6.73 -36.426
3 16 36.488 -7.51 -37.855 36.666 -6.73 -36.426 36.807 -7.16 -36.151
3 16 36.389 -6.17 -37.164 36.523 -6.4 -36.779 36.396 -7.36 -38.125
3 16 36.389 -6.17 -37.164 36.396 -7.36 -38.125 36.267 -6.03 -37.56
3 16 36.725 -9.38 -38.372 37.142 -10.63 -37.487 36.64 -9.42 -38.783
3 16 36.396 -7.36 -38.125 36.092 -5.95 -38.219 36.267 -6.03 -37.56
3 16 36.8 -9.04 -37.75 37.238 -9.87 -36.387 37.218 -10.35 -36.884
3 16 36.273 -7.27 -38.57 35.859 -5.92 -39.13 36.092 -5.95 -38.219
3 16 36.086 -7.24 -39.318 35.859 -5.92 -39.13 36.273 -7.27 -38.57
3 16 36.8 -9.04 -37.75 37.218 -10.35 -36.884 36.779 -9.26 -38.028
3 16 31.938 -3 -49.603 32.419 -3 -48.235 33.992 -9.1 -48.485
3 16 35.258 -9.1 -44.083 34.266 -3 -42.495 35.965 -10.74 -42.724
3 16 35.258 -9.1 -44.083 35.965 -10.74 -42.724 35.379 -10.74 -44.999
3 16 32.911 -3 -46.786 33.773 -5.46 -46.162 33.992 -9.1 -48.485
3 16 32.911 -3 -46.786 33.381 -3 -45.351 33.773 -5.46 -46.162
3 16 33.844 -3 -43.882 34.266 -3 -42.495 35.258 -9.1 -44.083
3 16 33.773 -5.46 -46.162 33.381 -3 -45.351 35.258 -9.1 -44.083
3 16 33.992 -9.1 -48.485 34.634 -10.74 -47.688 33.968 -10.74 -49.931
3 16 31.938 -3 -49.603 33.992 -9.1 -48.485 33.968 -10.74 -49.931
3 16 33.773 -5.46 -46.162 35.258 -9.1 -44.083 35.379 -10.74 -44.999
3 16 33.992 -9.1 -48.485 33.773 -5.46 -46.162 34.634 -10.74 -47.688
3 16 31.055 -3 -52.006 31.598 -3 -50.543 33.672 -10.74 -50.886
3 16 31.055 -3 -52.006 33.672 -10.74 -50.886 33.196 -10.74 -52.372
0 etiqueta estribor
3 16 -40.096 -3 -3.5 -40.077 -3 -5.06 -40 -10.74 -5.06
3 16 -40.096 -3 -3.5 -40 -10.74 -5.06 -40 -10.74 -3.5
3 16 -40.055 -3 -6.06 -40.01 -3 -7.509 -40 -9.1 -7.51
3 16 -40.027 -9.1 -12.089 -39.665 -3 -13.529 -40.025 -10.74 -13.539
3 16 -40.027 -9.1 -12.089 -40.025 -10.74 -13.539 -40.082 -10.74 -11.19
3 16 -39.947 -3 -9.038 -40.002 -5.46 -9.799 -40 -9.1 -7.51
3 16 -39.947 -3 -9.038 -39.869 -3 -10.546 -40.002 -5.46 -9.799
3 16 -39.772 -3 -12.083 -39.665 -3 -13.529 -40.027 -9.1 -12.089
3 16 -40.002 -5.46 -9.799 -39.869 -3 -10.546 -40.027 -9.1 -12.089
3 16 -40 -9.1 -7.51 -40 -10.74 -8.4 -40 -10.74 -6.06
3 16 -40.055 -3 -6.06 -40 -9.1 -7.51 -40 -10.74 -6.06
3 16 -40.002 -5.46 -9.799 -40.027 -9.1 -12.089 -40.082 -10.74 -11.19
3 16 -40 -9.1 -7.51 -40.002 -5.46 -9.799 -40 -10.74 -8.4
3 16 -39.866 -10.74 -17.045 -39.811 -9.43 -16.854 -39.791 -10.71 -18.223
3 16 -39.566 -7.74 -18.664 -39.568 -7.51 -18.455 -39.376 -7.16 -20.185
3 16 -39.857 -9.43 -16.095 -39.811 -9.43 -16.854 -39.866 -10.74 -17.045
3 16 -39.626 -8.73 -18.787 -39.525 -9.2 -20.343 -39.603 -9.87 -20.006
3 16 -39.626 -8.73 -18.787 -39.603 -9.87 -20.006 -39.662 -9.04 -18.598
3 16 -39.369 -6.73 -19.895 -39.581 -7.36 -18.175 -39.379 -6.4 -19.526
3 16 -39.739 -10.63 -18.901 -39.791 -10.71 -18.223 -39.763 -9.42 -17.552
3 16 -39.698 -9.26 -18.32 -39.676 -10.35 -19.509 -39.731 -9.38 -17.971
3 16 -39.566 -7.74 -18.664 -39.376 -7.16 -20.185 -39.401 -7.7 -20.387
3 16 -39.791 -10.71 -18.223 -39.811 -9.43 -16.854 -39.763 -9.42 -17.552
3 16 -39.583 -3 -14.525 -39.857 -9.43 -16.095 -39.988 -10.74 -14.539
3 16 -39.566 -7.74 -18.664 -39.401 -7.7 -20.387 -39.574 -8.02 -18.805
3 16 -39.574 -8.02 -18.805 -39.401 -7.7 -20.387 -39.449 -8.36 -20.449
3 16 -39.583 -3 -14.525 -39.655 -5.92 -16.088 -39.738 -7.24 -16.091
3 16 -39.583 -3 -14.525 -39.44 -3 -16.079 -39.655 -5.92 -16.088
3 16 -39.655 -5.92 -16.088 -39.674 -7.24 -16.949 -39.738 -7.24 -16.091
3 16 -39.583 -3 -14.525 -39.738 -7.24 -16.091 -39.857 -9.43 -16.095
3 16 -39.857 -9.43 -16.095 -39.866 -10.74 -17.045 -39.988 -10.74 -14.539
3 16 -39.594 -8.34 -18.846 -39.525 -9.2 -20.343 -39.626 -8.73 -18.787
3 16 -39.574 -8.02 -18.805 -39.449 -8.36 -20.449 -39.594 -8.34 -18.846
3 16 -39.594 -8.34 -18.846 -39.449 -8.36 -20.449 -39.525 -9.2 -20.343
3 16 -39.674 -7.24 -16.949 -39.655 -5.92 -16.088 -39.57 -5.92 -17.105
3 16 -39.581 -7.36 -18.175 -39.614 -7.27 -17.716 -39.487 -5.95 -18.041
3 16 -39.731 -9.38 -17.971 -39.676 -10.35 -19.509 -39.739 -10.63 -18.901
3 16 -39.568 -7.51 -18.455 -39.581 -7.36 -18.175 -39.369 -6.73 -19.895
3 16 -39.568 -7.51 -18.455 -39.369 -6.73 -19.895 -39.376 -7.16 -20.185
3 16 -39.4 -6.17 -19.127 -39.379 -6.4 -19.526 -39.581 -7.36 -18.175
3 16 -39.4 -6.17 -19.127 -39.581 -7.36 -18.175 -39.429 -6.03 -18.718
3 16 -39.731 -9.38 -17.971 -39.739 -10.63 -18.901 -39.763 -9.42 -17.552
3 16 -39.581 -7.36 -18.175 -39.487 -5.95 -18.041 -39.429 -6.03 -18.718
3 16 -39.662 -9.04 -18.598 -39.603 -9.87 -20.006 -39.676 -10.35 -19.509
3 16 -39.614 -7.27 -17.716 -39.57 -5.92 -17.105 -39.487 -5.95 -18.041
3 16 -39.674 -7.24 -16.949 -39.57 -5.92 -17.105 -39.614 -7.27 -17.716
3 16 -39.662 -9.04 -18.598 -39.676 -10.35 -19.509 -39.698 -9.26 -18.32
3 16 -38.817 -3 -21.412 -38.086 -4.3 -27.246 -38.752 -4.3 -22.968
3 16 -38.984 -6.41 -22.983 -38.604 -7.72 -26.847 -39.117 -7.72 -22.991
3 16 -38.817 -3 -21.412 -39.117 -7.72 -22.991 -39.279 -9.43 -23
3 16 -38.984 -6.41 -22.983 -38.44 -6.41 -26.835 -38.604 -7.72 -26.847
3 16 -38.817 -3 -21.412 -38.752 -4.3 -22.968 -38.984 -6.41 -22.983
3 16 -38.817 -3 -21.412 -39.279 -9.43 -23 -39.541 -10.74 -21.453
3 16 -38.817 -3 -21.412 -38.984 -6.41 -22.983 -39.117 -7.72 -22.991
3 16 -39.279 -9.43 -23 -38.911 -10.74 -27.158 -39.541 -10.74 -21.453
3 16 -38.817 -3 -21.412 -37.899 -3 -27.23 -38.086 -4.3 -27.246
3 16 -39.279 -9.43 -23 -38.765 -9.43 -27.148 -38.911 -10.74 -27.158
3 16 -38.264 -10.74 -31.551 -38.365 -9.43 -29.829 -38.169 -9.43 -31.033
3 16 -37.897 -9.3 -32.489 -37.823 -9.1 -32.733 -37.931 -10.53 -33.322
3 16 -38.169 -9.43 -31.033 -38.041 -9.43 -31.782 -38.08 -10.69 -32.605
3 16 -37.172 -5.77 -33.29 -37.306 -6.11 -32.923 -37.571 -5.82 -31.339
3 16 -38.169 -9.43 -31.033 -38.08 -10.69 -32.605 -38.264 -10.74 -31.551
3 16 -37.718 -3 -28.213 -38.365 -9.43 -29.829 -38.757 -10.74 -28.298
3 16 -37.718 -3 -28.213 -37.423 -3 -29.745 -37.922 -6.23 -29.792
3 16 -37.972 -9.41 -32.156 -37.897 -9.3 -32.489 -37.931 -10.53 -33.322
3 16 -38.041 -9.43 -31.782 -37.931 -10.53 -33.322 -38.08 -10.69 -32.605
3 16 -38.041 -9.43 -31.782 -37.972 -9.41 -32.156 -37.931 -10.53 -33.322
3 16 -37.172 -5.77 -33.29 -37.448 -5.42 -31.637 -37.01 -5.28 -33.653
3 16 -37.571 -5.82 -31.339 -37.739 -7.49 -31.845 -37.899 -7.47 -30.95
3 16 -37.658 -6.05 -31.078 -37.899 -7.47 -30.95 -37.721 -6.16 -30.833
3 16 -37.01 -5.28 -33.653 -37.225 -4.68 -32.125 -36.764 -4.51 -34.136
3 16 -37.571 -5.82 -31.339 -37.899 -7.47 -30.95 -37.658 -6.05 -31.078
3 16 -37.899 -7.47 -30.95 -37.922 -6.23 -29.792 -37.792 -6.22 -30.5
3 16 -37.172 -5.77 -33.29 -37.571 -5.82 -31.339 -37.448 -5.42 -31.637
3 16 -37.448 -5.42 -31.637 -37.225 -4.68 -32.125 -37.01 -5.28 -33.653
3 16 -37.571 -5.82 -31.339 -37.306 -6.11 -32.923 -37.447 -6.42 -32.477
3 16 -37.899 -7.47 -30.95 -37.792 -6.22 -30.5 -37.721 -6.16 -30.833
3 16 -37.739 -7.49 -31.845 -37.571 -5.82 -31.339 -37.447 -6.42 -32.477
3 16 -37.655 -9.79 -34.207 -37.797 -10.24 -33.82 -37.823 -9.1 -32.733
3 16 -37.823 -9.1 -32.733 -37.753 -8.83 -32.886 -37.519 -9.22 -34.444
3 16 -37.689 -8.47 -32.93 -37.292 -7.78 -34.382 -37.398 -8.57 -34.513
3 16 -37.631 -7.69 -32.585 -37.447 -6.42 -32.477 -37.313 -6.67 -33.354
3 16 -37.631 -7.69 -32.585 -37.657 -7.56 -32.338 -37.447 -6.42 -32.477
3 16 -37.753 -8.83 -32.886 -37.398 -8.57 -34.513 -37.519 -9.22 -34.444
3 16 -37.753 -8.83 -32.886 -37.689 -8.47 -32.93 -37.398 -8.57 -34.513
3 16 -37.689 -8.47 -32.93 -37.647 -8.15 -32.886 -37.292 -7.78 -34.382
3 16 -37.823 -9.1 -32.733 -37.797 -10.24 -33.82 -37.931 -10.53 -33.322
3 16 -37.655 -9.79 -34.207 -37.823 -9.1 -32.733 -37.519 -9.22 -34.444
3 16 -37.447 -6.42 -32.477 -37.657 -7.56 -32.338 -37.739 -7.49 -31.845
3 16 -38.365 -9.43 -29.829 -38.264 -10.74 -31.551 -38.757 -10.74 -28.298
3 16 -38.1 -7.47 -29.807 -38.365 -9.43 -29.829 -37.718 -3 -28.213
3 16 -37.922 -6.23 -29.792 -37.899 -7.47 -30.95 -38.1 -7.47 -29.807
3 16 -36.693 -3 -33.199 -36.764 -4.51 -34.136 -37.225 -4.68 -32.125
3 16 -36.693 -3 -33.199 -36.271 -3 -35.02 -36.764 -4.51 -34.136
3 16 -37.629 -7.89 -32.765 -37.631 -7.69 -32.585 -37.313 -6.67 -33.354
3 16 -37.629 -7.89 -32.765 -37.262 -7.13 -33.989 -37.647 -8.15 -32.886
3 16 -37.262 -7.13 -33.989 -37.292 -7.78 -34.382 -37.647 -8.15 -32.886
3 16 -37.718 -3 -28.213 -37.922 -6.23 -29.792 -38.1 -7.47 -29.807
3 16 -37.629 -7.89 -32.765 -37.313 -6.67 -33.354 -37.262 -7.13 -33.989
3 16 -36.035 -3 -35.992 -35.653 -3 -37.505 -37.122 -10.74 -37.675
3 16 -36.035 -3 -35.992 -37.122 -10.74 -37.675 -37.433 -10.74 -36.146
3 16 -34.78 -6.06 -43.278 -33.196 -3 -45.922 -35.846 -10.74 -43.199
3 16 -34.78 -6.06 -43.278 -34.339 -4.76 -43.716 -33.196 -3 -45.922
3 16 -35.34 -6.06 -41.244 -34.339 -4.76 -43.716 -34.78 -6.06 -43.278
3 16 -35.34 -6.06 -41.244 -35.4 -3 -38.472 -35.183 -4.76 -40.743
3 16 -35.34 -6.06 -41.244 -36.24 -10.74 -41.597 -35.4 -3 -38.472
3 16 -35.183 -4.76 -40.743 -35.4 -3 -38.472 -34.964 -3 -40.074
3 16 -35.34 -6.06 -41.244 -35.183 -4.76 -40.743 -34.339 -4.76 -43.716
3 16 -35.34 -6.06 -41.244 -35.686 -8.94 -42.329 -36.24 -10.74 -41.597
3 16 -33.196 -3 -45.922 -34.339 -4.76 -43.716 -33.713 -3 -44.303
3 16 -35.686 -8.94 -42.329 -35.846 -10.74 -43.199 -36.24 -10.74 -41.597
3 16 -34.78 -6.06 -43.278 -35.846 -10.74 -43.199 -35.686 -8.94 -42.329
3 16 -32.882 -3 -46.871 -31.434 -4.3 -52.074 -32.731 -4.3 -48.407
3 16 -32.882 -3 -46.871 -31.055 -3 -52.006 -31.434 -4.3 -52.074
3 16 -32.882 -3 -46.871 -32.731 -4.3 -48.407 -34.337 -10.68 -48.655
3 16 -32.882 -3 -46.871 -34.337 -10.68 -48.655 -34.771 -10.68 -47.157

