0 Pinza Esquina    |S:S
0 Name: pinzaesq.dat
0 Author: betatron & jasolo
0 !LDRAW_ORG Unofficial_Part
0 BFC CERTIFY CCW
3 16 -57.5 -46 -7.5 -57.5 -46 -12.5 -57.5 -53.5 -10
3 16 -57.5 -46 -27.5 -57.5 -46 -32.5 -57.5 -53.5 -30
3 16 -27.5 -46 -57.5 -30 -53.5 -57.5 -32.5 -46 -57.5
3 16 -7.5 -46 -57.5 -10 -53.5 -57.5 -12.5 -46 -57.5
3 16 -42.224 -13 -12.5 -57.5 -46 -12.5 -50 -21 -12.5
3 16 -57.5 -46 -27.5 -42.224 -13 -27.5 -50 -21 -27.5
3 16 -42.224 -13 -32.5 -57.5 -46 -32.5 -50 -21 -32.5
3 16 -57.5 -46 -7.5 -42.224 -13 -7.5 -50 -21 -7.5
3 16 -32.5 -13 -42.224 -32.5 -21 -50 -32.5 -46 -57.5
3 16 -27.5 -46 -57.5 -27.5 -21 -50 -27.5 -13 -42.224
3 16 -12.5 -13 -42.224 -12.5 -21 -50 -12.5 -46 -57.5
3 16 -7.5 -46 -57.5 -7.5 -21 -50 -7.5 -13 -42.224
3 16 -42.224 -13 -12.5 -42.224 -13 -7.5 -40 -8 -10
3 16 -42.224 -13 -32.5 -42.224 -13 -27.5 -40 -8 -30
3 16 -40 -8 0 -42.224 -13 0 -35 -8 0
3 16 -32.5 -13 -42.224 -30 -8 -40 -27.5 -13 -42.224
3 16 -12.5 -13 -42.224 -10 -8 -40 -7.5 -13 -42.224
3 16 0 -8 -35 0 -13 -42.224 0 -8 -40
3 16 -37.512 -5.5 -19.375 -37.512 -4.875 -19.375 -37.5 -5.5 -2.488
3 16 -37.5 -4.875 -20.613 -37.5 -5.5 -20.613 -37.512 -5.5 -37.5
3 16 -32.452 -4.875 -20.613 -32.079 -5.5 -21.389 -32.452 -5.5 -20.613
3 16 -32.079 -5.5 -18.611 -32.452 -4.875 -19.381 -32.452 -5.5 -19.381
3 16 -27.921 -5.5 -21.389 -27.548 -4.875 -20.619 -27.548 -5.5 -20.619
3 16 -27.548 -4.875 -19.387 -27.921 -5.5 -18.611 -27.548 -5.5 -19.387
3 16 -20.625 -5.5 -37.512 -20.625 -4.875 -37.512 -37.512 -5.5 -37.5
3 16 -21.389 -5.5 -12.079 -20.619 -4.875 -12.452 -20.619 -5.5 -12.452
3 16 -21.389 -5.5 -32.079 -20.619 -4.875 -32.452 -20.619 -5.5 -32.452
3 16 -20.613 -4.875 -7.548 -21.389 -5.5 -7.921 -20.613 -5.5 -7.548
3 16 -20.613 -4.875 -27.548 -21.389 -5.5 -27.921 -20.613 -5.5 -27.548
3 16 -20.613 -4.875 -2.5 -20.613 -5.5 -2.5 -37.5 -5.5 -2.488
3 16 -20.619 -4.875 -32.452 -20 -5.5 -32.452 -20.619 -5.5 -32.452
3 16 -18.611 -5.5 -7.921 -19.381 -4.875 -7.548 -19.381 -5.5 -7.548
3 16 -19.387 -4.875 -12.452 -18.611 -5.5 -12.079 -19.387 -5.5 -12.452
3 16 -19.387 -4.875 -32.452 -18.611 -5.5 -32.079 -19.387 -5.5 -32.452
3 16 -18.611 -5.5 -27.921 -19.381 -4.875 -27.548 -19.381 -5.5 -27.548
3 16 -12.452 -4.875 -20.613 -12.079 -5.5 -21.389 -12.452 -5.5 -20.613
3 16 -12.079 -5.5 -18.611 -12.452 -4.875 -19.381 -12.452 -5.5 -19.381
3 16 -19.387 -4.875 -37.5 -19.387 -5.5 -37.5 -2.5 -5.5 -37.512
3 16 -19.375 -5.5 -2.488 -19.375 -4.875 -2.488 -2.488 -5.5 -2.5
3 16 -7.548 -4.875 -19.387 -7.921 -5.5 -18.611 -7.548 -5.5 -19.387
3 16 -7.548 -4.875 -20.619 -7.548 -5.5 -20.619 -7.548 -5.5 -20
3 16 -7.921 -5.5 -21.389 -7.548 -4.875 -20.619 -7.548 -5.5 -20.619
3 16 -2.5 -4.875 -19.387 -2.5 -5.5 -19.387 -2.488 -5.5 -2.5
3 16 -2.488 -5.5 -20.625 -2.488 -4.875 -20.625 -2.5 -5.5 -37.512
3 16 -2.488 -4.875 -20.625 -2.5 -4.875 -19.387 -2.494 0 -20.004
3 16 -10 0 -20 -8.611 0 -22.079 -9.512 0 -22.452
3 16 -10 0 -20 -9.512 0 -17.548 -8.611 0 -17.921
3 16 -10 0 -20 -7.921 0 -21.389 -8.611 0 -22.079
3 16 -10 0 -20 -8.611 0 -17.921 -7.921 0 -18.611
3 16 -10 0 -20 -7.921 0 -18.611 -7.548 0 -19.387
3 16 -10 0 -20 -7.548 0 -19.387 -7.548 0 -20.619
3 16 -10 0 -20 -7.548 0 -20.619 -7.921 0 -21.389
3 16 -10 0 -20 -9.512 0 -22.452 -10.488 0 -22.452
3 16 -10 0 -20 -10.488 0 -17.548 -9.512 0 -17.548
3 16 -10 0 -20 -11.389 0 -17.921 -10.488 0 -17.548
3 16 -10 0 -20 -10.488 0 -22.452 -11.389 0 -22.079
3 16 -10 0 -20 -11.389 0 -22.079 -12.079 0 -21.389
3 16 -10 0 -20 -12.079 0 -18.611 -11.389 0 -17.921
3 16 -10 0 -20 -12.079 0 -21.389 -12.452 0 -20.613
3 16 -10 0 -20 -12.452 0 -20.613 -12.452 0 -19.381
3 16 -10 0 -20 -12.452 0 -19.381 -12.079 0 -18.611
3 16 -19.375 -4.875 -2.488 -20.613 -4.875 -2.5 -19.996 0 -2.494
3 16 -20 0 -30 -20.613 0 -27.548 -19.381 0 -27.548
3 16 -20 0 -10 -18.611 0 -12.079 -19.387 0 -12.452
3 16 -20 0 -10 -19.381 0 -7.548 -18.611 0 -7.921
3 16 -20 0 -30 -18.611 0 -32.079 -19.387 0 -32.452
3 16 -20 0 -30 -19.381 0 -27.548 -18.611 0 -27.921
3 16 -20 0 -10 -18.611 0 -7.921 -17.921 0 -8.611
3 16 -20 0 -10 -17.921 0 -11.389 -18.611 0 -12.079
3 16 -20 0 -30 -18.611 0 -27.921 -17.921 0 -28.611
3 16 -20 0 -30 -17.921 0 -31.389 -18.611 0 -32.079
3 16 -20 0 -30 -17.921 0 -28.611 -17.548 0 -29.512
3 16 -20 0 -30 -17.548 0 -30.488 -17.921 0 -31.389
3 16 -20 0 -30 -17.548 0 -29.512 -17.548 0 -30.488
3 16 -20 0 -10 -17.548 0 -10.488 -17.921 0 -11.389
3 16 -20 0 -10 -17.921 0 -8.611 -17.548 0 -9.512
3 16 -20 0 -10 -17.548 0 -9.512 -17.548 0 -10.488
3 16 -20.625 -4.875 -37.512 -19.387 -4.875 -37.5 -20 0 -37.506
3 16 -20 0 -10 -20.613 0 -7.548 -19.381 0 -7.548
3 16 -20 0 -10 -19.387 0 -12.452 -20.619 0 -12.452
3 16 -20 0 -30 -19.387 0 -32.452 -20.619 0 -32.452
3 16 -20 0 -10 -21.389 0 -7.921 -20.613 0 -7.548
3 16 -20 0 -30 -20.619 0 -32.452 -21.389 0 -32.079
3 16 -20 0 -30 -21.389 0 -27.921 -20.613 0 -27.548
3 16 -20 0 -10 -20.619 0 -12.452 -21.389 0 -12.079
3 16 -20 0 -10 -22.079 0 -8.611 -21.389 0 -7.921
3 16 -20 0 -30 -21.389 0 -32.079 -22.079 0 -31.389
3 16 -20 0 -10 -21.389 0 -12.079 -22.079 0 -11.389
3 16 -20 0 -30 -22.079 0 -28.611 -21.389 0 -27.921
3 16 -20 0 -10 -22.452 0 -10.488 -22.452 0 -9.512
3 16 -20 0 -10 -22.079 0 -11.389 -22.452 0 -10.488
3 16 -20 0 -30 -22.079 0 -31.389 -22.452 0 -30.488
3 16 -20 0 -30 -22.452 0 -29.512 -22.079 0 -28.611
3 16 -20 0 -30 -22.452 0 -30.488 -22.452 0 -29.512
3 16 -20 0 -10 -22.452 0 -9.512 -22.079 0 -8.611
3 16 -30 0 -20 -29.512 0 -17.548 -28.611 0 -17.921
3 16 -30 0 -20 -28.611 0 -22.079 -29.512 0 -22.452
3 16 -30 0 -20 -27.921 0 -21.389 -28.611 0 -22.079
3 16 -30 0 -20 -28.611 0 -17.921 -27.921 0 -18.611
3 16 -30 0 -20 -27.548 0 -20.619 -27.921 0 -21.389
3 16 -30 0 -20 -27.548 0 -19.387 -27.548 0 -20.619
3 16 -30 0 -20 -27.921 0 -18.611 -27.548 0 -19.387
3 16 -30 0 -20 -30.488 0 -17.548 -29.512 0 -17.548
3 16 -30 0 -20 -29.512 0 -22.452 -30.488 0 -22.452
3 16 -30 0 -20 -31.389 0 -17.921 -30.488 0 -17.548
3 16 -30 0 -20 -30.488 0 -22.452 -31.389 0 -22.079
3 16 -30 0 -20 -31.389 0 -22.079 -32.079 0 -21.389
3 16 -30 0 -20 -32.079 0 -18.611 -31.389 0 -17.921
3 16 -30 0 -20 -32.452 0 -19.381 -32.079 0 -18.611
3 16 -30 0 -20 -32.079 0 -21.389 -32.452 0 -20.613
3 16 -30 0 -20 -32.452 0 -20.613 -32.452 0 -19.381
3 16 -37.512 -4.875 -19.375 -37.5 -4.875 -20.613 -37.506 0 -19.996
3 16 0 0 0 -2.494 0 -20.004 -2.488 0 -2.5
3 16 0 -8 -40 0 0 -40 0 -8 -35
3 16 -30 -8 -40 -20 0 -40 -10 -8 -40
3 16 -40 -8 0 -35 -8 0 -40 0 0
3 16 -40 -8 -30 -40 -8 -10 -40 0 -20
4 16 -19.387 -5.5 -19.375 -19.375 -5.5 -2.488 -2.488 -5.5 -2.5 -2.5 -5.5 -19.387
4 16 -2.488 -5.5 -20.625 -2.5 -5.5 -37.512 -19.387 -5.5 -37.5 -19.375 -5.5 -20.613
4 16 -37.512 -5.5 -37.5 -37.5 -5.5 -20.613 -20.613 -5.5 -20.625 -20.625 -5.5 -37.512
4 16 -37.5 -5.5 -2.488 -20.613 -5.5 -2.5 -20.625 -5.5 -19.387 -37.512 -5.5 -19.375
4 16 -2.494 0 -20.004 0 0 0 0 0 -40 -2.5 0 -37.512
4 16 -57.5 -46 -57.5 -32.5 -46 -57.5 -30 -53.5 -57.5 -57.5 -53.5 -57.5
4 16 0 -53.5 -57.5 -10 -53.5 -57.5 -7.5 -46 -57.5 0 -46 -57.5
4 16 -40 -8 -40 -42.224 -13 -42.224 -42.224 -13 -32.5 -40 -8 -30
4 16 -10 -8 -40 0 -8 -40 0 -13 -42.224 -7.5 -13 -42.224
4 16 -19.381 -5.5 -27.548 -19.381 -4.875 -27.548 -20.613 -4.875 -27.548 -20 -5.5 -27.548
4 16 -8.611 -5.5 -22.079 -8.611 0 -22.079 -7.921 0 -21.389 -7.921 -5.5 -21.389
4 16 -12.452 -4.875 -20.613 -12.452 0 -20.613 -12.079 0 -21.389 -12.079 -5.5 -21.389
4 16 -18.611 -5.5 -32.079 -18.611 0 -32.079 -17.921 0 -31.389 -17.921 -5.5 -31.389
4 16 -20.613 -4.875 -7.548 -20.613 0 -7.548 -21.389 0 -7.921 -21.389 -5.5 -7.921
4 16 -21.389 -5.5 -12.079 -21.389 0 -12.079 -20.619 0 -12.452 -20.619 -4.875 -12.452
4 16 -37.512 0 -37.5 -40 0 -40 -40 0 -20 -37.506 0 -19.996
4 16 -40 -8 -40 -40 -8 -30 -40 0 -20 -40 0 -40
4 16 -2.5 0 -37.512 0 0 -40 -20 0 -40 -20 0 -37.506
4 16 0 -8 -40 -10 -8 -40 -20 0 -40 0 0 -40
4 16 -32.452 -4.875 -20.613 -32.452 0 -20.613 -32.079 0 -21.389 -32.079 -5.5 -21.389
4 16 -32.079 -5.5 -18.611 -32.079 0 -18.611 -32.452 0 -19.381 -32.452 -4.875 -19.381
4 16 -32.452 -4.875 -19.381 -32.452 0 -19.381 -32.452 0 -20.613 -32.452 -4.875 -20.613
4 16 -31.389 -5.5 -17.921 -31.389 0 -17.921 -32.079 0 -18.611 -32.079 -5.5 -18.611
4 16 -32.079 -5.5 -21.389 -32.079 0 -21.389 -31.389 0 -22.079 -31.389 -5.5 -22.079
4 16 -31.389 -5.5 -22.079 -31.389 0 -22.079 -30.488 0 -22.452 -30.488 -5.5 -22.452
4 16 -28.611 -5.5 -17.921 -28.611 0 -17.921 -29.512 0 -17.548 -29.512 -5.5 -17.548
4 16 -28.611 0 -22.079 -28.611 -5.5 -22.079 -29.512 -5.5 -22.452 -29.512 0 -22.452
4 16 -27.921 -5.5 -18.611 -27.921 0 -18.611 -28.611 0 -17.921 -28.611 -5.5 -17.921
4 16 -27.921 0 -21.389 -27.921 -5.5 -21.389 -28.611 -5.5 -22.079 -28.611 0 -22.079
4 16 -27.548 -4.875 -19.387 -27.548 0 -19.387 -27.921 0 -18.611 -27.921 -5.5 -18.611
4 16 -27.548 0 -20.619 -27.548 -4.875 -20.619 -27.921 -5.5 -21.389 -27.921 0 -21.389
4 16 -22.079 -5.5 -8.611 -22.079 0 -8.611 -22.452 0 -9.512 -22.452 -5.5 -9.512
4 16 -22.452 -5.5 -30.488 -22.452 0 -30.488 -22.079 0 -31.389 -22.079 -5.5 -31.389
4 16 -22.079 -5.5 -28.611 -22.079 0 -28.611 -22.452 0 -29.512 -22.452 -5.5 -29.512
4 16 -21.389 -5.5 -27.921 -21.389 0 -27.921 -22.079 0 -28.611 -22.079 -5.5 -28.611
4 16 -19.387 -4.875 -32.452 -20.619 -4.875 -32.452 -20.619 0 -32.452 -19.387 0 -32.452
4 16 -19.387 -4.875 -12.452 -20.619 -4.875 -12.452 -20.619 0 -12.452 -19.387 0 -12.452
4 16 -18.611 -5.5 -27.921 -18.611 0 -27.921 -19.381 0 -27.548 -19.381 -4.875 -27.548
4 16 -18.611 -5.5 -7.921 -18.611 0 -7.921 -19.381 0 -7.548 -19.381 -4.875 -7.548
4 16 -17.921 -5.5 -28.611 -17.921 0 -28.611 -18.611 0 -27.921 -18.611 -5.5 -27.921
4 16 -17.921 -5.5 -8.611 -17.921 0 -8.611 -18.611 0 -7.921 -18.611 -5.5 -7.921
4 16 -17.548 -5.5 -9.512 -17.548 0 -9.512 -17.921 0 -8.611 -17.921 -5.5 -8.611
4 16 -12.079 -5.5 -18.611 -12.079 0 -18.611 -12.452 0 -19.381 -12.452 -4.875 -19.381
4 16 -11.389 -5.5 -17.921 -11.389 0 -17.921 -12.079 0 -18.611 -12.079 -5.5 -18.611
4 16 -10.488 -5.5 -17.548 -10.488 0 -17.548 -11.389 0 -17.921 -11.389 -5.5 -17.921
4 16 -9.512 -5.5 -17.548 -9.512 0 -17.548 -10.488 0 -17.548 -10.488 -5.5 -17.548
4 16 -7.921 -5.5 -18.611 -7.921 0 -18.611 -8.611 0 -17.921 -8.611 -5.5 -17.921
4 16 -7.548 -4.875 -20.619 -2.488 -4.875 -20.625 -2.488 -5.5 -20.625 -7.548 -5.5 -20.619
4 16 -7.548 -4.875 -19.387 -2.5 -4.875 -19.387 -2.488 -4.875 -20.625 -7.548 -4.875 -20.619
4 16 -7.548 -5.5 -19.387 -2.5 -5.5 -19.387 -2.5 -4.875 -19.387 -7.548 -4.875 -19.387
4 16 -12.452 -4.875 -19.381 -19.387 -4.875 -19.375 -19.387 -5.5 -19.375 -12.452 -5.5 -19.381
4 16 -12.452 -5.5 -19.381 -12.452 -4.875 -19.381 -12.452 -4.875 -20.613 -12.452 -5.5 -20
4 16 -12.452 -5.5 -20.613 -19.375 -5.5 -20.613 -19.375 -4.875 -20.613 -12.452 -4.875 -20.613
4 16 -19.375 -5.5 -20.613 -19.381 -5.5 -27.548 -19.381 -4.875 -27.548 -19.375 -4.875 -20.613
4 16 -20.613 -4.875 -27.548 -20.613 -4.875 -20.625 -19.375 -4.875 -20.613 -19.381 -4.875 -27.548
4 16 -20.613 -4.875 -7.548 -20 -5.5 -7.548 -19.381 -5.5 -7.548 -19.381 -4.875 -7.548
4 16 -19.387 -5.5 -32.452 -19.387 -5.5 -37.5 -19.387 -4.875 -37.5 -19.387 -4.875 -32.452
4 16 -20.625 -4.875 -37.512 -20.619 -4.875 -32.452 -19.387 -4.875 -32.452 -19.387 -4.875 -37.5
4 16 -20.619 -5.5 -12.452 -20.619 -4.875 -12.452 -19.387 -4.875 -12.452 -20 -5.5 -12.452
4 16 -20.613 -5.5 -7.548 -20.613 -5.5 -2.5 -20.613 -4.875 -2.5 -20.613 -4.875 -7.548
4 16 -20.613 -5.5 -27.548 -20.613 -5.5 -20.625 -20.613 -4.875 -20.625 -20.613 -4.875 -27.548
4 16 -20.619 -4.875 -32.452 -20.625 -4.875 -37.512 -20.625 -5.5 -37.512 -20.619 -5.5 -32.452
4 16 -20.625 -5.5 -19.387 -20.619 -5.5 -12.452 -20.619 -4.875 -12.452 -20.625 -4.875 -19.387
4 16 -20.625 -4.875 -19.387 -27.548 -4.875 -19.387 -27.548 -5.5 -19.387 -20.625 -5.5 -19.387
4 16 -27.548 -5.5 -20.619 -27.548 -4.875 -20.619 -27.548 -4.875 -19.387 -27.548 -5.5 -20
4 16 -32.452 -4.875 -19.381 -32.452 -4.875 -20.613 -37.5 -4.875 -20.613 -37.512 -4.875 -19.375
3 16 -32.452 -5.5 -19.381 -32.452 -5.5 -20 -32.452 -4.875 -20.613
4 16 -32.5 -13 -42.224 -42.224 -13 -42.224 -40 -8 -40 -30 -8 -40
4 16 -52.5 -46 -52.5 0 -46 -52.5 0 -8 -35 -35 -8 -35
4 16 -35 -8 -35 -35 -8 0 -52.5 -46 0 -52.5 -46 -52.5
4 16 -57.5 -46 0 -52.5 -46 0 -35 -8 0 -42.224 -13 0
4 16 -42.224 -13 0 -40 -8 0 -40 -8 -10 -42.224 -13 -7.5
4 16 -40 -8 -30 -42.224 -13 -27.5 -42.224 -13 -12.5 -40 -8 -10
4 16 -7.5 -13 -42.224 0 -13 -42.224 0 -46 -57.5 -7.5 -46 -57.5
4 16 -12.5 -13 -42.224 -7.5 -13 -42.224 -7.5 -21 -50 -12.5 -21 -50
4 16 -12.5 -46 -57.5 -27.5 -46 -57.5 -27.5 -13 -42.224 -12.5 -13 -42.224
4 16 -32.5 -13 -42.224 -27.5 -13 -42.224 -27.5 -21 -50 -32.5 -21 -50
4 16 -32.5 -46 -57.5 -57.5 -46 -57.5 -42.224 -13 -42.224 -32.5 -13 -42.224
4 16 -42.224 -13 -12.5 -50 -21 -12.5 -50 -21 -7.5 -42.224 -13 -7.5
4 16 -50 -21 -27.5 -42.224 -13 -27.5 -42.224 -13 -32.5 -50 -21 -32.5
4 16 -42.224 -13 -7.5 -57.5 -46 -7.5 -57.5 -46 0 -42.224 -13 0
4 16 -57.5 -46 -32.5 -42.224 -13 -32.5 -42.224 -13 -42.224 -57.5 -46 -57.5
4 16 -42.224 -13 -27.5 -57.5 -46 -27.5 -57.5 -46 -12.5 -42.224 -13 -12.5
4 16 -12.5 -21 -50 -7.5 -21 -50 -7.5 -46 -57.5 -12.5 -46 -57.5
4 16 -32.5 -21 -50 -27.5 -21 -50 -27.5 -46 -57.5 -32.5 -46 -57.5
4 16 -50 -21 -12.5 -57.5 -46 -12.5 -57.5 -46 -7.5 -50 -21 -7.5
4 16 -50 -21 -32.5 -57.5 -46 -32.5 -57.5 -46 -27.5 -50 -21 -27.5
4 16 -52.5 -53.5 0 -52.5 -46 0 -57.5 -46 0 -57.5 -53.5 0
4 16 -57.5 -46 -57.5 -57.5 -53.5 -57.5 -57.5 -53.5 -30 -57.5 -46 -32.5
4 16 -57.5 -46 -27.5 -57.5 -53.5 -30 -57.5 -53.5 -10 -57.5 -46 -12.5
4 16 0 -8 -35 0 -8 0 -35 -8 0 -35 -8 -35
4 16 -27.5 -46 -57.5 -12.5 -46 -57.5 -10 -53.5 -57.5 -30 -53.5 -57.5
4 16 -52.5 -53.5 -52.5 0 -53.5 -52.5 0 -46 -52.5 -52.5 -46 -52.5
4 16 0 -53.5 -52.5 0 -53.5 -57.5 0 -46 -57.5 0 -46 -52.5
4 16 0 -46 -57.5 0 -13 -42.224 0 -8 -35 0 -46 -52.5
4 16 0 -8 0 0 -8 -35 0 0 -40 0 0 0
4 16 0 -8 0 0 0 0 -40 0 0 -35 -8 0
4 16 -52.5 -46 0 -52.5 -53.5 0 -52.5 -53.5 -52.5 -52.5 -46 -52.5
4 16 -57.5 -53.5 0 -57.5 -46 0 -57.5 -46 -7.5 -57.5 -53.5 -10
4 16 -40 -8 0 -40 0 0 -40 0 -20 -40 -8 -10
4 16 -12.5 -13 -42.224 -27.5 -13 -42.224 -30 -8 -40 -10 -8 -40
4 16 -2.5 0 -37.512 -2.5 -5.5 -37.512 -2.488 -4.875 -20.625 -2.494 0 -20.004
4 16 -2.5 -5.5 -37.512 -2.5 0 -37.512 -20 0 -37.506 -19.387 -4.875 -37.5
4 16 -20 0 -40 -30 -8 -40 -40 -8 -40 -40 0 -40
4 16 -20 0 -40 -40 0 -40 -37.512 0 -37.5 -20 0 -37.506
4 16 -20.613 -4.875 -2.5 -37.5 -5.5 -2.488 -37.5 0 -2.488 -19.996 0 -2.494
4 16 -19.381 0 -27.548 -20.613 0 -27.548 -20.613 -4.875 -27.548 -19.381 -4.875 -27.548
4 16 -27.548 0 -20.619 -27.548 0 -19.387 -27.548 -4.875 -19.387 -27.548 -4.875 -20.619
4 16 -19.387 -4.875 -19.375 -19.387 -4.875 -12.452 -19.387 -5.5 -12.452 -19.387 -5.5 -19.375
4 16 -19.387 -4.875 -12.452 -19.387 0 -12.452 -18.611 0 -12.079 -18.611 -5.5 -12.079
4 16 -19.387 -4.875 -12.452 -19.387 -4.875 -19.375 -20.625 -4.875 -19.387 -20.619 -4.875 -12.452
4 16 -27.548 -4.875 -19.387 -20.625 -4.875 -19.387 -20.613 -4.875 -20.625 -27.548 -4.875 -20.619
4 16 -27.548 -4.875 -20.619 -20.613 -4.875 -20.625 -20.613 -5.5 -20.625 -27.548 -5.5 -20.619
4 16 -19.387 -4.875 -19.375 -12.452 -4.875 -19.381 -12.452 -4.875 -20.613 -19.375 -4.875 -20.613
4 16 -20.625 -4.875 -19.387 -19.387 -4.875 -19.375 -19.375 -4.875 -20.613 -20.613 -4.875 -20.625
4 16 -12.452 -4.875 -20.613 -12.452 -4.875 -19.381 -12.452 0 -19.381 -12.452 0 -20.613
4 16 -7.921 -5.5 -21.389 -7.921 0 -21.389 -7.548 0 -20.619 -7.548 -4.875 -20.619
4 16 -7.548 0 -19.387 -7.548 -4.875 -19.387 -7.548 -4.875 -20.619 -7.548 0 -20.619
4 16 -8.611 -5.5 -17.921 -8.611 0 -17.921 -9.512 0 -17.548 -9.512 -5.5 -17.548
4 16 -9.512 0 -22.452 -9.512 -5.5 -22.452 -10.488 -5.5 -22.452 -10.488 0 -22.452
4 16 -11.389 -5.5 -22.079 -11.389 0 -22.079 -10.488 0 -22.452 -10.488 -5.5 -22.452
4 16 -12.079 -5.5 -21.389 -12.079 0 -21.389 -11.389 0 -22.079 -11.389 -5.5 -22.079
4 16 -8.611 0 -22.079 -8.611 -5.5 -22.079 -9.512 -5.5 -22.452 -9.512 0 -22.452
4 16 -7.548 -4.875 -19.387 -7.548 0 -19.387 -7.921 0 -18.611 -7.921 -5.5 -18.611
4 16 -21.389 -5.5 -32.079 -21.389 0 -32.079 -20.619 0 -32.452 -20.619 -4.875 -32.452
4 16 -19.387 -4.875 -32.452 -19.387 0 -32.452 -18.611 0 -32.079 -18.611 -5.5 -32.079
4 16 -17.548 0 -29.512 -17.548 -5.5 -29.512 -17.548 -5.5 -30.488 -17.548 0 -30.488
4 16 -17.548 0 -30.488 -17.548 -5.5 -30.488 -17.921 -5.5 -31.389 -17.921 0 -31.389
4 16 -17.548 -5.5 -29.512 -17.548 0 -29.512 -17.921 0 -28.611 -17.921 -5.5 -28.611
4 16 -17.921 0 -11.389 -17.921 -5.5 -11.389 -18.611 -5.5 -12.079 -18.611 0 -12.079
4 16 -20.613 -4.875 -27.548 -20.613 0 -27.548 -21.389 0 -27.921 -21.389 -5.5 -27.921
4 16 -21.389 0 -12.079 -21.389 -5.5 -12.079 -22.079 -5.5 -11.389 -22.079 0 -11.389
4 16 -21.389 -5.5 -7.921 -21.389 0 -7.921 -22.079 0 -8.611 -22.079 -5.5 -8.611
4 16 -21.389 0 -32.079 -21.389 -5.5 -32.079 -22.079 -5.5 -31.389 -22.079 0 -31.389
4 16 -22.452 -5.5 -9.512 -22.452 0 -9.512 -22.452 0 -10.488 -22.452 -5.5 -10.488
4 16 -22.452 -5.5 -29.512 -22.452 0 -29.512 -22.452 0 -30.488 -22.452 -5.5 -30.488
4 16 -22.452 -5.5 -10.488 -22.452 0 -10.488 -22.079 0 -11.389 -22.079 -5.5 -11.389
4 16 -30.488 -5.5 -22.452 -30.488 0 -22.452 -29.512 0 -22.452 -29.512 -5.5 -22.452
4 16 -29.512 -5.5 -17.548 -29.512 0 -17.548 -30.488 0 -17.548 -30.488 -5.5 -17.548
4 16 -30.488 -5.5 -17.548 -30.488 0 -17.548 -31.389 0 -17.921 -31.389 -5.5 -17.921
4 16 -17.921 -5.5 -11.389 -17.921 0 -11.389 -17.548 0 -10.488 -17.548 -5.5 -10.488
4 16 -17.548 -5.5 -10.488 -17.548 0 -10.488 -17.548 0 -9.512 -17.548 -5.5 -9.512
4 16 -32.452 -4.875 -19.381 -37.512 -4.875 -19.375 -37.512 -5.5 -19.375 -32.452 -5.5 -19.381
4 16 -32.452 -5.5 -20.613 -37.5 -5.5 -20.613 -37.5 -4.875 -20.613 -32.452 -4.875 -20.613
4 16 -2.5 -4.875 -19.387 -2.488 -5.5 -2.5 -2.488 0 -2.5 -2.494 0 -20.004
4 16 -19.375 -4.875 -2.488 -19.996 0 -2.494 -2.488 0 -2.5 -2.488 -5.5 -2.5
4 16 -37.512 -4.875 -19.375 -37.506 0 -19.996 -37.5 0 -2.488 -37.5 -5.5 -2.488
4 16 -37.5 0 -2.488 -37.506 0 -19.996 -40 0 -20 -40 0 0
4 16 -37.5 -4.875 -20.613 -37.512 -5.5 -37.5 -37.512 0 -37.5 -37.506 0 -19.996
4 16 -20.625 -4.875 -37.512 -20 0 -37.506 -37.512 0 -37.5 -37.512 -5.5 -37.5
4 16 -19.381 -4.875 -7.548 -19.381 0 -7.548 -20.613 0 -7.548 -20.613 -4.875 -7.548
4 16 -20.613 -4.875 -2.5 -19.375 -4.875 -2.488 -19.381 -4.875 -7.548 -20.613 -4.875 -7.548
4 16 -19.381 -4.875 -7.548 -19.375 -4.875 -2.488 -19.375 -5.5 -2.488 -19.381 -5.5 -7.548
3 16 -57.5 -53.5 -30 -57.5 -53.5 -57.5 -52.5 -53.5 -52.5
3 16 -52.5 -53.5 -52.5 -57.5 -53.5 -57.5 -30 -53.5 -57.5
3 16 -10 -53.5 -57.5 0 -53.5 -57.5 0 -53.5 -52.5
3 16 -52.5 -53.5 0 -57.5 -53.5 0 -57.5 -53.5 -10
4 16 -52.5 -53.5 -52.5 -30 -53.5 -57.5 -10 -53.5 -57.5 0 -53.5 -52.5
4 16 -52.5 -53.5 -52.5 -52.5 -53.5 0 -57.5 -53.5 -10 -57.5 -53.5 -30
3 16 -19.996 0 -2.494 0 0 0 -2.488 0 -2.5
4 16 -37.5 0 -2.488 -40 0 0 0 0 0 -19.996 0 -2.494
2 24 -19.375 -5.5 -20.613 -12.452 -5.5 -20.613
2 24 -12.452 -5.5 -19.381 -12.079 -5.5 -18.611
2 24 -7.548 -5.5 -19.387 -2.5 -5.5 -19.387
2 24 -20.625 -5.5 -37.512 -20.619 -5.5 -32.452
2 24 -21.389 0 -32.079 -20.619 0 -32.452
2 24 -19.387 -5.5 -19.375 -19.387 -4.875 -19.375
2 24 -32.5 -21 -50 -32.5 -13 -42.224
5 24 -42.224 -13 -32.5 -40 -8 -30 -42.224 -13 -27.5 -42.224 -13 -42.224
5 24 -57.5 -46 -12.5 -57.5 -46 -7.5 -57.5 -53.5 -10 -50 -21 -12.5
5 24 -11.389 -5.5 -22.079 -11.389 0 -22.079 -10.488 -5.5 -22.452 -12.079 -5.5 -21.389
2 24 -32.079 -5.5 -18.611 -31.389 -5.5 -17.921
2 24 -20.613 -4.875 -7.548 -19.381 -4.875 -7.548
5 24 -9.512 -5.5 -22.452 -9.512 0 -22.452 -10.488 -5.5 -22.452 -8.611 -5.5 -22.079
2 24 -20.613 -4.875 -7.548 -20.613 -4.875 -2.5
2 24 -20.619 -5.5 -12.452 -20 -5.5 -12.452
5 24 -19.381 -4.875 -27.548 -19.381 0 -27.548 -18.611 -5.5 -27.921 -20.613 -4.875 -27.548
2 24 -40 0 -40 -40 0 -20
5 24 -20.613 -4.875 -27.548 -20.613 0 -27.548 -19.381 -4.875 -27.548 -21.389 -5.5 -27.921
2 24 -20.613 -5.5 -27.548 -20.613 -5.5 -20.625
5 24 -57.5 -46 -32.5 -57.5 -46 -27.5 -57.5 -53.5 -30 -50 -21 -32.5
5 24 -12.452 -4.875 -20.613 -12.452 0 -20.613 -12.079 -5.5 -21.389 -12.452 -4.875 -19.381
5 24 -22.079 -5.5 -28.611 -22.079 0 -28.611 -22.452 -5.5 -29.512 -21.389 -5.5 -27.921
2 24 -22.452 0 -29.512 -22.079 0 -28.611
2 24 -20.613 -4.875 -27.548 -19.381 -4.875 -27.548
2 24 -2.488 -5.5 -20.625 -2.488 -4.875 -20.625
2 24 -7.548 -5.5 -20.619 -7.548 -5.5 -20
2 24 -17.921 -5.5 -8.611 -17.548 -5.5 -9.512
2 24 -32.079 0 -21.389 -31.389 0 -22.079
2 24 -52.5 -53.5 -52.5 0 -53.5 -52.5
5 24 -17.921 -5.5 -8.611 -17.921 0 -8.611 -18.611 -5.5 -7.921 -17.548 -5.5 -9.512
5 24 -42.224 -13 -12.5 -42.224 -13 -7.5 -40 -8 -10 -50 -21 -12.5
2 24 -18.611 -5.5 -27.921 -17.921 -5.5 -28.611
2 24 -37.512 0 -37.5 -20 0 -37.506
2 24 -20.625 -4.875 -19.387 -20.619 -4.875 -12.452
5 24 -31.389 -5.5 -22.079 -31.389 0 -22.079 -32.079 -5.5 -21.389 -30.488 -5.5 -22.452
2 24 -57.5 -53.5 -30 -57.5 -53.5 -10
2 24 -12.079 -5.5 -21.389 -11.389 -5.5 -22.079
5 24 -40 -8 -40 -40 -8 -30 -42.224 -13 -42.224 -40 0 -40
2 24 -57.5 -46 -7.5 -42.224 -13 -7.5
2 24 -11.389 0 -22.079 -10.488 0 -22.452
2 24 -27.921 -5.5 -21.389 -27.548 -5.5 -20.619
2 24 -20.613 -5.5 -7.548 -20.613 -4.875 -7.548
2 24 -28.611 -5.5 -17.921 -27.921 -5.5 -18.611
2 24 -17.921 0 -28.611 -17.548 0 -29.512
5 24 -20.613 -4.875 -2.5 -19.996 0 -2.494 -19.375 -4.875 -2.488 -37.5 -5.5 -2.488
5 24 -7.921 -5.5 -21.389 -7.548 -4.875 -20.619 -7.548 -5.5 -20.619 -7.921 0 -21.389
2 24 -18.611 -5.5 -12.079 -17.921 -5.5 -11.389
2 24 0 -13 -42.224 0 -8 -40
2 24 -40 -8 -40 -40 0 -40
5 24 -37.506 0 -19.996 -37.5 -4.875 -20.613 -37.512 -4.875 -19.375 -37.512 0 -37.5
2 24 -20.613 -4.875 -27.548 -20 -5.5 -27.548
2 24 -19.381 0 -7.548 -18.611 0 -7.921
2 24 -37.512 -5.5 -37.5 -20.625 -5.5 -37.512
2 24 0 0 -40 0 0 0
2 24 -19.381 -5.5 -7.548 -19.381 -4.875 -7.548
2 24 -57.5 -46 -27.5 -50 -21 -27.5
5 24 -52.5 -46 -52.5 0 -46 -52.5 -35 -8 -35 -52.5 -53.5 -52.5
2 24 -20.625 -4.875 -37.512 -20.619 -4.875 -32.452
2 24 -10.488 -5.5 -22.452 -9.512 -5.5 -22.452
5 24 -42.224 -13 -27.5 -40 -8 -30 -42.224 -13 -32.5 -42.224 -13 -12.5
5 24 -27.5 -46 -57.5 -12.5 -46 -57.5 -27.5 -13 -42.224 -30 -53.5 -57.5
5 24 -32.5 -21 -50 -27.5 -21 -50 -32.5 -13 -42.224 -32.5 -46 -57.5
5 24 -30.488 -5.5 -17.548 -30.488 0 -17.548 -29.512 -5.5 -17.548 -31.389 -5.5 -17.921
2 24 -19.387 -4.875 -37.5 -19.387 -4.875 -32.452
2 24 -52.5 -46 0 -35 -8 0
5 24 -42.224 -13 -27.5 -42.224 -13 -12.5 -40 -8 -30 -57.5 -46 -27.5
2 24 -37.512 -5.5 -19.375 -37.512 -4.875 -19.375
2 24 -11.389 0 -17.921 -10.488 0 -17.548
2 24 -20.625 -5.5 -37.512 -20.613 -5.5 -20.625
2 24 -31.389 -5.5 -17.921 -30.488 -5.5 -17.548
5 24 -12.079 -5.5 -21.389 -12.079 0 -21.389 -12.452 -4.875 -20.613 -11.389 -5.5 -22.079
2 24 -27.548 -4.875 -20.619 -20.613 -4.875 -20.625
2 24 -7.5 -46 -57.5 -7.5 -21 -50
2 24 -12.452 0 -20.613 -12.452 0 -19.381
2 24 -27.548 -5.5 -20 -27.548 -4.875 -19.387
2 24 -27.548 -5.5 -19.387 -20.625 -5.5 -19.387
2 24 -7.5 -21 -50 -7.5 -13 -42.224
2 24 -9.512 -5.5 -22.452 -8.611 -5.5 -22.079
5 24 -20.619 -4.875 -32.452 -20.619 0 -32.452 -19.387 -4.875 -32.452 -21.389 -5.5 -32.079
2 24 -32.5 -46 -57.5 -32.5 -13 -42.224
2 24 -37.506 0 -19.996 -37.5 0 -2.488
2 24 -19.387 0 -12.452 -18.611 0 -12.079
2 24 -37.512 0 -37.5 -37.506 0 -19.996
2 24 -20.619 -5.5 -32.452 -20 -5.5 -32.452
5 24 -30.488 -5.5 -22.452 -30.488 0 -22.452 -31.389 -5.5 -22.079 -29.512 -5.5 -22.452
5 24 -19.381 -4.875 -27.548 -18.611 -5.5 -27.921 -19.381 -5.5 -27.548 -19.381 0 -27.548
2 24 -29.512 -5.5 -17.548 -28.611 -5.5 -17.921
2 24 -31.389 -5.5 -22.079 -30.488 -5.5 -22.452
2 24 -52.5 -53.5 0 -52.5 -46 0
2 24 -27.5 -21 -50 -27.5 -13 -42.224
2 24 -19.387 -5.5 -32.452 -18.611 -5.5 -32.079
5 24 -27.921 -5.5 -21.389 -27.548 -4.875 -20.619 -27.548 -5.5 -20.619 -27.921 0 -21.389
2 24 -32.452 -5.5 -19.381 -32.079 -5.5 -18.611
2 24 -19.387 -5.5 -19.375 -2.5 -5.5 -19.387
5 24 -7.5 -13 -42.224 0 -13 -42.224 -10 -8 -40 -7.5 -46 -57.5
2 24 -40 0 -40 -20 0 -40
5 24 -21.389 -5.5 -32.079 -21.389 0 -32.079 -20.619 -4.875 -32.452 -22.079 -5.5 -31.389
2 24 -22.452 0 -10.488 -22.079 0 -11.389
5 24 -27.548 -4.875 -20.619 -27.548 0 -20.619 -27.921 -5.5 -21.389 -27.548 -4.875 -19.387
5 24 -30 -8 -40 -27.5 -13 -42.224 -32.5 -13 -42.224 -10 -8 -40
5 24 -22.452 -5.5 -10.488 -22.452 0 -10.488 -22.452 -5.5 -9.512 -22.079 -5.5 -11.389
2 24 -7.548 -5.5 -20 -7.548 -4.875 -20.619
5 24 -37.512 -4.875 -19.375 -37.5 -5.5 -2.488 -37.512 -5.5 -19.375 -37.506 0 -19.996
2 24 -19.387 -5.5 -19.375 -12.452 -5.5 -19.381
2 24 -12.452 -4.875 -20.613 -12.452 -4.875 -19.381
2 24 -27.548 -4.875 -20.619 -27.548 -4.875 -19.387
5 24 -32.079 -5.5 -18.611 -32.079 0 -18.611 -32.452 -4.875 -19.381 -31.389 -5.5 -17.921
2 24 -20.619 -5.5 -12.452 -20.619 -4.875 -12.452
2 24 -52.5 -46 -52.5 -35 -8 -35
2 24 -20 -5.5 -12.452 -19.387 -4.875 -12.452
2 24 -12.452 -5.5 -20.613 -12.452 -4.875 -20.613
5 24 -22.079 -5.5 -11.389 -22.079 0 -11.389 -21.389 -5.5 -12.079 -22.452 -5.5 -10.488
5 24 -22.079 -5.5 -31.389 -22.079 0 -31.389 -22.452 -5.5 -30.488 -21.389 -5.5 -32.079
2 24 -19.381 -5.5 -27.548 -19.381 -4.875 -27.548
2 24 -19.387 -5.5 -37.5 -19.387 -5.5 -32.452
2 24 -29.512 0 -22.452 -28.611 0 -22.079
2 24 -2.5 -5.5 -37.512 -2.5 0 -37.512
5 24 -7.5 -46 -57.5 0 -46 -57.5 -10 -53.5 -57.5 -7.5 -13 -42.224
2 24 -19.375 -5.5 -20.613 -2.488 -5.5 -20.625
2 24 -2.5 -4.875 -19.387 -2.488 -4.875 -20.625
2 24 -21.389 0 -12.079 -20.619 0 -12.452
5 24 -37.5 -5.5 -2.488 -20.613 -4.875 -2.5 -20.613 -5.5 -2.5 -37.5 0 -2.488
5 24 -30 -8 -40 -10 -8 -40 -20 0 -40 -27.5 -13 -42.224
5 24 -17.548 -5.5 -9.512 -17.548 0 -9.512 -17.921 -5.5 -8.611 -17.548 -5.5 -10.488
2 24 -32.452 -5.5 -20 -32.452 -4.875 -20.613
2 24 -22.452 0 -9.512 -22.079 0 -8.611
5 24 -21.389 -5.5 -12.079 -20.619 -4.875 -12.452 -20.619 -5.5 -12.452 -21.389 0 -12.079
2 24 -19.387 0 -32.452 -18.611 0 -32.079
5 24 -12.079 -5.5 -18.611 -12.079 0 -18.611 -12.452 -4.875 -19.381 -11.389 -5.5 -17.921
2 24 -27.548 -5.5 -20.619 -20.613 -5.5 -20.625
5 24 -7.548 -4.875 -20.619 -7.548 0 -20.619 -7.921 -5.5 -21.389 -7.548 -4.875 -19.387
2 24 -37.512 -5.5 -19.375 -20.625 -5.5 -19.387
2 24 -20 -5.5 -27.548 -19.381 -5.5 -27.548
5 24 -52.5 -46 -52.5 -52.5 -46 0 -35 -8 -35 -52.5 -53.5 -52.5
2 24 -50 -21 -32.5 -42.224 -13 -32.5
2 24 -9.512 0 -22.452 -8.611 0 -22.079
2 24 -22.079 -5.5 -11.389 -21.389 -5.5 -12.079
2 24 -10.488 0 -17.548 -9.512 0 -17.548
2 24 -7.548 -5.5 -20.619 -7.548 -4.875 -20.619
5 24 -17.548 -5.5 -10.488 -17.548 0 -10.488 -17.921 -5.5 -11.389 -17.548 -5.5 -9.512
2 24 -57.5 -53.5 -57.5 -30 -53.5 -57.5
5 24 -11.389 -5.5 -17.921 -11.389 0 -17.921 -12.079 -5.5 -18.611 -10.488 -5.5 -17.548
2 24 -57.5 -46 -32.5 -42.224 -13 -32.5
5 24 -8.611 -5.5 -22.079 -8.611 0 -22.079 -7.921 -5.5 -21.389 -9.512 -5.5 -22.452
5 24 -57.5 -46 -57.5 -57.5 -46 -32.5 -42.224 -13 -42.224 -57.5 -53.5 -57.5
2 24 -22.452 0 -30.488 -22.452 0 -29.512
2 24 0 -8 -35 0 -8 0
5 24 -7.548 -4.875 -19.387 -7.548 0 -19.387 -7.548 -4.875 -20.619 -7.921 -5.5 -18.611
2 24 -32.452 -5.5 -20.613 -32.452 -4.875 -20.613
2 24 -19.387 -5.5 -19.375 -19.375 -5.5 -2.488
2 24 -19.387 -5.5 -19.375 -19.387 -5.5 -12.452
2 24 -17.548 -5.5 -30.488 -17.548 -5.5 -29.512
2 24 -37.5 -5.5 -2.488 -37.5 0 -2.488
5 24 -19.387 -4.875 -12.452 -19.387 0 -12.452 -20.619 -4.875 -12.452 -18.611 -5.5 -12.079
2 24 -27.5 -46 -57.5 -27.5 -21 -50
5 24 -18.611 -5.5 -27.921 -18.611 0 -27.921 -19.381 -4.875 -27.548 -17.921 -5.5 -28.611
2 24 -12.079 0 -21.389 -11.389 0 -22.079
2 24 -37.5 -5.5 -20.613 -32.452 -5.5 -20.613
5 24 -21.389 -5.5 -7.921 -20.613 -4.875 -7.548 -20.613 -5.5 -7.548 -21.389 0 -7.921
2 24 -21.389 -5.5 -12.079 -20.619 -5.5 -12.452
5 24 -19.996 0 -2.494 -19.375 -4.875 -2.488 -20.613 -4.875 -2.5 -2.488 0 -2.5
2 24 -8.611 -5.5 -22.079 -7.921 -5.5 -21.389
5 24 -27.921 -5.5 -18.611 -27.921 0 -18.611 -28.611 -5.5 -17.921 -27.548 -4.875 -19.387
2 24 -32.452 0 -20.613 -32.079 0 -21.389
2 24 -30.488 0 -22.452 -29.512 0 -22.452
2 24 -27.548 -5.5 -20.619 -27.548 -5.5 -20
5 24 -7.921 -5.5 -18.611 -7.921 0 -18.611 -8.611 -5.5 -17.921 -7.548 -4.875 -19.387
5 24 -2.5 -4.875 -19.387 -2.488 -5.5 -2.5 -2.5 -5.5 -19.387 -2.494 0 -20.004
2 24 0 -53.5 -57.5 0 -53.5 -52.5
2 24 -19.381 0 -27.548 -18.611 0 -27.921
2 24 -27.921 0 -18.611 -27.548 0 -19.387
2 24 -28.611 0 -17.921 -27.921 0 -18.611
2 24 -21.389 0 -7.921 -20.613 0 -7.548
5 24 -22.452 -5.5 -29.512 -22.452 0 -29.512 -22.079 -5.5 -28.611 -22.452 -5.5 -30.488
5 24 -27.921 -5.5 -21.389 -27.921 0 -21.389 -28.611 -5.5 -22.079 -27.548 -4.875 -20.619
2 24 -7.548 -4.875 -19.387 -2.5 -4.875 -19.387
2 24 -21.389 -5.5 -32.079 -20.619 -5.5 -32.452
2 24 -28.611 -5.5 -22.079 -27.921 -5.5 -21.389
2 24 -22.079 0 -28.611 -21.389 0 -27.921
2 24 -7.548 -5.5 -19.387 -7.548 -4.875 -19.387
5 24 -10 -8 -40 -7.5 -13 -42.224 -12.5 -13 -42.224 0 -8 -40
2 24 -32.079 0 -18.611 -31.389 0 -17.921
5 24 -20 0 -37.506 -19.387 -4.875 -37.5 -20.625 -4.875 -37.512 -2.5 0 -37.512
5 24 -19.375 -4.875 -2.488 -2.488 -5.5 -2.5 -19.375 -5.5 -2.488 -19.996 0 -2.494
2 24 -20.619 -4.875 -32.452 -20 -5.5 -32.452
2 24 -22.452 -5.5 -9.512 -22.079 -5.5 -8.611
2 24 -37.5 -4.875 -20.613 -32.452 -4.875 -20.613
2 24 -22.452 0 -10.488 -22.452 0 -9.512
2 24 -20.613 0 -27.548 -19.381 0 -27.548
2 24 -50 -21 -27.5 -42.224 -13 -27.5
2 24 -28.611 0 -22.079 -27.921 0 -21.389
2 24 -8.611 0 -22.079 -7.921 0 -21.389
2 24 -21.389 -5.5 -27.921 -20.613 -5.5 -27.548
2 24 -37.512 -4.875 -19.375 -37.5 -4.875 -20.613
5 24 -32.5 -13 -42.224 -27.5 -13 -42.224 -30 -8 -40 -32.5 -21 -50
5 24 -27.548 -4.875 -19.387 -27.548 0 -19.387 -27.921 -5.5 -18.611 -27.548 -4.875 -20.619
2 24 -12.5 -46 -57.5 -12.5 -21 -50
2 24 -57.5 -46 0 -42.224 -13 0
2 24 -22.079 -5.5 -31.389 -21.389 -5.5 -32.079
2 24 -20.613 -5.5 -20.625 -20.613 -4.875 -20.625
2 24 -32.452 0 -20.613 -32.452 0 -19.381
2 24 -20.619 -4.875 -12.452 -19.387 -4.875 -12.452
5 24 -18.611 -5.5 -7.921 -18.611 0 -7.921 -19.381 -4.875 -7.548 -17.921 -5.5 -8.611
2 24 -12.452 -5.5 -20 -12.452 -5.5 -19.381
2 24 -19.375 -5.5 -2.488 -2.488 -5.5 -2.5
2 24 -20.613 -4.875 -7.548 -20 -5.5 -7.548
2 24 -30 -53.5 -57.5 -10 -53.5 -57.5
2 24 -32.079 -5.5 -21.389 -31.389 -5.5 -22.079
2 24 -12.5 -21 -50 -12.5 -13 -42.224
2 24 -18.611 0 -32.079 -17.921 0 -31.389
2 24 -37.512 -5.5 -19.375 -37.5 -5.5 -2.488
5 24 -17.548 -5.5 -30.488 -17.548 0 -30.488 -17.548 -5.5 -29.512 -17.921 -5.5 -31.389
2 24 -27.921 -5.5 -18.611 -27.548 -5.5 -19.387
2 24 -35 -8 -35 0 -8 -35
5 24 -2.5 -4.875 -19.387 -2.494 0 -20.004 -2.488 -4.875 -20.625 -2.488 -5.5 -2.5
2 24 -17.921 0 -8.611 -17.548 0 -9.512
2 24 -20.619 -4.875 -32.452 -19.387 -4.875 -32.452
2 24 -37.5 0 -2.488 -19.996 0 -2.494
5 24 -10.488 -5.5 -22.452 -10.488 0 -22.452 -9.512 -5.5 -22.452 -11.389 -5.5 -22.079
2 24 -22.452 -5.5 -30.488 -22.079 -5.5 -31.389
2 24 -20.613 -5.5 -27.548 -20.613 -4.875 -27.548
2 24 -7.548 -4.875 -20.619 -2.488 -4.875 -20.625
5 24 -32.452 -4.875 -20.613 -32.452 0 -20.613 -32.079 -5.5 -21.389 -32.452 -4.875 -19.381
2 24 -30.488 0 -17.548 -29.512 0 -17.548
2 24 -19.381 -5.5 -7.548 -19.375 -5.5 -2.488
5 24 -57.5 -46 -57.5 -32.5 -46 -57.5 -57.5 -53.5 -57.5 -42.224 -13 -42.224
5 24 -12.452 -4.875 -19.381 -12.452 0 -19.381 -12.079 -5.5 -18.611 -12.452 -4.875 -20.613
2 24 -7.921 0 -18.611 -7.548 0 -19.387
5 24 -2.494 0 -20.004 -2.488 -4.875 -20.625 -2.5 -4.875 -19.387 -2.5 0 -37.512
2 24 -22.452 -5.5 -10.488 -22.079 -5.5 -11.389
2 24 -20.613 -4.875 -27.548 -20.613 -4.875 -20.625
5 24 -19.387 -4.875 -32.452 -19.387 0 -32.452 -20.619 -4.875 -32.452 -18.611 -5.5 -32.079
2 24 -57.5 -46 -32.5 -50 -21 -32.5
5 24 -50 -21 -12.5 -50 -21 -7.5 -42.224 -13 -12.5 -57.5 -46 -12.5
5 24 -10 -8 -40 0 -8 -40 -7.5 -13 -42.224 -20 0 -40
2 24 -19.387 -5.5 -12.452 -19.387 -4.875 -12.452
5 24 -32.5 -46 -57.5 -27.5 -46 -57.5 -30 -53.5 -57.5 -32.5 -21 -50
2 24 -8.611 -5.5 -17.921 -7.921 -5.5 -18.611
2 24 -22.079 -5.5 -8.611 -21.389 -5.5 -7.921
5 24 -12.5 -13 -42.224 -7.5 -13 -42.224 -10 -8 -40 -12.5 -21 -50
2 24 -27.548 0 -20.619 -27.548 0 -19.387
5 24 -17.921 -5.5 -28.611 -17.921 0 -28.611 -18.611 -5.5 -27.921 -17.548 -5.5 -29.512
2 24 -29.512 -5.5 -22.452 -28.611 -5.5 -22.079
2 24 -19.996 0 -2.494 -2.488 0 -2.5
2 24 -20 -5.5 -7.548 -19.381 -5.5 -7.548
5 24 -19.381 -4.875 -7.548 -18.611 -5.5 -7.921 -19.381 -5.5 -7.548 -19.381 0 -7.548
2 24 -12.079 0 -18.611 -11.389 0 -17.921
2 24 -19.375 -4.875 -20.613 -12.452 -4.875 -20.613
5 24 -42.224 -13 -7.5 -42.224 -13 0 -40 -8 -10 -57.5 -46 -7.5
5 24 -18.611 -5.5 -32.079 -18.611 0 -32.079 -17.921 -5.5 -31.389 -19.387 -4.875 -32.452
2 24 -8.611 0 -17.921 -7.921 0 -18.611
2 24 -22.079 -5.5 -28.611 -21.389 -5.5 -27.921
2 24 -32.452 -4.875 -20.613 -32.452 -4.875 -19.381
2 24 -19.387 -5.5 -37.5 -19.375 -5.5 -20.613
2 24 -12.5 -46 -57.5 -12.5 -13 -42.224
5 24 -20.613 -4.875 -7.548 -20.613 0 -7.548 -21.389 -5.5 -7.921 -19.381 -4.875 -7.548
5 24 -17.921 -5.5 -31.389 -17.921 0 -31.389 -18.611 -5.5 -32.079 -17.548 -5.5 -30.488
2 24 -17.548 0 -10.488 -17.548 0 -9.512
2 24 -50 -21 -7.5 -42.224 -13 -7.5
2 24 -22.079 0 -31.389 -21.389 0 -32.079
5 24 -40 -8 -30 -40 -8 -10 -40 0 -20 -42.224 -13 -27.5
2 24 -19.387 -5.5 -12.452 -18.611 -5.5 -12.079
2 24 -12.079 -5.5 -18.611 -11.389 -5.5 -17.921
2 24 -19.381 -5.5 -7.548 -18.611 -5.5 -7.921
2 24 -20.613 -4.875 -2.5 -19.375 -4.875 -2.488
2 24 -18.611 -5.5 -7.921 -17.921 -5.5 -8.611
2 24 -20.613 -5.5 -7.548 -20.613 -5.5 -2.5
5 24 -57.5 -46 -7.5 -57.5 -46 0 -42.224 -13 -7.5 -57.5 -53.5 -10
2 24 -19.381 -4.875 -7.548 -19.375 -4.875 -2.488
5 24 -19.381 -4.875 -7.548 -19.381 0 -7.548 -18.611 -5.5 -7.921 -20.613 -4.875 -7.548
5 24 -21.389 -5.5 -12.079 -21.389 0 -12.079 -20.619 -4.875 -12.452 -22.079 -5.5 -11.389
5 24 -8.611 -5.5 -17.921 -8.611 0 -17.921 -7.921 -5.5 -18.611 -9.512 -5.5 -17.548
2 24 -20 0 -37.506 -2.5 0 -37.512
2 24 -9.512 0 -17.548 -8.611 0 -17.921
2 24 -31.389 0 -22.079 -30.488 0 -22.452
5 24 -12.5 -13 -42.224 -10 -8 -40 -7.5 -13 -42.224 -27.5 -13 -42.224
5 24 -22.079 -5.5 -8.611 -22.079 0 -8.611 -22.452 -5.5 -9.512 -21.389 -5.5 -7.921
2 24 -40 -8 0 -40 0 0
5 24 -17.921 -5.5 -11.389 -17.921 0 -11.389 -18.611 -5.5 -12.079 -17.548 -5.5 -10.488
2 24 -30.488 -5.5 -22.452 -29.512 -5.5 -22.452
2 24 -57.5 -53.5 0 -52.5 -53.5 0
2 24 -32.452 -5.5 -19.381 -32.452 -4.875 -20.613
2 24 -19.375 -5.5 -20.613 -19.375 -4.875 -20.613
2 24 -12.452 -5.5 -19.381 -12.452 -4.875 -19.381
2 24 -19.387 -5.5 -37.5 -2.5 -5.5 -37.512
2 24 -37.5 -5.5 -2.488 -20.613 -5.5 -2.5
2 24 -40 0 0 0 0 0
2 24 -37.5 -5.5 -20.613 -20.613 -5.5 -20.625
2 24 -12.452 0 -19.381 -12.079 0 -18.611
5 24 -50 -21 -32.5 -50 -21 -27.5 -42.224 -13 -32.5 -57.5 -46 -32.5
5 24 -57.5 -46 -27.5 -57.5 -46 -12.5 -42.224 -13 -27.5 -57.5 -53.5 -30
2 24 -2.5 -5.5 -19.387 -2.5 -4.875 -19.387
2 24 -20.625 -5.5 -19.387 -20.613 -5.5 -2.5
2 24 -7.548 0 -20.619 -7.548 0 -19.387
2 24 -7.921 -5.5 -18.611 -7.548 -5.5 -19.387
5 24 -12.452 -4.875 -19.381 -12.079 -5.5 -18.611 -12.452 -5.5 -19.381 -12.452 0 -19.381
2 24 -7.548 -5.5 -20.619 -2.488 -5.5 -20.625
2 24 -37.5 -5.5 -20.613 -37.5 -4.875 -20.613
2 24 -10.488 0 -22.452 -9.512 0 -22.452
2 24 -7.548 -4.875 -20.619 -7.548 -4.875 -19.387
2 24 0 -53.5 -57.5 0 -46 -57.5
5 24 -32.452 -4.875 -19.381 -32.079 -5.5 -18.611 -32.452 -5.5 -19.381 -32.452 0 -19.381
2 24 -27.5 -46 -57.5 -27.5 -13 -42.224
2 24 -2.494 0 -20.004 -2.488 0 -2.5
2 24 -19.387 -4.875 -19.375 -19.387 -4.875 -12.452
2 24 -35 -8 0 0 -8 0
2 24 -18.611 0 -12.079 -17.921 0 -11.389
2 24 0 -46 -57.5 0 -13 -42.224
5 24 -42.224 -13 -42.224 -42.224 -13 -32.5 -40 -8 -40 -57.5 -46 -57.5
5 24 -7.921 -5.5 -21.389 -7.921 0 -21.389 -8.611 -5.5 -22.079 -7.548 -4.875 -20.619
2 24 -19.381 -4.875 -27.548 -19.375 -4.875 -20.613
5 24 -42.224 -13 -7.5 -40 -8 -10 -42.224 -13 -12.5 -42.224 -13 0
2 24 -27.548 -5.5 -20.619 -27.548 -4.875 -20.619
2 24 -50 -21 -12.5 -42.224 -13 -12.5
2 24 -19.375 -5.5 -2.488 -19.375 -4.875 -2.488
2 24 -7.5 -46 -57.5 -7.5 -13 -42.224
2 24 -32.452 -5.5 -20 -32.452 -5.5 -19.381
2 24 -21.389 0 -27.921 -20.613 0 -27.548
5 24 -20.625 -4.875 -37.512 -20 0 -37.506 -19.387 -4.875 -37.5 -37.512 -5.5 -37.5
2 24 -7.921 -5.5 -21.389 -7.548 -5.5 -20.619
2 24 -37.512 -5.5 -19.375 -32.452 -5.5 -19.381
2 24 -17.548 0 -30.488 -17.548 0 -29.512
2 24 -20.613 0 -7.548 -19.381 0 -7.548
2 24 -10.488 -5.5 -17.548 -9.512 -5.5 -17.548
2 24 -17.921 -5.5 -28.611 -17.548 -5.5 -29.512
5 24 -37.512 -4.875 -19.375 -37.506 0 -19.996 -37.5 -4.875 -20.613 -37.5 -5.5 -2.488
2 24 -35 -8 -35 -35 -8 0
5 24 -29.512 -5.5 -17.548 -29.512 0 -17.548 -28.611 -5.5 -17.921 -30.488 -5.5 -17.548
2 24 -32.452 -5.5 -20.613 -32.079 -5.5 -21.389
2 24 -57.5 -46 -12.5 -50 -21 -12.5
2 24 -42.224 -13 -42.224 -40 -8 -40
5 24 -20.619 -4.875 -12.452 -20.619 0 -12.452 -21.389 -5.5 -12.079 -19.387 -4.875 -12.452
2 24 0 -8 0 0 0 0
2 24 -57.5 -53.5 0 -57.5 -46 0
2 24 -2.5 -5.5 -37.512 -2.488 -5.5 -20.625
5 24 -19.387 -4.875 -37.5 -2.5 -5.5 -37.512 -19.387 -5.5 -37.5 -20 0 -37.506
5 24 -9.512 -5.5 -17.548 -9.512 0 -17.548 -10.488 -5.5 -17.548 -8.611 -5.5 -17.921
2 24 -57.5 -53.5 -57.5 -57.5 -46 -57.5
5 24 -17.548 -5.5 -29.512 -17.548 0 -29.512 -17.548 -5.5 -30.488 -17.921 -5.5 -28.611
2 24 -37.512 -4.875 -19.375 -32.452 -4.875 -19.381
5 24 -42.224 -13 -32.5 -42.224 -13 -27.5 -40 -8 -30 -50 -21 -32.5
5 24 -28.611 -5.5 -17.921 -28.611 0 -17.921 -29.512 -5.5 -17.548 -27.921 -5.5 -18.611
2 24 -57.5 -46 -57.5 -42.224 -13 -42.224
5 24 -21.389 -5.5 -27.921 -21.389 0 -27.921 -22.079 -5.5 -28.611 -20.613 -4.875 -27.548
2 24 -20.625 -5.5 -19.387 -20.625 -4.875 -19.387
2 24 -27.921 0 -21.389 -27.548 0 -20.619
5 24 -37.512 -5.5 -37.5 -20.625 -4.875 -37.512 -20.625 -5.5 -37.512 -37.512 0 -37.5
5 24 -40 -8 -40 -30 -8 -40 -42.224 -13 -42.224 -40 0 -40
5 24 -32.452 -4.875 -19.381 -32.452 0 -19.381 -32.079 -5.5 -18.611 -32.452 -4.875 -20.613
2 24 -20.625 -5.5 -37.512 -20.625 -4.875 -37.512
2 24 -20.619 0 -12.452 -19.387 0 -12.452
2 24 -2.5 -5.5 -19.387 -2.488 -5.5 -2.5
2 24 -30.488 -5.5 -17.548 -29.512 -5.5 -17.548
2 24 -17.548 -5.5 -10.488 -17.548 -5.5 -9.512
2 24 -52.5 -53.5 -52.5 -52.5 -53.5 0
5 24 -21.389 -5.5 -32.079 -20.619 -4.875 -32.452 -20.619 -5.5 -32.452 -21.389 0 -32.079
2 24 -40 0 -20 -40 0 0
2 24 -27.548 -4.875 -19.387 -20.625 -4.875 -19.387
2 24 0 -8 -40 0 0 -40
2 24 -57.5 -53.5 -10 -57.5 -53.5 0
5 24 -32.5 -13 -42.224 -30 -8 -40 -27.5 -13 -42.224 -42.224 -13 -42.224
2 24 -20.613 -5.5 -2.5 -20.613 -4.875 -2.5
5 24 -12.5 -21 -50 -7.5 -21 -50 -12.5 -13 -42.224 -12.5 -46 -57.5
5 24 -12.5 -46 -57.5 -7.5 -46 -57.5 -10 -53.5 -57.5 -12.5 -21 -50
2 24 -57.5 -46 -12.5 -42.224 -13 -12.5
2 24 -17.921 0 -31.389 -17.548 0 -30.488
5 24 -29.512 -5.5 -22.452 -29.512 0 -22.452 -28.611 -5.5 -22.079 -30.488 -5.5 -22.452
2 24 -18.611 0 -7.921 -17.921 0 -8.611
2 24 -32.5 -46 -57.5 -32.5 -21 -50
5 24 -32.079 -5.5 -21.389 -32.079 0 -21.389 -32.452 -4.875 -20.613 -31.389 -5.5 -22.079
2 24 -22.079 0 -8.611 -21.389 0 -7.921
5 24 -37.512 -5.5 -37.5 -37.5 -4.875 -20.613 -37.5 -5.5 -20.613 -37.512 0 -37.5
2 24 -12.452 0 -20.613 -12.079 0 -21.389
2 24 -57.5 -46 -7.5 -50 -21 -7.5
2 24 -20.625 -4.875 -37.512 -19.387 -4.875 -37.5
2 24 -37.512 -5.5 -37.5 -37.512 0 -37.5
2 24 -22.452 -5.5 -30.488 -22.452 -5.5 -29.512
2 24 -57.5 -53.5 -57.5 -57.5 -53.5 -30
2 24 -29.512 0 -17.548 -28.611 0 -17.921
2 24 -22.452 0 -30.488 -22.079 0 -31.389
5 24 -42.224 -13 -42.224 -32.5 -13 -42.224 -40 -8 -40 -57.5 -46 -57.5
2 24 -17.921 0 -11.389 -17.548 0 -10.488
5 24 -40 -8 -10 -40 -8 0 -42.224 -13 -7.5 -40 0 -20
2 24 -42.224 -13 0 -40 -8 0
2 24 -20.619 -5.5 -32.452 -20.619 -4.875 -32.452
2 24 0 -53.5 -52.5 0 -46 -52.5
5 24 -28.611 -5.5 -22.079 -28.611 0 -22.079 -29.512 -5.5 -22.452 -27.921 -5.5 -21.389
2 24 -11.389 -5.5 -17.921 -10.488 -5.5 -17.548
2 24 -12.452 -5.5 -20 -12.452 -4.875 -20.613
2 24 -2.488 -5.5 -2.5 -2.488 0 -2.5
5 24 -42.224 -13 -12.5 -40 -8 -10 -42.224 -13 -7.5 -42.224 -13 -27.5
2 24 -9.512 -5.5 -17.548 -8.611 -5.5 -17.921
2 24 -32.452 -5.5 -19.381 -32.452 -4.875 -19.381
2 24 -31.389 0 -17.921 -30.488 0 -17.548
2 24 -2.5 0 -37.512 -2.494 0 -20.004
5 24 -22.452 -5.5 -30.488 -22.452 0 -30.488 -22.079 -5.5 -31.389 -22.452 -5.5 -29.512
2 24 -11.389 -5.5 -22.079 -10.488 -5.5 -22.452
5 24 -2.5 -5.5 -37.512 -2.488 -4.875 -20.625 -2.488 -5.5 -20.625 -2.5 0 -37.512
5 24 -18.611 -5.5 -12.079 -18.611 0 -12.079 -19.387 -4.875 -12.452 -17.921 -5.5 -11.389
5 24 -10.488 -5.5 -17.548 -10.488 0 -17.548 -11.389 -5.5 -17.921 -9.512 -5.5 -17.548
2 24 -19.387 -4.875 -19.375 -12.452 -4.875 -19.381
2 24 -19.387 -5.5 -37.5 -19.387 -4.875 -37.5
2 24 -12.452 -5.5 -20.613 -12.079 -5.5 -21.389
2 24 -17.921 -5.5 -31.389 -17.548 -5.5 -30.488
2 24 -20.619 0 -32.452 -19.387 0 -32.452
2 24 -20.625 -5.5 -19.387 -20.619 -5.5 -12.452
5 24 -27.5 -13 -42.224 -12.5 -13 -42.224 -27.5 -46 -57.5 -30 -8 -40
2 24 -18.611 0 -27.921 -17.921 0 -28.611
2 24 -22.452 -5.5 -10.488 -22.452 -5.5 -9.512
2 24 -57.5 -46 -27.5 -42.224 -13 -27.5
5 24 -31.389 -5.5 -17.921 -31.389 0 -17.921 -32.079 -5.5 -18.611 -30.488 -5.5 -17.548
2 24 -19.381 -5.5 -27.548 -19.375 -5.5 -20.613
2 24 -19.387 -5.5 -32.452 -19.387 -4.875 -32.452
5 24 -22.452 -5.5 -9.512 -22.452 0 -9.512 -22.079 -5.5 -8.611 -22.452 -5.5 -10.488
2 24 -52.5 -53.5 -52.5 -52.5 -46 -52.5
5 24 -21.389 -5.5 -7.921 -21.389 0 -7.921 -20.613 -4.875 -7.548 -22.079 -5.5 -8.611
2 24 -18.611 -5.5 -32.079 -17.921 -5.5 -31.389
2 24 -22.452 -5.5 -29.512 -22.079 -5.5 -28.611
2 24 -22.079 0 -11.389 -21.389 0 -12.079
2 24 -17.921 -5.5 -11.389 -17.548 -5.5 -10.488
2 24 0 -46 -52.5 0 -8 -35
2 24 -37.512 -5.5 -37.5 -37.5 -5.5 -20.613
2 24 -7.921 0 -21.389 -7.548 0 -20.619
2 24 -21.389 -5.5 -7.921 -20.613 -5.5 -7.548
2 24 -10 -53.5 -57.5 0 -53.5 -57.5
2 24 -27.548 -5.5 -19.387 -27.548 -4.875 -19.387
2 24 -19.381 -5.5 -27.548 -18.611 -5.5 -27.921
2 24 -20 0 -40 0 0 -40
2 24 -32.452 0 -19.381 -32.079 0 -18.611
