0 P1aca rallada vertical 2x1 I.UNITS
0 Name: placral2.dat
0 Author: I.UNITS (diseño), jasolo (modelado)
0 !LDRAW_ORG Unofficial_Part
0 BFC CERTIFY CCW
3 16 0.957 0 2.31 1.768 0 1.768 0 0 0
4 16 0 0 2.5 0 -5.5 2.5 0.957 -5.5 2.31 0.957 0 2.31
3 16 -0.957 0 -2.31 -1.768 0 -1.768 0 0 0
4 16 0.957 0 2.31 0.957 -5.5 2.31 1.768 -5.5 1.768 1.768 0 1.768
4 16 1.768 0 1.768 1.768 -5.5 1.768 2.312 -5.5 0.957 2.312 0 0.957
3 16 0 0 2.5 0.957 0 2.31 0 0 0
3 16 0.957 0 -2.31 0 0 -2.5 0 0 0
3 16 -1.768 0 -1.768 -2.312 0 -0.957 0 0 0
4 16 2.312 0 -0.957 2.312 -5.5 -0.957 1.768 -5.5 -1.768 1.768 0 -1.768
4 16 -2.312 -5.5 -0.957 -2.312 -5.5 0.957 -2.312 0 0.957 -2.312 0 -0.957
4 16 1.768 0 -1.768 1.768 -5.5 -1.768 0.957 -5.5 -2.31 0.957 0 -2.31
3 16 2.312 0 0.957 2.312 0 -0.957 0 0 0
4 16 0.957 0 -2.31 0.957 -5.5 -2.31 0 -5.5 -2.5 0 0 -2.5
3 16 -2.312 0 0.957 -1.768 0 1.768 0 0 0
4 16 0 0 -2.5 0 -5.5 -2.5 -0.957 -5.5 -2.31 -0.957 0 -2.31
3 16 -1.768 0 1.768 -0.957 0 2.31 0 0 0
4 16 -0.957 0 -2.31 -0.957 -5.5 -2.31 -1.768 -5.5 -1.768 -1.768 0 -1.768
3 16 1.768 0 1.768 2.312 0 0.957 0 0 0
4 16 -1.768 0 -1.768 -1.768 -5.5 -1.768 -2.312 -5.5 -0.957 -2.312 0 -0.957
3 16 1.768 0 -1.768 0.957 0 -2.31 0 0 0
3 16 2.312 0 -0.957 1.768 0 -1.768 0 0 0
3 16 0 0 -2.5 -0.957 0 -2.31 0 0 0
4 16 2.312 -5.5 0.957 2.312 -5.5 -0.957 2.312 0 -0.957 2.312 0 0.957
4 16 -2.312 0 0.957 -2.312 -5.5 0.957 -1.768 -5.5 1.768 -1.768 0 1.768
3 16 -2.312 0 -0.957 -2.312 0 0.957 0 0 0
4 16 -1.768 0 1.768 -1.768 -5.5 1.768 -0.957 -5.5 2.31 -0.957 0 2.31
4 16 0 -5.5 2.5 0 0 2.5 -0.957 0 2.31 -0.957 -5.5 2.31
4 16 -0.75 -5 -7.5 -0.75 -5.5 -7.5 -0.75 -5.5 7.5 -0.75 -5 7.5
4 16 0.75 -5 7.5 0.75 -5.5 7.5 0.75 -5.5 -7.5 0.75 -5 -7.5
4 16 -0.75 -5 7.5 0.75 -5 7.5 0.75 -5 -7.5 -0.75 -5 -7.5
3 16 -0.957 0 2.31 0 0 2.5 0 0 0
4 16 -20 0 -10 -20 -5.5 -10 -20 -5.5 10 -20 0 10
3 16 20 -5.5 10 20 0 10 15.438 -5.5 10
4 16 20 0 10 20 -5.5 10 20 -5.5 -10 20 0 -10
3 16 -20 -5.5 -10 -20 0 -10 -15.438 -5.5 -10
4 16 20 0 -10 -20 0 -10 -17.5 0 -7.5 17.5 0 -7.5
4 16 -20 0 10 20 0 10 17.5 0 7.5 -17.5 0 7.5
4 16 -20 0 -10 -20 0 10 -17.5 0 7.5 -17.5 0 -7.5
4 16 20 0 10 20 0 -10 17.5 0 -7.5 17.5 0 7.5
4 16 -20 -8 -10 -15.438 -8 -10 -15.438 -8 10 -20 -8 10
3 16 2.312 -5.5 -7.5 6.688 -5.5 -7.5 17.5 0 -7.5
4 16 17.5 0 7.5 17.5 0 -7.5 17.5 -5.5 -7.5 17.5 -5.5 7.5
4 16 -17.5 0 -7.5 -17.5 0 7.5 -17.5 -5.5 7.5 -17.5 -5.5 -7.5
3 16 2.312 -5.5 -10 20 0 -10 6.688 -5.5 -10
4 16 -20 0 -10 20 0 -10 2.312 -5.5 -10 -2.312 -5.5 -10
3 16 -2.312 -5.5 10 -20 0 10 -6.688 -5.5 10
4 16 20 0 10 -20 0 10 -2.312 -5.5 10 2.312 -5.5 10
3 16 -20 0 10 -20 -5.5 10 -15.438 -5.5 10
3 16 -20 0 10 -15.438 -5.5 10 -11.063 -5.5 10
3 16 -20 0 10 -11.063 -5.5 10 -6.688 -5.5 10
3 16 20 0 -10 20 -5.5 -10 15.438 -5.5 -10
3 16 20 0 -10 15.438 -5.5 -10 11.063 -5.5 -10
3 16 20 0 -10 11.063 -5.5 -10 6.688 -5.5 -10
3 16 -20 0 -10 -2.312 -5.5 -10 -6.688 -5.5 -10
3 16 -20 0 -10 -6.688 -5.5 -10 -11.063 -5.5 -10
3 16 -20 0 -10 -11.063 -5.5 -10 -15.438 -5.5 -10
3 16 20 0 10 2.312 -5.5 10 6.688 -5.5 10
3 16 20 0 10 6.688 -5.5 10 11.063 -5.5 10
3 16 20 0 10 11.063 -5.5 10 15.438 -5.5 10
4 16 6.688 -5.5 -10 11.063 -5.5 -10 11.063 -8 -10 6.688 -8 -10
4 16 -6.688 -5.5 10 -11.063 -5.5 10 -11.063 -8 10 -6.688 -8 10
4 16 20 -5.5 10 15.438 -5.5 10 15.438 -8 10 20 -8 10
4 16 -20 -8 -10 -20 -8 10 -20 -5.5 10 -20 -5.5 -10
4 16 2.312 -5.5 10 -2.312 -5.5 10 -2.312 -8 10 2.312 -8 10
4 16 20 -5.5 -10 20 -5.5 10 20 -8 10 20 -8 -10
4 16 -15.438 -5.5 10 -20 -5.5 10 -20 -8 10 -15.438 -8 10
4 16 11.063 -5.5 10 6.688 -5.5 10 6.688 -8 10 11.063 -8 10
4 16 -15.438 -8 -10 -20 -8 -10 -20 -5.5 -10 -15.438 -5.5 -10
4 16 -11.063 -5.5 -10 -6.688 -5.5 -10 -6.688 -8 -10 -11.063 -8 -10
4 16 -2.312 -5.5 -10 2.312 -5.5 -10 2.312 -8 -10 -2.312 -8 -10
4 16 20 -8 -10 15.438 -8 -10 15.438 -5.5 -10 20 -5.5 -10
4 16 -6.688 -8 -10 -6.688 -8 10 -11.063 -8 10 -11.063 -8 -10
4 16 -2.312 -8 10 -2.312 -8 -10 2.312 -8 -10 2.312 -8 10
4 16 11.063 -8 -10 11.063 -8 10 6.688 -8 10 6.688 -8 -10
4 16 15.438 -8 -10 20 -8 -10 20 -8 10 15.438 -8 10
3 16 15.438 -5.5 -10 15.438 -8 -10 15.438 -5.5 -7.5
3 16 6.688 -5.5 -10 6.688 -8 -10 6.688 -5.5 -7.5
3 16 -2.312 -5.5 -7.5 -2.312 -5.5 -10 -2.312 -8 -10
3 16 -11.063 -5.5 -10 -11.063 -8 -10 -11.063 -5.5 -7.5
3 16 -6.688 -5.5 7.5 -6.688 -5.5 10 -6.688 -8 10
3 16 -15.438 -5.5 10 -15.438 -8 10 -15.438 -5.5 7.5
3 16 2.312 -5.5 10 2.312 -8 10 2.312 -5.5 7.5
3 16 11.063 -5.5 7.5 11.063 -5.5 10 11.063 -8 10
3 16 11.063 -5.5 -10 11.063 -5.5 -7.5 11.063 -8 -10
4 16 11.063 -5.5 -7.5 11.063 -5.5 7.5 11.063 -8 10 11.063 -8 -10
3 16 2.312 -5.5 -7.5 2.312 -8 -10 2.312 -5.5 -10
4 16 2.312 -8 10 2.312 -8 -10 2.312 -5.5 -7.5 2.312 -5.5 7.5
3 16 -15.438 -5.5 -7.5 -15.438 -8 -10 -15.438 -5.5 -10
4 16 -15.438 -8 10 -15.438 -8 -10 -15.438 -5.5 -7.5 -15.438 -5.5 7.5
3 16 -6.688 -5.5 -10 -6.688 -5.5 -7.5 -6.688 -8 -10
4 16 -6.688 -5.5 -7.5 -6.688 -5.5 7.5 -6.688 -8 10 -6.688 -8 -10
3 16 -11.063 -5.5 7.5 -11.063 -8 10 -11.063 -5.5 10
4 16 -11.063 -8 -10 -11.063 -8 10 -11.063 -5.5 7.5 -11.063 -5.5 -7.5
3 16 -2.312 -5.5 10 -2.312 -5.5 7.5 -2.312 -8 10
4 16 -2.312 -5.5 7.5 -2.312 -5.5 -7.5 -2.312 -8 -10 -2.312 -8 10
3 16 6.688 -5.5 7.5 6.688 -8 10 6.688 -5.5 10
4 16 6.688 -8 -10 6.688 -8 10 6.688 -5.5 7.5 6.688 -5.5 -7.5
3 16 15.438 -5.5 10 15.438 -5.5 7.5 15.438 -8 10
4 16 15.438 -8 -10 15.438 -8 10 15.438 -5.5 7.5 15.438 -5.5 -7.5
4 16 11.063 -5.5 7.5 11.063 -5.5 -7.5 6.688 -5.5 -7.5 6.688 -5.5 7.5
4 16 2.312 -5.5 -7.5 -2.312 -5.5 -7.5 -2.312 -5.5 7.5 2.312 -5.5 7.5
4 16 -6.688 -5.5 -7.5 -11.063 -5.5 -7.5 -11.063 -5.5 7.5 -6.688 -5.5 7.5
4 16 -15.438 -5.5 7.5 -15.438 -5.5 -7.5 -17.5 -5.5 -7.5 -17.5 -5.5 7.5
4 16 15.438 -5.5 -7.5 15.438 -5.5 7.5 17.5 -5.5 7.5 17.5 -5.5 -7.5
4 16 -6.688 -5.5 -10 -2.312 -5.5 -10 -2.312 -5.5 -7.5 -6.688 -5.5 -7.5
4 16 -15.438 -5.5 -10 -11.063 -5.5 -10 -11.063 -5.5 -7.5 -15.438 -5.5 -7.5
4 16 2.312 -5.5 -7.5 2.312 -5.5 -10 6.688 -5.5 -10 6.688 -5.5 -7.5
4 16 15.438 -5.5 -7.5 11.063 -5.5 -7.5 11.063 -5.5 -10 15.438 -5.5 -10
4 16 11.063 -5.5 7.5 15.438 -5.5 7.5 15.438 -5.5 10 11.063 -5.5 10
4 16 6.688 -5.5 7.5 6.688 -5.5 10 2.312 -5.5 10 2.312 -5.5 7.5
4 16 -2.312 -5.5 10 -6.688 -5.5 10 -6.688 -5.5 7.5 -2.312 -5.5 7.5
4 16 -11.063 -5.5 10 -15.438 -5.5 10 -15.438 -5.5 7.5 -11.063 -5.5 7.5
3 16 -15.438 -5.5 -7.5 -11.063 -5.5 -7.5 -17.5 0 -7.5
3 16 -11.063 -5.5 -7.5 -6.688 -5.5 -7.5 -17.5 0 -7.5
3 16 -17.5 0 -7.5 -6.688 -5.5 -7.5 -2.312 -5.5 -7.5
3 16 -17.5 0 -7.5 -17.5 -5.5 -7.5 -15.438 -5.5 -7.5
3 16 6.688 -5.5 -7.5 11.063 -5.5 -7.5 17.5 0 -7.5
3 16 11.063 -5.5 -7.5 15.438 -5.5 -7.5 17.5 0 -7.5
3 16 15.438 -5.5 -7.5 17.5 -5.5 -7.5 17.5 0 -7.5
3 16 17.5 0 -7.5 -17.5 0 -7.5 -2.312 -5.5 -7.5
3 16 -2.312 -5.5 -7.5 2.312 -5.5 -7.5 17.5 0 -7.5
3 16 11.063 -5.5 7.5 6.688 -5.5 7.5 17.5 0 7.5
3 16 15.438 -5.5 7.5 17.5 0 7.5 17.5 -5.5 7.5
3 16 11.063 -5.5 7.5 17.5 0 7.5 15.438 -5.5 7.5
3 16 17.5 0 7.5 6.688 -5.5 7.5 2.312 -5.5 7.5
3 16 -2.312 -5.5 7.5 -6.688 -5.5 7.5 -17.5 0 7.5
3 16 -11.063 -5.5 7.5 -17.5 0 7.5 -6.688 -5.5 7.5
3 16 -2.312 -5.5 7.5 -17.5 0 7.5 2.312 -5.5 7.5
3 16 -17.5 0 7.5 17.5 0 7.5 2.312 -5.5 7.5
3 16 -11.063 -5.5 7.5 -15.438 -5.5 7.5 -17.5 0 7.5
3 16 -15.438 -5.5 7.5 -17.5 -5.5 7.5 -17.5 0 7.5
2 24 6.688 -8 10 6.688 -5.5 10
2 24 -20 0 10 -20 0 -10
2 24 -15.438 -5.5 -7.5 -11.063 -5.5 -7.5
2 24 -15.438 -5.5 7.5 -11.063 -5.5 7.5
2 24 -0.957 -5.5 2.31 0 -5.5 2.5
5 24 -0.957 0 2.31 0 0 0 -1.768 0 1.768 0 0 2.5
2 24 15.438 -5.5 7.5 17.5 -5.5 7.5
2 24 -11.063 -5.5 -7.5 -11.063 -5.5 7.5
2 24 15.438 -8 10 20 -8 10
5 24 0 0 0 0 0 2.5 0.957 0 2.31 -0.957 0 2.31
2 24 0.957 0 2.31 1.768 0 1.768
2 24 -6.688 -8 -10 -6.688 -5.5 -10
2 24 -17.5 -5.5 7.5 -15.438 -5.5 7.5
2 24 -6.688 -5.5 10 -2.312 -5.5 10
2 24 2.312 -5.5 7.5 2.312 -5.5 10
2 24 11.063 -5.5 -10 15.438 -5.5 -10
2 24 2.312 -5.5 0.957 2.312 0 0.957
2 24 0.957 0 -2.31 1.768 0 -1.768
2 24 -20 -8 -10 -20 -8 10
2 24 0.75 -5.5 7.5 0.75 -5 7.5
5 24 -0.957 0 -2.31 0 0 0 -1.768 0 -1.768 0 0 -2.5
5 24 -20 0 -10 -17.5 0 -7.5 20 0 -10 -20 0 10
2 24 11.063 -5.5 -7.5 15.438 -5.5 -7.5
2 24 2.312 -5.5 10 6.688 -5.5 10
5 24 0 0 0 2.312 0 0.957 2.312 0 -0.957 1.768 0 1.768
2 24 15.438 -8 10 15.438 -5.5 10
2 24 2.312 -8 -10 2.312 -8 10
2 24 -6.688 -8 -10 -6.688 -8 10
2 24 -15.438 -5.5 10 -11.063 -5.5 10
2 24 -11.063 -8 -10 -11.063 -8 10
2 24 -17.5 0 7.5 -17.5 0 -7.5
2 24 -11.063 -5.5 -10 -11.063 -5.5 -7.5
2 24 6.688 -8 10 11.063 -8 10
2 24 1.768 0 -1.768 2.312 0 -0.957
5 24 -1.768 -5.5 -1.768 -1.768 0 -1.768 -0.957 -5.5 -2.31 -2.312 -5.5 -0.957
2 24 -6.688 -5.5 7.5 -2.312 -5.5 7.5
2 24 2.312 -5.5 -7.5 2.312 -5.5 7.5
5 24 -0.957 -5.5 -2.31 -0.957 0 -2.31 0 -5.5 -2.5 -1.768 -5.5 -1.768
2 24 -0.957 0 2.31 0 0 2.5
2 24 -6.688 -8 10 -6.688 -5.5 10
5 24 -1.768 -5.5 1.768 -1.768 0 1.768 -2.312 -5.5 0.957 -0.957 -5.5 2.31
2 24 11.063 -5.5 -7.5 11.063 -5.5 7.5
2 24 -2.312 -8 -10 2.312 -8 -10
2 24 -0.75 -5 -7.5 0.75 -5 -7.5
2 24 -1.768 -5.5 -1.768 -0.957 -5.5 -2.31
2 24 -17.5 -5.5 -7.5 -15.438 -5.5 -7.5
2 24 0.75 -5 -7.5 0.75 -5 7.5
2 24 6.688 -5.5 7.5 6.688 -5.5 10
2 24 20 -8 -10 20 -5.5 -10
2 24 15.438 -5.5 7.5 15.438 -5.5 10
2 24 -15.438 -8 10 -15.438 -5.5 10
2 24 2.312 -5.5 -10 2.312 -5.5 -7.5
2 24 -20 -8 10 -20 -5.5 10
2 24 0 0 2.5 0.957 0 2.31
2 24 2.312 -8 10 2.312 -5.5 10
2 24 2.312 -5.5 7.5 6.688 -5.5 7.5
2 24 2.312 -5.5 -0.957 2.312 -5.5 0.957
2 24 20 0 10 20 0 -10
2 24 -2.312 -5.5 7.5 -2.312 -5.5 10
5 24 0 0 0 0 0 -2.5 0.957 0 -2.31 -0.957 0 -2.31
2 24 2.312 -5.5 -0.957 2.312 0 -0.957
2 24 -11.063 -8 -10 -11.063 -5.5 -10
2 24 20 -8 -10 20 -8 10
2 24 11.063 -8 10 11.063 -5.5 10
2 24 -15.438 -5.5 7.5 -15.438 -5.5 10
2 24 -2.312 0 0.957 -2.312 0 -0.957
2 24 -2.312 -5.5 0.957 -2.312 0 0.957
2 24 -2.312 -5.5 -0.957 -2.312 0 -0.957
2 24 11.063 -5.5 7.5 11.063 -5.5 10
2 24 15.438 -8 -10 15.438 -8 10
2 24 0 0 -2.5 0.957 0 -2.31
2 24 6.688 -5.5 -7.5 6.688 -5.5 7.5
2 24 20 -5.5 -10 20 0 -10
2 24 -11.063 -8 10 -11.063 -5.5 10
2 24 6.688 -8 -10 6.688 -5.5 -10
2 24 6.688 -5.5 7.5 11.063 -5.5 7.5
2 24 1.768 -5.5 -1.768 2.312 -5.5 -0.957
2 24 -6.688 -5.5 7.5 -6.688 -5.5 10
2 24 17.5 -5.5 -7.5 17.5 0 -7.5
2 24 -20 -8 -10 -20 -5.5 -10
5 24 -1.768 0 1.768 0 0 0 -2.312 0 0.957 -0.957 0 2.31
5 24 0 0 0 2.312 0 -0.957 2.312 0 0.957 1.768 0 -1.768
2 24 -20 0 10 20 0 10
2 24 -0.957 0 -2.31 0 0 -2.5
5 24 0 -5.5 -2.5 0 0 -2.5 0.957 -5.5 -2.31 -0.957 -5.5 -2.31
2 24 0.75 -5.5 -7.5 0.75 -5.5 7.5
2 24 -2.312 -5.5 -0.957 -1.768 -5.5 -1.768
2 24 -20 -5.5 -10 -20 0 -10
5 24 0 0 0 0.957 0 2.31 1.768 0 1.768 0 0 2.5
2 24 1.768 0 1.768 2.312 0 0.957
2 24 -2.312 -8 10 -2.312 -5.5 10
2 24 -11.063 -5.5 7.5 -6.688 -5.5 7.5
2 24 -15.438 -8 -10 -15.438 -8 10
2 24 -2.312 0 -0.957 -1.768 0 -1.768
2 24 -2.312 -5.5 -7.5 -2.312 -5.5 7.5
2 24 -1.768 0 1.768 -0.957 0 2.31
5 24 1.768 -5.5 -1.768 1.768 0 -1.768 2.312 -5.5 -0.957 0.957 -5.5 -2.31
2 24 20 -8 10 20 -5.5 10
2 24 -2.312 -8 -10 -2.312 -5.5 -10
2 24 -2.312 -5.5 0.957 -1.768 -5.5 1.768
2 24 11.063 -8 -10 11.063 -8 10
2 24 2.312 -5.5 -10 6.688 -5.5 -10
2 24 -20 -8 10 -15.438 -8 10
2 24 -0.75 -5 -7.5 -0.75 -5 7.5
2 24 -6.688 -5.5 -10 -2.312 -5.5 -10
2 24 -20 -8 -10 -15.438 -8 -10
2 24 11.063 -5.5 -10 11.063 -5.5 -7.5
5 24 1.768 -5.5 1.768 1.768 0 1.768 0.957 -5.5 2.31 2.312 -5.5 0.957
5 24 -20 0 10 -17.5 0 7.5 20 0 10 -20 0 -10
2 24 2.312 0 0.957 2.312 0 -0.957
5 24 0.957 -5.5 -2.31 0.957 0 -2.31 1.768 -5.5 -1.768 0 -5.5 -2.5
2 24 0 -5.5 -2.5 0.957 -5.5 -2.31
2 24 -0.957 -5.5 -2.31 0 -5.5 -2.5
2 24 20 -5.5 10 20 0 10
2 24 -2.312 -5.5 -10 -2.312 -5.5 -7.5
2 24 2.312 -5.5 -7.5 6.688 -5.5 -7.5
2 24 0 -5.5 2.5 0.957 -5.5 2.31
2 24 2.312 -8 -10 2.312 -5.5 -10
2 24 15.438 -8 -10 20 -8 -10
2 24 -17.5 -5.5 -7.5 -17.5 0 -7.5
2 24 -20 -5.5 10 -20 0 10
5 24 -1.768 0 -1.768 0 0 0 -0.957 0 -2.31 -2.312 0 -0.957
2 24 1.768 -5.5 1.768 2.312 -5.5 0.957
2 24 0.75 -5.5 -7.5 0.75 -5 -7.5
2 24 -6.688 -5.5 -7.5 -6.688 -5.5 7.5
2 24 -2.312 -8 -10 -2.312 -8 10
2 24 -17.5 0 7.5 17.5 0 7.5
2 24 -6.688 -5.5 -7.5 -2.312 -5.5 -7.5
2 24 11.063 -5.5 10 15.438 -5.5 10
2 24 6.688 -5.5 -10 6.688 -5.5 -7.5
2 24 -0.75 -5.5 7.5 -0.75 -5 7.5
5 24 0 -5.5 2.5 0 0 2.5 0.957 -5.5 2.31 -0.957 -5.5 2.31
2 24 -11.063 -8 10 -6.688 -8 10
2 24 -0.75 -5.5 -7.5 -0.75 -5.5 7.5
2 24 -20 0 -10 20 0 -10
2 24 11.063 -8 -10 11.063 -5.5 -10
2 24 11.063 -5.5 7.5 15.438 -5.5 7.5
2 24 -15.438 -5.5 -7.5 -15.438 -5.5 7.5
2 24 17.5 -5.5 7.5 17.5 0 7.5
2 24 -2.312 -5.5 7.5 2.312 -5.5 7.5
2 24 -11.063 -5.5 -7.5 -6.688 -5.5 -7.5
5 24 -2.312 0 -0.957 0 0 0 -1.768 0 -1.768 -2.312 0 0.957
5 24 0.957 -5.5 2.31 0.957 0 2.31 0 -5.5 2.5 1.768 -5.5 1.768
2 24 -15.438 -8 -10 -15.438 -5.5 -10
2 24 17.5 0 7.5 17.5 0 -7.5
2 24 0.957 -5.5 -2.31 1.768 -5.5 -1.768
2 24 -17.5 -5.5 7.5 -17.5 0 7.5
2 24 -11.063 -5.5 7.5 -11.063 -5.5 10
2 24 -15.438 -5.5 -10 -15.438 -5.5 -7.5
2 24 6.688 -8 -10 6.688 -8 10
2 24 17.5 -5.5 -7.5 17.5 -5.5 7.5
2 24 0.957 -5.5 2.31 1.768 -5.5 1.768
2 24 15.438 -8 -10 15.438 -5.5 -10
2 24 -15.438 -5.5 -10 -11.063 -5.5 -10
2 24 15.438 -5.5 -7.5 17.5 -5.5 -7.5
2 24 15.438 -5.5 -7.5 15.438 -5.5 7.5
2 24 6.688 -5.5 -7.5 11.063 -5.5 -7.5
5 24 0 0 0 1.768 0 1.768 0.957 0 2.31 2.312 0 0.957
5 24 17.5 0 7.5 20 0 10 -17.5 0 7.5 17.5 0 -7.5
5 24 0 0 0 0.957 0 -2.31 0 0 -2.5 1.768 0 -1.768
2 24 -17.5 -5.5 -7.5 -17.5 -5.5 7.5
2 24 15.438 -5.5 -10 15.438 -5.5 -7.5
2 24 -1.768 0 -1.768 -0.957 0 -2.31
5 24 0 0 0 1.768 0 -1.768 0.957 0 -2.31 2.312 0 -0.957
2 24 -2.312 -5.5 -7.5 2.312 -5.5 -7.5
5 24 17.5 0 -7.5 20 0 -10 -17.5 0 -7.5 17.5 0 7.5
2 24 -2.312 0 0.957 -1.768 0 1.768
2 24 -17.5 0 -7.5 17.5 0 -7.5
5 24 -2.312 0 0.957 0 0 0 -1.768 0 1.768 -2.312 0 -0.957
2 24 -2.312 -8 10 2.312 -8 10
5 24 -0.957 -5.5 2.31 -0.957 0 2.31 -1.768 -5.5 1.768 0 -5.5 2.5
2 24 -1.768 -5.5 1.768 -0.957 -5.5 2.31
2 24 -6.688 -5.5 -10 -6.688 -5.5 -7.5
2 24 -11.063 -8 -10 -6.688 -8 -10
2 24 -0.75 -5 7.5 0.75 -5 7.5
2 24 -0.75 -5.5 -7.5 -0.75 -5 -7.5
2 24 -2.312 -5.5 -0.957 -2.312 -5.5 0.957
2 24 6.688 -8 -10 11.063 -8 -10
