0 P1aca 12 I.UNITS
0 Name: placa12.dat
0 Author: I.UNITS (diseño), jasolo (modelado)
0 !LDRAW_ORG Unofficial_Part
0 ROTATION CENTER 0 0 0 1 "Custom" 
0 ROTATION CONFIG 0 0
0 BFC CERTIFY CCW
0 BFC INVERTNEXT
1 16 0 0 0 117.5 0 0 0 -5.5 0 0 0 7.5 box4.dat
1 16 -70 16 0 1 0 0 0 1 0 0 0 1 s\teton.dat
1 16 -90 16 0 1 0 0 0 1 0 0 0 1 s\teton.dat
1 16 -110 16 0 1 0 0 0 1 0 0 0 1 s\teton.dat
1 16 -50 16 0 1 0 0 0 1 0 0 0 1 s\teton.dat
1 16 -30 16 0 1 0 0 0 1 0 0 0 1 s\teton.dat
1 16 30 16 0 1 0 0 0 1 0 0 0 1 s\teton.dat
1 16 50 16 0 1 0 0 0 1 0 0 0 1 s\teton.dat
1 16 70 16 0 1 0 0 0 1 0 0 0 1 s\teton.dat
1 16 90 16 0 1 0 0 0 1 0 0 0 1 s\teton.dat
1 16 110 16 0 1 0 0 0 1 0 0 0 1 s\teton.dat
1 16 -60 0 0 1 0 0 0 0.3333 0 0 0 1 s\pilar.dat
1 16 -100 0 0 1 0 0 0 0.3333 0 0 0 1 s\pilar.dat
1 16 100 0 0 1 0 0 0 0.3333 0 0 0 1 s\pilar.dat
1 16 -40 0 0 1 0 0 0 0.3333 0 0 0 1 s\pilar.dat
1 16 -20 0 0 1 0 0 0 0.3333 0 0 0 1 s\pilar.dat
1 16 20 0 0 1 0 0 0 0.3333 0 0 0 1 s\pilar.dat
1 16 40 0 0 1 0 0 0 0.3333 0 0 0 1 s\pilar.dat
1 16 60 0 0 1 0 0 0 0.3333 0 0 0 1 s\pilar.dat
1 16 80 0 0 1 0 0 0 0.3333 0 0 0 1 s\pilar.dat
1 16 0 0 0 1 0 0 0 0.3333 0 0 0 1 s\pilar.dat
1 16 -80 0 0 1 0 0 0 0.3333 0 0 0 1 s\pilar.dat
1 16 -60 -8 -10 1 0 0 0 1 0 0 0 1 s\crucetp1.dat
1 16 -40 -8 -10 1 0 0 0 1 0 0 0 1 s\crucetp1.dat
1 16 -20 -8 -10 1 0 0 0 1 0 0 0 1 s\crucetp1.dat
1 16 -60 -8 10 -1 0 0 0 1 0 0 0 -1 s\crucetp1.dat
1 16 -80 -8 -10 1 0 0 0 1 0 0 0 1 s\crucetp1.dat
1 16 -80 -8 10 -1 0 0 0 1 0 0 0 -1 s\crucetp1.dat
1 16 -100 -8 -10 1 0 0 0 1 0 0 0 1 s\crucetp1.dat
1 16 -100 -8 10 -1 0 0 0 1 0 0 0 -1 s\crucetp1.dat
1 16 100 -8 -10 1 0 0 0 1 0 0 0 1 s\crucetp1.dat
1 16 100 -8 10 -1 0 0 0 1 0 0 0 -1 s\crucetp1.dat
1 16 0 -8 -10 1 0 0 0 1 0 0 0 1 s\crucetp1.dat
1 16 0 -8 10 -1 0 0 0 1 0 0 0 -1 s\crucetp1.dat
1 16 20 -8 -10 1 0 0 0 1 0 0 0 1 s\crucetp1.dat
1 16 20 -8 10 -1 0 0 0 1 0 0 0 -1 s\crucetp1.dat
1 16 40 -8 -10 1 0 0 0 1 0 0 0 1 s\crucetp1.dat
1 16 40 -8 10 -1 0 0 0 1 0 0 0 -1 s\crucetp1.dat
1 16 60 -8 -10 1 0 0 0 1 0 0 0 1 s\crucetp1.dat
1 16 60 -8 10 -1 0 0 0 1 0 0 0 -1 s\crucetp1.dat
1 16 80 -8 -10 1 0 0 0 1 0 0 0 1 s\crucetp1.dat
1 16 80 -8 10 -1 0 0 0 1 0 0 0 -1 s\crucetp1.dat
1 16 -40 -8 10 -1 0 0 0 1 0 0 0 -1 s\crucetp1.dat
1 16 -20 -8 10 -1 0 0 0 1 0 0 0 -1 s\crucetp1.dat
4 16 -117.5 0 -7.5 -120 0 -10 -120 0 10 -117.5 0 7.5
4 16 120 0 -10 117.5 0 -7.5 117.5 0 7.5 120 0 10
4 16 120 0 10 117.5 0 7.5 -117.5 0 7.5 -120 0 10
4 16 -120 0 -10 -117.5 0 -7.5 117.5 0 -7.5 120 0 -10
4 16 -3.071 -13 2.87 -4.7 -13 5.3 -8.23 -13 1.77 -7.69 -13 0.96
4 16 -2.5 -13 0 -3.071 -13 2.87 -7.69 -13 0.96 -7.5 -13 0
4 16 -3.071 -13 -2.87 -2.5 -13 0 -7.5 -13 0 -7.69 -13 -0.96
4 16 -4.7 -13 -5.3 -3.071 -13 -2.87 -7.69 -13 -0.96 -8.23 -13 -1.77
4 16 -7.13 -13 -6.93 -4.7 -13 -5.3 -8.23 -13 -1.77 -9.04 -13 -2.31
4 16 -10 -13 -7.5 -7.13 -13 -6.93 -9.04 -13 -2.31 -10 -13 -2.5
4 16 -12.87 -13 -6.93 -10 -13 -7.5 -10 -13 -2.5 -10.96 -13 -2.31
4 16 -15.3 -13 -5.3 -12.87 -13 -6.93 -10.96 -13 -2.31 -11.77 -13 -1.77
4 16 -16.93 -13 -2.87 -15.3 -13 -5.3 -11.77 -13 -1.77 -12.31 -13 -0.96
4 16 -17.5 -13 0 -16.93 -13 -2.87 -12.31 -13 -0.96 -12.5 -13 0
4 16 -16.93 -13 2.87 -17.5 -13 0 -12.5 -13 0 -12.31 -13 0.96
4 16 -15.3 -13 5.3 -16.93 -13 2.87 -12.31 -13 0.96 -11.77 -13 1.77
4 16 -12.87 -13 6.93 -15.3 -13 5.3 -11.77 -13 1.77 -10.96 -13 2.31
4 16 -10 -13 7.5 -12.87 -13 6.93 -10.96 -13 2.31 -10 -13 2.5
4 16 -7.13 -13 6.929 -10 -13 7.5 -10 -13 2.5 -9.04 -13 2.31
4 16 -4.7 -13 5.3 -7.13 -13 6.929 -9.04 -13 2.31 -8.23 -13 1.77
4 16 -0.7 -5.5 9.3 -0.7 -5.5 3.8 -4.133 -5.5 2.43 -5.51 -5.5 4.49
4 16 -0.7 -5.5 3.8 -0.7 -5.5 0 -3.65 -5.5 0 -4.133 -5.5 2.43
4 16 -4.133 -5.5 -2.43 -3.65 -5.5 0 -0.7 -5.5 0 -0.7 -5.5 -3.8
4 16 -5.51 -5.5 -4.49 -4.133 -5.5 -2.43 -0.7 -5.5 -3.8 -0.7 -5.5 -9.3
4 16 -7.57 -5.5 -5.867 -5.51 -5.5 -4.49 -0.7 -5.5 -9.3 -6.2 -5.5 -9.3
4 16 -10 -5.5 -6.35 -7.57 -5.5 -5.867 -6.2 -5.5 -9.3 -10 -5.5 -9.3
4 16 -12.43 -5.5 -5.867 -10 -5.5 -6.35 -10 -5.5 -9.3 -13.8 -5.5 -9.3
4 16 -13.8 -5.5 -9.3 -19.3 -5.5 -9.3 -14.49 -5.5 -4.49 -12.43 -5.5 -5.867
4 16 -19.3 -5.5 -9.3 -19.3 -5.5 -3.8 -15.867 -5.5 -2.43 -14.49 -5.5 -4.49
4 16 -16.35 -5.5 0 -15.867 -5.5 -2.43 -19.3 -5.5 -3.8 -19.3 -5.5 0
4 16 -15.867 -5.5 2.43 -16.35 -5.5 0 -19.3 -5.5 0 -19.3 -5.5 3.8
4 16 -14.49 -5.5 4.49 -15.867 -5.5 2.43 -19.3 -5.5 3.8 -19.3 -5.5 9.3
4 16 -12.43 -5.5 5.866 -14.49 -5.5 4.49 -19.3 -5.5 9.3 -13.8 -5.5 9.3
4 16 -10 -5.5 6.35 -12.43 -5.5 5.866 -13.8 -5.5 9.3 -10 -5.5 9.3
4 16 -7.57 -5.5 5.866 -10 -5.5 6.35 -10 -5.5 9.3 -6.2 -5.5 9.3
4 16 -5.51 -5.5 4.49 -7.57 -5.5 5.866 -6.2 -5.5 9.3 -0.7 -5.5 9.3
4 16 -10 -5.5 6.35 -7.57 -5.5 5.866 -7.57 -8 5.867 -10 -8 6.35
4 16 -7.57 -5.5 5.866 -5.51 -5.5 4.49 -5.51 -8 4.49 -7.57 -8 5.867
4 16 -5.51 -5.5 4.49 -4.133 -5.5 2.43 -4.133 -8 2.43 -5.51 -8 4.49
4 16 -4.133 -5.5 2.43 -3.65 -5.5 0 -3.65 -8 0 -4.133 -8 2.43
4 16 -3.65 -5.5 0 -4.133 -5.5 -2.43 -4.133 -8 -2.43 -3.65 -8 0
4 16 -4.133 -5.5 -2.43 -5.51 -5.5 -4.49 -5.51 -8 -4.49 -4.133 -8 -2.43
4 16 -5.51 -5.5 -4.49 -7.57 -5.5 -5.867 -7.57 -8 -5.867 -5.51 -8 -4.49
4 16 -10 -8 -6.35 -7.57 -8 -5.867 -7.57 -5.5 -5.867 -10 -5.5 -6.35
4 16 -12.43 -8 -5.867 -10 -8 -6.35 -10 -5.5 -6.35 -12.43 -5.5 -5.867
4 16 -12.43 -5.5 -5.867 -14.49 -5.5 -4.49 -14.49 -8 -4.49 -12.43 -8 -5.867
4 16 -14.49 -5.5 -4.49 -15.867 -5.5 -2.43 -15.867 -8 -2.43 -14.49 -8 -4.49
4 16 -15.867 -5.5 -2.43 -16.35 -5.5 0 -16.35 -8 0 -15.867 -8 -2.43
4 16 -16.35 -5.5 0 -15.867 -5.5 2.43 -15.867 -8 2.43 -16.35 -8 0
4 16 -15.867 -5.5 2.43 -14.49 -5.5 4.49 -14.49 -8 4.49 -15.867 -8 2.43
4 16 -14.49 -5.5 4.49 -12.43 -5.5 5.866 -12.43 -8 5.867 -14.49 -8 4.49
4 16 -12.43 -5.5 5.866 -10 -5.5 6.35 -10 -8 6.35 -12.43 -8 5.867
4 16 -10 -5.5 -3.75 -8.565 -5.5 -3.465 -8.565 -8 -3.465 -10 -8 -3.75
4 16 -8.565 -5.5 -3.465 -7.348 -5.5 -2.652 -7.348 -8 -2.652 -8.565 -8 -3.465
4 16 -7.348 -5.5 -2.652 -6.535 -5.5 -1.435 -6.535 -8 -1.435 -7.348 -8 -2.652
4 16 -6.535 -5.5 -1.435 -6.25 -5.5 0 -6.25 -8 0 -6.535 -8 -1.435
4 16 -6.25 -5.5 0 -6.535 -5.5 1.435 -6.535 -8 1.435 -6.25 -8 0
4 16 -6.535 -5.5 1.435 -7.348 -5.5 2.652 -7.348 -8 2.652 -6.535 -8 1.435
4 16 -7.348 -5.5 2.652 -8.565 -5.5 3.464 -8.565 -8 3.465 -7.348 -8 2.652
4 16 -10 -8 3.75 -8.565 -8 3.465 -8.565 -5.5 3.464 -10 -5.5 3.75
4 16 -11.435 -8 3.465 -10 -8 3.75 -10 -5.5 3.75 -11.435 -5.5 3.464
4 16 -11.435 -5.5 3.464 -12.652 -5.5 2.652 -12.652 -8 2.652 -11.435 -8 3.465
4 16 -12.652 -5.5 2.652 -13.465 -5.5 1.435 -13.465 -8 1.435 -12.652 -8 2.652
4 16 -13.465 -5.5 1.435 -13.75 -5.5 0 -13.75 -8 0 -13.465 -8 1.435
4 16 -13.75 -5.5 0 -13.465 -5.5 -1.435 -13.465 -8 -1.435 -13.75 -8 0
4 16 -13.465 -5.5 -1.435 -12.652 -5.5 -2.652 -12.652 -8 -2.652 -13.465 -8 -1.435
4 16 -12.652 -5.5 -2.652 -11.435 -5.5 -3.465 -11.435 -8 -3.465 -12.652 -8 -2.652
4 16 -11.435 -5.5 -3.465 -10 -5.5 -3.75 -10 -8 -3.75 -11.435 -8 -3.465
4 16 -12.31 -13 -0.96 -11.77 -13 -1.77 -11.77 -5.5 -1.77 -12.31 -5.5 -0.96
4 16 -11.77 -13 1.77 -12.31 -13 0.96 -12.31 -5.5 0.96 -11.77 -5.5 1.77
4 16 -11.77 -13 -1.77 -10.96 -13 -2.31 -10.96 -5.5 -2.31 -11.77 -5.5 -1.77
4 16 -10.96 -13 2.31 -11.77 -13 1.77 -11.77 -5.5 1.77 -10.96 -5.5 2.31
4 16 -10.96 -13 -2.31 -10 -13 -2.5 -10 -5.5 -2.5 -10.96 -5.5 -2.31
4 16 -10 -13 2.5 -10.96 -13 2.31 -10.96 -5.5 2.31 -10 -5.5 2.5
4 16 -10 -13 -2.5 -9.04 -13 -2.31 -9.04 -5.5 -2.31 -10 -5.5 -2.5
4 16 -9.04 -13 2.31 -10 -13 2.5 -10 -5.5 2.5 -9.04 -5.5 2.31
4 16 -9.04 -13 -2.31 -8.23 -13 -1.77 -8.23 -5.5 -1.77 -9.04 -5.5 -2.31
4 16 -8.23 -13 1.77 -9.04 -13 2.31 -9.04 -5.5 2.31 -8.23 -5.5 1.77
4 16 -8.23 -13 -1.77 -7.69 -13 -0.96 -7.69 -5.5 -0.96 -8.23 -5.5 -1.77
4 16 -7.69 -13 0.96 -8.23 -13 1.77 -8.23 -5.5 1.77 -7.69 -5.5 0.96
4 16 -7.69 -13 -0.96 -7.5 -13 0 -7.5 -5.5 0 -7.69 -5.5 -0.96
4 16 -7.5 -13 0 -7.69 -13 0.96 -7.69 -5.5 0.96 -7.5 -5.5 0
4 16 -12.31 -13 0.96 -12.5 -13 0 -12.5 -5.5 0 -12.31 -5.5 0.96
4 16 -12.5 -13 0 -12.31 -13 -0.96 -12.31 -5.5 -0.96 -12.5 -5.5 0
4 16 -15.3 -13 -5.3 -16.93 -13 -2.87 -16.93 -8 -2.87 -15.3 -8 -5.3
4 16 -16.93 -13 2.87 -15.3 -13 5.3 -15.3 -8 5.3 -16.93 -8 2.87
4 16 -12.87 -13 -6.93 -15.3 -13 -5.3 -15.3 -8 -5.3 -12.87 -8 -6.93
4 16 -15.3 -13 5.3 -12.87 -13 6.93 -12.87 -8 6.93 -15.3 -8 5.3
4 16 -10 -13 -7.5 -12.87 -13 -6.93 -12.87 -8 -6.93 -10 -8 -7.5
4 16 -7.13 -13 -6.93 -10 -13 -7.5 -10 -8 -7.5 -7.13 -8 -6.93
4 16 -4.7 -13 -5.3 -7.13 -13 -6.93 -7.13 -8 -6.93 -4.7 -8 -5.3
4 16 -2.5 -13 0 -3.071 -13 -2.87 -3.071 -8 -2.87 -2.5 -8 0
4 16 -3.071 -13 2.87 -2.5 -13 0 -2.5 -8 0 -3.071 -8 2.87
4 16 -10 -13 7.5 -7.13 -13 6.929 -7.13 -8 6.929 -10 -8 7.5
4 16 -17.5 -13 0 -16.93 -13 2.87 -16.93 -8 2.87 -17.5 -8 0
4 16 -16.93 -13 -2.87 -17.5 -13 0 -17.5 -8 0 -16.93 -8 -2.87
4 16 -4.7 -13 5.3 -3.071 -13 2.87 -3.071 -8 2.87 -4.7 -8 5.3
4 16 -3.071 -13 -2.87 -4.7 -13 -5.3 -4.7 -8 -5.3 -3.071 -8 -2.87
4 16 -7.13 -13 6.929 -4.7 -13 5.3 -4.7 -8 5.3 -7.13 -8 6.929
4 16 -12.87 -13 6.93 -10 -13 7.5 -10 -8 7.5 -12.87 -8 6.93
4 16 -12.652 -8 2.652 -14.49 -8 4.49 -12.43 -8 5.867 -11.435 -8 3.465
4 16 -11.435 -8 3.465 -12.43 -8 5.867 -10 -8 6.35 -10 -8 3.75
4 16 -10 -8 3.75 -10 -8 6.35 -7.57 -8 5.867 -8.565 -8 3.465
4 16 -8.565 -8 3.465 -7.57 -8 5.867 -5.51 -8 4.49 -7.348 -8 2.652
4 16 -7.348 -8 2.652 -5.51 -8 4.49 -4.133 -8 2.43 -6.535 -8 1.435
4 16 -6.535 -8 1.435 -4.133 -8 2.43 -3.65 -8 0 -6.25 -8 0
4 16 -6.25 -8 0 -3.65 -8 0 -4.133 -8 -2.43 -6.535 -8 -1.435
4 16 -6.535 -8 -1.435 -4.133 -8 -2.43 -5.51 -8 -4.49 -7.348 -8 -2.652
4 16 -7.348 -8 -2.652 -5.51 -8 -4.49 -7.57 -8 -5.867 -8.565 -8 -3.465
4 16 -8.565 -8 -3.465 -7.57 -8 -5.867 -10 -8 -6.35 -10 -8 -3.75
4 16 -10 -8 -3.75 -10 -8 -6.35 -12.43 -8 -5.867 -11.435 -8 -3.465
4 16 -11.435 -8 -3.465 -12.43 -8 -5.867 -14.49 -8 -4.49 -12.652 -8 -2.652
4 16 -12.652 -8 -2.652 -14.49 -8 -4.49 -15.867 -8 -2.43 -13.465 -8 -1.435
4 16 -13.465 -8 -1.435 -15.867 -8 -2.43 -16.35 -8 0 -13.75 -8 0
4 16 -13.75 -8 0 -16.35 -8 0 -15.867 -8 2.43 -13.465 -8 1.435
4 16 -13.465 -8 1.435 -15.867 -8 2.43 -14.49 -8 4.49 -12.652 -8 2.652
4 16 -10 -5.5 -2.5 -9.04 -5.5 -2.31 -8.565 -5.5 -3.465 -10 -5.5 -3.75
4 16 -11.435 -5.5 -3.465 -10.96 -5.5 -2.31 -10 -5.5 -2.5 -10 -5.5 -3.75
4 16 -7.69 -5.5 -0.96 -7.5 -5.5 0 -6.25 -5.5 0 -6.535 -5.5 -1.435
4 16 -8.23 -5.5 -1.77 -7.69 -5.5 -0.96 -6.535 -5.5 -1.435 -7.348 -5.5 -2.652
4 16 -9.04 -5.5 -2.31 -8.23 -5.5 -1.77 -7.348 -5.5 -2.652 -8.565 -5.5 -3.465
4 16 -12.652 -5.5 -2.652 -11.77 -5.5 -1.77 -10.96 -5.5 -2.31 -11.435 -5.5 -3.465
4 16 -13.465 -5.5 -1.435 -12.31 -5.5 -0.96 -11.77 -5.5 -1.77 -12.652 -5.5 -2.652
4 16 -13.75 -5.5 0 -12.5 -5.5 0 -12.31 -5.5 -0.96 -13.465 -5.5 -1.435
4 16 -13.75 -5.5 0 -13.465 -5.5 1.435 -12.31 -5.5 0.96 -12.5 -5.5 0
4 16 -13.465 -5.5 1.435 -12.652 -5.5 2.652 -11.77 -5.5 1.77 -12.31 -5.5 0.96
4 16 -12.652 -5.5 2.652 -11.435 -5.5 3.464 -10.96 -5.5 2.31 -11.77 -5.5 1.77
4 16 -11.435 -5.5 3.464 -10 -5.5 3.75 -10 -5.5 2.5 -10.96 -5.5 2.31
4 16 -10 -5.5 2.5 -10 -5.5 3.75 -8.565 -5.5 3.464 -9.04 -5.5 2.31
4 16 -9.04 -5.5 2.31 -8.565 -5.5 3.464 -7.348 -5.5 2.652 -8.23 -5.5 1.77
4 16 -8.23 -5.5 1.77 -7.348 -5.5 2.652 -6.535 -5.5 1.435 -7.69 -5.5 0.96
4 16 -7.69 -5.5 0.96 -6.535 -5.5 1.435 -6.25 -5.5 0 -7.5 -5.5 0
4 16 12.31 -5.5 0.96 13.465 -5.5 1.435 13.75 -5.5 0 12.5 -5.5 0
4 16 11.77 -5.5 1.77 12.652 -5.5 2.652 13.465 -5.5 1.435 12.31 -5.5 0.96
4 16 10.96 -5.5 2.31 11.435 -5.5 3.464 12.652 -5.5 2.652 11.77 -5.5 1.77
4 16 10 -5.5 2.5 10 -5.5 3.75 11.435 -5.5 3.464 10.96 -5.5 2.31
4 16 8.565 -5.5 3.464 10 -5.5 3.75 10 -5.5 2.5 9.04 -5.5 2.31
4 16 7.348 -5.5 2.652 8.565 -5.5 3.464 9.04 -5.5 2.31 8.23 -5.5 1.77
4 16 6.535 -5.5 1.435 7.348 -5.5 2.652 8.23 -5.5 1.77 7.69 -5.5 0.96
4 16 6.25 -5.5 0 6.535 -5.5 1.435 7.69 -5.5 0.96 7.5 -5.5 0
4 16 6.25 -5.5 0 7.5 -5.5 0 7.69 -5.5 -0.96 6.535 -5.5 -1.435
4 16 6.535 -5.5 -1.435 7.69 -5.5 -0.96 8.23 -5.5 -1.77 7.348 -5.5 -2.652
4 16 7.348 -5.5 -2.652 8.23 -5.5 -1.77 9.04 -5.5 -2.31 8.565 -5.5 -3.465
4 16 10.96 -5.5 -2.31 11.77 -5.5 -1.77 12.652 -5.5 -2.652 11.435 -5.5 -3.465
4 16 11.77 -5.5 -1.77 12.31 -5.5 -0.96 13.465 -5.5 -1.435 12.652 -5.5 -2.652
4 16 12.31 -5.5 -0.96 12.5 -5.5 0 13.75 -5.5 0 13.465 -5.5 -1.435
4 16 8.565 -5.5 -3.465 9.04 -5.5 -2.31 10 -5.5 -2.5 10 -5.5 -3.75
4 16 10 -5.5 -2.5 10.96 -5.5 -2.31 11.435 -5.5 -3.465 10 -5.5 -3.75
4 16 6.535 -8 1.435 4.133 -8 2.43 5.51 -8 4.49 7.348 -8 2.652
4 16 6.25 -8 0 3.65 -8 0 4.133 -8 2.43 6.535 -8 1.435
4 16 6.535 -8 -1.435 4.133 -8 -2.43 3.65 -8 0 6.25 -8 0
4 16 7.348 -8 -2.652 5.51 -8 -4.49 4.133 -8 -2.43 6.535 -8 -1.435
4 16 8.565 -8 -3.465 7.57 -8 -5.867 5.51 -8 -4.49 7.348 -8 -2.652
4 16 10 -8 -3.75 10 -8 -6.35 7.57 -8 -5.867 8.565 -8 -3.465
4 16 11.435 -8 -3.465 12.43 -8 -5.867 10 -8 -6.35 10 -8 -3.75
4 16 12.652 -8 -2.652 14.49 -8 -4.49 12.43 -8 -5.867 11.435 -8 -3.465
4 16 13.465 -8 -1.435 15.867 -8 -2.43 14.49 -8 -4.49 12.652 -8 -2.652
4 16 13.75 -8 0 16.35 -8 0 15.867 -8 -2.43 13.465 -8 -1.435
4 16 13.465 -8 1.435 15.867 -8 2.43 16.35 -8 0 13.75 -8 0
4 16 12.652 -8 2.652 14.49 -8 4.49 15.867 -8 2.43 13.465 -8 1.435
4 16 11.435 -8 3.465 12.43 -8 5.867 14.49 -8 4.49 12.652 -8 2.652
4 16 10 -8 3.75 10 -8 6.35 12.43 -8 5.867 11.435 -8 3.465
4 16 8.565 -8 3.465 7.57 -8 5.867 10 -8 6.35 10 -8 3.75
4 16 7.348 -8 2.652 5.51 -8 4.49 7.57 -8 5.867 8.565 -8 3.465
4 16 7.13 -13 6.93 10 -13 7.5 10 -8 7.5 7.13 -8 6.93
4 16 12.87 -13 6.929 15.3 -13 5.3 15.3 -8 5.3 12.87 -8 6.929
4 16 16.929 -13 -2.87 15.3 -13 -5.3 15.3 -8 -5.3 16.929 -8 -2.87
4 16 15.3 -13 5.3 16.929 -13 2.87 16.929 -8 2.87 15.3 -8 5.3
4 16 3.07 -13 -2.87 2.5 -13 0 2.5 -8 0 3.07 -8 -2.87
4 16 2.5 -13 0 3.07 -13 2.87 3.07 -8 2.87 2.5 -8 0
4 16 10 -13 7.5 12.87 -13 6.929 12.87 -8 6.929 10 -8 7.5
4 16 16.929 -13 2.87 17.5 -13 0 17.5 -8 0 16.929 -8 2.87
4 16 17.5 -13 0 16.929 -13 -2.87 16.929 -8 -2.87 17.5 -8 0
4 16 15.3 -13 -5.3 12.87 -13 -6.93 12.87 -8 -6.93 15.3 -8 -5.3
4 16 12.87 -13 -6.93 10 -13 -7.5 10 -8 -7.5 12.87 -8 -6.93
4 16 10 -13 -7.5 7.13 -13 -6.93 7.13 -8 -6.93 10 -8 -7.5
4 16 4.7 -13 5.3 7.13 -13 6.93 7.13 -8 6.93 4.7 -8 5.3
4 16 7.13 -13 -6.93 4.7 -13 -5.3 4.7 -8 -5.3 7.13 -8 -6.93
4 16 3.07 -13 2.87 4.7 -13 5.3 4.7 -8 5.3 3.07 -8 2.87
4 16 4.7 -13 -5.3 3.07 -13 -2.87 3.07 -8 -2.87 4.7 -8 -5.3
4 16 7.5 -13 0 7.69 -13 -0.96 7.69 -5.5 -0.96 7.5 -5.5 0
4 16 7.69 -13 0.96 7.5 -13 0 7.5 -5.5 0 7.69 -5.5 0.96
4 16 12.5 -13 0 12.31 -13 0.96 12.31 -5.5 0.96 12.5 -5.5 0
4 16 12.31 -13 -0.96 12.5 -13 0 12.5 -5.5 0 12.31 -5.5 -0.96
4 16 12.31 -13 0.96 11.77 -13 1.77 11.77 -5.5 1.77 12.31 -5.5 0.96
4 16 11.77 -13 -1.77 12.31 -13 -0.96 12.31 -5.5 -0.96 11.77 -5.5 -1.77
4 16 11.77 -13 1.77 10.96 -13 2.31 10.96 -5.5 2.31 11.77 -5.5 1.77
4 16 10.96 -13 -2.31 11.77 -13 -1.77 11.77 -5.5 -1.77 10.96 -5.5 -2.31
4 16 10.96 -13 2.31 10 -13 2.5 10 -5.5 2.5 10.96 -5.5 2.31
4 16 10 -13 -2.5 10.96 -13 -2.31 10.96 -5.5 -2.31 10 -5.5 -2.5
4 16 10 -13 2.5 9.04 -13 2.31 9.04 -5.5 2.31 10 -5.5 2.5
4 16 9.04 -13 -2.31 10 -13 -2.5 10 -5.5 -2.5 9.04 -5.5 -2.31
4 16 9.04 -13 2.31 8.23 -13 1.77 8.23 -5.5 1.77 9.04 -5.5 2.31
4 16 8.23 -13 -1.77 9.04 -13 -2.31 9.04 -5.5 -2.31 8.23 -5.5 -1.77
4 16 8.23 -13 1.77 7.69 -13 0.96 7.69 -5.5 0.96 8.23 -5.5 1.77
4 16 7.69 -13 -0.96 8.23 -13 -1.77 8.23 -5.5 -1.77 7.69 -5.5 -0.96
4 16 8.565 -5.5 -3.465 10 -5.5 -3.75 10 -8 -3.75 8.565 -8 -3.465
4 16 7.348 -5.5 -2.652 8.565 -5.5 -3.465 8.565 -8 -3.465 7.348 -8 -2.652
4 16 6.535 -5.5 -1.435 7.348 -5.5 -2.652 7.348 -8 -2.652 6.535 -8 -1.435
4 16 6.25 -5.5 0 6.535 -5.5 -1.435 6.535 -8 -1.435 6.25 -8 0
4 16 6.535 -5.5 1.435 6.25 -5.5 0 6.25 -8 0 6.535 -8 1.435
4 16 7.348 -5.5 2.652 6.535 -5.5 1.435 6.535 -8 1.435 7.348 -8 2.652
4 16 8.565 -5.5 3.464 7.348 -5.5 2.652 7.348 -8 2.652 8.565 -8 3.465
4 16 8.565 -8 3.465 10 -8 3.75 10 -5.5 3.75 8.565 -5.5 3.464
4 16 10 -8 3.75 11.435 -8 3.465 11.435 -5.5 3.464 10 -5.5 3.75
4 16 12.652 -5.5 2.652 11.435 -5.5 3.464 11.435 -8 3.465 12.652 -8 2.652
4 16 13.465 -5.5 1.435 12.652 -5.5 2.652 12.652 -8 2.652 13.465 -8 1.435
4 16 13.75 -5.5 0 13.465 -5.5 1.435 13.465 -8 1.435 13.75 -8 0
4 16 13.465 -5.5 -1.435 13.75 -5.5 0 13.75 -8 0 13.465 -8 -1.435
4 16 12.652 -5.5 -2.652 13.465 -5.5 -1.435 13.465 -8 -1.435 12.652 -8 -2.652
4 16 11.435 -5.5 -3.465 12.652 -5.5 -2.652 12.652 -8 -2.652 11.435 -8 -3.465
4 16 10 -5.5 -3.75 11.435 -5.5 -3.465 11.435 -8 -3.465 10 -8 -3.75
4 16 7.57 -5.5 5.866 10 -5.5 6.35 10 -8 6.35 7.57 -8 5.867
4 16 5.51 -5.5 4.49 7.57 -5.5 5.866 7.57 -8 5.867 5.51 -8 4.49
4 16 4.133 -5.5 2.43 5.51 -5.5 4.49 5.51 -8 4.49 4.133 -8 2.43
4 16 3.65 -5.5 0 4.133 -5.5 2.43 4.133 -8 2.43 3.65 -8 0
4 16 4.133 -5.5 -2.43 3.65 -5.5 0 3.65 -8 0 4.133 -8 -2.43
4 16 5.51 -5.5 -4.49 4.133 -5.5 -2.43 4.133 -8 -2.43 5.51 -8 -4.49
4 16 7.57 -5.5 -5.867 5.51 -5.5 -4.49 5.51 -8 -4.49 7.57 -8 -5.867
4 16 7.57 -8 -5.867 10 -8 -6.35 10 -5.5 -6.35 7.57 -5.5 -5.867
4 16 10 -8 -6.35 12.43 -8 -5.867 12.43 -5.5 -5.867 10 -5.5 -6.35
4 16 14.49 -5.5 -4.49 12.43 -5.5 -5.867 12.43 -8 -5.867 14.49 -8 -4.49
4 16 15.867 -5.5 -2.43 14.49 -5.5 -4.49 14.49 -8 -4.49 15.867 -8 -2.43
4 16 16.35 -5.5 0 15.867 -5.5 -2.43 15.867 -8 -2.43 16.35 -8 0
4 16 15.867 -5.5 2.43 16.35 -5.5 0 16.35 -8 0 15.867 -8 2.43
4 16 14.49 -5.5 4.49 15.867 -5.5 2.43 15.867 -8 2.43 14.49 -8 4.49
4 16 12.43 -5.5 5.866 14.49 -5.5 4.49 14.49 -8 4.49 12.43 -8 5.867
4 16 10 -5.5 6.35 12.43 -5.5 5.866 12.43 -8 5.867 10 -8 6.35
4 16 14.49 -5.5 4.49 12.43 -5.5 5.866 13.8 -5.5 9.3 19.3 -5.5 9.3
4 16 12.43 -5.5 5.866 10 -5.5 6.35 10 -5.5 9.3 13.8 -5.5 9.3
4 16 10 -5.5 6.35 7.57 -5.5 5.866 6.2 -5.5 9.3 10 -5.5 9.3
4 16 7.57 -5.5 5.866 5.51 -5.5 4.49 0.7 -5.5 9.3 6.2 -5.5 9.3
4 16 5.51 -5.5 4.49 4.133 -5.5 2.43 0.7 -5.5 3.8 0.7 -5.5 9.3
4 16 4.133 -5.5 2.43 3.65 -5.5 0 0.7 -5.5 0 0.7 -5.5 3.8
4 16 3.65 -5.5 0 4.133 -5.5 -2.43 0.7 -5.5 -3.8 0.7 -5.5 0
4 16 0.7 -5.5 -9.3 0.7 -5.5 -3.8 4.133 -5.5 -2.43 5.51 -5.5 -4.49
4 16 6.2 -5.5 -9.3 0.7 -5.5 -9.3 5.51 -5.5 -4.49 7.57 -5.5 -5.867
4 16 7.57 -5.5 -5.867 10 -5.5 -6.35 10 -5.5 -9.3 6.2 -5.5 -9.3
4 16 10 -5.5 -6.35 12.43 -5.5 -5.867 13.8 -5.5 -9.3 10 -5.5 -9.3
4 16 12.43 -5.5 -5.867 14.49 -5.5 -4.49 19.3 -5.5 -9.3 13.8 -5.5 -9.3
4 16 14.49 -5.5 -4.49 15.867 -5.5 -2.43 19.3 -5.5 -3.8 19.3 -5.5 -9.3
4 16 15.867 -5.5 -2.43 16.35 -5.5 0 19.3 -5.5 0 19.3 -5.5 -3.8
4 16 19.3 -5.5 3.8 19.3 -5.5 0 16.35 -5.5 0 15.867 -5.5 2.43
4 16 19.3 -5.5 9.3 19.3 -5.5 3.8 15.867 -5.5 2.43 14.49 -5.5 4.49
4 16 15.3 -13 5.3 12.87 -13 6.929 10.96 -13 2.31 11.77 -13 1.77
4 16 12.87 -13 6.929 10 -13 7.5 10 -13 2.5 10.96 -13 2.31
4 16 10 -13 7.5 7.13 -13 6.93 9.04 -13 2.31 10 -13 2.5
4 16 7.13 -13 6.93 4.7 -13 5.3 8.23 -13 1.77 9.04 -13 2.31
4 16 4.7 -13 5.3 3.07 -13 2.87 7.69 -13 0.96 8.23 -13 1.77
4 16 3.07 -13 2.87 2.5 -13 0 7.5 -13 0 7.69 -13 0.96
4 16 2.5 -13 0 3.07 -13 -2.87 7.69 -13 -0.96 7.5 -13 0
4 16 3.07 -13 -2.87 4.7 -13 -5.3 8.23 -13 -1.77 7.69 -13 -0.96
4 16 4.7 -13 -5.3 7.13 -13 -6.93 9.04 -13 -2.31 8.23 -13 -1.77
4 16 7.13 -13 -6.93 10 -13 -7.5 10 -13 -2.5 9.04 -13 -2.31
4 16 10 -13 -7.5 12.87 -13 -6.93 10.96 -13 -2.31 10 -13 -2.5
4 16 12.87 -13 -6.93 15.3 -13 -5.3 11.77 -13 -1.77 10.96 -13 -2.31
4 16 15.3 -13 -5.3 16.929 -13 -2.87 12.31 -13 -0.96 11.77 -13 -1.77
4 16 16.929 -13 -2.87 17.5 -13 0 12.5 -13 0 12.31 -13 -0.96
4 16 17.5 -13 0 16.929 -13 2.87 12.31 -13 0.96 12.5 -13 0
4 16 16.929 -13 2.87 15.3 -13 5.3 11.77 -13 1.77 12.31 -13 0.96
4 16 -120 -8 10 120 -8 10 120 0 10 -120 0 10
4 16 -120 -8 -10 -120 -8 10 -120 0 10 -120 0 -10
4 16 -120 0 -10 120 0 -10 120 -8 -10 -120 -8 -10
4 16 120 -8 10 120 -8 -10 120 0 -10 120 0 10
4 16 120 -8 -10 120 -8 10 12.5924 -8 2.60049 12.5924 -8 -2.60049
4 16 -120 -8 10 -120 -8 -10 -12.5924 -8 -2.60049 -12.5924 -8 2.60049
4 16 -7.40411 -8 2.60049 7.4041 -8 2.60049 120 -8 10 -120 -8 10
3 16 -12.5924 -8 2.60049 -7.40411 -8 2.60049 -120 -8 10
3 16 7.4041 -8 2.60049 12.5924 -8 2.60049 120 -8 10
4 16 7.4041 -8 -2.60049 -7.40411 -8 -2.60049 -120 -8 -10 120 -8 -10
3 16 12.5924 -8 -2.60049 7.4041 -8 -2.60049 120 -8 -10
3 16 -7.40411 -8 -2.60049 -12.5924 -8 -2.60049 -120 -8 -10
4 16 -7.40411 -8 -2.60049 7.4041 -8 -2.60049 7.4041 -8 2.60049 -7.40411 -8 2.60049
2 24 12.87 -13 -6.93 15.3 -13 -5.3
2 24 7.57 -8 -5.867 10 -8 -6.35
2 24 -16.35 -8 0 -15.867 -8 2.43
2 24 15.3 -8 5.3 16.929 -8 2.87
2 24 4.7 -8 -5.3 7.13 -8 -6.93
2 24 3.07 -13 -2.87 4.7 -13 -5.3
5 24 10 -13 2.5 10 -5.5 2.5 10.96 -13 2.31 9.04 -13 2.31
2 24 7.5 -5.5 0 7.69 -5.5 -0.96
2 24 6.535 -5.5 -1.435 7.348 -5.5 -2.652
2 24 -19.3 -5.5 9.3 -13.8 -5.5 9.3
2 24 6.535 -8 1.435 7.348 -8 2.652
2 24 5.51 -8 4.49 7.57 -8 5.867
5 24 16.929 -13 2.87 16.929 -8 2.87 15.3 -13 5.3 17.5 -13 0
5 24 12.652 -8 2.652 12.652 -5.5 2.652 11.435 -8 3.465 13.465 -8 1.435
2 24 -7.40411 -8 -2.60049 -7.40411 -8 2.60049
2 24 -10 -5.5 -2.5 -9.04 -5.5 -2.31
5 24 -7.13 -13 6.929 -7.13 -8 6.929 -10 -13 7.5 -4.7 -13 5.3
5 24 8.23 -13 1.77 8.23 -5.5 1.77 9.04 -13 2.31 7.69 -13 0.96
2 24 5.51 -5.5 4.49 7.57 -5.5 5.866
2 24 13.8 -5.5 -9.3 19.3 -5.5 -9.3
5 24 -15.3 -13 -5.3 -15.3 -8 -5.3 -16.93 -13 -2.87 -12.87 -13 -6.93
2 24 -8.23 -5.5 1.77 -7.69 -5.5 0.96
2 24 -117.5 0 7.5 117.5 0 7.5
2 24 2.5 -13 0 3.07 -13 2.87
5 24 14.49 -8 -4.49 14.49 -5.5 -4.49 12.43 -8 -5.867 15.867 -8 -2.43
2 24 -4.7 -13 5.3 -3.071 -13 2.87
2 24 -13.75 -8 0 -13.465 -8 1.435
2 24 7.57 -5.5 5.866 10 -5.5 6.35
2 24 12.87 -13 6.929 15.3 -13 5.3
2 24 -12.5 -5.5 0 -12.31 -5.5 -0.96
2 24 -16.35 -5.5 0 -15.867 -5.5 2.43
5 24 10 -8 3.75 10 -5.5 3.75 8.565 -8 3.465 11.435 -8 3.465
2 24 7.13 -8 6.93 10 -8 7.5
2 24 12.31 -13 0.96 12.5 -13 0
5 24 -12.43 -8 5.867 -12.43 -5.5 5.866 -14.49 -8 4.49 -10 -8 6.35
5 24 10 -13 -2.5 10 -5.5 -2.5 10.96 -13 -2.31 9.04 -13 -2.31
2 24 -7.69 -13 0.96 -7.5 -13 0
2 24 7.348 -5.5 2.652 8.565 -5.5 3.464
2 24 3.65 -8 0 4.133 -8 2.43
2 24 9.04 -13 2.31 10 -13 2.5
5 24 -10 -13 2.5 -10 -5.5 2.5 -10.96 -13 2.31 -9.04 -13 2.31
5 24 7.69 -13 0.96 7.69 -5.5 0.96 7.5 -13 0 8.23 -13 1.77
2 24 15.867 -8 -2.43 16.35 -8 0
5 24 -3.071 -13 -2.87 -3.071 -8 -2.87 -2.5 -13 0 -4.7 -13 -5.3
5 24 12.87 -13 6.929 12.87 -8 6.929 15.3 -13 5.3 10 -13 7.5
5 24 11.77 -13 1.77 11.77 -5.5 1.77 12.31 -13 0.96 10.96 -13 2.31
2 24 16.929 -13 2.87 17.5 -13 0
2 24 -12.31 -13 0.96 -11.77 -13 1.77
2 24 -7.69 -5.5 0.96 -7.5 -5.5 0
2 24 -13.465 -5.5 -1.435 -12.652 -5.5 -2.652
2 24 10 -5.5 -3.75 11.435 -5.5 -3.465
2 24 -11.435 -5.5 3.464 -10 -5.5 3.75
2 24 7.13 -13 6.93 10 -13 7.5
2 24 11.435 -5.5 -3.465 12.652 -5.5 -2.652
5 24 -10 -8 6.35 -10 -5.5 6.35 -7.57 -8 5.867 -12.43 -8 5.867
5 24 -10 -13 -2.5 -10 -5.5 -2.5 -10.96 -13 -2.31 -9.04 -13 -2.31
2 24 -12.87 -13 6.93 -10 -13 7.5
5 24 16.929 -13 -2.87 16.929 -8 -2.87 15.3 -13 -5.3 17.5 -13 0
2 24 8.565 -5.5 -3.465 10 -5.5 -3.75
5 24 -16.35 -8 0 -16.35 -5.5 0 -15.867 -8 -2.43 -15.867 -8 2.43
5 24 -15.867 -8 -2.43 -15.867 -5.5 -2.43 -14.49 -8 -4.49 -16.35 -8 0
2 24 7.348 -5.5 -2.652 8.565 -5.5 -3.465
2 24 8.565 -8 -3.465 10 -8 -3.75
5 24 -14.49 -8 -4.49 -14.49 -5.5 -4.49 -12.43 -8 -5.867 -15.867 -8 -2.43
2 24 -7.348 -5.5 -2.652 -6.535 -5.5 -1.435
2 24 7.13 -13 -6.93 10 -13 -7.5
2 24 -120 0 -10 -120 0 10
2 24 11.77 -5.5 -1.77 12.31 -5.5 -0.96
2 24 10 -13 2.5 10.96 -13 2.31
2 24 -11.435 -8 -3.465 -10 -8 -3.75
2 24 10 -5.5 3.75 11.435 -5.5 3.464
2 24 -12.43 -5.5 -5.867 -10 -5.5 -6.35
2 24 -4.133 -5.5 -2.43 -3.65 -5.5 0
2 24 0.7 -5.5 9.3 6.2 -5.5 9.3
5 24 16.35 -8 0 16.35 -5.5 0 15.867 -8 -2.43 15.867 -8 2.43
2 24 -13.8 -5.5 9.3 -10 -5.5 9.3
2 24 -12.43 -8 -5.867 -10 -8 -6.35
5 24 -9.04 -13 2.31 -9.04 -5.5 2.31 -10 -13 2.5 -8.23 -13 1.77
2 24 4.7 -13 5.3 7.13 -13 6.93
2 24 -10 -5.5 9.3 -6.2 -5.5 9.3
2 24 -13.465 -8 1.435 -12.652 -8 2.652
5 24 11.435 -8 3.465 11.435 -5.5 3.464 10 -8 3.75 12.652 -8 2.652
2 24 12.652 -5.5 -2.652 13.465 -5.5 -1.435
5 24 -11.435 -8 -3.465 -11.435 -5.5 -3.465 -12.652 -8 -2.652 -10 -8 -3.75
2 24 -12.5924 -8 -2.60049 -12.5924 -8 2.60049
5 24 -13.465 -8 -1.435 -13.465 -5.5 -1.435 -13.75 -8 0 -12.652 -8 -2.652
2 24 -11.77 -13 1.77 -10.96 -13 2.31
5 24 13.465 -8 1.435 13.465 -5.5 1.435 12.652 -8 2.652 13.75 -8 0
2 24 -6.535 -8 1.435 -6.25 -8 0
2 24 -9.04 -13 2.31 -8.23 -13 1.77
2 24 -15.867 -8 2.43 -14.49 -8 4.49
2 24 19.3 -5.5 0 19.3 -5.5 3.8
2 24 -5.51 -8 4.49 -4.133 -8 2.43
2 24 -12.652 -5.5 -2.652 -11.435 -5.5 -3.465
2 24 120 -8 -10 120 0 -10
2 24 -12.87 -8 6.93 -10 -8 7.5
2 24 16.929 -8 -2.87 17.5 -8 0
2 24 -10 -8 3.75 -8.565 -8 3.465
2 24 10 -5.5 9.3 13.8 -5.5 9.3
5 24 -13.465 -8 1.435 -13.465 -5.5 1.435 -12.652 -8 2.652 -13.75 -8 0
2 24 -8.23 -13 1.77 -7.69 -13 0.96
2 24 6.25 -5.5 0 6.535 -5.5 1.435
5 24 -7.69 -13 -0.96 -7.69 -5.5 -0.96 -8.23 -13 -1.77 -7.5 -13 0
2 24 -12.87 -13 -6.93 -10 -13 -7.5
2 24 -12.5924 -8 -2.60049 -7.40411 -8 -2.60049
2 24 9.04 -5.5 -2.31 10 -5.5 -2.5
2 24 8.23 -13 1.77 9.04 -13 2.31
2 24 -7.57 -5.5 -5.867 -5.51 -5.5 -4.49
2 24 -11.77 -5.5 -1.77 -10.96 -5.5 -2.31
2 24 6.535 -5.5 1.435 7.348 -5.5 2.652
2 24 8.565 -8 3.465 10 -8 3.75
2 24 7.4041 -8 -2.60049 12.5924 -8 -2.60049
2 24 -6.2 -5.5 -9.3 -0.7 -5.5 -9.3
5 24 3.07 -13 2.87 3.07 -8 2.87 2.5 -13 0 4.7 -13 5.3
2 24 10 -13 7.5 12.87 -13 6.929
2 24 15.867 -5.5 -2.43 16.35 -5.5 0
5 24 5.51 -8 -4.49 5.51 -5.5 -4.49 4.133 -8 -2.43 7.57 -8 -5.867
2 24 -11.435 -5.5 -3.465 -10 -5.5 -3.75
2 24 2.5 -8 0 3.07 -8 2.87
2 24 14.49 -8 4.49 15.867 -8 2.43
2 24 117.5 0 -7.5 117.5 0 7.5
2 24 11.435 -5.5 3.464 12.652 -5.5 2.652
2 24 7.348 -8 -2.652 8.565 -8 -3.465
2 24 0.7 -5.5 -3.8 0.7 -5.5 0
5 24 -12.31 -13 0.96 -12.31 -5.5 0.96 -11.77 -13 1.77 -12.5 -13 0
2 24 -10 -5.5 2.5 -9.04 -5.5 2.31
2 24 -12.5924 -8 2.60049 -7.40411 -8 2.60049
2 24 3.07 -8 2.87 4.7 -8 5.3
2 24 4.7 -8 5.3 7.13 -8 6.93
2 24 -19.3 -5.5 -3.8 -19.3 -5.5 0
5 24 10.96 -13 2.31 10.96 -5.5 2.31 11.77 -13 1.77 10 -13 2.5
2 24 -120 -8 10 -120 0 10
2 24 -7.69 -5.5 -0.96 -7.5 -5.5 0
2 24 4.133 -8 2.43 5.51 -8 4.49
2 24 7.5 -13 0 7.69 -13 0.96
2 24 -5.51 -5.5 4.49 -4.133 -5.5 2.43
2 24 15.867 -8 2.43 16.35 -8 0
2 24 -117.5 0 -7.5 117.5 0 -7.5
2 24 9.04 -13 -2.31 10 -13 -2.5
2 24 7.69 -13 0.96 8.23 -13 1.77
2 24 120 -8 10 120 0 10
5 24 -7.5 -13 0 -7.5 -5.5 0 -7.69 -13 -0.96 -7.69 -13 0.96
5 24 -15.3 -13 5.3 -15.3 -8 5.3 -16.93 -13 2.87 -12.87 -13 6.93
5 24 7.57 -8 -5.867 7.57 -5.5 -5.867 5.51 -8 -4.49 10 -8 -6.35
5 24 10 -13 -7.5 10 -8 -7.5 12.87 -13 -6.93 7.13 -13 -6.93
2 24 -7.13 -8 6.929 -4.7 -8 5.3
2 24 -11.77 -5.5 1.77 -10.96 -5.5 2.31
2 24 15.3 -13 -5.3 16.929 -13 -2.87
2 24 11.435 -8 -3.465 12.652 -8 -2.652
2 24 -3.071 -8 -2.87 -2.5 -8 0
2 24 10 -5.5 2.5 10.96 -5.5 2.31
5 24 12.43 -8 5.867 12.43 -5.5 5.866 14.49 -8 4.49 10 -8 6.35
5 24 -15.867 -8 2.43 -15.867 -5.5 2.43 -16.35 -8 0 -14.49 -8 4.49
2 24 -12.5 -13 0 -12.31 -13 -0.96
2 24 -10.96 -5.5 -2.31 -10 -5.5 -2.5
5 24 10 -8 -3.75 10 -5.5 -3.75 8.565 -8 -3.465 11.435 -8 -3.465
2 24 8.565 -5.5 3.464 10 -5.5 3.75
2 24 -12.5 -5.5 0 -12.31 -5.5 0.96
2 24 -0.7 -5.5 0 -0.7 -5.5 3.8
2 24 -10 -5.5 6.35 -7.57 -5.5 5.866
5 24 7.13 -13 6.93 7.13 -8 6.93 10 -13 7.5 4.7 -13 5.3
5 24 6.535 -8 -1.435 6.535 -5.5 -1.435 7.348 -8 -2.652 6.25 -8 0
2 24 -6.535 -8 -1.435 -6.25 -8 0
2 24 -117.5 0 -7.5 -117.5 0 7.5
2 24 -19.3 -5.5 3.8 -19.3 -5.5 9.3
2 24 11.435 -8 3.465 12.652 -8 2.652
2 24 12.31 -5.5 0.96 12.5 -5.5 0
2 24 4.133 -5.5 -2.43 5.51 -5.5 -4.49
2 24 -7.57 -8 -5.867 -5.51 -8 -4.49
2 24 -16.93 -13 -2.87 -15.3 -13 -5.3
2 24 -10 -5.5 -9.3 -6.2 -5.5 -9.3
2 24 19.3 -5.5 3.8 19.3 -5.5 9.3
2 24 -10 -5.5 -3.75 -8.565 -5.5 -3.465
2 24 10 -13 -2.5 10.96 -13 -2.31
2 24 -12.31 -5.5 -0.96 -11.77 -5.5 -1.77
5 24 11.435 -8 -3.465 11.435 -5.5 -3.465 12.652 -8 -2.652 10 -8 -3.75
2 24 -13.465 -5.5 1.435 -12.652 -5.5 2.652
2 24 -7.13 -8 -6.93 -4.7 -8 -5.3
2 24 -13.8 -5.5 -9.3 -10 -5.5 -9.3
2 24 11.77 -5.5 1.77 12.31 -5.5 0.96
5 24 -4.133 -8 2.43 -4.133 -5.5 2.43 -5.51 -8 4.49 -3.65 -8 0
5 24 10.96 -13 -2.31 10.96 -5.5 -2.31 11.77 -13 -1.77 10 -13 -2.5
2 24 -120 0 -10 120 0 -10
5 24 10 -8 -6.35 10 -5.5 -6.35 7.57 -8 -5.867 12.43 -8 -5.867
2 24 10 -8 6.35 12.43 -8 5.867
2 24 -13.75 -5.5 0 -13.465 -5.5 -1.435
2 24 13.8 -5.5 9.3 19.3 -5.5 9.3
5 24 -8.565 -8 3.465 -8.565 -5.5 3.464 -7.348 -8 2.652 -10 -8 3.75
2 24 -10 -13 7.5 -7.13 -13 6.929
2 24 11.77 -13 -1.77 12.31 -13 -0.96
2 24 10 -8 7.5 12.87 -8 6.929
2 24 10.96 -5.5 -2.31 11.77 -5.5 -1.77
5 24 4.7 -13 -5.3 4.7 -8 -5.3 7.13 -13 -6.93 3.07 -13 -2.87
2 24 -7.348 -5.5 2.652 -6.535 -5.5 1.435
2 24 -17.5 -8 0 -16.93 -8 -2.87
2 24 -12.5 -13 0 -12.31 -13 0.96
2 24 120 0 -10 120 0 10
5 24 -16.93 -13 -2.87 -16.93 -8 -2.87 -15.3 -13 -5.3 -17.5 -13 0
2 24 -10 -8 -7.5 -7.13 -8 -6.93
2 24 -15.867 -5.5 -2.43 -14.49 -5.5 -4.49
2 24 -16.35 -5.5 0 -15.867 -5.5 -2.43
2 24 7.348 -8 2.652 8.565 -8 3.465
5 24 11.77 -13 -1.77 11.77 -5.5 -1.77 12.31 -13 -0.96 10.96 -13 -2.31
5 24 12.31 -13 0.96 12.31 -5.5 0.96 12.5 -13 0 11.77 -13 1.77
5 24 -10 -13 -7.5 -10 -8 -7.5 -12.87 -13 -6.93 -7.13 -13 -6.93
2 24 -3.071 -8 2.87 -2.5 -8 0
2 24 12.43 -8 -5.867 14.49 -8 -4.49
2 24 10.96 -13 -2.31 11.77 -13 -1.77
2 24 14.49 -5.5 4.49 15.867 -5.5 2.43
2 24 -12.87 -8 -6.93 -10 -8 -7.5
5 24 -10.96 -5.5 2.31 -10.96 -13 2.31 -11.77 -5.5 1.77 -10 -5.5 2.5
2 24 6.25 -8 0 6.535 -8 -1.435
2 24 -6.535 -5.5 1.435 -6.25 -5.5 0
2 24 -10 -8 6.35 -7.57 -8 5.867
5 24 -12.652 -8 -2.652 -12.652 -5.5 -2.652 -13.465 -8 -1.435 -11.435 -8 -3.465
2 24 7.5 -5.5 0 7.69 -5.5 0.96
2 24 -15.3 -13 -5.3 -12.87 -13 -6.93
2 24 12.652 -8 -2.652 13.465 -8 -1.435
2 24 -16.93 -8 2.87 -15.3 -8 5.3
2 24 -0.7 -5.5 -9.3 -0.7 -5.5 -3.8
2 24 -12.43 -5.5 5.866 -10 -5.5 6.35
2 24 -15.3 -8 -5.3 -12.87 -8 -6.93
5 24 -10 -13 7.5 -10 -8 7.5 -7.13 -13 6.929 -12.87 -13 6.93
2 24 -15.867 -5.5 2.43 -14.49 -5.5 4.49
2 24 2.5 -8 0 3.07 -8 -2.87
2 24 -12.652 -5.5 2.652 -11.435 -5.5 3.464
2 24 -7.57 -8 5.867 -5.51 -8 4.49
2 24 -9.04 -13 -2.31 -8.23 -13 -1.77
2 24 3.65 -5.5 0 4.133 -5.5 -2.43
2 24 12.652 -5.5 2.652 13.465 -5.5 1.435
2 24 -0.7 -5.5 3.8 -0.7 -5.5 9.3
2 24 -5.51 -8 -4.49 -4.133 -8 -2.43
2 24 6.2 -5.5 -9.3 10 -5.5 -9.3
2 24 12.652 -8 2.652 13.465 -8 1.435
5 24 -7.13 -13 -6.93 -7.13 -8 -6.93 -10 -13 -7.5 -4.7 -13 -5.3
5 24 12.31 -13 -0.96 12.31 -5.5 -0.96 12.5 -13 0 11.77 -13 -1.77
2 24 10.96 -13 2.31 11.77 -13 1.77
2 24 -4.7 -13 -5.3 -3.071 -13 -2.87
2 24 -120 -8 -10 120 -8 -10
5 24 -14.49 -8 4.49 -14.49 -5.5 4.49 -15.867 -8 2.43 -12.43 -8 5.867
2 24 10 -8 3.75 11.435 -8 3.465
5 24 -4.133 -8 -2.43 -4.133 -5.5 -2.43 -3.65 -8 0 -5.51 -8 -4.49
2 24 8.23 -13 -1.77 9.04 -13 -2.31
2 24 -4.133 -8 -2.43 -3.65 -8 0
5 24 7.57 -8 5.867 7.57 -5.5 5.866 10 -8 6.35 5.51 -8 4.49
2 24 3.65 -5.5 0 4.133 -5.5 2.43
5 24 17.5 -13 0 17.5 -8 0 16.929 -13 2.87 16.929 -13 -2.87
2 24 4.7 -13 -5.3 7.13 -13 -6.93
2 24 -0.7 -5.5 -3.8 -0.7 -5.5 0
2 24 -7.57 -5.5 5.866 -5.51 -5.5 4.49
2 24 -16.35 -8 0 -15.867 -8 -2.43
2 24 -12.652 -8 -2.652 -11.435 -8 -3.465
5 24 6.25 -8 0 6.25 -5.5 0 6.535 -8 -1.435 6.535 -8 1.435
5 24 -2.5 -13 0 -2.5 -8 0 -3.071 -13 -2.87 -3.071 -13 2.87
5 24 -11.435 -8 3.465 -11.435 -5.5 3.464 -10 -8 3.75 -12.652 -8 2.652
2 24 10 -13 -7.5 12.87 -13 -6.93
2 24 -6.2 -5.5 9.3 -0.7 -5.5 9.3
2 24 13.465 -5.5 -1.435 13.75 -5.5 0
2 24 2.5 -13 0 3.07 -13 -2.87
2 24 0.7 -5.5 -9.3 6.2 -5.5 -9.3
2 24 -10 -13 -7.5 -7.13 -13 -6.93
2 24 -10 -5.5 3.75 -8.565 -5.5 3.464
2 24 -17.5 -13 0 -16.93 -13 2.87
2 24 0.7 -5.5 3.8 0.7 -5.5 9.3
5 24 15.867 -8 2.43 15.867 -5.5 2.43 16.35 -8 0 14.49 -8 4.49
5 24 7.69 -13 -0.96 7.69 -5.5 -0.96 7.5 -13 0 8.23 -13 -1.77
2 24 -12.31 -13 -0.96 -11.77 -13 -1.77
2 24 -7.69 -13 -0.96 -7.5 -13 0
2 24 -19.3 -5.5 0 -19.3 -5.5 3.8
2 24 10 -8 -7.5 12.87 -8 -6.93
5 24 -10 -8 -6.35 -10 -5.5 -6.35 -7.57 -8 -5.867 -12.43 -8 -5.867
5 24 -4.7 -13 5.3 -4.7 -8 5.3 -3.071 -13 2.87 -7.13 -13 6.929
5 24 -10 -8 -3.75 -10 -5.5 -3.75 -8.565 -8 -3.465 -11.435 -8 -3.465
5 24 6.535 -8 1.435 6.535 -5.5 1.435 6.25 -8 0 7.348 -8 2.652
2 24 -3.071 -13 2.87 -2.5 -13 0
2 24 -8.565 -5.5 3.464 -7.348 -5.5 2.652
5 24 12.43 -8 -5.867 12.43 -5.5 -5.867 10 -8 -6.35 14.49 -8 -4.49
2 24 -4.133 -5.5 2.43 -3.65 -5.5 0
2 24 -4.7 -8 5.3 -3.071 -8 2.87
5 24 -8.23 -13 -1.77 -8.23 -5.5 -1.77 -9.04 -13 -2.31 -7.69 -13 -0.96
5 24 -3.65 -8 0 -3.65 -5.5 0 -4.133 -8 2.43 -4.133 -8 -2.43
2 24 -17.5 -13 0 -16.93 -13 -2.87
2 24 10 -5.5 -6.35 12.43 -5.5 -5.867
5 24 7.348 -8 2.652 7.348 -5.5 2.652 6.535 -8 1.435 8.565 -8 3.465
5 24 8.565 -8 -3.465 8.565 -5.5 -3.465 10 -8 -3.75 7.348 -8 -2.652
2 24 -10 -8 7.5 -7.13 -8 6.929
2 24 10 -5.5 -2.5 10.96 -5.5 -2.31
5 24 9.04 -13 2.31 9.04 -5.5 2.31 10 -13 2.5 8.23 -13 1.77
2 24 4.133 -8 -2.43 5.51 -8 -4.49
2 24 12.5924 -8 -2.60049 12.5924 -8 2.60049
2 24 -11.77 -13 -1.77 -10.96 -13 -2.31
2 24 6.25 -5.5 0 6.535 -5.5 -1.435
5 24 -7.57 -8 5.867 -7.57 -5.5 5.866 -10 -8 6.35 -5.51 -8 4.49
5 24 -9.04 -13 -2.31 -9.04 -5.5 -2.31 -10 -13 -2.5 -8.23 -13 -1.77
2 24 15.3 -13 5.3 16.929 -13 2.87
2 24 -19.3 -5.5 -9.3 -13.8 -5.5 -9.3
2 24 -120 0 10 120 0 10
5 24 -17.5 -13 0 -17.5 -8 0 -16.93 -13 2.87 -16.93 -13 -2.87
2 24 10 -8 -6.35 12.43 -8 -5.867
2 24 11.77 -13 1.77 12.31 -13 0.96
2 24 -6.535 -5.5 -1.435 -6.25 -5.5 0
5 24 4.133 -8 2.43 4.133 -5.5 2.43 5.51 -8 4.49 3.65 -8 0
2 24 12.43 -5.5 5.866 14.49 -5.5 4.49
2 24 19.3 -5.5 -3.8 19.3 -5.5 0
5 24 7.13 -13 -6.93 7.13 -8 -6.93 10 -13 -7.5 4.7 -13 -5.3
2 24 -7.348 -8 -2.652 -6.535 -8 -1.435
5 24 15.3 -13 5.3 15.3 -8 5.3 12.87 -13 6.929 16.929 -13 2.87
5 24 -11.77 -13 -1.77 -11.77 -5.5 -1.77 -12.31 -13 -0.96 -10.96 -13 -2.31
2 24 -10 -13 2.5 -9.04 -13 2.31
5 24 10 -8 6.35 10 -5.5 6.35 7.57 -8 5.867 12.43 -8 5.867
5 24 15.867 -8 -2.43 15.867 -5.5 -2.43 14.49 -8 -4.49 16.35 -8 0
2 24 12.43 -5.5 -5.867 14.49 -5.5 -4.49
5 24 -6.535 -8 -1.435 -6.535 -5.5 -1.435 -7.348 -8 -2.652 -6.25 -8 0
2 24 6.535 -8 -1.435 7.348 -8 -2.652
2 24 -14.49 -5.5 4.49 -12.43 -5.5 5.866
5 24 2.5 -13 0 2.5 -8 0 3.07 -13 -2.87 3.07 -13 2.87
2 24 6.2 -5.5 9.3 10 -5.5 9.3
2 24 -11.435 -8 3.465 -10 -8 3.75
2 24 -7.348 -8 2.652 -6.535 -8 1.435
5 24 -8.23 -13 1.77 -8.23 -5.5 1.77 -9.04 -13 2.31 -7.69 -13 0.96
5 24 -6.25 -8 0 -6.25 -5.5 0 -6.535 -8 -1.435 -6.535 -8 1.435
2 24 6.25 -8 0 6.535 -8 1.435
2 24 16.929 -8 2.87 17.5 -8 0
5 24 -12.31 -13 -0.96 -12.31 -5.5 -0.96 -11.77 -13 -1.77 -12.5 -13 0
2 24 -10.96 -13 -2.31 -10 -13 -2.5
2 24 0.7 -5.5 -9.3 0.7 -5.5 -3.8
2 24 -120 -8 10 120 -8 10
5 24 -10 -8 3.75 -10 -5.5 3.75 -8.565 -8 3.465 -11.435 -8 3.465
2 24 -15.867 -8 -2.43 -14.49 -8 -4.49
2 24 7.69 -13 -0.96 8.23 -13 -1.77
2 24 7.69 -5.5 -0.96 8.23 -5.5 -1.77
2 24 8.23 -5.5 1.77 9.04 -5.5 2.31
5 24 -12.87 -13 6.93 -12.87 -8 6.93 -15.3 -13 5.3 -10 -13 7.5
2 24 7.57 -8 5.867 10 -8 6.35
5 24 8.565 -8 3.465 8.565 -5.5 3.464 7.348 -8 2.652 10 -8 3.75
5 24 12.5 -13 0 12.5 -5.5 0 12.31 -13 0.96 12.31 -13 -0.96
2 24 -8.565 -8 -3.465 -7.348 -8 -2.652
5 24 8.23 -13 -1.77 8.23 -5.5 -1.77 9.04 -13 -2.31 7.69 -13 -0.96
2 24 16.929 -13 -2.87 17.5 -13 0
5 24 13.75 -8 0 13.75 -5.5 0 13.465 -8 1.435 13.465 -8 -1.435
2 24 15.3 -8 -5.3 16.929 -8 -2.87
5 24 12.87 -13 -6.93 12.87 -8 -6.93 15.3 -13 -5.3 10 -13 -7.5
2 24 7.4041 -8 -2.60049 7.4041 -8 2.60049
2 24 -16.93 -13 2.87 -15.3 -13 5.3
5 24 4.133 -8 -2.43 4.133 -5.5 -2.43 3.65 -8 0 5.51 -8 -4.49
5 24 5.51 -8 4.49 5.51 -5.5 4.49 7.57 -8 5.867 4.133 -8 2.43
2 24 -120 -8 -10 -120 -8 10
5 24 -16.93 -13 2.87 -16.93 -8 2.87 -15.3 -13 5.3 -17.5 -13 0
2 24 10 -5.5 6.35 12.43 -5.5 5.866
5 24 9.04 -13 -2.31 9.04 -5.5 -2.31 10 -13 -2.5 8.23 -13 -1.77
2 24 8.23 -5.5 -1.77 9.04 -5.5 -2.31
2 24 3.07 -8 -2.87 4.7 -8 -5.3
2 24 -9.04 -5.5 2.31 -8.23 -5.5 1.77
2 24 7.69 -5.5 0.96 8.23 -5.5 1.77
2 24 3.07 -13 2.87 4.7 -13 5.3
2 24 12.87 -8 6.929 15.3 -8 5.3
2 24 -7.13 -13 6.929 -4.7 -13 5.3
2 24 14.49 -5.5 -4.49 15.867 -5.5 -2.43
5 24 12.652 -8 -2.652 12.652 -5.5 -2.652 13.465 -8 -1.435 11.435 -8 -3.465
2 24 -12.43 -8 5.867 -10 -8 6.35
5 24 -7.69 -13 0.96 -7.69 -5.5 0.96 -8.23 -13 1.77 -7.5 -13 0
2 24 -3.071 -13 -2.87 -2.5 -13 0
2 24 5.51 -5.5 -4.49 7.57 -5.5 -5.867
5 24 -4.7 -13 -5.3 -4.7 -8 -5.3 -7.13 -13 -6.93 -3.071 -13 -2.87
5 24 14.49 -8 4.49 14.49 -5.5 4.49 15.867 -8 2.43 12.43 -8 5.867
5 24 -8.565 -8 -3.465 -8.565 -5.5 -3.465 -10 -8 -3.75 -7.348 -8 -2.652
2 24 -10.96 -5.5 2.31 -10 -5.5 2.5
5 24 -7.348 -8 2.652 -7.348 -5.5 2.652 -6.535 -8 1.435 -8.565 -8 3.465
2 24 15.867 -5.5 2.43 16.35 -5.5 0
2 24 7.5 -13 0 7.69 -13 -0.96
2 24 19.3 -5.5 -9.3 19.3 -5.5 -3.8
2 24 -14.49 -8 4.49 -12.43 -8 5.867
5 24 15.3 -13 -5.3 15.3 -8 -5.3 16.929 -13 -2.87 12.87 -13 -6.93
5 24 -7.348 -8 -2.652 -7.348 -5.5 -2.652 -8.565 -8 -3.465 -6.535 -8 -1.435
5 24 -12.43 -8 -5.867 -12.43 -5.5 -5.867 -10 -8 -6.35 -14.49 -8 -4.49
5 24 7.5 -13 0 7.5 -5.5 0 7.69 -13 -0.96 7.69 -13 0.96
2 24 -15.3 -13 5.3 -12.87 -13 6.93
5 24 -13.75 -8 0 -13.75 -5.5 0 -13.465 -8 1.435 -13.465 -8 -1.435
2 24 13.465 -8 1.435 13.75 -8 0
2 24 -9.04 -5.5 -2.31 -8.23 -5.5 -1.77
2 24 -4.133 -8 2.43 -3.65 -8 0
2 24 -13.75 -5.5 0 -13.465 -5.5 1.435
2 24 5.51 -8 -4.49 7.57 -8 -5.867
5 24 10 -13 7.5 10 -8 7.5 7.13 -13 6.93 12.87 -13 6.929
2 24 -4.7 -8 -5.3 -3.071 -8 -2.87
2 24 -10 -8 -6.35 -7.57 -8 -5.867
5 24 13.465 -8 -1.435 13.465 -5.5 -1.435 13.75 -8 0 12.652 -8 -2.652
2 24 -16.93 -8 -2.87 -15.3 -8 -5.3
2 24 12.43 -8 5.867 14.49 -8 4.49
5 24 -12.87 -13 -6.93 -12.87 -8 -6.93 -15.3 -13 -5.3 -10 -13 -7.5
2 24 -8.565 -5.5 -3.465 -7.348 -5.5 -2.652
2 24 7.4041 -8 2.60049 12.5924 -8 2.60049
2 24 -12.652 -8 2.652 -11.435 -8 3.465
2 24 12.31 -13 -0.96 12.5 -13 0
2 24 13.465 -8 -1.435 13.75 -8 0
2 24 -10 -13 -2.5 -9.04 -13 -2.31
2 24 10.96 -5.5 2.31 11.77 -5.5 1.77
2 24 13.465 -5.5 1.435 13.75 -5.5 0
5 24 -11.77 -13 1.77 -11.77 -5.5 1.77 -12.31 -13 0.96 -10.96 -13 2.31
2 24 14.49 -8 -4.49 15.867 -8 -2.43
5 24 -5.51 -8 -4.49 -5.51 -5.5 -4.49 -4.133 -8 -2.43 -7.57 -8 -5.867
2 24 -5.51 -5.5 -4.49 -4.133 -5.5 -2.43
2 24 10 -8 -3.75 11.435 -8 -3.465
2 24 -8.23 -5.5 -1.77 -7.69 -5.5 -0.96
2 24 7.13 -8 -6.93 10 -8 -7.5
5 24 7.348 -8 -2.652 7.348 -5.5 -2.652 8.565 -8 -3.465 6.535 -8 -1.435
5 24 -12.652 -8 2.652 -12.652 -5.5 2.652 -11.435 -8 3.465 -13.465 -8 1.435
5 24 -3.071 -13 2.87 -3.071 -8 2.87 -2.5 -13 0 -4.7 -13 5.3
2 24 120 -8 -10 120 -8 10
2 24 12.31 -5.5 -0.96 12.5 -5.5 0
2 24 -8.565 -8 3.465 -7.348 -8 2.652
2 24 -8.23 -13 -1.77 -7.69 -13 -0.96
2 24 -12.31 -5.5 0.96 -11.77 -5.5 1.77
2 24 -13.75 -8 0 -13.465 -8 -1.435
2 24 4.133 -5.5 2.43 5.51 -5.5 4.49
2 24 -15.3 -8 5.3 -12.87 -8 6.93
5 24 4.7 -13 5.3 4.7 -8 5.3 7.13 -13 6.93 3.07 -13 2.87
2 24 -14.49 -8 -4.49 -12.43 -8 -5.867
2 24 -10 -8 -3.75 -8.565 -8 -3.465
5 24 -7.57 -8 -5.867 -7.57 -5.5 -5.867 -5.51 -8 -4.49 -10 -8 -6.35
2 24 -10 -5.5 -6.35 -7.57 -5.5 -5.867
2 24 -7.13 -13 -6.93 -4.7 -13 -5.3
2 24 7.57 -5.5 -5.867 10 -5.5 -6.35
2 24 12.87 -8 -6.93 15.3 -8 -5.3
2 24 -17.5 -8 0 -16.93 -8 2.87
5 24 -10.96 -5.5 -2.31 -10.96 -13 -2.31 -11.77 -5.5 -1.77 -10 -5.5 -2.5
2 24 10 -5.5 -9.3 13.8 -5.5 -9.3
2 24 -120 -8 -10 -120 0 -10
2 24 -19.3 -5.5 -9.3 -19.3 -5.5 -3.8
2 24 3.65 -8 0 4.133 -8 -2.43
5 24 3.65 -8 0 3.65 -5.5 0 4.133 -8 2.43 4.133 -8 -2.43
2 24 0.7 -5.5 0 0.7 -5.5 3.8
5 24 -6.535 -8 1.435 -6.535 -5.5 1.435 -6.25 -8 0 -7.348 -8 2.652
2 24 -13.465 -8 -1.435 -12.652 -8 -2.652
5 24 -12.5 -13 0 -12.5 -5.5 0 -12.31 -13 0.96 -12.31 -13 -0.96
2 24 -10.96 -13 2.31 -10 -13 2.5
2 24 -14.49 -5.5 -4.49 -12.43 -5.5 -5.867
5 24 3.07 -13 -2.87 3.07 -8 -2.87 2.5 -13 0 4.7 -13 -5.3
2 24 9.04 -5.5 2.31 10 -5.5 2.5
5 24 -5.51 -8 4.49 -5.51 -5.5 4.49 -7.57 -8 5.867 -4.133 -8 2.43
0
