0 P1aca lingote 2x1 I.UNITS
0 Name: placlin2.dat
0 Author: I.UNITS (diseño), jasolo (modelado)
0 !LDRAW_ORG Unofficial_Part
0 BFC CERTIFY CCW
3 16 0 0 2.5 0 0 0 -0.957 0 2.31
4 16 0 0 2.5 0 -8 2.5 0.957 -8 2.31 0.957 0 2.31
3 16 -0.957 0 2.31 0 0 0 -1.768 0 1.768
4 16 0.957 0 2.31 0.957 -8 2.31 1.768 -8 1.768 1.768 0 1.768
3 16 -1.768 0 1.768 0 0 0 -2.31 0 0.957
4 16 1.768 0 1.768 1.768 -8 1.768 2.31 -8 0.957 2.31 0 0.957
3 16 -2.31 0 0.957 0 0 0 -2.5 0 0
4 16 2.31 0 0.957 2.31 -8 0.957 2.5 -8 0 2.5 0 0
3 16 -2.5 0 0 0 0 0 -2.31 0 -0.957
4 16 2.5 0 0 2.5 -8 0 2.31 -8 -0.957 2.31 0 -0.957
3 16 -2.31 0 -0.957 0 0 0 -1.768 0 -1.768
4 16 2.31 0 -0.957 2.31 -8 -0.957 1.768 -8 -1.768 1.768 0 -1.768
3 16 -1.768 0 -1.768 0 0 0 -0.957 0 -2.31
4 16 1.768 0 -1.768 1.768 -8 -1.768 0.957 -8 -2.31 0.957 0 -2.31
3 16 -0.957 0 -2.31 0 0 0 0 0 -2.5
4 16 0.957 0 -2.31 0.957 -8 -2.31 0 -8 -2.5 0 0 -2.5
3 16 0 0 -2.5 0 0 0 0.957 0 -2.31
4 16 0 0 -2.5 0 -8 -2.5 -0.957 -8 -2.31 -0.957 0 -2.31
3 16 0.957 0 -2.31 0 0 0 1.768 0 -1.768
4 16 -0.957 0 -2.31 -0.957 -8 -2.31 -1.768 -8 -1.768 -1.768 0 -1.768
3 16 1.768 0 -1.768 0 0 0 2.31 0 -0.957
4 16 -1.768 0 -1.768 -1.768 -8 -1.768 -2.31 -8 -0.957 -2.31 0 -0.957
3 16 2.31 0 -0.957 0 0 0 2.5 0 0
4 16 -2.31 0 -0.957 -2.31 -8 -0.957 -2.5 -8 0 -2.5 0 0
3 16 2.5 0 0 0 0 0 2.31 0 0.957
4 16 -2.5 0 0 -2.5 -8 0 -2.31 -8 0.957 -2.31 0 0.957
3 16 2.31 0 0.957 0 0 0 1.768 0 1.768
4 16 -2.31 0 0.957 -2.31 -8 0.957 -1.768 -8 1.768 -1.768 0 1.768
3 16 0.957 0 2.31 0 0 0 0 0 2.5
3 16 1.768 0 1.768 0 0 0 0.957 0 2.31
4 16 -1.768 0 1.768 -1.768 -8 1.768 -0.957 -8 2.31 -0.957 0 2.31
4 16 -0.957 0 2.31 -0.957 -8 2.31 0 -8 2.5 0 0 2.5
4 16 -0.75 -5 -7.5 -0.75 -8 -7.5 -0.75 -8 7.5 -0.75 -5 7.5
4 16 0.75 -5 7.5 0.75 -8 7.5 0.75 -8 -7.5 0.75 -5 -7.5
4 16 -0.75 -5 7.5 0.75 -5 7.5 0.75 -5 -7.5 -0.75 -5 -7.5
4 16 -20 0 -10 -20 -8 -10 -20 -8 10 -20 0 10
4 16 -20 0 10 -20 -8 10 20 -8 10 20 0 10
4 16 20 0 10 20 -8 10 20 -8 -10 20 0 -10
4 16 -20 -8 -10 -20 0 -10 20 0 -10 20 -8 -10
4 16 20 0 -10 -20 0 -10 -17.5 0 -7.5 17.5 0 -7.5
4 16 20 -8 10 -20 -8 10 -16.254 -11.75 6.25 16.254 -11.75 6.25
4 16 20 -8 -10 20 -8 10 16.254 -11.75 6.25 16.254 -11.75 -6.25
4 16 -20 -8 10 -20 -8 -10 -16.254 -11.75 -6.25 -16.254 -11.75 6.25
4 16 -20 -8 -10 20 -8 -10 16.254 -11.75 -6.25 -16.254 -11.75 -6.25
3 16 -7.5 -10.5 0 -12.5 -10.5 1.25 -12.5 -10.5 -1.25
3 16 -7.5 -10.5 0 -11.25 -10.5 2.5 -11.728 -10.5 2.405
3 16 -7.5 -10.5 0 -11.728 -10.5 2.405 -12.134 -10.5 2.134
3 16 -7.5 -10.5 0 -12.134 -10.5 2.134 -12.405 -10.5 1.728
3 16 -7.5 -10.5 0 -12.405 -10.5 1.728 -12.5 -10.5 1.25
3 16 -7.5 -10.5 0 -2.5 -10.5 1.25 -2.595 -10.5 1.728
3 16 -7.5 -10.5 0 -2.595 -10.5 1.728 -2.866 -10.5 2.134
3 16 -7.5 -10.5 0 -2.866 -10.5 2.134 -3.272 -10.5 2.405
3 16 -7.5 -10.5 0 -3.272 -10.5 2.405 -3.75 -10.5 2.5
3 16 -7.5 -10.5 0 -3.75 -10.5 -2.5 -3.272 -10.5 -2.405
3 16 -7.5 -10.5 0 -3.272 -10.5 -2.405 -2.866 -10.5 -2.134
3 16 -7.5 -10.5 0 -2.866 -10.5 -2.134 -2.595 -10.5 -1.728
3 16 -7.5 -10.5 0 -2.595 -10.5 -1.728 -2.5 -10.5 -1.25
3 16 -7.5 -10.5 0 -12.5 -10.5 -1.25 -12.405 -10.5 -1.728
3 16 -7.5 -10.5 0 -12.405 -10.5 -1.728 -12.134 -10.5 -2.134
3 16 -7.5 -10.5 0 -12.134 -10.5 -2.134 -11.728 -10.5 -2.405
3 16 -7.5 -10.5 0 -11.728 -10.5 -2.405 -11.25 -10.5 -2.5
3 16 -3.75 -10.5 2.5 -11.25 -10.5 2.5 -7.5 -10.5 0
3 16 -7.5 -10.5 0 -2.5 -10.5 -1.25 -2.5 -10.5 1.25
3 16 -7.5 -10.5 0 -11.25 -10.5 -2.5 -3.75 -10.5 -2.5
3 16 7.5 -10.5 0 2.5 -10.5 1.25 2.5 -10.5 -1.25
3 16 7.5 -10.5 0 3.75 -10.5 2.5 3.272 -10.5 2.405
3 16 7.5 -10.5 0 3.272 -10.5 2.405 2.866 -10.5 2.134
3 16 7.5 -10.5 0 2.866 -10.5 2.134 2.595 -10.5 1.728
3 16 7.5 -10.5 0 2.595 -10.5 1.728 2.5 -10.5 1.25
3 16 7.5 -10.5 0 12.5 -10.5 1.25 12.405 -10.5 1.728
3 16 7.5 -10.5 0 12.405 -10.5 1.728 12.134 -10.5 2.134
3 16 7.5 -10.5 0 12.134 -10.5 2.134 11.728 -10.5 2.405
3 16 7.5 -10.5 0 11.728 -10.5 2.405 11.25 -10.5 2.5
3 16 7.5 -10.5 0 11.25 -10.5 -2.5 11.728 -10.5 -2.405
3 16 7.5 -10.5 0 11.728 -10.5 -2.405 12.134 -10.5 -2.134
3 16 7.5 -10.5 0 12.134 -10.5 -2.134 12.405 -10.5 -1.728
3 16 7.5 -10.5 0 12.405 -10.5 -1.728 12.5 -10.5 -1.25
3 16 7.5 -10.5 0 2.5 -10.5 -1.25 2.595 -10.5 -1.728
3 16 7.5 -10.5 0 2.595 -10.5 -1.728 2.866 -10.5 -2.134
3 16 7.5 -10.5 0 2.866 -10.5 -2.134 3.272 -10.5 -2.405
3 16 7.5 -10.5 0 3.272 -10.5 -2.405 3.75 -10.5 -2.5
3 16 11.25 -10.5 2.5 3.75 -10.5 2.5 7.5 -10.5 0
3 16 7.5 -10.5 0 12.5 -10.5 -1.25 12.5 -10.5 1.25
3 16 7.5 -10.5 0 3.75 -10.5 -2.5 11.25 -10.5 -2.5
4 16 12.405 -11.75 1.728 12.134 -11.75 2.134 12.134 -10.5 2.134 12.405 -10.5 1.728
4 16 -2.595 -11.75 1.728 -2.866 -11.75 2.134 -2.866 -10.5 2.134 -2.595 -10.5 1.728
4 16 2.866 -11.75 -2.134 3.272 -11.75 -2.405 3.272 -10.5 -2.405 2.866 -10.5 -2.134
4 16 -12.134 -11.75 -2.134 -11.728 -11.75 -2.405 -11.728 -10.5 -2.405 -12.134 -10.5 -2.134
4 16 12.134 -11.75 2.134 11.728 -11.75 2.405 11.728 -10.5 2.405 12.134 -10.5 2.134
4 16 -2.866 -11.75 2.134 -3.272 -11.75 2.405 -3.272 -10.5 2.405 -2.866 -10.5 2.134
4 16 3.272 -11.75 -2.405 3.75 -11.75 -2.5 3.75 -10.5 -2.5 3.272 -10.5 -2.405
4 16 -11.728 -11.75 -2.405 -11.25 -11.75 -2.5 -11.25 -10.5 -2.5 -11.728 -10.5 -2.405
4 16 11.728 -11.75 2.405 11.25 -11.75 2.5 11.25 -10.5 2.5 11.728 -10.5 2.405
4 16 -3.272 -11.75 2.405 -3.75 -11.75 2.5 -3.75 -10.5 2.5 -3.272 -10.5 2.405
4 16 12.5 -11.75 -1.25 12.5 -11.75 1.25 12.5 -10.5 1.25 12.5 -10.5 -1.25
4 16 -2.5 -11.75 -1.25 -2.5 -11.75 1.25 -2.5 -10.5 1.25 -2.5 -10.5 -1.25
4 16 3.75 -11.75 -2.5 11.25 -11.75 -2.5 11.25 -10.5 -2.5 3.75 -10.5 -2.5
4 16 -11.25 -11.75 -2.5 -3.75 -11.75 -2.5 -3.75 -10.5 -2.5 -11.25 -10.5 -2.5
4 16 11.25 -11.75 -2.5 11.728 -11.75 -2.405 11.728 -10.5 -2.405 11.25 -10.5 -2.5
4 16 -3.75 -11.75 -2.5 -3.272 -11.75 -2.405 -3.272 -10.5 -2.405 -3.75 -10.5 -2.5
4 16 11.728 -11.75 -2.405 12.134 -11.75 -2.134 12.134 -10.5 -2.134 11.728 -10.5 -2.405
4 16 -3.272 -11.75 -2.405 -2.866 -11.75 -2.134 -2.866 -10.5 -2.134 -3.272 -10.5 -2.405
4 16 11.25 -11.75 2.5 3.75 -11.75 2.5 3.75 -10.5 2.5 11.25 -10.5 2.5
4 16 -3.75 -11.75 2.5 -11.25 -11.75 2.5 -11.25 -10.5 2.5 -3.75 -10.5 2.5
4 16 2.5 -11.75 1.25 2.5 -11.75 -1.25 2.5 -10.5 -1.25 2.5 -10.5 1.25
4 16 -12.5 -11.75 1.25 -12.5 -11.75 -1.25 -12.5 -10.5 -1.25 -12.5 -10.5 1.25
4 16 12.134 -11.75 -2.134 12.405 -11.75 -1.728 12.405 -10.5 -1.728 12.134 -10.5 -2.134
4 16 -2.866 -11.75 -2.134 -2.595 -11.75 -1.728 -2.595 -10.5 -1.728 -2.866 -10.5 -2.134
4 16 3.75 -11.75 2.5 3.272 -11.75 2.405 3.272 -10.5 2.405 3.75 -10.5 2.5
4 16 -11.25 -11.75 2.5 -11.728 -11.75 2.405 -11.728 -10.5 2.405 -11.25 -10.5 2.5
4 16 3.272 -11.75 2.405 2.866 -11.75 2.134 2.866 -10.5 2.134 3.272 -10.5 2.405
4 16 -11.728 -11.75 2.405 -12.134 -11.75 2.134 -12.134 -10.5 2.134 -11.728 -10.5 2.405
4 16 12.405 -11.75 -1.728 12.5 -11.75 -1.25 12.5 -10.5 -1.25 12.405 -10.5 -1.728
4 16 -2.595 -11.75 -1.728 -2.5 -11.75 -1.25 -2.5 -10.5 -1.25 -2.595 -10.5 -1.728
4 16 2.866 -11.75 2.134 2.595 -11.75 1.728 2.595 -10.5 1.728 2.866 -10.5 2.134
4 16 -12.134 -11.75 2.134 -12.405 -11.75 1.728 -12.405 -10.5 1.728 -12.134 -10.5 2.134
4 16 2.595 -11.75 1.728 2.5 -11.75 1.25 2.5 -10.5 1.25 2.595 -10.5 1.728
4 16 -12.405 -11.75 1.728 -12.5 -11.75 1.25 -12.5 -10.5 1.25 -12.405 -10.5 1.728
4 16 2.5 -11.75 -1.25 2.595 -11.75 -1.728 2.595 -10.5 -1.728 2.5 -10.5 -1.25
4 16 -12.5 -11.75 -1.25 -12.405 -11.75 -1.728 -12.405 -10.5 -1.728 -12.5 -10.5 -1.25
4 16 12.5 -11.75 1.25 12.405 -11.75 1.728 12.405 -10.5 1.728 12.5 -10.5 1.25
4 16 -2.5 -11.75 1.25 -2.595 -11.75 1.728 -2.595 -10.5 1.728 -2.5 -10.5 1.25
4 16 2.595 -11.75 -1.728 2.866 -11.75 -2.134 2.866 -10.5 -2.134 2.595 -10.5 -1.728
4 16 -12.405 -11.75 -1.728 -12.134 -11.75 -2.134 -12.134 -10.5 -2.134 -12.405 -10.5 -1.728
4 16 -2.5 -11.75 -1.25 2.5 -11.75 -1.25 2.5 -11.75 1.25 -2.5 -11.75 1.25
4 16 -2.595 -11.75 1.728 -2.5 -11.75 1.25 2.5 -11.75 1.25 2.595 -11.75 1.728
4 16 -2.866 -11.75 2.134 -2.595 -11.75 1.728 2.595 -11.75 1.728 2.866 -11.75 2.134
4 16 -3.272 -11.75 2.405 -2.866 -11.75 2.134 2.866 -11.75 2.134 3.272 -11.75 2.405
4 16 -3.75 -11.75 2.5 -3.272 -11.75 2.405 3.272 -11.75 2.405 3.75 -11.75 2.5
4 16 -2.5 -11.75 -1.25 -2.595 -11.75 -1.728 2.595 -11.75 -1.728 2.5 -11.75 -1.25
4 16 -2.595 -11.75 -1.728 -2.866 -11.75 -2.134 2.866 -11.75 -2.134 2.595 -11.75 -1.728
4 16 -2.866 -11.75 -2.134 -3.272 -11.75 -2.405 3.272 -11.75 -2.405 2.866 -11.75 -2.134
4 16 -3.272 -11.75 -2.405 -3.75 -11.75 -2.5 3.75 -11.75 -2.5 3.272 -11.75 -2.405
3 16 -11.728 -11.75 2.405 -16.254 -11.75 6.25 -12.134 -11.75 2.134
3 16 -12.134 -11.75 2.134 -16.254 -11.75 6.25 -12.405 -11.75 1.728
3 16 -12.405 -11.75 1.728 -16.254 -11.75 6.25 -12.5 -11.75 1.25
4 16 -12.5 -11.75 1.25 -16.254 -11.75 6.25 -16.254 -11.75 -6.25 -12.5 -11.75 -1.25
3 16 -12.5 -11.75 -1.25 -16.254 -11.75 -6.25 -12.405 -11.75 -1.728
3 16 -12.405 -11.75 -1.728 -16.254 -11.75 -6.25 -12.134 -11.75 -2.134
3 16 -12.134 -11.75 -2.134 -16.254 -11.75 -6.25 -11.728 -11.75 -2.405
3 16 -11.728 -11.75 -2.405 -16.254 -11.75 -6.25 -11.25 -11.75 -2.5
3 16 -11.25 -11.75 -2.5 -16.254 -11.75 -6.25 -3.75 -11.75 -2.5
4 16 -3.75 -11.75 -2.5 -16.254 -11.75 -6.25 16.254 -11.75 -6.25 3.75 -11.75 -2.5
3 16 3.75 -11.75 -2.5 16.254 -11.75 -6.25 11.25 -11.75 -2.5
3 16 11.25 -11.75 -2.5 16.254 -11.75 -6.25 11.728 -11.75 -2.405
3 16 11.728 -11.75 -2.405 16.254 -11.75 -6.25 12.134 -11.75 -2.134
3 16 12.134 -11.75 -2.134 16.254 -11.75 -6.25 12.405 -11.75 -1.728
3 16 12.405 -11.75 -1.728 16.254 -11.75 -6.25 12.5 -11.75 -1.25
4 16 12.5 -11.75 -1.25 16.254 -11.75 -6.25 16.254 -11.75 6.25 12.5 -11.75 1.25
3 16 12.5 -11.75 1.25 16.254 -11.75 6.25 12.405 -11.75 1.728
3 16 12.405 -11.75 1.728 16.254 -11.75 6.25 12.134 -11.75 2.134
3 16 12.134 -11.75 2.134 16.254 -11.75 6.25 11.728 -11.75 2.405
3 16 11.728 -11.75 2.405 16.254 -11.75 6.25 11.25 -11.75 2.5
3 16 11.25 -11.75 2.5 16.254 -11.75 6.25 3.75 -11.75 2.5
4 16 3.75 -11.75 2.5 16.254 -11.75 6.25 -16.254 -11.75 6.25 -3.75 -11.75 2.5
3 16 -3.75 -11.75 2.5 -16.254 -11.75 6.25 -11.25 -11.75 2.5
3 16 -11.25 -11.75 2.5 -16.254 -11.75 6.25 -11.728 -11.75 2.405
4 16 17.5 0 -7.5 -17.5 0 -7.5 -17.5 -8 -7.5 17.5 -8 -7.5
4 16 -20 0 10 20 0 10 17.5 0 7.5 -17.5 0 7.5
4 16 -20 0 -10 -20 0 10 -17.5 0 7.5 -17.5 0 -7.5
4 16 20 0 10 20 0 -10 17.5 0 -7.5 17.5 0 7.5
4 16 -17.5 -8 7.5 17.5 -8 7.5 17.5 -8 -7.5 -17.5 -8 -7.5
4 16 -17.5 0 7.5 17.5 0 7.5 17.5 -8 7.5 -17.5 -8 7.5
4 16 17.5 0 7.5 17.5 0 -7.5 17.5 -8 -7.5 17.5 -8 7.5
4 16 -17.5 0 -7.5 -17.5 0 7.5 -17.5 -8 7.5 -17.5 -8 -7.5
2 24 -0.957 -8 2.31 0 -8 2.5
2 24 3.272 -10.5 2.405 3.75 -10.5 2.5
2 24 0 0 -2.5 0.957 0 -2.31
2 24 20 0 -10 20 0 10
2 24 12.5 -10.5 -1.25 12.5 -10.5 1.25
2 24 2.5 -11.75 -1.25 2.595 -11.75 -1.728
2 24 11.25 -10.5 -2.5 11.728 -10.5 -2.405
5 24 3.272 -11.75 2.405 3.272 -10.5 2.405 3.75 -11.75 2.5 2.866 -11.75 2.134
5 24 -12.5 -11.75 -1.25 -12.5 -10.5 -1.25 -12.5 -11.75 1.25 -12.405 -11.75 -1.728
2 24 11.25 -11.75 -2.5 11.728 -11.75 -2.405
2 24 0.957 -8 -2.31 1.768 -8 -1.768
2 24 12.405 -11.75 -1.728 12.5 -11.75 -1.25
2 24 -1.768 -8 -1.768 -0.957 -8 -2.31
2 24 -2.866 -10.5 -2.134 -2.595 -10.5 -1.728
5 24 -12.405 -11.75 1.728 -12.405 -10.5 1.728 -12.134 -11.75 2.134 -12.5 -11.75 1.25
2 24 -0.75 -8 -7.5 -0.75 -5 -7.5
2 24 -11.25 -10.5 2.5 -3.75 -10.5 2.5
5 24 12.405 -11.75 1.728 12.405 -10.5 1.728 12.134 -11.75 2.134 12.5 -11.75 1.25
5 24 -2.595 -11.75 1.728 -2.595 -10.5 1.728 -2.866 -11.75 2.134 -2.5 -11.75 1.25
2 24 -20 -8 -10 -20 -8 10
2 24 -11.728 -10.5 -2.405 -11.25 -10.5 -2.5
2 24 -20 -8 -10 -16.254 -11.75 -6.25
5 24 0 -8 2.5 0 0 2.5 0.957 -8 2.31 -0.957 -8 2.31
2 24 12.405 -11.75 1.728 12.5 -11.75 1.25
2 24 2.866 -11.75 -2.134 3.272 -11.75 -2.405
2 24 17.5 0 7.5 17.5 0 -7.5
2 24 -2.5 0 0 -2.31 0 -0.957
2 24 2.31 -8 -0.957 2.5 -8 0
2 24 -3.75 -10.5 -2.5 -3.272 -10.5 -2.405
5 24 1.768 -8 1.768 1.768 0 1.768 0.957 -8 2.31 2.31 -8 0.957
5 24 2.866 -11.75 -2.134 2.866 -10.5 -2.134 3.272 -11.75 -2.405 2.595 -11.75 -1.728
2 24 -20 -8 -10 -20 0 -10
5 24 -12.134 -11.75 -2.134 -12.134 -10.5 -2.134 -11.728 -11.75 -2.405 -12.405 -11.75 -1.728
2 24 -16.254 -11.75 -6.25 16.254 -11.75 -6.25
2 24 1.768 -8 -1.768 2.31 -8 -0.957
2 24 2.595 -10.5 1.728 2.866 -10.5 2.134
5 24 -1.768 -8 -1.768 -1.768 0 -1.768 -0.957 -8 -2.31 -2.31 -8 -0.957
5 24 12.405 -11.75 -1.728 12.405 -10.5 -1.728 12.134 -11.75 -2.134 12.5 -11.75 -1.25
2 24 16.254 -11.75 -6.25 20 -8 -10
2 24 -3.272 -11.75 -2.405 -2.866 -11.75 -2.134
2 24 -17.5 0 -7.5 17.5 0 -7.5
5 24 -12.405 -11.75 -1.728 -12.405 -10.5 -1.728 -12.5 -11.75 -1.25 -12.134 -11.75 -2.134
5 24 -2.31 -8 -0.957 -2.31 0 -0.957 -1.768 -8 -1.768 -2.5 -8 0
2 24 12.134 -11.75 -2.134 12.405 -11.75 -1.728
2 24 -20 -8 10 -16.254 -11.75 6.25
2 24 2.31 0 0.957 2.5 0 0
2 24 2.5 -10.5 -1.25 2.595 -10.5 -1.728
2 24 -17.5 -8 7.5 17.5 -8 7.5
2 24 -17.5 0 7.5 -17.5 0 -7.5
2 24 -2.866 -11.75 2.134 -2.595 -11.75 1.728
2 24 -12.134 -11.75 2.134 -11.728 -11.75 2.405
2 24 -0.75 -5 -7.5 -0.75 -5 7.5
2 24 2.5 -11.75 1.25 2.595 -11.75 1.728
2 24 -11.728 -11.75 -2.405 -11.25 -11.75 -2.5
2 24 -0.957 -8 -2.31 0 -8 -2.5
2 24 -0.75 -5 -7.5 0.75 -5 -7.5
2 24 -11.25 -11.75 2.5 -3.75 -11.75 2.5
2 24 -12.134 -10.5 2.134 -11.728 -10.5 2.405
2 24 20 -8 -10 20 0 -10
2 24 -2.866 -10.5 2.134 -2.595 -10.5 1.728
5 24 2.595 -11.75 -1.728 2.595 -10.5 -1.728 2.5 -11.75 -1.25 2.866 -11.75 -2.134
2 24 12.134 -11.75 2.134 12.405 -11.75 1.728
2 24 -17.5 -8 -7.5 -17.5 -8 7.5
2 24 16.254 -11.75 -6.25 16.254 -11.75 6.25
2 24 11.728 -10.5 -2.405 12.134 -10.5 -2.134
2 24 -2.595 -10.5 -1.728 -2.5 -10.5 -1.25
2 24 -20 0 -10 -20 0 10
2 24 0.75 -8 -7.5 0.75 -8 7.5
2 24 2.595 -11.75 -1.728 2.866 -11.75 -2.134
2 24 -17.5 -8 7.5 -17.5 0 7.5
2 24 -3.75 -11.75 -2.5 -3.272 -11.75 -2.405
2 24 -2.595 -11.75 -1.728 -2.5 -11.75 -1.25
2 24 12.5 -11.75 -1.25 12.5 -11.75 1.25
5 24 -11.25 -11.75 2.5 -11.25 -10.5 2.5 -3.75 -11.75 2.5 -11.728 -11.75 2.405
2 24 2.5 -10.5 1.25 2.595 -10.5 1.728
2 24 -12.405 -10.5 -1.728 -12.134 -10.5 -2.134
5 24 2.595 -11.75 1.728 2.595 -10.5 1.728 2.866 -11.75 2.134 2.5 -11.75 1.25
2 24 -0.957 0 -2.31 0 0 -2.5
5 24 -3.75 -11.75 -2.5 -3.75 -10.5 -2.5 -11.25 -11.75 -2.5 -3.272 -11.75 -2.405
5 24 -11.728 -11.75 -2.405 -11.728 -10.5 -2.405 -12.134 -11.75 -2.134 -11.25 -11.75 -2.5
2 24 -11.25 -10.5 -2.5 -3.75 -10.5 -2.5
5 24 12.5 -11.75 -1.25 12.5 -10.5 -1.25 12.5 -11.75 1.25 12.405 -11.75 -1.728
2 24 3.75 -11.75 2.5 11.25 -11.75 2.5
5 24 0.957 -8 -2.31 0.957 0 -2.31 1.768 -8 -1.768 0 -8 -2.5
2 24 0 -8 -2.5 0.957 -8 -2.31
5 24 12.134 -11.75 -2.134 12.134 -10.5 -2.134 11.728 -11.75 -2.405 12.405 -11.75 -1.728
2 24 -2.5 -8 0 -2.31 -8 -0.957
5 24 -2.31 -8 0.957 -2.31 0 0.957 -2.5 -8 0 -1.768 -8 1.768
2 24 11.728 -11.75 -2.405 12.134 -11.75 -2.134
2 24 -0.75 -8 7.5 -0.75 -5 7.5
2 24 -17.5 -8 -7.5 17.5 -8 -7.5
2 24 -1.768 0 1.768 -0.957 0 2.31
2 24 20 -8 10 20 0 10
2 24 -12.5 -11.75 1.25 -12.405 -11.75 1.728
2 24 -2.31 -8 0.957 -1.768 -8 1.768
5 24 -0.957 -8 2.31 -0.957 0 2.31 -1.768 -8 1.768 0 -8 2.5
2 24 2.5 -10.5 -1.25 2.5 -10.5 1.25
2 24 -12.5 -11.75 -1.25 -12.5 -11.75 1.25
5 24 2.31 -8 0.957 2.31 0 0.957 1.768 -8 1.768 2.5 -8 0
2 24 -2.31 0 -0.957 -1.768 0 -1.768
2 24 0.75 -8 -7.5 0.75 -5 -7.5
2 24 -20 -8 10 20 -8 10
5 24 12.5 -11.75 1.25 12.5 -10.5 1.25 12.5 -11.75 -1.25 12.405 -11.75 1.728
2 24 12.134 -10.5 -2.134 12.405 -10.5 -1.728
2 24 1.768 -8 1.768 2.31 -8 0.957
2 24 11.25 -11.75 2.5 11.728 -11.75 2.405
2 24 12.405 -10.5 -1.728 12.5 -10.5 -1.25
5 24 -12.134 -11.75 2.134 -12.134 -10.5 2.134 -11.728 -11.75 2.405 -12.405 -11.75 1.728
5 24 -2.5 -11.75 1.25 -2.5 -10.5 1.25 -2.5 -11.75 -1.25 -2.595 -11.75 1.728
2 24 -12.405 -11.75 -1.728 -12.134 -11.75 -2.134
2 24 -20 0 10 20 0 10
2 24 2.866 -11.75 2.134 3.272 -11.75 2.405
2 24 -2.5 -10.5 -1.25 -2.5 -10.5 1.25
2 24 0.75 -8 7.5 0.75 -5 7.5
2 24 -3.272 -10.5 -2.405 -2.866 -10.5 -2.134
2 24 0.75 -5 -7.5 0.75 -5 7.5
5 24 2.5 -11.75 -1.25 2.5 -10.5 -1.25 2.5 -11.75 1.25 2.595 -11.75 -1.728
2 24 -12.134 -10.5 -2.134 -11.728 -10.5 -2.405
2 24 17.5 -8 7.5 17.5 0 7.5
2 24 -1.768 -8 1.768 -0.957 -8 2.31
2 24 -2.595 -10.5 1.728 -2.5 -10.5 1.25
5 24 11.728 -11.75 -2.405 11.728 -10.5 -2.405 11.25 -11.75 -2.5 12.134 -11.75 -2.134
5 24 -0.957 -8 -2.31 -0.957 0 -2.31 0 -8 -2.5 -1.768 -8 -1.768
2 24 -16.254 -11.75 -6.25 -16.254 -11.75 6.25
5 24 11.25 -11.75 2.5 11.25 -10.5 2.5 11.728 -11.75 2.405 3.75 -11.75 2.5
5 24 -11.728 -11.75 2.405 -11.728 -10.5 2.405 -11.25 -11.75 2.5 -12.134 -11.75 2.134
2 24 -11.728 -11.75 2.405 -11.25 -11.75 2.5
2 24 16.254 -11.75 6.25 20 -8 10
2 24 -16.254 -11.75 6.25 16.254 -11.75 6.25
5 24 12.134 -11.75 2.134 12.134 -10.5 2.134 12.405 -11.75 1.728 11.728 -11.75 2.405
2 24 -0.957 0 2.31 0 0 2.5
2 24 12.405 -10.5 1.728 12.5 -10.5 1.25
2 24 0.957 0 -2.31 1.768 0 -1.768
5 24 0 -8 -2.5 0 0 -2.5 0.957 -8 -2.31 -0.957 -8 -2.31
2 24 -12.5 -11.75 -1.25 -12.405 -11.75 -1.728
2 24 -12.405 -11.75 1.728 -12.134 -11.75 2.134
2 24 2.31 0 -0.957 2.5 0 0
5 24 2.31 -8 -0.957 2.31 0 -0.957 2.5 -8 0 1.768 -8 -1.768
2 24 11.25 -10.5 2.5 11.728 -10.5 2.405
2 24 -12.5 -10.5 1.25 -12.405 -10.5 1.728
5 24 11.728 -11.75 2.405 11.728 -10.5 2.405 12.134 -11.75 2.134 11.25 -11.75 2.5
2 24 -3.272 -11.75 2.405 -2.866 -11.75 2.134
2 24 1.768 0 -1.768 2.31 0 -0.957
2 24 17.5 -8 -7.5 17.5 0 -7.5
5 24 -3.272 -11.75 -2.405 -3.272 -10.5 -2.405 -3.75 -11.75 -2.5 -2.866 -11.75 -2.134
2 24 3.75 -11.75 -2.5 11.25 -11.75 -2.5
5 24 -2.5 -11.75 -1.25 -2.5 -10.5 -1.25 -2.5 -11.75 1.25 -2.595 -11.75 -1.728
5 24 -3.272 -11.75 2.405 -3.272 -10.5 2.405 -2.866 -11.75 2.134 -3.75 -11.75 2.5
2 24 0 -8 2.5 0.957 -8 2.31
2 24 -11.25 -11.75 -2.5 -3.75 -11.75 -2.5
2 24 -2.31 0 0.957 -1.768 0 1.768
2 24 -20 -8 10 -20 0 10
5 24 3.75 -11.75 -2.5 3.75 -10.5 -2.5 3.272 -11.75 -2.405 11.25 -11.75 -2.5
5 24 -2.5 -8 0 -2.5 0 0 -2.31 -8 -0.957 -2.31 -8 0.957
5 24 2.5 -11.75 1.25 2.5 -10.5 1.25 2.5 -11.75 -1.25 2.595 -11.75 1.728
2 24 -20 0 -10 20 0 -10
5 24 2.5 -8 0 2.5 0 0 2.31 -8 0.957 2.31 -8 -0.957
2 24 -12.5 -10.5 -1.25 -12.405 -10.5 -1.728
2 24 -2.5 -8 0 -2.31 -8 0.957
2 24 12.134 -10.5 2.134 12.405 -10.5 1.728
2 24 2.5 -11.75 -1.25 2.5 -11.75 1.25
5 24 -1.768 -8 1.768 -1.768 0 1.768 -2.31 -8 0.957 -0.957 -8 2.31
2 24 -0.75 -8 -7.5 -0.75 -8 7.5
2 24 3.272 -11.75 2.405 3.75 -11.75 2.5
2 24 0 0 2.5 0.957 0 2.31
2 24 2.866 -10.5 -2.134 3.272 -10.5 -2.405
2 24 0.957 0 2.31 1.768 0 1.768
2 24 -2.595 -11.75 1.728 -2.5 -11.75 1.25
2 24 20 -8 -10 20 -8 10
2 24 11.728 -11.75 2.405 12.134 -11.75 2.134
5 24 2.866 -11.75 2.134 2.866 -10.5 2.134 3.272 -11.75 2.405 2.595 -11.75 1.728
2 24 -12.5 -10.5 -1.25 -12.5 -10.5 1.25
2 24 11.728 -10.5 2.405 12.134 -10.5 2.134
5 24 -11.25 -11.75 -2.5 -11.25 -10.5 -2.5 -11.728 -11.75 -2.405 -3.75 -11.75 -2.5
2 24 17.5 -8 -7.5 17.5 -8 7.5
2 24 -1.768 0 -1.768 -0.957 0 -2.31
5 24 3.272 -11.75 -2.405 3.272 -10.5 -2.405 2.866 -11.75 -2.134 3.75 -11.75 -2.5
2 24 -3.75 -11.75 2.5 -3.272 -11.75 2.405
2 24 -12.405 -10.5 1.728 -12.134 -10.5 2.134
2 24 -12.134 -11.75 -2.134 -11.728 -11.75 -2.405
2 24 2.595 -11.75 1.728 2.866 -11.75 2.134
2 24 2.31 -8 0.957 2.5 -8 0
5 24 -2.866 -11.75 -2.134 -2.866 -10.5 -2.134 -3.272 -11.75 -2.405 -2.595 -11.75 -1.728
5 24 -2.595 -11.75 -1.728 -2.595 -10.5 -1.728 -2.866 -11.75 -2.134 -2.5 -11.75 -1.25
5 24 0.957 -8 2.31 0.957 0 2.31 0 -8 2.5 1.768 -8 1.768
5 24 1.768 -8 -1.768 1.768 0 -1.768 2.31 -8 -0.957 0.957 -8 -2.31
5 24 -3.75 -11.75 2.5 -3.75 -10.5 2.5 -3.272 -11.75 2.405 -11.25 -11.75 2.5
2 24 2.866 -10.5 2.134 3.272 -10.5 2.405
2 24 -17.5 -8 -7.5 -17.5 0 -7.5
2 24 1.768 0 1.768 2.31 0 0.957
5 24 -12.5 -11.75 1.25 -12.5 -10.5 1.25 -12.5 -11.75 -1.25 -12.405 -11.75 1.728
2 24 -20 -8 -10 20 -8 -10
2 24 3.75 -10.5 2.5 11.25 -10.5 2.5
5 24 -2.866 -11.75 2.134 -2.866 -10.5 2.134 -2.595 -11.75 1.728 -3.272 -11.75 2.405
2 24 -2.866 -11.75 -2.134 -2.595 -11.75 -1.728
2 24 -11.728 -10.5 2.405 -11.25 -10.5 2.5
2 24 -2.5 -11.75 -1.25 -2.5 -11.75 1.25
2 24 3.272 -11.75 -2.405 3.75 -11.75 -2.5
2 24 -3.75 -10.5 2.5 -3.272 -10.5 2.405
5 24 3.75 -11.75 2.5 3.75 -10.5 2.5 11.25 -11.75 2.5 3.272 -11.75 2.405
5 24 11.25 -11.75 -2.5 11.25 -10.5 -2.5 3.75 -11.75 -2.5 11.728 -11.75 -2.405
2 24 3.75 -10.5 -2.5 11.25 -10.5 -2.5
2 24 0.957 -8 2.31 1.768 -8 1.768
2 24 -2.5 0 0 -2.31 0 0.957
2 24 2.595 -10.5 -1.728 2.866 -10.5 -2.134
2 24 3.272 -10.5 -2.405 3.75 -10.5 -2.5
2 24 -0.75 -5 7.5 0.75 -5 7.5
2 24 -2.31 -8 -0.957 -1.768 -8 -1.768
2 24 -3.272 -10.5 2.405 -2.866 -10.5 2.134
2 24 -17.5 0 7.5 17.5 0 7.5
