0 Etiqueta mallorca      |M:M
0 Name: pmallorca.dat
0 Author: CPCBEGIN
0 !LDRAW_ORG Unofficial_Part
0 BFC CERTIFY CCW
0 etiqueta babor
3 16 40.094 -6.06 -6.38 40.096 -3 -3.5 40 -10.74 -6.6
3 16 40.094 -6.06 -6.38 40.087 -4.76 -5.88 40.096 -3 -3.5
3 16 40.058 -6.06 -8.49 40.087 -4.76 -5.88 40.094 -6.06 -6.38
3 16 40.058 -6.06 -8.49 39.825 -3 -11.264 40.011 -4.76 -8.969
3 16 40.058 -6.06 -8.49 40 -10.74 -8.25 39.825 -3 -11.264
3 16 40.011 -4.76 -8.969 39.825 -3 -11.264 39.919 -3 -9.607
3 16 40.058 -6.06 -8.49 40.011 -4.76 -8.969 40.087 -4.76 -5.88
3 16 40.058 -6.06 -8.49 40 -8.94 -7.45 40 -10.74 -8.25
3 16 40.096 -3 -3.5 40.087 -4.76 -5.88 40.074 -3 -5.2
3 16 40 -8.94 -7.45 40 -10.74 -6.6 40 -10.74 -8.25
3 16 40.094 -6.06 -6.38 40 -10.74 -6.6 40 -8.94 -7.45
3 16 39.937 -8.7 -14.007 40.021 -9.86 -12.919 39.939 -9 -14.207
3 16 39.939 -9 -14.207 40.021 -9.86 -12.919 40.017 -10.29 -13.399
3 16 39.814 -4.42 -12.634 39.768 -5.22 -13.982 39.719 -4.75 -14.281
3 16 39.926 -8.24 -13.837 40.007 -8.61 -12.289 39.937 -8.7 -14.007
3 16 39.814 -4.42 -12.634 39.883 -5.37 -12.266 39.768 -5.22 -13.982
3 16 39.939 -9 -14.207 40.017 -10.29 -13.399 39.934 -9.3 -14.557
3 16 40.018 -9.31 -12.559 39.937 -8.7 -14.007 40.007 -8.61 -12.289
3 16 39.67 -4.43 -14.659 39.622 -4.25 -15.097 39.671 -3.3 -13.699
3 16 40.018 -9.31 -12.559 40.021 -9.86 -12.919 39.937 -8.7 -14.007
3 16 39.719 -4.75 -14.281 39.67 -4.43 -14.659 39.753 -3.83 -13.042
3 16 39.719 -4.75 -14.281 39.753 -3.83 -13.042 39.814 -4.42 -12.634
3 16 39.883 -5.37 -12.266 39.816 -5.85 -13.784 39.768 -5.22 -13.982
3 16 39.334 -4.71 -18.553 39.517 -5.19 -17.092 39.558 -6.03 -17.334
3 16 39.334 -4.71 -18.553 39.513 -4.64 -16.672 39.517 -5.19 -17.092
3 16 39.323 -3.92 -17.993 39.537 -4.31 -16.133 39.513 -4.64 -16.672
3 16 39.323 -3.92 -17.993 39.513 -4.64 -16.672 39.334 -4.71 -18.553
3 16 39.334 -4.71 -18.553 39.558 -6.03 -17.334 39.401 -5.94 -18.927
3 16 39.49 -7.12 -18.991 39.706 -8.11 -17.26 39.59 -8.26 -18.825
3 16 39.59 -8.26 -18.825 39.706 -8.11 -17.26 39.77 -8.81 -16.952
3 16 39.49 -7.12 -18.991 39.632 -7.14 -17.387 39.706 -8.11 -17.26
3 16 39.401 -5.94 -18.927 39.558 -6.03 -17.334 39.632 -7.14 -17.387
3 16 39.401 -5.94 -18.927 39.632 -7.14 -17.387 39.49 -7.12 -18.991
3 16 39.67 -4.43 -14.659 39.671 -3.3 -13.699 39.753 -3.83 -13.042
3 16 39.898 -9.54 -15.466 39.921 -9.48 -14.987 39.957 -10.87 -15.388
3 16 39.917 -10.81 -16.167 39.898 -9.54 -15.466 39.957 -10.87 -15.388
3 16 39.488 -2.87 -15.471 39.586 -4.2 -15.485 39.404 -2.99 -16.437
3 16 39.957 -10.87 -15.388 39.921 -9.48 -14.987 39.984 -10.82 -14.718
3 16 39.488 -2.87 -15.471 39.581 -2.97 -14.515 39.586 -4.2 -15.485
3 16 39.87 -10.61 -16.856 39.816 -10.27 -17.474 39.865 -9.47 -16.005
3 16 39.87 -10.61 -16.856 39.865 -9.47 -16.005 39.917 -10.81 -16.167
3 16 39.865 -9.47 -16.005 39.898 -9.54 -15.466 39.917 -10.81 -16.167
3 16 39.826 -9.26 -16.474 39.865 -9.47 -16.005 39.816 -10.27 -17.474
3 16 39.826 -9.26 -16.474 39.816 -10.27 -17.474 39.754 -9.81 -18.012
3 16 39.586 -4.2 -15.485 39.581 -2.97 -14.515 39.622 -4.25 -15.097
3 16 39.348 -3.34 -17.274 39.537 -4.31 -16.133 39.323 -3.92 -17.993
3 16 39.586 -4.2 -15.485 39.537 -4.31 -16.133 39.404 -2.99 -16.437
3 16 40.003 -10.67 -14.109 39.934 -9.3 -14.557 40.017 -10.29 -13.399
3 16 39.77 -8.81 -16.952 39.826 -9.26 -16.474 39.663 -9 -18.558
3 16 39.77 -8.81 -16.952 39.663 -9 -18.558 39.59 -8.26 -18.825
3 16 39.348 -3.34 -17.274 39.404 -2.99 -16.437 39.537 -4.31 -16.133
3 16 39.826 -9.26 -16.474 39.754 -9.81 -18.012 39.663 -9 -18.558
3 16 39.921 -9.48 -14.987 39.934 -9.3 -14.557 39.984 -10.82 -14.718
3 16 39.934 -9.3 -14.557 40.003 -10.67 -14.109 39.984 -10.82 -14.718
3 16 39.622 -4.25 -15.097 39.581 -2.97 -14.515 39.671 -3.3 -13.699
3 16 39.326 -10.74 -23.653 39.001 -9.43 -25.364 39.148 -9.43 -24.153
3 16 39.301 -9.3 -22.682 39.31 -9.1 -22.432 39.487 -10.53 -21.861
3 16 39.148 -9.43 -24.153 39.235 -9.43 -23.398 39.43 -10.69 -22.588
3 16 39.065 -5.77 -21.798 39.054 -6.11 -22.177 38.815 -5.82 -23.772
3 16 39.148 -9.43 -24.153 39.43 -10.69 -22.588 39.326 -10.74 -23.653
3 16 37.967 -3 -26.846 39.001 -9.43 -25.364 38.942 -10.74 -26.92
3 16 37.967 -3 -26.846 38.23 -3 -25.308 38.643 -6.23 -25.34
3 16 39.275 -9.41 -23.02 39.301 -9.3 -22.682 39.487 -10.53 -21.861
3 16 39.235 -9.43 -23.398 39.487 -10.53 -21.861 39.43 -10.69 -22.588
3 16 39.235 -9.43 -23.398 39.275 -9.41 -23.02 39.487 -10.53 -21.861
3 16 39.065 -5.77 -21.798 38.812 -5.42 -23.462 39.062 -5.28 -21.418
3 16 38.815 -5.82 -23.772 39.057 -7.49 -23.298 38.941 -7.47 -24.2
3 16 38.805 -6.05 -24.041 38.941 -7.47 -24.2 38.783 -6.16 -24.29
3 16 39.062 -5.28 -21.418 38.798 -4.68 -22.951 39.046 -4.51 -20.907
3 16 38.815 -5.82 -23.772 38.941 -7.47 -24.2 38.805 -6.05 -24.041
3 16 38.941 -7.47 -24.2 38.643 -6.23 -25.34 38.743 -6.22 -24.627
3 16 39.065 -5.77 -21.798 38.815 -5.82 -23.772 38.812 -5.42 -23.462
3 16 38.812 -5.42 -23.462 38.798 -4.68 -22.951 39.062 -5.28 -21.418
3 16 38.815 -5.82 -23.772 39.054 -6.11 -22.177 39.029 -6.42 -22.636
3 16 38.941 -7.47 -24.2 38.743 -6.22 -24.627 38.783 -6.16 -24.29
3 16 39.057 -7.49 -23.298 38.815 -5.82 -23.772 39.029 -6.42 -22.636
3 16 39.514 -9.79 -20.952 39.512 -10.24 -21.352 39.31 -9.1 -22.432
3 16 39.31 -9.1 -22.432 39.303 -8.83 -22.272 39.493 -9.22 -20.701
3 16 39.277 -8.47 -22.22 39.373 -7.78 -20.735 39.45 -8.57 -20.619
3 16 39.166 -7.69 -22.554 39.029 -6.42 -22.636 39.16 -6.67 -21.754
3 16 39.166 -7.69 -22.554 39.124 -7.56 -22.802 39.029 -6.42 -22.636
3 16 39.303 -8.83 -22.272 39.45 -8.57 -20.619 39.493 -9.22 -20.701
3 16 39.303 -8.83 -22.272 39.277 -8.47 -22.22 39.45 -8.57 -20.619
3 16 39.277 -8.47 -22.22 39.243 -8.15 -22.258 39.373 -7.78 -20.735
3 16 39.31 -9.1 -22.432 39.512 -10.24 -21.352 39.487 -10.53 -21.861
3 16 39.514 -9.79 -20.952 39.31 -9.1 -22.432 39.493 -9.22 -20.701
3 16 39.029 -6.42 -22.636 39.124 -7.56 -22.802 39.057 -7.49 -23.298
3 16 39.001 -9.43 -25.364 39.326 -10.74 -23.653 38.942 -10.74 -26.92
3 16 38.788 -7.47 -25.35 39.001 -9.43 -25.364 37.967 -3 -26.846
3 16 38.643 -6.23 -25.34 38.941 -7.47 -24.2 38.788 -7.47 -25.35
3 16 38.761 -3 -21.818 39.046 -4.51 -20.907 38.798 -4.68 -22.951
3 16 38.761 -3 -21.818 39.006 -3 -19.964 39.046 -4.51 -20.907
3 16 39.205 -7.89 -22.376 39.166 -7.69 -22.554 39.16 -6.67 -21.754
3 16 39.205 -7.89 -22.376 39.275 -7.13 -21.12 39.243 -8.15 -22.258
3 16 39.275 -7.13 -21.12 39.373 -7.78 -20.735 39.243 -8.15 -22.258
3 16 37.967 -3 -26.846 38.643 -6.23 -25.34 38.788 -7.47 -25.35
3 16 39.205 -7.89 -22.376 39.16 -6.67 -21.754 39.275 -7.13 -21.12
3 16 38.213 -8.06 -29.626 38.335 -6.86 -27.876 38.492 -8.29 -28.069
3 16 37.217 -8.23 -35.124 37.282 -6.88 -33.681 37.501 -8.04 -33.553
3 16 38.075 -6.9 -29.475 38.335 -6.86 -27.876 38.213 -8.06 -29.626
3 16 37.117 -5.72 -33.514 37.282 -6.88 -33.681 36.941 -6.82 -35.256
3 16 36.941 -6.82 -35.256 37.282 -6.88 -33.681 37.217 -8.23 -35.124
3 16 38.213 -8.06 -29.626 38.556 -9.44 -28.603 38.252 -8.88 -30.07
3 16 38.252 -8.88 -30.07 38.556 -9.44 -28.603 38.208 -9.37 -30.746
3 16 37.504 -9.37 -34.643 37.501 -8.04 -33.553 37.715 -8.88 -33.133
3 16 37.217 -8.23 -35.124 37.501 -8.04 -33.553 37.504 -9.37 -34.643
3 16 38.213 -8.06 -29.626 38.492 -8.29 -28.069 38.556 -9.44 -28.603
3 16 38.075 -6.9 -29.475 38.113 -5.44 -28.038 38.335 -6.86 -27.876
3 16 36.639 -4.29 -34.513 37.122 -4.37 -32.365 37.067 -4.88 -33.049
3 16 37.67 -4.88 -30.039 37.857 -4.3 -28.546 38.113 -5.44 -28.038
3 16 37.461 -4.37 -30.699 37.857 -4.3 -28.546 37.67 -4.88 -30.039
3 16 36.7 -3.34 -33.449 37.122 -4.37 -32.365 36.639 -4.29 -34.513
3 16 37.461 -4.37 -30.699 37.513 -3.34 -29.574 37.857 -4.3 -28.546
3 16 37.879 -5.72 -29.608 38.113 -5.44 -28.038 38.075 -6.9 -29.475
3 16 36.729 -5.42 -35.053 37.117 -5.72 -33.514 36.941 -6.82 -35.256
3 16 36.729 -5.42 -35.053 37.067 -4.88 -33.049 37.117 -5.72 -33.514
3 16 37.67 -4.88 -30.039 38.113 -5.44 -28.038 37.879 -5.72 -29.608
3 16 36.639 -4.29 -34.513 37.067 -4.88 -33.049 36.729 -5.42 -35.053
3 16 37.912 -9.37 -32.461 38.138 -10.82 -32.37 37.856 -10.39 -33.626
3 16 38.514 -10.4 -29.68 38.389 -10.81 -30.831 38.208 -9.37 -30.746
3 16 37.912 -9.37 -32.461 38.087 -9.54 -31.606 38.138 -10.82 -32.37
3 16 37.461 -4.37 -30.699 37.278 -2.99 -30.461 37.513 -3.34 -29.574
3 16 38.087 -9.54 -31.606 38.267 -10.87 -31.641 38.138 -10.82 -32.37
3 16 38.087 -9.54 -31.606 38.208 -9.37 -30.746 38.389 -10.81 -30.831
3 16 38.087 -9.54 -31.606 38.389 -10.81 -30.831 38.267 -10.87 -31.641
3 16 37.715 -8.88 -33.133 37.856 -10.39 -33.626 37.504 -9.37 -34.643
3 16 38.514 -10.4 -29.68 38.208 -9.37 -30.746 38.556 -9.44 -28.603
3 16 37.715 -8.88 -33.133 37.912 -9.37 -32.461 37.856 -10.39 -33.626
3 16 36.834 -2.99 -32.554 37.041 -2.87 -31.496 37.265 -4.2 -31.529
3 16 37.041 -2.87 -31.496 37.278 -2.99 -30.461 37.265 -4.2 -31.529
3 16 37.122 -4.37 -32.365 36.7 -3.34 -33.449 36.834 -2.99 -32.554
3 16 37.461 -4.37 -30.699 37.265 -4.2 -31.529 37.278 -2.99 -30.461
3 16 37.122 -4.37 -32.365 36.834 -2.99 -32.554 37.265 -4.2 -31.529
3 16 34.484 -3 -41.756 36.169 -4.3 -36.528 35.201 -4.3 -40.296
3 16 34.484 -3 -41.756 35.91 -3 -36.497 36.169 -4.3 -36.528
3 16 34.484 -3 -41.756 35.201 -4.3 -40.296 36.497 -10.68 -40.456
3 16 34.484 -3 -41.756 36.497 -10.68 -40.456 36.137 -10.68 -41.974
3 16 32.533 -3 -47.904 34.507 -4.3 -42.76 33.367 -4.3 -46.479
3 16 32.533 -3 -47.904 34.2 -3 -42.715 34.507 -4.3 -42.76
3 16 32.533 -3 -47.904 33.367 -4.3 -46.479 34.899 -10.68 -46.705
3 16 32.533 -3 -47.904 34.899 -10.68 -46.705 34.469 -10.68 -48.204
3 16 32.096 -6.06 -51.71 32.205 -3 -48.849 33.276 -10.74 -52.125
3 16 32.096 -6.06 -51.71 31.9 -4.76 -51.176 32.205 -3 -48.849
3 16 31.377 -6.06 -53.694 31.9 -4.76 -51.176 32.096 -6.06 -51.71
3 16 31.377 -6.06 -53.694 29.431 -3 -56.105 30.826 -4.76 -54.073
3 16 31.377 -6.06 -53.694 32.758 -10.74 -53.691 29.431 -3 -56.105
3 16 30.826 -4.76 -54.073 29.431 -3 -56.105 30.057 -3 -54.568
3 16 31.377 -6.06 -53.694 30.826 -4.76 -54.073 31.9 -4.76 -51.176
3 16 31.377 -6.06 -53.694 32.533 -8.94 -52.854 32.758 -10.74 -53.691
3 16 32.205 -3 -48.849 31.9 -4.76 -51.176 31.633 -3 -50.449
3 16 32.533 -8.94 -52.854 33.276 -10.74 -52.125 32.758 -10.74 -53.691
3 16 32.096 -6.06 -51.71 33.276 -10.74 -52.125 32.533 -8.94 -52.854
3 16 25.949 -3 -63.836 26.577 -3 -62.529 28.673 -9.1 -62.982
3 16 30.416 -9.1 -58.747 29.045 -3 -57.028 31.419 -10.74 -57.481
3 16 30.416 -9.1 -58.747 31.419 -10.74 -57.481 30.586 -10.74 -59.679
3 16 27.226 -3 -61.144 28.377 -5.46 -60.63 28.673 -9.1 -62.982
3 16 27.226 -3 -61.144 27.851 -3 -59.769 28.377 -5.46 -60.63
3 16 28.473 -3 -58.36 29.045 -3 -57.028 30.416 -9.1 -58.747
3 16 28.377 -5.46 -60.63 27.851 -3 -59.769 30.416 -9.1 -58.747
3 16 28.673 -9.1 -62.982 29.549 -10.74 -62.269 28.64 -10.74 -64.425
3 16 25.949 -3 -63.836 28.673 -9.1 -62.982 28.64 -10.74 -64.425
3 16 28.377 -5.46 -60.63 30.416 -9.1 -58.747 30.586 -10.74 -59.679
3 16 28.673 -9.1 -62.982 28.377 -5.46 -60.63 29.549 -10.74 -62.269
0 etiqueta estribor
3 16 -40.096 -3 -3.5 -40.079 -3 -4.95 -40 -9.1 -4.95
3 16 -40.086 -9.1 -9.53 -39.843 -3 -10.975 -40.085 -10.74 -10.98
3 16 -40.086 -9.1 -9.53 -40.085 -10.74 -10.98 -40 -10.74 -8.63
3 16 -40.043 -3 -6.479 -40.074 -5.46 -7.24 -40 -9.1 -4.95
3 16 -40.043 -3 -6.479 -39.992 -3 -7.989 -40.074 -5.46 -7.24
3 16 -39.924 -3 -9.527 -39.843 -3 -10.975 -40.086 -9.1 -9.53
3 16 -40.074 -5.46 -7.24 -39.992 -3 -7.989 -40.086 -9.1 -9.53
3 16 -40 -9.1 -4.95 -40 -10.74 -5.84 -40 -10.74 -3.5
3 16 -40.096 -3 -3.5 -40 -9.1 -4.95 -40 -10.74 -3.5
3 16 -40.074 -5.46 -7.24 -40.086 -9.1 -9.53 -40 -10.74 -8.63
3 16 -40 -9.1 -4.95 -40.074 -5.46 -7.24 -40 -10.74 -5.84
3 16 -39.601 -6.06 -16.856 -39.039 -3 -19.706 -39.888 -10.74 -16.646
3 16 -39.601 -6.06 -16.856 -39.459 -4.76 -17.35 -39.039 -3 -19.706
3 16 -39.763 -6.06 -14.752 -39.459 -4.76 -17.35 -39.601 -6.06 -16.856
3 16 -39.763 -6.06 -14.752 -39.779 -3 -11.973 -39.72 -4.76 -14.271
3 16 -39.763 -6.06 -14.752 -39.969 -10.74 -14.998 -39.779 -3 -11.973
3 16 -39.72 -4.76 -14.271 -39.779 -3 -11.973 -39.657 -3 -13.628
3 16 -39.763 -6.06 -14.752 -39.72 -4.76 -14.271 -39.459 -4.76 -17.35
3 16 -39.763 -6.06 -14.752 -39.851 -8.94 -15.795 -39.969 -10.74 -14.998
3 16 -39.039 -3 -19.706 -39.459 -4.76 -17.35 -39.237 -3 -18.018
3 16 -39.851 -8.94 -15.795 -39.888 -10.74 -16.646 -39.969 -10.74 -14.998
3 16 -39.601 -6.06 -16.856 -39.888 -10.74 -16.646 -39.851 -8.94 -15.795
3 16 -38.912 -3 -20.698 -38.277 -4.3 -26.102 -38.849 -4.3 -22.254
3 16 -38.912 -3 -20.698 -38.099 -3 -26.087 -38.277 -4.3 -26.102
3 16 -38.912 -3 -20.698 -38.849 -4.3 -22.254 -39.458 -10.68 -22.29
3 16 -38.912 -3 -20.698 -39.458 -10.68 -22.29 -39.599 -10.68 -20.736
3 16 -37.927 -3 -27.072 -37.093 -4.3 -32.442 -37.842 -4.3 -28.625
3 16 -37.927 -3 -27.072 -36.866 -3 -32.417 -37.093 -4.3 -32.442
3 16 -37.927 -3 -27.072 -37.842 -4.3 -28.625 -38.694 -10.68 -28.693
3 16 -37.927 -3 -27.072 -38.694 -10.68 -28.693 -38.906 -10.68 -27.148
3 16 -36.219 -8.06 -39.454 -35.547 -6.86 -41.131 -35.887 -8.29 -40.994
3 16 -37.444 -8.23 -33.997 -36.922 -6.88 -35.394 -37.093 -8.04 -35.562
3 16 -35.956 -6.9 -39.562 -35.547 -6.86 -41.131 -36.219 -8.06 -39.454
3 16 -36.681 -5.72 -35.517 -36.922 -6.88 -35.394 -37.244 -6.82 -33.817
3 16 -37.244 -6.82 -33.817 -36.922 -6.88 -35.394 -37.444 -8.23 -33.997
3 16 -36.219 -8.06 -39.454 -36.242 -9.44 -40.507 -36.477 -8.88 -39.044
3 16 -36.477 -8.88 -39.044 -36.242 -9.44 -40.507 -36.719 -9.37 -38.391
3 16 -37.529 -9.37 -34.515 -37.093 -8.04 -35.562 -37.146 -8.88 -36.007
3 16 -37.444 -8.23 -33.997 -37.093 -8.04 -35.562 -37.529 -9.37 -34.515
3 16 -36.219 -8.06 -39.454 -35.887 -8.29 -40.994 -36.242 -9.44 -40.507
3 16 -35.956 -6.9 -39.562 -35.289 -5.44 -40.917 -35.547 -6.86 -41.131
3 16 -36.65 -4.29 -34.464 -36.163 -4.37 -36.607 -36.422 -4.88 -35.948
3 16 -35.69 -4.88 -38.929 -35.18 -4.3 -40.373 -35.289 -5.44 -40.917
3 16 -35.753 -4.37 -38.257 -35.18 -4.3 -40.373 -35.69 -4.88 -38.929
3 16 -36.227 -3.34 -35.485 -36.163 -4.37 -36.607 -36.65 -4.29 -34.464
3 16 -35.753 -4.37 -38.257 -35.248 -3.34 -39.322 -35.18 -4.3 -40.373
3 16 -35.752 -5.72 -39.387 -35.289 -5.44 -40.917 -35.956 -6.9 -39.562
3 16 -36.967 -5.42 -33.968 -36.681 -5.72 -35.517 -37.244 -6.82 -33.817
3 16 -36.967 -5.42 -33.968 -36.422 -4.88 -35.948 -36.681 -5.72 -35.517
3 16 -35.69 -4.88 -38.929 -35.289 -5.44 -40.917 -35.752 -5.72 -39.387
3 16 -36.65 -4.29 -34.464 -36.422 -4.88 -35.948 -36.967 -5.42 -33.968
3 16 -37.088 -9.37 -36.691 -37.311 -10.82 -36.824 -37.491 -10.39 -35.562
3 16 -36.668 -10.4 -39.476 -36.991 -10.81 -38.351 -36.719 -9.37 -38.391
3 16 -37.088 -9.37 -36.691 -36.936 -9.54 -37.545 -37.311 -10.82 -36.824
3 16 -35.753 -4.37 -38.257 -35.408 -2.99 -38.433 -35.248 -3.34 -39.322
3 16 -36.936 -9.54 -37.545 -37.17 -10.87 -37.55 -37.311 -10.82 -36.824
3 16 -36.936 -9.54 -37.545 -36.719 -9.37 -38.391 -36.991 -10.81 -38.351
3 16 -36.936 -9.54 -37.545 -36.991 -10.81 -38.351 -37.17 -10.87 -37.55
3 16 -37.146 -8.88 -36.007 -37.491 -10.39 -35.562 -37.529 -9.37 -34.515
3 16 -36.668 -10.4 -39.476 -36.719 -9.37 -38.391 -36.242 -9.44 -40.507
3 16 -37.146 -8.88 -36.007 -37.088 -9.37 -36.691 -37.491 -10.39 -35.562
3 16 -35.941 -2.99 -36.361 -35.651 -2.87 -37.404 -35.926 -4.2 -37.429
3 16 -35.651 -2.87 -37.404 -35.408 -2.99 -38.433 -35.926 -4.2 -37.429
3 16 -36.163 -4.37 -36.607 -36.227 -3.34 -35.485 -35.941 -2.99 -36.361
3 16 -35.753 -4.37 -38.257 -35.926 -4.2 -37.429 -35.408 -2.99 -38.433
3 16 -36.163 -4.37 -36.607 -35.941 -2.99 -36.361 -35.926 -4.2 -37.429
3 16 -35.276 -10.74 -45.386 -35.44 -9.43 -43.677 -35.123 -9.43 -44.855
3 16 -34.695 -9.3 -46.276 -34.579 -9.1 -46.51 -34.748 -10.53 -47.114
3 16 -35.123 -9.43 -44.855 -34.92 -9.43 -45.588 -34.982 -10.69 -46.416
3 16 -33.596 -5.77 -46.984 -33.794 -6.11 -46.635 -34.194 -5.82 -45.084
3 16 -35.123 -9.43 -44.855 -34.982 -10.69 -46.416 -35.276 -10.74 -45.386
3 16 -34.419 -3 -41.977 -35.44 -9.43 -43.677 -36.094 -10.74 -42.199
3 16 -34.419 -3 -41.977 -33.971 -3 -43.471 -34.734 -6.23 -43.582
3 16 -34.813 -9.41 -45.953 -34.695 -9.3 -46.276 -34.748 -10.53 -47.114
3 16 -34.92 -9.43 -45.588 -34.748 -10.53 -47.114 -34.982 -10.69 -46.416
3 16 -34.92 -9.43 -45.588 -34.813 -9.41 -45.953 -34.748 -10.53 -47.114
3 16 -33.596 -5.77 -46.984 -34.008 -5.42 -45.367 -33.356 -5.28 -47.327
3 16 -34.194 -5.82 -45.084 -34.45 -7.49 -45.612 -34.699 -7.47 -44.737
3 16 -34.326 -6.05 -44.834 -34.699 -7.47 -44.737 -34.423 -6.16 -44.598
3 16 -33.356 -5.28 -47.327 -33.675 -4.68 -45.827 -32.999 -4.51 -47.78
3 16 -34.194 -5.82 -45.084 -34.699 -7.47 -44.737 -34.326 -6.05 -44.834
3 16 -34.699 -7.47 -44.737 -34.734 -6.23 -43.582 -34.532 -6.22 -44.273
3 16 -33.596 -5.77 -46.984 -34.194 -5.82 -45.084 -34.008 -5.42 -45.367
3 16 -34.008 -5.42 -45.367 -33.675 -4.68 -45.827 -33.356 -5.28 -47.327
3 16 -34.194 -5.82 -45.084 -33.794 -6.11 -46.635 -34.006 -6.42 -46.207
3 16 -34.699 -7.47 -44.737 -34.532 -6.22 -44.273 -34.423 -6.16 -44.598
3 16 -34.45 -7.49 -45.612 -34.194 -5.82 -45.084 -34.006 -6.42 -46.207
3 16 -34.322 -9.79 -47.963 -34.54 -10.24 -47.595 -34.579 -9.1 -46.51
3 16 -34.579 -9.1 -46.51 -34.472 -8.83 -46.655 -34.114 -9.22 -48.183
3 16 -34.373 -8.47 -46.691 -33.774 -7.78 -48.092 -33.933 -8.57 -48.236
3 16 -34.285 -7.69 -46.338 -34.006 -6.42 -46.207 -33.805 -6.67 -47.066
3 16 -34.285 -7.69 -46.338 -34.325 -7.56 -46.094 -34.006 -6.42 -46.207
3 16 -34.472 -8.83 -46.655 -33.933 -8.57 -48.236 -34.114 -9.22 -48.183
3 16 -34.472 -8.83 -46.655 -34.373 -8.47 -46.691 -33.933 -8.57 -48.236
3 16 -34.373 -8.47 -46.691 -34.309 -8.15 -46.641 -33.774 -7.78 -48.092
3 16 -34.579 -9.1 -46.51 -34.54 -10.24 -47.595 -34.748 -10.53 -47.114
3 16 -34.322 -9.79 -47.963 -34.579 -9.1 -46.51 -34.114 -9.22 -48.183
3 16 -34.006 -6.42 -46.207 -34.325 -7.56 -46.094 -34.45 -7.49 -45.612
3 16 -35.44 -9.43 -43.677 -35.276 -10.74 -45.386 -36.094 -10.74 -42.199
3 16 -35.013 -7.47 -43.62 -35.44 -9.43 -43.677 -34.419 -3 -41.977
3 16 -34.734 -6.23 -43.582 -34.699 -7.47 -44.737 -35.013 -7.47 -43.62
3 16 -32.895 -3 -46.833 -32.999 -4.51 -47.78 -33.675 -4.68 -45.827
3 16 -32.895 -3 -46.833 -32.291 -3 -48.603 -32.999 -4.51 -47.78
3 16 -34.281 -7.89 -46.517 -34.285 -7.69 -46.338 -33.805 -6.67 -47.066
3 16 -34.281 -7.89 -46.517 -33.729 -7.13 -47.695 -34.309 -8.15 -46.641
3 16 -33.729 -7.13 -47.695 -33.774 -7.78 -48.092 -34.309 -8.15 -46.641
3 16 -34.419 -3 -41.977 -34.734 -6.23 -43.582 -35.013 -7.47 -43.62
3 16 -34.281 -7.89 -46.517 -33.805 -6.67 -47.066 -33.729 -7.13 -47.695
3 16 -31.874 -8.7 -54.532 -31.833 -9.86 -55.614 -32.026 -9 -54.358
3 16 -32.026 -9 -54.358 -31.833 -9.86 -55.614 -32.114 -10.29 -55.183
3 16 -30.125 -4.42 -55.581 -30.859 -5.22 -54.37 -30.827 -4.75 -54.064
3 16 -31.686 -8.24 -54.669 -31.257 -8.61 -56.142 -31.874 -8.7 -54.532
3 16 -30.125 -4.42 -55.581 -30.281 -5.37 -55.981 -30.859 -5.22 -54.37
3 16 -32.026 -9 -54.358 -32.114 -10.29 -55.183 -32.225 -9.3 -54.042
3 16 -31.553 -9.31 -55.925 -31.874 -8.7 -54.532 -31.257 -8.61 -56.142
3 16 -30.867 -4.43 -53.691 -30.97 -4.25 -53.27 -30.176 -3.3 -54.521
3 16 -31.553 -9.31 -55.925 -31.833 -9.86 -55.614 -31.874 -8.7 -54.532
3 16 -30.827 -4.75 -54.064 -30.867 -4.43 -53.691 -30.095 -3.83 -55.165
3 16 -30.827 -4.75 -54.064 -30.095 -3.83 -55.165 -30.125 -4.42 -55.581
3 16 -30.281 -5.37 -55.981 -30.975 -5.85 -54.591 -30.859 -5.22 -54.37
3 16 -32.289 -4.71 -50.033 -31.933 -5.19 -51.442 -32.247 -6.03 -51.256
3 16 -32.289 -4.71 -50.033 -31.635 -4.64 -51.81 -31.933 -5.19 -51.442
3 16 -31.883 -3.92 -50.523 -31.354 -4.31 -52.3 -31.635 -4.64 -51.81
3 16 -31.883 -3.92 -50.523 -31.635 -4.64 -51.81 -32.289 -4.71 -50.033
3 16 -32.289 -4.71 -50.033 -32.247 -6.03 -51.256 -32.742 -5.94 -49.739
3 16 -33.072 -7.12 -49.732 -32.783 -8.11 -51.425 -33.314 -8.26 -49.941
3 16 -33.314 -8.26 -49.941 -32.783 -8.11 -51.425 -32.87 -8.81 -51.749
3 16 -33.072 -7.12 -49.732 -32.565 -7.14 -51.259 -32.783 -8.11 -51.425
3 16 -32.742 -5.94 -49.739 -32.247 -6.03 -51.256 -32.565 -7.14 -51.259
3 16 -32.742 -5.94 -49.739 -32.565 -7.14 -51.259 -33.072 -7.12 -49.732
3 16 -30.867 -4.43 -53.691 -30.176 -3.3 -54.521 -30.095 -3.83 -55.165
3 16 -32.588 -9.54 -53.193 -32.416 -9.48 -53.644 -32.917 -10.87 -53.327
3 16 -33.146 -10.81 -52.584 -32.588 -9.54 -53.193 -32.917 -10.87 -53.327
3 16 -30.695 -2.87 -52.839 -31.094 -4.2 -52.903 -31.077 -2.99 -51.94
3 16 -32.917 -10.87 -53.327 -32.416 -9.48 -53.644 -32.69 -10.82 -53.96
3 16 -30.695 -2.87 -52.839 -30.377 -2.97 -53.739 -31.094 -4.2 -52.903
3 16 -33.308 -10.61 -51.92 -33.411 -10.27 -51.316 -32.743 -9.47 -52.679
3 16 -33.308 -10.61 -51.92 -32.743 -9.47 -52.679 -33.146 -10.81 -52.584
3 16 -32.743 -9.47 -52.679 -32.588 -9.54 -53.193 -33.146 -10.81 -52.584
3 16 -32.837 -9.26 -52.224 -32.743 -9.47 -52.679 -33.411 -10.27 -51.316
3 16 -32.837 -9.26 -52.224 -33.411 -10.27 -51.316 -33.459 -9.81 -50.783
3 16 -31.094 -4.2 -52.903 -30.377 -2.97 -53.739 -30.97 -4.25 -53.27
3 16 -31.472 -3.34 -51.171 -31.354 -4.31 -52.3 -31.883 -3.92 -50.523
3 16 -31.094 -4.2 -52.903 -31.354 -4.31 -52.3 -31.077 -2.99 -51.94
3 16 -32.452 -10.67 -54.53 -32.225 -9.3 -54.042 -32.114 -10.29 -55.183
3 16 -32.87 -8.81 -51.749 -32.837 -9.26 -52.224 -33.421 -9 -50.227
3 16 -32.87 -8.81 -51.749 -33.421 -9 -50.227 -33.314 -8.26 -49.941
3 16 -31.472 -3.34 -51.171 -31.077 -2.99 -51.94 -31.354 -4.31 -52.3
3 16 -32.837 -9.26 -52.224 -33.459 -9.81 -50.783 -33.421 -9 -50.227
3 16 -32.416 -9.48 -53.644 -32.225 -9.3 -54.042 -32.69 -10.82 -53.96
3 16 -32.225 -9.3 -54.042 -32.452 -10.67 -54.53 -32.69 -10.82 -53.96
3 16 -30.97 -4.25 -53.27 -30.377 -2.97 -53.739 -30.176 -3.3 -54.521
3 16 -28.232 -6.06 -61.46 -25.949 -3 -63.836 -29.837 -10.74 -61.565
3 16 -28.232 -6.06 -61.46 -27.586 -4.76 -61.822 -25.949 -3 -63.836
3 16 -29.068 -6.06 -59.523 -27.586 -4.76 -61.822 -28.232 -6.06 -61.46
3 16 -29.068 -6.06 -59.523 -29.157 -3 -56.761 -28.832 -4.76 -58.994
3 16 -29.068 -6.06 -59.523 -30.448 -10.74 -60.033 -29.157 -3 -56.761
3 16 -28.832 -4.76 -58.994 -29.157 -3 -56.761 -28.505 -3 -58.287
3 16 -29.068 -6.06 -59.523 -28.832 -4.76 -58.994 -27.586 -4.76 -61.822
3 16 -29.068 -6.06 -59.523 -29.591 -8.94 -60.667 -30.448 -10.74 -60.033
3 16 -25.949 -3 -63.836 -27.586 -4.76 -61.822 -26.684 -3 -62.303
3 16 -29.591 -8.94 -60.667 -29.837 -10.74 -61.565 -30.448 -10.74 -60.033
3 16 -28.232 -6.06 -61.46 -29.837 -10.74 -61.565 -29.591 -8.94 -60.667

