0 Etiqueta nordic      |M:M
0 Name: pnordic.dat
0 Author: CPCBEGIN
0 !LDRAW_ORG Unofficial_Part
0 BFC CERTIFY CCW
0 etiqueta babor
3 16 39.479 -8.7 -20.42 39.658 -9.86 -19.338 39.484 -9 -20.621
3 16 39.484 -9 -20.621 39.658 -9.86 -19.338 39.648 -10.29 -19.818
3 16 39.255 -4.42 -19.039 39.179 -5.22 -20.385 39.098 -4.75 -20.68
3 16 39.459 -8.24 -20.25 39.624 -8.61 -18.707 39.479 -8.7 -20.42
3 16 39.255 -4.42 -19.039 39.378 -5.37 -18.676 39.179 -5.22 -20.385
3 16 39.484 -9 -20.621 39.648 -10.29 -19.818 39.474 -9.3 -20.97
3 16 39.65 -9.31 -18.978 39.479 -8.7 -20.42 39.624 -8.61 -18.707
3 16 39.019 -4.43 -21.055 38.945 -4.25 -21.49 39.021 -3.3 -20.095
3 16 39.65 -9.31 -18.978 39.658 -9.86 -19.338 39.479 -8.7 -20.42
3 16 39.098 -4.75 -20.68 39.019 -4.43 -21.055 39.154 -3.83 -19.443
3 16 39.098 -4.75 -20.68 39.154 -3.83 -19.443 39.255 -4.42 -19.039
3 16 39.378 -5.37 -18.676 39.26 -5.85 -20.189 39.179 -5.22 -20.385
3 16 38.515 -4.71 -24.93 38.783 -5.19 -23.48 38.846 -6.03 -23.724
3 16 38.515 -4.71 -24.93 38.778 -4.64 -23.059 38.783 -5.19 -23.48
3 16 38.5 -3.92 -24.369 38.814 -4.31 -22.522 38.778 -4.64 -23.059
3 16 38.5 -3.92 -24.369 38.778 -4.64 -23.059 38.515 -4.71 -24.93
3 16 38.515 -4.71 -24.93 38.846 -6.03 -23.724 38.612 -5.94 -25.308
3 16 38.743 -7.12 -25.377 39.076 -8.11 -23.659 38.894 -8.26 -25.217
3 16 38.894 -8.26 -25.217 39.076 -8.11 -23.659 39.181 -8.81 -23.355
3 16 38.743 -7.12 -25.377 38.96 -7.14 -23.781 39.076 -8.11 -23.659
3 16 38.612 -5.94 -25.308 38.846 -6.03 -23.724 38.96 -7.14 -23.781
3 16 38.612 -5.94 -25.308 38.96 -7.14 -23.781 38.743 -7.12 -25.377
3 16 39.019 -4.43 -21.055 39.021 -3.3 -20.095 39.154 -3.83 -19.443
3 16 39.406 -9.54 -21.877 39.448 -9.48 -21.399 39.519 -10.87 -21.802
3 16 39.441 -10.81 -22.579 39.406 -9.54 -21.877 39.519 -10.87 -21.802
3 16 38.74 -2.87 -21.857 38.889 -4.2 -21.877 38.617 -2.99 -22.818
3 16 39.519 -10.87 -21.802 39.448 -9.48 -21.399 39.575 -10.82 -21.135
3 16 38.74 -2.87 -21.857 38.881 -2.97 -20.906 38.889 -4.2 -21.877
3 16 39.355 -10.61 -23.264 39.259 -10.27 -23.879 39.345 -9.47 -22.414
3 16 39.355 -10.61 -23.264 39.345 -9.47 -22.414 39.441 -10.81 -22.579
3 16 39.345 -9.47 -22.414 39.406 -9.54 -21.877 39.441 -10.81 -22.579
3 16 39.276 -9.26 -22.88 39.345 -9.47 -22.414 39.259 -10.27 -23.879
3 16 39.276 -9.26 -22.88 39.259 -10.27 -23.879 39.155 -9.81 -24.413
3 16 38.889 -4.2 -21.877 38.881 -2.97 -20.906 38.945 -4.25 -21.49
3 16 38.536 -3.34 -23.652 38.814 -4.31 -22.522 38.5 -3.92 -24.369
3 16 38.889 -4.2 -21.877 38.814 -4.31 -22.522 38.617 -2.99 -22.818
3 16 39.616 -10.67 -20.527 39.474 -9.3 -20.97 39.648 -10.29 -19.818
3 16 39.181 -8.81 -23.355 39.276 -9.26 -22.88 39.008 -9 -24.954
3 16 39.181 -8.81 -23.355 39.008 -9 -24.954 38.894 -8.26 -25.217
3 16 38.536 -3.34 -23.652 38.617 -2.99 -22.818 38.814 -4.31 -22.522
3 16 39.276 -9.26 -22.88 39.155 -9.81 -24.413 39.008 -9 -24.954
3 16 39.448 -9.48 -21.399 39.474 -9.3 -20.97 39.575 -10.82 -21.135
3 16 39.474 -9.3 -20.97 39.616 -10.67 -20.527 39.575 -10.82 -21.135
3 16 38.945 -4.25 -21.49 38.881 -2.97 -20.906 39.021 -3.3 -20.095
3 16 37.784 -3 -27.859 38.058 -3 -26.323 39.009 -10.74 -26.395
3 16 37.784 -3 -27.859 39.009 -10.74 -26.395 38.806 -10.74 -27.941
3 16 38.073 -9.18 -31.385 38.4 -9.19 -29.412 38.412 -9.56 -29.642
3 16 36.99 -3.02 -31.861 36.824 -4.3 -33.693 36.231 -3 -35.186
3 16 37.763 -6.05 -30.517 38.098 -6.37 -28.897 37.835 -6.48 -30.484
3 16 37.835 -6.48 -30.484 38.098 -6.37 -28.897 38.149 -6.72 -28.891
3 16 36.231 -3 -35.186 36.824 -4.3 -33.693 37.679 -9.43 -33.78
3 16 37.679 -9.43 -33.78 38.102 -10.74 -32.517 37.592 -10.74 -35.331
3 16 36.231 -3 -35.186 37.679 -9.43 -33.78 37.592 -10.74 -35.331
3 16 37.394 -4.57 -31.202 37.234 -4.36 -31.816 37.674 -4.27 -29.509
3 16 37.394 -4.57 -31.202 37.674 -4.27 -29.509 37.727 -4.47 -29.394
3 16 38.073 -9.18 -31.385 38.412 -9.56 -29.642 38.414 -9.84 -29.863
3 16 37.678 -5.59 -30.589 37.937 -5.42 -29.033 38.013 -5.84 -28.95
3 16 37.859 -9.43 -32.806 38.102 -10.74 -32.517 37.679 -9.43 -33.78
3 16 37.763 -6.05 -30.517 38.013 -5.84 -28.95 38.098 -6.37 -28.897
3 16 37.678 -5.59 -30.589 38.013 -5.84 -28.95 37.763 -6.05 -30.517
3 16 38.043 -8.03 -30.602 38.294 -7.87 -28.973 38.323 -8.16 -29.035
3 16 37.881 -6.79 -30.488 38.196 -7.06 -28.895 37.929 -7.12 -30.492
3 16 38.043 -8.03 -30.602 38.323 -8.16 -29.035 38.082 -8.47 -30.746
3 16 37.994 -7.6 -30.528 38.294 -7.87 -28.973 38.043 -8.03 -30.602
3 16 37.994 -7.6 -30.528 38.244 -7.44 -28.919 38.294 -7.87 -28.973
3 16 37.929 -7.12 -30.492 38.244 -7.44 -28.919 37.994 -7.6 -30.528
3 16 37.929 -7.12 -30.492 38.196 -7.06 -28.895 38.244 -7.44 -28.919
3 16 38.073 -9.18 -31.385 38.378 -8.81 -29.23 38.4 -9.19 -29.412
3 16 37.881 -6.79 -30.488 38.149 -6.72 -28.891 38.196 -7.06 -28.895
3 16 37.835 -6.48 -30.484 38.149 -6.72 -28.891 37.881 -6.79 -30.488
3 16 38.097 -8.82 -30.947 38.378 -8.81 -29.23 38.073 -9.18 -31.385
3 16 38.082 -8.47 -30.746 38.323 -8.16 -29.035 38.353 -8.47 -29.108
3 16 38.082 -8.47 -30.746 38.353 -8.47 -29.108 38.097 -8.82 -30.947
3 16 38.097 -8.82 -30.947 38.353 -8.47 -29.108 38.378 -8.81 -29.23
3 16 37.976 -9.39 -32.116 38.353 -10.5 -30.798 38.297 -10.64 -31.263
3 16 36.99 -3.02 -31.861 37.182 -3.14 -31.051 37.071 -4.3 -32.549
3 16 36.99 -3.02 -31.861 37.071 -4.3 -32.549 36.824 -4.3 -33.693
3 16 37.234 -4.36 -31.816 37.071 -4.3 -32.549 37.182 -3.14 -31.051
3 16 37.522 -4.92 -30.845 37.863 -5.05 -29.136 37.618 -5.3 -30.664
3 16 37.522 -4.92 -30.845 37.795 -4.75 -29.26 37.863 -5.05 -29.136
3 16 37.234 -4.36 -31.816 37.449 -3.6 -30.118 37.586 -3.98 -29.731
3 16 37.314 -3.33 -30.564 37.449 -3.6 -30.118 37.234 -4.36 -31.816
3 16 37.314 -3.33 -30.564 37.234 -4.36 -31.816 37.182 -3.14 -31.051
3 16 37.394 -4.57 -31.202 37.727 -4.47 -29.394 37.795 -4.75 -29.26
3 16 37.394 -4.57 -31.202 37.795 -4.75 -29.26 37.522 -4.92 -30.845
3 16 38.199 -10.72 -31.925 38.102 -10.74 -32.517 37.976 -9.39 -32.116
3 16 38.199 -10.72 -31.925 37.976 -9.39 -32.116 38.297 -10.64 -31.263
3 16 37.618 -5.3 -30.664 37.863 -5.05 -29.136 37.937 -5.42 -29.033
3 16 38.404 -10.09 -30.132 38.382 -10.35 -30.49 37.976 -9.39 -32.116
3 16 38.404 -10.09 -30.132 37.976 -9.39 -32.116 38.414 -9.84 -29.863
3 16 38.102 -10.74 -32.517 37.859 -9.43 -32.806 37.976 -9.39 -32.116
3 16 37.618 -5.3 -30.664 37.937 -5.42 -29.033 37.678 -5.59 -30.589
3 16 38.073 -9.18 -31.385 38.414 -9.84 -29.863 37.976 -9.39 -32.116
3 16 37.234 -4.36 -31.816 37.586 -3.98 -29.731 37.674 -4.27 -29.509
3 16 38.353 -10.5 -30.798 37.976 -9.39 -32.116 38.382 -10.35 -30.49
3 16 36.636 -10.74 -39.902 35.984 -9.43 -41.556 36.273 -9.43 -40.37
3 16 36.585 -9.3 -38.926 36.603 -9.1 -38.678 36.986 -10.53 -38.14
3 16 36.273 -9.43 -40.37 36.447 -9.43 -39.631 36.859 -10.69 -38.857
3 16 36.108 -5.77 -38.001 36.085 -6.11 -38.378 35.633 -5.82 -39.932
3 16 36.273 -9.43 -40.37 36.859 -10.69 -38.857 36.636 -10.74 -39.902
3 16 34.154 -3 -42.869 35.984 -9.43 -41.556 35.871 -10.74 -43.102
3 16 34.154 -3 -42.869 34.595 -3 -41.372 35.318 -6.23 -41.471
3 16 36.529 -9.41 -39.26 36.585 -9.3 -38.926 36.986 -10.53 -38.14
3 16 36.447 -9.43 -39.631 36.986 -10.53 -38.14 36.859 -10.69 -38.857
3 16 36.447 -9.43 -39.631 36.529 -9.41 -39.26 36.986 -10.53 -38.14
3 16 36.108 -5.77 -38.001 35.627 -5.42 -39.621 36.102 -5.28 -37.62
3 16 35.633 -5.82 -39.932 36.092 -7.49 -39.499 35.869 -7.47 -40.382
3 16 35.614 -6.05 -40.2 35.869 -7.47 -40.382 35.574 -6.16 -40.444
3 16 36.102 -5.28 -37.62 35.601 -4.68 -39.108 36.07 -4.51 -37.106
3 16 35.633 -5.82 -39.932 35.869 -7.47 -40.382 35.614 -6.05 -40.2
3 16 35.869 -7.47 -40.382 35.318 -6.23 -41.471 35.5 -6.22 -40.775
3 16 36.108 -5.77 -38.001 35.633 -5.82 -39.932 35.627 -5.42 -39.621
3 16 35.627 -5.42 -39.621 35.601 -4.68 -39.108 36.102 -5.28 -37.62
3 16 35.633 -5.82 -39.932 36.085 -6.11 -38.378 36.037 -6.42 -38.832
3 16 35.869 -7.47 -40.382 35.5 -6.22 -40.775 35.574 -6.16 -40.444
3 16 36.092 -7.49 -39.499 35.633 -5.82 -39.932 36.037 -6.42 -38.832
3 16 37.047 -9.79 -37.237 37.042 -10.24 -37.636 36.603 -9.1 -38.678
3 16 36.603 -9.1 -38.678 36.589 -8.83 -38.517 37 -9.22 -36.982
3 16 36.533 -8.47 -38.461 36.735 -7.78 -36.993 36.903 -8.57 -36.891
3 16 36.307 -7.69 -38.775 36.037 -6.42 -38.832 36.296 -6.67 -37.973
3 16 36.307 -7.69 -38.775 36.224 -7.56 -39.015 36.037 -6.42 -38.832
3 16 36.589 -8.83 -38.517 36.903 -8.57 -36.891 37 -9.22 -36.982
3 16 36.589 -8.83 -38.517 36.533 -8.47 -38.461 36.903 -8.57 -36.891
3 16 36.533 -8.47 -38.461 36.464 -8.15 -38.493 36.735 -7.78 -36.993
3 16 36.603 -9.1 -38.678 37.042 -10.24 -37.636 36.986 -10.53 -38.14
3 16 37.047 -9.79 -37.237 36.603 -9.1 -38.678 37 -9.22 -36.982
3 16 36.037 -6.42 -38.832 36.224 -7.56 -39.015 36.092 -7.49 -39.499
3 16 35.984 -9.43 -41.556 36.636 -10.74 -39.902 35.871 -10.74 -43.102
3 16 35.582 -7.47 -41.505 35.984 -9.43 -41.556 34.154 -3 -42.869
3 16 35.318 -6.23 -41.471 35.869 -7.47 -40.382 35.582 -7.47 -41.505
3 16 35.532 -3 -37.969 36.07 -4.51 -37.106 35.601 -4.68 -39.108
3 16 35.532 -3 -37.969 35.994 -3 -36.157 36.07 -4.51 -37.106
3 16 36.387 -7.89 -38.604 36.307 -7.69 -38.775 36.296 -6.67 -37.973
3 16 36.387 -7.89 -38.604 36.529 -7.13 -37.36 36.464 -8.15 -38.493
3 16 36.529 -7.13 -37.36 36.735 -7.78 -36.993 36.464 -8.15 -38.493
3 16 34.154 -3 -42.869 35.318 -6.23 -41.471 35.582 -7.47 -41.505
3 16 36.387 -7.89 -38.604 36.296 -6.67 -37.973 36.529 -7.13 -37.36
3 16 34.566 -8.06 -45.688 34.776 -6.86 -43.958 35.049 -8.29 -44.175
3 16 32.948 -8.23 -51.032 33.051 -6.88 -49.599 33.396 -8.04 -49.503
3 16 34.334 -6.9 -45.515 34.776 -6.86 -43.958 34.566 -8.06 -45.688
3 16 32.792 -5.72 -49.407 33.051 -6.88 -49.599 32.521 -6.82 -51.122
3 16 32.521 -6.82 -51.122 33.051 -6.88 -49.599 32.948 -8.23 -51.032
3 16 34.566 -8.06 -45.688 35.162 -9.44 -44.721 34.634 -8.88 -46.138
3 16 34.634 -8.88 -46.138 35.162 -9.44 -44.721 34.559 -9.37 -46.807
3 16 33.402 -9.37 -50.594 33.396 -8.04 -49.503 33.74 -8.88 -49.117
3 16 32.948 -8.23 -51.032 33.396 -8.04 -49.503 33.402 -9.37 -50.594
3 16 34.566 -8.06 -45.688 35.049 -8.29 -44.175 35.162 -9.44 -44.721
3 16 34.334 -6.9 -45.515 34.397 -5.44 -44.084 34.776 -6.86 -43.958
3 16 32.061 -4.29 -50.334 32.8 -4.37 -48.258 32.716 -4.88 -48.934
3 16 33.668 -4.88 -46.015 33.972 -4.3 -44.552 34.397 -5.44 -44.084
3 16 33.332 -4.37 -46.643 33.972 -4.3 -44.552 33.668 -4.88 -46.015
3 16 32.153 -3.34 -49.28 32.8 -4.37 -48.258 32.061 -4.29 -50.334
3 16 33.332 -4.37 -46.643 33.416 -3.34 -45.526 33.972 -4.3 -44.552
3 16 34.008 -5.72 -45.617 34.397 -5.44 -44.084 34.334 -6.9 -45.515
3 16 32.198 -5.42 -50.887 32.792 -5.72 -49.407 32.521 -6.82 -51.122
3 16 32.198 -5.42 -50.887 32.716 -4.88 -48.934 32.792 -5.72 -49.407
3 16 33.668 -4.88 -46.015 34.397 -5.44 -44.084 34.008 -5.72 -45.617
3 16 32.061 -4.29 -50.334 32.716 -4.88 -48.934 32.198 -5.42 -50.887
3 16 34.063 -9.37 -48.475 34.44 -10.82 -48.42 33.97 -10.39 -49.631
3 16 35.088 -10.4 -45.791 34.869 -10.81 -46.921 34.559 -9.37 -46.807
3 16 34.063 -9.37 -48.475 34.354 -9.54 -47.648 34.44 -10.82 -48.42
3 16 33.332 -4.37 -46.643 33.044 -2.99 -46.377 33.416 -3.34 -45.526
3 16 34.354 -9.54 -47.648 34.658 -10.87 -47.711 34.44 -10.82 -48.42
3 16 34.354 -9.54 -47.648 34.559 -9.37 -46.807 34.869 -10.81 -46.921
3 16 34.354 -9.54 -47.648 34.869 -10.81 -46.921 34.658 -10.87 -47.711
3 16 33.74 -8.88 -49.117 33.97 -10.39 -49.631 33.402 -9.37 -50.594
3 16 35.088 -10.4 -45.791 34.559 -9.37 -46.807 35.162 -9.44 -44.721
3 16 33.74 -8.88 -49.117 34.063 -9.37 -48.475 33.97 -10.39 -49.631
3 16 32.357 -2.99 -48.404 32.676 -2.87 -47.378 33.024 -4.2 -47.444
3 16 32.676 -2.87 -47.378 33.044 -2.99 -46.377 33.024 -4.2 -47.444
3 16 32.8 -4.37 -48.258 32.153 -3.34 -49.28 32.357 -2.99 -48.404
3 16 33.332 -4.37 -46.643 33.024 -4.2 -47.444 33.044 -2.99 -46.377
3 16 32.8 -4.37 -48.258 32.357 -2.99 -48.404 33.024 -4.2 -47.444
3 16 30.411 -3 -53.676 31.221 -5.57 -53.706 30.805 -8.05 -56.87
3 16 31.221 -5.57 -53.706 33.128 -10.74 -52.581 32.669 -10.74 -53.956
3 16 31.221 -5.57 -53.706 30.977 -3 -52.211 33.128 -10.74 -52.581
3 16 28.672 -3 -57.901 29.239 -3 -56.567 30.805 -8.05 -56.87
3 16 30.411 -3 -53.676 30.977 -3 -52.211 31.221 -5.57 -53.706
3 16 28.672 -3 -57.901 31.616 -10.74 -56.946 31.087 -10.74 -58.371
3 16 28.672 -3 -57.901 30.805 -8.05 -56.87 31.616 -10.74 -56.946
3 16 30.805 -8.05 -56.87 31.221 -5.57 -53.706 31.616 -10.74 -56.946
0 etiqueta estribor
3 16 -38.562 -3 -23.194 -38.847 -5.57 -23.334 -39.455 -8.05 -20.129
3 16 -38.847 -5.57 -23.334 -39.199 -10.74 -24.806 -39.356 -10.74 -23.364
3 16 -38.847 -5.57 -23.334 -38.321 -3 -24.745 -39.199 -10.74 -24.806
3 16 -39.164 -3 -18.664 -38.989 -3 -20.103 -39.455 -8.05 -20.129
3 16 -38.562 -3 -23.194 -38.321 -3 -24.745 -38.847 -5.57 -23.334
3 16 -39.164 -3 -18.664 -39.647 -10.74 -20.208 -39.761 -10.74 -18.692
3 16 -39.164 -3 -18.664 -39.455 -8.05 -20.129 -39.647 -10.74 -20.208
3 16 -39.455 -8.05 -20.129 -38.847 -5.57 -23.334 -39.647 -10.74 -20.208
3 16 -37.832 -8.06 -31.814 -37.311 -6.86 -33.524 -37.576 -8.29 -33.37
3 16 -38.744 -8.23 -26.297 -38.363 -6.88 -27.719 -38.489 -8.04 -27.878
3 16 -37.629 -6.9 -31.935 -37.311 -6.86 -33.524 -37.832 -8.06 -31.814
3 16 -38.183 -5.72 -27.854 -38.363 -6.88 -27.719 -38.599 -6.82 -26.127
3 16 -38.599 -6.82 -26.127 -38.363 -6.88 -27.719 -38.744 -8.23 -26.297
3 16 -37.832 -8.06 -31.814 -37.85 -9.44 -32.865 -38.029 -8.88 -31.391
3 16 -38.029 -8.88 -31.391 -37.85 -9.44 -32.865 -38.211 -9.37 -30.726
3 16 -38.804 -9.37 -26.811 -38.489 -8.04 -27.878 -38.528 -8.88 -28.321
3 16 -38.744 -8.23 -26.297 -38.489 -8.04 -27.878 -38.804 -9.37 -26.811
3 16 -37.832 -8.06 -31.814 -37.576 -8.29 -33.37 -37.85 -9.44 -32.865
3 16 -37.629 -6.9 -31.935 -37.108 -5.44 -33.323 -37.311 -6.86 -33.524
3 16 -38.16 -4.29 -26.802 -37.79 -4.37 -28.97 -37.987 -4.88 -28.297
3 16 -37.423 -4.88 -31.315 -37.021 -4.3 -32.784 -37.108 -5.44 -33.323
3 16 -37.472 -4.37 -30.64 -37.021 -4.3 -32.784 -37.423 -4.88 -31.315
3 16 -37.839 -3.34 -27.844 -37.79 -4.37 -28.97 -38.16 -4.29 -26.802
3 16 -37.472 -4.37 -30.64 -37.075 -3.34 -31.73 -37.021 -4.3 -32.784
3 16 -37.471 -5.72 -31.77 -37.108 -5.44 -33.323 -37.629 -6.9 -31.935
3 16 -38.396 -5.42 -26.291 -38.183 -5.72 -27.854 -38.599 -6.82 -26.127
3 16 -38.396 -5.42 -26.291 -37.987 -4.88 -28.297 -38.183 -5.72 -27.854
3 16 -37.423 -4.88 -31.315 -37.108 -5.44 -33.323 -37.471 -5.72 -31.77
3 16 -38.16 -4.29 -26.802 -37.987 -4.88 -28.297 -38.396 -5.42 -26.291
3 16 -38.486 -9.37 -29.008 -38.648 -10.82 -29.13 -38.777 -10.39 -27.859
3 16 -38.173 -10.4 -31.813 -38.414 -10.81 -30.673 -38.211 -9.37 -30.726
3 16 -38.486 -9.37 -29.008 -38.373 -9.54 -29.869 -38.648 -10.82 -29.13
3 16 -37.472 -4.37 -30.64 -37.201 -2.99 -30.833 -37.075 -3.34 -31.73
3 16 -38.373 -9.54 -29.869 -38.546 -10.87 -29.863 -38.648 -10.82 -29.13
3 16 -38.373 -9.54 -29.869 -38.211 -9.37 -30.726 -38.414 -10.81 -30.673
3 16 -38.373 -9.54 -29.869 -38.414 -10.81 -30.673 -38.546 -10.87 -29.863
3 16 -38.528 -8.88 -28.321 -38.777 -10.39 -27.859 -38.804 -9.37 -26.811
3 16 -38.173 -10.4 -31.813 -38.211 -9.37 -30.726 -37.85 -9.44 -32.865
3 16 -38.528 -8.88 -28.321 -38.486 -9.37 -29.008 -38.777 -10.39 -27.859
3 16 -37.619 -2.99 -28.734 -37.392 -2.87 -29.792 -37.607 -4.2 -29.803
3 16 -37.392 -2.87 -29.792 -37.201 -2.99 -30.833 -37.607 -4.2 -29.803
3 16 -37.79 -4.37 -28.97 -37.839 -3.34 -27.844 -37.619 -2.99 -28.734
3 16 -37.472 -4.37 -30.64 -37.607 -4.2 -29.803 -37.201 -2.99 -30.833
3 16 -37.79 -4.37 -28.97 -37.619 -2.99 -28.734 -37.607 -4.2 -29.803
3 16 -37.097 -10.74 -37.792 -37.227 -9.43 -36.075 -36.976 -9.43 -37.269
3 16 -36.633 -9.3 -38.712 -36.541 -9.1 -38.951 -36.676 -10.53 -39.547
3 16 -36.976 -9.43 -37.269 -36.814 -9.43 -38.012 -36.864 -10.69 -38.837
3 16 -35.74 -5.77 -39.476 -35.903 -6.11 -39.116 -36.229 -5.82 -37.545
3 16 -36.976 -9.43 -37.269 -36.864 -10.69 -38.837 -37.097 -10.74 -37.792
3 16 -36.411 -3 -34.427 -37.227 -9.43 -36.075 -37.737 -10.74 -34.565
3 16 -36.411 -3 -34.427 -36.047 -3 -35.943 -36.665 -6.23 -36.015
3 16 -36.728 -9.41 -38.382 -36.633 -9.3 -38.712 -36.676 -10.53 -39.547
3 16 -36.814 -9.43 -38.012 -36.676 -10.53 -39.547 -36.864 -10.69 -38.837
3 16 -36.814 -9.43 -38.012 -36.728 -9.41 -38.382 -36.676 -10.53 -39.547
3 16 -35.74 -5.77 -39.476 -36.077 -5.42 -37.837 -35.543 -5.28 -39.83
3 16 -36.229 -5.82 -37.545 -36.436 -7.49 -38.06 -36.637 -7.47 -37.172
3 16 -36.336 -6.05 -37.288 -36.637 -7.47 -37.172 -36.414 -6.16 -37.047
3 16 -35.543 -5.28 -39.83 -35.804 -4.68 -38.314 -35.247 -4.51 -40.302
3 16 -36.229 -5.82 -37.545 -36.637 -7.47 -37.172 -36.336 -6.05 -37.288
3 16 -36.637 -7.47 -37.172 -36.665 -6.23 -36.015 -36.502 -6.22 -36.717
3 16 -35.74 -5.77 -39.476 -36.229 -5.82 -37.545 -36.077 -5.42 -37.837
3 16 -36.077 -5.42 -37.837 -35.804 -4.68 -38.314 -35.543 -5.28 -39.83
3 16 -36.229 -5.82 -37.545 -35.903 -6.11 -39.116 -36.075 -6.42 -38.677
3 16 -36.637 -7.47 -37.172 -36.502 -6.22 -36.717 -36.414 -6.16 -37.047
3 16 -36.436 -7.49 -38.06 -36.229 -5.82 -37.545 -36.075 -6.42 -38.677
3 16 -36.333 -9.79 -40.417 -36.509 -10.24 -40.038 -36.541 -9.1 -38.951
3 16 -36.541 -9.1 -38.951 -36.454 -8.83 -39.102 -36.164 -9.22 -40.648
3 16 -36.374 -8.47 -39.142 -35.886 -7.78 -40.574 -36.016 -8.57 -40.71
3 16 -36.303 -7.69 -38.794 -36.075 -6.42 -38.677 -35.912 -6.67 -39.547
3 16 -36.303 -7.69 -38.794 -36.335 -7.56 -38.548 -36.075 -6.42 -38.677
3 16 -36.454 -8.83 -39.102 -36.016 -8.57 -40.71 -36.164 -9.22 -40.648
3 16 -36.454 -8.83 -39.102 -36.374 -8.47 -39.142 -36.016 -8.57 -40.71
3 16 -36.374 -8.47 -39.142 -36.322 -8.15 -39.096 -35.886 -7.78 -40.574
3 16 -36.541 -9.1 -38.951 -36.509 -10.24 -40.038 -36.676 -10.53 -39.547
3 16 -36.333 -9.79 -40.417 -36.541 -9.1 -38.951 -36.164 -9.22 -40.648
3 16 -36.075 -6.42 -38.677 -36.335 -7.56 -38.548 -36.436 -7.49 -38.06
3 16 -37.227 -9.43 -36.075 -37.097 -10.74 -37.792 -37.737 -10.74 -34.565
3 16 -36.888 -7.47 -36.04 -37.227 -9.43 -36.075 -36.411 -3 -34.427
3 16 -36.665 -6.23 -36.015 -36.637 -7.47 -37.172 -36.888 -7.47 -36.04
3 16 -35.16 -3 -39.36 -35.247 -4.51 -40.302 -35.804 -4.68 -38.314
3 16 -35.16 -3 -39.36 -34.656 -3 -41.161 -35.247 -4.51 -40.302
3 16 -36.3 -7.89 -38.974 -36.303 -7.69 -38.794 -35.912 -6.67 -39.547
3 16 -36.3 -7.89 -38.974 -35.849 -7.13 -40.179 -36.322 -8.15 -39.096
3 16 -35.849 -7.13 -40.179 -35.886 -7.78 -40.574 -36.322 -8.15 -39.096
3 16 -36.411 -3 -34.427 -36.665 -6.23 -36.015 -36.888 -7.47 -36.04
3 16 -36.3 -7.89 -38.974 -35.912 -6.67 -39.547 -35.849 -7.13 -40.179
3 16 -34.7 -9.18 -46.157 -34.139 -9.19 -48.076 -34.293 -9.56 -47.869
3 16 -33.377 -3.02 -45.38 -34.241 -4.3 -43.661 -34.376 -3 -42.121
3 16 -33.711 -6.05 -46.852 -33.291 -6.37 -48.437 -33.806 -6.48 -46.907
3 16 -33.806 -6.48 -46.907 -33.291 -6.37 -48.437 -33.378 -6.72 -48.461
3 16 -34.376 -3 -42.121 -34.241 -4.3 -43.661 -35.402 -9.43 -43.822
3 16 -35.402 -9.43 -43.822 -35.348 -10.74 -45.115 -36.059 -10.74 -42.345
3 16 -34.376 -3 -42.121 -35.402 -9.43 -43.822 -36.059 -10.74 -42.345
3 16 -33.557 -4.57 -46.108 -33.694 -4.36 -45.499 -32.948 -4.27 -47.732
3 16 -33.557 -4.57 -46.108 -32.948 -4.27 -47.732 -32.963 -4.47 -47.854
3 16 -34.7 -9.18 -46.157 -34.293 -9.56 -47.869 -34.422 -9.84 -47.668
3 16 -33.62 -5.59 -46.758 -33.092 -5.42 -48.255 -33.173 -5.84 -48.358
3 16 -35.144 -9.43 -44.778 -35.348 -10.74 -45.115 -35.402 -9.43 -43.822
3 16 -33.711 -6.05 -46.852 -33.173 -5.84 -48.358 -33.291 -6.37 -48.437
3 16 -33.62 -5.59 -46.758 -33.173 -5.84 -48.358 -33.711 -6.05 -46.852
3 16 -34.212 -8.03 -46.867 -33.689 -7.87 -48.439 -33.779 -8.16 -48.393
3 16 -33.882 -6.79 -46.918 -33.464 -7.06 -48.474 -33.963 -7.12 -46.93
3 16 -34.212 -8.03 -46.867 -33.779 -8.16 -48.393 -34.356 -8.47 -46.748
3 16 -34.088 -7.6 -46.919 -33.689 -7.87 -48.439 -34.212 -8.03 -46.867
3 16 -34.088 -7.6 -46.919 -33.566 -7.44 -48.47 -33.689 -7.87 -48.439
3 16 -33.963 -7.12 -46.93 -33.566 -7.44 -48.47 -34.088 -7.6 -46.919
3 16 -33.963 -7.12 -46.93 -33.464 -7.06 -48.474 -33.566 -7.44 -48.47
3 16 -34.7 -9.18 -46.157 -33.995 -8.81 -48.235 -34.139 -9.19 -48.076
3 16 -33.882 -6.79 -46.918 -33.378 -6.72 -48.461 -33.464 -7.06 -48.474
3 16 -33.806 -6.48 -46.907 -33.378 -6.72 -48.461 -33.882 -6.79 -46.918
3 16 -34.495 -8.82 -46.568 -33.995 -8.81 -48.235 -34.7 -9.18 -46.157
3 16 -34.356 -8.47 -46.748 -33.779 -8.16 -48.393 -33.876 -8.47 -48.337
3 16 -34.356 -8.47 -46.748 -33.876 -8.47 -48.337 -34.495 -8.82 -46.568
3 16 -34.495 -8.82 -46.568 -33.876 -8.47 -48.337 -33.995 -8.81 -48.235
3 16 -34.949 -9.39 -45.452 -34.834 -10.5 -46.786 -34.992 -10.64 -46.338
3 16 -33.377 -3.02 -45.38 -33.151 -3.14 -46.175 -33.901 -4.3 -44.781
3 16 -33.377 -3.02 -45.38 -33.901 -4.3 -44.781 -34.241 -4.3 -43.661
3 16 -33.694 -4.36 -45.499 -33.901 -4.3 -44.781 -33.151 -3.14 -46.175
3 16 -33.533 -4.92 -46.475 -33.03 -5.05 -48.135 -33.571 -5.3 -46.671
3 16 -33.533 -4.92 -46.475 -32.992 -4.75 -47.999 -33.03 -5.05 -48.135
3 16 -33.694 -4.36 -45.499 -32.971 -3.6 -47.106 -32.945 -3.98 -47.502
3 16 -33.045 -3.33 -46.658 -32.971 -3.6 -47.106 -33.694 -4.36 -45.499
3 16 -33.045 -3.33 -46.658 -33.694 -4.36 -45.499 -33.151 -3.14 -46.175
3 16 -33.557 -4.57 -46.108 -32.963 -4.47 -47.854 -32.992 -4.75 -47.999
3 16 -33.557 -4.57 -46.108 -32.992 -4.75 -47.999 -33.533 -4.92 -46.475
3 16 -35.188 -10.72 -45.694 -35.348 -10.74 -45.115 -34.949 -9.39 -45.452
3 16 -35.188 -10.72 -45.694 -34.949 -9.39 -45.452 -34.992 -10.64 -46.338
3 16 -33.571 -5.3 -46.671 -33.03 -5.05 -48.135 -33.092 -5.42 -48.255
3 16 -34.556 -10.09 -47.417 -34.715 -10.35 -47.079 -34.949 -9.39 -45.452
3 16 -34.556 -10.09 -47.417 -34.949 -9.39 -45.452 -34.422 -9.84 -47.668
3 16 -35.348 -10.74 -45.115 -35.144 -9.43 -44.778 -34.949 -9.39 -45.452
3 16 -33.571 -5.3 -46.671 -33.092 -5.42 -48.255 -33.62 -5.59 -46.758
3 16 -34.7 -9.18 -46.157 -34.422 -9.84 -47.668 -34.949 -9.39 -45.452
3 16 -33.694 -4.36 -45.499 -32.945 -3.98 -47.502 -32.948 -4.27 -47.732
3 16 -34.834 -10.5 -46.786 -34.949 -9.39 -45.452 -34.715 -10.35 -47.079
3 16 -32.066 -3 -49.245 -31.537 -3 -50.712 -33.618 -10.74 -51.058
3 16 -32.066 -3 -49.245 -33.618 -10.74 -51.058 -34.078 -10.74 -49.567
3 16 -31.101 -8.7 -56.634 -31.057 -9.86 -57.716 -31.259 -9 -56.463
3 16 -31.259 -9 -56.463 -31.057 -9.86 -57.716 -31.351 -10.29 -57.289
3 16 -29.278 -4.42 -57.655 -30.042 -5.22 -56.455 -30.008 -4.75 -56.149
3 16 -30.905 -8.24 -56.768 -30.457 -8.61 -58.234 -31.101 -8.7 -56.634
3 16 -29.278 -4.42 -57.655 -29.44 -5.37 -58.057 -30.042 -5.22 -56.455
3 16 -31.259 -9 -56.463 -31.351 -10.29 -57.289 -31.468 -9.3 -56.15
3 16 -30.766 -9.31 -58.022 -31.101 -8.7 -56.634 -30.457 -8.61 -58.234
3 16 -30.051 -4.43 -55.777 -30.158 -4.25 -55.358 -29.331 -3.3 -56.595
3 16 -30.766 -9.31 -58.022 -31.057 -9.86 -57.716 -31.101 -8.7 -56.634
3 16 -30.008 -4.75 -56.149 -30.051 -4.43 -55.777 -29.247 -3.83 -57.239
3 16 -30.008 -4.75 -56.149 -29.247 -3.83 -57.239 -29.278 -4.42 -57.655
3 16 -29.44 -5.37 -58.057 -30.163 -5.85 -56.678 -30.042 -5.22 -56.455
3 16 -31.535 -4.71 -52.142 -31.163 -5.19 -53.545 -31.49 -6.03 -53.364
3 16 -31.535 -4.71 -52.142 -30.851 -4.64 -53.908 -31.163 -5.19 -53.545
3 16 -31.11 -3.92 -52.626 -30.558 -4.31 -54.393 -30.851 -4.64 -53.908
3 16 -31.11 -3.92 -52.626 -30.851 -4.64 -53.908 -31.535 -4.71 -52.142
3 16 -31.535 -4.71 -52.142 -31.49 -6.03 -53.364 -32.009 -5.94 -51.855
3 16 -32.355 -7.12 -51.854 -32.052 -8.11 -53.542 -32.608 -8.26 -52.066
3 16 -32.608 -8.26 -52.066 -32.052 -8.11 -53.542 -32.143 -8.81 -53.868
3 16 -32.355 -7.12 -51.854 -31.823 -7.14 -53.373 -32.052 -8.11 -53.542
3 16 -32.009 -5.94 -51.855 -31.49 -6.03 -53.364 -31.823 -7.14 -53.373
3 16 -32.009 -5.94 -51.855 -31.823 -7.14 -53.373 -32.355 -7.12 -51.854
3 16 -30.051 -4.43 -55.777 -29.331 -3.3 -56.595 -29.247 -3.83 -57.239
3 16 -31.847 -9.54 -55.307 -31.667 -9.48 -55.755 -32.191 -10.87 -55.446
3 16 -32.432 -10.81 -54.707 -31.847 -9.54 -55.307 -32.191 -10.87 -55.446
3 16 -29.871 -2.87 -54.922 -30.287 -4.2 -54.992 -30.269 -2.99 -54.029
3 16 -32.191 -10.87 -55.446 -31.667 -9.48 -55.755 -31.954 -10.82 -56.075
3 16 -29.871 -2.87 -54.922 -29.54 -2.97 -55.817 -30.287 -4.2 -54.992
3 16 -32.601 -10.61 -54.045 -32.71 -10.27 -53.443 -32.009 -9.47 -54.795
3 16 -32.601 -10.61 -54.045 -32.009 -9.47 -54.795 -32.432 -10.81 -54.707
3 16 -32.009 -9.47 -54.795 -31.847 -9.54 -55.307 -32.432 -10.81 -54.707
3 16 -32.108 -9.26 -54.342 -32.009 -9.47 -54.795 -32.71 -10.27 -53.443
3 16 -32.108 -9.26 -54.342 -32.71 -10.27 -53.443 -32.76 -9.81 -52.911
3 16 -30.287 -4.2 -54.992 -29.54 -2.97 -55.817 -30.158 -4.25 -55.358
3 16 -30.681 -3.34 -53.267 -30.558 -4.31 -54.393 -31.11 -3.92 -52.626
3 16 -30.287 -4.2 -54.992 -30.558 -4.31 -54.393 -30.269 -2.99 -54.029
3 16 -31.705 -10.67 -56.642 -31.468 -9.3 -56.15 -31.351 -10.29 -57.289
3 16 -32.143 -8.81 -53.868 -32.108 -9.26 -54.342 -32.72 -9 -52.355
3 16 -32.143 -8.81 -53.868 -32.72 -9 -52.355 -32.608 -8.26 -52.066
3 16 -30.681 -3.34 -53.267 -30.269 -2.99 -54.029 -30.558 -4.31 -54.393
3 16 -32.108 -9.26 -54.342 -32.76 -9.81 -52.911 -32.72 -9 -52.355
3 16 -31.667 -9.48 -55.755 -31.468 -9.3 -56.15 -31.954 -10.82 -56.075
3 16 -31.468 -9.3 -56.15 -31.705 -10.67 -56.642 -31.954 -10.82 -56.075
3 16 -30.158 -4.25 -55.358 -29.54 -2.97 -55.817 -29.331 -3.3 -56.595

