0 Etiqueta Puerta con Ventana		|C:C
0 Name: prtventa.dat
0 Author: jasolo
0 !LDRAW_ORG Unofficial_Part
0 BFC CERTIFY CCW

3 15 20 -41.5 -0.1 21.5 -43 -0.1 0.5 -41.5 -0.1
3 15 -1 -22.5 -0.1 -1 0 -0.1 0.5 -1.5 -0.1
4 15 -21.5 -22.5 -0.1 -1 -22.5 -0.1 -1 -24 -0.1 -20 -24 -0.1
3 15 -1 -41.5 -0.1 -1 -24 -0.1 0.5 -41.5 -0.1
3 15 -21.5 -43 -0.1 -20 -41.5 -0.1 -1 -41.5 -0.1
4 15 -21.5 -22.5 -0.1 -20 -24 -0.1 -20 -41.5 -0.1 -21.5 -43 -0.1
4 0 0.5 -1.5 -0.1 20 -1.5 -0.1 20 -41.5 -0.1 0.5 -41.5 -0.1
4 15 -1 -24 -0.1 -1 -22.5 -0.1 0.5 -1.5 -0.1 0.5 -41.5 -0.1
4 15 20 -1.5 -0.1 0.5 -1.5 -0.1 -1 0 -0.1 21.5 0 -0.1
4 15 20 -1.5 -0.1 21.5 0 -0.1 21.5 -43 -0.1 20 -41.5 -0.1
4 0 -20 -24 -0.1 -1 -24 -0.1 -1 -41.5 -0.1 -20 -41.5 -0.1
4 15 -21.5 -43 -0.1 -1 -41.5 -0.1 0.5 -41.5 -0.1 21.5 -43 -0.1
2 24 -21.5 -43 -0.1 21.5 -43 -0.1
2 24 -1 -22.5 -0.1 -1 0 -0.1
2 24 -21.5 -22.5 -0.1 -1 -22.5 -0.1
2 24 21.5 -43 -0.1 21.5 0 -0.1
2 24 -1 0 -0.1 21.5 0 -0.1
2 24 -21.5 -43 -0.1 -21.5 -22.5 -0.1
0
