0 RAM (base)        |D:D
0 Name: ram-base.dat
0 Author: jasolo
0 !LDRAW_ORG Unofficial_Part
0 BFC CERTIFY CCW
3 16 -9.808 -8.002 1.951 -10 -8.002 0 -9.808 -8.002 -1.951
3 16 -4.516 -8.002 -4.52 -5.556 -8.002 -8.315 -3.827 -8.002 -9.239
3 16 -3.827 -8.002 9.238 -5.556 -8.002 8.314 -4.516 -8.002 4.533
3 16 3.827 -8.002 9.238 4.515 -8.002 4.533 5.555 -8.002 8.314
3 16 9.808 -8.002 -1.951 10 -8.002 0 9.808 -8.002 1.951
3 16 4.515 -22.116 -3.002 7.881 -25.005 -2.334 4.515 -25.005 -2.334
3 16 4.515 -25.005 -2.334 7.881 -25.299 -2.053 4.515 -25.299 -2.053
3 16 4.515 -25.299 2.066 7.881 -25.005 2.347 4.515 -25.005 2.347
3 16 4.515 -25.299 2.066 4.515 -25.35 1.823 7.881 -25.299 2.066
3 16 7.881 -11.305 4.537 7.36 -8.002 1.8 7.02875 -8.002 4.537
3 16 7.881 -11.305 -4.524 7.02875 -8.002 -4.524 7.36 -8.002 -1.787
3 16 7.881 -11.305 -4.524 4.515 -8.002 -4.52 7.02875 -8.002 -4.524
3 16 4.515 -22.116 -3.002 7.881 -11.305 -4.524 7.881 -25.005 -2.334
3 16 7.881 -25.005 -2.334 7.881 -25.299 -2.053 4.515 -25.005 -2.334
3 16 4.515 -18.204 3.523 4.515 -8.002 4.533 4.515 -8.002 -4.52
3 16 7.881 -25.299 2.066 7.881 -25.005 -2.334 7.881 -25.005 2.347
3 16 7.881 -25.299 -2.053 7.881 -25.005 -2.334 7.881 -25.299 2.066
3 16 7.881 -25.299 2.066 7.881 -25.005 2.347 4.515 -25.299 2.066
3 16 4.515 -25.35 -1.81 4.515 -25.299 -2.053 7.881 -25.299 -2.053
3 16 7.881 -11.305 4.537 7.02875 -8.002 4.537 4.515 -8.002 4.533
3 16 4.515 -8.002 4.533 4.515 -18.204 3.523 7.881 -11.305 4.537
3 16 7.881 -11.305 4.537 4.515 -18.204 3.523 7.881 -25.005 2.347
3 16 4.515 -22.116 2.826 4.515 -21.987 0.548 4.515 -22.103 0.764
3 16 4.515 -21.987 0.548 4.515 -22.116 2.826 4.515 -21.916 0.314
3 16 4.515 -22.116 2.826 4.515 -22.103 0.764 4.515 -22.116 0.78
3 16 4.515 -21.91 0.251 4.515 -21.916 0.314 4.515 -22.116 2.826
3 16 4.515 -21.91 0.251 4.515 -22.116 2.826 4.515 -18.204 3.523
3 16 4.515 -18.204 3.523 4.515 -21.987 -0.408 4.515 -21.916 -0.174
3 16 4.515 -21.987 -0.408 4.515 -18.204 3.523 4.515 -22.103 -0.624
3 16 4.515 -18.204 3.523 4.515 -21.916 -0.174 4.515 -21.892 0.07
3 16 4.515 -18.204 3.523 4.515 -21.892 0.07 4.515 -21.91 0.251
3 16 4.515 -22.116 -3.002 4.515 -23.142 -1.18 4.515 -22.898 -1.156
3 16 4.515 -22.116 -3.002 4.515 -22.898 -1.156 4.515 -22.664 -1.085
3 16 4.515 -22.116 -3.002 4.515 -22.664 -1.085 4.515 -22.448 -0.969
3 16 4.515 -23.142 -1.18 4.515 -22.116 -3.002 4.515 -23.386 -1.156
3 16 4.515 -22.116 -3.002 4.515 -22.448 -0.969 4.515 -22.258 -0.814
3 16 4.515 -22.116 -3.002 4.515 -25.005 -2.334 4.515 -23.535 -1.111
3 16 4.515 -22.116 -3.002 4.515 -23.535 -1.111 4.515 -23.386 -1.156
3 16 4.515 -25.005 -2.334 4.515 -23.621 -1.085 4.515 -23.535 -1.111
3 16 4.515 -23.747 -1.018 4.515 -23.621 -1.085 4.515 -25.005 -2.334
3 16 4.515 -23.747 -1.018 4.515 -25.005 -2.334 4.515 -25.299 -2.053
3 16 4.515 -23.837 -0.969 4.515 -25.35 -1.81 4.515 -23.864 -0.947
3 16 4.515 -25.35 -1.81 4.515 -23.837 -0.969 4.515 -23.747 -1.018
3 16 4.515 -25.35 -1.81 4.515 -23.747 -1.018 4.515 -25.299 -2.053
3 16 4.515 -25.35 1.823 4.515 -24.297 0.548 4.515 -24.368 0.314
3 16 4.515 -25.35 1.823 4.515 -24.368 0.314 4.515 -24.392 0.07
3 16 4.515 -25.35 1.823 4.515 -24.392 0.07 4.515 -24.368 -0.174
3 16 4.515 -25.35 1.823 4.515 -24.368 -0.174 4.515 -24.297 -0.408
3 16 4.515 -25.35 1.823 4.515 -24.297 -0.408 4.515 -25.35 -1.81
3 16 4.515 -24.297 0.548 4.515 -25.35 1.823 4.515 -24.182 0.764
3 16 4.515 -25.35 -1.81 4.515 -24.297 -0.408 4.515 -24.182 -0.624
3 16 4.515 -24.182 0.764 4.515 -25.35 1.823 4.515 -24.026 0.954
3 16 4.515 -25.35 -1.81 4.515 -24.182 -0.624 4.515 -24.026 -0.814
3 16 4.515 -24.026 0.954 4.515 -25.35 1.823 4.515 -23.915 1.045
3 16 4.515 -25.35 -1.81 4.515 -24.026 -0.814 4.515 -23.864 -0.947
3 16 4.515 -25.35 1.823 4.515 -25.299 2.066 4.515 -23.803 1.128
3 16 4.515 -25.35 1.823 4.515 -23.803 1.128 4.515 -23.837 1.109
3 16 4.515 -25.35 1.823 4.515 -23.837 1.109 4.515 -23.915 1.045
3 16 4.515 -22.664 1.225 4.515 -22.116 2.826 4.515 -22.448 1.109
3 16 4.515 -22.116 2.826 4.515 -22.664 1.225 4.515 -22.898 1.296
3 16 4.515 -22.116 2.826 4.515 -22.898 1.296 4.515 -23.142 1.32
3 16 4.515 -22.116 2.826 4.515 -23.142 1.32 4.515 -23.386 1.296
3 16 4.515 -22.448 1.109 4.515 -22.116 2.826 4.515 -22.258 0.954
3 16 4.515 -22.258 0.954 4.515 -22.116 2.826 4.515 -22.116 0.78
3 16 4.515 -22.116 2.826 4.515 -23.386 1.296 4.515 -23.592 1.234
3 16 4.515 -22.116 2.826 4.515 -23.592 1.234 4.515 -25.005 2.347
3 16 4.515 -23.621 1.225 4.515 -25.005 2.347 4.515 -23.592 1.234
3 16 4.515 -25.005 2.347 4.515 -23.621 1.225 4.515 -23.803 1.128
3 16 4.515 -25.005 2.347 4.515 -23.803 1.128 4.515 -25.299 2.066
3 16 4.515 -23.142 -1.18 4.515 -23.386 -1.156 1.356 -23.386 -1.156
3 16 4.515 -23.142 -1.18 1.356 -23.386 -1.156 1.356 -23.142 -1.18
3 16 4.515 -22.448 -0.969 4.515 -22.664 -1.085 1.356 -22.664 -1.085
3 16 4.515 -22.448 -0.969 1.356 -22.664 -1.085 1.356 -22.448 -0.969
3 16 4.515 -21.987 -0.408 4.515 -22.103 -0.624 1.356 -22.103 -0.624
3 16 4.515 -21.987 -0.408 1.356 -22.103 -0.624 1.356 -21.987 -0.408
3 16 1.356 -21.916 0.314 4.515 -21.916 0.314 4.515 -21.91 0.251
3 16 1.356 -21.916 0.314 4.515 -21.91 0.251 1.356 -21.892 0.07
3 16 1.356 -21.892 0.07 4.515 -21.91 0.251 4.515 -21.892 0.07
3 16 1.356 -22.103 0.764 4.515 -22.258 0.954 4.515 -22.116 0.78
3 16 1.356 -22.103 0.764 4.515 -22.116 0.78 4.515 -22.103 0.764
3 16 4.515 -22.258 0.954 1.356 -22.103 0.764 1.356 -22.258 0.954
3 16 4.515 -22.898 1.296 4.515 -22.664 1.225 1.356 -22.664 1.225
3 16 4.515 -22.898 1.296 1.356 -22.664 1.225 1.356 -22.898 1.296
3 16 1.356 -23.621 1.225 4.515 -23.621 1.225 4.515 -23.592 1.234
3 16 1.356 -23.621 1.225 4.515 -23.592 1.234 1.356 -23.386 1.296
3 16 1.356 -23.386 1.296 4.515 -23.592 1.234 4.515 -23.386 1.296
3 16 4.515 -24.182 0.764 4.515 -24.026 0.954 1.356 -24.026 0.954
3 16 4.515 -24.182 0.764 1.356 -24.026 0.954 1.356 -24.182 0.764
3 16 4.515 -24.392 0.07 4.515 -24.368 0.314 1.356 -24.368 0.314
3 16 4.515 -24.392 0.07 1.356 -24.368 0.314 1.356 -24.392 0.07
3 16 4.515 -24.182 -0.624 4.515 -24.297 -0.408 1.356 -24.297 -0.408
3 16 4.515 -24.182 -0.624 1.356 -24.297 -0.408 1.356 -24.182 -0.624
3 16 1.356 -23.837 -0.969 4.515 -23.621 -1.085 4.515 -23.747 -1.018
3 16 1.356 -23.837 -0.969 4.515 -23.747 -1.018 4.515 -23.837 -0.969
3 16 4.515 -23.621 -1.085 1.356 -23.837 -0.969 1.356 -23.621 -1.085
3 16 4.515 -22.898 -1.156 4.515 -23.142 -1.18 1.356 -23.142 -1.18
3 16 4.515 -22.898 -1.156 1.356 -23.142 -1.18 1.356 -22.898 -1.156
3 16 4.515 -22.258 -0.814 4.515 -22.448 -0.969 1.356 -22.448 -0.969
3 16 4.515 -22.258 -0.814 1.356 -22.448 -0.969 1.356 -22.258 -0.814
3 16 4.515 -21.916 -0.174 4.515 -21.987 -0.408 1.356 -21.987 -0.408
3 16 4.515 -21.916 -0.174 1.356 -21.987 -0.408 1.356 -21.916 -0.174
3 16 4.515 -21.987 0.548 4.515 -21.916 0.314 1.356 -21.916 0.314
3 16 4.515 -21.987 0.548 1.356 -21.916 0.314 1.356 -21.987 0.548
3 16 4.515 -22.448 1.109 4.515 -22.258 0.954 1.356 -22.258 0.954
3 16 4.515 -22.448 1.109 1.356 -22.258 0.954 1.356 -22.448 1.109
3 16 4.515 -23.142 1.32 4.515 -22.898 1.296 1.356 -22.898 1.296
3 16 4.515 -23.142 1.32 1.356 -22.898 1.296 1.356 -23.142 1.32
3 16 1.356 -23.837 1.109 4.515 -23.837 1.109 4.515 -23.803 1.128
3 16 1.356 -23.837 1.109 4.515 -23.803 1.128 1.356 -23.621 1.225
3 16 1.356 -23.621 1.225 4.515 -23.803 1.128 4.515 -23.621 1.225
3 16 4.515 -24.297 0.548 4.515 -24.182 0.764 1.356 -24.182 0.764
3 16 4.515 -24.297 0.548 1.356 -24.182 0.764 1.356 -24.297 0.548
3 16 4.515 -24.368 -0.174 4.515 -24.392 0.07 1.356 -24.392 0.07
3 16 4.515 -24.368 -0.174 1.356 -24.392 0.07 1.356 -24.368 -0.174
3 16 4.515 -24.026 -0.814 4.515 -24.182 -0.624 1.356 -24.182 -0.624
3 16 4.515 -24.026 -0.814 1.356 -24.182 -0.624 1.356 -24.026 -0.814
3 16 1.356 -23.621 -1.085 4.515 -23.386 -1.156 4.515 -23.535 -1.111
3 16 1.356 -23.621 -1.085 4.515 -23.535 -1.111 4.515 -23.621 -1.085
3 16 4.515 -23.386 -1.156 1.356 -23.621 -1.085 1.356 -23.386 -1.156
3 16 4.515 -22.664 -1.085 4.515 -22.898 -1.156 1.356 -22.898 -1.156
3 16 4.515 -22.664 -1.085 1.356 -22.898 -1.156 1.356 -22.664 -1.085
3 16 1.356 -22.103 -0.624 4.515 -22.103 -0.624 4.515 -22.116 -0.64
3 16 1.356 -22.103 -0.624 4.515 -22.116 -0.64 1.356 -22.258 -0.814
3 16 1.356 -22.258 -0.814 4.515 -22.116 -0.64 4.515 -22.258 -0.814
3 16 4.515 -21.892 0.07 4.515 -21.916 -0.174 1.356 -21.916 -0.174
3 16 4.515 -21.892 0.07 1.356 -21.916 -0.174 1.356 -21.892 0.07
3 16 4.515 -22.103 0.764 4.515 -21.987 0.548 1.356 -21.987 0.548
3 16 4.515 -22.103 0.764 1.356 -21.987 0.548 1.356 -22.103 0.764
3 16 4.515 -22.664 1.225 4.515 -22.448 1.109 1.356 -22.448 1.109
3 16 4.515 -22.664 1.225 1.356 -22.448 1.109 1.356 -22.664 1.225
3 16 4.515 -23.386 1.296 4.515 -23.142 1.32 1.356 -23.142 1.32
3 16 4.515 -23.386 1.296 1.356 -23.142 1.32 1.356 -23.386 1.296
3 16 1.356 -23.837 1.109 4.515 -24.026 0.954 4.515 -23.915 1.045
3 16 1.356 -23.837 1.109 4.515 -23.915 1.045 4.515 -23.837 1.109
3 16 4.515 -24.026 0.954 1.356 -23.837 1.109 1.356 -24.026 0.954
3 16 4.515 -24.368 0.314 4.515 -24.297 0.548 1.356 -24.297 0.548
3 16 4.515 -24.368 0.314 1.356 -24.297 0.548 1.356 -24.368 0.314
3 16 4.515 -24.297 -0.408 4.515 -24.368 -0.174 1.356 -24.368 -0.174
3 16 4.515 -24.297 -0.408 1.356 -24.368 -0.174 1.356 -24.297 -0.408
3 16 1.356 -23.837 -0.969 4.515 -23.837 -0.969 4.515 -23.864 -0.947
3 16 1.356 -23.837 -0.969 4.515 -23.864 -0.947 1.356 -24.026 -0.814
3 16 1.356 -24.026 -0.814 4.515 -23.864 -0.947 4.515 -24.026 -0.814
3 16 1.356 -23.386 -1.156 1.356 -23.142 0.07 1.356 -23.142 -1.18
3 16 1.356 -24.026 -0.814 1.356 -23.142 0.07 1.356 -23.837 -0.969
3 16 1.356 -24.368 -0.174 1.356 -23.142 0.07 1.356 -24.297 -0.408
3 16 1.356 -24.297 0.548 1.356 -23.142 0.07 1.356 -24.368 0.314
3 16 1.356 -23.837 1.109 1.356 -23.142 0.07 1.356 -24.026 0.954
3 16 1.356 -23.142 1.32 1.356 -23.142 0.07 1.356 -23.386 1.296
3 16 1.356 -22.448 1.109 1.356 -23.142 0.07 1.356 -22.664 1.225
3 16 1.356 -21.987 0.548 1.356 -23.142 0.07 1.356 -22.103 0.764
3 16 1.356 -21.916 -0.174 1.356 -23.142 0.07 1.356 -21.892 0.07
3 16 1.356 -22.258 -0.814 1.356 -23.142 0.07 1.356 -22.103 -0.624
3 16 1.356 -22.898 -1.156 1.356 -23.142 0.07 1.356 -22.664 -1.085
3 16 1.356 -23.621 -1.085 1.356 -23.142 0.07 1.356 -23.386 -1.156
3 16 1.356 -24.182 -0.624 1.356 -23.142 0.07 1.356 -24.026 -0.814
3 16 1.356 -24.392 0.07 1.356 -23.142 0.07 1.356 -24.368 -0.174
3 16 1.356 -24.182 0.764 1.356 -23.142 0.07 1.356 -24.297 0.548
3 16 1.356 -23.621 1.225 1.356 -23.142 0.07 1.356 -23.837 1.109
3 16 1.356 -22.898 1.296 1.356 -23.142 0.07 1.356 -23.142 1.32
3 16 1.356 -22.258 0.954 1.356 -23.142 0.07 1.356 -22.448 1.109
3 16 1.356 -21.916 0.314 1.356 -23.142 0.07 1.356 -21.987 0.548
3 16 1.356 -21.987 -0.408 1.356 -23.142 0.07 1.356 -21.916 -0.174
3 16 1.356 -22.448 -0.969 1.356 -23.142 0.07 1.356 -22.258 -0.814
3 16 1.356 -23.142 -1.18 1.356 -23.142 0.07 1.356 -22.898 -1.156
3 16 1.356 -23.837 -0.969 1.356 -23.142 0.07 1.356 -23.621 -1.085
3 16 1.356 -24.297 -0.408 1.356 -23.142 0.07 1.356 -24.182 -0.624
3 16 1.356 -24.368 0.314 1.356 -23.142 0.07 1.356 -24.392 0.07
3 16 1.356 -24.026 0.954 1.356 -23.142 0.07 1.356 -24.182 0.764
3 16 1.356 -23.386 1.296 1.356 -23.142 0.07 1.356 -23.621 1.225
3 16 1.356 -22.664 1.225 1.356 -23.142 0.07 1.356 -22.898 1.296
3 16 1.356 -22.103 0.764 1.356 -23.142 0.07 1.356 -22.258 0.954
3 16 1.356 -21.892 0.07 1.356 -23.142 0.07 1.356 -21.916 0.314
3 16 1.356 -22.103 -0.624 1.356 -23.142 0.07 1.356 -21.987 -0.408
3 16 1.356 -22.664 -1.085 1.356 -23.142 0.07 1.356 -22.448 -0.969
3 16 4.515 -8.002 -4.52 4.515 -22.116 -3.002 4.515 -18.204 3.523
3 16 7.881 -25.005 2.347 4.515 -22.116 2.826 4.515 -25.005 2.347
3 16 7.881 -11.305 -4.524 4.515 -22.116 -3.002 4.515 -8.002 -4.52
3 16 7.881 -25.005 2.347 4.515 -18.204 3.523 4.515 -22.116 2.826
3 16 4.515 -18.204 3.523 4.515 -22.116 -3.002 4.515 -22.116 -0.64
3 16 4.515 -18.204 3.523 4.515 -22.116 -0.64 4.515 -22.103 -0.624
3 16 4.515 -22.116 -3.002 4.515 -22.258 -0.814 4.515 -22.116 -0.64
3 16 -4.516 -22.116 -3.002 -4.516 -25.005 -2.334 -7.881 -25.005 -2.334
3 16 -4.516 -25.005 -2.334 -4.516 -25.299 -2.053 -7.881 -25.299 -2.053
3 16 -4.516 -25.299 2.066 -4.516 -25.005 2.347 -7.881 -25.005 2.347
3 16 -4.516 -25.299 2.066 -7.881 -25.299 2.066 -4.516 -25.35 1.823
3 16 -7.881 -11.305 4.537 -6.526 -8.002 4.537 -7.36 -8.002 1.8
3 16 -7.881 -11.305 -4.524 -7.36 -8.002 -1.787 -6.526 -8.002 -4.524
3 16 -7.881 -11.305 -4.524 -6.526 -8.002 -4.524 -4.516 -8.002 -4.52
3 16 -4.516 -22.116 -3.002 -7.881 -25.005 -2.334 -7.881 -11.305 -4.524
3 16 -7.881 -25.005 -2.334 -4.516 -25.005 -2.334 -7.881 -25.299 -2.053
3 16 -4.516 -18.204 3.523 -4.516 -8.002 -4.52 -4.516 -8.002 4.533
3 16 -7.881 -25.299 2.066 -7.881 -25.005 2.347 -7.881 -25.005 -2.334
3 16 -7.881 -25.299 -2.053 -7.881 -25.299 2.066 -7.881 -25.005 -2.334
3 16 -7.881 -25.299 2.066 -4.516 -25.299 2.066 -7.881 -25.005 2.347
3 16 -4.516 -25.35 -1.81 -7.881 -25.299 -2.053 -4.516 -25.299 -2.053
3 16 -7.881 -11.305 4.537 -4.516 -8.002 4.533 -6.526 -8.002 4.537
3 16 -7.881 -11.305 4.537 -4.516 -18.204 3.523 -4.516 -8.002 4.533
3 16 -7.881 -11.305 4.537 -7.881 -25.005 2.347 -4.516 -18.204 3.523
3 16 -4.516 -22.116 2.826 -4.516 -22.103 0.764 -4.516 -21.987 0.548
3 16 -4.516 -21.987 0.548 -4.516 -21.916 0.314 -4.516 -22.116 2.826
3 16 -4.516 -22.116 2.826 -4.516 -22.116 0.78 -4.516 -22.103 0.764
3 16 -4.516 -21.91 0.251 -4.516 -18.204 3.523 -4.516 -22.116 2.826
3 16 -4.516 -21.91 0.251 -4.516 -22.116 2.826 -4.516 -21.916 0.314
3 16 -4.516 -18.204 3.523 -4.516 -21.916 -0.174 -4.516 -21.987 -0.408
3 16 -4.516 -21.987 -0.408 -4.516 -22.103 -0.624 -4.516 -18.204 3.523
3 16 -4.516 -18.204 3.523 -4.516 -21.892 0.07 -4.516 -21.916 -0.174
3 16 -4.516 -18.204 3.523 -4.516 -21.91 0.251 -4.516 -21.892 0.07
3 16 -4.516 -22.116 -3.002 -4.516 -22.898 -1.156 -4.516 -23.142 -1.18
3 16 -4.516 -22.116 -3.002 -4.516 -22.664 -1.085 -4.516 -22.898 -1.156
3 16 -4.516 -22.116 -3.002 -4.516 -22.448 -0.969 -4.516 -22.664 -1.085
3 16 -4.516 -23.386 -1.156 -4.516 -22.116 -3.002 -4.516 -23.142 -1.18
3 16 -4.516 -22.116 -3.002 -4.516 -22.258 -0.814 -4.516 -22.448 -0.969
3 16 -4.516 -22.116 -3.002 -4.516 -23.386 -1.156 -4.516 -23.535 -1.111
3 16 -4.516 -22.116 -3.002 -4.516 -23.535 -1.111 -4.516 -25.005 -2.334
3 16 -4.516 -25.005 -2.334 -4.516 -23.535 -1.111 -4.516 -23.621 -1.085
3 16 -4.516 -23.747 -1.018 -4.516 -25.299 -2.053 -4.516 -25.005 -2.334
3 16 -4.516 -23.747 -1.018 -4.516 -25.005 -2.334 -4.516 -23.621 -1.085
3 16 -4.516 -23.837 -0.969 -4.516 -23.864 -0.947 -4.516 -25.35 -1.81
3 16 -4.516 -25.35 -1.81 -4.516 -25.299 -2.053 -4.516 -23.747 -1.018
3 16 -4.516 -25.35 -1.81 -4.516 -23.747 -1.018 -4.516 -23.837 -0.969
3 16 -4.516 -25.35 1.823 -4.516 -24.368 0.314 -4.516 -24.297 0.548
3 16 -4.516 -25.35 1.823 -4.516 -24.392 0.07 -4.516 -24.368 0.314
3 16 -4.516 -25.35 1.823 -4.516 -24.368 -0.174 -4.516 -24.392 0.07
3 16 -4.516 -25.35 1.823 -4.516 -25.35 -1.81 -4.516 -24.297 -0.408
3 16 -4.516 -25.35 1.823 -4.516 -24.297 -0.408 -4.516 -24.368 -0.174
3 16 -4.516 -24.297 0.548 -4.516 -24.182 0.764 -4.516 -25.35 1.823
3 16 -4.516 -25.35 -1.81 -4.516 -24.182 -0.624 -4.516 -24.297 -0.408
3 16 -4.516 -24.182 0.764 -4.516 -24.026 0.954 -4.516 -25.35 1.823
3 16 -4.516 -25.35 -1.81 -4.516 -24.026 -0.814 -4.516 -24.182 -0.624
3 16 -4.516 -24.026 0.954 -4.516 -23.915 1.045 -4.516 -25.35 1.823
3 16 -4.516 -25.35 -1.81 -4.516 -23.864 -0.947 -4.516 -24.026 -0.814
3 16 -4.516 -25.35 1.823 -4.516 -23.837 1.109 -4.516 -23.803 1.128
3 16 -4.516 -25.35 1.823 -4.516 -23.803 1.128 -4.516 -25.299 2.066
3 16 -4.516 -25.35 1.823 -4.516 -23.915 1.045 -4.516 -23.837 1.109
3 16 -4.516 -22.664 1.225 -4.516 -22.448 1.109 -4.516 -22.116 2.826
3 16 -4.516 -22.116 2.826 -4.516 -22.898 1.296 -4.516 -22.664 1.225
3 16 -4.516 -22.116 2.826 -4.516 -23.142 1.32 -4.516 -22.898 1.296
3 16 -4.516 -22.116 2.826 -4.516 -23.386 1.296 -4.516 -23.142 1.32
3 16 -4.516 -22.448 1.109 -4.516 -22.258 0.954 -4.516 -22.116 2.826
3 16 -4.516 -22.258 0.954 -4.516 -22.116 0.78 -4.516 -22.116 2.826
3 16 -4.516 -22.116 2.826 -4.516 -25.005 2.347 -4.516 -23.592 1.234
3 16 -4.516 -22.116 2.826 -4.516 -23.592 1.234 -4.516 -23.386 1.296
3 16 -4.516 -23.621 1.225 -4.516 -23.592 1.234 -4.516 -25.005 2.347
3 16 -4.516 -25.005 2.347 -4.516 -25.299 2.066 -4.516 -23.803 1.128
3 16 -4.516 -25.005 2.347 -4.516 -23.803 1.128 -4.516 -23.621 1.225
3 16 -1.357 -23.386 -1.156 -4.516 -23.386 -1.156 -4.516 -23.142 -1.18
3 16 -1.357 -23.386 -1.156 -4.516 -23.142 -1.18 -1.357 -23.142 -1.18
3 16 -1.357 -22.664 -1.085 -4.516 -22.664 -1.085 -4.516 -22.448 -0.969
3 16 -1.357 -22.664 -1.085 -4.516 -22.448 -0.969 -1.357 -22.448 -0.969
3 16 -1.357 -22.103 -0.624 -4.516 -22.103 -0.624 -4.516 -21.987 -0.408
3 16 -1.357 -22.103 -0.624 -4.516 -21.987 -0.408 -1.357 -21.987 -0.408
3 16 -4.516 -21.91 0.251 -4.516 -21.916 0.314 -1.357 -21.916 0.314
3 16 -4.516 -21.91 0.251 -1.357 -21.916 0.314 -1.357 -21.892 0.07
3 16 -1.357 -21.892 0.07 -4.516 -21.892 0.07 -4.516 -21.91 0.251
3 16 -1.357 -22.103 0.764 -4.516 -22.103 0.764 -4.516 -22.116 0.78
3 16 -1.357 -22.103 0.764 -4.516 -22.116 0.78 -4.516 -22.258 0.954
3 16 -4.516 -22.258 0.954 -1.357 -22.258 0.954 -1.357 -22.103 0.764
3 16 -1.357 -22.664 1.225 -4.516 -22.664 1.225 -4.516 -22.898 1.296
3 16 -1.357 -22.664 1.225 -4.516 -22.898 1.296 -1.357 -22.898 1.296
3 16 -4.516 -23.592 1.234 -4.516 -23.621 1.225 -1.357 -23.621 1.225
3 16 -4.516 -23.592 1.234 -1.357 -23.621 1.225 -1.357 -23.386 1.296
3 16 -1.357 -23.386 1.296 -4.516 -23.386 1.296 -4.516 -23.592 1.234
3 16 -1.357 -24.026 0.954 -4.516 -24.026 0.954 -4.516 -24.182 0.764
3 16 -1.357 -24.026 0.954 -4.516 -24.182 0.764 -1.357 -24.182 0.764
3 16 -1.357 -24.368 0.314 -4.516 -24.368 0.314 -4.516 -24.392 0.07
3 16 -1.357 -24.368 0.314 -4.516 -24.392 0.07 -1.357 -24.392 0.07
3 16 -1.357 -24.297 -0.408 -4.516 -24.297 -0.408 -4.516 -24.182 -0.624
3 16 -1.357 -24.297 -0.408 -4.516 -24.182 -0.624 -1.357 -24.182 -0.624
3 16 -1.357 -23.837 -0.969 -4.516 -23.837 -0.969 -4.516 -23.747 -1.018
3 16 -1.357 -23.837 -0.969 -4.516 -23.747 -1.018 -4.516 -23.621 -1.085
3 16 -4.516 -23.621 -1.085 -1.357 -23.621 -1.085 -1.357 -23.837 -0.969
3 16 -1.357 -23.142 -1.18 -4.516 -23.142 -1.18 -4.516 -22.898 -1.156
3 16 -1.357 -23.142 -1.18 -4.516 -22.898 -1.156 -1.357 -22.898 -1.156
3 16 -1.357 -22.448 -0.969 -4.516 -22.448 -0.969 -4.516 -22.258 -0.814
3 16 -1.357 -22.448 -0.969 -4.516 -22.258 -0.814 -1.357 -22.258 -0.814
3 16 -1.357 -21.987 -0.408 -4.516 -21.987 -0.408 -4.516 -21.916 -0.174
3 16 -1.357 -21.987 -0.408 -4.516 -21.916 -0.174 -1.357 -21.916 -0.174
3 16 -1.357 -21.916 0.314 -4.516 -21.916 0.314 -4.516 -21.987 0.548
3 16 -1.357 -21.916 0.314 -4.516 -21.987 0.548 -1.357 -21.987 0.548
3 16 -1.357 -22.258 0.954 -4.516 -22.258 0.954 -4.516 -22.448 1.109
3 16 -1.357 -22.258 0.954 -4.516 -22.448 1.109 -1.357 -22.448 1.109
3 16 -1.357 -22.898 1.296 -4.516 -22.898 1.296 -4.516 -23.142 1.32
3 16 -1.357 -22.898 1.296 -4.516 -23.142 1.32 -1.357 -23.142 1.32
3 16 -4.516 -23.803 1.128 -4.516 -23.837 1.109 -1.357 -23.837 1.109
3 16 -4.516 -23.803 1.128 -1.357 -23.837 1.109 -1.357 -23.621 1.225
3 16 -1.357 -23.621 1.225 -4.516 -23.621 1.225 -4.516 -23.803 1.128
3 16 -1.357 -24.182 0.764 -4.516 -24.182 0.764 -4.516 -24.297 0.548
3 16 -1.357 -24.182 0.764 -4.516 -24.297 0.548 -1.357 -24.297 0.548
3 16 -1.357 -24.392 0.07 -4.516 -24.392 0.07 -4.516 -24.368 -0.174
3 16 -1.357 -24.392 0.07 -4.516 -24.368 -0.174 -1.357 -24.368 -0.174
3 16 -1.357 -24.182 -0.624 -4.516 -24.182 -0.624 -4.516 -24.026 -0.814
3 16 -1.357 -24.182 -0.624 -4.516 -24.026 -0.814 -1.357 -24.026 -0.814
3 16 -1.357 -23.621 -1.085 -4.516 -23.621 -1.085 -4.516 -23.535 -1.111
3 16 -1.357 -23.621 -1.085 -4.516 -23.535 -1.111 -4.516 -23.386 -1.156
3 16 -4.516 -23.386 -1.156 -1.357 -23.386 -1.156 -1.357 -23.621 -1.085
3 16 -1.357 -22.898 -1.156 -4.516 -22.898 -1.156 -4.516 -22.664 -1.085
3 16 -1.357 -22.898 -1.156 -4.516 -22.664 -1.085 -1.357 -22.664 -1.085
3 16 -4.516 -22.116 -0.64 -4.516 -22.103 -0.624 -1.357 -22.103 -0.624
3 16 -4.516 -22.116 -0.64 -1.357 -22.103 -0.624 -1.357 -22.258 -0.814
3 16 -1.357 -22.258 -0.814 -4.516 -22.258 -0.814 -4.516 -22.116 -0.64
3 16 -1.357 -21.916 -0.174 -4.516 -21.916 -0.174 -4.516 -21.892 0.07
3 16 -1.357 -21.916 -0.174 -4.516 -21.892 0.07 -1.357 -21.892 0.07
3 16 -1.357 -21.987 0.548 -4.516 -21.987 0.548 -4.516 -22.103 0.764
3 16 -1.357 -21.987 0.548 -4.516 -22.103 0.764 -1.357 -22.103 0.764
3 16 -1.357 -22.448 1.109 -4.516 -22.448 1.109 -4.516 -22.664 1.225
3 16 -1.357 -22.448 1.109 -4.516 -22.664 1.225 -1.357 -22.664 1.225
3 16 -1.357 -23.142 1.32 -4.516 -23.142 1.32 -4.516 -23.386 1.296
3 16 -1.357 -23.142 1.32 -4.516 -23.386 1.296 -1.357 -23.386 1.296
3 16 -1.357 -23.837 1.109 -4.516 -23.837 1.109 -4.516 -23.915 1.045
3 16 -1.357 -23.837 1.109 -4.516 -23.915 1.045 -4.516 -24.026 0.954
3 16 -4.516 -24.026 0.954 -1.357 -24.026 0.954 -1.357 -23.837 1.109
3 16 -1.357 -24.297 0.548 -4.516 -24.297 0.548 -4.516 -24.368 0.314
3 16 -1.357 -24.297 0.548 -4.516 -24.368 0.314 -1.357 -24.368 0.314
3 16 -1.357 -24.368 -0.174 -4.516 -24.368 -0.174 -4.516 -24.297 -0.408
3 16 -1.357 -24.368 -0.174 -4.516 -24.297 -0.408 -1.357 -24.297 -0.408
3 16 -4.516 -23.864 -0.947 -4.516 -23.837 -0.969 -1.357 -23.837 -0.969
3 16 -4.516 -23.864 -0.947 -1.357 -23.837 -0.969 -1.357 -24.026 -0.814
3 16 -1.357 -24.026 -0.814 -4.516 -24.026 -0.814 -4.516 -23.864 -0.947
3 16 -1.357 -23.386 -1.156 -1.357 -23.142 -1.18 -1.357 -23.142 0.07
3 16 -1.357 -24.026 -0.814 -1.357 -23.837 -0.969 -1.357 -23.142 0.07
3 16 -1.357 -24.368 -0.174 -1.357 -24.297 -0.408 -1.357 -23.142 0.07
3 16 -1.357 -24.297 0.548 -1.357 -24.368 0.314 -1.357 -23.142 0.07
3 16 -1.357 -23.837 1.109 -1.357 -24.026 0.954 -1.357 -23.142 0.07
3 16 -1.357 -23.142 1.32 -1.357 -23.386 1.296 -1.357 -23.142 0.07
3 16 -1.357 -22.448 1.109 -1.357 -22.664 1.225 -1.357 -23.142 0.07
3 16 -1.357 -21.987 0.548 -1.357 -22.103 0.764 -1.357 -23.142 0.07
3 16 -1.357 -21.916 -0.174 -1.357 -21.892 0.07 -1.357 -23.142 0.07
3 16 -1.357 -22.258 -0.814 -1.357 -22.103 -0.624 -1.357 -23.142 0.07
3 16 -1.357 -22.898 -1.156 -1.357 -22.664 -1.085 -1.357 -23.142 0.07
3 16 -1.357 -23.621 -1.085 -1.357 -23.386 -1.156 -1.357 -23.142 0.07
3 16 -1.357 -24.182 -0.624 -1.357 -24.026 -0.814 -1.357 -23.142 0.07
3 16 -1.357 -24.392 0.07 -1.357 -24.368 -0.174 -1.357 -23.142 0.07
3 16 -1.357 -24.182 0.764 -1.357 -24.297 0.548 -1.357 -23.142 0.07
3 16 -1.357 -23.621 1.225 -1.357 -23.837 1.109 -1.357 -23.142 0.07
3 16 -1.357 -22.898 1.296 -1.357 -23.142 1.32 -1.357 -23.142 0.07
3 16 -1.357 -22.258 0.954 -1.357 -22.448 1.109 -1.357 -23.142 0.07
3 16 -1.357 -21.916 0.314 -1.357 -21.987 0.548 -1.357 -23.142 0.07
3 16 -1.357 -21.987 -0.408 -1.357 -21.916 -0.174 -1.357 -23.142 0.07
3 16 -1.357 -22.448 -0.969 -1.357 -22.258 -0.814 -1.357 -23.142 0.07
3 16 -1.357 -23.142 -1.18 -1.357 -22.898 -1.156 -1.357 -23.142 0.07
3 16 -1.357 -23.837 -0.969 -1.357 -23.621 -1.085 -1.357 -23.142 0.07
3 16 -1.357 -24.297 -0.408 -1.357 -24.182 -0.624 -1.357 -23.142 0.07
3 16 -1.357 -24.368 0.314 -1.357 -24.392 0.07 -1.357 -23.142 0.07
3 16 -1.357 -24.026 0.954 -1.357 -24.182 0.764 -1.357 -23.142 0.07
3 16 -1.357 -23.386 1.296 -1.357 -23.621 1.225 -1.357 -23.142 0.07
3 16 -1.357 -22.664 1.225 -1.357 -22.898 1.296 -1.357 -23.142 0.07
3 16 -1.357 -22.103 0.764 -1.357 -22.258 0.954 -1.357 -23.142 0.07
3 16 -1.357 -21.892 0.07 -1.357 -21.916 0.314 -1.357 -23.142 0.07
3 16 -1.357 -22.103 -0.624 -1.357 -21.987 -0.408 -1.357 -23.142 0.07
3 16 -1.357 -22.664 -1.085 -1.357 -22.448 -0.969 -1.357 -23.142 0.07
3 16 -4.516 -18.204 3.523 -4.516 -22.116 -3.002 -4.516 -8.002 -4.52
3 16 -7.881 -25.005 2.347 -4.516 -25.005 2.347 -4.516 -22.116 2.826
3 16 -4.516 -8.002 -4.52 -4.516 -22.116 -3.002 -7.881 -11.305 -4.524
3 16 -7.881 -25.005 2.347 -4.516 -22.116 2.826 -4.516 -18.204 3.523
3 16 -4.516 -22.116 -0.64 -4.516 -22.116 -3.002 -4.516 -18.204 3.523
3 16 -4.516 -22.116 -0.64 -4.516 -18.204 3.523 -4.516 -22.103 -0.624
3 16 -4.516 -22.116 -3.002 -4.516 -22.116 -0.64 -4.516 -22.258 -0.814
4 16 7.36 -8.002 -1.787 8.314 -8.002 -5.556 8.314 -8.002 5.555 7.36 -8.002 1.8
4 16 8.314 -8.002 -5.556 9.238 -8.002 -3.827 9.238 -8.002 3.826 8.314 -8.002 5.555
4 16 9.238 -8.002 -3.827 9.808 -8.002 -1.951 9.808 -8.002 1.951 9.238 -8.002 3.826
4 16 7.02875 -8.002 -4.524 7.071 -8.002 -7.071 8.314 -8.002 -5.556 7.36 -8.002 -1.787
3 16 5.555 -8.002 -8.315 4.515 -8.002 -4.52 3.827 -8.002 -9.239
4 16 7.071 -8.002 -7.071 7.02875 -8.002 -4.524 4.515 -8.002 -4.52 5.555 -8.002 -8.315
4 16 5.555 -8.002 8.314 4.515 -8.002 4.533 7.02875 -8.002 4.537 7.071 -8.002 7.071
4 16 7.36 -8.002 1.8 8.314 -8.002 5.555 7.071 -8.002 7.071 7.02875 -8.002 4.537
4 16 3.827 -8.002 -9.239 4.515 -8.002 -4.52 4.515 -8.002 4.533 3.827 -8.002 9.238
4 16 1.951 -8.002 -9.808 3.827 -8.002 -9.239 3.827 -8.002 9.238 1.951 -8.002 9.807
4 16 0 -8.002 -10 1.951 -8.002 -9.808 1.951 -8.002 9.807 0 -8.002 10
4 16 -1.951 -8.002 -9.808 0 -8.002 -10 0 -8.002 10 -1.951 -8.002 9.807
4 16 -3.827 -8.002 -9.239 -1.951 -8.002 -9.808 -1.951 -8.002 9.807 -3.827 -8.002 9.238
4 16 -3.827 -8.002 9.238 -4.516 -8.002 4.533 -4.516 -8.002 -4.52 -3.827 -8.002 -9.239
4 16 -5.556 -8.002 -8.315 -4.516 -8.002 -4.52 -6.526 -8.002 -4.524 -7.071 -8.002 -7.071
4 16 -5.556 -8.002 8.314 -7.071 -8.002 7.071 -6.526 -8.002 4.537 -4.516 -8.002 4.533
4 16 -6.526 -8.002 -4.524 -7.36 -8.002 -1.787 -8.315 -8.002 -5.556 -7.071 -8.002 -7.071
4 16 -8.315 -8.002 5.555 -7.36 -8.002 1.8 -6.526 -8.002 4.537 -7.071 -8.002 7.071
4 16 -7.36 -8.002 1.8 -8.315 -8.002 5.555 -8.315 -8.002 -5.556 -7.36 -8.002 -1.787
4 16 -9.239 -8.002 -3.827 -8.315 -8.002 -5.556 -8.315 -8.002 5.555 -9.239 -8.002 3.826
4 16 -9.808 -8.002 -1.951 -9.239 -8.002 -3.827 -9.239 -8.002 3.826 -9.808 -8.002 1.951
4 16 -7.881 -11.305 4.537 -7.881 -11.305 -4.524 -7.881 -25.005 -2.334 -7.881 -25.005 2.347
4 16 -7.36 -8.002 1.8 -7.36 -8.002 -1.787 -7.881 -11.305 -4.524 -7.881 -11.305 4.537
4 16 7.881 -11.305 4.537 7.881 -25.005 2.347 7.881 -25.005 -2.334 7.881 -11.305 -4.524
4 16 7.36 -8.002 1.8 7.881 -11.305 4.537 7.881 -11.305 -4.524 7.36 -8.002 -1.787
4 16 -4.516 -25.35 -1.81 -4.516 -25.35 1.823 -7.881 -25.299 2.066 -7.881 -25.299 -2.053
4 16 4.515 -25.35 -1.81 7.881 -25.299 -2.053 7.881 -25.299 2.066 4.515 -25.35 1.823
3 16 -10 -0.002 0 -10 -8.002 0 -9.808 -0.002 1.951
3 16 -9.808 -0.002 1.951 -10 -8.002 0 -9.808 -8.002 1.951
3 16 -9.239 -0.002 3.826 -9.808 -0.002 1.951 -9.808 -8.002 1.951
3 16 -9.239 -0.002 3.826 -9.808 -8.002 1.951 -9.239 -8.002 3.826
3 16 -9.239 -8.002 3.826 -8.315 -8.002 5.555 -8.315 -0.002 5.555
3 16 -9.239 -8.002 3.826 -8.315 -0.002 5.555 -9.239 -0.002 3.826
3 16 -8.315 -8.002 5.555 -7.071 -8.002 7.071 -7.071 -0.002 7.071
3 16 -8.315 -8.002 5.555 -7.071 -0.002 7.071 -8.315 -0.002 5.555
3 16 -7.071 -8.002 7.071 -5.556 -8.002 8.314 -5.556 -0.002 8.314
3 16 -7.071 -8.002 7.071 -5.556 -0.002 8.314 -7.071 -0.002 7.071
3 16 -5.556 -8.002 8.314 -3.827 -8.002 9.238 -3.827 -0.002 9.238
3 16 -5.556 -8.002 8.314 -3.827 -0.002 9.238 -5.556 -0.002 8.314
3 16 -3.827 -8.002 9.238 -1.951 -8.002 9.807 -1.951 -0.002 9.807
3 16 -3.827 -8.002 9.238 -1.951 -0.002 9.807 -3.827 -0.002 9.238
3 16 -1.951 -8.002 9.807 0 -8.002 10 0 -0.002 10
3 16 -1.951 -8.002 9.807 0 -0.002 10 -1.951 -0.002 9.807
3 16 0 -8.002 10 1.951 -8.002 9.807 1.951 -0.002 9.807
3 16 0 -8.002 10 1.951 -0.002 9.807 0 -0.002 10
3 16 1.951 -8.002 9.807 3.827 -8.002 9.238 3.827 -0.002 9.238
3 16 1.951 -8.002 9.807 3.827 -0.002 9.238 1.951 -0.002 9.807
3 16 3.827 -8.002 9.238 5.555 -8.002 8.314 5.555 -0.002 8.314
3 16 3.827 -8.002 9.238 5.555 -0.002 8.314 3.827 -0.002 9.238
3 16 5.555 -8.002 8.314 7.071 -8.002 7.071 7.071 -0.002 7.071
3 16 5.555 -8.002 8.314 7.071 -0.002 7.071 5.555 -0.002 8.314
3 16 7.071 -8.002 7.071 8.314 -8.002 5.555 8.314 -0.002 5.555
3 16 7.071 -8.002 7.071 8.314 -0.002 5.555 7.071 -0.002 7.071
3 16 8.314 -8.002 5.555 9.238 -8.002 3.826 9.238 -0.002 3.826
3 16 8.314 -8.002 5.555 9.238 -0.002 3.826 8.314 -0.002 5.555
3 16 9.238 -8.002 3.826 9.808 -8.002 1.951 9.808 -0.002 1.951
3 16 9.238 -8.002 3.826 9.808 -0.002 1.951 9.238 -0.002 3.826
3 16 9.808 -8.002 1.951 10 -8.002 0 10 -0.002 0
3 16 9.808 -8.002 1.951 10 -0.002 0 9.808 -0.002 1.951
3 16 10 -8.002 0 9.808 -8.002 -1.951 9.808 -0.002 -1.951
3 16 10 -8.002 0 9.808 -0.002 -1.951 10 -0.002 0
3 16 9.808 -8.002 -1.951 9.238 -8.002 -3.827 9.238 -0.002 -3.827
3 16 9.808 -8.002 -1.951 9.238 -0.002 -3.827 9.808 -0.002 -1.951
3 16 9.238 -8.002 -3.827 8.314 -8.002 -5.556 8.314 -0.002 -5.556
3 16 9.238 -8.002 -3.827 8.314 -0.002 -5.556 9.238 -0.002 -3.827
3 16 8.314 -8.002 -5.556 7.071 -8.002 -7.071 7.071 -0.002 -7.071
3 16 8.314 -8.002 -5.556 7.071 -0.002 -7.071 8.314 -0.002 -5.556
3 16 7.071 -8.002 -7.071 5.555 -8.002 -8.315 5.555 -0.002 -8.315
3 16 7.071 -8.002 -7.071 5.555 -0.002 -8.315 7.071 -0.002 -7.071
3 16 5.555 -8.002 -8.315 3.827 -8.002 -9.239 3.827 -0.002 -9.239
3 16 5.555 -8.002 -8.315 3.827 -0.002 -9.239 5.555 -0.002 -8.315
3 16 3.827 -8.002 -9.239 1.951 -8.002 -9.808 1.951 -0.002 -9.808
3 16 3.827 -8.002 -9.239 1.951 -0.002 -9.808 3.827 -0.002 -9.239
3 16 1.951 -8.002 -9.808 0 -8.002 -10 0 -0.002 -10
3 16 1.951 -8.002 -9.808 0 -0.002 -10 1.951 -0.002 -9.808
3 16 0 -8.002 -10 -1.951 -8.002 -9.808 -1.951 -0.002 -9.808
3 16 0 -8.002 -10 -1.951 -0.002 -9.808 0 -0.002 -10
3 16 -1.951 -8.002 -9.808 -3.827 -8.002 -9.239 -3.827 -0.002 -9.239
3 16 -1.951 -8.002 -9.808 -3.827 -0.002 -9.239 -1.951 -0.002 -9.808
3 16 -3.827 -8.002 -9.239 -5.556 -8.002 -8.315 -5.556 -0.002 -8.315
3 16 -3.827 -8.002 -9.239 -5.556 -0.002 -8.315 -3.827 -0.002 -9.239
3 16 -5.556 -8.002 -8.315 -7.071 -8.002 -7.071 -7.071 -0.002 -7.071
3 16 -5.556 -8.002 -8.315 -7.071 -0.002 -7.071 -5.556 -0.002 -8.315
3 16 -7.071 -8.002 -7.071 -8.315 -8.002 -5.556 -8.315 -0.002 -5.556
3 16 -7.071 -8.002 -7.071 -8.315 -0.002 -5.556 -7.071 -0.002 -7.071
3 16 -8.315 -8.002 -5.556 -9.239 -8.002 -3.827 -9.239 -0.002 -3.827
3 16 -8.315 -8.002 -5.556 -9.239 -0.002 -3.827 -8.315 -0.002 -5.556
3 16 -10 -0.002 0 -9.808 -0.002 -1.951 -9.808 -8.002 -1.951
3 16 -9.808 -8.002 -1.951 -10 -8.002 0 -10 -0.002 0
3 16 -9.239 -8.002 -3.827 -9.808 -8.002 -1.951 -9.808 -0.002 -1.951
3 16 -9.239 -8.002 -3.827 -9.808 -0.002 -1.951 -9.239 -0.002 -3.827
3 16 9.238 -0.002 -3.827 6.929 -0.002 -2.871 7.356 -0.002 -1.464
3 16 9.238 -0.002 -3.827 7.356 -0.002 -1.464 9.808 -0.002 -1.951
3 16 9.808 -0.002 -1.951 7.356 -0.002 -1.464 7.5 -0.002 0
3 16 9.808 -0.002 -1.951 7.5 -0.002 0 10 -0.002 0
3 16 9.808 -0.002 1.951 10 -0.002 0 7.5 -0.002 0
3 16 9.808 -0.002 1.951 7.5 -0.002 0 7.356 -0.002 1.463
3 16 9.808 -0.002 1.951 7.356 -0.002 1.463 6.929 -0.002 2.87
3 16 9.808 -0.002 1.951 6.929 -0.002 2.87 9.238 -0.002 3.826
3 16 8.314 -0.002 5.555 9.238 -0.002 3.826 6.929 -0.002 2.87
3 16 8.314 -0.002 5.555 6.929 -0.002 2.87 6.236 -0.002 4.166
3 16 7.071 -0.002 7.071 8.314 -0.002 5.555 6.236 -0.002 4.166
3 16 7.071 -0.002 7.071 6.236 -0.002 4.166 5.303 -0.002 5.303
3 16 7.071 -0.002 7.071 5.303 -0.002 5.303 4.166 -0.002 6.236
3 16 7.071 -0.002 7.071 4.166 -0.002 6.236 5.555 -0.002 8.314
3 16 3.827 -0.002 9.238 5.555 -0.002 8.314 4.166 -0.002 6.236
3 16 3.827 -0.002 9.238 4.166 -0.002 6.236 2.87 -0.002 6.929
3 16 3.827 -0.002 9.238 2.87 -0.002 6.929 1.463 -0.002 7.356
3 16 3.827 -0.002 9.238 1.463 -0.002 7.356 1.951 -0.002 9.807
3 16 1.951 -0.002 9.807 1.463 -0.002 7.356 0 -0.002 7.5
3 16 1.951 -0.002 9.807 0 -0.002 7.5 0 -0.002 10
3 16 -1.951 -0.002 9.807 0 -0.002 10 0 -0.002 7.5
3 16 -1.951 -0.002 9.807 0 -0.002 7.5 -1.464 -0.002 7.356
3 16 -3.827 -0.002 9.238 -1.951 -0.002 9.807 -1.464 -0.002 7.356
3 16 -3.827 -0.002 9.238 -1.464 -0.002 7.356 -2.87 -0.002 6.929
3 16 -3.827 -0.002 9.238 -2.87 -0.002 6.929 -4.167 -0.002 6.236
3 16 -3.827 -0.002 9.238 -4.167 -0.002 6.236 -5.556 -0.002 8.314
3 16 -7.071 -0.002 7.071 -5.556 -0.002 8.314 -4.167 -0.002 6.236
3 16 -7.071 -0.002 7.071 -4.167 -0.002 6.236 -5.304 -0.002 5.303
3 16 -7.071 -0.002 7.071 -5.304 -0.002 5.303 -6.236 -0.002 4.166
3 16 -7.071 -0.002 7.071 -6.236 -0.002 4.166 -8.315 -0.002 5.555
3 16 -9.239 -0.002 3.826 -8.315 -0.002 5.555 -6.236 -0.002 4.166
3 16 -9.239 -0.002 3.826 -6.236 -0.002 4.166 -6.929 -0.002 2.87
3 16 -9.808 -0.002 1.951 -9.239 -0.002 3.826 -6.929 -0.002 2.87
3 16 -9.808 -0.002 1.951 -6.929 -0.002 2.87 -7.356 -0.002 1.463
3 16 -9.808 -0.002 -1.951 -10 -0.002 0 -7.5 -0.002 0
3 16 -9.808 -0.002 -1.951 -7.5 -0.002 0 -7.356 -0.002 -1.464
3 16 -9.808 -0.002 -1.951 -7.356 -0.002 -1.464 -6.929 -0.002 -2.87
3 16 -9.808 -0.002 -1.951 -6.929 -0.002 -2.87 -9.239 -0.002 -3.827
3 16 -8.315 -0.002 -5.556 -9.239 -0.002 -3.827 -6.929 -0.002 -2.87
3 16 -8.315 -0.002 -5.556 -6.929 -0.002 -2.87 -6.236 -0.002 -4.167
3 16 -7.071 -0.002 -7.071 -8.315 -0.002 -5.556 -6.236 -0.002 -4.167
3 16 -7.071 -0.002 -7.071 -6.236 -0.002 -4.167 -5.304 -0.002 -5.304
3 16 -7.071 -0.002 -7.071 -5.304 -0.002 -5.304 -4.167 -0.002 -6.236
3 16 -7.071 -0.002 -7.071 -4.167 -0.002 -6.236 -5.556 -0.002 -8.315
3 16 -3.827 -0.002 -9.239 -5.556 -0.002 -8.315 -4.167 -0.002 -6.236
3 16 -3.827 -0.002 -9.239 -4.167 -0.002 -6.236 -2.87 -0.002 -6.929
3 16 -3.827 -0.002 -9.239 -2.87 -0.002 -6.929 -1.464 -0.002 -7.356
3 16 -3.827 -0.002 -9.239 -1.464 -0.002 -7.356 -1.951 -0.002 -9.808
3 16 -1.951 -0.002 -9.808 -1.464 -0.002 -7.356 0 -0.002 -7.5
3 16 -1.951 -0.002 -9.808 0 -0.002 -7.5 0 -0.002 -10
3 16 1.951 -0.002 -9.808 0 -0.002 -10 0 -0.002 -7.5
3 16 1.951 -0.002 -9.808 0 -0.002 -7.5 1.463 -0.002 -7.356
3 16 1.951 -0.002 -9.808 1.463 -0.002 -7.356 2.87 -0.002 -6.929
3 16 1.951 -0.002 -9.808 2.87 -0.002 -6.929 3.827 -0.002 -9.239
3 16 -9.808 -0.002 1.951 -7.356 -0.002 1.463 -7.5 -0.002 0
3 16 -9.808 -0.002 1.951 -7.5 -0.002 0 -10 -0.002 0
3 16 5.555 -0.002 -8.315 3.827 -0.002 -9.239 2.87 -0.002 -6.929
3 16 5.555 -0.002 -8.315 2.87 -0.002 -6.929 4.166 -0.002 -6.236
3 16 5.555 -0.002 -8.315 4.166 -0.002 -6.236 5.303 -0.002 -5.304
3 16 5.555 -0.002 -8.315 5.303 -0.002 -5.304 7.071 -0.002 -7.071
3 16 8.314 -0.002 -5.556 7.071 -0.002 -7.071 5.303 -0.002 -5.304
3 16 8.314 -0.002 -5.556 5.303 -0.002 -5.304 6.236 -0.002 -4.167
3 16 9.238 -0.002 -3.827 8.314 -0.002 -5.556 6.236 -0.002 -4.167
3 16 9.238 -0.002 -3.827 6.236 -0.002 -4.167 6.929 -0.002 -2.871
3 16 0 -0.002 -7.5 1.463 -5.502 -7.356 0 -5.502 -7.5
3 16 0 -0.002 -7.5 1.463 -0.002 -7.356 1.463 -5.502 -7.356
3 16 4.166 -0.002 -6.236 5.303 -5.502 -5.304 4.166 -5.502 -6.236
3 16 4.166 -0.002 -6.236 5.303 -0.002 -5.304 5.303 -5.502 -5.304
3 16 6.929 -0.002 -2.871 7.356 -5.502 -1.464 6.929 -5.502 -2.871
3 16 6.929 -0.002 -2.871 7.356 -0.002 -1.464 7.356 -5.502 -1.464
3 16 7.356 -0.002 1.463 6.929 -5.502 2.87 7.356 -5.502 1.463
3 16 7.356 -0.002 1.463 6.929 -0.002 2.87 6.929 -5.502 2.87
3 16 5.303 -0.002 5.303 4.166 -5.502 6.236 5.303 -5.502 5.303
3 16 5.303 -0.002 5.303 4.166 -0.002 6.236 4.166 -5.502 6.236
3 16 1.463 -0.002 7.356 0 -5.502 7.5 1.463 -5.502 7.356
3 16 1.463 -0.002 7.356 0 -0.002 7.5 0 -5.502 7.5
3 16 -2.87 -0.002 6.929 -4.167 -5.502 6.236 -2.87 -5.502 6.929
3 16 -2.87 -0.002 6.929 -4.167 -0.002 6.236 -4.167 -5.502 6.236
3 16 -6.236 -0.002 4.166 -6.929 -5.502 2.87 -6.236 -5.502 4.166
3 16 -6.236 -0.002 4.166 -6.929 -0.002 2.87 -6.929 -5.502 2.87
3 16 -7.5 -0.002 0 -7.356 -5.502 -1.464 -7.5 -5.502 0
3 16 -7.5 -0.002 0 -7.356 -0.002 -1.464 -7.356 -5.502 -1.464
3 16 -6.236 -0.002 -4.167 -5.304 -5.502 -5.304 -6.236 -5.502 -4.167
3 16 -6.236 -0.002 -4.167 -5.304 -0.002 -5.304 -5.304 -5.502 -5.304
3 16 -2.87 -0.002 -6.929 -1.464 -5.502 -7.356 -2.87 -5.502 -6.929
3 16 -2.87 -0.002 -6.929 -1.464 -0.002 -7.356 -1.464 -5.502 -7.356
3 16 1.463 -0.002 -7.356 2.87 -5.502 -6.929 1.463 -5.502 -7.356
3 16 1.463 -0.002 -7.356 2.87 -0.002 -6.929 2.87 -5.502 -6.929
3 16 5.303 -0.002 -5.304 6.236 -5.502 -4.167 5.303 -5.502 -5.304
3 16 5.303 -0.002 -5.304 6.236 -0.002 -4.167 6.236 -5.502 -4.167
3 16 7.356 -0.002 -1.464 7.5 -5.502 0 7.356 -5.502 -1.464
3 16 7.356 -0.002 -1.464 7.5 -0.002 0 7.5 -5.502 0
3 16 6.929 -0.002 2.87 6.236 -5.502 4.166 6.929 -5.502 2.87
3 16 6.929 -0.002 2.87 6.236 -0.002 4.166 6.236 -5.502 4.166
3 16 4.166 -0.002 6.236 2.87 -5.502 6.929 4.166 -5.502 6.236
3 16 4.166 -0.002 6.236 2.87 -0.002 6.929 2.87 -5.502 6.929
3 16 0 -0.002 7.5 -1.464 -5.502 7.356 0 -5.502 7.5
3 16 0 -0.002 7.5 -1.464 -0.002 7.356 -1.464 -5.502 7.356
3 16 -4.167 -0.002 6.236 -5.304 -5.502 5.303 -4.167 -5.502 6.236
3 16 -4.167 -0.002 6.236 -5.304 -0.002 5.303 -5.304 -5.502 5.303
3 16 -6.929 -0.002 2.87 -7.356 -5.502 1.463 -6.929 -5.502 2.87
3 16 -6.929 -0.002 2.87 -7.356 -0.002 1.463 -7.356 -5.502 1.463
3 16 -7.356 -0.002 -1.464 -6.929 -5.502 -2.87 -7.356 -5.502 -1.464
3 16 -7.356 -0.002 -1.464 -6.929 -0.002 -2.87 -6.929 -5.502 -2.87
3 16 -5.304 -0.002 -5.304 -4.167 -5.502 -6.236 -5.304 -5.502 -5.304
3 16 -5.304 -0.002 -5.304 -4.167 -0.002 -6.236 -4.167 -5.502 -6.236
3 16 -1.464 -0.002 -7.356 0 -5.502 -7.5 -1.464 -5.502 -7.356
3 16 -1.464 -0.002 -7.356 0 -0.002 -7.5 0 -5.502 -7.5
3 16 2.87 -0.002 -6.929 4.166 -5.502 -6.236 2.87 -5.502 -6.929
3 16 2.87 -0.002 -6.929 4.166 -0.002 -6.236 4.166 -5.502 -6.236
3 16 6.236 -0.002 -4.167 6.929 -5.502 -2.871 6.236 -5.502 -4.167
3 16 6.236 -0.002 -4.167 6.929 -0.002 -2.871 6.929 -5.502 -2.871
3 16 7.5 -0.002 0 7.356 -5.502 1.463 7.5 -5.502 0
3 16 7.5 -0.002 0 7.356 -0.002 1.463 7.356 -5.502 1.463
3 16 6.236 -0.002 4.166 5.303 -5.502 5.303 6.236 -5.502 4.166
3 16 6.236 -0.002 4.166 5.303 -0.002 5.303 5.303 -5.502 5.303
3 16 2.87 -0.002 6.929 1.463 -5.502 7.356 2.87 -5.502 6.929
3 16 2.87 -0.002 6.929 1.463 -0.002 7.356 1.463 -5.502 7.356
3 16 -1.464 -0.002 7.356 -2.87 -5.502 6.929 -1.464 -5.502 7.356
3 16 -1.464 -0.002 7.356 -2.87 -0.002 6.929 -2.87 -5.502 6.929
3 16 -5.304 -0.002 5.303 -6.236 -5.502 4.166 -5.304 -5.502 5.303
3 16 -5.304 -0.002 5.303 -6.236 -0.002 4.166 -6.236 -5.502 4.166
3 16 -7.356 -0.002 1.463 -7.5 -5.502 0 -7.356 -5.502 1.463
3 16 -7.356 -0.002 1.463 -7.5 -0.002 0 -7.5 -5.502 0
3 16 -6.929 -0.002 -2.87 -6.236 -5.502 -4.167 -6.929 -5.502 -2.87
3 16 -6.929 -0.002 -2.87 -6.236 -0.002 -4.167 -6.236 -5.502 -4.167
3 16 -4.167 -0.002 -6.236 -2.87 -5.502 -6.929 -4.167 -5.502 -6.236
3 16 -4.167 -0.002 -6.236 -2.87 -0.002 -6.929 -2.87 -5.502 -6.929
3 16 -2.87 -5.502 -6.929 -4.167 -5.502 -6.236 0 -5.502 0
3 16 1.463 -5.502 -7.356 0 -5.502 -7.5 0 -5.502 0
3 16 5.303 -5.502 -5.304 4.166 -5.502 -6.236 0 -5.502 0
3 16 7.356 -5.502 -1.464 6.929 -5.502 -2.871 0 -5.502 0
3 16 6.929 -5.502 2.87 7.356 -5.502 1.463 0 -5.502 0
3 16 4.166 -5.502 6.236 5.303 -5.502 5.303 0 -5.502 0
3 16 0 -5.502 7.5 1.463 -5.502 7.356 0 -5.502 0
3 16 -4.167 -5.502 6.236 -2.87 -5.502 6.929 0 -5.502 0
3 16 -6.929 -5.502 2.87 -6.236 -5.502 4.166 0 -5.502 0
3 16 -7.356 -5.502 -1.464 -7.5 -5.502 0 0 -5.502 0
3 16 -5.304 -5.502 -5.304 -6.236 -5.502 -4.167 0 -5.502 0
3 16 -1.464 -5.502 -7.356 -2.87 -5.502 -6.929 0 -5.502 0
3 16 2.87 -5.502 -6.929 1.463 -5.502 -7.356 0 -5.502 0
3 16 6.236 -5.502 -4.167 5.303 -5.502 -5.304 0 -5.502 0
3 16 7.5 -5.502 0 7.356 -5.502 -1.464 0 -5.502 0
3 16 6.236 -5.502 4.166 6.929 -5.502 2.87 0 -5.502 0
3 16 2.87 -5.502 6.929 4.166 -5.502 6.236 0 -5.502 0
3 16 -1.464 -5.502 7.356 0 -5.502 7.5 0 -5.502 0
3 16 -5.304 -5.502 5.303 -4.167 -5.502 6.236 0 -5.502 0
3 16 -7.356 -5.502 1.463 -6.929 -5.502 2.87 0 -5.502 0
3 16 -6.929 -5.502 -2.87 -7.356 -5.502 -1.464 0 -5.502 0
3 16 -4.167 -5.502 -6.236 -5.304 -5.502 -5.304 0 -5.502 0
3 16 0 -5.502 -7.5 -1.464 -5.502 -7.356 0 -5.502 0
3 16 4.166 -5.502 -6.236 2.87 -5.502 -6.929 0 -5.502 0
3 16 6.929 -5.502 -2.871 6.236 -5.502 -4.167 0 -5.502 0
3 16 7.356 -5.502 1.463 7.5 -5.502 0 0 -5.502 0
3 16 5.303 -5.502 5.303 6.236 -5.502 4.166 0 -5.502 0
3 16 1.463 -5.502 7.356 2.87 -5.502 6.929 0 -5.502 0
3 16 -2.87 -5.502 6.929 -1.464 -5.502 7.356 0 -5.502 0
3 16 -6.236 -5.502 4.166 -5.304 -5.502 5.303 0 -5.502 0
3 16 -7.5 -5.502 0 -7.356 -5.502 1.463 0 -5.502 0
3 16 -6.236 -5.502 -4.167 -6.929 -5.502 -2.87 0 -5.502 0
2 24 -7.881 -25.005 2.347 -7.881 -11.305 4.537
2 24 1.356 -21.916 -0.174 1.356 -21.892 0.07
2 24 -2.87 -0.002 -6.929 -1.464 -0.002 -7.356
5 24 -4.516 -24.297 -0.408 -1.357 -24.297 -0.408 -4.516 -24.182 -0.624 -1.357 -24.368 -0.174
2 24 -7.356 -5.502 -1.464 -6.929 -5.502 -2.87
2 24 4.515 -25.299 2.066 7.881 -25.299 2.066
5 24 1.951 -0.002 -9.808 3.827 -8.002 -9.239 1.951 -8.002 -9.808 3.827 -0.002 -9.239
2 24 1.463 -5.502 -7.356 2.87 -5.502 -6.929
5 24 1.356 -23.837 1.109 4.515 -23.803 1.128 4.515 -23.837 1.109 1.356 -23.621 1.225
2 24 -8.315 -8.002 5.555 -7.071 -8.002 7.071
2 24 -2.87 -5.502 6.929 -1.464 -5.502 7.356
5 24 4.515 -8.002 4.533 7.881 -11.305 4.537 7.02875 -8.002 4.537 4.515 -18.204 3.523
5 24 -4.516 -22.898 1.296 -1.357 -22.898 1.296 -1.357 -22.664 1.225 -4.516 -23.142 1.32
2 24 -3.827 -8.002 -9.239 -1.951 -8.002 -9.808
2 24 0 -8.002 10 1.951 -8.002 9.807
2 24 -7.36 -8.002 -1.787 -6.526 -8.002 -4.524
2 24 4.515 -24.392 0.07 4.515 -24.368 -0.174
2 24 -4.516 -23.142 -1.18 -4.516 -22.898 -1.156
2 24 4.515 -25.005 -2.334 4.515 -22.116 -3.002
5 24 -4.516 -23.837 -0.969 -1.357 -23.837 -0.969 -4.516 -23.747 -1.018 -4.516 -23.864 -0.947
2 24 -1.357 -23.142 1.32 -1.357 -22.898 1.296
2 24 -6.929 -0.002 -2.87 -6.236 -0.002 -4.167
5 24 7.36 -8.002 -1.787 7.881 -11.305 -4.524 7.02875 -8.002 -4.524 7.36 -8.002 1.8
5 24 1.356 -21.916 -0.174 4.515 -21.916 -0.174 1.356 -21.987 -0.408 4.515 -21.892 0.07
5 24 -2.87 -5.502 -6.929 -2.87 -0.002 -6.929 -1.464 -5.502 -7.356 -4.167 -0.002 -6.236
5 24 -4.516 -23.621 -1.085 -1.357 -23.837 -0.969 -4.516 -23.747 -1.018 -1.357 -23.621 -1.085
5 24 1.356 -23.386 1.296 4.515 -23.592 1.234 1.356 -23.621 1.225 4.515 -23.386 1.296
5 24 4.166 -5.502 6.236 4.166 -0.002 6.236 5.303 -0.002 5.303 2.87 -5.502 6.929
5 24 -6.236 -5.502 -4.167 -6.236 -0.002 -4.167 -5.304 -5.502 -5.304 -6.929 -0.002 -2.87
2 24 -6.929 -5.502 -2.87 -6.236 -5.502 -4.167
2 24 4.515 -23.535 -1.111 4.515 -23.386 -1.156
2 24 -7.5 -5.502 0 -7.356 -5.502 -1.464
2 24 -10 -0.002 0 -9.808 -0.002 -1.951
2 24 -4.516 -23.386 1.296 -4.516 -23.142 1.32
5 24 -4.516 -24.297 0.548 -1.357 -24.297 0.548 -1.357 -24.182 0.764 -4.516 -24.368 0.314
2 24 -4.516 -22.116 -0.64 -4.516 -22.103 -0.624
5 24 -7.881 -11.305 -4.524 -7.881 -11.305 4.537 -7.881 -25.005 -2.334 -7.36 -8.002 -1.787
2 24 -1.357 -21.916 0.314 -1.357 -21.892 0.07
5 24 -4.516 -23.386 1.296 -1.357 -23.386 1.296 -4.516 -23.592 1.234 -1.357 -23.142 1.32
5 24 -5.304 -5.502 -5.304 -5.304 -0.002 -5.304 -6.236 -0.002 -4.167 -4.167 -5.502 -6.236
2 24 1.356 -22.664 1.225 1.356 -22.448 1.109
2 24 4.515 -22.258 0.954 4.515 -22.116 0.78
5 24 -4.516 -22.258 0.954 -1.357 -22.258 0.954 -1.357 -22.103 0.764 -4.516 -22.448 1.109
2 24 1.356 -23.621 1.225 1.356 -23.386 1.296
2 24 -8.315 -0.002 5.555 -7.071 -0.002 7.071
5 24 -7.881 -25.005 2.347 -4.516 -18.204 3.523 -7.881 -11.305 4.537 -4.516 -22.116 2.826
2 24 7.071 -0.002 -7.071 8.314 -0.002 -5.556
2 24 6.929 -0.002 2.87 7.356 -0.002 1.463
2 24 8.314 -0.002 5.555 9.238 -0.002 3.826
5 24 -10 -0.002 0 -9.808 -8.002 -1.951 -9.808 -0.002 -1.951 -10 -8.002 0
2 24 4.515 -23.864 -0.947 4.515 -23.837 -0.969
2 24 -7.881 -25.299 -2.053 -7.881 -25.005 -2.334
5 24 1.951 -8.002 9.807 3.827 -0.002 9.238 3.827 -8.002 9.238 1.951 -0.002 9.807
5 24 6.236 -5.502 4.166 6.236 -0.002 4.166 6.929 -0.002 2.87 5.303 -5.502 5.303
2 24 4.515 -21.987 0.548 4.515 -21.916 0.314
5 24 4.515 -8.002 -4.52 7.881 -11.305 -4.524 7.02875 -8.002 -4.524 4.515 -22.116 -3.002
5 24 -4.516 -23.864 -0.947 -1.357 -24.026 -0.814 -1.357 -23.837 -0.969 -4.516 -24.026 -0.814
2 24 -1.357 -23.621 -1.085 -1.357 -23.386 -1.156
2 24 4.515 -23.915 1.045 4.515 -23.837 1.109
2 24 -9.808 -8.002 -1.951 -9.239 -8.002 -3.827
5 24 1.356 -21.987 -0.408 4.515 -21.987 -0.408 1.356 -22.103 -0.624 4.515 -21.916 -0.174
2 24 -1.357 -24.026 0.954 -1.357 -23.837 1.109
2 24 -1.951 -0.002 -9.808 0 -0.002 -10
2 24 4.515 -25.005 2.347 7.881 -25.005 2.347
2 24 4.515 -21.987 -0.408 4.515 -21.916 -0.174
5 24 1.356 -23.837 -0.969 4.515 -23.864 -0.947 4.515 -23.837 -0.969 1.356 -24.026 -0.814
2 24 7.356 -0.002 -1.464 7.5 -0.002 0
5 24 -4.516 -23.747 -1.018 -1.357 -23.837 -0.969 -4.516 -23.837 -0.969 -4.516 -23.621 -1.085
2 24 -1.357 -23.837 1.109 -1.357 -23.621 1.225
2 24 -9.239 -8.002 3.826 -8.315 -8.002 5.555
2 24 4.166 -0.002 -6.236 5.303 -0.002 -5.304
5 24 -4.516 -21.892 0.07 -1.357 -21.892 0.07 -4.516 -21.91 0.251 -1.357 -21.916 -0.174
2 24 7.02875 -8.002 -4.524 7.881 -11.305 -4.524
5 24 -7.881 -25.299 2.066 -4.516 -25.35 1.823 -4.516 -25.299 2.066 -7.881 -25.299 -2.053
2 24 -1.357 -22.898 -1.156 -1.357 -22.664 -1.085
2 24 -7.071 -0.002 7.071 -5.556 -0.002 8.314
2 24 -5.556 -0.002 -8.315 -3.827 -0.002 -9.239
2 24 -1.357 -23.837 -0.969 -1.357 -23.621 -1.085
5 24 -7.881 -11.305 4.537 -4.516 -18.204 3.523 -4.516 -8.002 4.533 -7.881 -25.005 2.347
2 24 -1.357 -23.386 1.296 -1.357 -23.142 1.32
2 24 0 -0.002 7.5 1.463 -0.002 7.356
2 24 -7.881 -25.299 2.066 -4.516 -25.299 2.066
2 24 -4.516 -22.898 -1.156 -4.516 -22.664 -1.085
2 24 5.303 -0.002 -5.304 6.236 -0.002 -4.167
5 24 -4.516 -24.368 0.314 -1.357 -24.368 0.314 -4.516 -24.392 0.07 -1.357 -24.297 0.548
2 24 4.515 -25.299 2.066 4.515 -25.005 2.347
2 24 8.314 -8.002 5.555 9.238 -8.002 3.826
2 24 -4.516 -23.837 -0.969 -4.516 -23.747 -1.018
2 24 -1.357 -21.916 -0.174 -1.357 -21.892 0.07
2 24 -4.516 -24.182 0.764 -4.516 -24.026 0.954
5 24 0 -5.502 7.5 0 -0.002 7.5 1.463 -0.002 7.356 -1.464 -5.502 7.356
2 24 4.515 -22.258 -0.814 4.515 -22.116 -0.64
2 24 1.463 -0.002 7.356 2.87 -0.002 6.929
2 24 7.881 -25.005 2.347 7.881 -11.305 4.537
2 24 4.166 -0.002 6.236 5.303 -0.002 5.303
5 24 -9.239 -8.002 -3.827 -9.239 -0.002 -3.827 -8.315 -8.002 -5.556 -9.808 -0.002 -1.951
5 24 7.881 -11.305 -4.524 7.881 -11.305 4.537 7.881 -25.005 -2.334 7.36 -8.002 -1.787
5 24 -4.516 -23.621 1.225 -1.357 -23.621 1.225 -4.516 -23.592 1.234 -4.516 -23.803 1.128
2 24 -1.357 -24.182 0.764 -1.357 -24.026 0.954
2 24 4.515 -23.747 -1.018 4.515 -23.621 -1.085
5 24 7.36 -8.002 1.8 7.881 -11.305 4.537 7.02875 -8.002 4.537 7.36 -8.002 -1.787
2 24 4.515 -22.448 1.109 4.515 -22.258 0.954
2 24 -4.516 -22.116 2.826 -4.516 -18.204 3.523
2 24 -5.556 -0.002 8.314 -3.827 -0.002 9.238
2 24 4.515 -23.837 -0.969 4.515 -23.747 -1.018
2 24 4.515 -23.621 1.225 4.515 -23.592 1.234
2 24 -1.357 -22.258 -0.814 -1.357 -22.103 -0.624
2 24 5.555 -8.002 8.314 7.071 -8.002 7.071
2 24 9.808 -8.002 -1.951 10 -8.002 0
2 24 -4.516 -22.103 -0.624 -4.516 -21.987 -0.408
2 24 -4.516 -22.103 0.764 -4.516 -21.987 0.548
2 24 1.356 -22.258 -0.814 1.356 -22.103 -0.624
5 24 5.555 -8.002 -8.315 5.555 -0.002 -8.315 7.071 -8.002 -7.071 3.827 -0.002 -9.239
2 24 -9.808 -8.002 1.951 -9.239 -8.002 3.826
2 24 1.356 -22.664 -1.085 1.356 -22.448 -0.969
2 24 -4.516 -23.535 -1.111 -4.516 -23.386 -1.156
2 24 -4.516 -23.864 -0.947 -4.516 -23.837 -0.969
5 24 1.356 -22.103 -0.624 4.515 -22.103 -0.624 4.515 -21.987 -0.408 4.515 -22.116 -0.64
5 24 1.356 -21.892 0.07 4.515 -21.892 0.07 4.515 -21.91 0.251 1.356 -21.916 -0.174
5 24 -4.516 -22.116 -0.64 -1.357 -22.258 -0.814 -1.357 -22.103 -0.624 -4.516 -22.258 -0.814
2 24 -4.167 -0.002 -6.236 -2.87 -0.002 -6.929
5 24 1.356 -22.898 -1.156 4.515 -22.898 -1.156 1.356 -23.142 -1.18 4.515 -22.664 -1.085
5 24 -3.827 -0.002 -9.239 -1.951 -8.002 -9.808 -3.827 -8.002 -9.239 -1.951 -0.002 -9.808
2 24 6.236 -5.502 -4.167 6.929 -5.502 -2.871
5 24 -4.516 -23.386 -1.156 -1.357 -23.386 -1.156 -4.516 -23.142 -1.18 -1.357 -23.621 -1.085
5 24 1.356 -24.392 0.07 4.515 -24.392 0.07 1.356 -24.368 0.314 4.515 -24.368 -0.174
2 24 4.515 -21.91 0.251 4.515 -21.892 0.07
2 24 -4.516 -25.35 -1.81 -4.516 -25.299 -2.053
5 24 1.356 -24.026 -0.814 4.515 -23.864 -0.947 1.356 -23.837 -0.969 4.515 -24.026 -0.814
5 24 1.463 -5.502 -7.356 1.463 -0.002 -7.356 0 -0.002 -7.5 2.87 -5.502 -6.929
5 24 -4.516 -21.91 0.251 -1.357 -21.892 0.07 -1.357 -21.916 0.314 -4.516 -21.892 0.07
2 24 3.827 -8.002 9.238 5.555 -8.002 8.314
2 24 1.356 -23.386 -1.156 1.356 -23.142 -1.18
5 24 -4.516 -22.898 -1.156 -1.357 -22.898 -1.156 -1.357 -23.142 -1.18 -4.516 -22.664 -1.085
5 24 -4.516 -24.392 0.07 -1.357 -24.392 0.07 -1.357 -24.368 0.314 -4.516 -24.368 -0.174
2 24 -4.516 -21.91 0.251 -4.516 -21.892 0.07
2 24 -1.357 -24.392 0.07 -1.357 -24.368 -0.174
5 24 4.515 -18.204 3.523 7.881 -25.005 2.347 7.881 -11.305 4.537 4.515 -22.116 2.826
2 24 4.515 -18.204 3.523 4.515 -8.002 4.533
5 24 -7.881 -25.005 -2.334 -4.516 -22.116 -3.002 -4.516 -25.005 -2.334 -7.881 -11.305 -4.524
5 24 1.356 -22.898 1.296 4.515 -22.898 1.296 1.356 -22.664 1.225 4.515 -23.142 1.32
2 24 4.515 -24.368 -0.174 4.515 -24.297 -0.408
2 24 -1.357 -22.664 1.225 -1.357 -22.448 1.109
2 24 -1.357 -22.898 1.296 -1.357 -22.664 1.225
5 24 -4.516 -22.664 -1.085 -1.357 -22.664 -1.085 -4.516 -22.448 -0.969 -1.357 -22.898 -1.156
2 24 -1.357 -22.448 1.109 -1.357 -22.258 0.954
5 24 -4.516 -22.116 0.78 -1.357 -22.103 0.764 -4.516 -22.103 0.764 -4.516 -22.258 0.954
5 24 -4.516 -22.103 -0.624 -1.357 -22.103 -0.624 -4.516 -21.987 -0.408 -4.516 -22.116 -0.64
2 24 4.515 -25.35 1.823 4.515 -25.299 2.066
2 24 1.356 -22.103 -0.624 1.356 -21.987 -0.408
2 24 -7.881 -25.299 -2.053 -4.516 -25.299 -2.053
5 24 1.356 -23.837 -0.969 4.515 -23.837 -0.969 4.515 -23.747 -1.018 4.515 -23.864 -0.947
2 24 -1.357 -24.368 0.314 -1.357 -24.297 0.548
5 24 1.356 -24.026 -0.814 4.515 -24.026 -0.814 1.356 -24.182 -0.624 4.515 -23.864 -0.947
2 24 -1.357 -23.621 1.225 -1.357 -23.386 1.296
5 24 4.515 -22.116 -3.002 7.881 -11.305 -4.524 7.881 -25.005 -2.334 4.515 -8.002 -4.52
2 24 6.929 -0.002 -2.871 7.356 -0.002 -1.464
5 24 2.87 -5.502 6.929 2.87 -0.002 6.929 4.166 -0.002 6.236 1.463 -5.502 7.356
5 24 -4.516 -24.368 -0.174 -1.357 -24.368 -0.174 -1.357 -24.392 0.07 -4.516 -24.297 -0.408
5 24 -7.5 -5.502 0 -7.5 -0.002 0 -7.356 -5.502 -1.464 -7.356 -0.002 1.463
2 24 1.356 -22.103 0.764 1.356 -21.987 0.548
5 24 -9.239 -8.002 3.826 -9.239 -0.002 3.826 -9.808 -8.002 1.951 -8.315 -0.002 5.555
5 24 -4.516 -22.116 -0.64 -1.357 -22.103 -0.624 -4.516 -22.103 -0.624 -1.357 -22.258 -0.814
2 24 -4.516 -25.005 2.347 -4.516 -22.116 2.826
5 24 -7.071 -8.002 7.071 -7.071 -0.002 7.071 -8.315 -8.002 5.555 -5.556 -0.002 8.314
5 24 1.356 -21.987 0.548 4.515 -21.987 0.548 1.356 -21.916 0.314 4.515 -22.103 0.764
5 24 4.515 -18.204 3.523 7.881 -11.305 4.537 4.515 -8.002 4.533 7.881 -25.005 2.347
2 24 -7.881 -25.299 -2.053 -7.881 -25.299 2.066
2 24 6.236 -0.002 4.166 6.929 -0.002 2.87
5 24 1.356 -23.386 1.296 4.515 -23.386 1.296 4.515 -23.592 1.234 1.356 -23.142 1.32
5 24 -7.881 -11.305 4.537 -7.36 -8.002 1.8 -6.526 -8.002 4.537 -7.881 -11.305 -4.524
2 24 -4.516 -23.621 1.225 -4.516 -23.592 1.234
5 24 1.356 -24.368 0.314 4.515 -24.368 0.314 4.515 -24.392 0.07 1.356 -24.297 0.548
2 24 4.515 -25.299 -2.053 7.881 -25.299 -2.053
2 24 3.827 -8.002 -9.239 5.555 -8.002 -8.315
2 24 3.827 -0.002 9.238 5.555 -0.002 8.314
2 24 -7.881 -25.005 2.347 -4.516 -25.005 2.347
2 24 -7.881 -25.299 2.066 -7.881 -25.005 2.347
2 24 1.356 -23.386 1.296 1.356 -23.142 1.32
5 24 6.929 -5.502 -2.871 6.929 -0.002 -2.871 7.356 -5.502 -1.464 6.236 -0.002 -4.167
2 24 4.515 -22.448 -0.969 4.515 -22.258 -0.814
2 24 -4.516 -24.368 0.314 -4.516 -24.297 0.548
5 24 1.356 -23.837 -0.969 4.515 -23.747 -1.018 4.515 -23.621 -1.085 4.515 -23.837 -0.969
2 24 -9.808 -0.002 -1.951 -9.239 -0.002 -3.827
2 24 4.515 -8.002 4.533 7.02875 -8.002 4.537
5 24 -4.516 -21.987 0.548 -1.357 -21.987 0.548 -1.357 -21.916 0.314 -4.516 -22.103 0.764
2 24 4.515 -22.116 -0.64 4.515 -22.103 -0.624
5 24 -4.516 -22.258 0.954 -1.357 -22.103 0.764 -4.516 -22.116 0.78 -1.357 -22.258 0.954
2 24 9.238 -0.002 3.826 9.808 -0.002 1.951
5 24 1.356 -23.837 1.109 4.515 -23.915 1.045 4.515 -24.026 0.954 4.515 -23.837 1.109
2 24 4.515 -23.837 1.109 4.515 -23.803 1.128
2 24 -1.357 -22.103 -0.624 -1.357 -21.987 -0.408
2 24 -4.516 -24.182 -0.624 -4.516 -24.026 -0.814
2 24 -7.881 -25.005 -2.334 -4.516 -25.005 -2.334
2 24 -5.304 -0.002 -5.304 -4.167 -0.002 -6.236
2 24 -10 -0.002 0 -9.808 -0.002 1.951
2 24 4.515 -23.386 -1.156 4.515 -23.142 -1.18
2 24 -1.357 -24.182 -0.624 -1.357 -24.026 -0.814
2 24 -4.516 -8.002 -4.52 -4.516 -8.002 4.533
5 24 3.827 -8.002 9.238 5.555 -0.002 8.314 5.555 -8.002 8.314 3.827 -0.002 9.238
5 24 1.356 -23.386 -1.156 4.515 -23.386 -1.156 4.515 -23.142 -1.18 1.356 -23.621 -1.085
2 24 4.515 -24.182 0.764 4.515 -24.026 0.954
2 24 -1.357 -23.142 -1.18 -1.357 -22.898 -1.156
2 24 -1.357 -21.987 0.548 -1.357 -21.916 0.314
2 24 -6.929 -0.002 2.87 -6.236 -0.002 4.166
5 24 -4.516 -24.026 -0.814 -1.357 -24.026 -0.814 -1.357 -24.182 -0.624 -4.516 -23.864 -0.947
5 24 -5.304 -5.502 5.303 -5.304 -0.002 5.303 -4.167 -0.002 6.236 -6.236 -5.502 4.166
5 24 1.356 -24.182 -0.624 4.515 -24.182 -0.624 1.356 -24.297 -0.408 4.515 -24.026 -0.814
2 24 -1.357 -24.297 -0.408 -1.357 -24.182 -0.624
2 24 1.356 -24.392 0.07 1.356 -24.368 -0.174
2 24 -4.516 -23.915 1.045 -4.516 -23.837 1.109
2 24 -4.167 -5.502 6.236 -2.87 -5.502 6.929
2 24 4.515 -25.35 -1.81 4.515 -25.299 -2.053
5 24 -4.516 -23.592 1.234 -1.357 -23.386 1.296 -1.357 -23.621 1.225 -4.516 -23.386 1.296
5 24 1.356 -23.621 1.225 4.515 -23.803 1.128 1.356 -23.837 1.109 4.515 -23.621 1.225
2 24 4.515 -24.026 0.954 4.515 -23.915 1.045
2 24 -1.951 -0.002 9.807 0 -0.002 10
5 24 1.951 -8.002 9.807 1.951 -0.002 9.807 0 -8.002 10 3.827 -0.002 9.238
2 24 -3.827 -8.002 9.238 -1.951 -8.002 9.807
5 24 8.314 -8.002 5.555 8.314 -0.002 5.555 7.071 -8.002 7.071 9.238 -0.002 3.826
2 24 1.356 -24.297 -0.408 1.356 -24.182 -0.624
2 24 7.881 -25.299 -2.053 7.881 -25.299 2.066
5 24 1.356 -24.026 0.954 4.515 -24.026 0.954 4.515 -24.182 0.764 1.356 -23.837 1.109
2 24 -6.929 -5.502 2.87 -6.236 -5.502 4.166
2 24 4.515 -22.664 -1.085 4.515 -22.448 -0.969
2 24 1.356 -24.182 -0.624 1.356 -24.026 -0.814
2 24 4.515 -25.299 -2.053 4.515 -25.005 -2.334
5 24 -10 -8.002 0 -10 -0.002 0 -9.808 -0.002 1.951 -9.808 -8.002 -1.951
5 24 -4.516 -23.142 1.32 -1.357 -23.142 1.32 -1.357 -22.898 1.296 -4.516 -23.386 1.296
5 24 1.356 -23.837 1.109 4.515 -23.837 1.109 4.515 -23.803 1.128 4.515 -23.915 1.045
2 24 1.356 -22.898 1.296 1.356 -22.664 1.225
2 24 7.881 -25.005 -2.334 7.881 -11.305 -4.524
5 24 -4.516 -22.103 0.764 -1.357 -22.103 0.764 -4.516 -22.116 0.78 -1.357 -21.987 0.548
2 24 -4.167 -0.002 6.236 -2.87 -0.002 6.929
5 24 1.356 -22.448 -0.969 4.515 -22.448 -0.969 1.356 -22.664 -1.085 4.515 -22.258 -0.814
2 24 1.951 -0.002 9.807 3.827 -0.002 9.238
5 24 -4.516 -23.142 -1.18 -1.357 -23.142 -1.18 -1.357 -23.386 -1.156 -4.516 -22.898 -1.156
5 24 3.827 -0.002 -9.239 5.555 -8.002 -8.315 3.827 -8.002 -9.239 5.555 -0.002 -8.315
2 24 1.356 -21.916 0.314 1.356 -21.892 0.07
5 24 0 -8.002 10 0 -0.002 10 -1.951 -8.002 9.807 1.951 -0.002 9.807
5 24 1.356 -21.916 0.314 4.515 -21.91 0.251 4.515 -21.916 0.314 1.356 -21.892 0.07
2 24 4.515 -22.116 -3.002 4.515 -8.002 -4.52
5 24 1.356 -22.103 -0.624 4.515 -22.116 -0.64 4.515 -22.103 -0.624 1.356 -22.258 -0.814
5 24 1.951 -8.002 -9.808 1.951 -0.002 -9.808 3.827 -8.002 -9.239 0 -0.002 -10
5 24 6.236 -5.502 -4.167 6.236 -0.002 -4.167 5.303 -0.002 -5.304 6.929 -5.502 -2.871
2 24 4.515 -22.103 0.764 4.515 -21.987 0.548
2 24 -1.357 -21.987 -0.408 -1.357 -21.916 -0.174
5 24 0 -5.502 -7.5 0 -0.002 -7.5 1.463 -5.502 -7.356 -1.464 -0.002 -7.356
5 24 -1.951 -8.002 9.807 -1.951 -0.002 9.807 -3.827 -8.002 9.238 0 -0.002 10
2 24 0 -0.002 -10 1.951 -0.002 -9.808
2 24 -4.516 -21.916 -0.174 -4.516 -21.892 0.07
2 24 -4.516 -23.142 1.32 -4.516 -22.898 1.296
2 24 1.356 -22.448 -0.969 1.356 -22.258 -0.814
2 24 -9.808 -0.002 1.951 -9.239 -0.002 3.826
5 24 -4.516 -24.182 -0.624 -1.357 -24.182 -0.624 -1.357 -24.297 -0.408 -4.516 -24.026 -0.814
2 24 5.303 -0.002 5.303 6.236 -0.002 4.166
5 24 1.356 -21.916 0.314 4.515 -21.916 0.314 4.515 -21.91 0.251 4.515 -21.987 0.548
2 24 -4.516 -25.299 2.066 -4.516 -25.005 2.347
5 24 -4.516 -21.916 -0.174 -1.357 -21.916 -0.174 -1.357 -21.987 -0.408 -4.516 -21.892 0.07
2 24 7.071 -8.002 7.071 8.314 -8.002 5.555
2 24 -7.5 -5.502 0 -7.356 -5.502 1.463
5 24 1.463 -5.502 7.356 1.463 -0.002 7.356 0 -5.502 7.5 2.87 -0.002 6.929
2 24 9.808 -8.002 1.951 10 -8.002 0
5 24 7.071 -8.002 7.071 7.071 -0.002 7.071 5.555 -8.002 8.314 8.314 -0.002 5.555
2 24 -4.516 -24.368 -0.174 -4.516 -24.297 -0.408
2 24 4.515 -25.35 -1.81 4.515 -25.35 1.823
5 24 1.356 -23.621 -1.085 4.515 -23.386 -1.156 4.515 -23.535 -1.111 1.356 -23.386 -1.156
2 24 -5.556 -8.002 8.314 -3.827 -8.002 9.238
2 24 1.463 -5.502 7.356 2.87 -5.502 6.929
2 24 7.356 -5.502 -1.464 7.5 -5.502 0
2 24 7.881 -25.299 2.066 7.881 -25.005 2.347
2 24 -4.516 -25.35 -1.81 -4.516 -25.35 1.823
2 24 0 -0.002 10 1.951 -0.002 9.807
2 24 2.87 -5.502 6.929 4.166 -5.502 6.236
2 24 1.356 -22.258 0.954 1.356 -22.103 0.764
2 24 -7.5 -0.002 0 -7.356 -0.002 1.463
2 24 1.951 -8.002 -9.808 3.827 -8.002 -9.239
2 24 -9.239 -8.002 -3.827 -8.315 -8.002 -5.556
2 24 -4.516 -21.916 0.314 -4.516 -21.91 0.251
5 24 -4.167 -5.502 -6.236 -4.167 -0.002 -6.236 -5.304 -0.002 -5.304 -2.87 -5.502 -6.929
5 24 -4.516 -23.386 -1.156 -1.357 -23.621 -1.085 -4.516 -23.535 -1.111 -1.357 -23.386 -1.156
2 24 4.515 -24.026 -0.814 4.515 -23.864 -0.947
2 24 -4.516 -22.258 0.954 -4.516 -22.116 0.78
5 24 -7.881 -11.305 4.537 -4.516 -8.002 4.533 -6.526 -8.002 4.537 -4.516 -18.204 3.523
2 24 -7.36 -8.002 -1.787 -7.36 -8.002 1.8
2 24 6.929 -5.502 -2.871 7.356 -5.502 -1.464
5 24 1.356 -22.664 -1.085 4.515 -22.664 -1.085 4.515 -22.448 -0.969 1.356 -22.898 -1.156
2 24 -1.464 -0.002 7.356 0 -0.002 7.5
2 24 -7.356 -0.002 1.463 -6.929 -0.002 2.87
5 24 -7.356 -5.502 -1.464 -7.356 -0.002 -1.464 -7.5 -0.002 0 -6.929 -5.502 -2.87
2 24 -4.516 -24.026 -0.814 -4.516 -23.864 -0.947
5 24 -4.516 -21.987 -0.408 -1.357 -21.987 -0.408 -1.357 -22.103 -0.624 -4.516 -21.916 -0.174
2 24 -1.357 -22.258 0.954 -1.357 -22.103 0.764
2 24 -3.827 -0.002 9.238 -1.951 -0.002 9.807
2 24 5.555 -0.002 -8.315 7.071 -0.002 -7.071
2 24 -1.464 -5.502 7.356 0 -5.502 7.5
5 24 -7.881 -11.305 -4.524 -7.36 -8.002 -1.787 -6.526 -8.002 -4.524 -7.881 -11.305 4.537
2 24 -9.239 -0.002 -3.827 -8.315 -0.002 -5.556
5 24 -1.951 -0.002 -9.808 -1.951 -8.002 -9.808 0 -8.002 -10 -3.827 -0.002 -9.239
2 24 -5.304 -0.002 5.303 -4.167 -0.002 6.236
2 24 -4.167 -5.502 -6.236 -2.87 -5.502 -6.929
2 24 -6.526 -8.002 -4.524 -4.516 -8.002 -4.52
2 24 -7.881 -25.005 -2.334 -7.881 -11.305 -4.524
5 24 -3.827 -8.002 -9.239 -3.827 -0.002 -9.239 -1.951 -8.002 -9.808 -5.556 -0.002 -8.315
5 24 -2.87 -5.502 6.929 -2.87 -0.002 6.929 -4.167 -5.502 6.236 -1.464 -0.002 7.356
2 24 -4.516 -22.448 1.109 -4.516 -22.258 0.954
5 24 1.356 -24.368 -0.174 4.515 -24.368 -0.174 1.356 -24.392 0.07 4.515 -24.297 -0.408
2 24 -1.951 -8.002 -9.808 0 -8.002 -10
2 24 1.356 -21.987 0.548 1.356 -21.916 0.314
2 24 -8.315 -8.002 -5.556 -7.071 -8.002 -7.071
5 24 1.356 -22.258 0.954 4.515 -22.258 0.954 1.356 -22.103 0.764 4.515 -22.448 1.109
5 24 -6.236 -5.502 4.166 -6.236 -0.002 4.166 -6.929 -5.502 2.87 -5.304 -0.002 5.303
5 24 -4.516 -22.448 1.109 -1.357 -22.448 1.109 -1.357 -22.258 0.954 -4.516 -22.664 1.225
2 24 8.314 -0.002 -5.556 9.238 -0.002 -3.827
2 24 2.87 -0.002 6.929 4.166 -0.002 6.236
5 24 -4.516 -21.91 0.251 -1.357 -21.916 0.314 -4.516 -21.916 0.314 -1.357 -21.892 0.07
2 24 -7.356 -5.502 1.463 -6.929 -5.502 2.87
5 24 5.303 -5.502 -5.304 5.303 -0.002 -5.304 4.166 -0.002 -6.236 6.236 -5.502 -4.167
5 24 -4.516 -23.803 1.128 -1.357 -23.837 1.109 -4.516 -23.837 1.109 -1.357 -23.621 1.225
5 24 -4.516 -24.026 0.954 -1.357 -24.026 0.954 -4.516 -24.182 0.764 -1.357 -23.837 1.109
2 24 1.356 -21.987 -0.408 1.356 -21.916 -0.174
2 24 -1.357 -22.103 0.764 -1.357 -21.987 0.548
2 24 9.808 -0.002 -1.951 10 -0.002 0
2 24 1.356 -23.142 -1.18 1.356 -22.898 -1.156
5 24 1.356 -21.892 0.07 4.515 -21.91 0.251 1.356 -21.916 0.314 4.515 -21.892 0.07
2 24 -6.236 -0.002 -4.167 -5.304 -0.002 -5.304
2 24 4.515 -25.005 2.347 4.515 -22.116 2.826
2 24 -8.315 -0.002 -5.556 -7.071 -0.002 -7.071
2 24 -4.516 -22.664 1.225 -4.516 -22.448 1.109
5 24 1.356 -22.258 -0.814 4.515 -22.258 -0.814 1.356 -22.448 -0.969 4.515 -22.116 -0.64
5 24 -7.881 -11.305 -4.524 -4.516 -22.116 -3.002 -7.881 -25.005 -2.334 -4.516 -8.002 -4.52
5 24 6.929 -5.502 2.87 6.929 -0.002 2.87 7.356 -0.002 1.463 6.236 -5.502 4.166
2 24 -1.464 -5.502 -7.356 0 -5.502 -7.5
2 24 4.515 -22.898 1.296 4.515 -22.664 1.225
5 24 -4.516 -24.182 0.764 -1.357 -24.182 0.764 -1.357 -24.026 0.954 -4.516 -24.297 0.548
2 24 4.515 -22.116 2.826 4.515 -18.204 3.523
2 24 -4.516 -23.837 1.109 -4.516 -23.803 1.128
2 24 5.303 -5.502 5.303 6.236 -5.502 4.166
2 24 -1.464 -0.002 -7.356 0 -0.002 -7.5
5 24 -4.516 -22.258 -0.814 -1.357 -22.258 -0.814 -1.357 -22.448 -0.969 -4.516 -22.116 -0.64
5 24 -5.556 -8.002 -8.315 -5.556 -0.002 -8.315 -3.827 -8.002 -9.239 -7.071 -0.002 -7.071
5 24 -9.808 -8.002 1.951 -9.239 -0.002 3.826 -9.808 -0.002 1.951 -9.239 -8.002 3.826
2 24 -4.516 -22.448 -0.969 -4.516 -22.258 -0.814
2 24 4.166 -5.502 -6.236 5.303 -5.502 -5.304
2 24 1.463 -0.002 -7.356 2.87 -0.002 -6.929
2 24 -4.516 -24.392 0.07 -4.516 -24.368 0.314
5 24 1.356 -22.103 0.764 4.515 -22.103 0.764 4.515 -22.116 0.78 1.356 -21.987 0.548
2 24 9.238 -8.002 3.826 9.808 -8.002 1.951
2 24 -1.951 -8.002 9.807 0 -8.002 10
2 24 -1.357 -23.386 -1.156 -1.357 -23.142 -1.18
2 24 7.071 -0.002 7.071 8.314 -0.002 5.555
2 24 -4.516 -22.258 -0.814 -4.516 -22.116 -0.64
2 24 9.238 -8.002 -3.827 9.808 -8.002 -1.951
2 24 -1.357 -24.026 -0.814 -1.357 -23.837 -0.969
5 24 -6.929 -5.502 2.87 -6.929 -0.002 2.87 -6.236 -0.002 4.166 -7.356 -5.502 1.463
2 24 4.515 -22.664 1.225 4.515 -22.448 1.109
2 24 -4.516 -24.026 0.954 -4.516 -23.915 1.045
5 24 -9.808 -0.002 -1.951 -9.239 -8.002 -3.827 -9.808 -8.002 -1.951 -9.239 -0.002 -3.827
2 24 -4.516 -23.747 -1.018 -4.516 -23.621 -1.085
2 24 4.515 -24.182 -0.624 4.515 -24.026 -0.814
2 24 -1.357 -22.664 -1.085 -1.357 -22.448 -0.969
2 24 -4.516 -24.297 -0.408 -4.516 -24.182 -0.624
5 24 9.808 -8.002 1.951 9.808 -0.002 1.951 9.238 -8.002 3.826 10 -0.002 0
5 24 -4.516 -23.915 1.045 -1.357 -23.837 1.109 -4.516 -23.837 1.109 -4.516 -24.026 0.954
2 24 4.515 -22.116 0.78 4.515 -22.103 0.764
2 24 1.356 -24.368 -0.174 1.356 -24.297 -0.408
5 24 2.87 -5.502 -6.929 2.87 -0.002 -6.929 1.463 -0.002 -7.356 4.166 -5.502 -6.236
5 24 1.356 -23.142 -1.18 4.515 -23.142 -1.18 1.356 -23.386 -1.156 4.515 -22.898 -1.156
5 24 -8.315 -8.002 5.555 -8.315 -0.002 5.555 -9.239 -8.002 3.826 -7.071 -0.002 7.071
2 24 1.356 -24.026 -0.814 1.356 -23.837 -0.969
2 24 -4.516 -21.987 -0.408 -4.516 -21.916 -0.174
2 24 1.356 -24.026 0.954 1.356 -23.837 1.109
2 24 1.356 -23.837 1.109 1.356 -23.621 1.225
5 24 -4.167 -5.502 6.236 -4.167 -0.002 6.236 -2.87 -0.002 6.929 -5.304 -5.502 5.303
2 24 -4.516 -25.35 1.823 -4.516 -25.299 2.066
5 24 1.356 -24.182 0.764 4.515 -24.182 0.764 1.356 -24.026 0.954 4.515 -24.297 0.548
2 24 6.236 -5.502 4.166 6.929 -5.502 2.87
2 24 6.929 -5.502 2.87 7.356 -5.502 1.463
2 24 0 -5.502 -7.5 1.463 -5.502 -7.356
2 24 -1.357 -24.392 0.07 -1.357 -24.368 0.314
5 24 -7.356 -5.502 1.463 -7.356 -0.002 1.463 -6.929 -0.002 2.87 -7.5 -5.502 0
5 24 7.356 -5.502 -1.464 7.356 -0.002 -1.464 6.929 -0.002 -2.871 7.5 -5.502 0
2 24 1.356 -24.182 0.764 1.356 -24.026 0.954
2 24 7.36 -8.002 -1.787 7.36 -8.002 1.8
2 24 -6.526 -8.002 4.537 -4.516 -8.002 4.533
2 24 0 -8.002 -10 1.951 -8.002 -9.808
2 24 -1.357 -24.368 -0.174 -1.357 -24.297 -0.408
2 24 4.515 -24.368 0.314 4.515 -24.297 0.548
5 24 8.314 -8.002 -5.556 8.314 -0.002 -5.556 9.238 -8.002 -3.827 7.071 -0.002 -7.071
2 24 1.951 -0.002 -9.808 3.827 -0.002 -9.239
2 24 4.515 -22.103 -0.624 4.515 -21.987 -0.408
5 24 -4.516 -23.837 1.109 -1.357 -23.837 1.109 -4.516 -23.803 1.128 -4.516 -23.915 1.045
2 24 4.515 -21.916 -0.174 4.515 -21.892 0.07
2 24 -7.36 -8.002 1.8 -6.526 -8.002 4.537
2 24 4.515 -23.386 1.296 4.515 -23.142 1.32
2 24 -7.5 -0.002 0 -7.356 -0.002 -1.464
5 24 4.166 -5.502 -6.236 4.166 -0.002 -6.236 5.303 -5.502 -5.304 2.87 -0.002 -6.929
5 24 1.356 -23.142 1.32 4.515 -23.142 1.32 1.356 -22.898 1.296 4.515 -23.386 1.296
2 24 -6.236 -0.002 4.166 -5.304 -0.002 5.303
5 24 5.303 -5.502 5.303 5.303 -0.002 5.303 4.166 -5.502 6.236 6.236 -0.002 4.166
2 24 4.515 -21.916 0.314 4.515 -21.91 0.251
5 24 -4.516 -22.448 -0.969 -1.357 -22.448 -0.969 -1.357 -22.664 -1.085 -4.516 -22.258 -0.814
2 24 -4.516 -18.204 3.523 -4.516 -8.002 4.533
2 24 -4.516 -22.116 0.78 -4.516 -22.103 0.764
5 24 -9.808 -8.002 1.951 -9.808 -0.002 1.951 -10 -8.002 0 -9.239 -0.002 3.826
2 24 1.356 -23.142 1.32 1.356 -22.898 1.296
5 24 4.515 -22.116 2.826 7.881 -25.005 2.347 4.515 -25.005 2.347 4.515 -18.204 3.523
5 24 1.356 -22.103 0.764 4.515 -22.116 0.78 4.515 -22.258 0.954 4.515 -22.103 0.764
2 24 5.555 -0.002 8.314 7.071 -0.002 7.071
2 24 8.314 -8.002 -5.556 9.238 -8.002 -3.827
5 24 -6.929 -5.502 -2.87 -6.929 -0.002 -2.87 -7.356 -0.002 -1.464 -6.236 -5.502 -4.167
2 24 4.515 -24.297 -0.408 4.515 -24.182 -0.624
2 24 4.515 -22.898 -1.156 4.515 -22.664 -1.085
2 24 -4.516 -23.621 -1.085 -4.516 -23.535 -1.111
2 24 5.555 -8.002 -8.315 7.071 -8.002 -7.071
5 24 -4.516 -21.916 0.314 -1.357 -21.916 0.314 -4.516 -21.91 0.251 -4.516 -21.987 0.548
2 24 -1.357 -22.448 -0.969 -1.357 -22.258 -0.814
5 24 4.515 -25.35 1.823 7.881 -25.299 2.066 4.515 -25.299 2.066 4.515 -25.35 -1.81
5 24 9.238 -8.002 -3.827 9.238 -0.002 -3.827 9.808 -8.002 -1.951 8.314 -0.002 -5.556
5 24 4.515 -25.35 -1.81 7.881 -25.299 -2.053 4.515 -25.299 -2.053 4.515 -25.35 1.823
2 24 -10 -8.002 0 -9.808 -8.002 -1.951
2 24 4.515 -23.803 1.128 4.515 -23.621 1.225
5 24 1.356 -22.103 0.764 4.515 -22.258 0.954 4.515 -22.116 0.78 1.356 -22.258 0.954
2 24 4.515 -23.592 1.234 4.515 -23.386 1.296
5 24 -9.239 -8.002 3.826 -8.315 -0.002 5.555 -8.315 -8.002 5.555 -9.239 -0.002 3.826
2 24 4.515 -25.005 -2.334 7.881 -25.005 -2.334
2 24 7.881 -25.299 -2.053 7.881 -25.005 -2.334
2 24 2.87 -5.502 -6.929 4.166 -5.502 -6.236
5 24 -1.464 -5.502 -7.356 -1.464 -0.002 -7.356 -2.87 -0.002 -6.929 0 -5.502 -7.5
2 24 -1.357 -24.297 0.548 -1.357 -24.182 0.764
5 24 1.356 -23.837 1.109 4.515 -24.026 0.954 4.515 -23.915 1.045 1.356 -24.026 0.954
2 24 -5.304 -5.502 5.303 -4.167 -5.502 6.236
2 24 4.515 -24.297 0.548 4.515 -24.182 0.764
5 24 3.827 -8.002 -9.239 3.827 -0.002 -9.239 5.555 -8.002 -8.315 1.951 -0.002 -9.808
2 24 1.356 -23.837 -0.969 1.356 -23.621 -1.085
2 24 6.236 -0.002 -4.167 6.929 -0.002 -2.871
2 24 7.02875 -8.002 -4.524 7.36 -8.002 -1.787
5 24 -3.827 -8.002 9.238 -3.827 -0.002 9.238 -5.556 -8.002 8.314 -1.951 -0.002 9.807
5 24 -7.881 -11.305 -4.524 -4.516 -8.002 -4.52 -6.526 -8.002 -4.524 -4.516 -22.116 -3.002
2 24 4.166 -5.502 6.236 5.303 -5.502 5.303
5 24 7.356 -5.502 1.463 7.356 -0.002 1.463 6.929 -5.502 2.87 7.5 -0.002 0
2 24 -7.071 -8.002 -7.071 -5.556 -8.002 -8.315
5 24 1.356 -23.837 -0.969 4.515 -23.621 -1.085 4.515 -23.747 -1.018 1.356 -23.621 -1.085
5 24 -4.516 -23.592 1.234 -1.357 -23.621 1.225 -4.516 -23.621 1.225 -1.357 -23.386 1.296
5 24 7.071 -8.002 -7.071 7.071 -0.002 -7.071 8.314 -8.002 -5.556 5.555 -0.002 -8.315
5 24 1.356 -24.297 0.548 4.515 -24.297 0.548 1.356 -24.182 0.764 4.515 -24.368 0.314
2 24 -4.516 -23.803 1.128 -4.516 -23.621 1.225
5 24 9.808 -8.002 -1.951 9.808 -0.002 -1.951 10 -8.002 0 9.238 -0.002 -3.827
5 24 1.356 -22.258 -0.814 4.515 -22.116 -0.64 1.356 -22.103 -0.624 4.515 -22.258 -0.814
5 24 1.356 -23.621 1.225 4.515 -23.621 1.225 4.515 -23.592 1.234 4.515 -23.803 1.128
5 24 -7.881 -25.299 -2.053 -4.516 -25.35 -1.81 -4.516 -25.299 -2.053 -7.881 -25.299 2.066
5 24 1.356 -23.621 -1.085 4.515 -23.621 -1.085 1.356 -23.837 -0.969 4.515 -23.535 -1.111
5 24 -7.881 -25.005 2.347 -4.516 -22.116 2.826 -4.516 -25.005 2.347 -4.516 -18.204 3.523
2 24 -9.239 -0.002 3.826 -8.315 -0.002 5.555
2 24 -4.516 -25.005 -2.334 -4.516 -22.116 -3.002
2 24 -4.516 -24.297 0.548 -4.516 -24.182 0.764
2 24 -2.87 -0.002 6.929 -1.464 -0.002 7.356
2 24 -10 -8.002 0 -9.808 -8.002 1.951
5 24 -9.808 -0.002 -1.951 -9.808 -8.002 -1.951 -10 -0.002 0 -9.239 -8.002 -3.827
2 24 9.238 -0.002 -3.827 9.808 -0.002 -1.951
2 24 -5.304 -5.502 -5.304 -4.167 -5.502 -6.236
2 24 2.87 -0.002 -6.929 4.166 -0.002 -6.236
2 24 -3.827 -0.002 -9.239 -1.951 -0.002 -9.808
2 24 -4.516 -25.299 -2.053 -4.516 -25.005 -2.334
5 24 -4.516 -23.864 -0.947 -1.357 -23.837 -0.969 -4.516 -23.837 -0.969 -1.357 -24.026 -0.814
2 24 -4.516 -22.664 -1.085 -4.516 -22.448 -0.969
5 24 -8.315 -8.002 -5.556 -8.315 -0.002 -5.556 -7.071 -8.002 -7.071 -9.239 -0.002 -3.827
2 24 -6.236 -5.502 -4.167 -5.304 -5.502 -5.304
2 24 7.02875 -8.002 4.537 7.36 -8.002 1.8
5 24 -4.516 -23.621 -1.085 -1.357 -23.621 -1.085 -1.357 -23.837 -0.969 -4.516 -23.535 -1.111
5 24 7.5 -5.502 0 7.5 -0.002 0 7.356 -0.002 -1.464 7.356 -5.502 1.463
2 24 4.515 -23.621 -1.085 4.515 -23.535 -1.111
5 24 1.356 -23.621 -1.085 4.515 -23.535 -1.111 4.515 -23.386 -1.156 4.515 -23.621 -1.085
2 24 -5.556 -8.002 -8.315 -3.827 -8.002 -9.239
5 24 4.515 -22.116 -3.002 7.881 -25.005 -2.334 4.515 -25.005 -2.334 7.881 -11.305 -4.524
5 24 -4.516 -23.803 1.128 -1.357 -23.621 1.225 -1.357 -23.837 1.109 -4.516 -23.621 1.225
2 24 4.515 -23.142 -1.18 4.515 -22.898 -1.156
2 24 0 -0.002 -7.5 1.463 -0.002 -7.356
5 24 -4.516 -23.535 -1.111 -1.357 -23.621 -1.085 -4.516 -23.621 -1.085 -4.516 -23.386 -1.156
2 24 -7.881 -11.305 4.537 -6.526 -8.002 4.537
5 24 3.827 -8.002 9.238 3.827 -0.002 9.238 1.951 -8.002 9.807 5.555 -0.002 8.314
5 24 1.356 -23.621 1.225 4.515 -23.592 1.234 4.515 -23.621 1.225 1.356 -23.386 1.296
5 24 5.555 -8.002 8.314 5.555 -0.002 8.314 3.827 -8.002 9.238 7.071 -0.002 7.071
2 24 1.951 -8.002 9.807 3.827 -8.002 9.238
2 24 4.515 -8.002 -4.52 4.515 -8.002 4.533
5 24 -4.516 -24.026 0.954 -1.357 -23.837 1.109 -4.516 -23.915 1.045 -1.357 -24.026 0.954
2 24 -7.356 -0.002 -1.464 -6.929 -0.002 -2.87
2 24 -4.516 -21.987 0.548 -4.516 -21.916 0.314
2 24 -7.071 -0.002 -7.071 -5.556 -0.002 -8.315
5 24 1.356 -22.664 1.225 4.515 -22.664 1.225 4.515 -22.898 1.296 1.356 -22.448 1.109
2 24 -4.516 -23.592 1.234 -4.516 -23.386 1.296
5 24 10 -8.002 0 10 -0.002 0 9.808 -8.002 1.951 9.808 -0.002 -1.951
2 24 -6.236 -5.502 4.166 -5.304 -5.502 5.303
2 24 0 -5.502 7.5 1.463 -5.502 7.356
2 24 4.515 -24.392 0.07 4.515 -24.368 0.314
5 24 1.356 -22.448 1.109 4.515 -22.448 1.109 1.356 -22.258 0.954 4.515 -22.664 1.225
2 24 7.356 -5.502 1.463 7.5 -5.502 0
5 24 1.356 -24.297 -0.408 4.515 -24.297 -0.408 4.515 -24.182 -0.624 1.356 -24.368 -0.174
2 24 1.356 -24.368 0.314 1.356 -24.297 0.548
2 24 -2.87 -5.502 -6.929 -1.464 -5.502 -7.356
5 24 0 -8.002 -10 0 -0.002 -10 1.951 -8.002 -9.808 -1.951 -0.002 -9.808
5 24 -7.071 -8.002 -7.071 -7.071 -0.002 -7.071 -5.556 -8.002 -8.315 -8.315 -0.002 -5.556
2 24 -4.516 -24.392 0.07 -4.516 -24.368 -0.174
2 24 -4.516 -22.116 -3.002 -4.516 -8.002 -4.52
2 24 -4.516 -22.898 1.296 -4.516 -22.664 1.225
2 24 7.02875 -8.002 4.537 7.881 -11.305 4.537
2 24 1.356 -24.392 0.07 1.356 -24.368 0.314
2 24 -4.516 -23.386 -1.156 -4.516 -23.142 -1.18
2 24 1.356 -22.448 1.109 1.356 -22.258 0.954
2 24 5.303 -5.502 -5.304 6.236 -5.502 -4.167
2 24 7.071 -8.002 -7.071 8.314 -8.002 -5.556
2 24 4.515 -23.142 1.32 4.515 -22.898 1.296
5 24 -5.556 -8.002 8.314 -5.556 -0.002 8.314 -7.071 -8.002 7.071 -3.827 -0.002 9.238
2 24 7.356 -0.002 1.463 7.5 -0.002 0
2 24 -7.881 -11.305 -4.524 -6.526 -8.002 -4.524
2 24 3.827 -0.002 -9.239 5.555 -0.002 -8.315
5 24 -1.951 -0.002 -9.808 0 -8.002 -10 -1.951 -8.002 -9.808 0 -0.002 -10
5 24 -4.516 -22.664 1.225 -1.357 -22.664 1.225 -4.516 -22.898 1.296 -1.357 -22.448 1.109
5 24 -1.464 -5.502 7.356 -1.464 -0.002 7.356 0 -0.002 7.5 -2.87 -5.502 6.929
2 24 1.356 -24.297 0.548 1.356 -24.182 0.764
2 24 1.356 -23.621 -1.085 1.356 -23.386 -1.156
2 24 -7.071 -8.002 7.071 -5.556 -8.002 8.314
2 24 4.515 -8.002 -4.52 7.02875 -8.002 -4.524
2 24 1.356 -22.898 -1.156 1.356 -22.664 -1.085
5 24 9.238 -8.002 3.826 9.238 -0.002 3.826 8.314 -8.002 5.555 9.808 -0.002 1.951
2 24 9.808 -0.002 1.951 10 -0.002 0
