0 Rueda Micro 1     |D:D
0 Name: ruemicr1.dat
0 Author: jasolo & plinman
0 !LDRAW_ORG Unofficial_Part
0 BFC CERTIFY CCW
4 0 -8.75 0 -11 -8.084 3.348 -11 -8.066 3.341 -11.096 -8.731 0 -11.096
4 0 -8.731 0 -11.096 -8.066 3.341 -11.096 -8.016 3.32 -11.177 -8.677 0 -11.177
4 0 -8.677 0 -11.177 -8.016 3.32 -11.177 -7.941 3.289 -11.231 -8.596 0 -11.231
4 0 -8.596 0 -11.231 -7.941 3.289 -11.231 -7.853 3.253 -11.25 -8.5 0 -11.25
4 0 -8.084 3.348 -11 -6.187 6.187 -11 -6.174 6.174 -11.096 -8.066 3.341 -11.096
4 0 -8.066 3.341 -11.096 -6.174 6.174 -11.096 -6.135 6.135 -11.177 -8.016 3.32 -11.177
4 0 -8.016 3.32 -11.177 -6.135 6.135 -11.177 -6.078 6.078 -11.231 -7.941 3.289 -11.231
4 0 -7.941 3.289 -11.231 -6.078 6.078 -11.231 -6.01 6.01 -11.25 -7.853 3.253 -11.25
4 0 -6.187 6.187 -11 -3.348 8.084 -11 -3.341 8.066 -11.096 -6.174 6.174 -11.096
4 0 -6.174 6.174 -11.096 -3.341 8.066 -11.096 -3.32 8.016 -11.177 -6.135 6.135 -11.177
4 0 -6.135 6.135 -11.177 -3.32 8.016 -11.177 -3.289 7.941 -11.231 -6.078 6.078 -11.231
4 0 -6.078 6.078 -11.231 -3.289 7.941 -11.231 -3.253 7.853 -11.25 -6.01 6.01 -11.25
4 0 -3.348 8.084 -11 0 8.75 -11 0 8.731 -11.096 -3.341 8.066 -11.096
4 0 -3.341 8.066 -11.096 0 8.731 -11.096 0 8.677 -11.177 -3.32 8.016 -11.177
4 0 -3.32 8.016 -11.177 0 8.677 -11.177 0 8.596 -11.231 -3.289 7.941 -11.231
4 0 -3.289 7.941 -11.231 0 8.596 -11.231 0 8.5 -11.25 -3.253 7.853 -11.25
4 0 0 8.75 -11 3.348 8.084 -11 3.341 8.066 -11.096 0 8.731 -11.096
4 0 0 8.731 -11.096 3.341 8.066 -11.096 3.32 8.016 -11.177 0 8.677 -11.177
4 0 0 8.677 -11.177 3.32 8.016 -11.177 3.289 7.941 -11.231 0 8.596 -11.231
4 0 0 8.596 -11.231 3.289 7.941 -11.231 3.253 7.853 -11.25 0 8.5 -11.25
4 0 3.348 8.084 -11 6.187 6.187 -11 6.174 6.174 -11.096 3.341 8.066 -11.096
4 0 3.341 8.066 -11.096 6.174 6.174 -11.096 6.135 6.135 -11.177 3.32 8.016 -11.177
4 0 3.32 8.016 -11.177 6.135 6.135 -11.177 6.078 6.078 -11.231 3.289 7.941 -11.231
4 0 3.289 7.941 -11.231 6.078 6.078 -11.231 6.01 6.01 -11.25 3.253 7.853 -11.25
4 0 6.187 6.187 -11 8.084 3.348 -11 8.066 3.341 -11.096 6.174 6.174 -11.096
4 0 6.174 6.174 -11.096 8.066 3.341 -11.096 8.016 3.32 -11.177 6.135 6.135 -11.177
4 0 6.135 6.135 -11.177 8.016 3.32 -11.177 7.941 3.289 -11.231 6.078 6.078 -11.231
4 0 6.078 6.078 -11.231 7.941 3.289 -11.231 7.853 3.253 -11.25 6.01 6.01 -11.25
4 0 8.084 3.348 -11 8.75 0 -11 8.731 0 -11.096 8.066 3.341 -11.096
4 0 8.066 3.341 -11.096 8.731 0 -11.096 8.677 0 -11.177 8.016 3.32 -11.177
4 0 8.016 3.32 -11.177 8.677 0 -11.177 8.596 0 -11.231 7.941 3.289 -11.231
4 0 7.941 3.289 -11.231 8.596 0 -11.231 8.5 0 -11.25 7.853 3.253 -11.25
4 0 8.75 0 -11 8.084 -3.348 -11 8.066 -3.341 -11.096 8.731 0 -11.096
4 0 8.731 0 -11.096 8.066 -3.341 -11.096 8.016 -3.32 -11.177 8.677 0 -11.177
4 0 8.677 0 -11.177 8.016 -3.32 -11.177 7.941 -3.289 -11.231 8.596 0 -11.231
4 0 8.596 0 -11.231 7.941 -3.289 -11.231 7.853 -3.253 -11.25 8.5 0 -11.25
4 0 8.084 -3.348 -11 6.187 -6.187 -11 6.174 -6.174 -11.096 8.066 -3.341 -11.096
4 0 8.066 -3.341 -11.096 6.174 -6.174 -11.096 6.135 -6.135 -11.177 8.016 -3.32 -11.177
4 0 8.016 -3.32 -11.177 6.135 -6.135 -11.177 6.078 -6.078 -11.231 7.941 -3.289 -11.231
4 0 7.941 -3.289 -11.231 6.078 -6.078 -11.231 6.01 -6.01 -11.25 7.853 -3.253 -11.25
4 0 6.187 -6.187 -11 3.348 -8.084 -11 3.341 -8.066 -11.096 6.174 -6.174 -11.096
4 0 6.174 -6.174 -11.096 3.341 -8.066 -11.096 3.32 -8.016 -11.177 6.135 -6.135 -11.177
4 0 6.135 -6.135 -11.177 3.32 -8.016 -11.177 3.289 -7.941 -11.231 6.078 -6.078 -11.231
4 0 6.078 -6.078 -11.231 3.289 -7.941 -11.231 3.253 -7.853 -11.25 6.01 -6.01 -11.25
4 0 3.348 -8.084 -11 0 -8.75 -11 0 -8.731 -11.096 3.341 -8.066 -11.096
4 0 3.341 -8.066 -11.096 0 -8.731 -11.096 0 -8.677 -11.177 3.32 -8.016 -11.177
4 0 3.32 -8.016 -11.177 0 -8.677 -11.177 0 -8.596 -11.231 3.289 -7.941 -11.231
4 0 3.289 -7.941 -11.231 0 -8.596 -11.231 0 -8.5 -11.25 3.253 -7.853 -11.25
4 0 0 -8.75 -11 -3.348 -8.084 -11 -3.341 -8.066 -11.096 0 -8.731 -11.096
4 0 0 -8.731 -11.096 -3.341 -8.066 -11.096 -3.32 -8.016 -11.177 0 -8.677 -11.177
4 0 0 -8.677 -11.177 -3.32 -8.016 -11.177 -3.289 -7.941 -11.231 0 -8.596 -11.231
4 0 0 -8.596 -11.231 -3.289 -7.941 -11.231 -3.253 -7.853 -11.25 0 -8.5 -11.25
4 0 -3.348 -8.084 -11 -6.187 -6.187 -11 -6.174 -6.174 -11.096 -3.341 -8.066 -11.096
4 0 -3.341 -8.066 -11.096 -6.174 -6.174 -11.096 -6.135 -6.135 -11.177 -3.32 -8.016 -11.177
4 0 -3.32 -8.016 -11.177 -6.135 -6.135 -11.177 -6.078 -6.078 -11.231 -3.289 -7.941 -11.231
4 0 -3.289 -7.941 -11.231 -6.078 -6.078 -11.231 -6.01 -6.01 -11.25 -3.253 -7.853 -11.25
4 0 -6.187 -6.187 -11 -8.084 -3.348 -11 -8.066 -3.341 -11.096 -6.174 -6.174 -11.096
4 0 -6.174 -6.174 -11.096 -8.066 -3.341 -11.096 -8.016 -3.32 -11.177 -6.135 -6.135 -11.177
4 0 -6.135 -6.135 -11.177 -8.016 -3.32 -11.177 -7.941 -3.289 -11.231 -6.078 -6.078 -11.231
4 0 -6.078 -6.078 -11.231 -7.941 -3.289 -11.231 -7.853 -3.253 -11.25 -6.01 -6.01 -11.25
4 0 -8.084 -3.348 -11 -8.75 0 -11 -8.731 0 -11.096 -8.066 -3.341 -11.096
4 0 -8.066 -3.341 -11.096 -8.731 0 -11.096 -8.677 0 -11.177 -8.016 -3.32 -11.177
4 0 -8.016 -3.32 -11.177 -8.677 0 -11.177 -8.596 0 -11.231 -7.941 -3.289 -11.231
4 0 -7.941 -3.289 -11.231 -8.596 0 -11.231 -8.5 0 -11.25 -7.853 -3.253 -11.25
4 0 -3.348 -8.084 -11 0 -8.75 -11 0 -8.75 -1.75 -3.348 -8.084 -1.75
4 0 3.348 8.084 -11 0 8.75 -11 0 8.75 -1.75 3.348 8.084 -1.75
4 0 3.348 -8.084 -11 6.187 -6.187 -11 6.187 -6.187 -1.75 3.348 -8.084 -1.75
4 0 -8.084 -3.348 -11 -6.187 -6.187 -11 -6.187 -6.187 -1.75 -8.084 -3.348 -1.75
4 0 -8.75 0 -11 -8.084 -3.348 -11 -8.084 -3.348 -1.75 -8.75 0 -1.75
4 0 6.187 -6.187 -11 8.084 -3.348 -11 8.084 -3.348 -1.75 6.187 -6.187 -1.75
4 0 0 8.75 -11 -3.348 8.084 -11 -3.348 8.084 -1.75 0 8.75 -1.75
4 0 8.084 -3.348 -11 8.75 0 -11 8.75 0 -1.75 8.084 -3.348 -1.75
4 0 -8.084 3.348 -11 -8.75 0 -11 -8.75 0 -1.75 -8.084 3.348 -1.75
4 0 8.084 3.348 -11 6.187 6.187 -11 6.187 6.187 -1.75 8.084 3.348 -1.75
4 0 -6.187 6.187 -11 -8.084 3.348 -11 -8.084 3.348 -1.75 -6.187 6.187 -1.75
4 0 8.75 0 -11 8.084 3.348 -11 8.084 3.348 -1.75 8.75 0 -1.75
4 0 0 -8.75 -11 3.348 -8.084 -11 3.348 -8.084 -1.75 0 -8.75 -1.75
4 0 6.187 6.187 -11 3.348 8.084 -11 3.348 8.084 -1.75 6.187 6.187 -1.75
4 0 -3.348 8.084 -11 -6.187 6.187 -11 -6.187 6.187 -1.75 -3.348 8.084 -1.75
4 0 -6.187 -6.187 -11 -3.348 -8.084 -11 -3.348 -8.084 -1.75 -6.187 -6.187 -1.75
4 0 -8.084 3.348 -1.75 -8.75 0 -1.75 -9.251 0 -1.75 -8.547 3.54 -1.75
4 0 -3.348 8.084 -1.75 -6.187 6.187 -1.75 -6.541 6.541 -1.75 -3.54 8.547 -1.75
4 0 0 -8.75 -1.75 3.348 -8.084 -1.75 3.54 -8.547 -1.75 0 -9.251 -1.75
4 0 -6.187 -6.187 -1.75 -3.348 -8.084 -1.75 -3.54 -8.547 -1.75 -6.541 -6.541 -1.75
4 0 6.187 -6.187 -1.75 8.084 -3.348 -1.75 8.547 -3.54 -1.75 6.541 -6.541 -1.75
4 0 8.084 -3.348 -1.75 8.75 0 -1.75 9.251 0 -1.75 8.547 -3.54 -1.75
4 0 8.084 3.348 -1.75 6.187 6.187 -1.75 6.541 6.541 -1.75 8.547 3.54 -1.75
4 0 8.75 0 -1.75 8.084 3.348 -1.75 8.547 3.54 -1.75 9.251 0 -1.75
4 0 3.348 8.084 -1.75 0 8.75 -1.75 0 9.251 -1.75 3.54 8.547 -1.75
4 0 0 8.75 -1.75 -3.348 8.084 -1.75 -3.54 8.547 -1.75 0 9.251 -1.75
4 0 -8.75 0 -1.75 -8.084 -3.348 -1.75 -8.547 -3.54 -1.75 -9.251 0 -1.75
4 0 3.348 -8.084 -1.75 6.187 -6.187 -1.75 6.541 -6.541 -1.75 3.54 -8.547 -1.75
4 0 -3.348 -8.084 -1.75 0 -8.75 -1.75 0 -9.251 -1.75 -3.54 -8.547 -1.75
4 0 6.187 6.187 -1.75 3.348 8.084 -1.75 3.54 8.547 -1.75 6.541 6.541 -1.75
4 0 -6.187 6.187 -1.75 -8.084 3.348 -1.75 -8.547 3.54 -1.75 -6.541 6.541 -1.75
4 0 -8.084 -3.348 -1.75 -6.187 -6.187 -1.75 -6.541 -6.541 -1.75 -8.547 -3.54 -1.75
4 0 0 -9.251 -1.75 3.54 -8.547 -1.75 3.54 -8.547 -1.25 0 -9.251 -1.25
4 0 -6.541 6.541 -1.75 -8.547 3.54 -1.75 -8.547 3.54 -1.25 -6.541 6.541 -1.25
4 0 -8.547 -3.54 -1.75 -6.541 -6.541 -1.75 -6.541 -6.541 -1.25 -8.547 -3.54 -1.25
4 0 -3.54 8.547 -1.75 -6.541 6.541 -1.75 -6.541 6.541 -1.25 -3.54 8.547 -1.25
4 0 8.547 3.54 -1.75 6.541 6.541 -1.75 6.541 6.541 -1.25 8.547 3.54 -1.25
4 0 9.251 0 -1.75 8.547 3.54 -1.75 8.547 3.54 -1.25 9.251 0 -1.25
4 0 -6.541 -6.541 -1.75 -3.54 -8.547 -1.75 -3.54 -8.547 -1.25 -6.541 -6.541 -1.25
4 0 -8.547 3.54 -1.75 -9.251 0 -1.75 -9.251 0 -1.25 -8.547 3.54 -1.25
4 0 3.54 -8.547 -1.75 6.541 -6.541 -1.75 6.541 -6.541 -1.25 3.54 -8.547 -1.25
4 0 3.54 8.547 -1.75 0 9.251 -1.75 0 9.251 -1.25 3.54 8.547 -1.25
4 0 6.541 -6.541 -1.75 8.547 -3.54 -1.75 8.547 -3.54 -1.25 6.541 -6.541 -1.25
4 0 8.547 -3.54 -1.75 9.251 0 -1.75 9.251 0 -1.25 8.547 -3.54 -1.25
4 0 0 9.251 -1.75 -3.54 8.547 -1.75 -3.54 8.547 -1.25 0 9.251 -1.25
4 0 -9.251 0 -1.75 -8.547 -3.54 -1.75 -8.547 -3.54 -1.25 -9.251 0 -1.25
4 0 -3.54 -8.547 -1.75 0 -9.251 -1.75 0 -9.251 -1.25 -3.54 -8.547 -1.25
4 0 6.541 6.541 -1.75 3.54 8.547 -1.75 3.54 8.547 -1.25 6.541 6.541 -1.25
4 0 -2.392 -5.774 -1.25 -3.54 -8.547 -1.25 0 -9.251 -1.25 0 -6.25 -1.25
4 0 0 -6.25 -1.25 0 -9.251 -1.25 3.54 -8.547 -1.25 2.392 -5.774 -1.25
4 0 2.392 -5.774 -1.25 3.54 -8.547 -1.25 6.541 -6.541 -1.25 4.419 -4.419 -1.25
4 0 4.419 -4.419 -1.25 6.541 -6.541 -1.25 8.547 -3.54 -1.25 5.774 -2.392 -1.25
4 0 5.774 -2.392 -1.25 8.547 -3.54 -1.25 9.251 0 -1.25 6.25 0 -1.25
4 0 6.25 0 -1.25 9.251 0 -1.25 8.547 3.54 -1.25 5.774 2.392 -1.25
4 0 5.774 2.392 -1.25 8.547 3.54 -1.25 6.541 6.541 -1.25 4.419 4.419 -1.25
4 0 4.419 4.419 -1.25 6.541 6.541 -1.25 3.54 8.547 -1.25 2.392 5.774 -1.25
4 0 2.392 5.774 -1.25 3.54 8.547 -1.25 0 9.251 -1.25 0 6.25 -1.25
4 0 0 6.25 -1.25 0 9.251 -1.25 -3.54 8.547 -1.25 -2.392 5.774 -1.25
4 0 -2.392 5.774 -1.25 -3.54 8.547 -1.25 -6.541 6.541 -1.25 -4.419 4.419 -1.25
4 0 -4.419 4.419 -1.25 -6.541 6.541 -1.25 -8.547 3.54 -1.25 -5.774 2.392 -1.25
4 0 -5.774 2.392 -1.25 -8.547 3.54 -1.25 -9.251 0 -1.25 -6.25 0 -1.25
4 0 -6.25 0 -1.25 -9.251 0 -1.25 -8.547 -3.54 -1.25 -5.774 -2.392 -1.25
4 0 -5.774 -2.392 -1.25 -8.547 -3.54 -1.25 -6.541 -6.541 -1.25 -4.419 -4.419 -1.25
4 0 -4.419 -4.419 -1.25 -6.541 -6.541 -1.25 -3.54 -8.547 -1.25 -2.392 -5.774 -1.25
4 0 4.419 4.419 -1.25 2.392 5.774 -1.25 2.392 5.774 -8.75 4.419 4.419 -8.75
4 0 -4.419 4.419 -1.25 -5.774 2.392 -1.25 -5.774 2.392 -8.75 -4.419 4.419 -8.75
4 0 -4.419 -4.419 -1.25 -2.392 -5.774 -1.25 -2.392 -5.774 -8.75 -4.419 -4.419 -8.75
4 0 4.419 -4.419 -1.25 5.774 -2.392 -1.25 5.774 -2.392 -8.75 4.419 -4.419 -8.75
4 0 2.392 -5.774 -1.25 4.419 -4.419 -1.25 4.419 -4.419 -8.75 2.392 -5.774 -8.75
4 0 5.774 2.392 -1.25 4.419 4.419 -1.25 4.419 4.419 -8.75 5.774 2.392 -8.75
4 0 -2.392 5.774 -1.25 -4.419 4.419 -1.25 -4.419 4.419 -8.75 -2.392 5.774 -8.75
4 0 -5.774 -2.392 -1.25 -4.419 -4.419 -1.25 -4.419 -4.419 -8.75 -5.774 -2.392 -8.75
4 0 -6.25 0 -1.25 -5.774 -2.392 -1.25 -5.774 -2.392 -8.75 -6.25 0 -8.75
4 0 0 -6.25 -1.25 2.392 -5.774 -1.25 2.392 -5.774 -8.75 0 -6.25 -8.75
4 0 6.25 0 -1.25 5.774 2.392 -1.25 5.774 2.392 -8.75 6.25 0 -8.75
4 0 0 6.25 -1.25 -2.392 5.774 -1.25 -2.392 5.774 -8.75 0 6.25 -8.75
4 0 -5.774 2.392 -1.25 -6.25 0 -1.25 -6.25 0 -8.75 -5.774 2.392 -8.75
4 0 -2.392 -5.774 -1.25 0 -6.25 -1.25 0 -6.25 -8.75 -2.392 -5.774 -8.75
4 0 5.774 -2.392 -1.25 6.25 0 -1.25 6.25 0 -8.75 5.774 -2.392 -8.75
4 0 2.392 5.774 -1.25 0 6.25 -1.25 0 6.25 -8.75 2.392 5.774 -8.75
4 0 -4.419 -4.419 -8.75 -2.392 -5.774 -8.75 -1.435 -3.465 -8.75 -2.652 -2.652 -8.75
4 0 4.419 -4.419 -8.75 5.774 -2.392 -8.75 3.465 -1.435 -8.75 2.652 -2.652 -8.75
4 0 4.419 4.419 -8.75 2.392 5.774 -8.75 1.435 3.465 -8.75 2.652 2.652 -8.75
4 0 -4.419 4.419 -8.75 -5.774 2.392 -8.75 -3.465 1.435 -8.75 -2.652 2.652 -8.75
4 0 -2.392 5.774 -8.75 -4.419 4.419 -8.75 -2.652 2.652 -8.75 -1.435 3.465 -8.75
4 0 -5.774 -2.392 -8.75 -4.419 -4.419 -8.75 -2.652 -2.652 -8.75 -3.465 -1.435 -8.75
4 0 2.392 -5.774 -8.75 4.419 -4.419 -8.75 2.652 -2.652 -8.75 1.435 -3.465 -8.75
4 0 5.774 2.392 -8.75 4.419 4.419 -8.75 2.652 2.652 -8.75 3.465 1.435 -8.75
4 0 0 6.25 -8.75 -2.392 5.774 -8.75 -1.435 3.465 -8.75 0 3.75 -8.75
4 0 -6.25 0 -8.75 -5.774 -2.392 -8.75 -3.465 -1.435 -8.75 -3.75 0 -8.75
4 0 0 -6.25 -8.75 2.392 -5.774 -8.75 1.435 -3.465 -8.75 0 -3.75 -8.75
4 0 6.25 0 -8.75 5.774 2.392 -8.75 3.465 1.435 -8.75 3.75 0 -8.75
4 0 5.774 -2.392 -8.75 6.25 0 -8.75 3.75 0 -8.75 3.465 -1.435 -8.75
4 0 2.392 5.774 -8.75 0 6.25 -8.75 0 3.75 -8.75 1.435 3.465 -8.75
4 0 -5.774 2.392 -8.75 -6.25 0 -8.75 -3.75 0 -8.75 -3.465 1.435 -8.75
4 0 -2.392 -5.774 -8.75 0 -6.25 -8.75 0 -3.75 -8.75 -1.435 -3.465 -8.75
4 0 -2.652 2.652 -8.75 -3.465 1.435 -8.75 -3.465 1.435 -3.75 -2.652 2.652 -3.75
4 0 -2.652 -2.652 -8.75 -1.435 -3.465 -8.75 -1.435 -3.465 -3.75 -2.652 -2.652 -3.75
4 0 2.652 -2.652 -8.75 3.465 -1.435 -8.75 3.465 -1.435 -3.75 2.652 -2.652 -3.75
4 0 2.652 2.652 -8.75 1.435 3.465 -8.75 1.435 3.465 -3.75 2.652 2.652 -3.75
4 0 3.465 1.435 -8.75 2.652 2.652 -8.75 2.652 2.652 -3.75 3.465 1.435 -3.75
4 0 -1.435 3.465 -8.75 -2.652 2.652 -8.75 -2.652 2.652 -3.75 -1.435 3.465 -3.75
4 0 -3.465 -1.435 -8.75 -2.652 -2.652 -8.75 -2.652 -2.652 -3.75 -3.465 -1.435 -3.75
4 0 1.435 -3.465 -8.75 2.652 -2.652 -8.75 2.652 -2.652 -3.75 1.435 -3.465 -3.75
4 0 0 -3.75 -8.75 1.435 -3.465 -8.75 1.435 -3.465 -3.75 0 -3.75 -3.75
4 0 3.75 0 -8.75 3.465 1.435 -8.75 3.465 1.435 -3.75 3.75 0 -3.75
4 0 0 3.75 -8.75 -1.435 3.465 -8.75 -1.435 3.465 -3.75 0 3.75 -3.75
4 0 -3.75 0 -8.75 -3.465 -1.435 -8.75 -3.465 -1.435 -3.75 -3.75 0 -3.75
4 0 -3.465 1.435 -8.75 -3.75 0 -8.75 -3.75 0 -3.75 -3.465 1.435 -3.75
4 0 -1.435 -3.465 -8.75 0 -3.75 -8.75 0 -3.75 -3.75 -1.435 -3.465 -3.75
4 0 3.465 -1.435 -8.75 3.75 0 -8.75 3.75 0 -3.75 3.465 -1.435 -3.75
4 0 1.435 3.465 -8.75 0 3.75 -8.75 0 3.75 -3.75 1.435 3.465 -3.75
4 0 2.652 -2.652 -3.75 3.465 -1.435 -3.75 1.155 -0.478 -0.5 0.884 -0.884 -0.5
4 0 2.652 2.652 -3.75 1.435 3.465 -3.75 0.478 1.155 -0.5 0.884 0.884 -0.5
4 0 -2.652 2.652 -3.75 -3.465 1.435 -3.75 -1.155 0.478 -0.5 -0.884 0.884 -0.5
4 0 -2.652 -2.652 -3.75 -1.435 -3.465 -3.75 -0.478 -1.155 -0.5 -0.884 -0.884 -0.5
4 0 -3.465 -1.435 -3.75 -2.652 -2.652 -3.75 -0.884 -0.884 -0.5 -1.155 -0.478 -0.5
4 0 1.435 -3.465 -3.75 2.652 -2.652 -3.75 0.884 -0.884 -0.5 0.478 -1.155 -0.5
4 0 3.465 1.435 -3.75 2.652 2.652 -3.75 0.884 0.884 -0.5 1.155 0.478 -0.5
4 0 -1.435 3.465 -3.75 -2.652 2.652 -3.75 -0.884 0.884 -0.5 -0.478 1.155 -0.5
4 0 0 3.75 -3.75 -1.435 3.465 -3.75 -0.478 1.155 -0.5 0 1.25 -0.5
4 0 -3.75 0 -3.75 -3.465 -1.435 -3.75 -1.155 -0.478 -0.5 -1.25 0 -0.5
4 0 0 -3.75 -3.75 1.435 -3.465 -3.75 0.478 -1.155 -0.5 0 -1.25 -0.5
4 0 3.75 0 -3.75 3.465 1.435 -3.75 1.155 0.478 -0.5 1.25 0 -0.5
4 0 1.435 3.465 -3.75 0 3.75 -3.75 0 1.25 -0.5 0.478 1.155 -0.5
4 0 -3.465 1.435 -3.75 -3.75 0 -3.75 -1.25 0 -0.5 -1.155 0.478 -0.5
4 0 -1.435 -3.465 -3.75 0 -3.75 -3.75 0 -1.25 -0.5 -0.478 -1.155 -0.5
4 0 3.465 -1.435 -3.75 3.75 0 -3.75 1.25 0 -0.5 1.155 -0.478 -0.5
4 0 -0.884 0.884 -0.5 -1.155 0.478 -0.5 -0.693 0.287 -0.5 -0.53 0.53 -0.5
4 0 -0.884 -0.884 -0.5 -0.478 -1.155 -0.5 -0.287 -0.693 -0.5 -0.53 -0.53 -0.5
4 0 0.884 -0.884 -0.5 1.155 -0.478 -0.5 0.693 -0.287 -0.5 0.53 -0.53 -0.5
4 0 0.884 0.884 -0.5 0.478 1.155 -0.5 0.287 0.693 -0.5 0.53 0.53 -0.5
4 0 -0.478 1.155 -0.5 -0.884 0.884 -0.5 -0.53 0.53 -0.5 -0.287 0.693 -0.5
4 0 -1.155 -0.478 -0.5 -0.884 -0.884 -0.5 -0.53 -0.53 -0.5 -0.693 -0.287 -0.5
4 0 0.478 -1.155 -0.5 0.884 -0.884 -0.5 0.53 -0.53 -0.5 0.287 -0.693 -0.5
4 0 1.155 0.478 -0.5 0.884 0.884 -0.5 0.53 0.53 -0.5 0.693 0.287 -0.5
4 0 1.25 0 -0.5 1.155 0.478 -0.5 0.693 0.287 -0.5 0.75 0 -0.5
4 0 0 1.25 -0.5 -0.478 1.155 -0.5 -0.287 0.693 -0.5 0 0.75 -0.5
4 0 -1.25 0 -0.5 -1.155 -0.478 -0.5 -0.693 -0.287 -0.5 -0.75 0 -0.5
4 0 0 -1.25 -0.5 0.478 -1.155 -0.5 0.287 -0.693 -0.5 0 -0.75 -0.5
4 0 -0.478 -1.155 -0.5 0 -1.25 -0.5 0 -0.75 -0.5 -0.287 -0.693 -0.5
4 0 1.155 -0.478 -0.5 1.25 0 -0.5 0.75 0 -0.5 0.693 -0.287 -0.5
4 0 0.478 1.155 -0.5 0 1.25 -0.5 0 0.75 -0.5 0.287 0.693 -0.5
4 0 -1.155 0.478 -0.5 -1.25 0 -0.5 -0.75 0 -0.5 -0.693 0.287 -0.5
4 0 0.53 0.53 -0.5 0.287 0.693 -0.5 0.287 0.693 -8.75 0.53 0.53 -8.75
4 0 -0.53 0.53 -0.5 -0.693 0.287 -0.5 -0.693 0.287 -8.75 -0.53 0.53 -8.75
4 0 -0.53 -0.53 -0.5 -0.287 -0.693 -0.5 -0.287 -0.693 -8.75 -0.53 -0.53 -8.75
4 0 0.53 -0.53 -0.5 0.693 -0.287 -0.5 0.693 -0.287 -8.75 0.53 -0.53 -8.75
4 0 0.287 -0.693 -0.5 0.53 -0.53 -0.5 0.53 -0.53 -8.75 0.287 -0.693 -8.75
4 0 -0.287 0.693 -0.5 -0.53 0.53 -0.5 -0.53 0.53 -8.75 -0.287 0.693 -8.75
4 0 -0.693 -0.287 -0.5 -0.53 -0.53 -0.5 -0.53 -0.53 -8.75 -0.693 -0.287 -8.75
4 0 -0.75 0 -0.5 -0.693 -0.287 -0.5 -0.693 -0.287 -8.75 -0.75 0 -8.75
4 0 0 -0.75 -0.5 0.287 -0.693 -0.5 0.287 -0.693 -8.75 0 -0.75 -8.75
4 0 0.75 0 -0.5 0.693 0.287 -0.5 0.693 0.287 -8.75 0.75 0 -8.75
4 0 0 0.75 -0.5 -0.287 0.693 -0.5 -0.287 0.693 -8.75 0 0.75 -8.75
4 0 -0.693 0.287 -0.5 -0.75 0 -0.5 -0.75 0 -8.75 -0.693 0.287 -8.75
4 0 -0.287 -0.693 -0.5 0 -0.75 -0.5 0 -0.75 -8.75 -0.287 -0.693 -8.75
4 0 0.693 -0.287 -0.5 0.75 0 -0.5 0.75 0 -8.75 0.693 -0.287 -8.75
4 0 0.287 0.693 -0.5 0 0.75 -0.5 0 0.75 -8.75 0.287 0.693 -8.75
4 0 -0.53 -0.53 -8.75 -0.287 -0.693 -8.75 -0.718 -1.732 -8.75 -1.326 -1.326 -8.75
4 0 0.53 -0.53 -8.75 0.693 -0.287 -8.75 1.732 -0.718 -8.75 1.326 -1.326 -8.75
4 0 0.53 0.53 -8.75 0.287 0.693 -8.75 0.718 1.732 -8.75 1.326 1.326 -8.75
4 0 -0.53 0.53 -8.75 -0.693 0.287 -8.75 -1.732 0.718 -8.75 -1.326 1.326 -8.75
4 0 -0.287 0.693 -8.75 -0.53 0.53 -8.75 -1.326 1.326 -8.75 -0.718 1.732 -8.75
4 0 -0.693 -0.287 -8.75 -0.53 -0.53 -8.75 -1.326 -1.326 -8.75 -1.732 -0.718 -8.75
4 0 0.287 -0.693 -8.75 0.53 -0.53 -8.75 1.326 -1.326 -8.75 0.718 -1.732 -8.75
4 0 0 0.75 -8.75 -0.287 0.693 -8.75 -0.718 1.732 -8.75 0 1.875 -8.75
4 0 -0.75 0 -8.75 -0.693 -0.287 -8.75 -1.732 -0.718 -8.75 -1.875 0 -8.75
4 0 0 -0.75 -8.75 0.287 -0.693 -8.75 0.718 -1.732 -8.75 0 -1.875 -8.75
4 0 0.75 0 -8.75 0.693 0.287 -8.75 1.732 0.718 -8.75 1.875 0 -8.75
4 0 0.693 -0.287 -8.75 0.75 0 -8.75 1.875 0 -8.75 1.732 -0.718 -8.75
4 0 0.287 0.693 -8.75 0 0.75 -8.75 0 1.875 -8.75 0.718 1.732 -8.75
4 0 -0.693 0.287 -8.75 -0.75 0 -8.75 -1.875 0 -8.75 -1.732 0.718 -8.75
4 0 -0.287 -0.693 -8.75 0 -0.75 -8.75 0 -1.875 -8.75 -0.718 -1.732 -8.75
4 0 -1.326 1.326 -8.75 -1.732 0.718 -8.75 -1.732 0.718 -12.5 -1.326 1.326 -12.5
4 0 -1.326 -1.326 -8.75 -0.718 -1.732 -8.75 -0.718 -1.732 -12.5 -1.326 -1.326 -12.5
4 0 1.326 -1.326 -8.75 1.732 -0.718 -8.75 1.732 -0.718 -12.5 1.326 -1.326 -12.5
4 0 1.326 1.326 -8.75 0.718 1.732 -8.75 0.718 1.732 -12.5 1.326 1.326 -12.5
4 0 -0.718 1.732 -8.75 -1.326 1.326 -8.75 -1.326 1.326 -12.5 -0.718 1.732 -12.5
4 0 -1.732 -0.718 -8.75 -1.326 -1.326 -8.75 -1.326 -1.326 -12.5 -1.732 -0.718 -12.5
4 0 0.718 -1.732 -8.75 1.326 -1.326 -8.75 1.326 -1.326 -12.5 0.718 -1.732 -12.5
4 0 0 -1.875 -8.75 0.718 -1.732 -8.75 0.718 -1.732 -12.5 0 -1.875 -12.5
4 0 1.875 0 -8.75 1.732 0.718 -8.75 1.732 0.718 -12.5 1.875 0 -12.5
4 0 0 1.875 -8.75 -0.718 1.732 -8.75 -0.718 1.732 -12.5 0 1.875 -12.5
4 0 -1.875 0 -8.75 -1.732 -0.718 -8.75 -1.732 -0.718 -12.5 -1.875 0 -12.5
4 0 -1.732 0.718 -8.75 -1.875 0 -8.75 -1.875 0 -12.5 -1.732 0.718 -12.5
4 0 -0.718 -1.732 -8.75 0 -1.875 -8.75 0 -1.875 -12.5 -0.718 -1.732 -12.5
4 0 1.732 -0.718 -8.75 1.875 0 -8.75 1.875 0 -12.5 1.732 -0.718 -12.5
4 0 0.718 1.732 -8.75 0 1.875 -8.75 0 1.875 -12.5 0.718 1.732 -12.5
4 0 7.853 -3.253 -11.25 6.01 -6.01 -11.25 4.95 -4.95 -11.25 6.467 -2.679 -11.25
4 0 6.01 -6.01 -11.25 3.253 -7.853 -11.25 2.679 -6.467 -11.25 4.95 -4.95 -11.25
4 0 3.253 -7.853 -11.25 0 -8.5 -11.25 0 -7 -11.25 2.679 -6.467 -11.25
4 0 0 -8.5 -11.25 -3.253 -7.853 -11.25 -2.679 -6.467 -11.25 0 -7 -11.25
4 0 -3.253 -7.853 -11.25 -6.01 -6.01 -11.25 -4.95 -4.95 -11.25 -2.679 -6.467 -11.25
4 0 -6.01 -6.01 -11.25 -7.853 -3.253 -11.25 -6.467 -2.679 -11.25 -4.95 -4.95 -11.25
4 0 -7.853 -3.253 -11.25 -8.5 0 -11.25 -7 0 -11.25 -6.467 -2.679 -11.25
4 0 -8.5 0 -11.25 -7.853 3.253 -11.25 -6.467 2.679 -11.25 -7 0 -11.25
4 0 -7.853 3.253 -11.25 -6.01 6.01 -11.25 -4.95 4.95 -11.25 -6.467 2.679 -11.25
4 0 -6.01 6.01 -11.25 -3.253 7.853 -11.25 -2.679 6.467 -11.25 -4.95 4.95 -11.25
4 0 -3.253 7.853 -11.25 0 8.5 -11.25 0 7 -11.25 -2.679 6.467 -11.25
4 0 0 8.5 -11.25 3.253 7.853 -11.25 2.679 6.467 -11.25 0 7 -11.25
4 0 3.253 7.853 -11.25 6.01 6.01 -11.25 4.95 4.95 -11.25 2.679 6.467 -11.25
4 0 6.01 6.01 -11.25 7.853 3.253 -11.25 6.467 2.679 -11.25 4.95 4.95 -11.25
4 0 7.853 3.253 -11.25 8.5 0 -11.25 7 0 -11.25 6.467 2.679 -11.25
4 0 8.5 0 -11.25 7.853 -3.253 -11.25 6.467 -2.679 -11.25 7 0 -11.25
4 0 -7 0 -11.25 -6.467 2.679 -11.25 -6.467 2.679 -12.5 -7 0 -12.5
4 0 0 7 -11.25 2.679 6.467 -11.25 2.679 6.467 -12.5 0 7 -12.5
4 0 7 0 -11.25 6.467 -2.679 -11.25 6.467 -2.679 -12.5 7 0 -12.5
4 0 0 -7 -11.25 -2.679 -6.467 -11.25 -2.679 -6.467 -12.5 0 -7 -12.5
4 0 2.679 -6.467 -11.25 0 -7 -11.25 0 -7 -12.5 2.679 -6.467 -12.5
4 0 -6.467 -2.679 -11.25 -7 0 -11.25 -7 0 -12.5 -6.467 -2.679 -12.5
4 0 -2.679 6.467 -11.25 0 7 -11.25 0 7 -12.5 -2.679 6.467 -12.5
4 0 6.467 2.679 -11.25 7 0 -11.25 7 0 -12.5 6.467 2.679 -12.5
4 0 4.95 -4.95 -11.25 2.679 -6.467 -11.25 2.679 -6.467 -12.5 4.95 -4.95 -12.5
4 0 -4.95 -4.95 -11.25 -6.467 -2.679 -11.25 -6.467 -2.679 -12.5 -4.95 -4.95 -12.5
4 0 -4.95 4.95 -11.25 -2.679 6.467 -11.25 -2.679 6.467 -12.5 -4.95 4.95 -12.5
4 0 4.95 4.95 -11.25 6.467 2.679 -11.25 6.467 2.679 -12.5 4.95 4.95 -12.5
4 0 2.679 6.467 -11.25 4.95 4.95 -11.25 4.95 4.95 -12.5 2.679 6.467 -12.5
4 0 6.467 -2.679 -11.25 4.95 -4.95 -11.25 4.95 -4.95 -12.5 6.467 -2.679 -12.5
4 0 -2.679 -6.467 -11.25 -4.95 -4.95 -11.25 -4.95 -4.95 -12.5 -2.679 -6.467 -12.5
4 0 -6.467 2.679 -11.25 -4.95 4.95 -11.25 -4.95 4.95 -12.5 -6.467 2.679 -12.5
3 383 6.467 -2.679 -12.5 6.005 -2.487 -12.5 6.252 -1.244 -12.5
4 383 0 -7 -12.5 -2.679 -6.467 -12.5 -2.487 -6.005 -12.5 0 -6.5 -12.5
4 383 -7 0 -12.5 -6.467 2.679 -12.5 -6.005 2.487 -12.5 -6.5 0 -12.5
3 383 2.679 6.467 -12.5 2.487 6.005 -12.5 2.022 6.098 -12.5
4 0 -6.005 2.487 -12.5 -4.596 4.596 -12.5 -4.596 4.596 -11.25 -6.005 2.487 -11.25
4 383 2.679 -6.467 -12.5 0 -7 -12.5 0 -6.5 -12.5 2.487 -6.005 -12.5
4 383 0 6.5 -12.5 -2.022 6.098 -12.5 -2.679 6.467 -12.5 0 7 -12.5
4 383 -4.95 4.95 -12.5 -2.679 6.467 -12.5 -2.487 6.005 -12.5 -4.596 4.596 -12.5
4 383 4.95 4.95 -12.5 6.467 2.679 -12.5 6.005 2.487 -12.5 4.596 4.596 -12.5
3 383 4.596 -4.596 -12.5 4.95 -4.95 -12.5 4.27 -4.8 -12.5
4 0 2.487 6.005 -12.5 4.596 4.596 -12.5 4.596 4.596 -11.25 2.487 6.005 -11.25
4 383 -6.467 2.679 -12.5 -4.95 4.95 -12.5 -4.596 4.596 -12.5 -6.005 2.487 -12.5
4 383 2.679 6.467 -12.5 4.95 4.95 -12.5 4.596 4.596 -12.5 2.487 6.005 -12.5
4 383 6.467 -2.679 -12.5 4.95 -4.95 -12.5 4.596 -4.596 -12.5 6.005 -2.487 -12.5
4 383 0 1.875 -12.5 -0.718 1.732 -12.5 -0.909 2.194 -12.5 0 2.375 -12.5
4 0 2.02 1.169 -12.5 2.022 6.098 -12.5 2.022 6.098 -11.25 2.02 1.169 -11.25
4 383 1.875 0 -12.5 1.732 0.718 -12.5 2.194 0.909 -12.5 2.375 0 -12.5
4 383 1.732 -0.718 -12.5 1.875 0 -12.5 2.375 0 -12.5 2.194 -0.909 -12.5
4 383 0.718 1.732 -12.5 0 1.875 -12.5 0 2.375 -12.5 0.909 2.194 -12.5
4 383 0 -2.375 -12.5 -0.909 -2.194 -12.5 -0.718 -1.732 -12.5 0 -1.875 -12.5
4 383 1.326 -1.326 -12.5 1.732 -0.718 -12.5 2.194 -0.909 -12.5 1.679 -1.679 -12.5
4 383 1.326 1.326 -12.5 0.718 1.732 -12.5 0.909 2.194 -12.5 1.679 1.679 -12.5
4 383 -0.718 1.732 -12.5 -1.326 1.326 -12.5 -1.679 1.679 -12.5 -0.909 2.194 -12.5
4 383 0.718 -1.732 -12.5 1.326 -1.326 -12.5 1.679 -1.679 -12.5 0.909 -2.194 -12.5
4 383 1.732 0.718 -12.5 1.326 1.326 -12.5 1.679 1.679 -12.5 2.02 1.169 -12.5
4 0 -2.02 1.169 -12.5 -6.252 -1.244 -12.5 -6.252 -1.244 -11.25 -2.02 1.169 -11.25
3 383 0.909 -2.194 -12.5 4.27 -4.8 -12.5 0 -2.375 -12.5
4 383 2.194 -0.909 -12.5 2.375 0 -12.5 6.252 -1.244 -12.5 6.005 -2.487 -12.5
3 383 2.375 0 -12.5 2.194 0.909 -12.5 6.252 -1.244 -12.5
3 383 -2.679 6.467 -12.5 -2.022 6.098 -12.5 -2.487 6.005 -12.5
4 383 -0.909 -2.194 -12.5 -1.679 -1.679 -12.5 -1.326 -1.326 -12.5 -0.718 -1.732 -12.5
3 383 0.909 2.194 -12.5 2.022 6.098 -12.5 1.679 1.679 -12.5
3 383 1.679 1.679 -12.5 2.022 6.098 -12.5 2.02 1.169 -12.5
3 383 1.732 0.718 -12.5 2.02 1.169 -12.5 2.194 0.909 -12.5
4 383 0 -1.875 -12.5 0.718 -1.732 -12.5 0.909 -2.194 -12.5 0 -2.375 -12.5
4 383 6.005 2.487 -12.5 6.467 2.679 -12.5 7 0 -12.5 6.5 0 -12.5
4 383 1.679 -1.679 -12.5 4.596 -4.596 -12.5 4.27 -4.8 -12.5 0.909 -2.194 -12.5
4 383 2.679 -6.467 -12.5 2.487 -6.005 -12.5 4.27 -4.8 -12.5 4.95 -4.95 -12.5
4 383 1.679 -1.679 -12.5 2.194 -0.909 -12.5 6.005 -2.487 -12.5 4.596 -4.596 -12.5
4 383 6.5 0 -12.5 7 0 -12.5 6.467 -2.679 -12.5 6.252 -1.244 -12.5
4 383 -1.875 0 -12.5 -1.732 -0.718 -12.5 -2.194 -0.909 -12.5 -2.375 0 -12.5
4 383 -1.732 0.718 -12.5 -1.875 0 -12.5 -2.375 0 -12.5 -2.194 0.909 -12.5
3 383 -2.375 0 -12.5 -6.252 -1.244 -12.5 -2.194 0.909 -12.5
4 383 -2.02 1.169 -12.5 -1.679 1.679 -12.5 -1.326 1.326 -12.5 -1.732 0.718 -12.5
4 383 -1.732 -0.718 -12.5 -1.326 -1.326 -12.5 -1.679 -1.679 -12.5 -2.194 -0.909 -12.5
4 383 -6.467 -2.679 -12.5 -6.005 -2.487 -12.5 -4.596 -4.596 -12.5 -4.95 -4.95 -12.5
3 383 -4.596 -4.596 -12.5 -4.27 -4.8 -12.5 -4.95 -4.95 -12.5
3 383 -0.909 -2.194 -12.5 0 -2.375 -12.5 -4.27 -4.8 -12.5
3 383 -1.732 0.718 -12.5 -2.194 0.909 -12.5 -2.02 1.169 -12.5
3 383 -1.679 1.679 -12.5 -2.02 1.169 -12.5 -2.022 6.098 -12.5
4 383 0 2.375 -12.5 -0.909 2.194 -12.5 -2.022 6.098 -12.5 0 6.5 -12.5
3 383 2.194 0.909 -12.5 2.02 1.169 -12.5 6.252 -1.244 -12.5
4 383 0 6.5 -12.5 0 7 -12.5 2.679 6.467 -12.5 2.022 6.098 -12.5
3 383 -0.909 2.194 -12.5 -1.679 1.679 -12.5 -2.022 6.098 -12.5
4 383 0 2.375 -12.5 0 6.5 -12.5 2.022 6.098 -12.5 0.909 2.194 -12.5
4 383 -1.679 -1.679 -12.5 -0.909 -2.194 -12.5 -4.27 -4.8 -12.5 -4.596 -4.596 -12.5
4 383 -2.679 -6.467 -12.5 -4.95 -4.95 -12.5 -4.27 -4.8 -12.5 -2.487 -6.005 -12.5
4 383 -1.679 -1.679 -12.5 -4.596 -4.596 -12.5 -6.005 -2.487 -12.5 -2.194 -0.909 -12.5
3 383 -2.194 0.909 -12.5 -6.252 -1.244 -12.5 -2.02 1.169 -12.5
4 383 -2.194 -0.909 -12.5 -6.005 -2.487 -12.5 -6.252 -1.244 -12.5 -2.375 0 -12.5
4 383 -6.5 0 -12.5 -6.252 -1.244 -12.5 -6.467 -2.679 -12.5 -7 0 -12.5
3 383 -6.467 -2.679 -12.5 -6.252 -1.244 -12.5 -6.005 -2.487 -12.5
4 0 4.27 -4.8 -12.5 2.487 -6.005 -12.5 2.487 -6.005 -11.25 4.27 -4.8 -11.25
4 0 -4.27 -4.8 -12.5 -4.27 -4.8 -11.25 -2.487 -6.005 -11.25 -2.487 -6.005 -12.5
4 0 -6.5 0 -12.5 -6.5 0 -11.25 -6.252 -1.244 -11.25 -6.252 -1.244 -12.5
4 0 -4.27 -4.8 -12.5 0 -2.375 -12.5 0 -2.375 -11.25 -4.27 -4.8 -11.25
4 0 -6.5 0 -12.5 -6.005 2.487 -12.5 -6.005 2.487 -11.25 -6.5 0 -11.25
4 0 6.005 2.487 -12.5 6.5 0 -12.5 6.5 0 -11.25 6.005 2.487 -11.25
4 0 2.022 6.098 -12.5 2.487 6.005 -12.5 2.487 6.005 -11.25 2.022 6.098 -11.25
4 0 0 -6.5 -12.5 -2.487 -6.005 -12.5 -2.487 -6.005 -11.25 0 -6.5 -11.25
4 0 6.252 -1.244 -12.5 2.02 1.169 -12.5 2.02 1.169 -11.25 6.252 -1.244 -11.25
4 0 4.596 4.596 -12.5 6.005 2.487 -12.5 6.005 2.487 -11.25 4.596 4.596 -11.25
4 0 -2.487 6.005 -12.5 -2.022 6.098 -12.5 -2.022 6.098 -11.25 -2.487 6.005 -11.25
4 0 0 -2.375 -12.5 4.27 -4.8 -12.5 4.27 -4.8 -11.25 0 -2.375 -11.25
4 0 2.487 -6.005 -12.5 0 -6.5 -12.5 0 -6.5 -11.25 2.487 -6.005 -11.25
4 0 6.5 0 -12.5 6.252 -1.244 -12.5 6.252 -1.244 -11.25 6.5 0 -11.25
4 0 -2.022 6.098 -12.5 -2.02 1.169 -12.5 -2.02 1.169 -11.25 -2.022 6.098 -11.25
4 0 -4.596 4.596 -12.5 -2.487 6.005 -12.5 -2.487 6.005 -11.25 -4.596 4.596 -11.25
3 0 6.252 -1.244 -11.25 2.02 1.169 -11.25 6.5 0 -11.25
3 0 4.596 4.596 -11.25 6.005 2.487 -11.25 2.02 1.169 -11.25
3 0 2.487 6.005 -11.25 4.596 4.596 -11.25 2.02 1.169 -11.25
3 0 2.022 6.098 -11.25 2.487 6.005 -11.25 2.02 1.169 -11.25
3 0 6.005 2.487 -11.25 6.5 0 -11.25 2.02 1.169 -11.25
3 0 -4.596 4.596 -11.25 -2.487 6.005 -11.25 -2.02 1.169 -11.25
3 0 -6.5 0 -11.25 -6.005 2.487 -11.25 -2.02 1.169 -11.25
3 0 -4.27 -4.8 -11.25 0 -2.375 -11.25 -2.487 -6.005 -11.25
3 0 -6.005 2.487 -11.25 -4.596 4.596 -11.25 -2.02 1.169 -11.25
3 0 -2.487 6.005 -11.25 -2.022 6.098 -11.25 -2.02 1.169 -11.25
3 0 -2.02 1.169 -11.25 -6.252 -1.244 -11.25 -6.5 0 -11.25
3 0 2.487 -6.005 -11.25 0 -6.5 -11.25 0 -2.375 -11.25
3 0 4.27 -4.8 -11.25 2.487 -6.005 -11.25 0 -2.375 -11.25
3 0 0 -6.5 -11.25 -2.487 -6.005 -11.25 0 -2.375 -11.25
4 0 0.53 0.53 -8.75 1.326 1.326 -8.75 1.732 0.718 -8.75 0.693 0.287 -8.75
4 0 0.53 0.53 -0.5 0.53 0.53 -8.75 0.693 0.287 -8.75 0.693 0.287 -0.5
4 0 1.326 1.326 -8.75 1.326 1.326 -12.5 1.732 0.718 -12.5 1.732 0.718 -8.75
5 24 3.341 8.066 -11.096 0 8.731 -11.096 3.348 8.084 -11 3.32 8.016 -11.177
2 24 -2.392 5.774 -1.25 -4.419 4.419 -1.25
5 24 -6.541 -6.541 -1.25 -6.541 -6.541 -1.75 -8.547 -3.54 -1.25 -3.54 -8.547 -1.25
2 24 -2.392 5.774 -8.75 -4.419 4.419 -8.75
5 24 -1.326 1.326 -8.75 -1.326 1.326 -12.5 -1.732 0.718 -8.75 -0.718 1.732 -8.75
5 24 3.465 1.435 -3.75 3.465 1.435 -8.75 2.652 2.652 -3.75 3.75 0 -3.75
2 24 2.392 5.774 -8.75 0 6.25 -8.75
2 24 -2.02 1.169 -11.25 -6.252 -1.244 -11.25
2 24 -4.27 -4.8 -11.25 -4.27 -4.8 -12.5
5 24 8.016 3.32 -11.177 6.135 6.135 -11.177 8.066 3.341 -11.096 7.941 3.289 -11.231
2 24 -1.326 1.326 -12.5 -1.732 0.718 -12.5
2 24 -6.467 -2.679 -11.25 -7 0 -11.25
2 24 -4.419 -4.419 -1.25 -5.774 -2.392 -1.25
5 24 6.187 6.187 -11 3.348 8.084 -11 6.174 6.174 -11.096 6.187 6.187 -1.75
2 24 0.287 0.693 -0.5 0 0.75 -0.5
5 24 6.541 6.541 -1.25 6.541 6.541 -1.75 8.547 3.54 -1.25 3.54 8.547 -1.25
2 24 3.75 0 -3.75 3.465 1.435 -3.75
5 24 -8.084 -3.348 -1.75 -8.084 -3.348 -11 -6.187 -6.187 -1.75 -8.75 0 -1.75
2 24 -4.95 4.95 -12.5 -6.467 2.679 -12.5
5 24 3.289 -7.941 -11.231 0 -8.596 -11.231 3.32 -8.016 -11.177 3.253 -7.853 -11.25
2 24 -2.652 2.652 -3.75 -3.465 1.435 -3.75
2 24 -8.084 -3.348 -1.75 -8.75 0 -1.75
5 24 8.75 0 -11 8.084 -3.348 -11 8.731 0 -11.096 8.75 0 -1.75
5 24 8.677 0 -11.177 8.596 0 -11.231 8.016 3.32 -11.177 8.016 -3.32 -11.177
2 24 4.27 -4.8 -12.5 0 -2.375 -12.5
2 24 -0.53 0.53 -0.5 -0.693 0.287 -0.5
5 24 8.596 0 -11.231 7.941 -3.289 -11.231 8.677 0 -11.177 8.5 0 -11.25
2 24 1.732 -0.718 -12.5 1.326 -1.326 -12.5
5 24 -3.32 -8.016 -11.177 -3.341 -8.066 -11.096 0 -8.677 -11.177 -6.135 -6.135 -11.177
2 24 2.652 -2.652 -3.75 1.435 -3.465 -3.75
2 24 -2.652 -2.652 -3.75 -3.465 -1.435 -3.75
2 24 4.95 -4.95 -11.25 2.679 -6.467 -11.25
2 24 0 -8.75 -1.75 -3.348 -8.084 -1.75
5 24 -3.341 -8.066 -11.096 -3.348 -8.084 -11 0 -8.731 -11.096 -6.174 -6.174 -11.096
5 24 -3.32 8.016 -11.177 -3.341 8.066 -11.096 -6.135 6.135 -11.177 0 8.677 -11.177
5 24 0 -7 -11.25 0 -7 -12.5 -2.679 -6.467 -11.25 2.679 -6.467 -11.25
2 24 -6.187 6.187 -1.75 -8.084 3.348 -1.75
2 24 0.718 -1.732 -12.5 0 -1.875 -12.5
5 24 -7.941 3.289 -11.231 -8.596 0 -11.231 -8.016 3.32 -11.177 -7.853 3.253 -11.25
5 24 -8.677 0 -11.177 -8.731 0 -11.096 -8.016 3.32 -11.177 -8.016 -3.32 -11.177
5 24 6.541 -6.541 -1.25 6.541 -6.541 -1.75 3.54 -8.547 -1.25 8.547 -3.54 -1.25
2 24 2.487 6.005 -11.25 2.022 6.098 -11.25
5 24 -8.596 0 -11.231 -8.677 0 -11.177 -7.941 3.289 -11.231 -7.941 -3.289 -11.231
2 24 4.27 -4.8 -11.25 4.27 -4.8 -12.5
2 24 4.419 -4.419 -1.25 2.392 -5.774 -1.25
2 24 0 -6.25 -8.75 -2.392 -5.774 -8.75
2 24 8.75 0 -1.75 8.084 3.348 -1.75
5 24 1.435 -3.465 -3.75 1.435 -3.465 -8.75 2.652 -2.652 -3.75 0 -3.75 -3.75
5 24 6.5 0 -11.25 6.5 0 -12.5 6.005 2.487 -11.25 6.252 -1.244 -11.25
2 24 0.478 1.155 -0.5 0 1.25 -0.5
5 24 -0.287 0.693 -0.5 -0.287 0.693 -8.75 -0.53 0.53 -0.5 0 0.75 -0.5
2 24 -3.54 8.547 -1.75 -6.541 6.541 -1.75
5 24 6.135 -6.135 -11.177 3.32 -8.016 -11.177 6.174 -6.174 -11.096 6.078 -6.078 -11.231
2 24 3.465 -1.435 -3.75 2.652 -2.652 -3.75
2 24 1.155 0.478 -0.5 0.884 0.884 -0.5
5 24 3.341 8.066 -11.096 3.32 8.016 -11.177 0 8.731 -11.096 6.174 6.174 -11.096
2 24 1.732 -0.718 -8.75 1.326 -1.326 -8.75
5 24 7.941 -3.289 -11.231 7.853 -3.253 -11.25 8.596 0 -11.231 6.078 -6.078 -11.231
5 24 -2.392 -5.774 -1.25 -2.392 -5.774 -8.75 -4.419 -4.419 -1.25 0 -6.25 -1.25
5 24 -8.75 0 -1.75 -8.75 0 -11 -8.084 -3.348 -1.75 -8.084 3.348 -1.75
2 24 -0.718 1.732 -8.75 -1.326 1.326 -8.75
5 24 -6.174 -6.174 -11.096 -8.066 -3.341 -11.096 -6.187 -6.187 -11 -6.135 -6.135 -11.177
5 24 -3.341 8.066 -11.096 -3.348 8.084 -11 -6.174 6.174 -11.096 0 8.731 -11.096
2 24 1.326 -1.326 -8.75 0.718 -1.732 -8.75
2 24 6.5 0 -12.5 6.252 -1.244 -12.5
2 24 0.53 -0.53 -0.5 0.287 -0.693 -0.5
5 24 8.066 3.341 -11.096 6.174 6.174 -11.096 8.084 3.348 -11 8.016 3.32 -11.177
2 24 9.251 0 -1.75 8.547 -3.54 -1.75
2 24 6.5 0 -11.25 6.252 -1.244 -11.25
2 24 -8.547 -3.54 -1.75 -9.251 0 -1.75
2 24 0 -2.375 -12.5 -4.27 -4.8 -12.5
2 24 -4.596 4.596 -12.5 -6.005 2.487 -12.5
5 24 -7.941 -3.289 -11.231 -8.596 0 -11.231 -8.016 -3.32 -11.177 -7.853 -3.253 -11.25
2 24 7 0 -11.25 6.467 2.679 -11.25
2 24 1.435 3.465 -3.75 0 3.75 -3.75
2 24 -0.718 -1.732 -8.75 -1.326 -1.326 -8.75
5 24 1.875 0 -8.75 1.875 0 -12.5 1.732 0.718 -8.75 1.732 -0.718 -8.75
2 24 0 -3.75 -3.75 -1.435 -3.465 -3.75
5 24 -3.253 7.853 -11.25 -6.01 6.01 -11.25 -3.289 7.941 -11.231 -2.679 6.467 -11.25
5 24 6.187 -6.187 -11 6.174 -6.174 -11.096 8.084 -3.348 -11 3.348 -8.084 -11
2 24 3.348 8.084 -1.75 0 8.75 -1.75
2 24 1.875 0 -8.75 1.732 -0.718 -8.75
5 24 0 -8.677 -11.177 0 -8.596 -11.231 3.32 -8.016 -11.177 -3.32 -8.016 -11.177
2 24 6.005 2.487 -11.25 4.596 4.596 -11.25
5 24 -6.005 2.487 -11.25 -6.005 2.487 -12.5 -4.596 4.596 -11.25 -6.5 0 -11.25
2 24 2.679 -6.467 -12.5 0 -7 -12.5
2 24 -1.326 1.326 -8.75 -1.732 0.718 -8.75
2 24 0 -1.25 -0.5 -0.478 -1.155 -0.5
2 24 -2.02 1.169 -12.5 -2.022 6.098 -12.5
5 24 8.016 3.32 -11.177 7.941 3.289 -11.231 6.135 6.135 -11.177 8.677 0 -11.177
2 24 -2.487 6.005 -12.5 -4.596 4.596 -12.5
5 24 6.25 0 -1.25 6.25 0 -8.75 5.774 2.392 -1.25 5.774 -2.392 -1.25
2 24 -6.541 6.541 -1.25 -8.547 3.54 -1.25
2 24 -1.435 3.465 -8.75 -2.652 2.652 -8.75
5 24 0 8.75 -11 -3.348 8.084 -11 0 8.731 -11.096 0 8.75 -1.75
5 24 -8.731 0 -11.096 -8.75 0 -11 -8.066 3.341 -11.096 -8.066 -3.341 -11.096
5 24 9.251 0 -1.25 9.251 0 -1.75 8.547 3.54 -1.25 8.547 -3.54 -1.25
5 24 -6.078 -6.078 -11.231 -6.135 -6.135 -11.177 -3.289 -7.941 -11.231 -7.941 -3.289 -11.231
2 24 0 -3.75 -8.75 -1.435 -3.465 -8.75
2 24 1.875 0 -8.75 1.732 0.718 -8.75
5 24 -6.187 -6.187 -11 -8.084 -3.348 -11 -6.174 -6.174 -11.096 -6.187 -6.187 -1.75
5 24 1.435 3.465 -3.75 0.478 1.155 -0.5 2.652 2.652 -3.75 0 3.75 -3.75
5 24 -4.419 4.419 -1.25 -4.419 4.419 -8.75 -5.774 2.392 -1.25 -2.392 5.774 -1.25
2 24 3.465 -1.435 -8.75 2.652 -2.652 -8.75
2 24 0 1.25 -0.5 -0.478 1.155 -0.5
2 24 0.718 1.732 -8.75 0 1.875 -8.75
2 24 -6.541 6.541 -1.75 -8.547 3.54 -1.75
2 24 -4.95 4.95 -11.25 -6.467 2.679 -11.25
5 24 6.187 -6.187 -11 3.348 -8.084 -11 6.174 -6.174 -11.096 6.187 -6.187 -1.75
5 24 8.596 0 -11.231 8.5 0 -11.25 7.941 3.289 -11.231 7.941 -3.289 -11.231
2 24 2.652 2.652 -8.75 1.435 3.465 -8.75
5 24 6.078 -6.078 -11.231 6.01 -6.01 -11.25 7.941 -3.289 -11.231 3.289 -7.941 -11.231
2 24 -2.679 6.467 -12.5 -4.95 4.95 -12.5
5 24 -6.01 6.01 -11.25 -7.853 3.253 -11.25 -6.078 6.078 -11.231 -4.95 4.95 -11.25
5 24 -3.348 8.084 -11 -6.187 6.187 -11 -3.341 8.066 -11.096 -3.348 8.084 -1.75
2 24 -1.326 -1.326 -8.75 -1.732 -0.718 -8.75
2 24 -6.252 -1.244 -12.5 -6.5 0 -12.5
2 24 -2.022 6.098 -11.25 -2.487 6.005 -11.25
2 24 6.5 0 -11.25 6.005 2.487 -11.25
5 24 6.078 6.078 -11.231 3.289 7.941 -11.231 6.135 6.135 -11.177 6.01 6.01 -11.25
5 24 -8.066 -3.341 -11.096 -8.084 -3.348 -11 -6.174 -6.174 -11.096 -8.731 0 -11.096
2 24 -6.252 -1.244 -11.25 -6.252 -1.244 -12.5
2 24 0.75 0 -8.75 0.693 0.287 -8.75
5 24 -8.016 -3.32 -11.177 -8.677 0 -11.177 -8.066 -3.341 -11.096 -7.941 -3.289 -11.231
2 24 4.27 -4.8 -12.5 2.487 -6.005 -12.5
5 24 0 -8.596 -11.231 0 -8.5 -11.25 3.289 -7.941 -11.231 -3.289 -7.941 -11.231
2 24 5.774 -2.392 -1.25 4.419 -4.419 -1.25
2 24 0 8.75 -1.75 -3.348 8.084 -1.75
5 24 -3.253 -7.853 -11.25 -6.01 -6.01 -11.25 -3.289 -7.941 -11.231 -2.679 -6.467 -11.25
5 24 8.547 -3.54 -1.25 8.547 -3.54 -1.75 6.541 -6.541 -1.25 9.251 0 -1.25
5 24 8.084 3.348 -11 6.187 6.187 -11 8.066 3.341 -11.096 8.084 3.348 -1.75
5 24 8.731 0 -11.096 8.066 3.341 -11.096 8.75 0 -11 8.677 0 -11.177
5 24 -6.135 -6.135 -11.177 -8.016 -3.32 -11.177 -6.174 -6.174 -11.096 -6.078 -6.078 -11.231
2 24 6.5 0 -12.5 6.005 2.487 -12.5
2 24 -6.467 2.679 -11.25 -7 0 -11.25
2 24 -0.718 -1.732 -12.5 -1.326 -1.326 -12.5
2 24 0 7 -11.25 -2.679 6.467 -11.25
2 24 3.465 1.435 -8.75 2.652 2.652 -8.75
5 24 -6.541 6.541 -1.25 -6.541 6.541 -1.75 -8.547 3.54 -1.25 -3.54 8.547 -1.25
2 24 4.27 -4.8 -11.25 2.487 -6.005 -11.25
2 24 -0.53 -0.53 -0.5 -0.693 -0.287 -0.5
2 24 6.25 0 -1.25 5.774 -2.392 -1.25
5 24 1.435 3.465 -3.75 1.435 3.465 -8.75 2.652 2.652 -3.75 0 3.75 -3.75
5 24 0.287 0.693 -0.5 0.287 0.693 -8.75 0.53 0.53 -0.5 0 0.75 -0.5
5 24 3.348 8.084 -1.75 3.348 8.084 -11 0 8.75 -1.75 6.187 6.187 -1.75
5 24 7 0 -11.25 7 0 -12.5 6.467 -2.679 -11.25 6.467 2.679 -11.25
2 24 -0.693 -0.287 -8.75 -0.75 0 -8.75
2 24 -2.487 6.005 -11.25 -4.596 4.596 -11.25
5 24 8.5 0 -11.25 7.853 -3.253 -11.25 8.596 0 -11.231 7 0 -11.25
5 24 0.75 0 -0.5 0.75 0 -8.75 0.693 0.287 -0.5 0.693 -0.287 -0.5
5 24 3.289 7.941 -11.231 0 8.596 -11.231 3.32 8.016 -11.177 3.253 7.853 -11.25
2 24 0 -6.5 -11.25 -2.487 -6.005 -11.25
2 24 3.54 -8.547 -1.75 0 -9.251 -1.75
2 24 2.022 6.098 -11.25 2.022 6.098 -12.5
5 24 3.465 1.435 -3.75 1.155 0.478 -0.5 2.652 2.652 -3.75 3.75 0 -3.75
5 24 1.326 1.326 -8.75 1.326 1.326 -12.5 0.718 1.732 -8.75 1.732 0.718 -8.75
2 24 -0.693 -0.287 -0.5 -0.75 0 -0.5
5 24 -3.341 -8.066 -11.096 -6.174 -6.174 -11.096 -3.348 -8.084 -11 -3.32 -8.016 -11.177
2 24 9.251 0 -1.25 8.547 3.54 -1.25
5 24 -8.066 3.341 -11.096 -8.084 3.348 -11 -8.731 0 -11.096 -6.174 6.174 -11.096
5 24 -8.084 3.348 -11 -8.75 0 -11 -8.066 3.341 -11.096 -8.084 3.348 -1.75
5 24 0 -8.731 -11.096 -3.341 -8.066 -11.096 0 -8.75 -11 0 -8.677 -11.177
5 24 -8.016 3.32 -11.177 -8.066 3.341 -11.096 -8.677 0 -11.177 -6.135 6.135 -11.177
2 24 -2.679 -6.467 -12.5 -4.95 -4.95 -12.5
5 24 8.5 0 -11.25 7.853 3.253 -11.25 8.596 0 -11.231 7 0 -11.25
5 24 0 6.25 -1.25 0 6.25 -8.75 -2.392 5.774 -1.25 2.392 5.774 -1.25
5 24 0.718 1.732 -8.75 0.718 1.732 -12.5 1.326 1.326 -8.75 0 1.875 -8.75
2 24 0.287 -0.693 -8.75 0 -0.75 -8.75
5 24 -7.941 -3.289 -11.231 -8.016 -3.32 -11.177 -6.078 -6.078 -11.231 -8.596 0 -11.231
2 24 0 -0.75 -0.5 -0.287 -0.693 -0.5
5 24 -7.853 -3.253 -11.25 -8.5 0 -11.25 -7.941 -3.289 -11.231 -6.467 -2.679 -11.25
5 24 -3.465 -1.435 -3.75 -3.465 -1.435 -8.75 -2.652 -2.652 -3.75 -3.75 0 -3.75
5 24 3.75 0 -3.75 1.25 0 -0.5 3.465 1.435 -3.75 3.465 -1.435 -3.75
5 24 6.174 -6.174 -11.096 6.135 -6.135 -11.177 8.066 -3.341 -11.096 3.341 -8.066 -11.096
5 24 0 1.875 -8.75 0 1.875 -12.5 -0.718 1.732 -8.75 0.718 1.732 -8.75
2 24 9.251 0 -1.75 8.547 3.54 -1.75
2 24 -0.884 0.884 -0.5 -1.155 0.478 -0.5
5 24 -1.732 0.718 -8.75 -1.732 0.718 -12.5 -1.326 1.326 -8.75 -1.875 0 -8.75
2 24 -1.732 0.718 -12.5 -1.875 0 -12.5
5 24 -6.5 0 -11.25 -6.5 0 -12.5 -6.252 -1.244 -11.25 -6.005 2.487 -11.25
2 24 -2.487 -6.005 -11.25 -4.27 -4.8 -11.25
5 24 0 8.5 -11.25 0 8.596 -11.231 -3.253 7.853 -11.25 3.253 7.853 -11.25
5 24 -6.078 6.078 -11.231 -7.941 3.289 -11.231 -6.135 6.135 -11.177 -6.01 6.01 -11.25
5 24 -3.253 -7.853 -11.25 -3.289 -7.941 -11.231 0 -8.5 -11.25 -6.01 -6.01 -11.25
5 24 6.187 6.187 -11 6.174 6.174 -11.096 3.348 8.084 -11 8.084 3.348 -11
2 24 0.693 -0.287 -0.5 0.53 -0.53 -0.5
5 24 -8.084 3.348 -1.75 -8.084 3.348 -11 -8.75 0 -1.75 -6.187 6.187 -1.75
5 24 0 -3.75 -3.75 0 -3.75 -8.75 1.435 -3.465 -3.75 -1.435 -3.465 -3.75
5 24 8.066 3.341 -11.096 8.016 3.32 -11.177 6.174 6.174 -11.096 8.731 0 -11.096
5 24 8.677 0 -11.177 8.016 3.32 -11.177 8.731 0 -11.096 8.596 0 -11.231
2 24 2.487 -6.005 -11.25 0 -6.5 -11.25
2 24 0 1.875 -8.75 -0.718 1.732 -8.75
2 24 1.732 0.718 -12.5 1.326 1.326 -12.5
5 24 -7.853 -3.253 -11.25 -7.941 -3.289 -11.231 -6.01 -6.01 -11.25 -8.5 0 -11.25
2 24 3.54 8.547 -1.25 0 9.251 -1.25
5 24 8.75 0 -1.75 8.75 0 -11 8.084 -3.348 -1.75 8.084 3.348 -1.75
2 24 -3.465 -1.435 -3.75 -3.75 0 -3.75
2 24 -6.005 2.487 -11.25 -6.5 0 -11.25
5 24 -0.478 -1.155 -0.5 -1.435 -3.465 -3.75 -0.884 -0.884 -0.5 0 -1.25 -0.5
5 24 -2.679 6.467 -11.25 -2.679 6.467 -12.5 0 7 -11.25 -4.95 4.95 -11.25
5 24 -2.652 -2.652 -3.75 -2.652 -2.652 -8.75 -1.435 -3.465 -3.75 -3.465 -1.435 -3.75
2 24 5.774 2.392 -1.25 4.419 4.419 -1.25
2 24 -3.465 1.435 -8.75 -3.75 0 -8.75
5 24 -0.718 -1.732 -8.75 -0.718 -1.732 -12.5 -1.326 -1.326 -8.75 0 -1.875 -8.75
5 24 -3.289 7.941 -11.231 -3.32 8.016 -11.177 -6.078 6.078 -11.231 0 8.596 -11.231
2 24 0 -2.375 -11.25 0 -2.375 -12.5
2 24 3.75 0 -8.75 3.465 1.435 -8.75
2 24 6.541 -6.541 -1.75 3.54 -8.547 -1.75
2 24 4.95 4.95 -12.5 2.679 6.467 -12.5
5 24 -2.392 5.774 -1.25 -2.392 5.774 -8.75 -4.419 4.419 -1.25 0 6.25 -1.25
2 24 2.652 2.652 -3.75 1.435 3.465 -3.75
2 24 -0.287 0.693 -0.5 -0.53 0.53 -0.5
5 24 -3.341 8.066 -11.096 -6.174 6.174 -11.096 -3.348 8.084 -11 -3.32 8.016 -11.177
5 24 -8.547 3.54 -1.25 -8.547 3.54 -1.75 -6.541 6.541 -1.25 -9.251 0 -1.25
5 24 -6.135 6.135 -11.177 -8.016 3.32 -11.177 -6.174 6.174 -11.096 -6.078 6.078 -11.231
5 24 2.679 6.467 -11.25 2.679 6.467 -12.5 0 7 -11.25 4.95 4.95 -11.25
2 24 0.718 -1.732 -8.75 0 -1.875 -8.75
5 24 0 8.677 -11.177 0 8.731 -11.096 -3.32 8.016 -11.177 3.32 8.016 -11.177
2 24 8.547 -3.54 -1.75 6.541 -6.541 -1.75
2 24 6.252 -1.244 -12.5 2.02 1.169 -12.5
5 24 -1.732 -0.718 -8.75 -1.732 -0.718 -12.5 -1.326 -1.326 -8.75 -1.875 0 -8.75
5 24 -6.467 2.679 -11.25 -6.467 2.679 -12.5 -7 0 -11.25 -4.95 4.95 -11.25
5 24 2.487 -6.005 -11.25 2.487 -6.005 -12.5 4.27 -4.8 -11.25 0 -6.5 -11.25
5 24 6.005 2.487 -11.25 6.005 2.487 -12.5 6.5 0 -11.25 4.596 4.596 -11.25
5 24 2.679 -6.467 -11.25 2.679 -6.467 -12.5 0 -7 -11.25 4.95 -4.95 -11.25
2 24 -6.187 -6.187 -1.75 -8.084 -3.348 -1.75
5 24 -9.251 0 -1.25 -9.251 0 -1.75 -8.547 3.54 -1.25 -8.547 -3.54 -1.25
5 24 6.135 6.135 -11.177 3.32 8.016 -11.177 6.174 6.174 -11.096 6.078 6.078 -11.231
5 24 -4.95 4.95 -11.25 -4.95 4.95 -12.5 -2.679 6.467 -11.25 -6.467 2.679 -11.25
2 24 3.348 -8.084 -1.75 0 -8.75 -1.75
5 24 0 3.75 -3.75 0 3.75 -8.75 -1.435 3.465 -3.75 1.435 3.465 -3.75
5 24 7.853 -3.253 -11.25 6.01 -6.01 -11.25 7.941 -3.289 -11.231 6.467 -2.679 -11.25
5 24 2.487 6.005 -11.25 2.487 6.005 -12.5 4.596 4.596 -11.25 2.022 6.098 -11.25
5 24 -3.289 -7.941 -11.231 -6.078 -6.078 -11.231 -3.32 -8.016 -11.177 -3.253 -7.853 -11.25
5 24 -0.693 -0.287 -0.5 -0.693 -0.287 -8.75 -0.53 -0.53 -0.5 -0.75 0 -0.5
5 24 1.732 -0.718 -8.75 1.732 -0.718 -12.5 1.326 -1.326 -8.75 1.875 0 -8.75
5 24 0.718 -1.732 -8.75 0.718 -1.732 -12.5 1.326 -1.326 -8.75 0 -1.875 -8.75
2 24 0 -7 -11.25 -2.679 -6.467 -11.25
5 24 8.75 0 -11 8.084 3.348 -11 8.731 0 -11.096 8.75 0 -1.75
2 24 6.005 2.487 -12.5 4.596 4.596 -12.5
2 24 -3.54 8.547 -1.25 -6.541 6.541 -1.25
5 24 0.53 0.53 -0.5 0.53 0.53 -8.75 0.287 0.693 -0.5 0.693 0.287 -0.5
5 24 0 -8.596 -11.231 -3.289 -7.941 -11.231 0 -8.677 -11.177 0 -8.5 -11.25
2 24 3.54 8.547 -1.75 0 9.251 -1.75
5 24 -0.884 0.884 -0.5 -2.652 2.652 -3.75 -1.155 0.478 -0.5 -0.478 1.155 -0.5
2 24 0 -0.75 -8.75 -0.287 -0.693 -8.75
5 24 0.287 -0.693 -0.5 0.287 -0.693 -8.75 0.53 -0.53 -0.5 0 -0.75 -0.5
5 24 3.32 8.016 -11.177 3.289 7.941 -11.231 0 8.677 -11.177 6.135 6.135 -11.177
2 24 -8.084 3.348 -1.75 -8.75 0 -1.75
5 24 3.289 -7.941 -11.231 3.253 -7.853 -11.25 6.078 -6.078 -11.231 0 -8.596 -11.231
5 24 0.693 -0.287 -0.5 0.693 -0.287 -8.75 0.53 -0.53 -0.5 0.75 0 -0.5
2 24 -1.435 -3.465 -3.75 -2.652 -2.652 -3.75
5 24 -6.01 -6.01 -11.25 -7.853 -3.253 -11.25 -6.078 -6.078 -11.231 -4.95 -4.95 -11.25
2 24 0 -2.375 -11.25 -4.27 -4.8 -11.25
2 24 0 6.25 -1.25 -2.392 5.774 -1.25
5 24 -7.853 3.253 -11.25 -7.941 3.289 -11.231 -8.5 0 -11.25 -6.01 6.01 -11.25
5 24 8.066 -3.341 -11.096 6.174 -6.174 -11.096 8.084 -3.348 -11 8.016 -3.32 -11.177
5 24 1.326 -1.326 -8.75 1.326 -1.326 -12.5 1.732 -0.718 -8.75 0.718 -1.732 -8.75
5 24 -7 0 -11.25 -7 0 -12.5 -6.467 2.679 -11.25 -6.467 -2.679 -11.25
5 24 0 -6.25 -1.25 0 -6.25 -8.75 2.392 -5.774 -1.25 -2.392 -5.774 -1.25
2 24 -2.652 2.652 -8.75 -3.465 1.435 -8.75
2 24 8.547 3.54 -1.75 6.541 6.541 -1.75
2 24 2.679 6.467 -12.5 0 7 -12.5
2 24 -2.652 -2.652 -8.75 -3.465 -1.435 -8.75
2 24 -2.022 6.098 -11.25 -2.022 6.098 -12.5
2 24 -4.419 4.419 -8.75 -5.774 2.392 -8.75
5 24 3.341 -8.066 -11.096 0 -8.731 -11.096 3.348 -8.084 -11 3.32 -8.016 -11.177
5 24 -3.348 -8.084 -1.75 -3.348 -8.084 -11 0 -8.75 -1.75 -6.187 -6.187 -1.75
2 24 -8.547 3.54 -1.25 -9.251 0 -1.25
2 24 2.392 -5.774 -8.75 0 -6.25 -8.75
5 24 -6.078 -6.078 -11.231 -7.941 -3.289 -11.231 -6.135 -6.135 -11.177 -6.01 -6.01 -11.25
5 24 -1.875 0 -8.75 -1.875 0 -12.5 -1.732 -0.718 -8.75 -1.732 0.718 -8.75
2 24 -2.022 6.098 -12.5 -2.487 6.005 -12.5
5 24 -6.467 -2.679 -11.25 -6.467 -2.679 -12.5 -7 0 -11.25 -4.95 -4.95 -11.25
5 24 2.652 2.652 -3.75 2.652 2.652 -8.75 1.435 3.465 -3.75 3.465 1.435 -3.75
5 24 3.348 8.084 -11 3.341 8.066 -11.096 0 8.75 -11 6.187 6.187 -11
2 24 0.75 0 -0.5 0.693 0.287 -0.5
2 24 1.25 0 -0.5 1.155 -0.478 -0.5
2 24 3.75 0 -8.75 3.465 -1.435 -8.75
2 24 -0.53 -0.53 -8.75 -0.693 -0.287 -8.75
2 24 -0.884 -0.884 -0.5 -1.155 -0.478 -0.5
5 24 3.465 -1.435 -3.75 3.465 -1.435 -8.75 2.652 -2.652 -3.75 3.75 0 -3.75
5 24 3.348 -8.084 -11 3.341 -8.066 -11.096 6.187 -6.187 -11 0 -8.75 -11
2 24 0 -1.875 -12.5 -0.718 -1.732 -12.5
5 24 -3.253 7.853 -11.25 -3.289 7.941 -11.231 -6.01 6.01 -11.25 0 8.5 -11.25
5 24 6.135 -6.135 -11.177 6.078 -6.078 -11.231 8.016 -3.32 -11.177 3.32 -8.016 -11.177
2 24 -4.419 4.419 -1.25 -5.774 2.392 -1.25
2 24 0 0.75 -8.75 -0.287 0.693 -8.75
2 24 -3.348 8.084 -1.75 -6.187 6.187 -1.75
5 24 -3.289 7.941 -11.231 -6.078 6.078 -11.231 -3.32 8.016 -11.177 -3.253 7.853 -11.25
5 24 -2.487 -6.005 -11.25 -2.487 -6.005 -12.5 -4.27 -4.8 -11.25 0 -6.5 -11.25
5 24 -8.066 -3.341 -11.096 -8.731 0 -11.096 -8.084 -3.348 -11 -8.016 -3.32 -11.177
2 24 7 0 -11.25 6.467 -2.679 -11.25
5 24 3.348 -8.084 -1.75 3.348 -8.084 -11 6.187 -6.187 -1.75 0 -8.75 -1.75
2 24 -3.348 -8.084 -1.75 -6.187 -6.187 -1.75
2 24 0 -7 -12.5 -2.679 -6.467 -12.5
2 24 -3.54 -8.547 -1.25 -6.541 -6.541 -1.25
2 24 -0.478 -1.155 -0.5 -0.884 -0.884 -0.5
2 24 8.547 -3.54 -1.25 6.541 -6.541 -1.25
2 24 2.022 6.098 -11.25 2.02 1.169 -11.25
5 24 8.084 3.348 -1.75 8.084 3.348 -11 6.187 6.187 -1.75 8.75 0 -1.75
5 24 0 0.75 -0.5 0 0.75 -8.75 -0.287 0.693 -0.5 0.287 0.693 -0.5
2 24 0 -9.251 -1.25 -3.54 -8.547 -1.25
5 24 4.95 4.95 -11.25 4.95 4.95 -12.5 6.467 2.679 -11.25 2.679 6.467 -11.25
5 24 -8.084 -3.348 -11 -8.75 0 -11 -8.066 -3.341 -11.096 -8.084 -3.348 -1.75
5 24 3.289 7.941 -11.231 3.253 7.853 -11.25 0 8.596 -11.231 6.078 6.078 -11.231
5 24 -8.547 -3.54 -1.25 -8.547 -3.54 -1.75 -6.541 -6.541 -1.25 -9.251 0 -1.25
5 24 -6.187 6.187 -1.75 -6.187 6.187 -11 -8.084 3.348 -1.75 -3.348 8.084 -1.75
5 24 -0.53 -0.53 -0.5 -0.53 -0.53 -8.75 -0.287 -0.693 -0.5 -0.693 -0.287 -0.5
2 24 0.884 -0.884 -0.5 0.478 -1.155 -0.5
2 24 -0.693 0.287 -0.5 -0.75 0 -0.5
5 24 3.32 8.016 -11.177 0 8.677 -11.177 3.341 8.066 -11.096 3.289 7.941 -11.231
2 24 -2.392 -5.774 -8.75 -4.419 -4.419 -8.75
5 24 4.419 -4.419 -1.25 4.419 -4.419 -8.75 5.774 -2.392 -1.25 2.392 -5.774 -1.25
2 24 3.465 1.435 -3.75 2.652 2.652 -3.75
2 24 0.718 1.732 -12.5 0 1.875 -12.5
2 24 7 0 -12.5 6.467 -2.679 -12.5
2 24 -2.02 1.169 -11.25 -2.022 6.098 -11.25
2 24 1.435 -3.465 -3.75 0 -3.75 -3.75
5 24 0 8.677 -11.177 -3.32 8.016 -11.177 0 8.731 -11.096 0 8.596 -11.231
5 24 8.596 0 -11.231 7.941 3.289 -11.231 8.677 0 -11.177 8.5 0 -11.25
2 24 4.95 -4.95 -12.5 2.679 -6.467 -12.5
5 24 0 -6.5 -11.25 0 -6.5 -12.5 -2.487 -6.005 -11.25 2.487 -6.005 -11.25
5 24 5.774 -2.392 -1.25 5.774 -2.392 -8.75 4.419 -4.419 -1.25 6.25 0 -1.25
5 24 -1.25 0 -0.5 -3.75 0 -3.75 -1.155 -0.478 -0.5 -1.155 0.478 -0.5
5 24 2.652 2.652 -3.75 0.884 0.884 -0.5 1.435 3.465 -3.75 3.465 1.435 -3.75
5 24 4.419 4.419 -1.25 4.419 4.419 -8.75 2.392 5.774 -1.25 5.774 2.392 -1.25
2 24 0.884 0.884 -0.5 0.478 1.155 -0.5
5 24 8.75 0 -11 8.731 0 -11.096 8.084 3.348 -11 8.084 -3.348 -11
2 24 -5.774 -2.392 -1.25 -6.25 0 -1.25
2 24 0 6.25 -8.75 -2.392 5.774 -8.75
5 24 -1.155 -0.478 -0.5 -3.465 -1.435 -3.75 -0.884 -0.884 -0.5 -1.25 0 -0.5
2 24 0 -6.25 -1.25 -2.392 -5.774 -1.25
5 24 8.084 -3.348 -11 8.066 -3.341 -11.096 8.75 0 -11 6.187 -6.187 -11
2 24 1.155 -0.478 -0.5 0.884 -0.884 -0.5
5 24 -6.174 -6.174 -11.096 -6.187 -6.187 -11 -3.341 -8.066 -11.096 -8.066 -3.341 -11.096
5 24 0 -8.75 -11 0 -8.731 -11.096 3.348 -8.084 -11 -3.348 -8.084 -11
5 24 -3.54 8.547 -1.25 -3.54 8.547 -1.75 -6.541 6.541 -1.25 0 9.251 -1.25
2 24 -6.467 -2.679 -12.5 -7 0 -12.5
2 24 -4.95 -4.95 -11.25 -6.467 -2.679 -11.25
5 24 6.174 -6.174 -11.096 3.341 -8.066 -11.096 6.187 -6.187 -11 6.135 -6.135 -11.177
2 24 -3.465 -1.435 -8.75 -3.75 0 -8.75
5 24 6.174 6.174 -11.096 6.135 6.135 -11.177 3.341 8.066 -11.096 8.066 3.341 -11.096
5 24 -3.465 1.435 -3.75 -3.465 1.435 -8.75 -2.652 2.652 -3.75 -3.75 0 -3.75
5 24 -6.01 6.01 -11.25 -6.078 6.078 -11.231 -7.853 3.253 -11.25 -3.253 7.853 -11.25
5 24 -3.348 8.084 -1.75 -3.348 8.084 -11 0 8.75 -1.75 -6.187 6.187 -1.75
5 24 6.187 -6.187 -1.75 6.187 -6.187 -11 3.348 -8.084 -1.75 8.084 -3.348 -1.75
5 24 7.941 3.289 -11.231 6.078 6.078 -11.231 8.016 3.32 -11.177 7.853 3.253 -11.25
5 24 -2.679 -6.467 -11.25 -2.679 -6.467 -12.5 0 -7 -11.25 -4.95 -4.95 -11.25
5 24 6.078 -6.078 -11.231 3.289 -7.941 -11.231 6.135 -6.135 -11.177 6.01 -6.01 -11.25
5 24 8.084 -3.348 -11 6.187 -6.187 -11 8.066 -3.341 -11.096 8.084 -3.348 -1.75
5 24 3.341 -8.066 -11.096 3.32 -8.016 -11.177 6.174 -6.174 -11.096 0 -8.731 -11.096
2 24 -2.02 1.169 -12.5 -6.252 -1.244 -12.5
2 24 2.679 6.467 -11.25 0 7 -11.25
5 24 0.693 0.287 -0.5 0.693 0.287 -8.75 0.75 0 -0.5 0.53 0.53 -0.5
2 24 5.774 -2.392 -8.75 4.419 -4.419 -8.75
5 24 0 7 -11.25 0 7 -12.5 2.679 6.467 -11.25 -2.679 6.467 -11.25
2 24 1.435 3.465 -8.75 0 3.75 -8.75
2 24 6.187 6.187 -1.75 3.348 8.084 -1.75
2 24 1.435 -3.465 -8.75 0 -3.75 -8.75
5 24 -1.435 3.465 -3.75 -1.435 3.465 -8.75 -2.652 2.652 -3.75 0 3.75 -3.75
2 24 2.392 -5.774 -1.25 0 -6.25 -1.25
2 24 0 3.75 -3.75 -1.435 3.465 -3.75
5 24 4.95 -4.95 -11.25 4.95 -4.95 -12.5 2.679 -6.467 -11.25 6.467 -2.679 -11.25
5 24 0 8.75 -1.75 0 8.75 -11 3.348 8.084 -1.75 -3.348 8.084 -1.75
2 24 -2.392 -5.774 -1.25 -4.419 -4.419 -1.25
5 24 -1.326 -1.326 -8.75 -1.326 -1.326 -12.5 -0.718 -1.732 -8.75 -1.732 -0.718 -8.75
2 24 2.02 1.169 -11.25 2.02 1.169 -12.5
5 24 -5.774 2.392 -1.25 -5.774 2.392 -8.75 -4.419 4.419 -1.25 -6.25 0 -1.25
5 24 1.435 -3.465 -3.75 0.478 -1.155 -0.5 2.652 -2.652 -3.75 0 -3.75 -3.75
2 24 1.326 -1.326 -12.5 0.718 -1.732 -12.5
5 24 -0.478 1.155 -0.5 -1.435 3.465 -3.75 -0.884 0.884 -0.5 0 1.25 -0.5
2 24 0.693 0.287 -0.5 0.53 0.53 -0.5
2 24 0 0.75 -0.5 -0.287 0.693 -0.5
5 24 6.135 6.135 -11.177 6.078 6.078 -11.231 3.32 8.016 -11.177 8.016 3.32 -11.177
2 24 2.487 6.005 -12.5 2.022 6.098 -12.5
2 24 -6.541 -6.541 -1.25 -8.547 -3.54 -1.25
2 24 0.478 -1.155 -0.5 0 -1.25 -0.5
2 24 1.875 0 -12.5 1.732 0.718 -12.5
2 24 0.53 -0.53 -8.75 0.287 -0.693 -8.75
2 24 -5.774 2.392 -1.25 -6.25 0 -1.25
5 24 8.547 3.54 -1.25 8.547 3.54 -1.75 6.541 6.541 -1.25 9.251 0 -1.25
2 24 -8.547 3.54 -1.75 -9.251 0 -1.75
5 24 -3.75 0 -3.75 -3.75 0 -8.75 -3.465 -1.435 -3.75 -3.465 1.435 -3.75
2 24 8.547 3.54 -1.25 6.541 6.541 -1.25
5 24 3.75 0 -3.75 3.75 0 -8.75 3.465 1.435 -3.75 3.465 -1.435 -3.75
5 24 -6.174 6.174 -11.096 -8.066 3.341 -11.096 -6.187 6.187 -11 -6.135 6.135 -11.177
2 24 1.875 0 -12.5 1.732 -0.718 -12.5
2 24 0.75 0 -0.5 0.693 -0.287 -0.5
5 24 0 -8.677 -11.177 -3.32 -8.016 -11.177 0 -8.731 -11.096 0 -8.596 -11.231
2 24 1.326 1.326 -8.75 0.718 1.732 -8.75
2 24 -8.547 -3.54 -1.25 -9.251 0 -1.25
5 24 -0.53 0.53 -0.5 -0.53 0.53 -8.75 -0.693 0.287 -0.5 -0.287 0.693 -0.5
2 24 -5.774 -2.392 -8.75 -6.25 0 -8.75
2 24 0 1.875 -12.5 -0.718 1.732 -12.5
5 24 -7.941 3.289 -11.231 -8.016 3.32 -11.177 -8.596 0 -11.231 -6.078 6.078 -11.231
5 24 -8.066 3.341 -11.096 -8.731 0 -11.096 -8.084 3.348 -11 -8.016 3.32 -11.177
2 24 8.084 -3.348 -1.75 6.187 -6.187 -1.75
5 24 2.392 5.774 -1.25 2.392 5.774 -8.75 4.419 4.419 -1.25 0 6.25 -1.25
2 24 -1.435 3.465 -3.75 -2.652 2.652 -3.75
5 24 0 8.731 -11.096 -3.341 8.066 -11.096 0 8.75 -11 0 8.677 -11.177
2 24 -1.435 -3.465 -8.75 -2.652 -2.652 -8.75
5 24 2.392 -5.774 -1.25 2.392 -5.774 -8.75 4.419 -4.419 -1.25 0 -6.25 -1.25
5 24 -3.32 -8.016 -11.177 -6.135 -6.135 -11.177 -3.341 -8.066 -11.096 -3.289 -7.941 -11.231
5 24 3.32 -8.016 -11.177 3.289 -7.941 -11.231 6.135 -6.135 -11.177 0 -8.677 -11.177
2 24 6.25 0 -8.75 5.774 -2.392 -8.75
5 24 -0.287 -0.693 -0.5 -0.287 -0.693 -8.75 -0.53 -0.53 -0.5 0 -0.75 -0.5
2 24 0 9.251 -1.75 -3.54 8.547 -1.75
2 24 6.467 -2.679 -11.25 4.95 -4.95 -11.25
2 24 -4.419 -4.419 -8.75 -5.774 -2.392 -8.75
2 24 -3.465 1.435 -3.75 -3.75 0 -3.75
5 24 0 -8.75 -1.75 0 -8.75 -11 -3.348 -8.084 -1.75 3.348 -8.084 -1.75
5 24 -2.487 6.005 -11.25 -2.487 6.005 -12.5 -2.022 6.098 -11.25 -4.596 4.596 -11.25
5 24 8.084 -3.348 -1.75 8.084 -3.348 -11 6.187 -6.187 -1.75 8.75 0 -1.75
2 24 0.75 0 -8.75 0.693 -0.287 -8.75
2 24 -0.693 0.287 -8.75 -0.75 0 -8.75
5 24 -5.774 -2.392 -1.25 -5.774 -2.392 -8.75 -4.419 -4.419 -1.25 -6.25 0 -1.25
2 24 0 3.75 -8.75 -1.435 3.465 -8.75
2 24 2.022 6.098 -12.5 2.02 1.169 -12.5
2 24 6.25 0 -8.75 5.774 2.392 -8.75
5 24 0 -3.75 -3.75 0 -1.25 -0.5 1.435 -3.465 -3.75 -1.435 -3.465 -3.75
2 24 1.732 0.718 -8.75 1.326 1.326 -8.75
2 24 2.392 5.774 -1.25 0 6.25 -1.25
5 24 0 -8.5 -11.25 -3.253 -7.853 -11.25 0 -8.596 -11.231 0 -7 -11.25
2 24 6.467 -2.679 -12.5 4.95 -4.95 -12.5
5 24 3.348 8.084 -11 0 8.75 -11 3.341 8.066 -11.096 3.348 8.084 -1.75
2 24 6.187 -6.187 -1.75 3.348 -8.084 -1.75
5 24 5.774 2.392 -1.25 5.774 2.392 -8.75 4.419 4.419 -1.25 6.25 0 -1.25
2 24 -0.718 1.732 -12.5 -1.326 1.326 -12.5
5 24 0 1.25 -0.5 0 3.75 -3.75 -0.478 1.155 -0.5 0.478 1.155 -0.5
5 24 6.467 2.679 -11.25 6.467 2.679 -12.5 7 0 -11.25 4.95 4.95 -11.25
2 24 0.53 0.53 -0.5 0.287 0.693 -0.5
2 24 6.252 -1.244 -11.25 6.252 -1.244 -12.5
2 24 -2.487 -6.005 -12.5 -4.27 -4.8 -12.5
5 24 4.596 4.596 -11.25 4.596 4.596 -12.5 2.487 6.005 -11.25 6.005 2.487 -11.25
5 24 6.467 -2.679 -11.25 6.467 -2.679 -12.5 7 0 -11.25 4.95 -4.95 -11.25
5 24 0 9.251 -1.25 0 9.251 -1.75 3.54 8.547 -1.25 -3.54 8.547 -1.25
5 24 1.732 0.718 -8.75 1.732 0.718 -12.5 1.875 0 -8.75 1.326 1.326 -8.75
5 24 -0.75 0 -0.5 -0.75 0 -8.75 -0.693 -0.287 -0.5 -0.693 0.287 -0.5
2 24 3.75 0 -3.75 3.465 -1.435 -3.75
2 24 0.693 -0.287 -8.75 0.53 -0.53 -8.75
2 24 7 0 -12.5 6.467 2.679 -12.5
2 24 5.774 2.392 -8.75 4.419 4.419 -8.75
5 24 0 8.596 -11.231 0 8.677 -11.177 -3.289 7.941 -11.231 3.289 7.941 -11.231
5 24 -7.853 3.253 -11.25 -8.5 0 -11.25 -7.941 3.289 -11.231 -6.467 2.679 -11.25
5 24 8.016 -3.32 -11.177 6.135 -6.135 -11.177 8.066 -3.341 -11.096 7.941 -3.289 -11.231
2 24 4.27 -4.8 -11.25 0 -2.375 -11.25
2 24 -1.155 -0.478 -0.5 -1.25 0 -0.5
5 24 3.253 7.853 -11.25 0 8.5 -11.25 3.289 7.941 -11.231 2.679 6.467 -11.25
5 24 -4.596 4.596 -11.25 -4.596 4.596 -12.5 -6.005 2.487 -11.25 -2.487 6.005 -11.25
5 24 6.187 6.187 -1.75 6.187 6.187 -11 8.084 3.348 -1.75 3.348 8.084 -1.75
5 24 0 8.5 -11.25 -3.253 7.853 -11.25 0 8.596 -11.231 0 7 -11.25
5 24 -1.155 0.478 -0.5 -3.465 1.435 -3.75 -0.884 0.884 -0.5 -1.25 0 -0.5
2 24 2.652 -2.652 -8.75 1.435 -3.465 -8.75
2 24 6.541 6.541 -1.75 3.54 8.547 -1.75
5 24 0 -9.251 -1.25 0 -9.251 -1.75 3.54 -8.547 -1.25 -3.54 -8.547 -1.25
2 24 6.541 -6.541 -1.25 3.54 -8.547 -1.25
2 24 -6.252 -1.244 -11.25 -6.5 0 -11.25
2 24 4.95 4.95 -11.25 2.679 6.467 -11.25
2 24 1.326 1.326 -12.5 0.718 1.732 -12.5
5 24 0 -1.875 -8.75 0 -1.875 -12.5 0.718 -1.732 -8.75 -0.718 -1.732 -8.75
2 24 6.25 0 -1.25 5.774 2.392 -1.25
5 24 0 8.731 -11.096 0 8.75 -11 -3.341 8.066 -11.096 3.341 8.066 -11.096
2 24 -0.287 0.693 -8.75 -0.53 0.53 -8.75
5 24 3.465 -1.435 -3.75 1.155 -0.478 -0.5 2.652 -2.652 -3.75 3.75 0 -3.75
5 24 -1.435 -3.465 -3.75 -1.435 -3.465 -8.75 -2.652 -2.652 -3.75 0 -3.75 -3.75
2 24 -5.774 2.392 -8.75 -6.25 0 -8.75
5 24 -6.135 -6.135 -11.177 -6.174 -6.174 -11.096 -3.32 -8.016 -11.177 -8.016 -3.32 -11.177
5 24 -6.25 0 -1.25 -6.25 0 -8.75 -5.774 -2.392 -1.25 -5.774 2.392 -1.25
5 24 0 -8.75 -11 -3.348 -8.084 -11 0 -8.731 -11.096 0 -8.75 -1.75
2 24 8.75 0 -1.75 8.084 -3.348 -1.75
5 24 8.084 3.348 -11 8.066 3.341 -11.096 6.187 6.187 -11 8.75 0 -11
2 24 -1.732 0.718 -8.75 -1.875 0 -8.75
5 24 -6.174 6.174 -11.096 -6.187 6.187 -11 -8.066 3.341 -11.096 -3.341 8.066 -11.096
2 24 -0.287 -0.693 -0.5 -0.53 -0.53 -0.5
5 24 0.53 -0.53 -0.5 0.53 -0.53 -8.75 0.693 -0.287 -0.5 0.287 -0.693 -0.5
5 24 -2.652 2.652 -3.75 -2.652 2.652 -8.75 -3.465 1.435 -3.75 -1.435 3.465 -3.75
5 24 -4.419 -4.419 -1.25 -4.419 -4.419 -8.75 -2.392 -5.774 -1.25 -5.774 -2.392 -1.25
5 24 -6.078 6.078 -11.231 -6.135 6.135 -11.177 -7.941 3.289 -11.231 -3.289 7.941 -11.231
2 24 0 -6.5 -12.5 -2.487 -6.005 -12.5
2 24 9.251 0 -1.25 8.547 -3.54 -1.25
2 24 -1.326 -1.326 -12.5 -1.732 -0.718 -12.5
2 24 2.679 -6.467 -11.25 0 -7 -11.25
5 24 -6.187 6.187 -11 -8.084 3.348 -11 -6.174 6.174 -11.096 -6.187 6.187 -1.75
5 24 3.54 8.547 -1.25 3.54 8.547 -1.75 0 9.251 -1.25 6.541 6.541 -1.25
2 24 2.487 -6.005 -12.5 0 -6.5 -12.5
2 24 0.53 0.53 -8.75 0.287 0.693 -8.75
5 24 8.016 -3.32 -11.177 7.941 -3.289 -11.231 8.677 0 -11.177 6.135 -6.135 -11.177
5 24 7.941 3.289 -11.231 7.853 3.253 -11.25 6.078 6.078 -11.231 8.596 0 -11.231
5 24 -0.693 0.287 -0.5 -0.693 0.287 -8.75 -0.53 0.53 -0.5 -0.75 0 -0.5
5 24 0 8.596 -11.231 -3.289 7.941 -11.231 0 8.677 -11.177 0 8.5 -11.25
2 24 0 9.251 -1.25 -3.54 8.547 -1.25
2 24 -2.02 1.169 -11.25 -2.02 1.169 -12.5
2 24 4.596 4.596 -11.25 2.487 6.005 -11.25
5 24 6.174 6.174 -11.096 3.341 8.066 -11.096 6.187 6.187 -11 6.135 6.135 -11.177
5 24 -0.718 1.732 -8.75 -0.718 1.732 -12.5 -1.326 1.326 -8.75 0 1.875 -8.75
5 24 0 -8.731 -11.096 0 -8.677 -11.177 3.341 -8.066 -11.096 -3.341 -8.066 -11.096
2 24 6.252 -1.244 -11.25 2.02 1.169 -11.25
5 24 8.731 0 -11.096 8.677 0 -11.177 8.066 3.341 -11.096 8.066 -3.341 -11.096
5 24 7.941 -3.289 -11.231 6.078 -6.078 -11.231 8.016 -3.32 -11.177 7.853 -3.253 -11.25
5 24 -8.5 0 -11.25 -8.596 0 -11.231 -7.853 3.253 -11.25 -7.853 -3.253 -11.25
2 24 3.54 -8.547 -1.25 0 -9.251 -1.25
5 24 -6.01 -6.01 -11.25 -6.078 -6.078 -11.231 -3.253 -7.853 -11.25 -7.853 -3.253 -11.25
2 24 0 -1.875 -8.75 -0.718 -1.732 -8.75
2 24 6.467 2.679 -11.25 4.95 4.95 -11.25
2 24 -4.596 4.596 -11.25 -6.005 2.487 -11.25
2 24 -6.005 2.487 -12.5 -6.5 0 -12.5
2 24 4.419 -4.419 -8.75 2.392 -5.774 -8.75
5 24 -3.32 8.016 -11.177 -6.135 6.135 -11.177 -3.341 8.066 -11.096 -3.289 7.941 -11.231
2 24 0 7 -12.5 -2.679 6.467 -12.5
5 24 -4.95 -4.95 -11.25 -4.95 -4.95 -12.5 -6.467 -2.679 -11.25 -2.679 -6.467 -11.25
2 24 0.287 -0.693 -0.5 0 -0.75 -0.5
5 24 3.54 -8.547 -1.25 3.54 -8.547 -1.75 0 -9.251 -1.25 6.541 -6.541 -1.25
2 24 4.419 4.419 -1.25 2.392 5.774 -1.25
5 24 -6.135 6.135 -11.177 -6.174 6.174 -11.096 -8.016 3.32 -11.177 -3.32 8.016 -11.177
5 24 -8.016 3.32 -11.177 -8.677 0 -11.177 -8.066 3.341 -11.096 -7.941 3.289 -11.231
2 24 0 -9.251 -1.75 -3.54 -8.547 -1.75
5 24 -3.348 -8.084 -11 -6.187 -6.187 -11 -3.341 -8.066 -11.096 -3.348 -8.084 -1.75
5 24 -3.289 -7.941 -11.231 -3.32 -8.016 -11.177 0 -8.596 -11.231 -6.078 -6.078 -11.231
5 24 2.652 -2.652 -3.75 2.652 -2.652 -8.75 3.465 -1.435 -3.75 1.435 -3.465 -3.75
2 24 8.084 3.348 -1.75 6.187 6.187 -1.75
5 24 -3.54 -8.547 -1.25 -3.54 -8.547 -1.75 -6.541 -6.541 -1.25 0 -9.251 -1.25
2 24 4.596 4.596 -12.5 2.487 6.005 -12.5
5 24 7.853 3.253 -11.25 6.01 6.01 -11.25 7.941 3.289 -11.231 6.467 2.679 -11.25
5 24 6.01 -6.01 -11.25 3.253 -7.853 -11.25 6.078 -6.078 -11.231 4.95 -4.95 -11.25
2 24 0.693 0.287 -8.75 0.53 0.53 -8.75
5 24 0 -0.75 -0.5 0 -0.75 -8.75 0.287 -0.693 -0.5 -0.287 -0.693 -0.5
5 24 -8.016 -3.32 -11.177 -8.066 -3.341 -11.096 -6.135 -6.135 -11.177 -8.677 0 -11.177
5 24 3.348 -8.084 -11 0 -8.75 -11 3.341 -8.066 -11.096 3.348 -8.084 -1.75
2 24 -2.679 6.467 -11.25 -4.95 4.95 -11.25
5 24 6.01 6.01 -11.25 3.253 7.853 -11.25 6.078 6.078 -11.231 4.95 4.95 -11.25
5 24 8.731 0 -11.096 8.066 -3.341 -11.096 8.75 0 -11 8.677 0 -11.177
2 24 -3.54 -8.547 -1.75 -6.541 -6.541 -1.75
2 24 1.25 0 -0.5 1.155 0.478 -0.5
2 24 -6.541 -6.541 -1.75 -8.547 -3.54 -1.75
5 24 3.32 -8.016 -11.177 0 -8.677 -11.177 3.341 -8.066 -11.096 3.289 -7.941 -11.231
5 24 3.253 -7.853 -11.25 0 -8.5 -11.25 3.289 -7.941 -11.231 2.679 -6.467 -11.25
5 24 2.652 -2.652 -3.75 0.884 -0.884 -0.5 3.465 -1.435 -3.75 1.435 -3.465 -3.75
2 24 4.419 4.419 -8.75 2.392 5.774 -8.75
2 24 -0.53 0.53 -8.75 -0.693 0.287 -8.75
2 24 -6.467 2.679 -12.5 -7 0 -12.5
2 24 -4.95 -4.95 -12.5 -6.467 -2.679 -12.5
2 24 0.287 0.693 -8.75 0 0.75 -8.75
2 24 -1.732 -0.718 -12.5 -1.875 0 -12.5
5 24 6.078 6.078 -11.231 6.01 6.01 -11.25 3.289 7.941 -11.231 7.941 3.289 -11.231
2 24 -0.478 1.155 -0.5 -0.884 0.884 -0.5
2 24 6.541 6.541 -1.25 3.54 8.547 -1.25
2 24 -1.732 -0.718 -8.75 -1.875 0 -8.75
5 24 -0.884 -0.884 -0.5 -2.652 -2.652 -3.75 -0.478 -1.155 -0.5 -1.155 -0.478 -0.5
2 24 6.467 2.679 -12.5 4.95 4.95 -12.5
2 24 -1.155 0.478 -0.5 -1.25 0 -0.5
5 24 8.066 -3.341 -11.096 8.016 -3.32 -11.177 8.731 0 -11.096 6.174 -6.174 -11.096
2 24 -2.679 -6.467 -11.25 -4.95 -4.95 -11.25
2 24 -0.287 -0.693 -8.75 -0.53 -0.53 -8.75
5 24 8.677 0 -11.177 8.016 -3.32 -11.177 8.731 0 -11.096 8.596 0 -11.231
5 24 -6.187 -6.187 -1.75 -6.187 -6.187 -11 -8.084 -3.348 -1.75 -3.348 -8.084 -1.75
0
