0 Etiqueta Ref. 270 Squares		    |R:R
0 Name: squar260.dat
0 Author: cpcbegin
0 !LDRAW_ORG Unofficial_Part
0 BFC CERTIFY CW
4 0 79.394 23.25 0 0.606 23.25 0 0.606 22.5 0 79.394 22.5 0
4 15 78.788 22.5 0 1.212 22.5 0 1.212 19.5 0 78.788 19.5 0
4 0 76.061 19.5 0 3.636 19.5 0 3.636 18.75 0 76.061 18.75 0
4 0 76.061 18.75 0 75.454 18.75 0 75.454 5.25 0 76.061 5.25 0
4 16 75.454 18.75 0 4.242 18.75 0 4.242 5.25 0 75.454 5.25 0
4 0 4.242 18.75 0 3.636 18.75 0 3.636 5.25 0 4.242 5.25 0
4 15 78.788 19.5 0 76.061 19.5 0 76.061 4.5 0 78.788 4.5 0
4 0 76.061 5.25 0 3.636 5.25 0 3.636 4.5 0 76.061 4.5 0
4 15 3.636 19.5 0 1.212 19.5 0 1.212 4.5 0 3.636 4.5 0
4 0 79.394 22.5 0 78.788 22.5 0 78.788 1.5 0 79.394 1.5 0
4 15 78.788 4.5 0 1.212 4.5 0 1.212 1.5 0 78.788 1.5 0
4 0 1.212 22.5 0 0.606 22.5 0 0.606 1.5 0 1.212 1.5 0
4 0 79.394 1.5 0 0.606 1.5 0 0.606 0.75 0 79.394 0.75 0
0 
