0 Tejado 1 punto A    :X
0 Name: tejado1a.dat
0 Author: rosaspage
0 !LDRAW_ORG Unofficial_Part
0 BFC CERTIFY CCW
3 16 -15 -12.51 15 -15 0 15 -15 0 -15
3 16 -15 0 -15 12.5 0 -15 12.5 -13.76 -15
3 16 15 -15.01 -35 17.5 0 -35 17.5 -15.01 -35
3 16 45 0 -15 45 -15 15 45 -15 -15
3 16 45 -15 15 45 0 -15 45 0 15
3 16 33.24 -15 -12.07 30 -20 -12.5 30 -15 -12.5
3 16 30 -20 -12.5 33.24 -15 -12.07 33.24 -20 -12.07
3 16 36.25 -15 -10.83 33.24 -20 -12.07 33.24 -15 -12.07
3 16 33.24 -20 -12.07 36.25 -15 -10.83 36.25 -20 -10.83
3 16 38.84 -15 -8.84 36.25 -20 -10.83 36.25 -15 -10.83
3 16 36.25 -20 -10.83 38.84 -15 -8.84 38.84 -20 -8.84
3 16 38.84 -15 -8.84 40.83 -20 -6.25 38.84 -20 -8.84
3 16 40.83 -20 -6.25 38.84 -15 -8.84 40.83 -15 -6.25
3 16 40.83 -15 -6.25 42.07 -20 -3.24 40.83 -20 -6.25
3 16 42.07 -20 -3.24 40.83 -15 -6.25 42.07 -15 -3.24
3 16 42.07 -15 -3.24 42.5 -20 0 42.07 -20 -3.24
3 16 42.5 -20 0 42.07 -15 -3.24 42.5 -15 0
3 16 15 -27.51 15 15 -15.01 -35 15 -15 15
3 16 30 -15 -12.5 26.76 -20 -12.07 26.76 -15 -12.07
3 16 26.76 -20 -12.07 30 -15 -12.5 30 -20 -12.5
3 16 33.24 -20 -12.07 26.76 -20 -12.07 30 -20 -12.5
3 16 26.76 -20 -12.07 33.24 -20 -12.07 36.25 -20 -10.83
3 16 42.5 -15 0 42.07 -20 3.24 42.5 -20 0
3 16 42.07 -20 3.24 42.5 -15 0 42.07 -15 3.24
3 16 42.07 -15 3.24 40.83 -20 6.25 42.07 -20 3.24
3 16 40.83 -20 6.25 42.07 -15 3.24 40.83 -15 6.25
3 16 40.83 -15 6.25 38.84 -20 8.84 40.83 -20 6.25
3 16 38.84 -20 8.84 40.83 -15 6.25 38.84 -15 8.84
3 16 36.25 -15 10.83 38.84 -20 8.84 38.84 -15 8.84
3 16 38.84 -20 8.84 36.25 -15 10.83 36.25 -20 10.83
3 16 33.24 -15 12.07 36.25 -20 10.83 36.25 -15 10.83
3 16 36.25 -20 10.83 33.24 -15 12.07 33.24 -20 12.07
3 16 30 -15 12.5 33.24 -20 12.07 33.24 -15 12.07
3 16 33.24 -20 12.07 30 -15 12.5 30 -20 12.5
3 16 26.76 -15 12.07 30 -20 12.5 30 -15 12.5
3 16 30 -20 12.5 26.76 -15 12.07 26.76 -20 12.07
3 16 23.75 -15 10.83 26.76 -20 12.07 26.76 -15 12.07
3 16 26.76 -20 12.07 23.75 -15 10.83 23.75 -20 10.83
3 16 21.16 -15 8.84 23.75 -20 10.83 23.75 -15 10.83
3 16 23.75 -20 10.83 21.16 -15 8.84 21.16 -20 8.84
3 16 21.16 -15 8.84 19.17 -20 6.25 21.16 -20 8.84
3 16 19.17 -20 6.25 21.16 -15 8.84 19.17 -15 6.25
3 16 19.17 -15 6.25 17.93 -20 3.24 19.17 -20 6.25
3 16 17.93 -20 3.24 19.17 -15 6.25 17.93 -15 3.24
3 16 17.93 -15 3.24 17.5 -20 0 17.93 -20 3.24
3 16 17.5 -20 0 17.93 -15 3.24 17.5 -15 0
3 16 17.5 -15 0 17.93 -20 -3.24 17.5 -20 0
3 16 17.93 -20 -3.24 17.5 -15 0 17.93 -15 -3.24
3 16 17.93 -15 -3.24 19.17 -20 -6.25 17.93 -20 -3.24
3 16 19.17 -20 -6.25 17.93 -15 -3.24 19.17 -15 -6.25
3 16 19.17 -15 -6.25 21.16 -20 -8.84 19.17 -20 -6.25
3 16 21.16 -20 -8.84 19.17 -15 -6.25 21.16 -15 -8.84
3 16 23.75 -15 -10.83 21.16 -20 -8.84 21.16 -15 -8.84
3 16 21.16 -20 -8.84 23.75 -15 -10.83 23.75 -20 -10.83
3 16 26.76 -15 -12.07 23.75 -20 -10.83 23.75 -15 -10.83
3 16 23.75 -20 -10.83 26.76 -15 -12.07 26.76 -20 -12.07
3 16 23.75 -20 10.83 33.24 -20 12.07 26.76 -20 12.07
3 16 26.76 -20 12.07 33.24 -20 12.07 30 -20 12.5
3 16 -12.5 0 12.5 -12.5 -12.5 -12.5 -12.5 0 -12.5
3 16 -12.5 -12.5 -12.5 -12.5 0 12.5 -12.5 -12.5 12.5
3 16 17.5 -12.5 12.5 17.5 0 -12.5 17.5 0 12.5
3 16 17.5 0 -12.5 17.5 -12.5 12.5 17.5 -12.5 -12.5
4 16 45 -15 15 15 -15 15 17.5 -15 -15 45 -15 -15
4 16 15 -15.01 -35 15 -27.51 15 15 -27.51 -45 15 -15.01 -45
4 16 17.5 0 -15 45 0 -15 45 -15 -15 17.5 -15 -15
4 16 17.5 -15.01 -35 17.5 0 -35 17.5 0 -15 17.5 -15 -15
4 16 15 -15 15 15 -15.01 -35 17.5 -15.01 -35 17.5 -15 -15
4 16 15 -27.51 -45 15 -27.51 15 -15 -12.51 15 -15 -12.51 -45
4 16 -15 0 -45 15 -15.01 -45 15 -27.51 -45 -15 -12.51 -45
4 16 -12.5 0 12.5 12.5 0 12.5 12.5 -12.5 12.5 -12.5 -12.5 12.5
4 16 42.5 -12.5 12.5 17.5 -12.5 12.5 17.5 0 12.5 42.5 0 12.5
4 16 17.5 0 -35 15 -15.01 -35 12.5 -13.76 -35 12.5 0 -35
4 16 12.5 -13.76 -15 12.5 -13.76 -35 -15 0 -45 -15 0 -15
4 16 15 -15.01 -35 15 -15.01 -45 -15 0 -45 12.5 -13.76 -35
4 16 -15 0 -15 -15 0 15 -12.5 0 12.5 -12.5 0 -12.5
4 16 42.5 0 12.5 45 0 15 45 0 -15 42.5 0 -12.5
4 16 12.5 -13.76 -35 12.5 -13.76 -15 12.5 0 -15 12.5 0 -35
4 16 17.5 0 -15 17.5 0 -35 12.5 0 -35 12.5 0 -15
4 16 12.5 0 -12.5 12.5 0 12.5 17.5 0 12.5 17.5 0 -12.5
4 16 12.5 -12.5 12.5 12.5 -12.5 -12.5 -12.5 -12.5 -12.5 -12.5 -12.5 12.5
4 16 17.5 -12.5 -12.5 17.5 -12.5 12.5 42.5 -12.5 12.5 42.5 -12.5 -12.5
4 16 -15 0 -15 -15 0 -45 -15 -12.51 -45 -15 -12.51 15
4 16 45 0 15 -15 0 15 15 -15 15 45 -15 15
4 16 15 -15 15 -15 0 15 -15 -12.51 15 15 -27.51 15
4 16 26.76 -20 -12.07 36.25 -20 -10.83 38.84 -20 -8.84 23.75 -20 -10.83
4 16 23.75 -20 -10.83 38.84 -20 -8.84 40.83 -20 -6.25 21.16 -20 -8.84
4 16 21.16 -20 -8.84 40.83 -20 -6.25 42.07 -20 -3.24 19.17 -20 -6.25
4 16 19.17 -20 -6.25 42.07 -20 -3.24 42.5 -20 0 17.93 -20 -3.24
4 16 17.93 -20 -3.24 42.5 -20 0 42.07 -20 3.24 17.5 -20 0
4 16 17.5 -20 0 42.07 -20 3.24 40.83 -20 6.25 17.93 -20 3.24
4 16 17.93 -20 3.24 40.83 -20 6.25 38.84 -20 8.84 19.17 -20 6.25
4 16 19.17 -20 6.25 38.84 -20 8.84 36.25 -20 10.83 21.16 -20 8.84
4 16 21.16 -20 8.84 36.25 -20 10.83 33.24 -20 12.07 23.75 -20 10.83
4 16 12.5 0 -15 12.5 0 -12.5 17.5 0 -12.5 17.5 0 -15
4 16 42.5 0 -12.5 45 0 -15 17.5 0 -15 17.5 0 -12.5
4 16 -15 0 -15 -12.5 0 -12.5 12.5 0 -12.5 12.5 0 -15
3 16 -12.5 0 12.5 -15 0 15 12.5 0 12.5
3 16 45 0 15 42.5 0 12.5 17.5 0 12.5
4 16 12.5 0 12.5 -15 0 15 45 0 15 17.5 0 12.5
4 16 12.5 -12.5 12.5 12.5 0 12.5 12.5 0 -12.5 12.5 -12.5 -12.5
4 16 42.5 -12.5 12.5 42.5 0 12.5 42.5 0 -12.5 42.5 -12.5 -12.5
4 16 12.5 0 -12.5 -12.5 0 -12.5 -12.5 -12.5 -12.5 12.5 -12.5 -12.5
4 16 42.5 0 -12.5 17.5 0 -12.5 17.5 -12.5 -12.5 42.5 -12.5 -12.5
2 24 -15 -12.51 -45 15 -27.51 -45
2 24 42.5 -12.5 -12.5 42.5 0 -12.5
2 24 38.84 -15 -8.84 40.83 -15 -6.25
2 24 45 -15 15 45 0 15
2 24 42.5 -12.5 12.5 42.5 0 12.5
2 24 40.83 -15 -6.25 42.07 -15 -3.24
2 24 19.17 -15 -6.25 21.16 -15 -8.84
2 24 42.07 -15 3.24 42.5 -15 0
2 24 15 -27.51 -45 15 -27.51 15
2 24 45 -15 15 45 -15 -15
2 24 36.25 -15 10.83 38.84 -15 8.84
2 24 17.5 -15 -15 45 -15 -15
2 24 -15 -12.51 15 -15 -12.51 -45
5 24 42.5 -20 0 42.5 -15 0 42.07 -15 -3.24 42.07 -20 3.24
2 24 12.5 0 -15 12.5 0 -35
2 24 12.5 -12.5 12.5 12.5 -12.5 -12.5
2 24 23.75 -15 -10.83 26.76 -15 -12.07
2 24 42.5 -12.5 12.5 42.5 -12.5 -12.5
2 24 21.16 -15 -8.84 23.75 -15 -10.83
2 24 -15 -12.51 15 15 -27.51 15
2 24 40.83 -20 -6.25 42.07 -20 -3.24
2 24 17.5 -15.01 -35 17.5 -15 -15
5 24 38.84 -20 -8.84 38.84 -15 -8.84 36.25 -20 -10.83 40.83 -20 -6.25
5 24 30 -20 -12.5 30 -15 -12.5 33.24 -15 -12.07 26.76 -20 -12.07
2 24 40.83 -20 6.25 42.07 -20 3.24
2 24 17.93 -20 3.24 19.17 -20 6.25
5 24 36.25 -20 -10.83 36.25 -15 -10.83 33.24 -20 -12.07 38.84 -15 -8.84
2 24 17.5 -20 0 17.93 -20 -3.24
2 24 12.5 -13.76 -15 12.5 -13.76 -35
2 24 -15 0 15 45 0 15
2 24 -12.5 -12.5 12.5 12.5 -12.5 12.5
2 24 38.84 -20 8.84 40.83 -20 6.25
5 24 19.17 -20 -6.25 19.17 -15 -6.25 17.93 -15 -3.24 21.16 -20 -8.84
5 24 19.17 -20 6.25 19.17 -15 6.25 21.16 -15 8.84 17.93 -20 3.24
2 24 17.5 -15 0 17.93 -15 -3.24
2 24 26.76 -20 12.07 30 -20 12.5
2 24 19.17 -20 6.25 21.16 -20 8.84
5 24 42.07 -20 3.24 42.07 -15 3.24 42.5 -15 0 40.83 -20 6.25
2 24 15 -15.01 -35 15 -15 15
2 24 12.5 0 -12.5 12.5 0 12.5
2 24 -15 0 -45 15 -15.01 -45
2 24 -15 -12.51 15 -15 0 15
2 24 -12.5 -12.5 -12.5 -12.5 0 -12.5
2 24 17.5 -20 0 17.93 -20 3.24
2 24 17.5 -12.5 12.5 42.5 -12.5 12.5
2 24 15 -15.01 -35 17.5 -15.01 -35
2 24 21.16 -20 8.84 23.75 -20 10.83
2 24 17.5 -12.5 12.5 17.5 0 12.5
2 24 45 0 -15 45 0 15
2 24 -12.5 0 -12.5 -12.5 0 12.5
5 24 26.76 -20 12.07 26.76 -15 12.07 30 -20 12.5 23.75 -15 10.83
2 24 17.93 -15 -3.24 19.17 -15 -6.25
5 24 15 -15 15 17.5 -15 -15 45 -15 15 15 -15.01 -35
5 24 12.5 0 -15 17.5 0 -15 12.5 0 -35 12.5 0 -12.5
2 24 26.76 -20 -12.07 30 -20 -12.5
2 24 17.5 -12.5 -12.5 42.5 -12.5 -12.5
2 24 15 -27.51 15 15 -15 15
2 24 17.93 -20 -3.24 19.17 -20 -6.25
2 24 17.5 -12.5 -12.5 17.5 0 -12.5
5 24 30 -20 12.5 30 -15 12.5 33.24 -20 12.07 26.76 -15 12.07
2 24 17.5 -15 0 17.93 -15 3.24
2 24 21.16 -20 -8.84 23.75 -20 -10.83
2 24 -12.5 -12.5 -12.5 12.5 -12.5 -12.5
2 24 15 -15.01 -45 15 -15.01 -35
2 24 33.24 -15 -12.07 36.25 -15 -10.83
5 24 -15 0 -45 12.5 -13.76 -35 -15 0 -15 15 -15.01 -45
2 24 36.25 -20 10.83 38.84 -20 8.84
2 24 15 -27.51 -45 15 -15.01 -45
2 24 30 -20 12.5 33.24 -20 12.07
2 24 30 -20 -12.5 33.24 -20 -12.07
5 24 40.83 -20 6.25 40.83 -15 6.25 42.07 -15 3.24 38.84 -20 8.84
5 24 36.25 -20 10.83 36.25 -15 10.83 38.84 -20 8.84 33.24 -15 12.07
2 24 33.24 -20 -12.07 36.25 -20 -10.83
2 24 -12.5 -12.5 12.5 -12.5 0 12.5
2 24 19.17 -15 6.25 21.16 -15 8.84
2 24 17.5 0 -12.5 17.5 0 12.5
2 24 40.83 -15 6.25 42.07 -15 3.24
2 24 42.07 -20 3.24 42.5 -20 0
2 24 12.5 -12.5 12.5 12.5 0 12.5
2 24 33.24 -15 12.07 36.25 -15 10.83
5 24 17.5 -20 0 17.5 -15 0 17.93 -15 3.24 17.93 -20 -3.24
2 24 36.25 -15 -10.83 38.84 -15 -8.84
5 24 23.75 -20 -10.83 23.75 -15 -10.83 21.16 -20 -8.84 26.76 -15 -12.07
2 24 17.5 0 -12.5 42.5 0 -12.5
2 24 33.24 -20 12.07 36.25 -20 10.83
2 24 -15 0 -15 12.5 0 -15
2 24 -12.5 0 -12.5 12.5 0 -12.5
2 24 26.76 -15 12.07 30 -15 12.5
5 24 21.16 -20 -8.84 21.16 -15 -8.84 19.17 -15 -6.25 23.75 -15 -10.83
5 24 26.76 -20 -12.07 26.76 -15 -12.07 30 -15 -12.5 23.75 -20 -10.83
2 24 12.5 0 -35 17.5 0 -35
2 24 12.5 -13.76 -15 12.5 0 -15
2 24 17.5 0 -15 17.5 0 -35
2 24 -12.5 0 12.5 12.5 0 12.5
2 24 38.84 -15 8.84 40.83 -15 6.25
2 24 15 -15 15 45 -15 15
5 24 33.24 -20 12.07 33.24 -15 12.07 36.25 -20 10.83 30 -15 12.5
2 24 26.76 -15 -12.07 30 -15 -12.5
5 24 33.24 -20 -12.07 33.24 -15 -12.07 30 -20 -12.5 36.25 -15 -10.83
2 24 -15 -12.51 -45 -15 0 -45
2 24 42.5 0 -12.5 42.5 0 12.5
2 24 30 -15 -12.5 33.24 -15 -12.07
2 24 42.07 -15 -3.24 42.5 -15 0
2 24 -15 0 -15 12.5 -13.76 -15
2 24 17.93 -15 3.24 19.17 -15 6.25
2 24 -12.5 -12.5 12.5 -12.5 -12.5 -12.5
2 24 23.75 -20 -10.83 26.76 -20 -12.07
2 24 -15 0 -15 -15 0 15
2 24 17.5 0 12.5 42.5 0 12.5
2 24 -15 0 -45 -15 0 -15
2 24 38.84 -20 -8.84 40.83 -20 -6.25
2 24 12.5 -13.76 -35 15 -15.01 -35
2 24 17.5 0 -15 45 0 -15
5 24 17.93 -20 -3.24 17.93 -15 -3.24 17.5 -15 0 19.17 -20 -6.25
2 24 17.5 -12.5 12.5 17.5 -12.5 -12.5
5 24 23.75 -20 10.83 23.75 -15 10.83 26.76 -20 12.07 21.16 -15 8.84
2 24 45 -15 -15 45 0 -15
5 24 42.07 -20 -3.24 42.07 -15 -3.24 40.83 -15 -6.25 42.5 -20 0
2 24 19.17 -20 -6.25 21.16 -20 -8.84
5 24 17.93 -20 3.24 17.93 -15 3.24 19.17 -15 6.25 17.5 -20 0
2 24 12.5 -12.5 -12.5 12.5 0 -12.5
2 24 42.07 -20 -3.24 42.5 -20 0
2 24 30 -15 12.5 33.24 -15 12.07
2 24 17.5 -15.01 -35 17.5 0 -35
2 24 23.75 -20 10.83 26.76 -20 12.07
5 24 40.83 -20 -6.25 40.83 -15 -6.25 38.84 -15 -8.84 42.07 -20 -3.24
2 24 17.5 -15 -15 17.5 0 -15
2 24 12.5 -13.76 -35 12.5 0 -35
2 24 36.25 -20 -10.83 38.84 -20 -8.84
2 24 21.16 -15 8.84 23.75 -15 10.83
5 24 38.84 -20 8.84 38.84 -15 8.84 40.83 -15 6.25 36.25 -15 10.83
5 24 21.16 -20 8.84 21.16 -15 8.84 23.75 -20 10.83 19.17 -20 6.25
2 24 23.75 -15 10.83 26.76 -15 12.07
