0 Tejado 1 punto B    :X
0 Name: tejado1b.dat
0 Author: rosaspage
0 !LDRAW_ORG Unofficial_Part
0 BFC CERTIFY CCW
3 16 45 0 15 45 -12.51 15 45 0 -15
3 16 17.5 -13.76 -15 17.5 0 -15 45 0 -15
3 16 17.5 -13.76 -35 15 -15.01 -45 15 -15.01 -35
3 16 17.5 -13.76 -15 45 0 -15 17.5 -13.76 -35
3 16 15 -15 15 15 -15.01 -35 15 -27.51 15
3 16 0 -15 -12.5 0 -20 -12.5 -3.24 -15 -12.07
3 16 0 -20 -12.5 0 -15 -12.5 3.24 -20 -12.07
3 16 3.24 -15 -12.07 3.24 -20 -12.07 0 -15 -12.5
3 16 3.24 -20 -12.07 3.24 -15 -12.07 6.25 -20 -10.83
3 16 6.25 -15 -10.83 6.25 -20 -10.83 3.24 -15 -12.07
3 16 6.25 -20 -10.83 6.25 -15 -10.83 8.84 -20 -8.84
3 16 8.84 -15 -8.84 8.84 -20 -8.84 6.25 -15 -10.83
3 16 8.84 -15 -8.84 10.83 -15 -6.25 8.84 -20 -8.84
3 16 10.83 -20 -6.25 8.84 -20 -8.84 10.83 -15 -6.25
3 16 -10.83 -20 -6.25 -12.07 -20 -3.24 -10.83 -15 -6.25
3 16 -12.07 -15 -3.24 -10.83 -15 -6.25 -12.07 -20 -3.24
3 16 -3.24 -15 -12.07 -3.24 -20 -12.07 -6.25 -15 -10.83
3 16 -3.24 -20 -12.07 -3.24 -15 -12.07 0 -20 -12.5
3 16 0 -20 -12.5 3.24 -20 -12.07 -3.24 -20 -12.07
3 16 -6.25 -20 -10.83 -3.24 -20 -12.07 3.24 -20 -12.07
3 16 -6.25 -20 -10.83 -6.25 -15 -10.83 -3.24 -20 -12.07
3 16 -6.25 -15 -10.83 -6.25 -20 -10.83 -8.84 -15 -8.84
3 16 -8.84 -20 -8.84 -8.84 -15 -8.84 -6.25 -20 -10.83
3 16 -8.84 -20 -8.84 -10.83 -20 -6.25 -8.84 -15 -8.84
3 16 -10.83 -15 -6.25 -8.84 -15 -8.84 -10.83 -20 -6.25
3 16 -12.07 -20 -3.24 -12.5 -20 0 -12.07 -15 -3.24
3 16 12.07 -20 -3.24 10.83 -20 -6.25 12.07 -15 -3.24
3 16 10.83 -15 -6.25 12.07 -15 -3.24 10.83 -20 -6.25
3 16 12.07 -15 -3.24 12.5 -15 0 12.07 -20 -3.24
3 16 12.5 -15 0 12.07 -15 3.24 12.5 -20 0
3 16 12.07 -20 3.24 12.5 -20 0 12.07 -15 3.24
3 16 -12.07 -20 3.24 -10.83 -20 6.25 -12.07 -15 3.24
3 16 -10.83 -15 6.25 -12.07 -15 3.24 -10.83 -20 6.25
3 16 -10.83 -20 6.25 -8.84 -20 8.84 -10.83 -15 6.25
3 16 10.83 -20 6.25 12.07 -20 3.24 10.83 -15 6.25
3 16 12.07 -15 3.24 10.83 -15 6.25 12.07 -20 3.24
3 16 10.83 -15 6.25 8.84 -15 8.84 10.83 -20 6.25
3 16 8.84 -20 8.84 10.83 -20 6.25 8.84 -15 8.84
3 16 -6.25 -20 10.83 -6.25 -15 10.83 -8.84 -20 8.84
3 16 -6.25 -15 10.83 -6.25 -20 10.83 -3.24 -15 12.07
3 16 -3.24 -20 12.07 -3.24 -15 12.07 -6.25 -20 10.83
3 16 -3.24 -15 12.07 -3.24 -20 12.07 0 -15 12.5
3 16 0 -20 12.5 0 -15 12.5 -3.24 -20 12.07
3 16 0 -15 12.5 0 -20 12.5 3.24 -15 12.07
3 16 3.24 -20 12.07 3.24 -15 12.07 0 -20 12.5
3 16 3.24 -15 12.07 3.24 -20 12.07 6.25 -15 10.83
3 16 6.25 -20 10.83 6.25 -15 10.83 3.24 -20 12.07
3 16 6.25 -15 10.83 6.25 -20 10.83 8.84 -15 8.84
3 16 8.84 -20 8.84 8.84 -15 8.84 6.25 -20 10.83
3 16 3.24 -20 12.07 -3.24 -20 12.07 6.25 -20 10.83
3 16 0 -20 12.5 -3.24 -20 12.07 3.24 -20 12.07
3 16 -8.84 -15 8.84 -8.84 -20 8.84 -6.25 -15 10.83
3 16 -8.84 -15 8.84 -10.83 -15 6.25 -8.84 -20 8.84
3 16 -12.07 -15 3.24 -12.5 -15 0 -12.07 -20 3.24
3 16 -12.5 -20 0 -12.07 -20 3.24 -12.5 -15 0
3 16 12.5 -20 0 12.07 -20 -3.24 12.5 -15 0
3 16 -12.5 -15 0 -12.07 -15 -3.24 -12.5 -20 0
3 16 12.5 -15.01 -35 12.5 0 -35 15 -15.01 -35
4 16 -15 -15 15 -15 -15 -15 12.5 -15 -15 15 -15 15
4 16 -15 0 15 -15 0 -15 -15 -15 -15 -15 -15 15
4 16 -15 -15 -15 -15 0 -15 12.5 0 -15 12.5 -15 -15
4 16 15 -27.51 -45 15 -27.51 15 15 -15.01 -35 15 -15.01 -45
4 16 45 -12.51 15 15 -27.51 15 15 -27.51 -45 45 -12.51 -45
4 16 12.5 0 -15 12.5 0 -35 12.5 -15.01 -35 12.5 -15 -15
4 16 15 -15 15 12.5 -15 -15 12.5 -15.01 -35 15 -15.01 -35
4 16 45 0 -45 45 -12.51 -45 15 -27.51 -45 15 -15.01 -45
4 16 -8.84 -20 -8.84 -6.25 -20 -10.83 3.24 -20 -12.07 6.25 -20 -10.83
4 16 -10.83 -20 -6.25 -8.84 -20 -8.84 6.25 -20 -10.83 8.84 -20 -8.84
4 16 8.84 -20 -8.84 10.83 -20 -6.25 -12.07 -20 -3.24 -10.83 -20 -6.25
4 16 -12.5 -20 0 -12.07 -20 -3.24 10.83 -20 -6.25 12.07 -20 -3.24
4 16 -12.07 -20 3.24 -12.5 -20 0 12.07 -20 -3.24 12.5 -20 0
4 16 12.5 -20 0 12.07 -20 3.24 -10.83 -20 6.25 -12.07 -20 3.24
4 16 -8.84 -20 8.84 -10.83 -20 6.25 12.07 -20 3.24 10.83 -20 6.25
4 16 10.83 -20 6.25 8.84 -20 8.84 -6.25 -20 10.83 -8.84 -20 8.84
4 16 8.84 -20 8.84 6.25 -20 10.83 -3.24 -20 12.07 -6.25 -20 10.83
4 16 17.5 -13.76 -35 15 -15.01 -35 12.5 0 -35 17.5 0 -35
4 16 -12.5 0 -12.5 -12.5 0 12.5 -12.5 -12.5 12.5 -12.5 -12.5 -12.5
4 16 17.5 0 -12.5 17.5 0 12.5 17.5 -12.5 12.5 17.5 -12.5 -12.5
4 16 45 -12.51 -45 45 0 -45 45 0 -15 45 -12.51 15
4 16 17.5 0 -15 17.5 -13.76 -15 17.5 -13.76 -35 17.5 0 -35
4 16 -15 0 15 -15 -15 15 15 -15 15 45 0 15
4 16 45 -12.51 15 45 0 15 15 -15 15 15 -27.51 15
4 16 12.5 0 12.5 17.5 0 12.5 17.5 0 -12.5 12.5 0 -12.5
4 16 12.5 0 -15 17.5 0 -15 17.5 0 -35 12.5 0 -35
4 16 -15 0 -15 -15 0 15 -12.5 0 12.5 -12.5 0 -12.5
4 16 42.5 0 12.5 45 0 15 45 0 -15 42.5 0 -12.5
4 16 -12.5 -12.5 12.5 -12.5 0 12.5 12.5 0 12.5 12.5 -12.5 12.5
4 16 -12.5 -12.5 12.5 12.5 -12.5 12.5 12.5 -12.5 -12.5 -12.5 -12.5 -12.5
4 16 12.5 0 12.5 12.5 0 -12.5 12.5 -12.5 -12.5 12.5 -12.5 12.5
4 16 17.5 -12.5 12.5 17.5 0 12.5 42.5 0 12.5 42.5 -12.5 12.5
4 16 42.5 -12.5 12.5 42.5 0 12.5 42.5 0 -12.5 42.5 -12.5 -12.5
4 16 17.5 -13.76 -35 45 0 -15 45 0 -45 15 -15.01 -45
4 16 17.5 -12.5 12.5 42.5 -12.5 12.5 42.5 -12.5 -12.5 17.5 -12.5 -12.5
3 16 -12.5 0 12.5 -15 0 15 12.5 0 12.5
3 16 45 0 15 42.5 0 12.5 17.5 0 12.5
4 16 12.5 0 12.5 -15 0 15 45 0 15 17.5 0 12.5
4 16 -15 0 -15 -12.5 0 -12.5 12.5 0 -12.5 12.5 0 -15
4 16 12.5 0 -12.5 17.5 0 -12.5 17.5 0 -15 12.5 0 -15
4 16 45 0 -15 17.5 0 -15 17.5 0 -12.5 42.5 0 -12.5
4 16 -12.5 0 -12.5 -12.5 -12.5 -12.5 12.5 -12.5 -12.5 12.5 0 -12.5
4 16 17.5 0 -12.5 17.5 -12.5 -12.5 42.5 -12.5 -12.5 42.5 0 -12.5
2 24 -12.5 -15 0 -12.07 -15 -3.24
5 24 10.83 -20 6.25 10.83 -15 6.25 12.07 -20 3.24 8.84 -15 8.84
5 24 -8.84 -20 8.84 -8.84 -15 8.84 -6.25 -15 10.83 -10.83 -15 6.25
2 24 42.5 -12.5 12.5 42.5 0 12.5
5 24 12.5 -20 0 12.5 -15 0 12.07 -15 3.24 12.07 -20 -3.24
2 24 -12.07 -15 -3.24 -10.83 -15 -6.25
2 24 12.5 -12.5 12.5 12.5 0 12.5
2 24 -3.24 -20 -12.07 0 -20 -12.5
5 24 0 -20 -12.5 0 -15 -12.5 -3.24 -15 -12.07 3.24 -20 -12.07
2 24 45 -12.51 15 45 -12.51 -45
2 24 -8.84 -15 8.84 -6.25 -15 10.83
2 24 -12.5 -12.5 -12.5 -12.5 0 -12.5
2 24 45 0 -45 45 0 -15
2 24 0 -15 12.5 3.24 -15 12.07
2 24 6.25 -20 -10.83 8.84 -20 -8.84
2 24 42.5 -12.5 -12.5 42.5 0 -12.5
2 24 -12.5 -12.5 12.5 -12.5 0 12.5
2 24 6.25 -15 10.83 8.84 -15 8.84
2 24 -12.5 -12.5 12.5 -12.5 -12.5 -12.5
2 24 12.5 -15.01 -35 12.5 -15 -15
2 24 -15 -15 15 15 -15 15
2 24 0 -20 12.5 3.24 -20 12.07
2 24 12.5 -15.01 -35 12.5 0 -35
2 24 -3.24 -15 12.07 0 -15 12.5
2 24 12.5 -15 -15 12.5 0 -15
2 24 17.5 -13.76 -15 17.5 -13.76 -35
2 24 -15 0 15 45 0 15
2 24 45 -12.51 -45 45 0 -45
5 24 8.84 -20 -8.84 8.84 -15 -8.84 6.25 -15 -10.83 10.83 -15 -6.25
2 24 -12.07 -20 3.24 -10.83 -20 6.25
2 24 42.5 0 -12.5 42.5 0 12.5
5 24 3.24 -20 -12.07 3.24 -15 -12.07 0 -15 -12.5 6.25 -20 -10.83
2 24 3.24 -15 12.07 6.25 -15 10.83
5 24 0 -20 12.5 0 -15 12.5 -3.24 -20 12.07 3.24 -15 12.07
2 24 15 -15.01 -45 45 0 -45
5 24 -12.07 -20 3.24 -12.07 -15 3.24 -10.83 -20 6.25 -12.5 -15 0
2 24 3.24 -15 -12.07 6.25 -15 -10.83
2 24 17.5 -12.5 -12.5 42.5 -12.5 -12.5
5 24 -3.24 -20 12.07 -3.24 -15 12.07 -6.25 -20 10.83 0 -15 12.5
2 24 45 0 -15 45 0 15
2 24 3.24 -20 -12.07 6.25 -20 -10.83
2 24 15 -27.51 15 15 -15 15
2 24 15 -15.01 -35 15 -15 15
2 24 12.5 -12.5 12.5 12.5 -12.5 -12.5
2 24 12.5 0 -12.5 12.5 0 12.5
2 24 -12.07 -20 -3.24 -10.83 -20 -6.25
2 24 10.83 -20 6.25 12.07 -20 3.24
2 24 17.5 -12.5 12.5 42.5 -12.5 12.5
2 24 -12.5 0 -12.5 12.5 0 -12.5
2 24 -12.5 -12.5 -12.5 12.5 -12.5 -12.5
5 24 8.84 -20 8.84 8.84 -15 8.84 10.83 -20 6.25 6.25 -20 10.83
2 24 -12.5 -20 0 -12.07 -20 -3.24
2 24 -12.5 0 12.5 12.5 0 12.5
2 24 8.84 -15 8.84 10.83 -15 6.25
2 24 12.07 -15 -3.24 12.5 -15 0
2 24 12.07 -20 -3.24 12.5 -20 0
5 24 3.24 -20 12.07 3.24 -15 12.07 0 -20 12.5 6.25 -15 10.83
2 24 3.24 -20 12.07 6.25 -20 10.83
2 24 -10.83 -20 6.25 -8.84 -20 8.84
5 24 -6.25 -20 10.83 -6.25 -15 10.83 -8.84 -20 8.84 -3.24 -15 12.07
2 24 12.5 -15.01 -35 15 -15.01 -35
2 24 17.5 -13.76 -35 17.5 0 -35
5 24 -12.07 -20 -3.24 -12.07 -15 -3.24 -10.83 -15 -6.25 -12.5 -20 0
2 24 -3.24 -20 12.07 0 -20 12.5
2 24 10.83 -20 -6.25 12.07 -20 -3.24
2 24 6.25 -20 10.83 8.84 -20 8.84
2 24 17.5 0 -12.5 17.5 0 12.5
2 24 -3.24 -15 -12.07 0 -15 -12.5
2 24 -6.25 -20 10.83 -3.24 -20 12.07
2 24 12.07 -15 3.24 12.5 -15 0
2 24 15 -15.01 -35 17.5 -13.76 -35
2 24 6.25 -15 -10.83 8.84 -15 -8.84
2 24 15 -27.51 -45 45 -12.51 -45
5 24 -10.83 -20 -6.25 -10.83 -15 -6.25 -12.07 -20 -3.24 -8.84 -15 -8.84
5 24 10.83 -20 -6.25 10.83 -15 -6.25 8.84 -20 -8.84 12.07 -15 -3.24
2 24 15 -27.51 -45 15 -27.51 15
2 24 10.83 -15 6.25 12.07 -15 3.24
2 24 -15 -15 -15 12.5 -15 -15
5 24 12.5 -15 -15 15 -15 15 -15 -15 -15 12.5 -15.01 -35
2 24 -15 0 -15 12.5 0 -15
2 24 8.84 -20 8.84 10.83 -20 6.25
2 24 -12.07 -15 3.24 -10.83 -15 6.25
2 24 -12.5 -20 0 -12.07 -20 3.24
2 24 -12.5 -15 0 -12.07 -15 3.24
2 24 10.83 -15 -6.25 12.07 -15 -3.24
2 24 -12.5 -12.5 12.5 12.5 -12.5 12.5
2 24 15 -27.51 -45 15 -15.01 -45
2 24 17.5 0 -15 17.5 0 -35
2 24 8.84 -15 -8.84 10.83 -15 -6.25
5 24 -8.84 -20 -8.84 -8.84 -15 -8.84 -6.25 -20 -10.83 -10.83 -20 -6.25
2 24 15 -27.51 15 45 -12.51 15
2 24 -8.84 -20 -8.84 -6.25 -20 -10.83
5 24 -12.5 -20 0 -12.5 -15 0 -12.07 -20 3.24 -12.07 -15 -3.24
2 24 -6.25 -15 -10.83 -3.24 -15 -12.07
5 24 6.25 -20 10.83 6.25 -15 10.83 3.24 -20 12.07 8.84 -15 8.84
2 24 -10.83 -15 6.25 -8.84 -15 8.84
2 24 -12.5 0 -12.5 -12.5 0 12.5
5 24 6.25 -20 -10.83 6.25 -15 -10.83 3.24 -15 -12.07 8.84 -20 -8.84
2 24 -15 -15 15 -15 0 15
2 24 45 -12.51 15 45 0 15
2 24 12.5 0 -15 12.5 0 -35
2 24 0 -20 -12.5 3.24 -20 -12.07
2 24 -10.83 -15 -6.25 -8.84 -15 -8.84
2 24 42.5 -12.5 12.5 42.5 -12.5 -12.5
2 24 17.5 0 -15 45 0 -15
5 24 -10.83 -20 6.25 -10.83 -15 6.25 -12.07 -15 3.24 -8.84 -20 8.84
2 24 -15 0 -15 -15 0 15
2 24 8.84 -20 -8.84 10.83 -20 -6.25
5 24 12.07 -20 -3.24 12.07 -15 -3.24 10.83 -20 -6.25 12.5 -15 0
2 24 17.5 -12.5 -12.5 17.5 0 -12.5
5 24 -3.24 -20 -12.07 -3.24 -15 -12.07 -6.25 -15 -10.83 0 -20 -12.5
2 24 17.5 -12.5 12.5 17.5 0 12.5
2 24 -15 -15 15 -15 -15 -15
5 24 -6.25 -20 -10.83 -6.25 -15 -10.83 -3.24 -20 -12.07 -8.84 -15 -8.84
2 24 17.5 -13.76 -15 45 0 -15
2 24 0 -15 -12.5 3.24 -15 -12.07
2 24 17.5 -12.5 12.5 17.5 -12.5 -12.5
2 24 15 -15.01 -45 15 -15.01 -35
2 24 -10.83 -20 -6.25 -8.84 -20 -8.84
2 24 17.5 -13.76 -15 17.5 0 -15
2 24 -6.25 -20 -10.83 -3.24 -20 -12.07
2 24 17.5 0 12.5 42.5 0 12.5
2 24 -15 -15 -15 -15 0 -15
2 24 -8.84 -20 8.84 -6.25 -20 10.83
2 24 -6.25 -15 10.83 -3.24 -15 12.07
2 24 -8.84 -15 -8.84 -6.25 -15 -10.83
2 24 12.5 0 -35 17.5 0 -35
2 24 12.07 -20 3.24 12.5 -20 0
5 24 12.07 -20 3.24 12.07 -15 3.24 12.5 -20 0 10.83 -15 6.25
2 24 12.5 -12.5 -12.5 12.5 0 -12.5
2 24 17.5 0 -12.5 42.5 0 -12.5
