0 EtiqueDark Telefono
0 Name: telefono.dat
0 Author: cpcbegin
0 !LDRAW_ORG Unofficial_Part
0 BFC CERTIFY CW

4 15 59.333 -22.061 0 56 -22.061 0 56 -21.818 0 59.333 -21.818 0
4 15 60.667 -21.818 0 55 -21.818 0 55 -21.576 0 60.667 -21.576 0
4 15 61.333 -21.576 0 55 -21.576 0 55 -21.333 0 61.333 -21.333 0
4 15 62 -21.333 0 55 -21.333 0 55 -21.091 0 62 -21.091 0
4 15 92 -21.818 0 85.333 -21.818 0 85.333 -20.848 0 92 -20.848 0
4 15 62.333 -21.091 0 55 -21.091 0 55 -20.848 0 62.333 -20.848 0
4 15 91 -20.848 0 85.333 -20.848 0 85.333 -20.606 0 91 -20.606 0
4 15 62.667 -20.848 0 55 -20.848 0 55 -20.606 0 62.667 -20.606 0
4 15 63 -20.606 0 58.333 -20.606 0 58.333 -20.364 0 63 -20.364 0
4 15 57 -20.606 0 55 -20.606 0 55 -20.364 0 57 -20.364 0
4 15 56.667 -20.364 0 55 -20.364 0 55 -20.121 0 56.667 -20.121 0
4 15 63.333 -20.364 0 58.667 -20.364 0 58.667 -19.879 0 63.333 -19.879 0
4 15 63.667 -19.879 0 59 -19.879 0 59 -19.394 0 63.667 -19.394 0
4 15 64 -19.394 0 59 -19.394 0 59 -19.152 0 64 -19.152 0
4 15 56.333 -20.121 0 55 -20.121 0 55 -19.152 0 56.333 -19.152 0
4 15 56 -19.152 0 55 -19.152 0 55 -18.909 0 56 -18.909 0
4 15 64 -19.152 0 59.333 -19.152 0 59.333 -18.424 0 64 -18.424 0
4 15 115.333 -18.424 0 112.667 -18.424 0 112.667 -18.182 0 115.333 -18.182 0
4 15 115.667 -18.182 0 112.667 -18.182 0 112.667 -17.697 0 115.667 -17.697 0
4 15 116 -17.697 0 112.667 -17.697 0 112.667 -17.212 0 116 -17.212 0
4 15 116.333 -17.212 0 112.667 -17.212 0 112.667 -16.727 0 116.333 -16.727 0
4 15 116.667 -16.727 0 112.667 -16.727 0 112.667 -16.242 0 116.667 -16.242 0
4 15 117 -16.242 0 112.667 -16.242 0 112.667 -16 0 117 -16 0
4 15 117.333 -16 0 112.667 -16 0 112.667 -15.758 0 117.333 -15.758 0
4 15 101.667 -16 0 98 -16 0 98 -15.758 0 101.667 -15.758 0
4 15 76 -16 0 72.333 -16 0 72.333 -15.758 0 76 -15.758 0
4 15 64.333 -18.424 0 59.333 -18.424 0 59.333 -15.758 0 64.333 -15.758 0
4 15 48 -16 0 44.333 -16 0 44.333 -15.758 0 48 -15.758 0
4 15 25.667 -16 0 23 -16 0 23 -15.758 0 25.667 -15.758 0
4 15 10.667 -16 0 7 -16 0 7 -15.758 0 10.667 -15.758 0
4 15 118 -15.758 0 109.333 -15.758 0 109.333 -15.515 0 118 -15.515 0
4 15 103 -15.758 0 97 -15.758 0 97 -15.515 0 103 -15.515 0
4 15 77.333 -15.758 0 71.333 -15.758 0 71.333 -15.515 0 77.333 -15.515 0
4 15 65.333 -15.758 0 56 -15.758 0 56 -15.515 0 65.333 -15.515 0
4 15 49.333 -15.758 0 43 -15.758 0 43 -15.515 0 49.333 -15.515 0
4 15 26.667 -15.758 0 22 -15.758 0 22 -15.515 0 26.667 -15.515 0
4 15 12 -15.758 0 5.667 -15.758 0 5.667 -15.515 0 12 -15.515 0
4 15 120 -24 0 119.667 -24 0 119.667 -15.273 0 120 -15.273 0
4 15 119.333 -15.515 0 109.333 -15.515 0 109.333 -15.273 0 119.333 -15.273 0
4 15 103.667 -15.515 0 96.333 -15.515 0 96.333 -15.273 0 103.667 -15.273 0
4 15 78 -15.515 0 70.667 -15.515 0 70.667 -15.273 0 78 -15.273 0
4 15 50 -15.515 0 42.333 -15.515 0 42.333 -15.273 0 50 -15.273 0
4 15 36.333 -15.758 0 30 -15.758 0 30 -15.273 0 36.333 -15.273 0
4 15 27.667 -15.515 0 21.333 -15.515 0 21.333 -15.273 0 27.667 -15.273 0
4 15 12.667 -15.515 0 5 -15.515 0 5 -15.273 0 12.667 -15.273 0
4 15 104 -15.273 0 95.667 -15.273 0 95.667 -15.03 0 104 -15.03 0
4 15 78.333 -15.273 0 70 -15.273 0 70 -15.03 0 78.333 -15.03 0
4 15 50.667 -15.273 0 41.667 -15.273 0 41.667 -15.03 0 50.667 -15.03 0
4 15 28.333 -15.273 0 21 -15.273 0 21 -15.03 0 28.333 -15.03 0
4 15 13.333 -15.273 0 4.333 -15.273 0 4.333 -15.03 0 13.333 -15.03 0
4 15 104.667 -15.03 0 95.333 -15.03 0 95.333 -14.788 0 104.667 -14.788 0
4 15 79 -15.03 0 69.667 -15.03 0 69.667 -14.788 0 79 -14.788 0
4 15 51 -15.03 0 41 -15.03 0 41 -14.788 0 51 -14.788 0
4 15 36.333 -15.273 0 29.667 -15.273 0 29.667 -14.788 0 36.333 -14.788 0
4 15 29 -15.03 0 20.667 -15.03 0 20.667 -14.788 0 29 -14.788 0
4 15 13.667 -15.03 0 3.667 -15.03 0 3.667 -14.788 0 13.667 -14.788 0
4 15 120 -15.273 0 109.333 -15.273 0 109.333 -14.545 0 120 -14.545 0
4 15 105 -14.788 0 100.667 -14.788 0 100.667 -14.545 0 105 -14.545 0
4 15 99.333 -14.788 0 95 -14.788 0 95 -14.545 0 99.333 -14.545 0
4 15 79.333 -14.788 0 75 -14.788 0 75 -14.545 0 79.333 -14.545 0
4 15 73.667 -14.788 0 69.333 -14.788 0 69.333 -14.545 0 73.667 -14.545 0
4 15 66.667 -15.515 0 56 -15.515 0 56 -14.545 0 66.667 -14.545 0
4 15 51.667 -14.788 0 47 -14.788 0 47 -14.545 0 51.667 -14.545 0
4 15 45.333 -14.788 0 40.667 -14.788 0 40.667 -14.545 0 45.333 -14.545 0
4 15 35.333 -14.788 0 20.333 -14.788 0 20.333 -14.545 0 35.333 -14.545 0
4 15 14.333 -14.788 0 9.667 -14.788 0 9.667 -14.545 0 14.333 -14.545 0
4 15 8 -14.788 0 3.333 -14.788 0 3.333 -14.545 0 8 -14.545 0
4 15 105.333 -14.545 0 101 -14.545 0 101 -14.303 0 105.333 -14.303 0
4 15 99 -14.545 0 95 -14.545 0 95 -14.303 0 99 -14.303 0
4 15 79.667 -14.545 0 75.333 -14.545 0 75.333 -14.303 0 79.667 -14.303 0
4 15 73.333 -14.545 0 69.333 -14.545 0 69.333 -14.303 0 73.333 -14.303 0
4 15 52 -14.545 0 47.667 -14.545 0 47.667 -14.303 0 52 -14.303 0
4 15 45 -14.545 0 40.333 -14.545 0 40.333 -14.303 0 45 -14.303 0
4 15 34.667 -14.545 0 20.333 -14.545 0 20.333 -14.303 0 34.667 -14.303 0
4 15 14.667 -14.545 0 10.333 -14.545 0 10.333 -14.303 0 14.667 -14.303 0
4 15 7.667 -14.545 0 3 -14.545 0 3 -14.303 0 7.667 -14.303 0
4 15 98.667 -14.303 0 94.667 -14.303 0 94.667 -14.061 0 98.667 -14.061 0
4 15 73 -14.303 0 69 -14.303 0 69 -14.061 0 73 -14.061 0
4 15 52 -14.303 0 48 -14.303 0 48 -14.061 0 52 -14.061 0
4 15 44.667 -14.303 0 40.333 -14.303 0 40.333 -14.061 0 44.667 -14.061 0
4 15 34.667 -14.303 0 28.333 -14.303 0 28.333 -14.061 0 34.667 -14.061 0
4 15 26 -14.303 0 20 -14.303 0 20 -14.061 0 26 -14.061 0
4 15 14.667 -14.303 0 10.667 -14.303 0 10.667 -14.061 0 14.667 -14.061 0
4 15 7.333 -14.303 0 3 -14.303 0 3 -14.061 0 7.333 -14.061 0
4 15 105.667 -14.303 0 101.333 -14.303 0 101.333 -13.818 0 105.667 -13.818 0
4 15 80 -14.303 0 75.667 -14.303 0 75.667 -13.818 0 80 -13.818 0
4 15 52.333 -14.061 0 48 -14.061 0 48 -13.818 0 52.333 -13.818 0
4 15 44.333 -14.061 0 40 -14.061 0 40 -13.818 0 44.333 -13.818 0
4 15 34.667 -14.061 0 29.333 -14.061 0 29.333 -13.818 0 34.667 -13.818 0
4 15 25.667 -14.061 0 20 -14.061 0 20 -13.818 0 25.667 -13.818 0
4 15 15 -14.061 0 10.667 -14.061 0 10.667 -13.818 0 15 -13.818 0
4 15 7 -14.061 0 2.667 -14.061 0 2.667 -13.818 0 7 -13.818 0
4 15 98.667 -14.061 0 94.333 -14.061 0 94.333 -13.576 0 98.667 -13.576 0
4 15 73 -14.061 0 68.667 -14.061 0 68.667 -13.576 0 73 -13.576 0
4 15 44.333 -13.818 0 39.667 -13.818 0 39.667 -13.576 0 44.333 -13.576 0
4 15 25.333 -13.818 0 20 -13.818 0 20 -13.576 0 25.333 -13.576 0
4 15 7 -13.818 0 2.333 -13.818 0 2.333 -13.576 0 7 -13.576 0
4 15 106 -13.818 0 101.667 -13.818 0 101.667 -13.333 0 106 -13.333 0
4 15 98.333 -13.576 0 94.333 -13.576 0 94.333 -13.333 0 98.333 -13.333 0
4 15 80.333 -13.818 0 76 -13.818 0 76 -13.333 0 80.333 -13.333 0
4 15 72.667 -13.576 0 68.667 -13.576 0 68.667 -13.333 0 72.667 -13.333 0
4 15 52.667 -13.818 0 48.333 -13.818 0 48.333 -13.333 0 52.667 -13.333 0
4 15 44 -13.576 0 39.667 -13.576 0 39.667 -13.333 0 44 -13.333 0
4 15 15.333 -13.818 0 11 -13.818 0 11 -13.333 0 15.333 -13.333 0
4 15 6.667 -13.576 0 2.333 -13.576 0 2.333 -13.333 0 6.667 -13.333 0
4 15 106.333 -13.333 0 101.667 -13.333 0 101.667 -13.091 0 106.333 -13.091 0
4 15 80.667 -13.333 0 76 -13.333 0 76 -13.091 0 80.667 -13.091 0
4 15 25 -13.576 0 19.667 -13.576 0 19.667 -13.091 0 25 -13.091 0
4 15 106.333 -13.091 0 102 -13.091 0 102 -12.606 0 106.333 -12.606 0
4 15 80.667 -13.091 0 76.333 -13.091 0 76.333 -12.606 0 80.667 -12.606 0
4 15 53 -13.333 0 48.333 -13.333 0 48.333 -12.606 0 53 -12.606 0
4 15 44 -13.333 0 39.333 -13.333 0 39.333 -12.606 0 44 -12.606 0
4 15 15.667 -13.333 0 11 -13.333 0 11 -12.606 0 15.667 -12.606 0
4 15 6.667 -13.333 0 2 -13.333 0 2 -12.606 0 6.667 -12.606 0
4 15 98.333 -13.333 0 94 -13.333 0 94 -12.364 0 98.333 -12.364 0
4 15 72.667 -13.333 0 68.333 -13.333 0 68.333 -12.364 0 72.667 -12.364 0
4 15 106.667 -12.606 0 102 -12.606 0 102 -11.394 0 106.667 -11.394 0
4 15 81 -12.606 0 76.333 -12.606 0 76.333 -11.394 0 81 -11.394 0
4 15 53.333 -12.606 0 48.667 -12.606 0 48.667 -11.394 0 53.333 -11.394 0
4 15 43.667 -12.606 0 39 -12.606 0 39 -11.394 0 43.667 -11.394 0
4 15 16 -12.606 0 11.333 -12.606 0 11.333 -11.394 0 16 -11.394 0
4 15 6.333 -12.606 0 1.667 -12.606 0 1.667 -11.394 0 6.333 -11.394 0
4 15 107 -11.394 0 102 -11.394 0 102 -10.909 0 107 -10.909 0
4 15 98.333 -12.364 0 93.667 -12.364 0 93.667 -10.909 0 98.333 -10.909 0
4 15 81.333 -11.394 0 76.333 -11.394 0 76.333 -10.909 0 81.333 -10.909 0
4 15 72.667 -12.364 0 68 -12.364 0 68 -10.909 0 72.667 -10.909 0
4 15 107 -10.909 0 93.667 -10.909 0 93.667 -9.697 0 107 -9.697 0
4 15 81.333 -10.909 0 68 -10.909 0 68 -9.697 0 81.333 -9.697 0
4 15 107 -9.697 0 102 -9.697 0 102 -8.242 0 107 -8.242 0
4 15 81.333 -9.697 0 76.333 -9.697 0 76.333 -8.242 0 81.333 -8.242 0
4 15 53.667 -11.394 0 48.667 -11.394 0 48.667 -8.242 0 53.667 -8.242 0
4 15 43.667 -11.394 0 38.667 -11.394 0 38.667 -8.242 0 43.667 -8.242 0
4 15 16.333 -11.394 0 11.333 -11.394 0 11.333 -8.242 0 16.333 -8.242 0
4 15 6.333 -11.394 0 1.333 -11.394 0 1.333 -8.242 0 6.333 -8.242 0
4 15 106.667 -8.242 0 102 -8.242 0 102 -7.515 0 106.667 -7.515 0
4 15 81 -8.242 0 76.333 -8.242 0 76.333 -7.515 0 81 -7.515 0
4 15 43.667 -8.242 0 39 -8.242 0 39 -7.273 0 43.667 -7.273 0
4 15 6.333 -8.242 0 1.667 -8.242 0 1.667 -7.273 0 6.333 -7.273 0
4 15 106.667 -7.515 0 101.667 -7.515 0 101.667 -7.03 0 106.667 -7.03 0
4 15 81 -7.515 0 76 -7.515 0 76 -7.03 0 81 -7.03 0
4 15 53.333 -8.242 0 48.667 -8.242 0 48.667 -7.03 0 53.333 -7.03 0
4 15 44 -7.273 0 39 -7.273 0 39 -7.03 0 44 -7.03 0
4 15 16 -8.242 0 11.333 -8.242 0 11.333 -7.03 0 16 -7.03 0
4 15 6.667 -7.273 0 1.667 -7.273 0 1.667 -7.03 0 6.667 -7.03 0
4 15 106.333 -7.03 0 101.667 -7.03 0 101.667 -6.545 0 106.333 -6.545 0
4 15 80.667 -7.03 0 76 -7.03 0 76 -6.545 0 80.667 -6.545 0
4 15 106.333 -6.545 0 101.333 -6.545 0 101.333 -6.303 0 106.333 -6.303 0
4 15 80.667 -6.545 0 75.667 -6.545 0 75.667 -6.303 0 80.667 -6.303 0
4 15 53 -7.03 0 48.333 -7.03 0 48.333 -6.303 0 53 -6.303 0
4 15 44 -7.03 0 39.333 -7.03 0 39.333 -6.303 0 44 -6.303 0
4 15 15.667 -7.03 0 11 -7.03 0 11 -6.303 0 15.667 -6.303 0
4 15 6.667 -7.03 0 2 -7.03 0 2 -6.303 0 6.667 -6.303 0
4 15 106 -6.303 0 101.333 -6.303 0 101.333 -6.061 0 106 -6.061 0
4 15 80.333 -6.303 0 75.667 -6.303 0 75.667 -6.061 0 80.333 -6.061 0
4 15 44 -6.303 0 39.667 -6.303 0 39.667 -6.061 0 44 -6.061 0
4 15 6.667 -6.303 0 2.333 -6.303 0 2.333 -6.061 0 6.667 -6.061 0
4 15 117.667 -14.545 0 112.667 -14.545 0 112.667 -5.818 0 117.667 -5.818 0
4 15 106 -6.061 0 101 -6.061 0 101 -5.818 0 106 -5.818 0
4 15 80.333 -6.061 0 75.333 -6.061 0 75.333 -5.818 0 80.333 -5.818 0
4 15 52.667 -6.303 0 48.333 -6.303 0 48.333 -5.818 0 52.667 -5.818 0
4 15 44.333 -6.061 0 39.667 -6.061 0 39.667 -5.818 0 44.333 -5.818 0
4 15 15.333 -6.303 0 11 -6.303 0 11 -5.818 0 15.333 -5.818 0
4 15 7 -6.061 0 2.333 -6.061 0 2.333 -5.818 0 7 -5.818 0
4 15 117.333 -5.818 0 112.333 -5.818 0 112.333 -5.576 0 117.333 -5.576 0
4 15 105.667 -5.818 0 100.667 -5.818 0 100.667 -5.576 0 105.667 -5.576 0
4 15 80 -5.818 0 75 -5.818 0 75 -5.576 0 80 -5.576 0
4 15 52.333 -5.818 0 48 -5.818 0 48 -5.576 0 52.333 -5.576 0
4 15 44.333 -5.818 0 40 -5.818 0 40 -5.576 0 44.333 -5.576 0
4 15 15 -5.818 0 10.667 -5.818 0 10.667 -5.576 0 15 -5.576 0
4 15 7 -5.818 0 2.667 -5.818 0 2.667 -5.576 0 7 -5.576 0
4 15 117.333 -5.576 0 112 -5.576 0 112 -5.333 0 117.333 -5.333 0
4 15 105.333 -5.576 0 100 -5.576 0 100 -5.333 0 105.333 -5.333 0
4 15 79.667 -5.576 0 74.333 -5.576 0 74.333 -5.333 0 79.667 -5.333 0
4 15 52 -5.576 0 48 -5.576 0 48 -5.333 0 52 -5.333 0
4 15 44.667 -5.576 0 40.333 -5.576 0 40.333 -5.333 0 44.667 -5.333 0
4 15 14.667 -5.576 0 10.667 -5.576 0 10.667 -5.333 0 14.667 -5.333 0
4 15 7.333 -5.576 0 3 -5.576 0 3 -5.333 0 7.333 -5.333 0
4 15 117.333 -5.333 0 111.667 -5.333 0 111.667 -5.091 0 117.333 -5.091 0
4 15 109 -5.333 0 108.667 -5.333 0 108.667 -5.091 0 109 -5.091 0
4 15 105.333 -5.333 0 99.333 -5.333 0 99.333 -5.091 0 105.333 -5.091 0
4 15 95.667 -5.333 0 94 -5.333 0 94 -5.091 0 95.667 -5.091 0
4 15 90.333 -20.606 0 85.333 -20.606 0 85.333 -5.091 0 90.333 -5.091 0
4 15 79.667 -5.333 0 73.667 -5.333 0 73.667 -5.091 0 79.667 -5.091 0
4 15 70 -5.333 0 68.333 -5.333 0 68.333 -5.091 0 70 -5.091 0
4 15 64.333 -14.545 0 59.333 -14.545 0 59.333 -5.091 0 64.333 -5.091 0
4 15 52 -5.333 0 47.667 -5.333 0 47.667 -5.091 0 52 -5.091 0
4 15 45 -5.333 0 40.333 -5.333 0 40.333 -5.091 0 45 -5.091 0
4 15 34.667 -13.818 0 29.667 -13.818 0 29.667 -5.091 0 34.667 -5.091 0
4 15 24.667 -13.091 0 19.667 -13.091 0 19.667 -5.091 0 24.667 -5.091 0
4 15 14.667 -5.333 0 10.333 -5.333 0 10.333 -5.091 0 14.667 -5.091 0
4 15 7.667 -5.333 0 3 -5.333 0 3 -5.091 0 7.667 -5.091 0
4 15 117 -5.091 0 108.667 -5.091 0 108.667 -4.848 0 117 -4.848 0
4 15 105 -5.091 0 94 -5.091 0 94 -4.848 0 105 -4.848 0
4 15 91 -5.091 0 84.667 -5.091 0 84.667 -4.848 0 91 -4.848 0
4 15 79.333 -5.091 0 68.333 -5.091 0 68.333 -4.848 0 79.333 -4.848 0
4 15 65 -5.091 0 58.333 -5.091 0 58.333 -4.848 0 65 -4.848 0
4 15 51.667 -5.091 0 47 -5.091 0 47 -4.848 0 51.667 -4.848 0
4 15 45.333 -5.091 0 40.667 -5.091 0 40.667 -4.848 0 45.333 -4.848 0
4 15 35.333 -5.091 0 29 -5.091 0 29 -4.848 0 35.333 -4.848 0
4 15 25 -5.091 0 19 -5.091 0 19 -4.848 0 25 -4.848 0
4 15 14.333 -5.091 0 9.667 -5.091 0 9.667 -4.848 0 14.333 -4.848 0
4 15 8 -5.091 0 3.333 -5.091 0 3.333 -4.848 0 8 -4.848 0
4 15 116.667 -4.848 0 108.667 -4.848 0 108.667 -4.606 0 116.667 -4.606 0
4 15 104.333 -4.848 0 94 -4.848 0 94 -4.606 0 104.333 -4.606 0
4 15 78.667 -4.848 0 68.333 -4.848 0 68.333 -4.606 0 78.667 -4.606 0
4 15 51.333 -4.848 0 41.333 -4.848 0 41.333 -4.606 0 51.333 -4.606 0
4 15 14 -4.848 0 4 -4.848 0 4 -4.606 0 14 -4.606 0
4 15 116.333 -4.606 0 108.667 -4.606 0 108.667 -4.364 0 116.333 -4.364 0
4 15 104 -4.606 0 94 -4.606 0 94 -4.364 0 104 -4.364 0
4 15 78.333 -4.606 0 68.333 -4.606 0 68.333 -4.364 0 78.333 -4.364 0
4 15 50.667 -4.606 0 41.667 -4.606 0 41.667 -4.364 0 50.667 -4.364 0
4 15 13.333 -4.606 0 4.333 -4.606 0 4.333 -4.364 0 13.333 -4.364 0
4 15 116 -4.364 0 109 -4.364 0 109 -4.121 0 116 -4.121 0
4 15 103.333 -4.364 0 94.333 -4.364 0 94.333 -4.121 0 103.333 -4.121 0
4 15 77.667 -4.364 0 68.667 -4.364 0 68.667 -4.121 0 77.667 -4.121 0
4 15 50 -4.364 0 42.333 -4.364 0 42.333 -4.121 0 50 -4.121 0
4 15 12.667 -4.364 0 5 -4.364 0 5 -4.121 0 12.667 -4.121 0
4 15 115.333 -4.121 0 109.667 -4.121 0 109.667 -3.879 0 115.333 -3.879 0
4 15 102.667 -4.121 0 95.667 -4.121 0 95.667 -3.879 0 102.667 -3.879 0
4 15 92 -4.848 0 83.667 -4.848 0 83.667 -3.879 0 92 -3.879 0
4 15 77 -4.121 0 70 -4.121 0 70 -3.879 0 77 -3.879 0
4 15 66 -4.848 0 56.667 -4.848 0 56.667 -3.879 0 66 -3.879 0
4 15 49.333 -4.121 0 43 -4.121 0 43 -3.879 0 49.333 -3.879 0
4 15 36.333 -4.848 0 28.333 -4.848 0 28.333 -3.879 0 36.333 -3.879 0
4 15 26 -4.848 0 18 -4.848 0 18 -3.879 0 26 -3.879 0
4 15 12 -4.121 0 5.667 -4.121 0 5.667 -3.879 0 12 -3.879 0
4 15 114.333 -3.879 0 111.333 -3.879 0 111.333 -3.636 0 114.333 -3.636 0
4 15 101.333 -3.879 0 97.333 -3.879 0 97.333 -3.636 0 101.333 -3.636 0
4 15 75.667 -3.879 0 71.667 -3.879 0 71.667 -3.636 0 75.667 -3.636 0
4 15 48 -3.879 0 44.333 -3.879 0 44.333 -3.636 0 48 -3.636 0
4 15 10.667 -3.879 0 7 -3.879 0 7 -3.636 0 10.667 -3.636 0
4 15 120 -14.545 0 119.667 -14.545 0 119.667 0 0 120 0 0
