0 Etiqueta Ferry
0 Name: tferry.dat
0 Author: cpcbegin
0 !LDRAW_ORG Unofficial_Part
0 BFC CERTIFY CW

4 15 86.8 -19.6 0 84.8 -19.6 0 84.8 -19.2 0 86.8 -19.2 0
4 15 141.6 -19.2 0 136.8 -19.2 0 136.8 -18.8 0 141.6 -18.8 0
4 15 87.6 -19.2 0 83.2 -19.2 0 83.2 -18.8 0 87.6 -18.8 0
4 15 62 -19.2 0 51.6 -19.2 0 51.6 -18.8 0 62 -18.8 0
4 15 40.4 -19.2 0 39.2 -19.2 0 39.2 -18.8 0 40.4 -18.8 0
4 15 142 -18.8 0 132 -18.8 0 132 -18.4 0 142 -18.4 0
4 15 120.4 -18.8 0 115.6 -18.8 0 115.6 -18.4 0 120.4 -18.4 0
4 15 98 -18.8 0 94 -18.8 0 94 -18.4 0 98 -18.4 0
4 15 89.6 -18.8 0 82 -18.8 0 82 -18.4 0 89.6 -18.4 0
4 15 76 -18.8 0 64.4 -18.8 0 64.4 -18.4 0 76 -18.4 0
4 15 47.2 -18.8 0 36.8 -18.8 0 36.8 -18.4 0 47.2 -18.4 0
4 15 30.4 -18.8 0 19.6 -18.8 0 19.6 -18.4 0 30.4 -18.4 0
4 15 16.8 -18.8 0 12 -18.8 0 12 -18.4 0 16.8 -18.4 0
4 15 6.4 -18.8 0 1.2 -18.8 0 1.2 -18.4 0 6.4 -18.4 0
4 15 156.8 -18.8 0 144 -18.8 0 144 -18 0 156.8 -18 0
4 15 142 -18.4 0 130.8 -18.4 0 130.8 -18 0 142 -18 0
4 15 107.6 -18.8 0 102.8 -18.8 0 102.8 -18 0 107.6 -18 0
4 15 90 -18.4 0 81.2 -18.4 0 81.2 -18 0 90 -18 0
4 15 47.2 -18.4 0 36 -18.4 0 36 -18 0 47.2 -18 0
4 15 30.8 -18.4 0 19.2 -18.4 0 19.2 -18 0 30.8 -18 0
4 15 16.8 -18.4 0 11.6 -18.4 0 11.6 -18 0 16.8 -18 0
4 15 7.2 -18.4 0 1.2 -18.4 0 1.2 -18 0 7.2 -18 0
4 15 142 -18 0 130.4 -18 0 130.4 -17.6 0 142 -17.6 0
4 15 120.8 -18.4 0 115.6 -18.4 0 115.6 -17.6 0 120.8 -17.6 0
4 15 107.6 -18 0 102.4 -18 0 102.4 -17.6 0 107.6 -17.6 0
4 15 98.4 -18.4 0 94 -18.4 0 94 -17.6 0 98.4 -17.6 0
4 15 90.8 -18 0 80.8 -18 0 80.8 -17.6 0 90.8 -17.6 0
4 15 62.4 -18.8 0 49.6 -18.8 0 49.6 -17.6 0 62.4 -17.6 0
4 15 47.2 -18 0 35.6 -18 0 35.6 -17.6 0 47.2 -17.6 0
4 15 30.8 -18 0 18.8 -18 0 18.8 -17.6 0 30.8 -17.6 0
4 15 121.2 -17.6 0 115.6 -17.6 0 115.6 -17.2 0 121.2 -17.2 0
4 15 108 -17.6 0 102.4 -17.6 0 102.4 -17.2 0 108 -17.2 0
4 15 90.8 -17.6 0 80.4 -17.6 0 80.4 -17.2 0 90.8 -17.2 0
4 15 76.4 -18.4 0 64.4 -18.4 0 64.4 -17.2 0 76.4 -17.2 0
4 15 62.8 -17.6 0 49.6 -17.6 0 49.6 -17.2 0 62.8 -17.2 0
4 15 47.6 -17.6 0 35.2 -17.6 0 35.2 -17.2 0 47.6 -17.2 0
4 15 16.4 -18 0 11.6 -18 0 11.6 -17.2 0 16.4 -17.2 0
4 15 7.6 -18 0 1.6 -18 0 1.6 -17.2 0 7.6 -17.2 0
4 15 157.2 -18 0 144 -18 0 144 -16.8 0 157.2 -16.8 0
4 15 107.6 -17.2 0 102 -17.2 0 102 -16.8 0 107.6 -16.8 0
4 15 91.2 -17.2 0 80.4 -17.2 0 80.4 -16.8 0 91.2 -16.8 0
4 15 76.4 -17.2 0 64.8 -17.2 0 64.8 -16.8 0 76.4 -16.8 0
4 15 30.8 -17.6 0 18.4 -17.6 0 18.4 -16.8 0 30.8 -16.8 0
4 15 8 -17.2 0 2 -17.2 0 2 -16.8 0 8 -16.8 0
4 15 142.4 -17.6 0 129.6 -17.6 0 129.6 -16.4 0 142.4 -16.4 0
4 15 121.6 -17.2 0 115.6 -17.2 0 115.6 -16.4 0 121.6 -16.4 0
4 15 91.6 -16.8 0 80 -16.8 0 80 -16.4 0 91.6 -16.4 0
4 15 76.8 -16.8 0 64.8 -16.8 0 64.8 -16.4 0 76.8 -16.4 0
4 15 157.6 -16.8 0 144 -16.8 0 144 -16 0 157.6 -16 0
4 15 142.4 -16.4 0 129.2 -16.4 0 129.2 -16 0 142.4 -16 0
4 15 122 -16.4 0 115.6 -16.4 0 115.6 -16 0 122 -16 0
4 15 108 -16.8 0 102 -16.8 0 102 -16 0 108 -16 0
4 15 98.4 -17.6 0 94.4 -17.6 0 94.4 -16 0 98.4 -16 0
4 15 91.6 -16.4 0 86.4 -16.4 0 86.4 -16 0 91.6 -16 0
4 15 85.6 -16.4 0 80 -16.4 0 80 -16 0 85.6 -16 0
4 15 62.8 -17.2 0 50 -17.2 0 50 -16 0 62.8 -16 0
4 15 47.6 -17.2 0 34.8 -17.2 0 34.8 -16 0 47.6 -16 0
4 15 16 -17.2 0 11.2 -17.2 0 11.2 -16 0 16 -16 0
4 15 8.4 -16.8 0 2.4 -16.8 0 2.4 -16 0 8.4 -16 0
4 15 157.6 -16 0 144.4 -16 0 144.4 -15.6 0 157.6 -15.6 0
4 15 142.4 -16 0 136.4 -16 0 136.4 -15.6 0 142.4 -15.6 0
4 15 136 -16 0 135.2 -16 0 135.2 -15.6 0 136 -15.6 0
4 15 134.8 -16 0 129.2 -16 0 129.2 -15.6 0 134.8 -15.6 0
4 15 108 -16 0 101.6 -16 0 101.6 -15.6 0 108 -15.6 0
4 15 92 -16 0 87.6 -16 0 87.6 -15.6 0 92 -15.6 0
4 15 84.8 -16 0 80 -16 0 80 -15.6 0 84.8 -15.6 0
4 15 76.8 -16.4 0 65.2 -16.4 0 65.2 -15.6 0 76.8 -15.6 0
4 15 62.8 -16 0 50.4 -16 0 50.4 -15.6 0 62.8 -15.6 0
4 15 47.6 -16 0 42.4 -16 0 42.4 -15.6 0 47.6 -15.6 0
4 15 40.4 -16 0 34.4 -16 0 34.4 -15.6 0 40.4 -15.6 0
4 15 31.2 -16.8 0 18 -16.8 0 18 -15.6 0 31.2 -15.6 0
4 15 16 -16 0 10.8 -16 0 10.8 -15.6 0 16 -15.6 0
4 15 8.8 -16 0 2.8 -16 0 2.8 -15.6 0 8.8 -15.6 0
4 15 156.8 -15.6 0 146.8 -15.6 0 146.8 -15.2 0 156.8 -15.2 0
4 15 122.4 -16 0 115.2 -16 0 115.2 -15.2 0 122.4 -15.2 0
4 15 98.8 -16 0 94.4 -16 0 94.4 -15.2 0 98.8 -15.2 0
4 15 92 -15.6 0 88 -15.6 0 88 -15.2 0 92 -15.2 0
4 15 84.4 -15.6 0 79.6 -15.6 0 79.6 -15.2 0 84.4 -15.2 0
4 15 77.2 -15.6 0 70 -15.6 0 70 -15.2 0 77.2 -15.2 0
4 15 62.8 -15.6 0 58 -15.6 0 58 -15.2 0 62.8 -15.2 0
4 15 47.6 -15.6 0 42.8 -15.6 0 42.8 -15.2 0 47.6 -15.2 0
4 15 39.6 -15.6 0 34.4 -15.6 0 34.4 -15.2 0 39.6 -15.2 0
4 15 23.2 -15.6 0 18 -15.6 0 18 -15.2 0 23.2 -15.2 0
4 15 15.6 -15.6 0 10.4 -15.6 0 10.4 -15.2 0 15.6 -15.2 0
4 15 9.2 -15.6 0 3.2 -15.6 0 3.2 -15.2 0 9.2 -15.2 0
4 15 153.2 -15.2 0 148.4 -15.2 0 148.4 -14.8 0 153.2 -14.8 0
4 15 142.8 -15.6 0 138 -15.6 0 138 -14.8 0 142.8 -14.8 0
4 15 134 -15.6 0 129.2 -15.6 0 129.2 -14.8 0 134 -14.8 0
4 15 108.4 -15.6 0 101.6 -15.6 0 101.6 -14.8 0 108.4 -14.8 0
4 15 84 -15.2 0 80 -15.2 0 80 -14.8 0 84 -14.8 0
4 15 77.2 -15.2 0 72.4 -15.2 0 72.4 -14.8 0 77.2 -14.8 0
4 15 63.2 -15.2 0 58.4 -15.2 0 58.4 -14.8 0 63.2 -14.8 0
4 15 39.2 -15.2 0 34.4 -15.2 0 34.4 -14.8 0 39.2 -14.8 0
4 15 31.2 -15.6 0 26.4 -15.6 0 26.4 -14.8 0 31.2 -14.8 0
4 15 22.8 -15.2 0 17.6 -15.2 0 17.6 -14.8 0 22.8 -14.8 0
4 15 15.2 -15.2 0 10.4 -15.2 0 10.4 -14.8 0 15.2 -14.8 0
4 15 9.2 -15.2 0 3.6 -15.2 0 3.6 -14.8 0 9.2 -14.8 0
4 15 122.8 -15.2 0 115.2 -15.2 0 115.2 -14.4 0 122.8 -14.4 0
4 15 98.8 -15.2 0 94.8 -15.2 0 94.8 -14.4 0 98.8 -14.4 0
4 15 92.4 -15.2 0 88 -15.2 0 88 -14.4 0 92.4 -14.4 0
4 15 48 -15.2 0 43.2 -15.2 0 43.2 -14.4 0 48 -14.4 0
4 15 31.2 -14.8 0 26.8 -14.8 0 26.8 -14.4 0 31.2 -14.4 0
4 15 15.2 -14.8 0 4 -14.8 0 4 -14.4 0 15.2 -14.4 0
4 15 153.6 -14.8 0 148.8 -14.8 0 148.8 -14 0 153.6 -14 0
4 15 133.6 -14.8 0 129.2 -14.8 0 129.2 -14 0 133.6 -14 0
4 15 123.2 -14.4 0 114.8 -14.4 0 114.8 -14 0 123.2 -14 0
4 15 108.4 -14.8 0 101.2 -14.8 0 101.2 -14 0 108.4 -14 0
4 15 92.4 -14.4 0 86.8 -14.4 0 86.8 -14 0 92.4 -14 0
4 15 48 -14.4 0 43.6 -14.4 0 43.6 -14 0 48 -14 0
4 15 38.8 -14.8 0 34.4 -14.8 0 34.4 -14 0 38.8 -14 0
4 15 22.4 -14.8 0 17.6 -14.8 0 17.6 -14 0 22.4 -14 0
4 15 15.2 -14.4 0 4.4 -14.4 0 4.4 -14 0 15.2 -14 0
4 15 133.6 -14 0 129.6 -14 0 129.6 -13.6 0 133.6 -13.6 0
4 15 92.4 -14 0 85.6 -14 0 85.6 -13.6 0 92.4 -13.6 0
4 15 63.2 -14.8 0 58.8 -14.8 0 58.8 -13.6 0 63.2 -13.6 0
4 15 31.6 -14.4 0 26.8 -14.4 0 26.8 -13.6 0 31.6 -13.6 0
4 15 14.8 -14 0 4.4 -14 0 4.4 -13.6 0 14.8 -13.6 0
4 15 134 -13.6 0 129.6 -13.6 0 129.6 -13.2 0 134 -13.2 0
4 15 123.6 -14 0 114.8 -14 0 114.8 -13.2 0 123.6 -13.2 0
4 15 108.8 -14 0 101.2 -14 0 101.2 -13.2 0 108.8 -13.2 0
4 15 92.4 -13.6 0 84.8 -13.6 0 84.8 -13.2 0 92.4 -13.2 0
4 15 84.4 -13.6 0 84 -13.6 0 84 -13.2 0 84.4 -13.2 0
4 15 77.2 -14.8 0 72.8 -14.8 0 72.8 -13.2 0 77.2 -13.2 0
4 15 63.2 -13.6 0 58.4 -13.6 0 58.4 -13.2 0 63.2 -13.2 0
4 15 39.2 -14 0 34.4 -14 0 34.4 -13.2 0 39.2 -13.2 0
4 15 31.6 -13.6 0 27.2 -13.6 0 27.2 -13.2 0 31.6 -13.2 0
4 15 22.4 -14 0 18 -14 0 18 -13.2 0 22.4 -13.2 0
4 15 14.8 -13.6 0 4.8 -13.6 0 4.8 -13.2 0 14.8 -13.2 0
4 15 153.6 -14 0 149.2 -14 0 149.2 -12.8 0 153.6 -12.8 0
4 15 143.2 -14.8 0 138.4 -14.8 0 138.4 -12.8 0 143.2 -12.8 0
4 15 134.4 -13.2 0 129.6 -13.2 0 129.6 -12.8 0 134.4 -12.8 0
4 15 124 -13.2 0 119.6 -13.2 0 119.6 -12.8 0 124 -12.8 0
4 15 108.8 -13.2 0 100.8 -13.2 0 100.8 -12.8 0 108.8 -12.8 0
4 15 92 -13.2 0 83.2 -13.2 0 83.2 -12.8 0 92 -12.8 0
4 15 77.6 -13.2 0 72.8 -13.2 0 72.8 -12.8 0 77.6 -12.8 0
4 15 63.2 -13.2 0 52 -13.2 0 52 -12.8 0 63.2 -12.8 0
4 15 39.2 -13.2 0 34.8 -13.2 0 34.8 -12.8 0 39.2 -12.8 0
4 15 23.2 -13.2 0 18 -13.2 0 18 -12.8 0 23.2 -12.8 0
4 15 14.8 -13.2 0 5.2 -13.2 0 5.2 -12.8 0 14.8 -12.8 0
4 15 143.6 -12.8 0 138.4 -12.8 0 138.4 -12.4 0 143.6 -12.4 0
4 15 134.8 -12.8 0 130 -12.8 0 130 -12.4 0 134.8 -12.4 0
4 15 124 -12.8 0 120 -12.8 0 120 -12.4 0 124 -12.4 0
4 15 99.2 -14.4 0 95.2 -14.4 0 95.2 -12.4 0 99.2 -12.4 0
4 15 91.6 -12.8 0 82 -12.8 0 82 -12.4 0 91.6 -12.4 0
4 15 48.4 -14 0 43.6 -14 0 43.6 -12.4 0 48.4 -12.4 0
4 15 40 -12.8 0 35.2 -12.8 0 35.2 -12.4 0 40 -12.4 0
4 15 32 -13.2 0 27.2 -13.2 0 27.2 -12.4 0 32 -12.4 0
4 15 23.6 -12.8 0 18.4 -12.8 0 18.4 -12.4 0 23.6 -12.4 0
4 15 14.8 -12.8 0 5.6 -12.8 0 5.6 -12.4 0 14.8 -12.4 0
4 15 154 -12.8 0 149.2 -12.8 0 149.2 -12 0 154 -12 0
4 15 143.6 -12.4 0 130.4 -12.4 0 130.4 -12 0 143.6 -12 0
4 15 124.4 -12.4 0 120 -12.4 0 120 -12 0 124.4 -12 0
4 15 118.8 -13.2 0 114.8 -13.2 0 114.8 -12 0 118.8 -12 0
4 15 108.8 -12.8 0 100.4 -12.8 0 100.4 -12 0 108.8 -12 0
4 15 91.6 -12.4 0 81.6 -12.4 0 81.6 -12 0 91.6 -12 0
4 15 77.6 -12.8 0 66.8 -12.8 0 66.8 -12 0 77.6 -12 0
4 15 63.6 -12.8 0 52 -12.8 0 52 -12 0 63.6 -12 0
4 15 48.4 -12.4 0 35.6 -12.4 0 35.6 -12 0 48.4 -12 0
4 15 32 -12.4 0 18.4 -12.4 0 18.4 -12 0 32 -12 0
4 15 14.4 -12.4 0 6 -12.4 0 6 -12 0 14.4 -12 0
4 15 143.6 -12 0 130.8 -12 0 130.8 -11.6 0 143.6 -11.6 0
4 15 124.4 -12 0 120.4 -12 0 120.4 -11.6 0 124.4 -11.6 0
4 15 118.4 -12 0 114.8 -12 0 114.8 -11.6 0 118.4 -11.6 0
4 15 108.8 -12 0 104.8 -12 0 104.8 -11.6 0 108.8 -11.6 0
4 15 104 -12 0 100.4 -12 0 100.4 -11.6 0 104 -11.6 0
4 15 91.2 -12 0 81.2 -12 0 81.2 -11.6 0 91.2 -11.6 0
4 15 77.6 -12 0 67.2 -12 0 67.2 -11.6 0 77.6 -11.6 0
4 15 48.8 -12 0 36 -12 0 36 -11.6 0 48.8 -11.6 0
4 15 32 -12 0 18.8 -12 0 18.8 -11.6 0 32 -11.6 0
4 15 14.4 -12 0 6.4 -12 0 6.4 -11.6 0 14.4 -11.6 0
4 15 154 -12 0 149.6 -12 0 149.6 -11.2 0 154 -11.2 0
4 15 143.6 -11.6 0 131.6 -11.6 0 131.6 -11.2 0 143.6 -11.2 0
4 15 124.8 -11.6 0 120.8 -11.6 0 120.8 -11.2 0 124.8 -11.2 0
4 15 103.6 -11.6 0 100.4 -11.6 0 100.4 -11.2 0 103.6 -11.2 0
4 15 99.6 -12.4 0 95.6 -12.4 0 95.6 -11.2 0 99.6 -11.2 0
4 15 90.8 -11.6 0 81.2 -11.6 0 81.2 -11.2 0 90.8 -11.2 0
4 15 63.6 -12 0 52.4 -12 0 52.4 -11.2 0 63.6 -11.2 0
4 15 48.8 -11.6 0 36.4 -11.6 0 36.4 -11.2 0 48.8 -11.2 0
4 15 32 -11.6 0 19.2 -11.6 0 19.2 -11.2 0 32 -11.2 0
4 15 14 -11.6 0 6.4 -11.6 0 6.4 -11.2 0 14 -11.2 0
4 15 143.6 -11.2 0 132 -11.2 0 132 -10.8 0 143.6 -10.8 0
4 15 125.2 -11.2 0 120.8 -11.2 0 120.8 -10.8 0 125.2 -10.8 0
4 15 118.8 -11.6 0 114.4 -11.6 0 114.4 -10.8 0 118.8 -10.8 0
4 15 103.6 -11.2 0 95.6 -11.2 0 95.6 -10.8 0 103.6 -10.8 0
4 15 90 -11.2 0 80.8 -11.2 0 80.8 -10.8 0 90 -10.8 0
4 15 32.4 -11.2 0 20 -11.2 0 20 -10.8 0 32.4 -10.8 0
4 15 13.6 -11.2 0 6.8 -11.2 0 6.8 -10.8 0 13.6 -10.8 0
4 15 143.6 -10.8 0 131.6 -10.8 0 131.6 -10.4 0 143.6 -10.4 0
4 15 88.8 -10.8 0 80.8 -10.8 0 80.8 -10.4 0 88.8 -10.4 0
4 15 64 -11.2 0 52.4 -11.2 0 52.4 -10.4 0 64 -10.4 0
4 15 32.4 -10.8 0 20.4 -10.8 0 20.4 -10.4 0 32.4 -10.4 0
4 15 13.6 -10.8 0 7.2 -10.8 0 7.2 -10.4 0 13.6 -10.4 0
4 15 154.4 -11.2 0 149.6 -11.2 0 149.6 -10 0 154.4 -10 0
4 15 144 -10.4 0 131.6 -10.4 0 131.6 -10 0 144 -10 0
4 15 125.6 -10.8 0 121.2 -10.8 0 121.2 -10 0 125.6 -10 0
4 15 109.2 -11.6 0 104.8 -11.6 0 104.8 -10 0 109.2 -10 0
4 15 103.6 -10.8 0 96 -10.8 0 96 -10 0 103.6 -10 0
4 15 88 -10.4 0 80.4 -10.4 0 80.4 -10 0 88 -10 0
4 15 78 -11.6 0 67.2 -11.6 0 67.2 -10 0 78 -10 0
4 15 64 -10.4 0 59.2 -10.4 0 59.2 -10 0 64 -10 0
4 15 48.8 -11.2 0 36.8 -11.2 0 36.8 -10 0 48.8 -10 0
4 15 32.4 -10.4 0 20 -10.4 0 20 -10 0 32.4 -10 0
4 15 13.6 -10.4 0 7.6 -10.4 0 7.6 -10 0 13.6 -10 0
4 15 118.4 -10.8 0 114.4 -10.8 0 114.4 -9.6 0 118.4 -9.6 0
4 15 86.4 -10 0 80.4 -10 0 80.4 -9.6 0 86.4 -9.6 0
4 15 78 -10 0 67.6 -10 0 67.6 -9.6 0 78 -9.6 0
4 15 48.8 -10 0 36.4 -10 0 36.4 -9.6 0 48.8 -9.6 0
4 15 13.2 -10 0 7.6 -10 0 7.6 -9.6 0 13.2 -9.6 0
4 15 154.4 -10 0 150 -10 0 150 -9.2 0 154.4 -9.2 0
4 15 144 -10 0 131.2 -10 0 131.2 -9.2 0 144 -9.2 0
4 15 126 -10 0 121.2 -10 0 121.2 -9.2 0 126 -9.2 0
4 15 119.2 -9.6 0 114 -9.6 0 114 -9.2 0 119.2 -9.2 0
4 15 93.6 -9.6 0 92.4 -9.6 0 92.4 -9.2 0 93.6 -9.2 0
4 15 91.6 -9.6 0 89.6 -9.6 0 89.6 -9.2 0 91.6 -9.2 0
4 15 85.6 -9.6 0 80.4 -9.6 0 80.4 -9.2 0 85.6 -9.2 0
4 15 78.4 -9.6 0 73.2 -9.6 0 73.2 -9.2 0 78.4 -9.2 0
4 15 72.8 -9.6 0 72 -9.6 0 72 -9.2 0 72.8 -9.2 0
4 15 64 -10 0 59.6 -10 0 59.6 -9.2 0 64 -9.2 0
4 15 49.2 -9.6 0 36 -9.6 0 36 -9.2 0 49.2 -9.2 0
4 15 32.4 -10 0 19.6 -10 0 19.6 -9.2 0 32.4 -9.2 0
4 15 13.2 -9.6 0 8 -9.6 0 8 -9.2 0 13.2 -9.2 0
4 15 144 -9.2 0 139.2 -9.2 0 139.2 -8.8 0 144 -8.8 0
4 15 136 -9.2 0 130.8 -9.2 0 130.8 -8.8 0 136 -8.8 0
4 15 103.2 -10 0 96 -10 0 96 -8.8 0 103.2 -8.8 0
4 15 93.6 -9.2 0 89.6 -9.2 0 89.6 -8.8 0 93.6 -8.8 0
4 15 64 -9.2 0 60 -9.2 0 60 -8.8 0 64 -8.8 0
4 15 49.2 -9.2 0 44 -9.2 0 44 -8.8 0 49.2 -8.8 0
4 15 41.6 -9.2 0 36 -9.2 0 36 -8.8 0 41.6 -8.8 0
4 15 32.8 -9.2 0 27.2 -9.2 0 27.2 -8.8 0 32.8 -8.8 0
4 15 26 -9.2 0 19.2 -9.2 0 19.2 -8.8 0 26 -8.8 0
4 15 126.4 -9.2 0 114 -9.2 0 114 -8.4 0 126.4 -8.4 0
4 15 109.6 -10 0 105.2 -10 0 105.2 -8.4 0 109.6 -8.4 0
4 15 94 -8.8 0 89.6 -8.8 0 89.6 -8.4 0 94 -8.4 0
4 15 49.2 -8.8 0 44.8 -8.8 0 44.8 -8.4 0 49.2 -8.4 0
4 15 41.2 -8.8 0 36 -8.8 0 36 -8.4 0 41.2 -8.4 0
4 15 154.8 -9.2 0 150 -9.2 0 150 -8 0 154.8 -8 0
4 15 135.6 -8.8 0 130.8 -8.8 0 130.8 -8 0 135.6 -8 0
4 15 126.8 -8.4 0 114 -8.4 0 114 -8 0 126.8 -8 0
4 15 109.6 -8.4 0 105.6 -8.4 0 105.6 -8 0 109.6 -8 0
4 15 93.6 -8.4 0 89.6 -8.4 0 89.6 -8 0 93.6 -8 0
4 15 85.2 -9.2 0 80.8 -9.2 0 80.8 -8 0 85.2 -8 0
4 15 78.4 -9.2 0 73.6 -9.2 0 73.6 -8 0 78.4 -8 0
4 15 64.4 -8.8 0 60 -8.8 0 60 -8 0 64.4 -8 0
4 15 32.8 -8.8 0 28 -8.8 0 28 -8 0 32.8 -8 0
4 15 24.4 -8.8 0 19.2 -8.8 0 19.2 -8 0 24.4 -8 0
4 15 154.8 -8 0 150.4 -8 0 150.4 -7.6 0 154.8 -7.6 0
4 15 144.4 -8.8 0 139.6 -8.8 0 139.6 -7.6 0 144.4 -7.6 0
4 15 127.2 -8 0 114 -8 0 114 -7.6 0 127.2 -7.6 0
4 15 102.8 -8.8 0 96.4 -8.8 0 96.4 -7.6 0 102.8 -7.6 0
4 15 93.6 -8 0 89.2 -8 0 89.2 -7.6 0 93.6 -7.6 0
4 15 86 -8 0 80.8 -8 0 80.8 -7.6 0 86 -7.6 0
4 15 78.4 -8 0 74 -8 0 74 -7.6 0 78.4 -7.6 0
4 15 64.4 -8 0 59.6 -8 0 59.6 -7.6 0 64.4 -7.6 0
4 15 33.2 -8 0 28 -8 0 28 -7.6 0 33.2 -7.6 0
4 15 13.2 -9.2 0 8.4 -9.2 0 8.4 -7.6 0 13.2 -7.6 0
4 15 144.4 -7.6 0 140 -7.6 0 140 -7.2 0 144.4 -7.2 0
4 15 127.2 -7.6 0 113.6 -7.6 0 113.6 -7.2 0 127.2 -7.2 0
4 15 93.6 -7.6 0 88.4 -7.6 0 88.4 -7.2 0 93.6 -7.2 0
4 15 86.4 -7.6 0 80.8 -7.6 0 80.8 -7.2 0 86.4 -7.2 0
4 15 49.6 -8.4 0 44.8 -8.4 0 44.8 -7.2 0 49.6 -7.2 0
4 15 40.8 -8.4 0 36 -8.4 0 36 -7.2 0 40.8 -7.2 0
4 15 144.8 -7.2 0 140 -7.2 0 140 -6.8 0 144.8 -6.8 0
4 15 135.2 -8 0 130.8 -8 0 130.8 -6.8 0 135.2 -6.8 0
4 15 110 -8 0 105.6 -8 0 105.6 -6.8 0 110 -6.8 0
4 15 102.4 -7.6 0 96.4 -7.6 0 96.4 -6.8 0 102.4 -6.8 0
4 15 93.6 -7.2 0 80.8 -7.2 0 80.8 -6.8 0 93.6 -6.8 0
4 15 144.4 -6.8 0 140 -6.8 0 140 -6.4 0 144.4 -6.4 0
4 15 135.6 -6.8 0 131.2 -6.8 0 131.2 -6.4 0 135.6 -6.4 0
4 15 127.6 -7.2 0 113.6 -7.2 0 113.6 -6.4 0 127.6 -6.4 0
4 15 110.4 -6.8 0 105.6 -6.8 0 105.6 -6.4 0 110.4 -6.4 0
4 15 102.4 -6.8 0 96.8 -6.8 0 96.8 -6.4 0 102.4 -6.4 0
4 15 93.2 -6.8 0 81.2 -6.8 0 81.2 -6.4 0 93.2 -6.4 0
4 15 155.2 -7.6 0 150.4 -7.6 0 150.4 -6 0 155.2 -6 0
4 15 135.2 -6.4 0 131.2 -6.4 0 131.2 -6 0 135.2 -6 0
4 15 128.4 -6.4 0 123.2 -6.4 0 123.2 -6 0 128.4 -6 0
4 15 93.2 -6.4 0 81.6 -6.4 0 81.6 -6 0 93.2 -6 0
4 15 78.8 -7.6 0 74.4 -7.6 0 74.4 -6 0 78.8 -6 0
4 15 64.8 -7.6 0 52 -7.6 0 52 -6 0 64.8 -6 0
4 15 33.2 -7.6 0 28.4 -7.6 0 28.4 -6 0 33.2 -6 0
4 15 13.6 -7.6 0 8.8 -7.6 0 8.8 -6 0 13.6 -6 0
4 15 128.4 -6 0 123.6 -6 0 123.6 -5.6 0 128.4 -5.6 0
4 15 92.8 -6 0 81.6 -6 0 81.6 -5.6 0 92.8 -5.6 0
4 15 40.4 -7.2 0 36 -7.2 0 36 -5.6 0 40.4 -5.6 0
4 15 33.6 -6 0 28.4 -6 0 28.4 -5.6 0 33.6 -5.6 0
4 15 128.8 -5.6 0 124 -5.6 0 124 -5.2 0 128.8 -5.2 0
4 15 118 -6.4 0 113.6 -6.4 0 113.6 -5.2 0 118 -5.2 0
4 15 110.4 -6.4 0 106 -6.4 0 106 -5.2 0 110.4 -5.2 0
4 15 102 -6.4 0 96.8 -6.4 0 96.8 -5.2 0 102 -5.2 0
4 15 92.4 -5.6 0 82.4 -5.6 0 82.4 -5.2 0 92.4 -5.2 0
4 15 79.2 -6 0 74.4 -6 0 74.4 -5.2 0 79.2 -5.2 0
4 15 65.2 -6 0 52 -6 0 52 -5.2 0 65.2 -5.2 0
4 15 49.6 -7.2 0 45.2 -7.2 0 45.2 -5.2 0 49.6 -5.2 0
4 15 40.8 -5.6 0 36.4 -5.6 0 36.4 -5.2 0 40.8 -5.2 0
4 15 33.2 -5.6 0 28.8 -5.6 0 28.8 -5.2 0 33.2 -5.2 0
4 15 24 -8 0 19.2 -8 0 19.2 -5.2 0 24 -5.2 0
4 15 14 -6 0 9.2 -6 0 9.2 -5.2 0 14 -5.2 0
4 15 144.8 -6.4 0 140.4 -6.4 0 140.4 -4.8 0 144.8 -4.8 0
4 15 117.6 -5.2 0 113.6 -5.2 0 113.6 -4.8 0 117.6 -4.8 0
4 15 101.6 -5.2 0 96.8 -5.2 0 96.8 -4.8 0 101.6 -4.8 0
4 15 92 -5.2 0 82.8 -5.2 0 82.8 -4.8 0 92 -4.8 0
4 15 65.2 -5.2 0 52.4 -5.2 0 52.4 -4.8 0 65.2 -4.8 0
4 15 50 -5.2 0 45.2 -5.2 0 45.2 -4.8 0 50 -4.8 0
4 15 33.6 -5.2 0 28.8 -5.2 0 28.8 -4.8 0 33.6 -4.8 0
4 15 24.4 -5.2 0 19.2 -5.2 0 19.2 -4.8 0 24.4 -4.8 0
4 15 155.6 -6 0 150.8 -6 0 150.8 -4.4 0 155.6 -4.4 0
4 15 145.2 -4.8 0 140.8 -4.8 0 140.8 -4.4 0 145.2 -4.4 0
4 15 135.6 -6 0 131.2 -6 0 131.2 -4.4 0 135.6 -4.4 0
4 15 128.8 -5.2 0 124.4 -5.2 0 124.4 -4.4 0 128.8 -4.4 0
4 15 110.8 -5.2 0 106 -5.2 0 106 -4.4 0 110.8 -4.4 0
4 15 101.6 -4.8 0 97.2 -4.8 0 97.2 -4.4 0 101.6 -4.4 0
4 15 90.8 -4.8 0 84 -4.8 0 84 -4.4 0 90.8 -4.4 0
4 15 65.6 -4.8 0 52.4 -4.8 0 52.4 -4.4 0 65.6 -4.4 0
4 15 50 -4.8 0 45.6 -4.8 0 45.6 -4.4 0 50 -4.4 0
4 15 40.8 -5.2 0 36 -5.2 0 36 -4.4 0 40.8 -4.4 0
4 15 24 -4.8 0 19.2 -4.8 0 19.2 -4.4 0 24 -4.4 0
4 15 155.6 -4.4 0 151.2 -4.4 0 151.2 -4 0 155.6 -4 0
4 15 144.8 -4.4 0 140.8 -4.4 0 140.8 -4 0 144.8 -4 0
4 15 135.2 -4.4 0 131.2 -4.4 0 131.2 -4 0 135.2 -4 0
4 15 129.2 -4.4 0 124.8 -4.4 0 124.8 -4 0 129.2 -4 0
4 15 117.6 -4.8 0 113.2 -4.8 0 113.2 -4 0 117.6 -4 0
4 15 110.4 -4.4 0 106.8 -4.4 0 106.8 -4 0 110.4 -4 0
4 15 101.2 -4.4 0 97.6 -4.4 0 97.6 -4 0 101.2 -4 0
4 15 90.4 -4.4 0 84.4 -4.4 0 84.4 -4 0 90.4 -4 0
4 15 79.2 -5.2 0 74.8 -5.2 0 74.8 -4 0 79.2 -4 0
4 15 64.8 -4.4 0 54 -4.4 0 54 -4 0 64.8 -4 0
4 15 49.6 -4.4 0 46 -4.4 0 46 -4 0 49.6 -4 0
4 15 40.4 -4.4 0 36 -4.4 0 36 -4 0 40.4 -4 0
4 15 33.6 -4.8 0 29.2 -4.8 0 29.2 -4 0 33.6 -4 0
4 15 23.6 -4.4 0 19.6 -4.4 0 19.6 -4 0 23.6 -4 0
4 15 14.4 -5.2 0 9.2 -5.2 0 9.2 -4 0 14.4 -4 0
