0 Etiqueta Titanium 02
0 Name: titan02.dat
0 Author: cpcbegin
4 15 40 24 0 0 24 0 0 21.724 0 40 21.724 0
4 16 32.298 19.448 0 25.59 19.448 0 25.59 19.241 0 32.298 19.241 0
4 16 14.161 19.448 0 6.957 19.448 0 6.957 19.241 0 14.161 19.241 0
4 16 32.547 19.241 0 25.342 19.241 0 25.342 19.035 0 32.547 19.035 0
4 16 14.41 19.241 0 6.708 19.241 0 6.708 19.035 0 14.41 19.035 0
4 16 32.795 19.035 0 25.093 19.035 0 25.093 18.828 0 32.795 18.828 0
4 16 14.658 19.035 0 6.46 19.035 0 6.46 18 0 14.658 18 0
4 16 33.044 18.828 0 24.845 18.828 0 24.845 17.793 0 33.044 17.793 0
4 16 14.658 18 0 6.708 18 0 6.708 17.793 0 14.658 17.793 0
4 16 32.795 17.793 0 25.093 17.793 0 25.093 17.586 0 32.795 17.586 0
4 16 14.41 17.793 0 6.957 17.793 0 6.957 17.586 0 14.41 17.586 0
4 16 32.547 17.586 0 25.342 17.586 0 25.342 17.379 0 32.547 17.379 0
4 16 13.913 17.586 0 7.453 17.586 0 7.453 17.379 0 13.913 17.379 0
4 16 6.46 17.379 0 4.224 17.379 0 4.224 17.172 0 6.46 17.172 0
4 16 35.031 17.172 0 33.54 17.172 0 33.54 16.965 0 35.031 16.965 0
4 16 24.845 17.172 0 22.609 17.172 0 22.609 16.965 0 24.845 16.965 0
4 16 16.894 17.172 0 14.907 17.172 0 14.907 16.965 0 16.894 16.965 0
4 16 6.708 17.172 0 3.975 17.172 0 3.975 16.965 0 6.708 16.965 0
4 16 35.528 16.965 0 33.044 16.965 0 33.044 16.759 0 35.528 16.759 0
4 16 25.093 16.965 0 22.36 16.965 0 22.36 16.759 0 25.093 16.759 0
4 16 17.143 16.965 0 14.658 16.965 0 14.658 16.759 0 17.143 16.759 0
4 16 17.143 16.759 0 14.41 16.759 0 14.41 16.345 0 17.143 16.345 0
4 16 17.391 16.345 0 14.41 16.345 0 14.41 15.931 0 17.391 15.931 0
4 16 6.957 16.965 0 3.975 16.965 0 3.975 15.931 0 6.957 15.931 0
4 16 35.776 16.759 0 32.795 16.759 0 32.795 15.724 0 35.776 15.724 0
4 16 25.093 16.759 0 22.112 16.759 0 22.112 15.724 0 25.093 15.724 0
4 16 17.391 15.931 0 14.658 15.931 0 14.658 15.724 0 17.391 15.724 0
4 16 6.708 15.931 0 4.224 15.931 0 4.224 15.724 0 6.708 15.724 0
4 16 35.528 15.724 0 32.795 15.724 0 32.795 15.517 0 35.528 15.517 0
4 16 25.093 15.724 0 22.36 15.724 0 22.36 15.517 0 25.093 15.517 0
4 16 17.143 15.724 0 14.658 15.724 0 14.658 15.517 0 17.143 15.517 0
4 16 35.528 15.517 0 33.044 15.517 0 33.044 15.31 0 35.528 15.31 0
4 16 24.845 15.517 0 22.609 15.517 0 22.609 15.31 0 24.845 15.31 0
4 16 16.894 15.517 0 15.155 15.517 0 15.155 15.31 0 16.894 15.31 0
4 16 6.46 15.724 0 4.472 15.724 0 4.472 15.31 0 6.46 15.31 0
4 16 24.596 15.31 0 22.609 15.31 0 22.609 15.103 0 24.596 15.103 0
4 16 6.708 15.31 0 4.224 15.31 0 4.224 15.103 0 6.708 15.103 0
4 16 35.279 15.31 0 33.292 15.31 0 33.292 14.897 0 35.279 14.897 0
4 16 24.845 15.103 0 22.609 15.103 0 22.609 14.897 0 24.845 14.897 0
4 16 6.708 15.103 0 3.975 15.103 0 3.975 14.897 0 6.708 14.897 0
4 16 35.528 14.897 0 33.044 14.897 0 33.044 14.69 0 35.528 14.69 0
4 16 25.093 14.897 0 22.36 14.897 0 22.36 14.69 0 25.093 14.69 0
4 16 35.528 14.69 0 32.795 14.69 0 32.795 14.483 0 35.528 14.483 0
4 16 6.957 14.897 0 3.975 14.897 0 3.975 13.862 0 6.957 13.862 0
4 16 25.093 14.69 0 22.112 14.69 0 22.112 13.655 0 25.093 13.655 0
4 16 6.708 13.862 0 3.975 13.862 0 3.975 13.655 0 6.708 13.655 0
4 16 35.776 14.483 0 32.795 14.483 0 32.795 13.448 0 35.776 13.448 0
4 16 25.093 13.655 0 22.36 13.655 0 22.36 13.448 0 25.093 13.448 0
4 16 6.46 13.655 0 4.472 13.655 0 4.472 13.448 0 6.46 13.448 0
4 16 35.528 13.448 0 33.044 13.448 0 33.044 13.241 0 35.528 13.241 0
4 16 24.845 13.448 0 22.36 13.448 0 22.36 13.241 0 24.845 13.241 0
4 16 6.211 13.448 0 4.472 13.448 0 4.472 13.241 0 6.211 13.241 0
4 16 24.596 13.241 0 22.609 13.241 0 22.609 13.034 0 24.596 13.034 0
4 16 35.279 13.241 0 33.292 13.241 0 33.292 12.828 0 35.279 12.828 0
4 16 24.845 13.034 0 22.609 13.034 0 22.609 12.828 0 24.845 12.828 0
4 16 14.161 13.034 0 6.46 13.034 0 6.46 12.828 0 14.161 12.828 0
4 16 35.279 12.828 0 33.044 12.828 0 33.044 12.621 0 35.279 12.621 0
4 16 25.093 12.828 0 22.36 12.828 0 22.36 12.621 0 25.093 12.621 0
4 16 14.41 12.828 0 6.211 12.828 0 6.211 12.621 0 14.41 12.621 0
4 16 14.658 12.621 0 5.963 12.621 0 5.963 12.207 0 14.658 12.207 0
4 16 35.528 12.621 0 32.795 12.621 0 32.795 12 0 35.528 12 0
4 16 14.907 12.207 0 5.963 12.207 0 5.963 11.586 0 14.907 11.586 0
4 16 35.776 12 0 32.795 12 0 32.795 11.379 0 35.776 11.379 0
4 16 25.093 12.621 0 22.112 12.621 0 22.112 11.379 0 25.093 11.379 0
4 16 14.658 11.586 0 5.963 11.586 0 5.963 11.379 0 14.658 11.379 0
4 16 35.528 11.379 0 32.795 11.379 0 32.795 11.172 0 35.528 11.172 0
4 16 24.845 11.379 0 22.36 11.379 0 22.36 11.172 0 24.845 11.172 0
4 16 14.658 11.379 0 6.211 11.379 0 6.211 11.172 0 14.658 11.172 0
4 16 35.279 11.172 0 33.044 11.172 0 33.044 10.966 0 35.279 10.966 0
4 16 24.845 11.172 0 22.609 11.172 0 22.609 10.966 0 24.845 10.966 0
4 16 14.161 11.172 0 6.46 11.172 0 6.46 10.966 0 14.161 10.966 0
4 16 35.031 10.966 0 33.292 10.966 0 33.292 10.759 0 35.031 10.759 0
4 16 24.596 10.966 0 22.609 10.966 0 22.609 10.759 0 24.596 10.759 0
4 16 35.279 10.759 0 33.292 10.759 0 33.292 10.552 0 35.279 10.552 0
4 16 24.845 10.759 0 22.36 10.759 0 22.36 10.552 0 24.845 10.552 0
4 16 16.894 10.759 0 15.652 10.759 0 15.652 10.552 0 16.894 10.552 0
4 16 35.528 10.552 0 32.795 10.552 0 32.795 10.345 0 35.528 10.345 0
4 16 25.093 10.552 0 22.36 10.552 0 22.36 10.345 0 25.093 10.345 0
4 16 17.143 10.552 0 14.658 10.552 0 14.658 10.138 0 17.143 10.138 0
4 16 35.776 10.345 0 32.795 10.345 0 32.795 9.31 0 35.776 9.31 0
4 16 25.093 10.345 0 22.112 10.345 0 22.112 9.31 0 25.093 9.31 0
4 16 17.143 10.138 0 14.41 10.138 0 14.41 9.31 0 17.143 9.31 0
4 16 35.528 9.31 0 32.795 9.31 0 32.795 9.103 0 35.528 9.103 0
4 16 25.093 9.31 0 22.36 9.31 0 22.36 9.103 0 25.093 9.103 0
4 16 17.143 9.31 0 14.658 9.31 0 14.658 9.103 0 17.143 9.103 0
4 16 35.528 9.103 0 33.044 9.103 0 33.044 8.897 0 35.528 8.897 0
4 16 24.845 9.103 0 22.36 9.103 0 22.36 8.897 0 24.845 8.897 0
4 16 17.143 9.103 0 14.907 9.103 0 14.907 8.897 0 17.143 8.897 0
4 16 24.596 8.897 0 22.609 8.897 0 22.609 8.69 0 24.596 8.69 0
4 16 16.894 8.897 0 14.907 8.897 0 14.907 8.69 0 16.894 8.69 0
4 16 35.279 8.897 0 33.292 8.897 0 33.292 8.483 0 35.279 8.483 0
4 16 24.845 8.69 0 22.609 8.69 0 22.609 8.483 0 24.845 8.483 0
4 16 17.143 8.69 0 14.907 8.69 0 14.907 8.483 0 17.143 8.483 0
4 16 35.528 8.483 0 33.044 8.483 0 33.044 8.276 0 35.528 8.276 0
4 16 17.143 8.483 0 14.658 8.483 0 14.658 8.276 0 17.143 8.276 0
4 16 35.528 8.276 0 32.795 8.276 0 32.795 8.069 0 35.528 8.069 0
4 16 25.093 8.483 0 22.36 8.483 0 22.36 8.069 0 25.093 8.069 0
4 16 35.776 8.069 0 32.795 8.069 0 32.795 7.862 0 35.776 7.862 0
4 16 25.342 8.069 0 22.112 8.069 0 22.112 7.448 0 25.342 7.448 0
4 16 35.776 7.862 0 32.547 7.862 0 32.547 7.241 0 35.776 7.241 0
4 16 17.391 8.276 0 14.41 8.276 0 14.41 7.241 0 17.391 7.241 0
4 16 25.093 7.448 0 22.112 7.448 0 22.112 7.034 0 25.093 7.034 0
4 16 17.391 7.241 0 14.658 7.241 0 14.658 7.034 0 17.391 7.034 0
4 16 35.528 7.241 0 32.795 7.241 0 32.795 6.828 0 35.528 6.828 0
4 16 24.845 7.034 0 22.36 7.034 0 22.36 6.828 0 24.845 6.828 0
4 16 17.143 7.034 0 14.658 7.034 0 14.658 6.828 0 17.143 6.828 0
4 16 35.031 6.828 0 33.292 6.828 0 33.292 6.621 0 35.031 6.621 0
4 16 24.348 6.828 0 23.106 6.828 0 23.106 6.621 0 24.348 6.621 0
4 16 16.894 6.828 0 14.907 6.828 0 14.907 6.621 0 16.894 6.621 0
4 16 16.894 6.621 0 4.721 6.621 0 4.721 6.414 0 16.894 6.414 0
4 16 17.143 6.414 0 4.224 6.414 0 4.224 6.207 0 17.143 6.207 0
4 16 32.298 6.207 0 25.59 6.207 0 25.59 6 0 32.298 6 0
4 16 32.795 6 0 24.845 6 0 24.845 5.793 0 32.795 5.793 0
4 16 33.044 5.793 0 24.845 5.793 0 24.845 4.759 0 33.044 4.759 0
4 16 17.391 6.207 0 3.975 6.207 0 3.975 4.759 0 17.391 4.759 0
4 16 32.547 4.759 0 25.093 4.759 0 25.093 4.552 0 32.547 4.552 0
4 16 16.894 4.759 0 4.472 4.759 0 4.472 4.552 0 16.894 4.552 0
4 16 32.298 4.552 0 25.59 4.552 0 25.59 4.345 0 32.298 4.345 0
4 15 40 21.724 0 37.516 21.724 0 37.516 2.069 0 40 2.069 0
4 15 20.373 21.724 0 18.634 21.724 0 18.634 2.069 0 20.373 2.069 0
4 15 2.981 21.724 0 0 21.724 0 0 2.069 0 2.981 2.069 0
4 15 40 2.069 0 0 2.069 0 0 0 0 40 0 0
0 
