0 Etiqueta Titanium 02 curvada
0 Name: titan02c.dat
0 Author: cpcbegin & jasolo
0 !LDRAW_ORG Unofficial_Part
0 BFC CERTIFY CW

4 16 33.54 -15.744 23.658 35.528 -15.744 23.658 35.528 -15.728 23.452 33.54 -15.728 23.452
4 16 14.907 -15.744 23.658 17.64 -15.744 23.658 17.64 -15.728 23.452 14.907 -15.728 23.452
4 16 33.292 -15.759 23.865 36.025 -15.759 23.865 36.025 -15.744 23.658 33.292 -15.744 23.658
4 16 4.224 -15.787 24.485 7.205 -15.787 24.485 7.205 -15.728 23.452 4.224 -15.728 23.452
4 16 4.472 -15.728 23.452 6.956 -15.728 23.452 6.956 -15.713 23.245 4.472 -15.713 23.245
4 16 15.404 -15.713 23.245 17.391 -15.713 23.245 17.391 -15.697 23.039 15.404 -15.697 23.039
4 16 4.721 -15.713 23.245 6.708 -15.713 23.245 6.708 -15.682 22.834 4.721 -15.682 22.834
4 16 15.155 -15.728 23.452 17.64 -15.728 23.452 17.64 -15.713 23.245 15.155 -15.713 23.245
4 16 33.789 -15.728 23.452 35.528 -15.728 23.452 35.528 -15.713 23.245 33.789 -15.713 23.245
4 16 33.292 -15.809 25.105 36.025 -15.809 25.105 36.025 -15.802 24.899 33.292 -15.802 24.899
4 16 15.155 -15.809 25.105 17.391 -15.809 25.105 17.391 -15.802 24.899 15.155 -15.802 24.899
4 16 4.472 -15.802 24.899 6.956 -15.802 24.899 6.956 -15.794 24.692 4.472 -15.794 24.692
4 16 14.907 -15.802 24.899 17.64 -15.802 24.899 17.64 -15.794 24.692 14.907 -15.794 24.692
4 16 4.721 -15.816 25.312 6.708 -15.816 25.312 6.708 -15.802 24.899 4.721 -15.802 24.899
4 16 14.907 -15.794 24.692 17.888 -15.794 24.692 17.888 -15.744 23.658 14.907 -15.744 23.658
4 16 33.292 -15.816 25.312 35.776 -15.816 25.312 35.776 -15.809 25.105 33.292 -15.809 25.105
4 16 4.472 -15.794 24.692 7.205 -15.794 24.692 7.205 -15.787 24.485 4.472 -15.787 24.485
4 16 33.043 -15.802 24.899 36.025 -15.802 24.899 36.025 -15.759 23.865 33.043 -15.759 23.865
4 16 25.839 -15.559 21.182 33.54 -15.559 21.182 33.54 -15.544 20.977 25.839 -15.544 20.977
4 16 15.155 -15.575 21.389 17.64 -15.575 21.389 17.64 -15.559 21.182 15.155 -15.559 21.182
4 16 14.907 -15.667 22.627 17.888 -15.667 22.627 17.888 -15.575 21.389 14.907 -15.575 21.389
4 16 4.969 -15.544 20.977 6.708 -15.544 20.977 6.708 -15.529 20.77 4.969 -15.529 20.77
4 16 15.155 -15.559 21.182 17.391 -15.559 21.182 17.391 -15.544 20.977 15.155 -15.544 20.977
4 16 25.342 -15.575 21.389 33.789 -15.575 21.389 33.789 -15.559 21.182 25.342 -15.559 21.182
4 16 4.721 -15.559 21.182 6.956 -15.559 21.182 6.956 -15.544 20.977 4.721 -15.544 20.977
4 16 25.342 -15.59 21.595 34.037 -15.59 21.595 34.037 -15.575 21.389 25.342 -15.575 21.389
4 16 4.472 -15.575 21.389 7.205 -15.575 21.389 7.205 -15.559 21.182 4.472 -15.559 21.182
4 16 4.721 -15.682 22.834 6.956 -15.682 22.834 6.956 -15.667 22.627 4.721 -15.667 22.627
4 16 14.907 -15.682 22.834 17.64 -15.682 22.834 17.64 -15.667 22.627 14.907 -15.667 22.627
4 16 15.155 -15.697 23.039 17.391 -15.697 23.039 17.391 -15.682 22.834 15.155 -15.682 22.834
4 16 25.839 -15.697 23.039 33.54 -15.697 23.039 33.54 -15.682 22.834 25.839 -15.682 22.834
4 16 25.59 -15.682 22.834 33.789 -15.682 22.834 33.789 -15.667 22.627 25.59 -15.667 22.627
4 16 25.093 -15.636 22.214 34.037 -15.636 22.214 34.037 -15.59 21.595 25.093 -15.59 21.595
4 16 4.224 -15.621 22.008 7.205 -15.621 22.008 7.205 -15.575 21.389 4.224 -15.575 21.389
4 16 25.342 -15.667 22.627 34.037 -15.667 22.627 34.037 -15.636 22.214 25.342 -15.636 22.214
4 16 4.472 -15.667 22.627 7.205 -15.667 22.627 7.205 -15.621 22.008 4.472 -15.621 22.008
4 16 7.453 -15.897 27.586 14.658 -15.897 27.586 14.658 -15.889 27.379 7.453 -15.889 27.379
4 16 26.087 -15.897 27.586 32.547 -15.897 27.586 32.547 -15.889 27.379 26.087 -15.889 27.379
4 16 7.205 -15.904 27.793 14.907 -15.904 27.793 14.907 -15.897 27.586 7.205 -15.897 27.586
4 16 25.59 -15.904 27.793 33.043 -15.904 27.793 33.043 -15.897 27.586 25.59 -15.897 27.586
4 16 33.54 -15.889 27.379 35.776 -15.889 27.379 35.776 -15.882 27.172 33.54 -15.882 27.172
4 16 23.106 -15.882 27.172 25.093 -15.882 27.172 25.093 -15.875 26.966 23.106 -15.875 26.966
4 16 33.292 -15.882 27.172 36.025 -15.882 27.172 36.025 -15.875 26.966 33.292 -15.875 26.966
4 16 4.969 -15.882 27.172 6.46 -15.882 27.172 6.46 -15.875 26.966 4.969 -15.875 26.966
4 16 15.155 -15.882 27.172 17.391 -15.882 27.172 17.391 -15.875 26.966 15.155 -15.875 26.966
4 16 7.205 -15.948 29.034 14.907 -15.948 29.034 14.907 -15.941 28.827 7.205 -15.941 28.827
4 16 25.59 -15.954 29.241 33.292 -15.954 29.241 33.292 -15.948 29.034 25.59 -15.948 29.034
4 16 6.956 -15.941 28.827 15.155 -15.941 28.827 15.155 -15.904 27.793 6.956 -15.904 27.793
4 16 25.342 -15.948 29.034 33.54 -15.948 29.034 33.54 -15.911 28 25.342 -15.911 28
4 16 25.342 -15.911 28 33.292 -15.911 28 33.292 -15.904 27.793 25.342 -15.904 27.793
4 16 7.702 -15.956 29.448 14.41 -15.956 29.448 14.41 -15.954 29.241 7.702 -15.954 29.241
4 15 0 -15.996 34 40 -15.996 34 40 -15.976 31.724 0 -15.976 31.724
4 16 7.453 -15.954 29.241 14.658 -15.954 29.241 14.658 -15.948 29.034 7.453 -15.948 29.034
4 16 25.839 -15.956 29.448 33.043 -15.956 29.448 33.043 -15.954 29.241 25.839 -15.954 29.241
4 16 14.907 -15.831 25.725 17.64 -15.831 25.725 17.64 -15.824 25.518 14.907 -15.824 25.518
4 16 22.857 -15.831 25.725 25.342 -15.831 25.725 25.342 -15.824 25.518 22.857 -15.824 25.518
4 16 33.292 -15.838 25.932 35.776 -15.838 25.932 35.776 -15.831 25.725 33.292 -15.831 25.725
4 16 4.472 -15.831 25.725 7.205 -15.831 25.725 7.205 -15.824 25.518 4.472 -15.824 25.518
4 16 4.472 -15.824 25.518 6.956 -15.824 25.518 6.956 -15.816 25.312 4.472 -15.816 25.312
4 16 33.54 -15.831 25.725 35.528 -15.831 25.725 35.528 -15.816 25.312 33.54 -15.816 25.312
4 16 15.404 -15.816 25.312 17.391 -15.816 25.312 17.391 -15.809 25.105 15.404 -15.809 25.105
4 16 15.155 -15.824 25.518 17.391 -15.824 25.518 17.391 -15.816 25.312 15.155 -15.816 25.312
4 16 23.106 -15.824 25.518 24.845 -15.824 25.518 24.845 -15.816 25.312 23.106 -15.816 25.312
4 16 22.857 -15.875 26.966 25.342 -15.875 26.966 25.342 -15.867 26.76 22.857 -15.867 26.76
4 16 22.857 -15.867 26.76 25.59 -15.867 26.76 25.59 -15.853 26.346 22.857 -15.853 26.346
4 16 4.472 -15.875 26.966 6.956 -15.875 26.966 6.956 -15.867 26.76 4.472 -15.867 26.76
4 16 14.907 -15.875 26.966 17.64 -15.875 26.966 17.64 -15.867 26.76 14.907 -15.867 26.76
4 16 22.609 -15.853 26.346 25.59 -15.853 26.346 25.59 -15.838 25.932 22.609 -15.838 25.932
4 16 14.907 -15.867 26.76 17.888 -15.867 26.76 17.888 -15.831 25.725 14.907 -15.831 25.725
4 16 22.609 -15.838 25.932 25.342 -15.838 25.932 25.342 -15.831 25.725 22.609 -15.831 25.725
4 16 33.043 -15.875 26.966 36.025 -15.875 26.966 36.025 -15.838 25.932 33.043 -15.838 25.932
4 16 4.224 -15.867 26.76 7.205 -15.867 26.76 7.205 -15.831 25.725 4.224 -15.831 25.725
4 16 7.205 -15.006 16.042 15.155 -15.006 16.042 15.155 -14.979 15.836 7.205 -14.979 15.836
4 16 6.956 -14.979 15.836 15.155 -14.979 15.836 15.155 -14.846 14.811 6.956 -14.846 14.811
4 16 22.857 -15.059 16.452 35.776 -15.059 16.452 35.776 -15.033 16.247 22.857 -15.033 16.247
4 16 7.702 -15.033 16.247 14.41 -15.033 16.247 14.41 -15.006 16.042 7.702 -15.006 16.042
4 16 23.106 -14.846 14.811 35.528 -14.846 14.811 35.528 -14.82 14.606 23.106 -14.82 14.606
4 16 7.702 -14.82 14.606 14.41 -14.82 14.606 14.41 -14.777 14.403 7.702 -14.777 14.403
4 16 22.609 -15.033 16.247 36.025 -15.033 16.247 36.025 -14.846 14.811 22.609 -14.846 14.811
4 16 7.453 -14.846 14.811 14.907 -14.846 14.811 14.907 -14.82 14.606 7.453 -14.82 14.606
4 16 15.155 -15.139 17.067 17.64 -15.139 17.067 17.64 -15.113 16.863 15.155 -15.113 16.863
4 16 22.857 -15.139 17.067 25.342 -15.139 17.067 25.342 -15.113 16.863 22.857 -15.113 16.863
4 16 22.609 -15.166 17.272 25.342 -15.166 17.272 25.342 -15.139 17.067 22.609 -15.139 17.067
4 16 4.472 -15.166 17.272 7.205 -15.166 17.272 7.205 -15.113 16.863 4.472 -15.113 16.863
4 16 23.106 -15.113 16.863 25.093 -15.113 16.863 25.093 -15.086 16.657 23.106 -15.086 16.657
4 16 23.106 -15.086 16.657 35.279 -15.086 16.657 35.279 -15.059 16.452 23.106 -15.059 16.452
4 16 4.969 -15.113 16.863 6.708 -15.113 16.863 6.708 -15.086 16.657 4.969 -15.086 16.657
4 16 15.652 -15.113 16.863 16.894 -15.113 16.863 16.894 -15.086 16.657 15.652 -15.086 16.657
4 15 21.366 -14.826 14.623 21.366 -14.295 12.179 19.627 -14.295 12.179 19.627 -14.826 14.623
4 15 40 -15.976 31.724 40 -15.955 29.209 37.019 -15.955 29.209 37.019 -15.976 31.724
4 15 21.366 -15.77 24.028 21.366 -15.414 19.193 19.627 -15.414 19.193 19.627 -15.77 24.028
4 15 21.366 -15.414 19.193 21.366 -14.826 14.623 19.627 -14.826 14.623 19.627 -15.414 19.193
4 15 40 -15.413 19.179 40 -14.827 14.629 37.019 -14.827 14.629 37.019 -15.413 19.179
4 15 40 -14.827 14.629 40 -14.295 12.179 37.019 -14.295 12.179 37.019 -14.827 14.629
4 15 40 -15.955 29.209 40 -15.77 24.028 37.019 -15.77 24.028 37.019 -15.955 29.209
4 15 40 -15.77 24.028 40 -15.413 19.179 37.019 -15.413 19.179 37.019 -15.77 24.028
4 15 2.484 -15.955 29.209 2.484 -15.77 24.028 0 -15.77 24.028 0 -15.955 29.209
4 15 2.484 -15.77 24.028 2.484 -15.413 19.179 0 -15.413 19.179 0 -15.77 24.028
4 15 40 -13.856 10.157 0 -13.856 10.157 0 -14.295 12.179 40 -14.295 12.179
4 15 2.484 -15.976 31.724 2.484 -15.955 29.209 0 -15.955 29.209 0 -15.976 31.724
4 15 21.366 -15.976 31.724 21.366 -15.955 29.209 19.627 -15.955 29.209 19.627 -15.976 31.724
4 15 21.366 -15.955 29.209 21.366 -15.77 24.028 19.627 -15.77 24.028 19.627 -15.955 29.209
4 15 2.484 -15.413 19.179 2.484 -14.827 14.629 0 -14.827 14.629 0 -15.413 19.179
4 15 2.484 -14.827 14.629 2.484 -14.295 12.179 0 -14.295 12.179 0 -14.827 14.629
4 16 4.472 -15.421 19.325 7.205 -15.421 19.325 7.205 -15.406 19.119 4.472 -15.406 19.119
4 16 22.857 -15.482 20.151 25.59 -15.482 20.151 25.59 -15.421 19.325 22.857 -15.421 19.325
4 16 14.907 -15.498 20.357 17.888 -15.498 20.357 17.888 -15.421 19.325 14.907 -15.421 19.325
4 16 14.907 -15.421 19.325 17.64 -15.421 19.325 17.64 -15.406 19.119 14.907 -15.406 19.119
4 16 15.155 -15.406 19.119 17.64 -15.406 19.119 17.64 -15.379 18.915 15.155 -15.379 18.915
4 16 4.472 -15.406 19.119 6.956 -15.406 19.119 6.956 -15.379 18.915 4.472 -15.379 18.915
4 16 22.857 -15.421 19.325 25.342 -15.421 19.325 25.342 -15.406 19.119 22.857 -15.406 19.119
4 16 4.224 -15.498 20.357 7.205 -15.498 20.357 7.205 -15.421 19.325 4.224 -15.421 19.325
4 16 15.155 -15.529 20.77 17.64 -15.529 20.77 17.64 -15.513 20.564 15.155 -15.513 20.564
4 16 4.721 -15.529 20.77 6.708 -15.529 20.77 6.708 -15.513 20.564 4.721 -15.513 20.564
4 16 15.404 -15.544 20.977 17.391 -15.544 20.977 17.391 -15.529 20.77 15.404 -15.529 20.77
4 16 23.106 -15.529 20.77 24.348 -15.529 20.77 24.348 -15.513 20.564 23.106 -15.513 20.564
4 16 22.857 -15.513 20.564 25.342 -15.513 20.564 25.342 -15.482 20.151 22.857 -15.482 20.151
4 16 14.907 -15.513 20.564 17.64 -15.513 20.564 17.64 -15.498 20.357 14.907 -15.498 20.357
4 16 4.472 -15.513 20.564 7.205 -15.513 20.564 7.205 -15.498 20.357 4.472 -15.498 20.357
4 16 22.857 -15.406 19.119 25.093 -15.406 19.119 25.093 -15.379 18.915 22.857 -15.379 18.915
4 16 4.224 -15.273 18.093 7.205 -15.273 18.093 7.205 -15.246 17.888 4.224 -15.246 17.888
4 16 14.907 -15.326 18.504 17.64 -15.326 18.504 17.64 -15.273 18.093 14.907 -15.273 18.093
4 16 4.472 -15.299 18.299 7.205 -15.299 18.299 7.205 -15.273 18.093 4.472 -15.273 18.093
4 16 14.658 -15.273 18.093 17.888 -15.273 18.093 17.888 -15.193 17.478 14.658 -15.193 17.478
4 16 14.907 -15.193 17.478 17.888 -15.193 17.478 17.888 -15.139 17.067 14.907 -15.139 17.067
4 16 22.609 -15.299 18.299 25.59 -15.299 18.299 25.59 -15.166 17.272 22.609 -15.166 17.272
4 16 4.224 -15.246 17.888 7.453 -15.246 17.888 7.453 -15.166 17.272 4.224 -15.166 17.272
4 16 4.721 -15.379 18.915 6.708 -15.379 18.915 6.708 -15.326 18.504 4.721 -15.326 18.504
4 16 15.155 -15.352 18.709 17.391 -15.352 18.709 17.391 -15.326 18.504 15.155 -15.326 18.504
4 16 15.404 -15.379 18.915 17.391 -15.379 18.915 17.391 -15.352 18.709 15.404 -15.352 18.709
4 16 23.106 -15.379 18.915 25.093 -15.379 18.915 25.093 -15.352 18.709 23.106 -15.352 18.709
4 16 4.472 -15.326 18.504 6.956 -15.326 18.504 6.956 -15.299 18.299 4.472 -15.299 18.299
4 16 22.857 -15.326 18.504 25.342 -15.326 18.504 25.342 -15.299 18.299 22.857 -15.299 18.299
4 16 22.857 -15.352 18.709 25.093 -15.352 18.709 25.093 -15.326 18.504 22.857 -15.326 18.504
