0 Tren Rueda		|D:D
0 Name: trenr.dat
0 Author: pollo & jasolo
0 !LDRAW_ORG Unofficial_Part
0 BFC CERTIFY CCW
4 16 20 -6.804 -2.887 17.5 -6.804 -2.887 17.5 -5.79 -2.21 20 -5.79 -2.21
4 16 20 -8 -3.125 17.5 -8 -3.125 17.5 -6.804 -2.887 20 -6.804 -2.887
4 16 20 -9.196 -2.887 17.5 -9.196 -2.887 17.5 -8 -3.125 20 -8 -3.125
4 16 20 -10.21 -2.21 17.5 -10.21 -2.21 17.5 -9.196 -2.887 20 -9.196 -2.887
4 16 20 -10.887 -1.196 17.5 -10.887 -1.196 17.5 -10.21 -2.21 20 -10.21 -2.21
4 16 20 -11.125 0 17.5 -11.125 0 17.5 -10.887 -1.196 20 -10.887 -1.196
4 16 17.5 -11.125 0 20 -11.125 0 20 -10.887 1.196 17.5 -10.887 1.196
4 16 20 -10.21 2.21 17.5 -10.21 2.21 17.5 -10.887 1.196 20 -10.887 1.196
4 16 20 -9.196 2.887 17.5 -9.196 2.887 17.5 -10.21 2.21 20 -10.21 2.21
4 16 20 -8 3.125 17.5 -8 3.125 17.5 -9.196 2.887 20 -9.196 2.887
4 16 20 -6.804 2.887 17.5 -6.804 2.887 17.5 -8 3.125 20 -8 3.125
4 16 20 -6.804 2.887 20 -5.79 2.21 17.5 -5.79 2.21 17.5 -6.804 2.887
4 16 20 -5.79 -2.21 17.5 -5.79 -2.21 17.5 -5.113 -1.196 20 -5.113 -1.196
4 16 20 -5.113 -1.196 17.5 -5.113 -1.196 17.5 -4.875 0 20 -4.875 0
4 16 20 -4.875 0 17.5 -4.875 0 17.5 -5.113 1.196 20 -5.113 1.196
4 16 20 -5.113 1.196 17.5 -5.113 1.196 17.5 -5.79 2.21 20 -5.79 2.21
3 16 20 -10.887 -1.196 20 -8 0 20 -11.125 0
3 16 20 -11.125 0 20 -8 0 20 -10.887 1.196
3 16 20 -10.21 -2.21 20 -8 0 20 -10.887 -1.196
3 16 20 -10.887 1.196 20 -8 0 20 -10.21 2.21
3 16 20 -9.196 -2.887 20 -8 0 20 -10.21 -2.21
3 16 20 -10.21 2.21 20 -8 0 20 -9.196 2.887
3 16 20 -8 -3.125 20 -8 0 20 -9.196 -2.887
3 16 20 -9.196 2.887 20 -8 0 20 -8 3.125
3 16 20 -6.804 -2.887 20 -8 0 20 -8 -3.125
3 16 20 -8 3.125 20 -8 0 20 -6.804 2.887
3 16 20 -5.79 -2.21 20 -8 0 20 -6.804 -2.887
3 16 20 -6.804 2.887 20 -8 0 20 -5.79 2.21
3 16 20 -5.113 1.196 20 -8 0 20 -4.875 0
3 16 20 -4.875 0 20 -8 0 20 -5.113 -1.196
3 16 20 -5.113 -1.196 20 -8 0 20 -5.79 -2.21
3 16 20 -5.79 2.21 20 -8 0 20 -5.113 1.196
4 16 17.5 -10.887 -1.196 17.5 -11.125 0 17.5 -17.375 0 17.5 -16.661 -3.588
4 16 17.5 -11.125 0 17.5 -10.887 1.196 17.5 -16.661 3.588 17.5 -17.375 0
4 16 17.5 -10.21 -2.21 17.5 -10.887 -1.196 17.5 -16.661 -3.588 17.5 -14.63 -6.63
4 16 17.5 -10.887 1.196 17.5 -10.21 2.21 17.5 -14.63 6.63 17.5 -16.661 3.588
4 16 17.5 -9.196 -2.887 17.5 -10.21 -2.21 17.5 -14.63 -6.63 17.5 -11.588 -8.661
4 16 17.5 -10.21 2.21 17.5 -9.196 2.887 17.5 -11.588 8.661 17.5 -14.63 6.63
4 16 17.5 -8 -3.125 17.5 -9.196 -2.887 17.5 -11.588 -8.661 17.5 -8 -9.375
4 16 17.5 -9.196 2.887 17.5 -8 3.125 17.5 -8 9.375 17.5 -11.588 8.661
4 16 17.5 -6.804 -2.887 17.5 -8 -3.125 17.5 -8 -9.375 17.5 -4.412 -8.661
4 16 17.5 -8 3.125 17.5 -6.804 2.887 17.5 -4.412 8.661 17.5 -8 9.375
4 16 17.5 -5.79 -2.21 17.5 -6.804 -2.887 17.5 -4.412 -8.661 17.5 -1.37 -6.63
4 16 17.5 -6.804 2.887 17.5 -5.79 2.21 17.5 -1.37 6.63 17.5 -4.412 8.661
4 16 17.5 -5.113 1.196 17.5 -4.875 0 17.5 1.375 0 17.5 0.661 3.588
4 16 17.5 -4.875 0 17.5 -5.113 -1.196 17.5 0.661 -3.588 17.5 1.375 0
4 16 17.5 -5.113 -1.196 17.5 -5.79 -2.21 17.5 -1.37 -6.63 17.5 0.661 -3.588
4 16 17.5 -5.79 2.21 17.5 -5.113 1.196 17.5 0.661 3.588 17.5 -1.37 6.63
4 16 17.5 -16.661 -3.588 17.5 -17.375 0 16.25 -17.375 0 16.25 -16.661 -3.588
4 16 17.5 -17.375 0 17.5 -16.661 3.588 16.25 -16.661 3.588 16.25 -17.375 0
4 16 17.5 -14.63 -6.63 17.5 -16.661 -3.588 16.25 -16.661 -3.588 16.25 -14.63 -6.63
4 16 17.5 -16.661 3.588 17.5 -14.63 6.63 16.25 -14.63 6.63 16.25 -16.661 3.588
4 16 17.5 -11.588 -8.661 17.5 -14.63 -6.63 16.25 -14.63 -6.63 16.25 -11.588 -8.661
4 16 17.5 -14.63 6.63 17.5 -11.588 8.661 16.25 -11.588 8.661 16.25 -14.63 6.63
4 16 17.5 -8 -9.375 17.5 -11.588 -8.661 16.25 -11.588 -8.661 16.25 -8 -9.375
4 16 17.5 -11.588 8.661 17.5 -8 9.375 16.25 -8 9.375 16.25 -11.588 8.661
4 16 17.5 -4.412 -8.661 17.5 -8 -9.375 16.25 -8 -9.375 16.25 -4.412 -8.661
4 16 17.5 -8 9.375 17.5 -4.412 8.661 16.25 -4.412 8.661 16.25 -8 9.375
4 16 17.5 -1.37 -6.63 17.5 -4.412 -8.661 16.25 -4.412 -8.661 16.25 -1.37 -6.63
4 16 17.5 -4.412 8.661 17.5 -1.37 6.63 16.25 -1.37 6.63 16.25 -4.412 8.661
4 16 17.5 0.661 3.588 17.5 1.375 0 16.25 1.375 0 16.25 0.661 3.588
4 16 17.5 1.375 0 17.5 0.661 -3.588 16.25 0.661 -3.588 16.25 1.375 0
4 16 17.5 0.661 -3.588 17.5 -1.37 -6.63 16.25 -1.37 -6.63 16.25 0.661 -3.588
4 16 17.5 -1.37 6.63 17.5 0.661 3.588 16.25 0.661 3.588 16.25 -1.37 6.63
4 16 16.25 -16.661 -3.588 16.25 -17.375 0 16.25 -20.5 0 16.25 -19.548 -4.784
4 16 16.25 -17.375 0 16.25 -16.661 3.588 16.25 -19.548 4.784 16.25 -20.5 0
4 16 16.25 -14.63 -6.63 16.25 -16.661 -3.588 16.25 -19.548 -4.784 16.25 -16.84 -8.84
4 16 16.25 -16.661 3.588 16.25 -14.63 6.63 16.25 -16.84 8.84 16.25 -19.548 4.784
4 16 16.25 -11.588 -8.661 16.25 -14.63 -6.63 16.25 -16.84 -8.84 16.25 -12.784 -11.548
4 16 16.25 -14.63 6.63 16.25 -11.588 8.661 16.25 -12.784 11.548 16.25 -16.84 8.84
4 16 16.25 -8 -9.375 16.25 -11.588 -8.661 16.25 -12.784 -11.548 16.25 -8 -12.5
4 16 16.25 -11.588 8.661 16.25 -8 9.375 16.25 -8 12.5 16.25 -12.784 11.548
4 16 16.25 -4.412 -8.661 16.25 -8 -9.375 16.25 -8 -12.5 16.25 -3.216 -11.548
4 16 16.25 -8 9.375 16.25 -4.412 8.661 16.25 -3.216 11.548 16.25 -8 12.5
4 16 16.25 -1.37 -6.63 16.25 -4.412 -8.661 16.25 -3.216 -11.548 16.25 0.84 -8.84
4 16 16.25 -4.412 8.661 16.25 -1.37 6.63 16.25 0.84 8.84 16.25 -3.216 11.548
4 16 16.25 0.661 3.588 16.25 1.375 0 16.25 4.5 0 16.25 3.548 4.784
4 16 16.25 1.375 0 16.25 0.661 -3.588 16.25 3.548 -4.784 16.25 4.5 0
4 16 16.25 0.661 -3.588 16.25 -1.37 -6.63 16.25 0.84 -8.84 16.25 3.548 -4.784
4 16 16.25 -1.37 6.63 16.25 0.661 3.588 16.25 3.548 4.784 16.25 0.84 8.84
4 16 16.25 -19.548 -4.784 16.25 -20.5 0 11.25 -20.5 0 11.25 -19.548 -4.784
4 16 16.25 -20.5 0 16.25 -19.548 4.784 11.25 -19.548 4.784 11.25 -20.5 0
4 16 16.25 -16.84 -8.84 16.25 -19.548 -4.784 11.25 -19.548 -4.784 11.25 -16.84 -8.84
4 16 16.25 -19.548 4.784 16.25 -16.84 8.84 11.25 -16.84 8.84 11.25 -19.548 4.784
4 16 16.25 -12.784 -11.548 16.25 -16.84 -8.84 11.25 -16.84 -8.84 11.25 -12.784 -11.548
4 16 16.25 -16.84 8.84 16.25 -12.784 11.548 11.25 -12.784 11.548 11.25 -16.84 8.84
4 16 16.25 -8 -12.5 16.25 -12.784 -11.548 11.25 -12.784 -11.548 11.25 -8 -12.5
4 16 16.25 -12.784 11.548 16.25 -8 12.5 11.25 -8 12.5 11.25 -12.784 11.548
4 16 16.25 -3.216 -11.548 16.25 -8 -12.5 11.25 -8 -12.5 11.25 -3.216 -11.548
4 16 16.25 -8 12.5 16.25 -3.216 11.548 11.25 -3.216 11.548 11.25 -8 12.5
4 16 16.25 0.84 -8.84 16.25 -3.216 -11.548 11.25 -3.216 -11.548 11.25 0.84 -8.84
4 16 16.25 -3.216 11.548 16.25 0.84 8.84 11.25 0.84 8.84 11.25 -3.216 11.548
4 16 16.25 3.548 4.784 16.25 4.5 0 11.25 4.5 0 11.25 3.548 4.784
4 16 16.25 4.5 0 16.25 3.548 -4.784 11.25 3.548 -4.784 11.25 4.5 0
4 16 16.25 3.548 -4.784 16.25 0.84 -8.84 11.25 0.84 -8.84 11.25 3.548 -4.784
4 16 16.25 0.84 8.84 16.25 3.548 4.784 11.25 3.548 4.784 11.25 0.84 8.84
4 16 11.25 -19.548 -4.784 11.25 -20.5 0 11.25 -11.125 0 11.25 -10.887 -1.196
4 16 11.25 -20.5 0 11.25 -19.548 4.784 11.25 -10.887 1.196 11.25 -11.125 0
4 16 11.25 -16.84 -8.84 11.25 -19.548 -4.784 11.25 -10.887 -1.196 11.25 -10.21 -2.21
4 16 11.25 -19.548 4.784 11.25 -16.84 8.84 11.25 -10.21 2.21 11.25 -10.887 1.196
4 16 11.25 -12.784 -11.548 11.25 -16.84 -8.84 11.25 -10.21 -2.21 11.25 -9.196 -2.887
4 16 11.25 -16.84 8.84 11.25 -12.784 11.548 11.25 -9.196 2.887 11.25 -10.21 2.21
4 16 11.25 -8 -12.5 11.25 -12.784 -11.548 11.25 -9.196 -2.887 11.25 -8 -3.125
4 16 11.25 -12.784 11.548 11.25 -8 12.5 11.25 -8 3.125 11.25 -9.196 2.887
4 16 11.25 -3.216 -11.548 11.25 -8 -12.5 11.25 -8 -3.125 11.25 -6.804 -2.887
4 16 11.25 -8 12.5 11.25 -3.216 11.548 11.25 -6.804 2.887 11.25 -8 3.125
4 16 11.25 0.84 -8.84 11.25 -3.216 -11.548 11.25 -6.804 -2.887 11.25 -5.79 -2.21
4 16 11.25 -3.216 11.548 11.25 0.84 8.84 11.25 -5.79 2.21 11.25 -6.804 2.887
4 16 11.25 3.548 4.784 11.25 4.5 0 11.25 -4.875 0 11.25 -5.113 1.196
4 16 11.25 4.5 0 11.25 3.548 -4.784 11.25 -5.113 -1.196 11.25 -4.875 0
4 16 11.25 3.548 -4.784 11.25 0.84 -8.84 11.25 -5.79 -2.21 11.25 -5.113 -1.196
4 16 11.25 0.84 8.84 11.25 3.548 4.784 11.25 -5.113 1.196 11.25 -5.79 2.21
4 16 11.25 -10.887 -1.196 11.25 -11.125 0 0 -11.125 0 0 -10.887 -1.196
4 16 11.25 -11.125 0 11.25 -10.887 1.196 0 -10.887 1.196 0 -11.125 0
4 16 11.25 -10.21 -2.21 11.25 -10.887 -1.196 0 -10.887 -1.196 0 -10.21 -2.21
4 16 11.25 -10.887 1.196 11.25 -10.21 2.21 0 -10.21 2.21 0 -10.887 1.196
4 16 11.25 -9.196 -2.887 11.25 -10.21 -2.21 0 -10.21 -2.21 0 -9.196 -2.887
4 16 11.25 -10.21 2.21 11.25 -9.196 2.887 0 -9.196 2.887 0 -10.21 2.21
4 16 11.25 -8 -3.125 11.25 -9.196 -2.887 0 -9.196 -2.887 0 -8 -3.125
4 16 11.25 -9.196 2.887 11.25 -8 3.125 0 -8 3.125 0 -9.196 2.887
4 16 11.25 -6.804 -2.887 11.25 -8 -3.125 0 -8 -3.125 0 -6.804 -2.887
4 16 11.25 -8 3.125 11.25 -6.804 2.887 0 -6.804 2.887 0 -8 3.125
4 16 11.25 -5.79 -2.21 11.25 -6.804 -2.887 0 -6.804 -2.887 0 -5.79 -2.21
4 16 11.25 -6.804 2.887 11.25 -5.79 2.21 0 -5.79 2.21 0 -6.804 2.887
4 16 11.25 -5.113 1.196 11.25 -4.875 0 0 -4.875 0 0 -5.113 1.196
4 16 11.25 -4.875 0 11.25 -5.113 -1.196 0 -5.113 -1.196 0 -4.875 0
4 16 11.25 -5.113 -1.196 11.25 -5.79 -2.21 0 -5.79 -2.21 0 -5.113 -1.196
4 16 11.25 -5.79 2.21 11.25 -5.113 1.196 0 -5.113 1.196 0 -5.79 2.21
4 16 -11.25 -5.79 -2.21 -11.25 -5.113 -1.196 0 -5.113 -1.196 0 -5.79 -2.21
4 16 -11.25 -5.113 1.196 -11.25 -5.79 2.21 0 -5.79 2.21 0 -5.113 1.196
4 16 -11.25 -4.875 0 -11.25 -5.113 1.196 0 -5.113 1.196 0 -4.875 0
4 16 -11.25 -5.113 -1.196 -11.25 -4.875 0 0 -4.875 0 0 -5.113 -1.196
4 16 -11.25 -6.804 -2.887 -11.25 -5.79 -2.21 0 -5.79 -2.21 0 -6.804 -2.887
4 16 -11.25 -5.79 2.21 -11.25 -6.804 2.887 0 -6.804 2.887 0 -5.79 2.21
4 16 -11.25 -8 -3.125 -11.25 -6.804 -2.887 0 -6.804 -2.887 0 -8 -3.125
4 16 -11.25 -6.804 2.887 -11.25 -8 3.125 0 -8 3.125 0 -6.804 2.887
4 16 -11.25 -9.196 -2.887 -11.25 -8 -3.125 0 -8 -3.125 0 -9.196 -2.887
4 16 -11.25 -8 3.125 -11.25 -9.196 2.887 0 -9.196 2.887 0 -8 3.125
4 16 -11.25 -10.21 -2.21 -11.25 -9.196 -2.887 0 -9.196 -2.887 0 -10.21 -2.21
4 16 -11.25 -9.196 2.887 -11.25 -10.21 2.21 0 -10.21 2.21 0 -9.196 2.887
4 16 -11.25 -10.887 -1.196 -11.25 -10.21 -2.21 0 -10.21 -2.21 0 -10.887 -1.196
4 16 -11.25 -10.21 2.21 -11.25 -10.887 1.196 0 -10.887 1.196 0 -10.21 2.21
4 16 -11.25 -11.125 0 -11.25 -10.887 -1.196 0 -10.887 -1.196 0 -11.125 0
4 16 -11.25 -10.887 1.196 -11.25 -11.125 0 0 -11.125 0 0 -10.887 1.196
4 16 -11.25 0.84 -8.84 -11.25 3.548 -4.784 -11.25 -5.113 -1.196 -11.25 -5.79 -2.21
4 16 -11.25 3.548 4.784 -11.25 0.84 8.84 -11.25 -5.79 2.21 -11.25 -5.113 1.196
4 16 -11.25 4.5 0 -11.25 3.548 4.784 -11.25 -5.113 1.196 -11.25 -4.875 0
4 16 -11.25 3.548 -4.784 -11.25 4.5 0 -11.25 -4.875 0 -11.25 -5.113 -1.196
4 16 -11.25 -3.216 -11.548 -11.25 0.84 -8.84 -11.25 -5.79 -2.21 -11.25 -6.804 -2.887
4 16 -11.25 0.84 8.84 -11.25 -3.216 11.548 -11.25 -6.804 2.887 -11.25 -5.79 2.21
4 16 -11.25 -8 -12.5 -11.25 -3.216 -11.548 -11.25 -6.804 -2.887 -11.25 -8 -3.125
4 16 -11.25 -3.216 11.548 -11.25 -8 12.5 -11.25 -8 3.125 -11.25 -6.804 2.887
4 16 -11.25 -12.784 -11.548 -11.25 -8 -12.5 -11.25 -8 -3.125 -11.25 -9.196 -2.887
4 16 -11.25 -8 12.5 -11.25 -12.784 11.548 -11.25 -9.196 2.887 -11.25 -8 3.125
4 16 -11.25 -16.84 -8.84 -11.25 -12.784 -11.548 -11.25 -9.196 -2.887 -11.25 -10.21 -2.21
4 16 -11.25 -12.784 11.548 -11.25 -16.84 8.84 -11.25 -10.21 2.21 -11.25 -9.196 2.887
4 16 -11.25 -19.548 -4.784 -11.25 -16.84 -8.84 -11.25 -10.21 -2.21 -11.25 -10.887 -1.196
4 16 -11.25 -16.84 8.84 -11.25 -19.548 4.784 -11.25 -10.887 1.196 -11.25 -10.21 2.21
4 16 -11.25 -20.5 0 -11.25 -19.548 -4.784 -11.25 -10.887 -1.196 -11.25 -11.125 0
4 16 -11.25 -19.548 4.784 -11.25 -20.5 0 -11.25 -11.125 0 -11.25 -10.887 1.196
4 16 -16.25 0.84 -8.84 -16.25 3.548 -4.784 -11.25 3.548 -4.784 -11.25 0.84 -8.84
4 16 -16.25 3.548 4.784 -16.25 0.84 8.84 -11.25 0.84 8.84 -11.25 3.548 4.784
4 16 -16.25 4.5 0 -16.25 3.548 4.784 -11.25 3.548 4.784 -11.25 4.5 0
4 16 -16.25 3.548 -4.784 -16.25 4.5 0 -11.25 4.5 0 -11.25 3.548 -4.784
4 16 -16.25 -3.216 -11.548 -16.25 0.84 -8.84 -11.25 0.84 -8.84 -11.25 -3.216 -11.548
4 16 -16.25 0.84 8.84 -16.25 -3.216 11.548 -11.25 -3.216 11.548 -11.25 0.84 8.84
4 16 -16.25 -8 -12.5 -16.25 -3.216 -11.548 -11.25 -3.216 -11.548 -11.25 -8 -12.5
4 16 -16.25 -3.216 11.548 -16.25 -8 12.5 -11.25 -8 12.5 -11.25 -3.216 11.548
4 16 -16.25 -12.784 -11.548 -16.25 -8 -12.5 -11.25 -8 -12.5 -11.25 -12.784 -11.548
4 16 -16.25 -8 12.5 -16.25 -12.784 11.548 -11.25 -12.784 11.548 -11.25 -8 12.5
4 16 -16.25 -16.84 -8.84 -16.25 -12.784 -11.548 -11.25 -12.784 -11.548 -11.25 -16.84 -8.84
4 16 -16.25 -12.784 11.548 -16.25 -16.84 8.84 -11.25 -16.84 8.84 -11.25 -12.784 11.548
4 16 -16.25 -19.548 -4.784 -16.25 -16.84 -8.84 -11.25 -16.84 -8.84 -11.25 -19.548 -4.784
4 16 -16.25 -16.84 8.84 -16.25 -19.548 4.784 -11.25 -19.548 4.784 -11.25 -16.84 8.84
4 16 -16.25 -20.5 0 -16.25 -19.548 -4.784 -11.25 -19.548 -4.784 -11.25 -20.5 0
4 16 -16.25 -19.548 4.784 -16.25 -20.5 0 -11.25 -20.5 0 -11.25 -19.548 4.784
4 16 -16.25 -1.37 -6.63 -16.25 0.661 -3.588 -16.25 3.548 -4.784 -16.25 0.84 -8.84
4 16 -16.25 0.661 3.588 -16.25 -1.37 6.63 -16.25 0.84 8.84 -16.25 3.548 4.784
4 16 -16.25 1.375 0 -16.25 0.661 3.588 -16.25 3.548 4.784 -16.25 4.5 0
4 16 -16.25 0.661 -3.588 -16.25 1.375 0 -16.25 4.5 0 -16.25 3.548 -4.784
4 16 -16.25 -4.412 -8.661 -16.25 -1.37 -6.63 -16.25 0.84 -8.84 -16.25 -3.216 -11.548
4 16 -16.25 -1.37 6.63 -16.25 -4.412 8.661 -16.25 -3.216 11.548 -16.25 0.84 8.84
4 16 -16.25 -8 -9.375 -16.25 -4.412 -8.661 -16.25 -3.216 -11.548 -16.25 -8 -12.5
4 16 -16.25 -4.412 8.661 -16.25 -8 9.375 -16.25 -8 12.5 -16.25 -3.216 11.548
4 16 -16.25 -11.588 -8.661 -16.25 -8 -9.375 -16.25 -8 -12.5 -16.25 -12.784 -11.548
4 16 -16.25 -8 9.375 -16.25 -11.588 8.661 -16.25 -12.784 11.548 -16.25 -8 12.5
4 16 -16.25 -14.63 -6.63 -16.25 -11.588 -8.661 -16.25 -12.784 -11.548 -16.25 -16.84 -8.84
4 16 -16.25 -11.588 8.661 -16.25 -14.63 6.63 -16.25 -16.84 8.84 -16.25 -12.784 11.548
4 16 -16.25 -16.661 -3.588 -16.25 -14.63 -6.63 -16.25 -16.84 -8.84 -16.25 -19.548 -4.784
4 16 -16.25 -14.63 6.63 -16.25 -16.661 3.588 -16.25 -19.548 4.784 -16.25 -16.84 8.84
4 16 -16.25 -17.375 0 -16.25 -16.661 -3.588 -16.25 -19.548 -4.784 -16.25 -20.5 0
4 16 -16.25 -16.661 3.588 -16.25 -17.375 0 -16.25 -20.5 0 -16.25 -19.548 4.784
4 16 -17.5 -1.37 -6.63 -17.5 0.661 -3.588 -16.25 0.661 -3.588 -16.25 -1.37 -6.63
4 16 -17.5 0.661 3.588 -17.5 -1.37 6.63 -16.25 -1.37 6.63 -16.25 0.661 3.588
4 16 -17.5 1.375 0 -17.5 0.661 3.588 -16.25 0.661 3.588 -16.25 1.375 0
4 16 -17.5 0.661 -3.588 -17.5 1.375 0 -16.25 1.375 0 -16.25 0.661 -3.588
4 16 -17.5 -4.412 -8.661 -17.5 -1.37 -6.63 -16.25 -1.37 -6.63 -16.25 -4.412 -8.661
4 16 -17.5 -1.37 6.63 -17.5 -4.412 8.661 -16.25 -4.412 8.661 -16.25 -1.37 6.63
4 16 -17.5 -8 -9.375 -17.5 -4.412 -8.661 -16.25 -4.412 -8.661 -16.25 -8 -9.375
4 16 -17.5 -4.412 8.661 -17.5 -8 9.375 -16.25 -8 9.375 -16.25 -4.412 8.661
4 16 -17.5 -11.588 -8.661 -17.5 -8 -9.375 -16.25 -8 -9.375 -16.25 -11.588 -8.661
4 16 -17.5 -8 9.375 -17.5 -11.588 8.661 -16.25 -11.588 8.661 -16.25 -8 9.375
4 16 -17.5 -14.63 -6.63 -17.5 -11.588 -8.661 -16.25 -11.588 -8.661 -16.25 -14.63 -6.63
4 16 -17.5 -11.588 8.661 -17.5 -14.63 6.63 -16.25 -14.63 6.63 -16.25 -11.588 8.661
4 16 -17.5 -16.661 -3.588 -17.5 -14.63 -6.63 -16.25 -14.63 -6.63 -16.25 -16.661 -3.588
4 16 -17.5 -14.63 6.63 -17.5 -16.661 3.588 -16.25 -16.661 3.588 -16.25 -14.63 6.63
4 16 -17.5 -17.375 0 -17.5 -16.661 -3.588 -16.25 -16.661 -3.588 -16.25 -17.375 0
4 16 -17.5 -16.661 3.588 -17.5 -17.375 0 -16.25 -17.375 0 -16.25 -16.661 3.588
4 16 -17.5 -5.79 -2.21 -17.5 -5.113 -1.196 -17.5 0.661 -3.588 -17.5 -1.37 -6.63
4 16 -17.5 -5.113 1.196 -17.5 -5.79 2.21 -17.5 -1.37 6.63 -17.5 0.661 3.588
4 16 -17.5 -4.875 0 -17.5 -5.113 1.196 -17.5 0.661 3.588 -17.5 1.375 0
4 16 -17.5 -5.113 -1.196 -17.5 -4.875 0 -17.5 1.375 0 -17.5 0.661 -3.588
4 16 -17.5 -6.804 -2.887 -17.5 -5.79 -2.21 -17.5 -1.37 -6.63 -17.5 -4.412 -8.661
4 16 -17.5 -5.79 2.21 -17.5 -6.804 2.887 -17.5 -4.412 8.661 -17.5 -1.37 6.63
4 16 -17.5 -8 -3.125 -17.5 -6.804 -2.887 -17.5 -4.412 -8.661 -17.5 -8 -9.375
4 16 -17.5 -6.804 2.887 -17.5 -8 3.125 -17.5 -8 9.375 -17.5 -4.412 8.661
4 16 -17.5 -9.196 -2.887 -17.5 -8 -3.125 -17.5 -8 -9.375 -17.5 -11.588 -8.661
4 16 -17.5 -8 3.125 -17.5 -9.196 2.887 -17.5 -11.588 8.661 -17.5 -8 9.375
4 16 -17.5 -10.21 -2.21 -17.5 -9.196 -2.887 -17.5 -11.588 -8.661 -17.5 -14.63 -6.63
4 16 -17.5 -9.196 2.887 -17.5 -10.21 2.21 -17.5 -14.63 6.63 -17.5 -11.588 8.661
4 16 -17.5 -10.887 -1.196 -17.5 -10.21 -2.21 -17.5 -14.63 -6.63 -17.5 -16.661 -3.588
4 16 -17.5 -10.21 2.21 -17.5 -10.887 1.196 -17.5 -16.661 3.588 -17.5 -14.63 6.63
4 16 -17.5 -11.125 0 -17.5 -10.887 -1.196 -17.5 -16.661 -3.588 -17.5 -17.375 0
4 16 -17.5 -10.887 1.196 -17.5 -11.125 0 -17.5 -17.375 0 -17.5 -16.661 3.588
3 16 -20 -5.79 -2.21 -20 -8 0 -20 -5.113 -1.196
3 16 -20 -5.113 1.196 -20 -8 0 -20 -5.79 2.21
3 16 -20 -4.875 0 -20 -8 0 -20 -5.113 1.196
3 16 -20 -5.113 -1.196 -20 -8 0 -20 -4.875 0
3 16 -20 -6.804 -2.887 -20 -8 0 -20 -5.79 -2.21
3 16 -20 -5.79 2.21 -20 -8 0 -20 -6.804 2.887
3 16 -20 -8 -3.125 -20 -8 0 -20 -6.804 -2.887
3 16 -20 -6.804 2.887 -20 -8 0 -20 -8 3.125
3 16 -20 -9.196 -2.887 -20 -8 0 -20 -8 -3.125
3 16 -20 -8 3.125 -20 -8 0 -20 -9.196 2.887
3 16 -20 -10.21 -2.21 -20 -8 0 -20 -9.196 -2.887
3 16 -20 -9.196 2.887 -20 -8 0 -20 -10.21 2.21
3 16 -20 -10.887 -1.196 -20 -8 0 -20 -10.21 -2.21
3 16 -20 -10.21 2.21 -20 -8 0 -20 -10.887 1.196
3 16 -20 -11.125 0 -20 -8 0 -20 -10.887 -1.196
3 16 -20 -10.887 1.196 -20 -8 0 -20 -11.125 0
4 16 -20 -5.113 -1.196 -17.5 -5.113 -1.196 -17.5 -5.79 -2.21 -20 -5.79 -2.21
4 16 -20 -4.875 0 -17.5 -4.875 0 -17.5 -5.113 -1.196 -20 -5.113 -1.196
4 16 -20 -5.113 1.196 -17.5 -5.113 1.196 -17.5 -4.875 0 -20 -4.875 0
4 16 -20 -5.79 2.21 -17.5 -5.79 2.21 -17.5 -5.113 1.196 -20 -5.113 1.196
4 16 -20 -6.804 -2.887 -20 -5.79 -2.21 -17.5 -5.79 -2.21 -17.5 -6.804 -2.887
4 16 -20 -6.804 -2.887 -17.5 -6.804 -2.887 -17.5 -8 -3.125 -20 -8 -3.125
4 16 -20 -8 -3.125 -17.5 -8 -3.125 -17.5 -9.196 -2.887 -20 -9.196 -2.887
4 16 -20 -9.196 -2.887 -17.5 -9.196 -2.887 -17.5 -10.21 -2.21 -20 -10.21 -2.21
4 16 -20 -10.21 -2.21 -17.5 -10.21 -2.21 -17.5 -10.887 -1.196 -20 -10.887 -1.196
4 16 -17.5 -11.125 0 -20 -11.125 0 -20 -10.887 -1.196 -17.5 -10.887 -1.196
4 16 -17.5 -10.887 1.196 -20 -10.887 1.196 -20 -11.125 0 -17.5 -11.125 0
4 16 -20 -10.887 1.196 -17.5 -10.887 1.196 -17.5 -10.21 2.21 -20 -10.21 2.21
4 16 -20 -10.21 2.21 -17.5 -10.21 2.21 -17.5 -9.196 2.887 -20 -9.196 2.887
4 16 -20 -9.196 2.887 -17.5 -9.196 2.887 -17.5 -8 3.125 -20 -8 3.125
4 16 -20 -8 3.125 -17.5 -8 3.125 -17.5 -6.804 2.887 -20 -6.804 2.887
4 16 -20 -6.804 2.887 -17.5 -6.804 2.887 -17.5 -5.79 2.21 -20 -5.79 2.21
5 24 17.5 -9.196 2.887 20 -9.196 2.887 17.5 -10.21 2.21 17.5 -8 3.125
2 24 17.5 -11.588 8.661 17.5 -8 9.375
5 24 -20 -8 -3.125 -17.5 -8 -3.125 -20 -6.804 -2.887 -20 -9.196 -2.887
5 24 -17.5 -1.37 -6.63 -16.25 -1.37 -6.63 -17.5 0.661 -3.588 -17.5 -4.412 -8.661
2 24 -11.25 0.84 8.84 -11.25 3.548 4.784
5 24 0 -8 -3.125 0 -9.196 -2.887 11.25 -8 -3.125 -11.25 -8 -3.125
2 24 17.5 0.661 3.588 17.5 1.375 0
2 24 -11.25 -16.84 8.84 -11.25 -12.784 11.548
2 24 -20 -11.125 0 -20 -10.887 1.196
2 24 -20 -10.887 -1.196 -20 -10.21 -2.21
5 24 11.25 -16.84 -8.84 16.25 -16.84 -8.84 11.25 -19.548 -4.784 11.25 -12.784 -11.548
2 24 16.25 -20.5 0 16.25 -19.548 -4.784
2 24 17.5 -8 -9.375 17.5 -4.412 -8.661
2 24 20 -8 -3.125 20 -6.804 -2.887
2 24 -17.5 -4.412 8.661 -17.5 -1.37 6.63
2 24 17.5 -5.113 1.196 17.5 -4.875 0
5 24 17.5 -5.79 -2.21 20 -5.79 -2.21 17.5 -6.804 -2.887 17.5 -5.113 -1.196
2 24 -16.25 0.661 -3.588 -16.25 1.375 0
5 24 16.25 -4.412 8.661 17.5 -4.412 8.661 16.25 -8 9.375 16.25 -1.37 6.63
5 24 16.25 0.661 -3.588 17.5 0.661 -3.588 16.25 1.375 0 16.25 -1.37 -6.63
2 24 -11.25 -11.125 0 -11.25 -10.887 1.196
5 24 -11.25 -10.887 1.196 0 -10.887 1.196 -11.25 -10.21 2.21 -11.25 -11.125 0
5 24 16.25 -11.588 -8.661 17.5 -11.588 -8.661 16.25 -14.63 -6.63 16.25 -8 -9.375
2 24 20 -5.79 -2.21 20 -5.113 -1.196
2 24 -11.25 -9.196 2.887 -11.25 -8 3.125
5 24 0 -10.887 -1.196 11.25 -10.887 -1.196 0 -11.125 0 0 -10.21 -2.21
5 24 16.25 -1.37 -6.63 17.5 -1.37 -6.63 16.25 -4.412 -8.661 16.25 0.661 -3.588
2 24 -20 -8 -3.125 -20 -6.804 -2.887
5 24 -17.5 -16.661 -3.588 -16.25 -16.661 -3.588 -17.5 -14.63 -6.63 -17.5 -17.375 0
2 24 -17.5 -16.661 -3.588 -17.5 -14.63 -6.63
2 24 16.25 -19.548 4.784 16.25 -16.84 8.84
2 24 17.5 -17.375 0 17.5 -16.661 3.588
5 24 17.5 -5.79 2.21 20 -5.79 2.21 17.5 -6.804 2.887 17.5 -5.113 1.196
2 24 11.25 -10.887 -1.196 11.25 -10.21 -2.21
2 24 17.5 -16.661 3.588 17.5 -14.63 6.63
2 24 -20 -5.113 -1.196 -20 -4.875 0
5 24 11.25 -8 -12.5 16.25 -8 -12.5 11.25 -12.784 -11.548 11.25 -3.216 -11.548
5 24 11.25 -12.784 -11.548 16.25 -12.784 -11.548 11.25 -16.84 -8.84 11.25 -8 -12.5
2 24 17.5 -5.79 -2.21 17.5 -5.113 -1.196
5 24 0 -5.79 2.21 0 -5.113 1.196 11.25 -5.79 2.21 -11.25 -5.79 2.21
5 24 -17.5 -16.661 3.588 -16.25 -16.661 3.588 -17.5 -14.63 6.63 -17.5 -17.375 0
5 24 0 -5.79 -2.21 0 -5.113 -1.196 11.25 -5.79 -2.21 -11.25 -5.79 -2.21
5 24 -20 -11.125 0 -17.5 -11.125 0 -20 -10.887 -1.196 -20 -10.887 1.196
5 24 16.25 -14.63 6.63 17.5 -14.63 6.63 16.25 -16.661 3.588 16.25 -11.588 8.661
5 24 0 -8 -3.125 11.25 -8 -3.125 0 -9.196 -2.887 0 -6.804 -2.887
2 24 -16.25 -11.588 8.661 -16.25 -8 9.375
5 24 -11.25 -10.21 2.21 0 -10.21 2.21 -11.25 -9.196 2.887 -11.25 -10.887 1.196
5 24 0 -9.196 -2.887 0 -10.21 -2.21 11.25 -9.196 -2.887 -11.25 -9.196 -2.887
5 24 -17.5 1.375 0 -16.25 1.375 0 -17.5 0.661 3.588 -17.5 0.661 -3.588
5 24 -20 -9.196 2.887 -17.5 -9.196 2.887 -20 -10.21 2.21 -20 -8 3.125
2 24 -17.5 -8 -3.125 -17.5 -6.804 -2.887
5 24 -20 -6.804 2.887 -17.5 -6.804 2.887 -20 -8 3.125 -20 -5.79 2.21
5 24 11.25 -3.216 11.548 16.25 -3.216 11.548 11.25 -8 12.5 11.25 0.84 8.84
2 24 -17.5 -1.37 6.63 -17.5 0.661 3.588
5 24 16.25 -11.588 8.661 17.5 -11.588 8.661 16.25 -14.63 6.63 16.25 -8 9.375
5 24 0 -5.113 1.196 11.25 -5.113 1.196 0 -4.875 0 0 -5.79 2.21
2 24 -11.25 -19.548 4.784 -11.25 -16.84 8.84
2 24 11.25 -10.21 -2.21 11.25 -9.196 -2.887
2 24 -16.25 0.84 8.84 -16.25 3.548 4.784
5 24 11.25 -3.216 -11.548 16.25 -3.216 -11.548 11.25 -8 -12.5 11.25 0.84 -8.84
2 24 11.25 0.84 8.84 11.25 3.548 4.784
2 24 11.25 -5.113 1.196 11.25 -4.875 0
2 24 17.5 -17.375 0 17.5 -16.661 -3.588
5 24 -16.25 0.84 -8.84 -11.25 0.84 -8.84 -16.25 3.548 -4.784 -16.25 -3.216 -11.548
5 24 -11.25 -5.113 1.196 0 -5.113 1.196 -11.25 -5.79 2.21 -11.25 -4.875 0
2 24 -16.25 3.548 -4.784 -16.25 4.5 0
2 24 11.25 -8 -12.5 11.25 -3.216 -11.548
2 24 -16.25 -16.661 -3.588 -16.25 -14.63 -6.63
2 24 -11.25 -20.5 0 -11.25 -19.548 -4.784
2 24 11.25 -5.113 -1.196 11.25 -4.875 0
2 24 -11.25 -6.804 -2.887 -11.25 -5.79 -2.21
5 24 -11.25 -10.887 -1.196 0 -10.887 -1.196 -11.25 -10.21 -2.21 -11.25 -11.125 0
2 24 -16.25 -14.63 6.63 -16.25 -11.588 8.661
2 24 16.25 3.548 -4.784 16.25 4.5 0
2 24 16.25 -20.5 0 16.25 -19.548 4.784
5 24 0 -11.125 0 11.25 -11.125 0 0 -10.887 -1.196 0 -10.887 1.196
5 24 -11.25 -6.804 -2.887 0 -6.804 -2.887 -11.25 -5.79 -2.21 -11.25 -8 -3.125
2 24 16.25 -4.412 -8.661 16.25 -1.37 -6.63
2 24 -17.5 -5.79 -2.21 -17.5 -5.113 -1.196
5 24 -20 -5.113 -1.196 -17.5 -5.113 -1.196 -20 -5.79 -2.21 -20 -4.875 0
5 24 17.5 -9.196 -2.887 20 -9.196 -2.887 17.5 -8 -3.125 17.5 -10.21 -2.21
5 24 -11.25 -9.196 2.887 0 -9.196 2.887 -11.25 -8 3.125 -11.25 -10.21 2.21
2 24 -20 -5.113 1.196 -20 -4.875 0
5 24 -17.5 -4.412 -8.661 -16.25 -4.412 -8.661 -17.5 -1.37 -6.63 -17.5 -8 -9.375
2 24 20 -10.21 2.21 20 -9.196 2.887
2 24 11.25 3.548 -4.784 11.25 4.5 0
2 24 16.25 -1.37 6.63 16.25 0.661 3.588
2 24 -20 -6.804 -2.887 -20 -5.79 -2.21
2 24 16.25 -14.63 -6.63 16.25 -11.588 -8.661
5 24 -16.25 -8 -12.5 -11.25 -8 -12.5 -16.25 -3.216 -11.548 -16.25 -12.784 -11.548
5 24 11.25 3.548 4.784 16.25 3.548 4.784 11.25 4.5 0 11.25 0.84 8.84
5 24 -17.5 -11.588 8.661 -16.25 -11.588 8.661 -17.5 -8 9.375 -17.5 -14.63 6.63
2 24 -11.25 -10.887 1.196 -11.25 -10.21 2.21
5 24 -11.25 -8 -3.125 0 -8 -3.125 -11.25 -6.804 -2.887 -11.25 -9.196 -2.887
5 24 17.5 -11.125 0 20 -11.125 0 17.5 -10.887 -1.196 17.5 -10.887 1.196
2 24 -20 -9.196 -2.887 -20 -8 -3.125
2 24 16.25 3.548 4.784 16.25 4.5 0
2 24 -11.25 -3.216 11.548 -11.25 0.84 8.84
2 24 11.25 0.84 -8.84 11.25 3.548 -4.784
2 24 -20 -9.196 2.887 -20 -8 3.125
5 24 -20 -8 3.125 -17.5 -8 3.125 -20 -9.196 2.887 -20 -6.804 2.887
5 24 -16.25 -16.84 -8.84 -11.25 -16.84 -8.84 -16.25 -12.784 -11.548 -16.25 -19.548 -4.784
2 24 -16.25 -1.37 -6.63 -16.25 0.661 -3.588
2 24 -16.25 -16.84 8.84 -16.25 -12.784 11.548
2 24 -16.25 0.84 -8.84 -16.25 3.548 -4.784
2 24 20 -10.887 -1.196 20 -10.21 -2.21
5 24 16.25 -4.412 -8.661 17.5 -4.412 -8.661 16.25 -8 -9.375 16.25 -1.37 -6.63
2 24 -17.5 -11.125 0 -17.5 -10.887 -1.196
2 24 -11.25 -10.887 -1.196 -11.25 -10.21 -2.21
2 24 -11.25 3.548 4.784 -11.25 4.5 0
2 24 -16.25 -12.784 11.548 -16.25 -8 12.5
2 24 -17.5 -5.79 2.21 -17.5 -5.113 1.196
2 24 -11.25 -8 -3.125 -11.25 -6.804 -2.887
2 24 20 -6.804 2.887 20 -5.79 2.21
5 24 0 -6.804 -2.887 11.25 -6.804 -2.887 0 -8 -3.125 0 -5.79 -2.21
2 24 -11.25 -11.125 0 -11.25 -10.887 -1.196
2 24 -16.25 -3.216 -11.548 -16.25 0.84 -8.84
2 24 -17.5 -11.588 8.661 -17.5 -8 9.375
5 24 0 -10.21 2.21 0 -9.196 2.887 11.25 -10.21 2.21 -11.25 -10.21 2.21
5 24 -20 -6.804 -2.887 -17.5 -6.804 -2.887 -20 -5.79 -2.21 -20 -8 -3.125
2 24 -20 -11.125 0 -20 -10.887 -1.196
2 24 -17.5 -10.21 2.21 -17.5 -9.196 2.887
2 24 -17.5 -8 -9.375 -17.5 -4.412 -8.661
5 24 17.5 -6.804 -2.887 20 -6.804 -2.887 17.5 -5.79 -2.21 17.5 -8 -3.125
5 24 -11.25 -6.804 2.887 0 -6.804 2.887 -11.25 -5.79 2.21 -11.25 -8 3.125
2 24 17.5 -10.21 -2.21 17.5 -9.196 -2.887
5 24 11.25 3.548 -4.784 16.25 3.548 -4.784 11.25 4.5 0 11.25 0.84 -8.84
2 24 17.5 -14.63 -6.63 17.5 -11.588 -8.661
2 24 -16.25 -4.412 8.661 -16.25 -1.37 6.63
5 24 -17.5 -11.588 -8.661 -16.25 -11.588 -8.661 -17.5 -8 -9.375 -17.5 -14.63 -6.63
5 24 17.5 -8 -3.125 20 -8 -3.125 17.5 -6.804 -2.887 17.5 -9.196 -2.887
5 24 17.5 -10.21 -2.21 20 -10.21 -2.21 17.5 -9.196 -2.887 17.5 -10.887 -1.196
2 24 -20 -10.887 1.196 -20 -10.21 2.21
2 24 20 -9.196 -2.887 20 -8 -3.125
2 24 16.25 0.84 8.84 16.25 3.548 4.784
5 24 -16.25 -3.216 -11.548 -11.25 -3.216 -11.548 -16.25 0.84 -8.84 -16.25 -8 -12.5
5 24 11.25 4.5 0 16.25 4.5 0 11.25 3.548 4.784 11.25 3.548 -4.784
5 24 17.5 -10.21 2.21 20 -10.21 2.21 17.5 -10.887 1.196 17.5 -9.196 2.887
2 24 -17.5 0.661 3.588 -17.5 1.375 0
2 24 -17.5 -6.804 2.887 -17.5 -5.79 2.21
5 24 -17.5 -8 -9.375 -16.25 -8 -9.375 -17.5 -4.412 -8.661 -17.5 -11.588 -8.661
2 24 17.5 -8 3.125 17.5 -6.804 2.887
5 24 -11.25 -8 3.125 0 -8 3.125 -11.25 -6.804 2.887 -11.25 -9.196 2.887
2 24 17.5 -14.63 6.63 17.5 -11.588 8.661
2 24 -11.25 -12.784 11.548 -11.25 -8 12.5
2 24 16.25 -16.661 -3.588 16.25 -14.63 -6.63
5 24 -16.25 -20.5 0 -11.25 -20.5 0 -16.25 -19.548 -4.784 -16.25 -19.548 4.784
2 24 17.5 -10.21 2.21 17.5 -9.196 2.887
5 24 0 -11.125 0 0 -10.887 1.196 11.25 -11.125 0 -11.25 -11.125 0
5 24 0 -9.196 2.887 0 -8 3.125 11.25 -9.196 2.887 -11.25 -9.196 2.887
5 24 11.25 -8 12.5 16.25 -8 12.5 11.25 -12.784 11.548 11.25 -3.216 11.548
5 24 0 -5.79 -2.21 11.25 -5.79 -2.21 0 -6.804 -2.887 0 -5.113 -1.196
2 24 17.5 0.661 -3.588 17.5 1.375 0
2 24 16.25 -16.661 3.588 16.25 -14.63 6.63
5 24 -11.25 -4.875 0 0 -4.875 0 -11.25 -5.113 1.196 -11.25 -5.113 -1.196
2 24 -17.5 0.661 -3.588 -17.5 1.375 0
2 24 17.5 -10.887 -1.196 17.5 -10.21 -2.21
2 24 17.5 -9.196 -2.887 17.5 -8 -3.125
5 24 0 -5.79 -2.21 0 -6.804 -2.887 11.25 -5.79 -2.21 -11.25 -5.79 -2.21
2 24 -11.25 -19.548 -4.784 -11.25 -16.84 -8.84
2 24 16.25 -4.412 8.661 16.25 -1.37 6.63
2 24 -16.25 -20.5 0 -16.25 -19.548 -4.784
2 24 -16.25 -19.548 -4.784 -16.25 -16.84 -8.84
2 24 -16.25 -1.37 6.63 -16.25 0.661 3.588
2 24 11.25 -12.784 -11.548 11.25 -8 -12.5
2 24 11.25 -3.216 -11.548 11.25 0.84 -8.84
5 24 -20 -10.21 2.21 -17.5 -10.21 2.21 -20 -10.887 1.196 -20 -9.196 2.887
5 24 11.25 -16.84 8.84 16.25 -16.84 8.84 11.25 -19.548 4.784 11.25 -12.784 11.548
2 24 -17.5 -6.804 -2.887 -17.5 -5.79 -2.21
5 24 16.25 -1.37 6.63 17.5 -1.37 6.63 16.25 -4.412 8.661 16.25 0.661 3.588
2 24 16.25 -17.375 0 16.25 -16.661 3.588
2 24 -11.25 3.548 -4.784 -11.25 4.5 0
5 24 -20 -4.875 0 -17.5 -4.875 0 -20 -5.113 -1.196 -20 -5.113 1.196
2 24 -16.25 -11.588 -8.661 -16.25 -8 -9.375
2 24 16.25 -3.216 -11.548 16.25 0.84 -8.84
2 24 11.25 -5.79 2.21 11.25 -5.113 1.196
5 24 0 -11.125 0 0 -10.887 -1.196 11.25 -11.125 0 -11.25 -11.125 0
2 24 20 -11.125 0 20 -10.887 -1.196
2 24 -20 -6.804 2.887 -20 -5.79 2.21
5 24 -11.25 -9.196 -2.887 0 -9.196 -2.887 -11.25 -8 -3.125 -11.25 -10.21 -2.21
5 24 -17.5 0.661 -3.588 -16.25 0.661 -3.588 -17.5 -1.37 -6.63 -17.5 1.375 0
5 24 17.5 -10.887 -1.196 20 -10.887 -1.196 17.5 -10.21 -2.21 17.5 -11.125 0
2 24 -17.5 -17.375 0 -17.5 -16.661 -3.588
5 24 16.25 -16.661 3.588 17.5 -16.661 3.588 16.25 -17.375 0 16.25 -14.63 6.63
5 24 -17.5 -4.412 8.661 -16.25 -4.412 8.661 -17.5 -1.37 6.63 -17.5 -8 9.375
5 24 16.25 -8 9.375 17.5 -8 9.375 16.25 -11.588 8.661 16.25 -4.412 8.661
5 24 16.25 -8 -9.375 17.5 -8 -9.375 16.25 -11.588 -8.661 16.25 -4.412 -8.661
2 24 16.25 -8 12.5 16.25 -3.216 11.548
2 24 16.25 -12.784 -11.548 16.25 -8 -12.5
5 24 -11.25 -11.125 0 0 -11.125 0 -11.25 -10.887 -1.196 -11.25 -10.887 1.196
2 24 17.5 -11.125 0 17.5 -10.887 -1.196
5 24 16.25 -14.63 -6.63 17.5 -14.63 -6.63 16.25 -16.661 -3.588 16.25 -11.588 -8.661
2 24 11.25 -12.784 11.548 11.25 -8 12.5
2 24 17.5 -1.37 6.63 17.5 0.661 3.588
2 24 20 -8 3.125 20 -6.804 2.887
2 24 16.25 0.661 -3.588 16.25 1.375 0
5 24 17.5 -4.875 0 20 -4.875 0 17.5 -5.113 -1.196 17.5 -5.113 1.196
2 24 -17.5 -5.113 -1.196 -17.5 -4.875 0
2 24 20 -6.804 -2.887 20 -5.79 -2.21
2 24 -16.25 -8 -9.375 -16.25 -4.412 -8.661
2 24 -11.25 -20.5 0 -11.25 -19.548 4.784
5 24 -16.25 0.84 8.84 -11.25 0.84 8.84 -16.25 3.548 4.784 -16.25 -3.216 11.548
2 24 -11.25 -8 -12.5 -11.25 -3.216 -11.548
5 24 -11.25 -10.21 -2.21 0 -10.21 -2.21 -11.25 -9.196 -2.887 -11.25 -10.887 -1.196
5 24 0 -5.113 -1.196 0 -4.875 0 11.25 -5.113 -1.196 -11.25 -5.113 -1.196
2 24 20 -10.887 1.196 20 -10.21 2.21
2 24 17.5 -6.804 2.887 17.5 -5.79 2.21
2 24 -11.25 -9.196 -2.887 -11.25 -8 -3.125
2 24 -17.5 -9.196 -2.887 -17.5 -8 -3.125
5 24 0 -6.804 2.887 0 -5.79 2.21 11.25 -6.804 2.887 -11.25 -6.804 2.887
2 24 -20 -8 3.125 -20 -6.804 2.887
2 24 -11.25 -8 12.5 -11.25 -3.216 11.548
5 24 11.25 0.84 8.84 16.25 0.84 8.84 11.25 -3.216 11.548 11.25 3.548 4.784
2 24 11.25 -9.196 -2.887 11.25 -8 -3.125
5 24 -20 -10.887 -1.196 -17.5 -10.887 -1.196 -20 -10.21 -2.21 -20 -11.125 0
2 24 -20 -10.21 -2.21 -20 -9.196 -2.887
5 24 11.25 -20.5 0 16.25 -20.5 0 11.25 -19.548 -4.784 11.25 -19.548 4.784
5 24 -20 -5.79 -2.21 -17.5 -5.79 -2.21 -20 -5.113 -1.196 -20 -6.804 -2.887
2 24 11.25 -20.5 0 11.25 -19.548 -4.784
2 24 11.25 -19.548 -4.784 11.25 -16.84 -8.84
2 24 -17.5 -5.113 1.196 -17.5 -4.875 0
2 24 17.5 -11.588 -8.661 17.5 -8 -9.375
5 24 -17.5 -14.63 6.63 -16.25 -14.63 6.63 -17.5 -11.588 8.661 -17.5 -16.661 3.588
5 24 16.25 -17.375 0 17.5 -17.375 0 16.25 -16.661 -3.588 16.25 -16.661 3.588
2 24 -16.25 -14.63 -6.63 -16.25 -11.588 -8.661
5 24 -20 -10.887 1.196 -17.5 -10.887 1.196 -20 -11.125 0 -20 -10.21 2.21
2 24 11.25 -5.79 -2.21 11.25 -5.113 -1.196
2 24 -11.25 -5.113 1.196 -11.25 -4.875 0
2 24 11.25 -8 3.125 11.25 -6.804 2.887
2 24 11.25 -19.548 4.784 11.25 -16.84 8.84
2 24 -11.25 0.84 -8.84 -11.25 3.548 -4.784
5 24 -17.5 0.661 3.588 -16.25 0.661 3.588 -17.5 -1.37 6.63 -17.5 1.375 0
2 24 -11.25 -5.79 2.21 -11.25 -5.113 1.196
5 24 0 -10.21 2.21 11.25 -10.21 2.21 0 -10.887 1.196 0 -9.196 2.887
5 24 0 -8 3.125 0 -6.804 2.887 11.25 -8 3.125 -11.25 -8 3.125
2 24 20 -10.21 -2.21 20 -9.196 -2.887
2 24 -16.25 -16.84 -8.84 -16.25 -12.784 -11.548
2 24 16.25 -11.588 -8.661 16.25 -8 -9.375
5 24 0 -5.79 2.21 11.25 -5.79 2.21 0 -6.804 2.887 0 -5.113 1.196
2 24 -17.5 -17.375 0 -17.5 -16.661 3.588
5 24 -16.25 -12.784 -11.548 -11.25 -12.784 -11.548 -16.25 -8 -12.5 -16.25 -16.84 -8.84
5 24 11.25 -19.548 -4.784 16.25 -19.548 -4.784 11.25 -20.5 0 11.25 -16.84 -8.84
2 24 11.25 -11.125 0 11.25 -10.887 1.196
2 24 -17.5 -16.661 3.588 -17.5 -14.63 6.63
5 24 -16.25 3.548 4.784 -11.25 3.548 4.784 -16.25 0.84 8.84 -16.25 4.5 0
5 24 -16.25 -19.548 -4.784 -11.25 -19.548 -4.784 -16.25 -16.84 -8.84 -16.25 -20.5 0
2 24 11.25 -8 12.5 11.25 -3.216 11.548
2 24 -17.5 -1.37 -6.63 -17.5 0.661 -3.588
2 24 17.5 -9.196 2.887 17.5 -8 3.125
2 24 -11.25 -10.21 -2.21 -11.25 -9.196 -2.887
5 24 -17.5 -1.37 6.63 -16.25 -1.37 6.63 -17.5 0.661 3.588 -17.5 -4.412 8.661
2 24 17.5 -4.412 8.661 17.5 -1.37 6.63
2 24 20 -5.113 -1.196 20 -4.875 0
5 24 -16.25 -8 12.5 -11.25 -8 12.5 -16.25 -3.216 11.548 -16.25 -12.784 11.548
2 24 -20 -10.21 2.21 -20 -9.196 2.887
2 24 17.5 -5.113 -1.196 17.5 -4.875 0
5 24 -11.25 -5.79 -2.21 0 -5.79 -2.21 -11.25 -5.113 -1.196 -11.25 -6.804 -2.887
2 24 11.25 -16.84 -8.84 11.25 -12.784 -11.548
2 24 -16.25 -16.661 3.588 -16.25 -14.63 6.63
5 24 -17.5 -17.375 0 -16.25 -17.375 0 -17.5 -16.661 -3.588 -17.5 -16.661 3.588
2 24 16.25 -19.548 -4.784 16.25 -16.84 -8.84
2 24 11.25 -9.196 2.887 11.25 -8 3.125
2 24 16.25 -16.84 -8.84 16.25 -12.784 -11.548
2 24 16.25 -3.216 11.548 16.25 0.84 8.84
2 24 -17.5 -14.63 -6.63 -17.5 -11.588 -8.661
5 24 -20 -5.113 1.196 -17.5 -5.113 1.196 -20 -4.875 0 -20 -5.79 2.21
2 24 -11.25 -6.804 2.887 -11.25 -5.79 2.21
2 24 -16.25 -8 12.5 -16.25 -3.216 11.548
2 24 11.25 -6.804 -2.887 11.25 -5.79 -2.21
5 24 -16.25 -12.784 11.548 -11.25 -12.784 11.548 -16.25 -8 12.5 -16.25 -16.84 8.84
2 24 16.25 -17.375 0 16.25 -16.661 -3.588
2 24 11.25 -11.125 0 11.25 -10.887 -1.196
2 24 17.5 -10.887 1.196 17.5 -10.21 2.21
5 24 17.5 -5.113 -1.196 20 -5.113 -1.196 17.5 -5.79 -2.21 17.5 -4.875 0
2 24 16.25 -14.63 6.63 16.25 -11.588 8.661
2 24 -20 -5.79 2.21 -20 -5.113 1.196
2 24 11.25 -6.804 2.887 11.25 -5.79 2.21
2 24 17.5 -8 9.375 17.5 -4.412 8.661
2 24 -17.5 -11.125 0 -17.5 -10.887 1.196
2 24 -17.5 -8 3.125 -17.5 -6.804 2.887
2 24 -16.25 -20.5 0 -16.25 -19.548 4.784
2 24 17.5 -1.37 -6.63 17.5 0.661 -3.588
2 24 16.25 0.84 -8.84 16.25 3.548 -4.784
2 24 11.25 -10.21 2.21 11.25 -9.196 2.887
2 24 -17.5 -10.21 -2.21 -17.5 -9.196 -2.887
2 24 -16.25 -17.375 0 -16.25 -16.661 -3.588
5 24 16.25 -16.661 -3.588 17.5 -16.661 -3.588 16.25 -17.375 0 16.25 -14.63 -6.63
2 24 -16.25 -17.375 0 -16.25 -16.661 3.588
2 24 -16.25 3.548 4.784 -16.25 4.5 0
5 24 0 -10.887 1.196 11.25 -10.887 1.196 0 -11.125 0 0 -10.21 2.21
5 24 -17.5 -8 9.375 -16.25 -8 9.375 -17.5 -4.412 8.661 -17.5 -11.588 8.661
2 24 17.5 -5.79 2.21 17.5 -5.113 1.196
2 24 16.25 -1.37 -6.63 16.25 0.661 -3.588
5 24 -16.25 3.548 -4.784 -11.25 3.548 -4.784 -16.25 0.84 -8.84 -16.25 4.5 0
2 24 -20 -5.79 -2.21 -20 -5.113 -1.196
2 24 17.5 -6.804 -2.887 17.5 -5.79 -2.21
2 24 17.5 -16.661 -3.588 17.5 -14.63 -6.63
5 24 0 -4.875 0 0 -5.113 1.196 11.25 -4.875 0 -11.25 -4.875 0
5 24 0 -10.887 1.196 0 -10.21 2.21 11.25 -10.887 1.196 -11.25 -10.887 1.196
5 24 0 -8 -3.125 0 -6.804 -2.887 11.25 -8 -3.125 -11.25 -8 -3.125
5 24 11.25 0.84 -8.84 16.25 0.84 -8.84 11.25 -3.216 -11.548 11.25 3.548 -4.784
5 24 -16.25 -16.84 8.84 -11.25 -16.84 8.84 -16.25 -12.784 11.548 -16.25 -19.548 4.784
5 24 -20 -10.21 -2.21 -17.5 -10.21 -2.21 -20 -9.196 -2.887 -20 -10.887 -1.196
2 24 -16.25 -3.216 11.548 -16.25 0.84 8.84
2 24 -11.25 -10.21 2.21 -11.25 -9.196 2.887
2 24 17.5 -8 -3.125 17.5 -6.804 -2.887
2 24 -11.25 -5.113 -1.196 -11.25 -4.875 0
2 24 11.25 -8 -3.125 11.25 -6.804 -2.887
5 24 11.25 -12.784 11.548 16.25 -12.784 11.548 11.25 -16.84 8.84 11.25 -8 12.5
2 24 -17.5 -4.412 -8.661 -17.5 -1.37 -6.63
2 24 -17.5 -11.588 -8.661 -17.5 -8 -9.375
2 24 -16.25 -19.548 4.784 -16.25 -16.84 8.84
2 24 -16.25 -8 -12.5 -16.25 -3.216 -11.548
2 24 20 -5.79 2.21 20 -5.113 1.196
2 24 -16.25 -12.784 -11.548 -16.25 -8 -12.5
5 24 0 -5.113 -1.196 11.25 -5.113 -1.196 0 -4.875 0 0 -5.79 -2.21
5 24 17.5 -5.113 1.196 20 -5.113 1.196 17.5 -4.875 0 17.5 -5.79 2.21
2 24 -17.5 -9.196 2.887 -17.5 -8 3.125
2 24 20 -9.196 2.887 20 -8 3.125
2 24 -17.5 -10.887 -1.196 -17.5 -10.21 -2.21
5 24 0 -10.21 -2.21 11.25 -10.21 -2.21 0 -10.887 -1.196 0 -9.196 -2.887
5 24 0 -10.21 -2.21 0 -10.887 -1.196 11.25 -10.21 -2.21 -11.25 -10.21 -2.21
5 24 17.5 -6.804 2.887 20 -6.804 2.887 17.5 -8 3.125 17.5 -5.79 2.21
5 24 -16.25 4.5 0 -11.25 4.5 0 -16.25 3.548 4.784 -16.25 3.548 -4.784
2 24 16.25 0.661 3.588 16.25 1.375 0
2 24 16.25 -11.588 8.661 16.25 -8 9.375
2 24 16.25 -12.784 11.548 16.25 -8 12.5
2 24 17.5 -11.125 0 17.5 -10.887 1.196
5 24 17.5 -8 3.125 20 -8 3.125 17.5 -9.196 2.887 17.5 -6.804 2.887
2 24 16.25 -8 -12.5 16.25 -3.216 -11.548
5 24 -17.5 -14.63 -6.63 -16.25 -14.63 -6.63 -17.5 -11.588 -8.661 -17.5 -16.661 -3.588
2 24 -17.5 -8 9.375 -17.5 -4.412 8.661
2 24 20 -11.125 0 20 -10.887 1.196
2 24 -16.25 -4.412 -8.661 -16.25 -1.37 -6.63
2 24 16.25 -8 9.375 16.25 -4.412 8.661
5 24 -16.25 -3.216 11.548 -11.25 -3.216 11.548 -16.25 0.84 8.84 -16.25 -8 12.5
2 24 11.25 -16.84 8.84 11.25 -12.784 11.548
2 24 11.25 -10.887 1.196 11.25 -10.21 2.21
5 24 -11.25 -5.79 2.21 0 -5.79 2.21 -11.25 -5.113 1.196 -11.25 -6.804 2.887
5 24 16.25 1.375 0 17.5 1.375 0 16.25 0.661 3.588 16.25 0.661 -3.588
2 24 -11.25 -8 3.125 -11.25 -6.804 2.887
2 24 11.25 -3.216 11.548 11.25 0.84 8.84
5 24 -20 -5.79 2.21 -17.5 -5.79 2.21 -20 -5.113 1.196 -20 -6.804 2.887
2 24 -17.5 -14.63 6.63 -17.5 -11.588 8.661
5 24 0 -9.196 -2.887 11.25 -9.196 -2.887 0 -10.21 -2.21 0 -8 -3.125
2 24 -16.25 -8 9.375 -16.25 -4.412 8.661
2 24 -11.25 -12.784 -11.548 -11.25 -8 -12.5
5 24 16.25 0.661 3.588 17.5 0.661 3.588 16.25 1.375 0 16.25 -1.37 6.63
2 24 -17.5 -10.887 1.196 -17.5 -10.21 2.21
5 24 0 -9.196 2.887 11.25 -9.196 2.887 0 -10.21 2.21 0 -8 3.125
2 24 -16.25 0.661 3.588 -16.25 1.375 0
2 24 16.25 -8 -9.375 16.25 -4.412 -8.661
5 24 -16.25 -19.548 4.784 -11.25 -19.548 4.784 -16.25 -16.84 8.84 -16.25 -20.5 0
5 24 11.25 -19.548 4.784 16.25 -19.548 4.784 11.25 -20.5 0 11.25 -16.84 8.84
5 24 0 -8 3.125 11.25 -8 3.125 0 -9.196 2.887 0 -6.804 2.887
2 24 -11.25 -16.84 -8.84 -11.25 -12.784 -11.548
2 24 11.25 3.548 4.784 11.25 4.5 0
5 24 0 -6.804 2.887 11.25 -6.804 2.887 0 -8 3.125 0 -5.79 2.21
2 24 11.25 -20.5 0 11.25 -19.548 4.784
2 24 17.5 -4.412 -8.661 17.5 -1.37 -6.63
5 24 -20 -9.196 -2.887 -17.5 -9.196 -2.887 -20 -8 -3.125 -20 -10.21 -2.21
5 24 0 -4.875 0 11.25 -4.875 0 0 -5.113 1.196 0 -5.113 -1.196
5 24 17.5 -10.887 1.196 20 -10.887 1.196 17.5 -11.125 0 17.5 -10.21 2.21
2 24 -11.25 -5.79 -2.21 -11.25 -5.113 -1.196
2 24 -11.25 -3.216 -11.548 -11.25 0.84 -8.84
2 24 16.25 -16.84 8.84 16.25 -12.784 11.548
2 24 20 -5.113 1.196 20 -4.875 0
5 24 -11.25 -5.113 -1.196 0 -5.113 -1.196 -11.25 -5.79 -2.21 -11.25 -4.875 0
0
