0 Tráfico Circular Base		|R:R
0 Name: trfcircb.dat
0 Author: jasolo
0 BFC CERTIFY CCW 
4 16 -18.233 0 -8.232 -19.044 0 -7.69 -19.044 -5 -7.69 -18.233 -5 -8.232
4 16 -22.067 0 -4.389 -21.048 0 -7.751 -23.097 0 -9.567 -24.52 0 -4.877
4 16 -19.044 0 -7.69 -20 0 -7.5 -20 -5 -7.5 -19.044 -5 -7.69
4 16 -20 0 -7.5 -20.956 0 -7.69 -20.956 -5 -7.69 -20 -5 -7.5
4 16 -20.956 0 -7.69 -21.048 0 -7.751 -21.048 -5 -7.751 -20.956 -5 -7.69
4 16 -18.233 -5 -11.767 -18.872 -5 -12.195 -18.872 0 -12.195 -18.233 0 -11.767
4 16 -18.233 0 -11.767 -17.69 0 -10.956 -17.69 -5 -10.956 -18.233 -5 -11.767
4 16 -17.69 0 -10.956 -17.5 0 -10 -17.5 -5 -10 -17.69 -5 -10.956
4 16 -17.5 0 -10 -17.69 0 -9.043 -17.69 -5 -9.043 -17.5 -5 -10
3 16 -18.233 0 -8.232 -20 0 -10 -19.044 0 -7.69
3 16 -20 0 -10 -20 0 -7.5 -19.044 0 -7.69
3 16 -20 0 -10 -20.956 0 -7.69 -20 0 -7.5
4 16 -17.677 0 -17.677 -20.787 0 -13.889 -18.708 0 -12.501 -15.91 0 -15.91
4 16 -17.677 0 -17.677 -17.677 -8 -17.677 -20.786 -8 -13.889 -20.787 0 -13.889
3 16 -18.872 0 -12.195 -18.708 0 -12.501 -20.787 0 -13.889
3 16 -20 0 -10 -17.69 0 -10.956 -18.233 0 -11.767
3 16 -20 0 -10 -17.5 0 -10 -17.69 0 -10.956
3 16 -20 0 -10 -17.69 0 -9.043 -17.5 0 -10
3 16 -20 0 -10 -18.233 0 -8.232 -17.69 0 -9.043
3 16 -20 0 10 -18.233 0 11.767 -17.69 0 10.956
3 16 -20 0 10 -17.69 0 10.956 -17.5 0 10
3 16 -20 0 10 -17.5 0 10 -17.69 0 9.043
3 16 -20 0 10 -17.69 0 9.043 -18.233 0 8.232
3 16 -20 0 10 -18.233 0 8.232 -19.044 0 7.69
3 16 -20 0 10 -19.044 0 7.69 -20 0 7.5
3 16 -20 0 10 -20 0 7.5 -20.956 0 7.69
4 16 -24.52 0 4.878 -24.52 -8 4.877 -23.097 -8 9.567 -23.097 0 9.567
3 16 -20 0 10 -18.872 0 12.195 -18.233 0 11.767
4 16 -17.69 0 10.956 -18.233 0 11.767 -18.233 -5 11.767 -17.69 -5 10.956
4 16 -17.5 0 10 -17.69 0 10.956 -17.69 -5 10.956 -17.5 -5 10
4 16 -17.69 0 9.043 -17.5 0 10 -17.5 -5 10 -17.69 -5 9.043
4 16 -18.233 0 8.232 -17.69 0 9.043 -17.69 -5 9.043 -18.233 -5 8.232
4 16 -19.044 0 7.69 -18.233 0 8.232 -18.233 -5 8.232 -19.044 -5 7.69
4 16 -17.677 0 17.677 -17.677 -8 17.677 -13.889 -8 20.786 -13.889 0 20.787
4 16 -20.956 0 7.69 -20 0 7.5 -20 -5 7.5 -20.956 -5 7.69
4 16 -20.956 -5 7.69 -21.048 -5 7.751 -21.048 0 7.751 -20.956 0 7.69
4 16 -18.233 0 11.767 -18.872 0 12.195 -18.872 -5 12.195 -18.233 -5 11.767
3 16 23.097 0 9.567 20 0 10 20.787 0 13.889
3 16 21.048 0 -7.751 23.097 0 -9.567 20 0 -10
4 16 20 0 7.5 20.956 0 7.69 20.956 -5 7.69 20 -5 7.5
4 16 19.044 0 7.69 20 0 7.5 20 -5 7.5 19.044 -5 7.69
4 16 19.044 -5 7.69 18.233 -5 8.232 18.233 0 8.232 19.044 0 7.69
4 16 17.5 0 10 17.69 0 9.043 17.69 -5 9.043 17.5 -5 10
4 16 17.69 0 10.956 17.5 0 10 17.5 -5 10 17.69 -5 10.956
4 16 18.233 0 11.767 17.69 0 10.956 17.69 -5 10.956 18.233 -5 11.767
4 16 9.567 0 -23.097 4.877 0 -24.52 4.389 0 -22.067 7.751 0 -21.048
4 16 21.048 0 -7.751 20.956 0 -7.69 20.956 -5 -7.69 21.048 -5 -7.751
4 16 20.956 0 -7.69 20 0 -7.5 20 -5 -7.5 20.956 -5 -7.69
4 16 20 0 -7.5 19.044 0 -7.69 19.044 -5 -7.69 20 -5 -7.5
4 16 17.677 -8 -17.677 13.889 -8 -20.787 13.889 0 -20.787 17.677 0 -17.677
4 16 18.233 0 -8.232 17.69 0 -9.043 17.69 -5 -9.043 18.233 -5 -8.232
4 16 17.69 0 -9.043 17.5 0 -10 17.5 -5 -10 17.69 -5 -9.043
4 16 17.5 0 -10 17.69 0 -10.956 17.69 -5 -10.956 17.5 -5 -10
3 16 0 -5 0 19.044 -5 -7.69 18.233 -5 -8.232
3 16 19.044 -5 -7.69 0 -5 0 20 -5 -7.5
3 16 20 0 -10 20 0 -7.5 20.956 0 -7.69
3 16 20 0 -10 19.044 0 -7.69 20 0 -7.5
3 16 20 0 -10 18.233 0 -8.232 19.044 0 -7.69
3 16 20 0 -10 17.69 0 -9.043 18.233 0 -8.232
3 16 20 0 -10 17.5 0 -10 17.69 0 -9.043
3 16 20 0 -10 17.69 0 -10.956 17.5 0 -10
3 16 20 0 -10 18.233 0 -11.767 17.69 0 -10.956
3 16 10 0 20 7.69 0 20.956 7.751 0 21.048
3 16 11.767 0 18.233 10 0 20 12.195 0 18.872
3 16 10 0 20 7.5 0 20 7.69 0 20.956
3 16 10 0 20 7.69 0 19.044 7.5 0 20
3 16 10 0 20 8.232 0 18.233 7.69 0 19.044
4 16 10.956 0 17.69 11.767 0 18.233 11.767 -5 18.233 10.956 -5 17.69
4 16 10 0 17.5 10.956 0 17.69 10.956 -5 17.69 10 -5 17.5
4 16 9.043 0 17.69 10 0 17.5 10 -5 17.5 9.043 -5 17.69
4 16 8.232 0 18.233 9.043 0 17.69 9.043 -5 17.69 8.232 -5 18.233
4 16 7.5 0 20 7.69 0 19.044 7.69 -5 19.044 7.5 -5 20
4 16 7.69 0 20.956 7.5 0 20 7.5 -5 20 7.69 -5 20.956
4 16 -11.767 -5 18.233 -12.195 -5 18.872 -12.195 0 18.872 -11.767 0 18.233
4 16 -11.767 0 18.233 -10.956 0 17.69 -10.956 -5 17.69 -11.767 -5 18.233
4 16 -10.956 0 17.69 -10 0 17.5 -10 -5 17.5 -10.956 -5 17.69
4 16 -10 0 17.5 -9.043 0 17.69 -9.043 -5 17.69 -10 -5 17.5
4 16 -9.043 0 17.69 -8.232 0 18.233 -8.232 -5 18.233 -9.043 -5 17.69
3 16 0 -5 0 7.69 -5 19.044 8.232 -5 18.233
4 16 -7.69 0 19.044 -7.5 0 20 -7.5 -5 20 -7.69 -5 19.044
4 16 -7.5 0 20 -7.69 0 20.956 -7.69 -5 20.956 -7.5 -5 20
4 16 -7.69 0 20.956 -7.751 0 21.048 -7.751 -5 21.048 -7.69 -5 20.956
3 16 -7.751 0 21.048 -7.69 0 20.956 -10 0 20
3 16 -10 0 20 -9.567 0 23.097 -7.751 0 21.048
3 16 -10 0 20 -10 0 17.5 -10.956 0 17.69
4 16 -4.389 0 -22.067 -4.878 0 -24.52 -9.567 0 -23.097 -7.751 0 -21.048
4 16 9.567 0 -23.097 9.567 -8 -23.097 4.878 -8 -24.52 4.877 0 -24.52
3 16 10 0 -20 7.69 0 -19.044 8.232 0 -18.233
3 16 10 0 -20 7.5 0 -20 7.69 0 -19.044
3 16 10 0 -20 7.69 0 -20.956 7.5 0 -20
3 16 10 0 -20 13.889 0 -20.787 9.567 0 -23.097
3 16 10 0 -20 9.567 0 -23.097 7.751 0 -21.048
4 16 11.767 -5 -18.233 12.195 -5 -18.872 12.195 0 -18.872 11.767 0 -18.233
4 16 7.69 0 -20.956 7.751 0 -21.048 7.751 -5 -21.048 7.69 -5 -20.956
4 16 7.5 0 -20 7.69 0 -20.956 7.69 -5 -20.956 7.5 -5 -20
4 16 7.69 0 -19.044 7.5 0 -20 7.5 -5 -20 7.69 -5 -19.044
4 16 9.043 0 -17.69 8.232 0 -18.233 8.232 -5 -18.233 9.043 -5 -17.69
4 16 10 0 -17.5 9.043 0 -17.69 9.043 -5 -17.69 10 -5 -17.5
4 16 10.956 0 -17.69 10 0 -17.5 10 -5 -17.5 10.956 -5 -17.69
4 16 11.767 0 -18.233 10.956 0 -17.69 10.956 -5 -17.69 11.767 -5 -18.233
4 16 -8.232 0 -18.233 -9.043 0 -17.69 -9.043 -5 -17.69 -8.232 -5 -18.233
4 16 -9.043 0 -17.69 -10 0 -17.5 -10 -5 -17.5 -9.043 -5 -17.69
4 16 -10 0 -17.5 -10.956 0 -17.69 -10.956 -5 -17.69 -10 -5 -17.5
4 16 -10.956 0 -17.69 -11.767 0 -18.233 -11.767 -5 -18.233 -10.956 -5 -17.69
4 16 -11.767 0 -18.233 -12.195 0 -18.872 -12.195 -5 -18.872 -11.767 -5 -18.233
4 16 -7.69 -5 -20.956 -7.751 -5 -21.048 -7.751 0 -21.048 -7.69 0 -20.956
4 16 -7.69 0 -20.956 -7.5 0 -20 -7.5 -5 -20 -7.69 -5 -20.956
4 16 -7.69 0 -19.044 -8.232 0 -18.233 -8.232 -5 -18.233 -7.69 -5 -19.044
3 16 -9.043 0 -17.69 -8.232 0 -18.233 -10 0 -20
3 16 -10 0 -20 -10 0 -17.5 -9.043 0 -17.69
3 16 -10 0 -20 -10.956 0 -17.69 -10 0 -17.5
3 16 -10 0 -20 -11.767 0 -18.233 -10.956 0 -17.69
4 16 -7.69 0 -20.956 -7.751 0 -21.048 -9.567 0 -23.097 -10 0 -20
3 16 -10 0 -20 -7.5 0 -20 -7.69 0 -20.956
3 16 -10 0 -20 -7.69 0 -19.044 -7.5 0 -20
3 16 -10 0 -20 -8.232 0 -18.233 -7.69 0 -19.044
3 16 0 -8 0 20.787 -8 13.889 17.677 -8 17.677
3 16 0 -8 0 23.097 -8 9.567 20.787 -8 13.889
3 16 0 -8 0 24.52 -8 4.877 23.097 -8 9.567
3 16 0 -8 0 25 -8 0 24.52 -8 4.877
3 16 0 -8 0 24.52 -8 -4.878 25 -8 0
3 16 0 -8 0 23.097 -8 -9.567 24.52 -8 -4.878
3 16 0 -8 0 20.787 -8 -13.889 23.097 -8 -9.567
3 16 0 -8 0 17.677 -8 -17.677 20.787 -8 -13.889
3 16 0 -8 0 13.889 -8 -20.787 17.677 -8 -17.677
3 16 0 -8 0 9.567 -8 -23.097 13.889 -8 -20.787
3 16 0 -8 0 4.878 -8 -24.52 9.567 -8 -23.097
3 16 0 -8 0 0 -8 -25 4.878 -8 -24.52
3 16 0 -8 0 -4.877 -8 -24.52 0 -8 -25
3 16 0 -8 0 -9.567 -8 -23.097 -4.877 -8 -24.52
3 16 0 -8 0 -13.889 -8 -20.787 -9.567 -8 -23.097
3 16 0 -8 0 -17.677 -8 -17.677 -13.889 -8 -20.787
3 16 0 -8 0 -20.786 -8 -13.889 -17.677 -8 -17.677
3 16 0 -8 0 -23.097 -8 -9.567 -20.786 -8 -13.889
3 16 0 -8 0 -24.52 -8 -4.878 -23.097 -8 -9.567
3 16 0 -8 0 -25 -8 0 -24.52 -8 -4.878
3 16 -24.52 -8 4.877 -25 -8 0 0 -8 0
3 16 0 -8 0 -23.097 -8 9.567 -24.52 -8 4.877
3 16 0 -8 0 -20.787 -8 13.889 -23.097 -8 9.567
3 16 0 -8 0 -17.677 -8 17.677 -20.787 -8 13.889
3 16 0 -8 0 -13.889 -8 20.786 -17.677 -8 17.677
3 16 0 -8 0 -9.567 -8 23.097 -13.889 -8 20.786
3 16 0 -8 0 -4.878 -8 24.52 -9.567 -8 23.097
3 16 0 -8 0 0 -8 25 -4.878 -8 24.52
3 16 0 -8 0 4.877 -8 24.52 0 -8 25
3 16 0 -8 0 9.567 -8 23.097 4.877 -8 24.52
3 16 0 -8 0 13.889 -8 20.787 9.567 -8 23.097
3 16 0 -8 0 17.677 -8 17.677 13.889 -8 20.787
4 16 17.677 0 17.677 17.677 -8 17.677 20.787 -8 13.889 20.787 0 13.889
4 16 24.52 0 4.878 24.52 -8 4.877 25 -8 0 25 0 0
4 16 25 0 0 25 -8 0 24.52 -8 -4.878 24.52 0 -4.878
4 16 24.52 0 -4.878 24.52 -8 -4.878 23.097 -8 -9.567 23.097 0 -9.567
4 16 23.097 0 -9.567 23.097 -8 -9.567 20.787 -8 -13.889 20.787 0 -13.889
4 16 20.787 -8 -13.889 17.677 -8 -17.677 17.677 0 -17.677 20.787 0 -13.889
3 16 10 0 -20 7.751 0 -21.048 7.69 0 -20.956
4 16 4.877 0 -24.52 4.878 -8 -24.52 0 -8 -25 0 0 -25
4 16 0 0 -25 0 -8 -25 -4.877 -8 -24.52 -4.878 0 -24.52
4 16 -25 -8 0 -25 0 0 -24.52 0 -4.877 -24.52 -8 -4.878
4 16 -25 0 0 -25 -8 0 -24.52 -8 4.877 -24.52 0 4.878
4 16 22.067 0 -4.389 24.52 0 -4.878 23.097 0 -9.567 21.048 0 -7.751
4 16 -9.567 0 23.097 -9.567 -8 23.097 -4.878 -8 24.52 -4.877 0 24.52
3 16 -10 0 20 -13.889 0 20.787 -9.567 0 23.097
4 16 -4.877 0 24.52 -4.878 -8 24.52 0 -8 25 0 0 25
4 16 0 0 25 0 -8 25 4.877 -8 24.52 4.878 0 24.52
4 16 4.878 0 24.52 4.877 -8 24.52 9.567 -8 23.097 9.567 0 23.097
4 16 9.567 0 23.097 9.567 -8 23.097 13.889 -8 20.787 13.889 0 20.786
4 16 17.677 -8 17.677 17.677 0 17.677 13.889 0 20.786 13.889 -8 20.787
4 16 17.677 0 17.677 20.787 0 13.889 18.708 0 12.501 15.91 0 15.91
4 16 23.097 0 9.567 23.097 -8 9.567 24.52 -8 4.877 24.52 0 4.878
4 16 20.787 0 13.889 20.787 -8 13.889 23.097 -8 9.567 23.097 0 9.567
4 16 21.048 0 7.751 22.067 0 4.389 22.067 -5 4.389 21.048 -5 7.751
4 16 21.048 0 7.751 23.097 0 9.567 24.52 0 4.878 22.067 0 4.389
4 16 20.956 0 7.69 21.048 0 7.751 21.048 -5 7.751 20.956 -5 7.69
3 16 12.195 0 -18.872 10 0 -20 11.767 0 -18.233
4 16 25 0 0 22.5 0 0 22.067 0 4.389 24.52 0 4.878
4 16 24.52 0 -4.878 22.067 0 -4.389 22.5 0 0 25 0 0
4 16 17.677 0 -17.677 15.91 0 -15.91 18.708 0 -12.501 20.787 0 -13.889
4 16 13.889 0 -20.787 13.889 -8 -20.787 9.567 -8 -23.097 9.567 0 -23.097
3 16 12.195 0 -18.872 12.501 0 -18.708 13.889 0 -20.787
3 16 10 0 -20 12.195 0 -18.872 13.889 0 -20.787
3 16 10.956 0 -17.69 11.767 0 -18.233 10 0 -20
3 16 10 0 -20 10 0 -17.5 10.956 0 -17.69
3 16 10 0 -20 9.043 0 -17.69 10 0 -17.5
3 16 10 0 -20 8.232 0 -18.233 9.043 0 -17.69
4 16 -4.878 0 -24.52 -4.877 -8 -24.52 -9.567 -8 -23.097 -9.567 0 -23.097
4 16 4.877 0 -24.52 0 0 -25 0 0 -22.5 4.389 0 -22.067
4 16 0 0 -25 -4.878 0 -24.52 -4.389 0 -22.067 0 0 -22.5
4 16 -13.889 0 -20.787 -17.677 0 -17.677 -15.91 0 -15.91 -12.501 0 -18.708
4 16 -9.567 0 -23.097 -9.567 -8 -23.097 -13.889 -8 -20.787 -13.889 0 -20.787
4 16 -13.889 0 -20.787 -13.889 -8 -20.787 -17.677 -8 -17.677 -17.677 0 -17.677
3 16 -10 0 -20 -13.889 0 -20.787 -12.195 0 -18.872
3 16 -12.501 0 -18.708 -12.195 0 -18.872 -13.889 0 -20.787
3 16 -7.69 -5 -19.044 0 -5 0 -7.5 -5 -20
3 16 -11.767 0 -18.233 -10 0 -20 -12.195 0 -18.872
4 16 -23.097 0 -9.567 -23.097 -8 -9.567 -24.52 -8 -4.878 -24.52 0 -4.877
4 16 -20.787 0 -13.889 -20.786 -8 -13.889 -23.097 -8 -9.567 -23.097 0 -9.567
3 16 -17.69 -5 -9.043 -18.233 -5 -8.232 0 -5 0
3 16 -23.097 0 -9.567 -21.048 0 -7.751 -20 0 -10
3 16 -21.048 0 -7.751 -20.956 0 -7.69 -20 0 -10
3 16 -20 0 -10 -20.787 0 -13.889 -23.097 0 -9.567
4 16 -17.69 0 -9.043 -18.233 0 -8.232 -18.233 -5 -8.232 -17.69 -5 -9.043
4 16 -25 0 0 -22.5 0 0 -22.067 0 -4.389 -24.52 0 -4.877
4 16 -24.52 0 4.878 -22.067 0 4.389 -22.5 0 0 -25 0 0
3 16 -10 0 20 -7.69 0 20.956 -7.5 0 20
4 16 -17.677 0 17.677 -15.91 0 15.91 -18.708 0 12.501 -20.786 0 13.889
3 16 -20.786 0 13.889 -18.872 0 12.195 -20 0 10
3 16 -20 0 10 -20.956 0 7.69 -21.048 0 7.751
4 16 -13.889 0 20.787 -12.501 0 18.708 -15.91 0 15.91 -17.677 0 17.677
3 16 -20.786 0 13.889 -18.708 0 12.501 -18.872 0 12.195
4 16 -20.786 0 13.889 -20.787 -8 13.889 -17.677 -8 17.677 -17.677 0 17.677
3 16 -23.097 0 9.567 -20.786 0 13.889 -20 0 10
3 16 -20 0 10 -21.048 0 7.751 -23.097 0 9.567
3 16 -19.044 -5 7.69 0 -5 0 -20 -5 7.5
3 16 0 -5 0 -8.232 -5 18.233 -7.69 -5 19.044
3 16 -10 0 20 -10.956 0 17.69 -11.767 0 18.233
3 16 -10 0 20 -11.767 0 18.233 -12.195 0 18.872
3 16 -10 0 20 -12.195 0 18.872 -13.889 0 20.787
3 16 -10 0 20 -7.5 0 20 -7.69 0 19.044
3 16 -12.195 0 18.872 -12.501 0 18.708 -13.889 0 20.787
4 16 -13.889 0 20.787 -13.889 -8 20.786 -9.567 -8 23.097 -9.567 0 23.097
3 16 -10 0 20 -7.69 0 19.044 -8.232 0 18.233
3 16 -10 0 20 -8.232 0 18.233 -9.043 0 17.69
3 16 -10 0 20 -9.043 0 17.69 -10 0 17.5
3 16 -7.5 -5 20 -4.389 -5 22.067 0 -5 0
4 16 0 0 25 0 0 22.5 -4.389 0 22.067 -4.877 0 24.52
4 16 0 0 25 4.878 0 24.52 4.389 0 22.067 0 0 22.5
4 16 12.195 0 18.872 12.501 0 18.708 12.501 -5 18.708 12.195 -5 18.872
3 16 13.889 0 20.786 12.501 0 18.708 12.195 0 18.872
4 16 11.767 0 18.233 12.195 0 18.872 12.195 -5 18.872 11.767 -5 18.233
4 16 13.889 0 -20.787 12.501 0 -18.708 15.91 0 -15.91 17.677 0 -17.677
4 16 20.787 0 -13.889 18.708 0 -12.501 18.872 0 -12.195 20 0 -10
3 16 10 0 20 9.043 0 17.69 8.232 0 18.233
3 16 10 0 20 10 0 17.5 9.043 0 17.69
3 16 10 0 20 10.956 0 17.69 10 0 17.5
3 16 7.751 0 21.048 9.567 0 23.097 10 0 20
3 16 10 0 20 11.767 0 18.233 10.956 0 17.69
4 16 18.708 -5 12.501 18.708 0 12.501 18.872 0 12.195 18.872 -5 12.195
4 16 17.677 0 17.677 15.91 0 15.91 12.501 0 18.708 13.889 0 20.786
4 16 18.708 0 12.501 18.708 -5 12.501 15.91 -5 15.91 15.91 0 15.91
3 16 20 0 -10 20.956 0 -7.69 21.048 0 -7.751
4 16 22.5 0 0 22.5 -5 0 22.067 -5 4.389 22.067 0 4.389
4 16 22.067 0 -4.389 22.067 -5 -4.389 22.5 -5 0 22.5 0 0
4 16 21.048 -5 -7.751 22.067 -5 -4.389 22.067 0 -4.389 21.048 0 -7.751
4 16 15.91 0 -15.91 15.91 -5 -15.91 18.708 -5 -12.501 18.708 0 -12.501
4 16 12.501 0 -18.708 12.501 -5 -18.708 15.91 -5 -15.91 15.91 0 -15.91
4 16 12.501 -5 -18.708 12.501 0 -18.708 12.195 0 -18.872 12.195 -5 -18.872
4 16 7.751 0 -21.048 4.389 0 -22.067 4.389 -5 -22.067 7.751 -5 -21.048
4 16 0 0 -22.5 0 -5 -22.5 4.389 -5 -22.067 4.389 0 -22.067
4 16 -4.389 0 -22.067 -4.389 -5 -22.067 0 -5 -22.5 0 0 -22.5
4 16 -7.751 -5 -21.048 -4.389 -5 -22.067 -4.389 0 -22.067 -7.751 0 -21.048
4 16 -12.501 0 -18.708 -12.501 -5 -18.708 -12.195 -5 -18.872 -12.195 0 -18.872
4 16 -15.91 0 -15.91 -15.91 -5 -15.91 -12.501 -5 -18.708 -12.501 0 -18.708
4 16 -18.708 0 -12.501 -18.708 -5 -12.501 -15.91 -5 -15.91 -15.91 0 -15.91
4 16 -18.708 -5 -12.501 -18.708 0 -12.501 -18.872 0 -12.195 -18.872 -5 -12.195
4 16 -21.048 0 -7.751 -22.067 0 -4.389 -22.067 -5 -4.389 -21.048 -5 -7.751
4 16 -22.5 0 0 -22.5 -5 0 -22.067 -5 -4.389 -22.067 0 -4.389
4 16 -22.067 0 4.389 -22.067 -5 4.389 -22.5 -5 0 -22.5 0 0
4 16 -21.048 -5 7.751 -22.067 -5 4.389 -22.067 0 4.389 -21.048 0 7.751
4 16 -18.708 0 12.501 -18.708 -5 12.501 -18.872 -5 12.195 -18.872 0 12.195
4 16 -15.91 0 15.91 -15.91 -5 15.91 -18.708 -5 12.501 -18.708 0 12.501
4 16 -12.501 0 18.708 -12.501 -5 18.708 -15.91 -5 15.91 -15.91 0 15.91
4 16 -12.501 -5 18.708 -12.501 0 18.708 -12.195 0 18.872 -12.195 -5 18.872
4 16 -7.751 0 21.048 -4.389 0 22.067 -4.389 -5 22.067 -7.751 -5 21.048
4 16 0 0 22.5 0 -5 22.5 -4.389 -5 22.067 -4.389 0 22.067
4 16 4.389 0 22.067 4.389 -5 22.067 0 -5 22.5 0 0 22.5
3 16 18.872 0 12.195 18.708 0 12.501 20.787 0 13.889
4 16 18.233 -5 11.767 18.872 -5 12.195 18.872 0 12.195 18.233 0 11.767
4 16 15.91 0 15.91 15.91 -5 15.91 12.501 -5 18.708 12.501 0 18.708
3 16 15.91 -5 15.91 18.708 -5 12.501 0 -5 0
3 16 17.5 -5 10 17.69 -5 9.043 0 -5 0
3 16 0 -5 0 17.69 -5 10.956 17.5 -5 10
4 16 0 -5 0 18.708 -5 12.501 18.233 -5 11.767 17.69 -5 10.956
3 16 23.097 0 -9.567 20.787 0 -13.889 20 0 -10
3 16 18.708 -5 12.501 18.872 -5 12.195 18.233 -5 11.767
3 16 19.044 -5 7.69 20 -5 7.5 0 -5 0
3 16 20 -5 7.5 22.067 -5 4.389 0 -5 0
3 16 20.956 -5 7.69 21.048 -5 7.751 22.067 -5 4.389
3 16 20 -5 7.5 20.956 -5 7.69 22.067 -5 4.389
3 16 22.067 -5 4.389 22.5 -5 0 0 -5 0
3 16 22.5 -5 0 22.067 -5 -4.389 0 -5 0
3 16 0 -5 0 8.232 -5 -18.233 7.69 -5 -19.044
3 16 22.067 -5 -4.389 21.048 -5 -7.751 20.956 -5 -7.69
3 16 22.067 -5 -4.389 20.956 -5 -7.69 20 -5 -7.5
3 16 0 -5 0 17.5 -5 -10 17.69 -5 -10.956
3 16 0 -5 0 17.69 -5 -9.043 17.5 -5 -10
4 16 19.044 0 -7.69 18.233 0 -8.232 18.233 -5 -8.232 19.044 -5 -7.69
3 16 0 -5 0 18.233 -5 -8.232 17.69 -5 -9.043
3 16 7.5 -5 -20 4.389 -5 -22.067 0 -5 0
4 16 18.233 -5 -11.767 18.872 -5 -12.195 18.708 -5 -12.501 0 -5 0
3 16 18.708 -5 -12.501 15.91 -5 -15.91 0 -5 0
3 16 15.91 -5 -15.91 12.501 -5 -18.708 0 -5 0
3 16 10 -5 -17.5 9.043 -5 -17.69 0 -5 0
3 16 0 -5 0 10.956 -5 -17.69 10 -5 -17.5
3 16 9.043 -5 -17.69 8.232 -5 -18.233 0 -5 0
4 16 0 -5 0 12.501 -5 -18.708 11.767 -5 -18.233 10.956 -5 -17.69
4 16 -7.5 0 -20 -7.69 0 -19.044 -7.69 -5 -19.044 -7.5 -5 -20
3 16 12.501 -5 -18.708 12.195 -5 -18.872 11.767 -5 -18.233
3 16 7.69 -5 -19.044 7.5 -5 -20 0 -5 0
3 16 -9.567 0 -23.097 -13.889 0 -20.787 -10 0 -20
3 16 7.69 -5 -20.956 7.751 -5 -21.048 4.389 -5 -22.067
3 16 7.5 -5 -20 7.69 -5 -20.956 4.389 -5 -22.067
3 16 4.389 -5 -22.067 0 -5 -22.5 0 -5 0
3 16 0 -5 -22.5 -4.389 -5 -22.067 0 -5 0
3 16 -18.872 0 -12.195 -20 0 -10 -18.233 0 -11.767
3 16 -18.872 0 -12.195 -20.787 0 -13.889 -20 0 -10
3 16 -4.389 -5 -22.067 -7.751 -5 -21.048 -7.69 -5 -20.956
3 16 -4.389 -5 -22.067 -7.69 -5 -20.956 -7.5 -5 -20
3 16 0 -5 0 -10 -5 -17.5 -10.956 -5 -17.69
3 16 0 -5 0 -9.043 -5 -17.69 -10 -5 -17.5
3 16 0 -5 0 -8.232 -5 -18.233 -9.043 -5 -17.69
4 16 -11.767 -5 -18.233 -12.501 -5 -18.708 0 -5 0 -10.956 -5 -17.69
3 16 0 -5 0 -7.69 -5 -19.044 -8.232 -5 -18.233
3 16 -11.767 -5 -18.233 -12.195 -5 -18.872 -12.501 -5 -18.708
3 16 -12.501 -5 -18.708 -15.91 -5 -15.91 0 -5 0
3 16 -15.91 -5 -15.91 -18.708 -5 -12.501 0 -5 0
3 16 -17.5 -5 -10 -17.69 -5 -9.043 0 -5 0
3 16 0 -5 0 -17.69 -5 -10.956 -17.5 -5 -10
4 16 -20 0 7.5 -19.044 0 7.69 -19.044 -5 7.69 -20 -5 7.5
4 16 0 -5 0 -18.708 -5 -12.501 -18.233 -5 -11.767 -17.69 -5 -10.956
4 16 -23.097 0 9.567 -23.097 -8 9.567 -20.787 -8 13.889 -20.786 0 13.889
3 16 -18.708 -5 -12.501 -18.872 -5 -12.195 -18.233 -5 -11.767
3 16 -19.044 -5 -7.69 -20 -5 -7.5 0 -5 0
3 16 -20 -5 -7.5 -22.067 -5 -4.389 0 -5 0
3 16 -20.956 -5 -7.69 -21.048 -5 -7.751 -22.067 -5 -4.389
3 16 -20 -5 -7.5 -20.956 -5 -7.69 -22.067 -5 -4.389
3 16 -22.067 -5 -4.389 -22.5 -5 0 0 -5 0
3 16 -22.5 -5 0 -22.067 -5 4.389 0 -5 0
4 16 -7.69 -5 19.044 -8.232 -5 18.233 -8.232 0 18.233 -7.69 0 19.044
4 16 -22.067 0 4.389 -24.52 0 4.878 -23.097 0 9.567 -21.048 0 7.751
3 16 -22.067 -5 4.389 -21.048 -5 7.751 -20.956 -5 7.69
3 16 -22.067 -5 4.389 -20.956 -5 7.69 -20 -5 7.5
3 16 0 -5 0 -17.5 -5 10 -17.69 -5 10.956
3 16 0 -5 0 -17.69 -5 9.043 -17.5 -5 10
3 16 0 -5 0 -18.233 -5 8.232 -17.69 -5 9.043
4 16 -18.233 -5 11.767 -18.708 -5 12.501 0 -5 0 -17.69 -5 10.956
3 16 0 -5 0 -19.044 -5 7.69 -18.233 -5 8.232
3 16 -18.233 -5 11.767 -18.872 -5 12.195 -18.708 -5 12.501
3 16 -18.708 -5 12.501 -15.91 -5 15.91 0 -5 0
3 16 -15.91 -5 15.91 -12.501 -5 18.708 0 -5 0
3 16 -10 -5 17.5 -9.043 -5 17.69 0 -5 0
3 16 0 -5 0 -10.956 -5 17.69 -10 -5 17.5
3 16 -9.043 -5 17.69 -8.232 -5 18.233 0 -5 0
4 16 0 -5 0 -12.501 -5 18.708 -11.767 -5 18.233 -10.956 -5 17.69
3 16 7.69 -5 19.044 0 -5 0 7.5 -5 20
3 16 -12.501 -5 18.708 -12.195 -5 18.872 -11.767 -5 18.233
3 16 -7.69 -5 19.044 -7.5 -5 20 0 -5 0
4 16 7.69 0 19.044 8.232 0 18.233 8.232 -5 18.233 7.69 -5 19.044
3 16 -7.69 -5 20.956 -7.751 -5 21.048 -4.389 -5 22.067
3 16 -7.5 -5 20 -7.69 -5 20.956 -4.389 -5 22.067
3 16 -4.389 -5 22.067 0 -5 22.5 0 -5 0
3 16 0 -5 22.5 4.389 -5 22.067 0 -5 0
3 16 0 -5 0 18.233 -5 8.232 19.044 -5 7.69
3 16 17.69 -5 9.043 18.233 -5 8.232 0 -5 0
3 16 4.389 -5 22.067 7.751 -5 21.048 7.69 -5 20.956
3 16 4.389 -5 22.067 7.69 -5 20.956 7.5 -5 20
3 16 0 -5 0 10 -5 17.5 10.956 -5 17.69
3 16 0 -5 0 9.043 -5 17.69 10 -5 17.5
3 16 0 -5 0 8.232 -5 18.233 9.043 -5 17.69
4 16 11.767 -5 18.233 12.501 -5 18.708 0 -5 0 10.956 -5 17.69
4 16 17.69 0 9.043 18.233 0 8.232 18.233 -5 8.232 17.69 -5 9.043
3 16 11.767 -5 18.233 12.195 -5 18.872 12.501 -5 18.708
3 16 12.501 -5 18.708 15.91 -5 15.91 0 -5 0
4 16 7.69 -5 -19.044 8.232 -5 -18.233 8.232 0 -18.233 7.69 0 -19.044
3 16 13.889 0 20.786 12.195 0 18.872 10 0 20
4 16 9.567 0 23.097 7.751 0 21.048 4.389 0 22.067 4.878 0 24.52
4 16 7.69 -5 20.956 7.751 -5 21.048 7.751 0 21.048 7.69 0 20.956
3 16 9.567 0 23.097 13.889 0 20.786 10 0 20
4 16 7.751 -5 21.048 4.389 -5 22.067 4.389 0 22.067 7.751 0 21.048
3 16 20 0 10 18.872 0 12.195 20.787 0 13.889
3 16 20 0 10 20.956 0 7.69 20 0 7.5
3 16 20 0 10 20 0 7.5 19.044 0 7.69
3 16 20 0 10 19.044 0 7.69 18.233 0 8.232
3 16 20 0 10 18.233 0 8.232 17.69 0 9.043
3 16 20 0 10 17.69 0 9.043 17.5 0 10
3 16 20 0 10 17.5 0 10 17.69 0 10.956
3 16 20 0 10 17.69 0 10.956 18.233 0 11.767
3 16 20 0 10 23.097 0 9.567 21.048 0 7.751
3 16 20 0 10 21.048 0 7.751 20.956 0 7.69
3 16 18.872 0 12.195 20 0 10 18.233 0 11.767
4 16 18.708 0 -12.501 18.708 -5 -12.501 18.872 -5 -12.195 18.872 0 -12.195
3 16 18.233 0 -11.767 20 0 -10 18.872 0 -12.195
4 16 18.233 0 -11.767 18.872 0 -12.195 18.872 -5 -12.195 18.233 -5 -11.767
4 16 -9.567 0 23.097 -4.877 0 24.52 -4.389 0 22.067 -7.751 0 21.048
3 16 17.69 -5 -10.956 18.233 -5 -11.767 0 -5 0
4 16 17.69 -5 -10.956 17.69 0 -10.956 18.233 0 -11.767 18.233 -5 -11.767
3 16 0 -5 0 -18.233 -5 -8.232 -19.044 -5 -7.69
3 16 0 -5 0 -22.067 -5 4.389 -20 -5 7.5
3 16 0 -5 0 4.389 -5 22.067 7.5 -5 20
3 16 0 -5 0 22.067 -5 -4.389 20 -5 -7.5
3 16 0 -5 0 -4.389 -5 -22.067 -7.5 -5 -20
3 16 -10 0 0 -8.232 0 1.768 -7.69 0 0.956
3 16 -10 0 0 -7.69 0 0.956 -7.5 0 0
3 16 -10 0 0 -7.5 0 0 -7.69 0 -0.956
3 16 -10 0 0 -7.69 0 -0.956 -8.232 0 -1.768
3 16 -10 0 0 -8.232 0 -1.768 -9.043 0 -2.309
3 16 -10 0 0 -9.043 0 -2.309 -10 0 -2.5
3 16 -10 0 0 -10 0 -2.5 -10.956 0 -2.309
3 16 -10 0 0 -10.956 0 -2.309 -11.767 0 -1.768
3 16 -10 0 0 -11.767 0 -1.768 -12.309 0 -0.956
3 16 -10 0 0 -12.309 0 -0.956 -12.5 0 0
3 16 -10 0 0 -12.5 0 0 -12.309 0 0.956
3 16 -10 0 0 -12.309 0 0.956 -11.767 0 1.768
3 16 -10 0 0 -11.767 0 1.768 -10.956 0 2.309
3 16 -10 0 0 -10.956 0 2.309 -10 0 2.5
3 16 -10 0 0 -10 0 2.5 -9.043 0 2.309
3 16 -9.043 0 2.309 -8.232 0 1.768 -10 0 0
4 16 -8.232 0 1.768 -8.232 -5 1.768 -7.69 -5 0.956 -7.69 0 0.956
4 16 -7.69 0 0.956 -7.69 -5 0.956 -7.5 -5 0 -7.5 0 0
4 16 -7.5 0 0 -7.5 -5 0 -7.69 -5 -0.956 -7.69 0 -0.956
4 16 -7.69 0 -0.956 -7.69 -5 -0.956 -8.232 -5 -1.768 -8.232 0 -1.768
4 16 -8.232 0 -1.768 -8.232 -5 -1.768 -9.043 -5 -2.309 -9.043 0 -2.309
4 16 -9.043 0 -2.309 -9.043 -5 -2.309 -10 -5 -2.5 -10 0 -2.5
4 16 -10 0 -2.5 -10 -5 -2.5 -10.956 -5 -2.309 -10.956 0 -2.309
4 16 -10.956 0 -2.309 -10.956 -5 -2.309 -11.767 -5 -1.768 -11.767 0 -1.768
4 16 -11.767 0 -1.768 -11.767 -5 -1.768 -12.309 -5 -0.956 -12.309 0 -0.956
4 16 -12.309 0 -0.956 -12.309 -5 -0.956 -12.5 -5 0 -12.5 0 0
4 16 -12.5 0 0 -12.5 -5 0 -12.309 -5 0.956 -12.309 0 0.956
4 16 -12.309 0 0.956 -12.309 -5 0.956 -11.767 -5 1.768 -11.767 0 1.768
4 16 -11.767 0 1.768 -11.767 -5 1.768 -10.956 -5 2.309 -10.956 0 2.309
4 16 -10.956 0 2.309 -10.956 -5 2.309 -10 -5 2.5 -10 0 2.5
4 16 -10 0 2.5 -10 -5 2.5 -9.043 -5 2.309 -9.043 0 2.309
4 16 -8.232 -5 1.768 -8.232 0 1.768 -9.043 0 2.309 -9.043 -5 2.309
4 16 11.767 -5 1.768 11.767 0 1.768 10.956 0 2.309 10.956 -5 2.309
4 16 10 0 2.5 10 -5 2.5 10.956 -5 2.309 10.956 0 2.309
4 16 9.043 0 2.309 9.043 -5 2.309 10 -5 2.5 10 0 2.5
4 16 8.232 0 1.768 8.232 -5 1.768 9.043 -5 2.309 9.043 0 2.309
4 16 7.69 0 0.956 7.69 -5 0.956 8.232 -5 1.768 8.232 0 1.768
4 16 7.5 0 0 7.5 -5 0 7.69 -5 0.956 7.69 0 0.956
4 16 7.69 0 -0.956 7.69 -5 -0.956 7.5 -5 0 7.5 0 0
4 16 8.232 0 -1.768 8.232 -5 -1.768 7.69 -5 -0.956 7.69 0 -0.956
4 16 9.043 0 -2.309 9.043 -5 -2.309 8.232 -5 -1.768 8.232 0 -1.768
4 16 10 0 -2.5 10 -5 -2.5 9.043 -5 -2.309 9.043 0 -2.309
4 16 10.956 0 -2.309 10.956 -5 -2.309 10 -5 -2.5 10 0 -2.5
4 16 11.767 0 -1.768 11.767 -5 -1.768 10.956 -5 -2.309 10.956 0 -2.309
4 16 12.309 0 -0.956 12.309 -5 -0.956 11.767 -5 -1.768 11.767 0 -1.768
4 16 12.5 0 0 12.5 -5 0 12.309 -5 -0.956 12.309 0 -0.956
4 16 12.309 0 0.956 12.309 -5 0.956 12.5 -5 0 12.5 0 0
4 16 11.767 0 1.768 11.767 -5 1.768 12.309 -5 0.956 12.309 0 0.956
3 16 10.956 0 2.309 11.767 0 1.768 10 0 0
3 16 10 0 0 10 0 2.5 10.956 0 2.309
3 16 10 0 0 9.043 0 2.309 10 0 2.5
3 16 10 0 0 8.232 0 1.768 9.043 0 2.309
3 16 10 0 0 7.69 0 0.956 8.232 0 1.768
3 16 10 0 0 7.5 0 0 7.69 0 0.956
3 16 10 0 0 7.69 0 -0.956 7.5 0 0
3 16 10 0 0 8.232 0 -1.768 7.69 0 -0.956
3 16 10 0 0 9.043 0 -2.309 8.232 0 -1.768
3 16 10 0 0 10 0 -2.5 9.043 0 -2.309
3 16 10 0 0 10.956 0 -2.309 10 0 -2.5
3 16 10 0 0 11.767 0 -1.768 10.956 0 -2.309
3 16 10 0 0 12.309 0 -0.956 11.767 0 -1.768
3 16 10 0 0 12.5 0 0 12.309 0 -0.956
3 16 10 0 0 12.309 0 0.956 12.5 0 0
3 16 10 0 0 11.767 0 1.768 12.309 0 0.956
4 16 1.768 -5 11.767 1.768 0 11.767 0.956 0 12.309 0.956 -5 12.309
4 16 0 0 12.5 0 -5 12.5 0.956 -5 12.309 0.956 0 12.309
4 16 -0.956 0 12.309 -0.956 -5 12.309 0 -5 12.5 0 0 12.5
4 16 -1.768 0 11.767 -1.768 -5 11.767 -0.956 -5 12.309 -0.956 0 12.309
4 16 -2.309 0 10.956 -2.309 -5 10.956 -1.768 -5 11.767 -1.768 0 11.767
4 16 -2.5 0 10 -2.5 -5 10 -2.309 -5 10.956 -2.309 0 10.956
4 16 -2.309 0 9.043 -2.309 -5 9.043 -2.5 -5 10 -2.5 0 10
4 16 -1.768 0 8.232 -1.768 -5 8.232 -2.309 -5 9.043 -2.309 0 9.043
4 16 -0.956 0 7.69 -0.956 -5 7.69 -1.768 -5 8.232 -1.768 0 8.232
4 16 0 0 7.5 0 -5 7.5 -0.956 -5 7.69 -0.956 0 7.69
4 16 0.956 0 7.69 0.956 -5 7.69 0 -5 7.5 0 0 7.5
4 16 1.768 0 8.232 1.768 -5 8.232 0.956 -5 7.69 0.956 0 7.69
4 16 2.309 0 9.043 2.309 -5 9.043 1.768 -5 8.232 1.768 0 8.232
4 16 2.5 0 10 2.5 -5 10 2.309 -5 9.043 2.309 0 9.043
4 16 2.309 0 10.956 2.309 -5 10.956 2.5 -5 10 2.5 0 10
4 16 1.768 0 11.767 1.768 -5 11.767 2.309 -5 10.956 2.309 0 10.956
3 16 0.956 0 12.309 1.768 0 11.767 0 0 10
3 16 0 0 10 0 0 12.5 0.956 0 12.309
3 16 0 0 10 -0.956 0 12.309 0 0 12.5
3 16 0 0 10 -1.768 0 11.767 -0.956 0 12.309
3 16 0 0 10 -2.309 0 10.956 -1.768 0 11.767
3 16 0 0 10 -2.5 0 10 -2.309 0 10.956
3 16 0 0 10 -2.309 0 9.043 -2.5 0 10
3 16 0 0 10 -1.768 0 8.232 -2.309 0 9.043
3 16 0 0 10 -0.956 0 7.69 -1.768 0 8.232
3 16 0 0 10 0 0 7.5 -0.956 0 7.69
3 16 0 0 10 0.956 0 7.69 0 0 7.5
3 16 0 0 10 1.768 0 8.232 0.956 0 7.69
3 16 0 0 10 2.309 0 9.043 1.768 0 8.232
3 16 0 0 10 2.5 0 10 2.309 0 9.043
3 16 0 0 10 2.309 0 10.956 2.5 0 10
3 16 0 0 10 1.768 0 11.767 2.309 0 10.956
3 16 0 0 -10 1.768 0 -8.232 2.309 0 -9.043
3 16 0 0 -10 2.309 0 -9.043 2.5 0 -10
3 16 0 0 -10 2.5 0 -10 2.309 0 -10.956
3 16 0 0 -10 2.309 0 -10.956 1.768 0 -11.767
3 16 0 0 -10 1.768 0 -11.767 0.956 0 -12.309
3 16 0 0 -10 0.956 0 -12.309 0 0 -12.5
3 16 0 0 -10 0 0 -12.5 -0.956 0 -12.309
3 16 0 0 -10 -0.956 0 -12.309 -1.768 0 -11.767
3 16 0 0 -10 -1.768 0 -11.767 -2.309 0 -10.956
3 16 0 0 -10 -2.309 0 -10.956 -2.5 0 -10
3 16 0 0 -10 -2.5 0 -10 -2.309 0 -9.043
3 16 0 0 -10 -2.309 0 -9.043 -1.768 0 -8.232
3 16 0 0 -10 -1.768 0 -8.232 -0.956 0 -7.69
3 16 0 0 -10 -0.956 0 -7.69 0 0 -7.5
3 16 0 0 -10 0 0 -7.5 0.956 0 -7.69
3 16 0.956 0 -7.69 1.768 0 -8.232 0 0 -10
4 16 1.768 0 -8.232 1.768 -5 -8.232 2.309 -5 -9.043 2.309 0 -9.043
4 16 2.309 0 -9.043 2.309 -5 -9.043 2.5 -5 -10 2.5 0 -10
4 16 2.5 0 -10 2.5 -5 -10 2.309 -5 -10.956 2.309 0 -10.956
4 16 2.309 0 -10.956 2.309 -5 -10.956 1.768 -5 -11.767 1.768 0 -11.767
4 16 1.768 0 -11.767 1.768 -5 -11.767 0.956 -5 -12.309 0.956 0 -12.309
4 16 0.956 0 -12.309 0.956 -5 -12.309 0 -5 -12.5 0 0 -12.5
4 16 0 0 -12.5 0 -5 -12.5 -0.956 -5 -12.309 -0.956 0 -12.309
4 16 -0.956 0 -12.309 -0.956 -5 -12.309 -1.768 -5 -11.767 -1.768 0 -11.767
4 16 -1.768 0 -11.767 -1.768 -5 -11.767 -2.309 -5 -10.956 -2.309 0 -10.956
4 16 -2.309 0 -10.956 -2.309 -5 -10.956 -2.5 -5 -10 -2.5 0 -10
4 16 -2.5 0 -10 -2.5 -5 -10 -2.309 -5 -9.043 -2.309 0 -9.043
4 16 -2.309 0 -9.043 -2.309 -5 -9.043 -1.768 -5 -8.232 -1.768 0 -8.232
4 16 -1.768 0 -8.232 -1.768 -5 -8.232 -0.956 -5 -7.69 -0.956 0 -7.69
4 16 -0.956 0 -7.69 -0.956 -5 -7.69 0 -5 -7.5 0 0 -7.5
4 16 0 0 -7.5 0 -5 -7.5 0.956 -5 -7.69 0.956 0 -7.69
4 16 1.768 -5 -8.232 1.768 0 -8.232 0.956 0 -7.69 0.956 -5 -7.69
2 24 -18.872 -5 12.195 -18.708 -5 12.501
2 24 -19.044 -5 -7.69 -18.233 -5 -8.232
2 24 -12.195 0 18.872 -11.767 0 18.233
2 24 -20 -5 7.5 -19.044 -5 7.69
2 24 7.5 0 0 7.69 0 0.956
5 24 1.768 -5 11.767 1.768 0 11.767 0.956 -5 12.309 2.309 -5 10.956
2 24 -21.048 -5 7.751 -20.956 -5 7.69
2 24 17.5 -5 10 17.69 -5 9.043
2 24 23.097 -8 9.567 24.52 -8 4.877
2 24 7.69 0 0.956 8.232 0 1.768
2 24 -12.5 -5 0 -12.309 -5 0.956
5 24 2.309 -5 9.043 2.309 0 9.043 1.768 -5 8.232 2.5 -5 10
2 24 24.52 0 -4.878 25 0 0
2 24 -8.232 0 18.233 -7.69 0 19.044
2 24 1.768 -5 -11.767 2.309 -5 -10.956
2 24 -2.309 0 -9.043 -1.768 0 -8.232
5 24 -7.69 -5 -19.044 -7.69 0 -19.044 -8.232 -5 -18.233 -7.5 -5 -20
2 24 17.69 -5 9.043 18.233 -5 8.232
2 24 7.69 -5 -0.956 8.232 -5 -1.768
5 24 4.877 0 -24.52 4.878 -8 -24.52 9.567 0 -23.097 0 0 -25
2 24 12.195 -5 18.872 12.501 -5 18.708
2 24 -7.751 -5 -21.048 -4.389 -5 -22.067
2 24 9.043 -5 -2.309 10 -5 -2.5
5 24 -11.767 -5 1.768 -11.767 0 1.768 -12.309 -5 0.956 -10.956 -5 2.309
5 24 1.768 -5 8.232 1.768 0 8.232 0.956 -5 7.69 2.309 -5 9.043
2 24 -17.69 0 -10.956 -17.5 0 -10
5 24 -1.768 -5 8.232 -1.768 0 8.232 -2.309 -5 9.043 -0.956 -5 7.69
2 24 10.956 0 17.69 11.767 0 18.233
5 24 -7.5 -5 -20 -7.5 0 -20 -7.69 -5 -20.956 -7.69 -5 -19.044
5 24 -2.5 -5 -10 -2.5 0 -10 -2.309 -5 -10.956 -2.309 -5 -9.043
2 24 7.69 -5 0.956 8.232 -5 1.768
2 24 -7.69 -5 -20.956 -7.5 -5 -20
2 24 -9.043 -5 -2.309 -8.232 -5 -1.768
5 24 -11.767 -5 -18.233 -11.767 0 -18.233 -10.956 -5 -17.69 -12.195 -5 -18.872
5 24 -23.097 -8 -9.567 -23.097 0 -9.567 -24.52 -8 -4.878 -20.786 -8 -13.889
2 24 17.69 0 -10.956 18.233 0 -11.767
2 24 0.956 -5 -7.69 1.768 -5 -8.232
2 24 10 -5 -17.5 10.956 -5 -17.69
5 24 -10 -5 17.5 -10 0 17.5 -10.956 -5 17.69 -9.043 -5 17.69
2 24 10 0 2.5 10.956 0 2.309
2 24 11.767 -5 -18.233 12.195 -5 -18.872
2 24 4.877 0 -24.52 9.567 0 -23.097
2 24 -12.309 0 -0.956 -11.767 0 -1.768
2 24 22.067 0 4.389 22.5 0 0
5 24 -9.043 -5 -17.69 -9.043 0 -17.69 -8.232 -5 -18.233 -10 -5 -17.5
2 24 0 0 -22.5 4.389 0 -22.067
2 24 -4.389 0 22.067 0 0 22.5
2 24 17.677 0 17.677 20.787 0 13.889
5 24 8.232 -5 1.768 8.232 0 1.768 9.043 -5 2.309 7.69 -5 0.956
5 24 11.767 -5 -18.233 11.767 0 -18.233 12.195 -5 -18.872 10.956 -5 -17.69
2 24 -2.309 -5 -9.043 -1.768 -5 -8.232
2 24 -24.52 -8 4.877 -23.097 -8 9.567
2 24 12.195 -5 18.872 12.195 0 18.872
2 24 2.309 -5 9.043 2.5 -5 10
2 24 7.69 -5 -20.956 7.751 -5 -21.048
5 24 0.956 -5 -12.309 0.956 0 -12.309 1.768 -5 -11.767 0 -5 -12.5
2 24 18.708 0 -12.501 18.872 0 -12.195
2 24 20.956 0 7.69 21.048 0 7.751
2 24 7.69 0 -0.956 8.232 0 -1.768
2 24 -18.872 -5 12.195 -18.872 0 12.195
2 24 -12.501 0 18.708 -12.195 0 18.872
2 24 -8.232 -5 18.233 -7.69 -5 19.044
5 24 1.768 -5 -8.232 1.768 0 -8.232 2.309 -5 -9.043 0.956 -5 -7.69
2 24 -12.501 -5 18.708 -12.195 -5 18.872
2 24 8.232 0 -18.233 9.043 0 -17.69
2 24 -11.767 0 1.768 -10.956 0 2.309
5 24 -20 -5 7.5 -20 0 7.5 -20.956 -5 7.69 -19.044 -5 7.69
5 24 7.69 -5 -19.044 7.69 0 -19.044 7.5 -5 -20 8.232 -5 -18.233
2 24 -20.956 -5 -7.69 -20 -5 -7.5
5 24 2.309 -5 -9.043 2.309 0 -9.043 1.768 -5 -8.232 2.5 -5 -10
2 24 19.044 0 7.69 20 0 7.5
2 24 -12.5 0 0 -12.309 0 -0.956
5 24 18.708 -5 -12.501 18.708 0 -12.501 15.91 -5 -15.91 18.872 -5 -12.195
2 24 -8.232 -5 -18.233 -7.69 -5 -19.044
2 24 -18.233 -5 11.767 -17.69 -5 10.956
2 24 -18.872 0 -12.195 -18.708 0 -12.501
2 24 0 -8 25 4.877 -8 24.52
2 24 -12.5 -5 0 -12.309 -5 -0.956
2 24 0.956 0 12.309 1.768 0 11.767
2 24 -9.567 -8 23.097 -4.878 -8 24.52
2 24 17.5 -5 10 17.69 -5 10.956
2 24 -10.956 0 -17.69 -10 0 -17.5
5 24 12.501 -5 18.708 12.501 0 18.708 12.195 -5 18.872 15.91 -5 15.91
5 24 20.956 -5 -7.69 20.956 0 -7.69 21.048 -5 -7.751 20 -5 -7.5
2 24 -24.52 -8 -4.878 -23.097 -8 -9.567
2 24 12.501 -5 18.708 15.91 -5 15.91
5 24 -20.787 -8 13.889 -20.786 0 13.889 -17.677 -8 17.677 -23.097 -8 9.567
5 24 -2.309 -5 -10.956 -2.309 0 -10.956 -1.768 -5 -11.767 -2.5 -5 -10
5 24 10 -5 -2.5 10 0 -2.5 9.043 -5 -2.309 10.956 -5 -2.309
2 24 21.048 -5 -7.751 21.048 0 -7.751
5 24 0 -5 -7.5 0 0 -7.5 -0.956 -5 -7.69 0.956 -5 -7.69
2 24 -13.889 0 20.787 -9.567 0 23.097
2 24 -7.69 -5 0.956 -7.5 -5 0
2 24 -23.097 -8 -9.567 -20.786 -8 -13.889
2 24 -1.768 -5 11.767 -0.956 -5 12.309
2 24 0 -5 -7.5 0.956 -5 -7.69
2 24 17.69 -5 10.956 18.233 -5 11.767
2 24 -10 -5 -17.5 -9.043 -5 -17.69
2 24 -11.767 0 18.233 -10.956 0 17.69
2 24 0.956 0 7.69 1.768 0 8.232
5 24 -9.043 -5 17.69 -9.043 0 17.69 -10 -5 17.5 -8.232 -5 18.233
5 24 -17.677 -8 17.677 -17.677 0 17.677 -13.889 -8 20.786 -20.787 -8 13.889
2 24 18.233 -5 -11.767 18.872 -5 -12.195
5 24 -13.889 -8 -20.787 -13.889 0 -20.787 -9.567 -8 -23.097 -17.677 -8 -17.677
5 24 -15.91 -5 -15.91 -15.91 0 -15.91 -12.501 -5 -18.708 -18.708 -5 -12.501
2 24 -25 0 0 -24.52 0 -4.877
5 24 18.233 -5 8.232 18.233 0 8.232 19.044 -5 7.69 17.69 -5 9.043
2 24 -11.767 -5 1.768 -10.956 -5 2.309
2 24 10.956 0 -17.69 11.767 0 -18.233
2 24 0.956 -5 12.309 1.768 -5 11.767
5 24 -7.69 -5 -20.956 -7.69 0 -20.956 -7.751 -5 -21.048 -7.5 -5 -20
5 24 -12.309 -5 0.956 -12.309 0 0.956 -12.5 -5 0 -11.767 -5 1.768
5 24 12.309 -5 -0.956 12.309 0 -0.956 11.767 -5 -1.768 12.5 -5 0
2 24 -10.956 -5 2.309 -10 -5 2.5
2 24 -20.786 -8 -13.889 -17.677 -8 -17.677
2 24 -11.767 -5 -1.768 -10.956 -5 -2.309
2 24 -2.5 -5 10 -2.309 -5 9.043
2 24 -11.767 -5 -18.233 -10.956 -5 -17.69
2 24 -9.567 -8 -23.097 -4.877 -8 -24.52
5 24 2.5 -5 -10 2.5 0 -10 2.309 -5 -9.043 2.309 -5 -10.956
2 24 -10.956 0 -2.309 -10 0 -2.5
2 24 -2.5 0 10 -2.309 0 10.956
2 24 -11.767 0 -18.233 -10.956 0 -17.69
2 24 -9.043 0 -17.69 -8.232 0 -18.233
2 24 -18.872 0 12.195 -18.708 0 12.501
2 24 7.69 0 -19.044 8.232 0 -18.233
5 24 -24.52 -8 4.877 -24.52 0 4.878 -23.097 -8 9.567 -25 -8 0
5 24 17.69 -5 -10.956 17.69 0 -10.956 17.5 -5 -10 18.233 -5 -11.767
2 24 -0.956 -5 -7.69 0 -5 -7.5
5 24 -13.889 -8 20.786 -13.889 0 20.787 -17.677 -8 17.677 -9.567 -8 23.097
5 24 -1.768 -5 11.767 -1.768 0 11.767 -0.956 -5 12.309 -2.309 -5 10.956
2 24 -21.048 0 7.751 -20.956 0 7.69
2 24 9.567 0 -23.097 13.889 0 -20.787
2 24 -19.044 0 7.69 -18.233 0 8.232
2 24 -20 0 -7.5 -19.044 0 -7.69
2 24 12.309 0 -0.956 12.5 0 0
2 24 -2.5 0 10 -2.309 0 9.043
5 24 0 -8 -25 0 0 -25 4.878 -8 -24.52 -4.877 -8 -24.52
2 24 -9.567 0 -23.097 -4.878 0 -24.52
2 24 -11.767 -5 18.233 -10.956 -5 17.69
2 24 -1.768 0 8.232 -0.956 0 7.69
2 24 17.69 0 -9.043 18.233 0 -8.232
2 24 9.043 -5 -17.69 10 -5 -17.5
5 24 -22.067 -5 -4.389 -22.067 0 -4.389 -21.048 -5 -7.751 -22.5 -5 0
2 24 10 -5 2.5 10.956 -5 2.309
2 24 -10 0 -17.5 -9.043 0 -17.69
2 24 -8.232 -5 -1.768 -7.69 -5 -0.956
5 24 13.889 -8 -20.787 13.889 0 -20.787 17.677 -8 -17.677 9.567 -8 -23.097
2 24 4.878 -8 -24.52 9.567 -8 -23.097
2 24 19.044 0 -7.69 20 0 -7.5
2 24 9.043 0 -2.309 10 0 -2.5
2 24 23.097 0 -9.567 24.52 0 -4.878
5 24 -8.232 -5 18.233 -8.232 0 18.233 -9.043 -5 17.69 -7.69 -5 19.044
2 24 10 0 17.5 10.956 0 17.69
2 24 7.69 -5 19.044 8.232 -5 18.233
2 24 -24.52 0 4.878 -23.097 0 9.567
2 24 7.69 -5 20.956 7.751 -5 21.048
2 24 0.956 0 -7.69 1.768 0 -8.232
2 24 -9.043 -5 2.309 -8.232 -5 1.768
5 24 -12.309 -5 -0.956 -12.309 0 -0.956 -11.767 -5 -1.768 -12.5 -5 0
2 24 20 -5 -7.5 20.956 -5 -7.69
2 24 12.195 -5 -18.872 12.195 0 -18.872
2 24 18.233 -5 -8.232 19.044 -5 -7.69
2 24 11.767 -5 18.233 12.195 -5 18.872
2 24 0 0 22.5 4.389 0 22.067
2 24 -10.956 0 17.69 -10 0 17.5
2 24 13.889 0 20.786 17.677 0 17.677
2 24 -0.956 -5 12.309 0 -5 12.5
5 24 2.309 -5 10.956 2.309 0 10.956 2.5 -5 10 1.768 -5 11.767
2 24 4.389 0 -22.067 7.751 0 -21.048
2 24 17.5 -5 -10 17.69 -5 -9.043
5 24 13.889 -8 20.787 13.889 0 20.786 9.567 -8 23.097 17.677 -8 17.677
5 24 -18.233 -5 -8.232 -18.233 0 -8.232 -19.044 -5 -7.69 -17.69 -5 -9.043
2 24 -2.5 -5 -10 -2.309 -5 -9.043
5 24 12.309 -5 0.956 12.309 0 0.956 12.5 -5 0 11.767 -5 1.768
2 24 2.309 0 10.956 2.5 0 10
2 24 -9.043 0 2.309 -8.232 0 1.768
2 24 18.872 -5 -12.195 18.872 0 -12.195
2 24 7.69 0 -20.956 7.751 0 -21.048
2 24 -7.69 -5 -0.956 -7.5 -5 0
5 24 19.044 -5 7.69 19.044 0 7.69 20 -5 7.5 18.233 -5 8.232
2 24 9.567 0 23.097 13.889 0 20.786
5 24 17.677 -8 -17.677 17.677 0 -17.677 13.889 -8 -20.787 20.787 -8 -13.889
5 24 -25 -8 0 -25 0 0 -24.52 -8 -4.878 -24.52 -8 4.877
5 24 0.956 -5 12.309 0.956 0 12.309 1.768 -5 11.767 0 -5 12.5
2 24 -7.751 0 21.048 -4.389 0 22.067
2 24 -13.889 0 -20.787 -9.567 0 -23.097
5 24 -8.232 -5 -1.768 -8.232 0 -1.768 -7.69 -5 -0.956 -9.043 -5 -2.309
5 24 -12.501 -5 -18.708 -12.501 0 -18.708 -12.195 -5 -18.872 -15.91 -5 -15.91
2 24 -20.786 0 13.889 -17.677 0 17.677
2 24 11.767 0 1.768 12.309 0 0.956
2 24 -2.309 -5 10.956 -1.768 -5 11.767
2 24 1.768 0 11.767 2.309 0 10.956
2 24 -11.767 0 -1.768 -10.956 0 -2.309
2 24 19.044 -5 7.69 20 -5 7.5
2 24 -4.878 -8 24.52 0 -8 25
5 24 18.708 -5 12.501 18.708 0 12.501 18.872 -5 12.195 15.91 -5 15.91
2 24 -18.872 -5 -12.195 -18.872 0 -12.195
2 24 -15.91 -5 15.91 -12.501 -5 18.708
2 24 21.048 0 -7.751 22.067 0 -4.389
2 24 10.956 -5 -17.69 11.767 -5 -18.233
2 24 -7.69 0 0.956 -7.5 0 0
5 24 22.5 -5 0 22.5 0 0 22.067 -5 4.389 22.067 -5 -4.389
2 24 9.043 0 17.69 10 0 17.5
5 24 -18.708 -5 12.501 -18.708 0 12.501 -18.872 -5 12.195 -15.91 -5 15.91
5 24 12.5 -5 0 12.5 0 0 12.309 -5 -0.956 12.309 -5 0.956
5 24 17.69 -5 9.043 17.69 0 9.043 17.5 -5 10 18.233 -5 8.232
2 24 15.91 0 15.91 18.708 0 12.501
2 24 18.708 -5 -12.501 18.872 -5 -12.195
2 24 0.956 0 -12.309 1.768 0 -11.767
2 24 11.767 -5 1.768 12.309 -5 0.956
2 24 7.69 -5 -19.044 8.232 -5 -18.233
2 24 17.5 0 -10 17.69 0 -10.956
2 24 22.067 -5 -4.389 22.5 -5 0
2 24 -10.956 0 2.309 -10 0 2.5
2 24 -22.067 0 -4.389 -21.048 0 -7.751
5 24 20 -5 7.5 20 0 7.5 20.956 -5 7.69 19.044 -5 7.69
2 24 -0.956 0 -7.69 0 0 -7.5
5 24 -20 -5 -7.5 -20 0 -7.5 -19.044 -5 -7.69 -20.956 -5 -7.69
2 24 21.048 -5 7.751 22.067 -5 4.389
5 24 -0.956 -5 -7.69 -0.956 0 -7.69 -1.768 -5 -8.232 0 -5 -7.5
2 24 13.889 -8 20.787 17.677 -8 17.677
2 24 12.501 0 -18.708 15.91 0 -15.91
2 24 17.5 -5 -10 17.69 -5 -10.956
2 24 -10.956 -5 -2.309 -10 -5 -2.5
2 24 12.501 0 18.708 15.91 0 15.91
2 24 17.677 0 -17.677 20.787 0 -13.889
5 24 0 -5 22.5 0 0 22.5 -4.389 -5 22.067 4.389 -5 22.067
5 24 -10 -5 -17.5 -10 0 -17.5 -9.043 -5 -17.69 -10.956 -5 -17.69
2 24 24.52 -8 -4.878 25 -8 0
2 24 10 0 -2.5 10.956 0 -2.309
2 24 9.043 0 2.309 10 0 2.5
2 24 -19.044 -5 7.69 -18.233 -5 8.232
2 24 17.677 -8 -17.677 20.787 -8 -13.889
2 24 -20 -5 -7.5 -19.044 -5 -7.69
2 24 -13.889 -8 -20.787 -9.567 -8 -23.097
5 24 11.767 -5 -1.768 11.767 0 -1.768 10.956 -5 -2.309 12.309 -5 -0.956
5 24 8.232 -5 -1.768 8.232 0 -1.768 7.69 -5 -0.956 9.043 -5 -2.309
2 24 -18.872 -5 12.195 -18.233 -5 11.767
2 24 -1.768 0 11.767 -0.956 0 12.309
5 24 -2.309 -5 -9.043 -2.309 0 -9.043 -2.5 -5 -10 -1.768 -5 -8.232
2 24 17.69 0 10.956 18.233 0 11.767
2 24 1.768 -5 -8.232 2.309 -5 -9.043
2 24 12.309 0 0.956 12.5 0 0
2 24 8.232 0 -1.768 9.043 0 -2.309
2 24 23.097 -8 -9.567 24.52 -8 -4.878
2 24 -2.309 -5 9.043 -1.768 -5 8.232
2 24 -9.567 0 23.097 -4.877 0 24.52
2 24 -7.751 -5 -21.048 -7.69 -5 -20.956
2 24 -7.751 0 -21.048 -4.389 0 -22.067
2 24 -17.69 0 9.043 -17.5 0 10
2 24 -17.677 0 17.677 -13.889 0 20.787
2 24 20.787 0 13.889 23.097 0 9.567
5 24 -0.956 -5 7.69 -0.956 0 7.69 -1.768 -5 8.232 0 -5 7.5
2 24 -18.233 0 -11.767 -17.69 0 -10.956
5 24 18.233 -5 -11.767 18.233 0 -11.767 18.872 -5 -12.195 17.69 -5 -10.956
2 24 -17.69 0 -9.043 -17.5 0 -10
2 24 -22.067 -5 -4.389 -21.048 -5 -7.751
2 24 21.048 -5 7.751 21.048 0 7.751
5 24 -18.233 -5 -11.767 -18.233 0 -11.767 -18.872 -5 -12.195 -17.69 -5 -10.956
2 24 1.768 -5 8.232 2.309 -5 9.043
2 24 -7.69 -5 -19.044 -7.5 -5 -20
2 24 -15.91 0 15.91 -12.501 0 18.708
5 24 -9.043 -5 2.309 -9.043 0 2.309 -10 -5 2.5 -8.232 -5 1.768
5 24 23.097 -8 9.567 23.097 0 9.567 24.52 -8 4.877 20.787 -8 13.889
2 24 13.889 -8 -20.787 17.677 -8 -17.677
5 24 7.5 -5 20 7.5 0 20 7.69 -5 19.044 7.69 -5 20.956
5 24 10 -5 -17.5 10 0 -17.5 9.043 -5 -17.69 10.956 -5 -17.69
2 24 9.043 0 -17.69 10 0 -17.5
2 24 18.233 -5 11.767 18.872 -5 12.195
5 24 -17.69 -5 10.956 -17.69 0 10.956 -18.233 -5 11.767 -17.5 -5 10
5 24 19.044 -5 -7.69 19.044 0 -7.69 20 -5 -7.5 18.233 -5 -8.232
2 24 -12.309 -5 -0.956 -11.767 -5 -1.768
2 24 -7.69 0 -19.044 -7.5 0 -20
2 24 4.877 -8 24.52 9.567 -8 23.097
2 24 0 0 -12.5 0.956 0 -12.309
2 24 -9.043 0 -2.309 -8.232 0 -1.768
2 24 10 -5 -2.5 10.956 -5 -2.309
2 24 4.878 0 24.52 9.567 0 23.097
5 24 -4.389 -5 -22.067 -4.389 0 -22.067 0 -5 -22.5 -7.751 -5 -21.048
2 24 -7.69 -5 20.956 -7.5 -5 20
5 24 -24.52 -8 -4.878 -24.52 0 -4.877 -25 -8 0 -23.097 -8 -9.567
5 24 -7.69 -5 19.044 -7.69 0 19.044 -7.5 -5 20 -8.232 -5 18.233
2 24 7.69 0 19.044 8.232 0 18.233
2 24 -10 0 -2.5 -9.043 0 -2.309
2 24 0.956 -5 -12.309 1.768 -5 -11.767
5 24 2.309 -5 -10.956 2.309 0 -10.956 2.5 -5 -10 1.768 -5 -11.767
2 24 -23.097 0 -9.567 -20.787 0 -13.889
2 24 22.067 0 -4.389 22.5 0 0
2 24 -2.309 0 10.956 -1.768 0 11.767
2 24 18.233 0 -8.232 19.044 0 -7.69
2 24 -1.768 -5 8.232 -0.956 -5 7.69
5 24 -17.69 -5 -10.956 -17.69 0 -10.956 -18.233 -5 -11.767 -17.5 -5 -10
2 24 20.956 0 -7.69 21.048 0 -7.751
5 24 8.232 -5 -18.233 8.232 0 -18.233 9.043 -5 -17.69 7.69 -5 -19.044
2 24 0 -8 -25 4.878 -8 -24.52
5 24 23.097 -8 -9.567 23.097 0 -9.567 24.52 -8 -4.878 20.787 -8 -13.889
2 24 0 0 25 4.878 0 24.52
5 24 24.52 -8 4.877 24.52 0 4.878 25 -8 0 23.097 -8 9.567
5 24 20.787 -8 -13.889 20.787 0 -13.889 23.097 -8 -9.567 17.677 -8 -17.677
2 24 -4.877 0 24.52 0 0 25
5 24 7.69 -5 0.956 7.69 0 0.956 8.232 -5 1.768 7.5 -5 0
2 24 -15.91 -5 -15.91 -12.501 -5 -18.708
5 24 1.768 -5 -11.767 1.768 0 -11.767 2.309 -5 -10.956 0.956 -5 -12.309
2 24 -21.048 -5 -7.751 -20.956 -5 -7.69
2 24 -0.956 -5 -12.309 0 -5 -12.5
2 24 0 0 -7.5 0.956 0 -7.69
2 24 -7.69 0 19.044 -7.5 0 20
5 24 -0.956 -5 -12.309 -0.956 0 -12.309 0 -5 -12.5 -1.768 -5 -11.767
2 24 -0.956 -5 7.69 0 -5 7.5
5 24 2.5 -5 10 2.5 0 10 2.309 -5 9.043 2.309 -5 10.956
2 24 20.956 -5 -7.69 21.048 -5 -7.751
5 24 7.69 -5 20.956 7.69 0 20.956 7.5 -5 20 7.751 -5 21.048
2 24 7.751 -5 -21.048 7.751 0 -21.048
2 24 -0.956 0 7.69 0 0 7.5
2 24 -21.048 -5 7.751 -21.048 0 7.751
2 24 -0.956 0 12.309 0 0 12.5
5 24 9.043 -5 2.309 9.043 0 2.309 10 -5 2.5 8.232 -5 1.768
2 24 -18.708 0 12.501 -15.91 0 15.91
5 24 -17.677 -8 -17.677 -17.677 0 -17.677 -20.786 -8 -13.889 -13.889 -8 -20.787
5 24 11.767 -5 18.233 11.767 0 18.233 10.956 -5 17.69 12.195 -5 18.872
2 24 -18.233 0 8.232 -17.69 0 9.043
5 24 -7.5 -5 0 -7.5 0 0 -7.69 -5 0.956 -7.69 -5 -0.956
2 24 18.708 0 12.501 18.872 0 12.195
2 24 22.067 -5 4.389 22.5 -5 0
5 24 10.956 -5 2.309 10.956 0 2.309 11.767 -5 1.768 10 -5 2.5
2 24 12.195 -5 -18.872 12.501 -5 -18.708
2 24 -4.389 -5 -22.067 0 -5 -22.5
2 24 7.5 -5 -20 7.69 -5 -19.044
5 24 -11.767 -5 18.233 -11.767 0 18.233 -12.195 -5 18.872 -10.956 -5 17.69
2 24 -2.309 -5 -10.956 -1.768 -5 -11.767
2 24 -13.889 -8 20.786 -9.567 -8 23.097
2 24 -10.956 -5 17.69 -10 -5 17.5
5 24 -20.956 -5 7.69 -20.956 0 7.69 -20 -5 7.5 -21.048 -5 7.751
2 24 9.567 -8 -23.097 13.889 -8 -20.787
2 24 21.048 0 7.751 22.067 0 4.389
2 24 24.52 -8 4.877 25 -8 0
2 24 10.956 -5 -2.309 11.767 -5 -1.768
5 24 -7.69 -5 0.956 -7.69 0 0.956 -8.232 -5 1.768 -7.5 -5 0
2 24 -21.048 0 -7.751 -20.956 0 -7.69
5 24 -7.69 -5 -0.956 -7.69 0 -0.956 -7.5 -5 0 -8.232 -5 -1.768
2 24 -2.5 0 -10 -2.309 0 -9.043
5 24 0 -5 12.5 0 0 12.5 0.956 -5 12.309 -0.956 -5 12.309
2 24 -7.69 0 -20.956 -7.5 0 -20
2 24 -4.878 0 -24.52 0 0 -25
5 24 0 -5 7.5 0 0 7.5 -0.956 -5 7.69 0.956 -5 7.69
5 24 -18.233 -5 11.767 -18.233 0 11.767 -17.69 -5 10.956 -18.872 -5 12.195
2 24 20.956 -5 7.69 21.048 -5 7.751
5 24 -2.309 -5 9.043 -2.309 0 9.043 -2.5 -5 10 -1.768 -5 8.232
2 24 20.787 -8 -13.889 23.097 -8 -9.567
2 24 -8.232 0 -18.233 -7.69 0 -19.044
5 24 10.956 -5 17.69 10.956 0 17.69 11.767 -5 18.233 10 -5 17.5
2 24 1.768 0 8.232 2.309 0 9.043
5 24 -18.708 -5 -12.501 -18.708 0 -12.501 -15.91 -5 -15.91 -18.872 -5 -12.195
2 24 0 -5 -22.5 4.389 -5 -22.067
2 24 7.5 -5 20 7.69 -5 19.044
2 24 18.708 -5 12.501 18.872 -5 12.195
2 24 15.91 -5 15.91 18.708 -5 12.501
5 24 -10.956 -5 2.309 -10.956 0 2.309 -11.767 -5 1.768 -10 -5 2.5
2 24 7.5 -5 0 7.69 -5 0.956
2 24 7.5 0 0 7.69 0 -0.956
2 24 8.232 -5 1.768 9.043 -5 2.309
5 24 8.232 -5 18.233 8.232 0 18.233 9.043 -5 17.69 7.69 -5 19.044
2 24 12.501 -5 -18.708 15.91 -5 -15.91
2 24 -10 -5 -2.5 -9.043 -5 -2.309
2 24 0 0 -25 4.877 0 -24.52
2 24 -4.389 0 -22.067 0 0 -22.5
2 24 2.309 0 -10.956 2.5 0 -10
5 24 10 -5 17.5 10 0 17.5 10.956 -5 17.69 9.043 -5 17.69
2 24 10.956 -5 17.69 11.767 -5 18.233
5 24 0 -5 -12.5 0 0 -12.5 0.956 -5 -12.309 -0.956 -5 -12.309
2 24 -7.69 0 20.956 -7.5 0 20
2 24 11.767 0 -18.233 12.195 0 -18.872
5 24 9.043 -5 17.69 9.043 0 17.69 10 -5 17.5 8.232 -5 18.233
2 24 7.5 -5 -20 7.69 -5 -20.956
2 24 -22.067 -5 4.389 -21.048 -5 7.751
2 24 -18.233 0 11.767 -17.69 0 10.956
2 24 -7.751 -5 -21.048 -7.751 0 -21.048
2 24 13.889 0 -20.787 17.677 0 -17.677
2 24 -18.708 0 -12.501 -15.91 0 -15.91
5 24 0.956 -5 -7.69 0.956 0 -7.69 0 -5 -7.5 1.768 -5 -8.232
5 24 7.69 -5 19.044 7.69 0 19.044 7.5 -5 20 8.232 -5 18.233
2 24 17.5 0 10 17.69 0 10.956
2 24 24.52 0 4.878 25 0 0
2 24 8.232 0 1.768 9.043 0 2.309
5 24 -2.309 -5 10.956 -2.309 0 10.956 -1.768 -5 11.767 -2.5 -5 10
2 24 7.5 0 -20 7.69 0 -20.956
5 24 17.69 -5 10.956 17.69 0 10.956 17.5 -5 10 18.233 -5 11.767
5 24 -1.768 -5 -8.232 -1.768 0 -8.232 -2.309 -5 -9.043 -0.956 -5 -7.69
2 24 -0.956 0 -12.309 0 0 -12.5
2 24 20 0 7.5 20.956 0 7.69
5 24 -11.767 -5 -1.768 -11.767 0 -1.768 -10.956 -5 -2.309 -12.309 -5 -0.956
2 24 -4.389 -5 22.067 0 -5 22.5
2 24 11.767 -5 -1.768 12.309 -5 -0.956
5 24 9.567 -8 23.097 9.567 0 23.097 4.877 -8 24.52 13.889 -8 20.787
2 24 -2.309 0 -10.956 -1.768 0 -11.767
2 24 12.309 -5 -0.956 12.5 -5 0
2 24 -23.097 0 9.567 -20.786 0 13.889
5 24 17.5 -5 -10 17.5 0 -10 17.69 -5 -9.043 17.69 -5 -10.956
5 24 -10.956 -5 -17.69 -10.956 0 -17.69 -10 -5 -17.5 -11.767 -5 -18.233
2 24 4.389 -5 -22.067 7.751 -5 -21.048
2 24 9.043 -5 2.309 10 -5 2.5
2 24 -8.232 0 -1.768 -7.69 0 -0.956
2 24 -18.233 -5 -8.232 -17.69 -5 -9.043
2 24 -12.5 0 0 -12.309 0 0.956
5 24 10.956 -5 -2.309 10.956 0 -2.309 10 -5 -2.5 11.767 -5 -1.768
5 24 17.677 -8 17.677 17.677 0 17.677 20.787 -8 13.889 13.889 -8 20.787
2 24 21.048 -5 -7.751 22.067 -5 -4.389
2 24 -8.232 0 1.768 -7.69 0 0.956
2 24 10.956 0 2.309 11.767 0 1.768
2 24 10 -5 17.5 10.956 -5 17.69
2 24 -20.787 0 -13.889 -17.677 0 -17.677
5 24 18.233 -5 -8.232 18.233 0 -8.232 17.69 -5 -9.043 19.044 -5 -7.69
2 24 11.767 0 -1.768 12.309 0 -0.956
2 24 17.677 -8 17.677 20.787 -8 13.889
2 24 -19.044 0 -7.69 -18.233 0 -8.232
5 24 -22.5 -5 0 -22.5 0 0 -22.067 -5 -4.389 -22.067 -5 4.389
2 24 8.232 -5 -1.768 9.043 -5 -2.309
5 24 -12.5 -5 0 -12.5 0 0 -12.309 -5 -0.956 -12.309 -5 0.956
5 24 18.233 -5 11.767 18.233 0 11.767 17.69 -5 10.956 18.872 -5 12.195
2 24 0 -5 -12.5 0.956 -5 -12.309
2 24 8.232 0 18.233 9.043 0 17.69
2 24 -20.787 -8 13.889 -17.677 -8 17.677
5 24 -4.878 0 -24.52 -4.877 -8 -24.52 0 0 -25 -9.567 0 -23.097
2 24 4.389 -5 22.067 7.751 -5 21.048
2 24 -17.677 -8 -17.677 -13.889 -8 -20.787
2 24 -10 -5 2.5 -9.043 -5 2.309
2 24 -21.048 -5 -7.751 -21.048 0 -7.751
2 24 -2.5 0 -10 -2.309 0 -10.956
2 24 20.787 0 -13.889 23.097 0 -9.567
5 24 -9.567 -8 -23.097 -9.567 0 -23.097 -4.877 -8 -24.52 -13.889 -8 -20.787
2 24 0.956 -5 7.69 1.768 -5 8.232
2 24 -22.5 0 0 -22.067 0 -4.389
2 24 18.233 0 -11.767 18.872 0 -12.195
2 24 -18.233 -5 -11.767 -17.69 -5 -10.956
2 24 2.309 0 -9.043 2.5 0 -10
5 24 24.52 -8 -4.878 24.52 0 -4.878 25 -8 0 23.097 -8 -9.567
2 24 -12.195 0 -18.872 -11.767 0 -18.233
5 24 -18.233 -5 8.232 -18.233 0 8.232 -17.69 -5 9.043 -19.044 -5 7.69
2 24 20 0 -7.5 20.956 0 -7.69
2 24 20.787 -8 13.889 23.097 -8 9.567
2 24 -12.501 -5 -18.708 -12.195 -5 -18.872
5 24 -7.5 -5 20 -7.5 0 20 -7.69 -5 19.044 -7.69 -5 20.956
5 24 9.043 -5 -2.309 9.043 0 -2.309 8.232 -5 -1.768 10 -5 -2.5
2 24 -2.309 0 9.043 -1.768 0 8.232
2 24 -4.877 -8 -24.52 0 -8 -25
5 24 0 -8 25 0 0 25 -4.878 -8 24.52 4.877 -8 24.52
2 24 -17.69 -5 10.956 -17.5 -5 10
2 24 0 -5 22.5 4.389 -5 22.067
2 24 23.097 0 9.567 24.52 0 4.878
5 24 15.91 -5 15.91 15.91 0 15.91 18.708 -5 12.501 12.501 -5 18.708
2 24 -25 0 0 -24.52 0 4.878
2 24 -18.233 -5 8.232 -17.69 -5 9.043
2 24 11.767 0 18.233 12.195 0 18.872
5 24 -10 -5 -2.5 -10 0 -2.5 -9.043 -5 -2.309 -10.956 -5 -2.309
2 24 7.5 -5 0 7.69 -5 -0.956
5 24 7.5 -5 0 7.5 0 0 7.69 -5 0.956 7.69 -5 -0.956
2 24 -9.043 -5 17.69 -8.232 -5 18.233
5 24 20.787 -8 13.889 20.787 0 13.889 17.677 -8 17.677 23.097 -8 9.567
5 24 4.389 -5 22.067 4.389 0 22.067 0 -5 22.5 7.751 -5 21.048
2 24 8.232 -5 18.233 9.043 -5 17.69
2 24 7.5 0 -20 7.69 0 -19.044
5 24 -9.043 -5 -2.309 -9.043 0 -2.309 -8.232 -5 -1.768 -10 -5 -2.5
5 24 -17.5 -5 10 -17.5 0 10 -17.69 -5 10.956 -17.69 -5 9.043
5 24 -4.389 -5 22.067 -4.389 0 22.067 -7.751 -5 21.048 0 -5 22.5
2 24 -12.309 -5 0.956 -11.767 -5 1.768
5 24 -20.956 -5 -7.69 -20.956 0 -7.69 -20 -5 -7.5 -21.048 -5 -7.751
2 24 17.5 0 10 17.69 0 9.043
2 24 -18.708 -5 12.501 -15.91 -5 15.91
2 24 -22.5 -5 0 -22.067 -5 -4.389
2 24 -17.677 -8 17.677 -13.889 -8 20.786
5 24 -17.5 -5 -10 -17.5 0 -10 -17.69 -5 -10.956 -17.69 -5 -9.043
5 24 -15.91 -5 15.91 -15.91 0 15.91 -18.708 -5 12.501 -12.501 -5 18.708
5 24 -2.5 -5 10 -2.5 0 10 -2.309 -5 10.956 -2.309 -5 9.043
2 24 10.956 -5 2.309 11.767 -5 1.768
5 24 12.501 -5 -18.708 12.501 0 -18.708 15.91 -5 -15.91 12.195 -5 -18.872
2 24 -25 -8 0 -24.52 -8 -4.878
2 24 -18.233 0 -8.232 -17.69 0 -9.043
5 24 17.5 -5 10 17.5 0 10 17.69 -5 9.043 17.69 -5 10.956
2 24 20 -5 7.5 20.956 -5 7.69
5 24 -0.956 -5 12.309 -0.956 0 12.309 0 -5 12.5 -1.768 -5 11.767
2 24 -10 -5 17.5 -9.043 -5 17.69
2 24 2.309 -5 10.956 2.5 -5 10
2 24 -17.69 -5 -10.956 -17.5 -5 -10
5 24 -19.044 -5 -7.69 -19.044 0 -7.69 -18.233 -5 -8.232 -20 -5 -7.5
2 24 18.233 -5 8.232 19.044 -5 7.69
2 24 -18.872 -5 -12.195 -18.233 -5 -11.767
2 24 -22.067 0 4.389 -21.048 0 7.751
2 24 -23.097 -8 9.567 -20.787 -8 13.889
2 24 7.5 0 20 7.69 0 19.044
2 24 4.389 0 22.067 7.751 0 21.048
2 24 0 0 12.5 0.956 0 12.309
2 24 -24.52 0 -4.877 -23.097 0 -9.567
2 24 -20.956 0 -7.69 -20 0 -7.5
5 24 -10.956 -5 -2.309 -10.956 0 -2.309 -10 -5 -2.5 -11.767 -5 -1.768
2 24 7.5 -5 20 7.69 -5 20.956
5 24 4.389 -5 -22.067 4.389 0 -22.067 7.751 -5 -21.048 0 -5 -22.5
2 24 -7.69 -5 19.044 -7.5 -5 20
2 24 0 0 7.5 0.956 0 7.69
2 24 1.768 0 -11.767 2.309 0 -10.956
2 24 -17.677 0 -17.677 -13.889 0 -20.787
5 24 7.5 -5 -20 7.5 0 -20 7.69 -5 -20.956 7.69 -5 -19.044
5 24 -4.878 -8 24.52 -4.877 0 24.52 -9.567 -8 23.097 0 -8 25
5 24 15.91 -5 -15.91 15.91 0 -15.91 18.708 -5 -12.501 12.501 -5 -18.708
2 24 -12.309 0 0.956 -11.767 0 1.768
2 24 -12.501 0 -18.708 -12.195 0 -18.872
5 24 -8.232 -5 1.768 -8.232 0 1.768 -7.69 -5 0.956 -9.043 -5 2.309
2 24 -20 0 7.5 -19.044 0 7.69
2 24 17.5 0 -10 17.69 0 -9.043
2 24 -25 -8 0 -24.52 -8 4.877
5 24 -17.69 -5 9.043 -17.69 0 9.043 -17.5 -5 10 -18.233 -5 8.232
2 24 -9.043 -5 -17.69 -8.232 -5 -18.233
5 24 22.067 -5 -4.389 22.067 0 -4.389 22.5 -5 0 21.048 -5 -7.751
2 24 9.043 -5 17.69 10 -5 17.5
5 24 7.69 -5 -0.956 7.69 0 -0.956 7.5 -5 0 8.232 -5 -1.768
2 24 9.567 -8 23.097 13.889 -8 20.787
2 24 -1.768 0 -11.767 -0.956 0 -12.309
2 24 -18.872 0 -12.195 -18.233 0 -11.767
5 24 22.067 -5 4.389 22.067 0 4.389 21.048 -5 7.751 22.5 -5 0
2 24 -10 0 17.5 -9.043 0 17.69
2 24 -17.69 -5 9.043 -17.5 -5 10
2 24 2.309 -5 -9.043 2.5 -5 -10
2 24 -18.872 0 12.195 -18.233 0 11.767
2 24 -18.708 -5 -12.501 -15.91 -5 -15.91
2 24 -7.751 -5 21.048 -7.751 0 21.048
2 24 10 0 -17.5 10.956 0 -17.69
2 24 2.309 0 9.043 2.5 0 10
2 24 8.232 -5 -18.233 9.043 -5 -17.69
5 24 -17.69 -5 -9.043 -17.69 0 -9.043 -17.5 -5 -10 -18.233 -5 -8.232
2 24 -12.195 -5 18.872 -11.767 -5 18.233
5 24 -20.787 0 -13.889 -20.786 -8 -13.889 -17.677 0 -17.677 -23.097 0 -9.567
5 24 0 -5 -22.5 0 0 -22.5 4.389 -5 -22.067 -4.389 -5 -22.067
2 24 12.309 -5 0.956 12.5 -5 0
5 24 10.956 -5 -17.69 10.956 0 -17.69 10 -5 -17.5 11.767 -5 -18.233
2 24 18.233 0 8.232 19.044 0 7.69
5 24 20 -5 -7.5 20 0 -7.5 20.956 -5 -7.69 19.044 -5 -7.69
5 24 10 -5 2.5 10 0 2.5 10.956 -5 2.309 9.043 -5 2.309
5 24 -12.501 -5 18.708 -12.501 0 18.708 -15.91 -5 15.91 -12.195 -5 18.872
2 24 -12.195 -5 -18.872 -12.195 0 -18.872
5 24 -10 -5 2.5 -10 0 2.5 -10.956 -5 2.309 -9.043 -5 2.309
5 24 -23.097 -8 9.567 -23.097 0 9.567 -24.52 -8 4.877 -20.787 -8 13.889
2 24 -12.195 -5 18.872 -12.195 0 18.872
2 24 -2.5 -5 -10 -2.309 -5 -10.956
5 24 4.877 -8 24.52 4.878 0 24.52 0 -8 25 9.567 -8 23.097
2 24 -22.5 0 0 -22.067 0 4.389
5 24 -10.956 -5 17.69 -10.956 0 17.69 -11.767 -5 18.233 -10 -5 17.5
2 24 7.751 -5 21.048 7.751 0 21.048
2 24 -15.91 0 -15.91 -12.501 0 -18.708
2 24 17.69 0 9.043 18.233 0 8.232
2 24 12.195 0 18.872 12.501 0 18.708
2 24 19.044 -5 -7.69 20 -5 -7.5
2 24 7.69 0 20.956 7.751 0 21.048
2 24 -1.768 0 -8.232 -0.956 0 -7.69
2 24 -10.956 -5 -17.69 -10 -5 -17.5
5 24 17.69 -5 -9.043 17.69 0 -9.043 18.233 -5 -8.232 17.5 -5 -10
5 24 9.567 -8 -23.097 9.567 0 -23.097 4.878 -8 -24.52 13.889 -8 -20.787
5 24 -19.044 -5 7.69 -19.044 0 7.69 -18.233 -5 8.232 -20 -5 7.5
2 24 -17.69 -5 -9.043 -17.5 -5 -10
2 24 -18.872 -5 -12.195 -18.708 -5 -12.501
5 24 11.767 -5 1.768 11.767 0 1.768 10.956 -5 2.309 12.309 -5 0.956
2 24 0 -5 7.5 0.956 -5 7.69
2 24 -7.751 -5 21.048 -4.389 -5 22.067
2 24 -9.043 0 17.69 -8.232 0 18.233
2 24 15.91 -5 -15.91 18.708 -5 -12.501
2 24 10.956 0 -2.309 11.767 0 -1.768
5 24 -7.69 -5 20.956 -7.69 0 20.956 -7.5 -5 20 -7.751 -5 21.048
2 24 7.5 0 20 7.69 0 20.956
2 24 -1.768 -5 -11.767 -0.956 -5 -12.309
2 24 0 -5 12.5 0.956 -5 12.309
2 24 -2.5 -5 10 -2.309 -5 10.956
2 24 1.768 -5 11.767 2.309 -5 10.956
5 24 7.69 -5 -20.956 7.69 0 -20.956 7.751 -5 -21.048 7.5 -5 -20
2 24 17.69 -5 -9.043 18.233 -5 -8.232
2 24 -20.956 0 7.69 -20 0 7.5
5 24 20.956 -5 7.69 20.956 0 7.69 20 -5 7.5 21.048 -5 7.751
2 24 -12.195 -5 -18.872 -11.767 -5 -18.233
2 24 15.91 0 -15.91 18.708 0 -12.501
5 24 -8.232 -5 -18.233 -8.232 0 -18.233 -9.043 -5 -17.69 -7.69 -5 -19.044
2 24 -7.751 0 21.048 -7.69 0 20.956
2 24 -8.232 -5 1.768 -7.69 -5 0.956
2 24 -22.5 -5 0 -22.067 -5 4.389
2 24 17.69 -5 -10.956 18.233 -5 -11.767
2 24 -7.69 0 -0.956 -7.5 0 0
2 24 -10 0 2.5 -9.043 0 2.309
2 24 1.768 0 -8.232 2.309 0 -9.043
5 24 0.956 -5 7.69 0.956 0 7.69 0 -5 7.5 1.768 -5 8.232
2 24 -1.768 -5 -8.232 -0.956 -5 -7.69
2 24 12.195 0 -18.872 12.501 0 -18.708
2 24 -17.69 0 10.956 -17.5 0 10
5 24 -9.567 -8 23.097 -9.567 0 23.097 -4.878 -8 24.52 -13.889 -8 20.786
2 24 18.872 -5 12.195 18.872 0 12.195
2 24 2.309 -5 -10.956 2.5 -5 -10
5 24 9.043 -5 -17.69 9.043 0 -17.69 8.232 -5 -18.233 10 -5 -17.5
2 24 -7.751 -5 21.048 -7.69 -5 20.956
2 24 -20.956 -5 7.69 -20 -5 7.5
5 24 25 -8 0 25 0 0 24.52 -8 4.877 24.52 -8 -4.878
5 24 -22.067 -5 4.389 -22.067 0 4.389 -22.5 -5 0 -21.048 -5 7.751
2 24 -7.751 0 -21.048 -7.69 0 -20.956
2 24 18.233 0 11.767 18.872 0 12.195
5 24 -1.768 -5 -11.767 -1.768 0 -11.767 -0.956 -5 -12.309 -2.309 -5 -10.956
