0 Etiqueta Uranio     |S:S
0 Name: uranio.dat
0 Author: jasolo
0 ROTATION CENTER 0 0 0 1 "Custom" 
0 ROTATION CONFIG 0 0
0 !LDRAW_ORG Unofficial_Part
0 BFC CERTIFY CCW

3 16 -4.32 -23.67 -56.88 -4.32 -26.89 -58.04 -5.6 -23.67 -56.82
3 16 -4.32 -26.89 -58.04 -5.71 -26.89 -57.97 -5.6 -23.67 -56.82
3 16 -5.6 -23.67 -56.82 -5.71 -26.89 -57.97 -6.07 -26.89 -57.92
3 16 -5.86 -33.83 -59.47 -5.82 -30.61 -59.1 0 -33.83 -59.76
3 16 0 -33.83 -59.76 -3.52 -29.78 -59.12 0 -29.78 -59.29
3 16 -3.52 -29.78 -59.12 0 -33.83 -59.76 -3.52 -30.61 -59.21
3 16 0 -33.83 -59.76 -5.82 -30.61 -59.1 -3.52 -30.61 -59.21
3 16 -6.07 -26.89 -57.92 -6.79 -27.03 -57.86 -5.6 -23.67 -56.82
3 16 -7.4 -27.44 -57.92 -7.8 -28.04 -58.08 -10.07 -25.16 -56.69
3 16 -7.8 -28.04 -58.08 -7.94 -28.75 -58.31 -10.07 -25.16 -56.69
3 16 -7.94 -28.75 -58.31 -11.36 -29.78 -58.18 -10.07 -25.16 -56.69
3 16 -6.79 -27.03 -57.86 -7.4 -27.44 -57.92 -10.07 -25.16 -56.69
3 16 -7.8 -29.46 -58.59 -11.36 -29.78 -58.18 -7.94 -28.75 -58.31
3 16 -7.59 -29.78 -58.74 -11.36 -29.78 -58.18 -7.8 -29.46 -58.59
3 16 -5.6 -23.67 -56.82 -6.79 -27.03 -57.86 -10.07 -25.16 -56.69
3 16 8.15 -33.83 -59.13 5.86 -33.83 -59.47 5.82 -30.61 -59.1
3 16 5.79 -29.78 -59.01 2.12 -29.78 -59.18 2.12 -23.67 -56.99
3 16 12.87 -30.7 -57.93 11.63 -32.44 -58.45 11.57 -29.78 -58.15
3 16 13.05 -29.78 -57.78 12.87 -30.7 -57.93 11.57 -29.78 -58.15
3 16 5.6 -23.67 -56.82 5.79 -29.78 -59.01 2.12 -23.67 -56.99
3 16 9.64 -23.67 -56.22 11.57 -29.78 -58.15 9.64 -28.75 -58.06
3 16 9.64 -28.75 -58.06 11.57 -29.78 -58.15 9.5 -29.46 -58.34
3 16 11.57 -29.78 -58.15 9.29 -29.78 -58.49 9.5 -29.46 -58.34
3 16 9.09 -30.07 -58.55 10.11 -33.45 -58.8 8.49 -30.47 -58.69
3 16 11.63 -32.44 -58.45 10.85 -32.95 -58.63 9.09 -30.07 -58.55
3 16 10.85 -32.95 -58.63 10.11 -33.45 -58.8 9.09 -30.07 -58.55
3 16 10.11 -33.45 -58.8 8.15 -33.83 -59.13 5.82 -30.61 -59.1
3 16 11.57 -29.78 -58.15 11.63 -32.44 -58.45 9.09 -30.07 -58.55
3 16 8.49 -30.47 -58.69 10.11 -33.45 -58.8 7.77 -30.61 -58.81
3 16 7.77 -30.61 -58.81 10.11 -33.45 -58.8 5.82 -30.61 -59.1
3 16 11.57 -29.78 -58.15 9.09 -30.07 -58.55 9.29 -29.78 -58.49
3 16 -5.6 -23.67 -56.82 -10.07 -25.16 -56.69 -6.46 -23.67 -56.69
3 16 -15.36 -27.39 -56.32 -17.21 -29.78 -56.74 -16.58 -23.67 -54.67
3 16 -16.58 -23.67 -54.67 -18.88 -29 -55.84 -18.88 -23.67 -53.81
3 16 -16.58 -23.67 -54.67 -17.21 -29.78 -56.74 -18.88 -29 -55.84
3 16 -15.36 -25.78 -55.72 -15.36 -27.39 -56.32 -16.58 -23.67 -54.67
3 16 -14.91 -29.78 -57.31 -17.21 -29.78 -56.74 -15.22 -29.33 -57.07
3 16 -15.22 -29.33 -57.07 -17.21 -29.78 -56.74 -15.36 -28.62 -56.77
3 16 -17.21 -29.78 -56.74 -15.36 -27.39 -56.32 -15.36 -28.62 -56.77
3 16 -17.21 -29.78 -56.74 -18.76 -29.78 -56.18 -18.88 -29 -55.84
3 16 -11.83 -30.48 -58.17 -14.52 -33.79 -57.89 -13.49 -30.48 -57.75
3 16 -13.49 -30.48 -57.75 -14.52 -33.79 -57.89 -14.2 -30.34 -57.56
3 16 -11.83 -30.48 -58.17 -11.83 -33.83 -58.57 -14.52 -33.79 -57.89
3 16 -14.59 -30.08 -57.43 -15.76 -33.72 -57.57 -17.31 -33.09 -57.1
3 16 -14.91 -29.78 -57.31 -14.59 -30.08 -57.43 -17.21 -29.78 -56.74
3 16 -14.59 -30.08 -57.43 -17.32 -33.08 -57.1 -17.21 -29.78 -56.74
3 16 -14.59 -30.08 -57.43 -17.31 -33.09 -57.1 -17.32 -33.08 -57.1
3 16 0 -23.67 -57.09 -3.52 -29.78 -59.12 -3.52 -23.67 -56.92
3 16 -5.82 -30.61 -59.1 -8.41 -33.45 -59.05 -6.07 -30.61 -59.06
3 16 -6.07 -30.61 -59.06 -8.41 -33.45 -59.05 -6.34 -30.56 -59.02
3 16 -5.82 -30.61 -59.1 -5.86 -33.83 -59.47 -8.41 -33.45 -59.05
3 16 -10.07 -25.16 -56.69 -11.36 -29.78 -58.18 -11.51 -29 -57.88
3 16 -6.46 -23.67 -56.69 -10.07 -25.16 -56.69 -8.41 -24.06 -56.54
3 16 -10.07 -25.16 -56.69 -11.46 -28.23 -57.6 -11.17 -26.81 -57.13
3 16 -10.07 -25.16 -56.69 -11.51 -29 -57.88 -11.46 -28.23 -57.6
3 16 -5.86 -33.83 -59.47 -6.46 -33.83 -59.38 -8.41 -33.45 -59.05
3 16 -6.79 -30.47 -58.94 -8.41 -33.45 -59.05 -11.36 -29.78 -58.18
3 16 -11.36 -29.78 -58.18 -8.41 -33.45 -59.05 -10.07 -32.34 -58.67
3 16 -3.52 -29.78 -59.12 0 -23.67 -57.09 0 -29.78 -59.29
3 16 -6.34 -30.56 -59.02 -8.41 -33.45 -59.05 -6.79 -30.47 -58.94
3 16 -11.36 -29.78 -58.18 -10.07 -32.34 -58.67 -11.17 -30.7 -58.31
3 16 -7.59 -29.78 -58.74 -7.4 -30.07 -58.8 -11.36 -29.78 -58.18
3 16 -7.4 -30.07 -58.8 -6.79 -30.47 -58.94 -11.36 -29.78 -58.18
3 16 11.14 -23.67 -55.99 11.57 -29.78 -58.15 9.64 -23.67 -56.22
3 16 22.69 -29.78 -54.78 20.43 -29.78 -55.58 20.23 -28.75 -55.26
3 16 22.03 -24.96 -53.17 20.62 -26.81 -54.38 21.72 -25.16 -53.36
3 16 22.03 -24.96 -53.17 22.69 -29.78 -54.78 20.62 -26.81 -54.38
3 16 20.62 -26.81 -54.38 22.69 -29.78 -54.78 20.23 -28.75 -55.26
3 16 24.95 -27.07 -52.63 22.03 -24.96 -53.17 23.38 -24.06 -52.18
3 16 24.39 -27.44 -53.04 22.03 -24.96 -53.17 24.95 -27.07 -52.63
3 16 23.99 -28.04 -53.47 22.03 -24.96 -53.17 24.39 -27.44 -53.04
3 16 31 -29.78 -50.46 30.82 -30.7 -50.69 27.95 -29.78 -52.29
3 16 24.2 -29.78 -54.06 24.39 -30.07 -54.01 22.69 -29.78 -54.78
3 16 24.39 -30.07 -54.01 25 -30.47 -53.77 22.69 -29.78 -54.78
3 16 25.72 -30.61 -53.45 25.72 -33.83 -53.86 25 -30.47 -53.77
3 16 22.69 -29.78 -54.78 25.72 -33.83 -53.86 23.38 -33.45 -54.92
3 16 30.82 -30.7 -50.69 29.71 -32.34 -51.58 27.95 -29.78 -52.29
3 16 29.71 -32.34 -51.58 28.15 -33.38 -52.66 27.95 -29.78 -52.29
3 16 22.69 -29.78 -54.78 23.38 -33.45 -54.92 22.84 -33.08 -55.13
3 16 22.69 -29.78 -54.78 22.03 -24.96 -53.17 23.99 -29.46 -54.04
3 16 26.95 -23.87 -50.41 23.38 -24.06 -52.18 25.72 -23.67 -50.92
3 16 26.95 -23.87 -50.41 25.72 -26.89 -52.2 23.38 -24.06 -52.18
3 16 26.95 -23.87 -50.41 26.43 -27.03 -51.91 25.72 -26.89 -52.2
3 16 30.82 -26.81 -49.32 30.89 -27.2 -49.44 29.71 -25.16 -49.3
3 16 30.89 -27.2 -49.44 31.2 -28.75 -49.91 29.71 -25.16 -49.3
3 16 31.2 -28.75 -49.91 31 -29.78 -50.46 29.71 -25.16 -49.3
3 16 28.05 -24.06 -49.83 29.71 -25.16 -49.3 26.95 -23.87 -50.41
3 16 26.95 -23.87 -50.41 27.04 -27.44 -51.79 26.43 -27.03 -51.91
3 16 23.85 -28.75 -53.82 22.03 -24.96 -53.17 23.99 -28.04 -53.47
3 16 23.99 -29.46 -54.04 22.03 -24.96 -53.17 23.85 -28.75 -53.82
3 16 24.2 -29.78 -54.06 22.69 -29.78 -54.78 23.99 -29.46 -54.04
3 16 27.95 -29.78 -52.29 27.23 -29.78 -52.63 27.44 -29.46 -52.4
3 16 26.95 -23.87 -50.41 27.44 -28.04 -51.84 27.04 -27.44 -51.79
3 16 27.59 -28.75 -52.05 27.95 -29.78 -52.29 27.44 -29.46 -52.4
3 16 25.72 -26.89 -52.2 24.95 -27.07 -52.63 23.38 -24.06 -52.18
3 16 25 -30.47 -53.77 25.72 -33.83 -53.86 22.69 -29.78 -54.78
3 16 18.55 -32.7 -56.62 17.31 -32.7 -57.06 17.21 -29.78 -56.74
3 16 18.55 -33.66 -56.73 18.55 -36.47 -57.08 17.34 -33.66 -57.17
3 16 18.55 -36.47 -57.08 17.44 -36.47 -57.48 17.34 -33.66 -57.17
3 16 17.21 -29.78 -56.74 17.31 -32.7 -57.06 15.03 -32.7 -57.63
3 16 15.03 -23.67 -55.02 17.21 -29.78 -56.74 15.03 -29.78 -57.28
3 16 18.55 -29.78 -56.26 18.55 -32.7 -56.62 17.21 -29.78 -56.74
3 16 17.21 -29.78 -56.74 15.03 -32.7 -57.63 15.03 -29.78 -57.28
3 16 17.34 -33.66 -57.17 15.03 -36.47 -58.08 15.03 -33.66 -57.75
3 16 13.26 -23.67 -55.46 13.26 -28.75 -57.34 11.57 -29.78 -58.15
3 16 13.26 -28.75 -57.34 13.05 -29.78 -57.78 11.57 -29.78 -58.15
3 16 13.26 -23.67 -55.46 11.57 -29.78 -58.15 11.14 -23.67 -55.99
3 16 2.12 -33.83 -59.65 2.12 -29.78 -59.18 5.79 -29.78 -59.01
3 16 17.34 -33.66 -57.17 17.44 -36.47 -57.48 15.03 -36.47 -58.08
3 16 5.86 -33.83 -59.47 2.12 -33.83 -59.65 5.82 -30.61 -59.1
3 16 5.82 -30.61 -59.1 2.12 -33.83 -59.65 5.79 -29.78 -59.01
3 16 16.57 -23.67 -54.63 17.21 -29.78 -56.74 15.03 -23.67 -55.02
3 16 28.15 -33.38 -52.66 28.05 -33.45 -52.71 25.72 -30.61 -53.45
3 16 28.05 -33.45 -52.71 25.72 -33.83 -53.86 25.72 -30.61 -53.45
3 16 22.69 -29.78 -54.78 20.62 -30.7 -55.63 20.43 -29.78 -55.58
3 16 26.43 -30.47 -53.09 28.15 -33.38 -52.66 25.72 -30.61 -53.45
3 16 27.95 -29.78 -52.29 27.04 -30.07 -52.76 27.23 -29.78 -52.63
3 16 27.95 -29.78 -52.29 26.43 -30.47 -53.09 27.04 -30.07 -52.76
3 16 27.95 -29.78 -52.29 28.15 -33.38 -52.66 26.43 -30.47 -53.09
3 16 22.69 -29.78 -54.78 21.72 -32.34 -55.44 20.62 -30.7 -55.63
3 16 27.44 -28.04 -51.84 27.95 -29.78 -52.29 27.59 -28.75 -52.05
3 16 16.57 -23.67 -54.63 18.55 -23.67 -53.93 17.21 -29.78 -56.74
3 16 17.21 -29.78 -56.74 18.55 -23.67 -53.93 18.55 -29.78 -56.26
3 16 27.44 -28.04 -51.84 26.95 -23.87 -50.41 27.95 -29.78 -52.29
3 16 22.69 -29.78 -54.78 22.84 -33.08 -55.13 21.72 -32.34 -55.44
3 16 27.95 -29.78 -52.29 26.95 -23.87 -50.41 31 -29.78 -50.46
3 16 29.71 -25.16 -49.3 31 -29.78 -50.46 26.95 -23.87 -50.41
3 16 -14.2 -30.34 -57.56 -15.76 -33.72 -57.57 -14.59 -30.08 -57.43
3 16 0 -45.04 -59.54 -2.22 -46.48 -59.27 -2.4 -45.56 -59.36
3 16 -5.83 -45.56 -59.2 -5.81 -47.22 -59 -10.12 -45.56 -58.56
3 16 -5.81 -47.22 -59 -9.51 -49.01 -57.81 -9.97 -47.22 -58.39
3 16 -3.03 -46.66 -59.2 -2.71 -47.22 -59.16 -5.81 -47.22 -59
3 16 -1.7 -43.87 -59.59 0 -45.04 -59.54 -2.22 -44.65 -59.48
3 16 -5.81 -47.22 -59 -7.75 -52.04 -56.97 -8.76 -50.6 -57.34
3 16 4.1 -38.5 -60.1 1.61 -42.79 -59.72 0.56 -42.4 -59.82
3 16 4.1 -38.5 -60.1 0.56 -42.4 -59.82 0 -38.5 -60.3
3 16 1.76 -35.65 -59.88 4.1 -38.5 -60.1 0 -35.5 -59.95
3 16 4.1 -38.5 -60.1 0 -38.5 -60.3 0 -35.5 -59.95
3 16 1.76 -35.65 -59.88 3.46 -36.1 -59.85 4.1 -38.5 -60.1
3 16 -22.88 -33.82 -55.24 -20.77 -29.78 -55.46 -20.78 -33.82 -56.22
3 16 0 -35.5 -59.95 -4.1 -38.5 -60.1 -1.76 -35.65 -59.88
3 16 0 -45.04 -59.54 0.92 -43.35 -59.69 1.7 -43.87 -59.59
3 16 -0.92 -43.35 -59.69 0 -45.04 -59.54 -1.7 -43.87 -59.59
3 16 -5.81 -47.22 -59 -9.97 -47.22 -58.39 -10.12 -45.56 -58.56
3 16 0 -38.5 -60.3 -4.1 -38.5 -60.1 0 -35.5 -59.95
3 16 0 -42.4 -59.85 -0.56 -42.4 -59.82 0 -38.5 -60.3
3 16 5.06 -36.84 -59.86 4.1 -38.5 -60.1 3.46 -36.1 -59.85
3 16 0.56 -42.4 -59.82 0 -42.4 -59.85 0 -38.5 -60.3
3 16 -3.46 -36.1 -59.85 -4.1 -38.5 -60.1 -5.06 -36.84 -59.86
3 16 -1.76 -35.65 -59.88 -4.1 -38.5 -60.1 -3.46 -36.1 -59.85
3 16 0 -45.04 -59.54 -2.4 -45.56 -59.36 -2.22 -44.65 -59.48
3 16 2.47 -47.63 -59.02 5.06 -54.28 -56.5 1.61 -48.34 -58.81
3 16 2.71 -47.22 -59.16 5.06 -54.28 -56.5 2.47 -47.63 -59.02
3 16 2.4 -45.56 -59.36 0 -45.04 -59.54 2.22 -44.65 -59.48
3 16 5.81 -47.22 -59 5.58 -53.92 -56.6 5.06 -54.28 -56.5
3 16 0 -45.04 -59.54 -1.72 -47.22 -59.2 -2.22 -46.48 -59.27
3 16 5.81 -47.22 -59 2.71 -47.22 -59.16 3.03 -46.66 -59.2
3 16 9.97 -47.22 -58.39 9.51 -49.01 -57.81 5.81 -47.22 -59
3 16 5.83 -45.56 -59.19 5.81 -47.22 -59 3.03 -46.66 -59.2
3 16 2.22 -44.65 -59.48 0 -45.04 -59.54 1.7 -43.87 -59.59
3 16 5.83 -45.56 -59.19 3.03 -46.66 -59.2 3.22 -45.56 -59.32
3 16 9.51 -49.01 -57.81 8.76 -50.6 -57.34 5.81 -47.22 -59
3 16 -4.1 -38.5 -60.1 -0.56 -42.4 -59.82 -1.61 -42.79 -59.72
3 16 -3.22 -45.56 -59.32 -5.81 -47.22 -59 -5.83 -45.56 -59.2
3 16 -5.81 -47.22 -59 -8.76 -50.6 -57.34 -9.51 -49.01 -57.81
3 16 -4.1 -38.5 -60.1 0 -38.5 -60.3 -0.56 -42.4 -59.82
3 16 10.12 -45.56 -58.56 9.97 -47.22 -58.39 5.83 -45.56 -59.19
3 16 7.75 -52.04 -56.97 6.5 -53.28 -56.7 5.81 -47.22 -59
3 16 6.5 -53.28 -56.7 5.58 -53.92 -56.6 5.81 -47.22 -59
3 16 7.75 -52.04 -56.97 5.81 -47.22 -59 8.76 -50.6 -57.34
3 16 9.97 -47.22 -58.39 5.81 -47.22 -59 5.83 -45.56 -59.19
3 16 2.71 -47.22 -59.16 5.81 -47.22 -59 5.06 -54.28 -56.5
3 16 -22.88 -33.82 -55.24 -22.69 -29.78 -54.78 -20.77 -29.78 -55.46
3 16 0 -47.89 -59.05 0 -47.2 -59.29 0.92 -47.77 -59.05
3 16 -21.85 -23.67 -52.75 -24.29 -29.78 -54.02 -24.29 -26.89 -52.87
3 16 -26.92 -23.69 -50.36 -29.77 -25.78 -49.52 -28.76 -24.06 -49.41
3 16 -29.77 -25.78 -49.52 -31.52 -26.81 -48.9 -30.42 -25.16 -48.87
3 16 -29.77 -25.78 -49.52 -31.84 -28.4 -49.38 -31.52 -26.81 -48.9
3 16 -20.77 -29.78 -55.46 -22.69 -29.78 -54.78 -20.77 -23.67 -53.13
3 16 -2.71 -47.22 -59.16 -2.47 -47.63 -59.02 -5.58 -53.92 -56.6
3 16 -5.81 -47.22 -59 -6.5 -53.28 -56.7 -7.75 -52.04 -56.97
3 16 -2.71 -47.22 -59.16 -5.58 -53.92 -56.6 -5.81 -47.22 -59
3 16 -20.77 -23.67 -53.13 -22.69 -29.78 -54.78 -21.85 -23.67 -52.75
3 16 -21.85 -23.67 -52.75 -22.69 -29.78 -54.78 -24.29 -29.78 -54.02
3 16 -17.21 -29.78 -56.74 -18.52 -31.37 -56.46 -18.76 -29.78 -56.18
3 16 -1.72 -47.22 -59.2 0 -47.2 -59.29 -0.92 -47.77 -59.05
3 16 -14.2 -30.34 -57.56 -14.52 -33.79 -57.89 -15.76 -33.72 -57.57
3 16 -5.58 -53.92 -56.6 -2.47 -47.63 -59.02 -5.06 -54.28 -56.5
3 16 -1.72 -47.22 -59.2 0 -45.04 -59.54 0 -47.2 -59.29
3 16 -17.21 -29.78 -56.74 -17.32 -33.08 -57.1 -18.52 -31.37 -56.46
3 16 1.72 -47.22 -59.2 0.92 -47.77 -59.05 0 -47.2 -59.29
3 16 1.72 -47.22 -59.2 0 -47.2 -59.29 0 -45.04 -59.54
3 16 -28.76 -24.06 -49.41 -29.77 -25.78 -49.52 -30.42 -25.16 -48.87
3 16 -15.36 -25.78 -55.72 -16.58 -23.67 -54.67 -15.24 -23.67 -55.01
3 16 -29.77 -25.78 -49.52 -26.92 -23.69 -50.36 -27.53 -27.29 -51.5
3 16 -27.53 -27.29 -51.5 -26.92 -23.69 -50.36 -27.14 -27.03 -51.58
3 16 2.22 -46.48 -59.27 0 -45.04 -59.54 2.4 -45.56 -59.36
3 16 0 -43.17 -59.76 0.92 -43.35 -59.69 0 -45.04 -59.54
3 16 -26.42 -26.89 -51.86 -26.92 -23.69 -50.36 -24.29 -26.89 -52.87
3 16 2.22 -46.48 -59.27 1.72 -47.22 -59.2 0 -45.04 -59.54
3 16 -27.14 -27.03 -51.58 -26.92 -23.69 -50.36 -26.42 -26.89 -51.86
3 16 -24.29 -29.78 -54.02 -22.69 -29.78 -54.78 -22.88 -33.82 -55.24
3 16 -24.29 -29.78 -54.02 -22.88 -33.82 -55.24 -24.29 -33.79 -54.33
3 16 -27.53 -27.29 -51.5 -27.75 -27.44 -51.43 -29.77 -25.78 -49.52
3 16 -27.75 -27.44 -51.43 -28.15 -28.04 -51.44 -29.77 -25.78 -49.52
3 16 -5.81 -47.22 -59 -5.58 -53.92 -56.6 -6.5 -53.28 -56.7
3 16 -24.29 -26.89 -52.87 -26.92 -23.69 -50.36 -21.85 -23.67 -52.75
3 16 -29.77 -25.78 -49.52 -31.91 -29.78 -49.91 -31.84 -28.4 -49.38
3 16 -5.06 -54.28 -56.5 -2.47 -47.63 -59.02 -1.61 -48.34 -58.81
3 16 -28.29 -29.78 -52.08 -28.3 -33.83 -52.63 -31.91 -29.78 -49.91
3 16 -28.3 -33.83 -52.63 -31.91 -33.83 -50.46 -31.91 -29.78 -49.91
3 16 0 -47.2 -59.29 0 -47.89 -59.05 -0.92 -47.77 -59.05
3 16 -3.03 -46.66 -59.2 -5.81 -47.22 -59 -3.22 -45.56 -59.32
3 16 -28.29 -28.75 -51.65 -29.77 -25.78 -49.52 -28.15 -28.04 -51.44
3 16 -28.29 -28.75 -51.65 -28.29 -29.78 -52.08 -29.77 -25.78 -49.52
3 16 -29.77 -25.78 -49.52 -28.29 -29.78 -52.08 -31.91 -29.78 -49.91
3 16 0 -45.04 -59.54 -0.92 -43.35 -59.69 0 -43.17 -59.76
5 24 -10.07 -25.16 -56.69 -7.8 -28.04 -58.08 -7.4 -27.44 -57.92 -7.94 -28.75 -58.31
5 24 -14.52 -33.79 -57.89 -11.83 -30.48 -58.17 -13.49 -30.48 -57.75 -11.83 -33.83 -58.57
5 24 22.03 -24.96 -53.17 24.95 -27.07 -52.63 23.38 -24.06 -52.18 24.39 -27.44 -53.04
5 24 -29.77 -25.78 -49.52 -28.29 -29.78 -52.08 -31.91 -29.78 -49.91 -28.29 -28.75 -51.65
5 24 11.57 -29.78 -58.15 11.63 -32.44 -58.45 12.87 -30.7 -57.93 9.09 -30.07 -58.55
5 24 -10.07 -25.16 -56.69 -7.4 -27.44 -57.92 -6.79 -27.03 -57.86 -7.8 -28.04 -58.08
5 24 22.69 -29.78 -54.78 24.2 -29.78 -54.06 23.99 -29.46 -54.04 24.39 -30.07 -54.01
5 24 -29.77 -25.78 -49.52 -27.75 -27.44 -51.43 -28.15 -28.04 -51.44 -27.53 -27.29 -51.5
5 24 29.71 -25.16 -49.3 31 -29.78 -50.46 31.2 -28.75 -49.91 26.95 -23.87 -50.41
5 24 -31.84 -28.4 -49.38 -29.77 -25.78 -49.52 -31.52 -26.81 -48.9 -31.91 -29.78 -49.91
5 24 -5.81 -47.22 -59 -3.22 -45.56 -59.32 -3.03 -46.66 -59.2 -5.83 -45.56 -59.2
5 24 3.46 -36.1 -59.85 4.1 -38.5 -60.1 5.06 -36.84 -59.86 1.76 -35.65 -59.88
5 24 26.95 -23.87 -50.41 29.71 -25.16 -49.3 28.05 -24.06 -49.83 31 -29.78 -50.46
5 24 17.34 -33.66 -57.17 18.55 -36.47 -57.08 18.55 -33.66 -56.73 17.44 -36.47 -57.48
5 24 20.62 -30.7 -55.63 22.69 -29.78 -54.78 20.43 -29.78 -55.58 21.72 -32.34 -55.44
5 24 -11.36 -29.78 -58.18 -7.8 -29.46 -58.59 -7.94 -28.75 -58.31 -7.59 -29.78 -58.74
5 24 9.09 -30.07 -58.55 11.57 -29.78 -58.15 9.29 -29.78 -58.49 11.63 -32.44 -58.45
5 24 26.95 -23.87 -50.41 27.04 -27.44 -51.79 26.43 -27.03 -51.91 27.44 -28.04 -51.84
5 24 21.72 -32.34 -55.44 22.69 -29.78 -54.78 20.62 -30.7 -55.63 22.84 -33.08 -55.13
5 24 -1.72 -47.22 -59.2 0 -45.04 -59.54 -2.22 -46.48 -59.27 0 -47.2 -59.29
5 24 -3.52 -29.78 -59.12 0 -23.67 -57.09 0 -29.78 -59.29 -3.52 -23.67 -56.92
5 24 -9.51 -49.01 -57.81 -5.81 -47.22 -59 -8.76 -50.6 -57.34 -9.97 -47.22 -58.39
5 24 27.44 -29.46 -52.4 27.95 -29.78 -52.29 27.59 -28.75 -52.05 27.23 -29.78 -52.63
5 24 27.95 -29.78 -52.29 28.15 -33.38 -52.66 29.71 -32.34 -51.58 26.43 -30.47 -53.09
5 24 -10.07 -25.16 -56.69 -5.6 -23.67 -56.82 -6.79 -27.03 -57.86 -6.46 -23.67 -56.69
5 24 -22.88 -33.82 -55.24 -20.77 -29.78 -55.46 -22.69 -29.78 -54.78 -20.78 -33.82 -56.22
5 24 -11.36 -29.78 -58.18 -10.07 -25.16 -56.69 -7.94 -28.75 -58.31 -11.51 -29 -57.88
5 24 8.49 -30.47 -58.69 10.11 -33.45 -58.8 9.09 -30.07 -58.55 7.77 -30.61 -58.81
5 24 -6.5 -53.28 -56.7 -5.81 -47.22 -59 -5.58 -53.92 -56.6 -7.75 -52.04 -56.97
5 24 -26.92 -23.69 -50.36 -26.42 -26.89 -51.86 -24.29 -26.89 -52.87 -27.14 -27.03 -51.58
5 24 -30.42 -25.16 -48.87 -29.77 -25.78 -49.52 -28.76 -24.06 -49.41 -31.52 -26.81 -48.9
5 24 -17.21 -29.78 -56.74 -15.36 -28.62 -56.77 -15.22 -29.33 -57.07 -15.36 -27.39 -56.32
5 24 27.23 -29.78 -52.63 27.95 -29.78 -52.29 27.44 -29.46 -52.4 27.04 -30.07 -52.76
5 24 11.14 -23.67 -55.99 11.57 -29.78 -58.15 13.26 -23.67 -55.46 9.64 -23.67 -56.22
5 24 -11.36 -29.78 -58.18 -8.41 -33.45 -59.05 -6.79 -30.47 -58.94 -10.07 -32.34 -58.67
5 24 -15.76 -33.72 -57.57 -14.59 -30.08 -57.43 -17.31 -33.09 -57.1 -14.2 -30.34 -57.56
5 24 27.95 -29.78 -52.29 30.82 -30.7 -50.69 31 -29.78 -50.46 29.71 -32.34 -51.58
5 24 -2.22 -46.48 -59.27 0 -45.04 -59.54 -1.72 -47.22 -59.2 -2.4 -45.56 -59.36
5 24 -8.41 -33.45 -59.05 -6.34 -30.56 -59.02 -6.07 -30.61 -59.06 -6.79 -30.47 -58.94
5 24 22.69 -29.78 -54.78 24.39 -30.07 -54.01 24.2 -29.78 -54.06 25 -30.47 -53.77
5 24 23.38 -24.06 -52.18 24.95 -27.07 -52.63 25.72 -26.89 -52.2 22.03 -24.96 -53.17
5 24 -5.81 -47.22 -59 -2.71 -47.22 -59.16 -3.03 -46.66 -59.2 -5.58 -53.92 -56.6
5 24 0 -45.04 -59.54 0.92 -43.35 -59.69 1.7 -43.87 -59.59 0 -43.17 -59.76
5 24 -11.36 -29.78 -58.18 -10.07 -32.34 -58.67 -11.17 -30.7 -58.31 -8.41 -33.45 -59.05
5 24 -27.53 -27.29 -51.5 -26.92 -23.69 -50.36 -29.77 -25.78 -49.52 -27.14 -27.03 -51.58
5 24 9.09 -30.07 -58.55 11.63 -32.44 -58.45 11.57 -29.78 -58.15 10.85 -32.95 -58.63
5 24 -9.97 -47.22 -58.39 -5.81 -47.22 -59 -10.12 -45.56 -58.56 -9.51 -49.01 -57.81
5 24 20.62 -26.81 -54.38 22.03 -24.96 -53.17 21.72 -25.16 -53.36 22.69 -29.78 -54.78
5 24 9.64 -28.75 -58.06 11.57 -29.78 -58.15 9.64 -23.67 -56.22 9.5 -29.46 -58.34
5 24 15.03 -29.78 -57.28 17.21 -29.78 -56.74 15.03 -23.67 -55.02 15.03 -32.7 -57.63
5 24 27.59 -28.75 -52.05 27.95 -29.78 -52.29 27.44 -29.46 -52.4 27.44 -28.04 -51.84
5 24 27.04 -30.07 -52.76 27.95 -29.78 -52.29 27.23 -29.78 -52.63 26.43 -30.47 -53.09
5 24 9.29 -29.78 -58.49 11.57 -29.78 -58.15 9.5 -29.46 -58.34 9.09 -30.07 -58.55
5 24 -24.29 -29.78 -54.02 -22.88 -33.82 -55.24 -22.69 -29.78 -54.78 -24.29 -33.79 -54.33
5 24 -16.58 -23.67 -54.67 -15.36 -25.78 -55.72 -15.36 -27.39 -56.32 -15.24 -23.67 -55.01
5 24 5.81 -47.22 -59 7.75 -52.04 -56.97 8.76 -50.6 -57.34 6.5 -53.28 -56.7
5 24 -11.36 -29.78 -58.18 -7.4 -30.07 -58.8 -7.59 -29.78 -58.74 -6.79 -30.47 -58.94
5 24 15.03 -23.67 -55.02 17.21 -29.78 -56.74 16.57 -23.67 -54.63 15.03 -29.78 -57.28
5 24 -18.88 -29 -55.84 -16.58 -23.67 -54.67 -18.88 -23.67 -53.81 -17.21 -29.78 -56.74
5 24 -29.77 -25.78 -49.52 -27.53 -27.29 -51.5 -26.92 -23.69 -50.36 -27.75 -27.44 -51.43
5 24 22.03 -24.96 -53.17 23.99 -29.46 -54.04 23.85 -28.75 -53.82 22.69 -29.78 -54.78
5 24 0 -47.2 -59.29 0 -45.04 -59.54 -1.72 -47.22 -59.2 1.72 -47.22 -59.2
5 24 -14.52 -33.79 -57.89 -13.49 -30.48 -57.75 -11.83 -30.48 -58.17 -14.2 -30.34 -57.56
5 24 -0.92 -43.35 -59.69 0 -45.04 -59.54 -1.7 -43.87 -59.59 0 -43.17 -59.76
5 24 5.81 -47.22 -59 9.51 -49.01 -57.81 9.97 -47.22 -58.39 8.76 -50.6 -57.34
5 24 -29.77 -25.78 -49.52 -26.92 -23.69 -50.36 -27.53 -27.29 -51.5 -28.76 -24.06 -49.41
5 24 17.21 -29.78 -56.74 18.55 -23.67 -53.93 16.57 -23.67 -54.63 18.55 -29.78 -56.26
5 24 -11.46 -28.23 -57.6 -10.07 -25.16 -56.69 -11.17 -26.81 -57.13 -11.51 -29 -57.88
5 24 3.03 -46.66 -59.2 5.81 -47.22 -59 5.83 -45.56 -59.19 2.71 -47.22 -59.16
5 24 -18.76 -29.78 -56.18 -17.21 -29.78 -56.74 -18.88 -29 -55.84 -18.52 -31.37 -56.46
5 24 22.69 -29.78 -54.78 25.72 -33.83 -53.86 23.38 -33.45 -54.92 25 -30.47 -53.77
5 24 25.72 -30.61 -53.45 28.15 -33.38 -52.66 26.43 -30.47 -53.09 28.05 -33.45 -52.71
5 24 -22.88 -33.82 -55.24 -22.69 -29.78 -54.78 -24.29 -29.78 -54.02 -20.77 -29.78 -55.46
5 24 2.12 -33.83 -59.65 5.79 -29.78 -59.01 5.82 -30.61 -59.1 2.12 -29.78 -59.18
5 24 25.72 -30.61 -53.45 28.05 -33.45 -52.71 28.15 -33.38 -52.66 25.72 -33.83 -53.86
5 24 26.95 -23.87 -50.41 31 -29.78 -50.46 27.95 -29.78 -52.29 29.71 -25.16 -49.3
5 24 -29.77 -25.78 -49.52 -28.76 -24.06 -49.41 -30.42 -25.16 -48.87 -26.92 -23.69 -50.36
5 24 -3.52 -29.78 -59.12 0 -33.83 -59.76 0 -29.78 -59.29 -3.52 -30.61 -59.21
5 24 5.81 -47.22 -59 6.5 -53.28 -56.7 7.75 -52.04 -56.97 5.58 -53.92 -56.6
5 24 -5.06 -54.28 -56.5 -2.47 -47.63 -59.02 -5.58 -53.92 -56.6 -1.61 -48.34 -58.81
5 24 15.03 -36.47 -58.08 17.34 -33.66 -57.17 15.03 -33.66 -57.75 17.44 -36.47 -57.48
5 24 2.12 -29.78 -59.18 5.79 -29.78 -59.01 2.12 -33.83 -59.65 2.12 -23.67 -56.99
5 24 5.58 -53.92 -56.6 5.81 -47.22 -59 6.5 -53.28 -56.7 5.06 -54.28 -56.5
5 24 16.57 -23.67 -54.63 17.21 -29.78 -56.74 18.55 -23.67 -53.93 15.03 -23.67 -55.02
5 24 -27.14 -27.03 -51.58 -26.92 -23.69 -50.36 -27.53 -27.29 -51.5 -26.42 -26.89 -51.86
5 24 29.71 -25.16 -49.3 30.89 -27.2 -49.44 31.2 -28.75 -49.91 30.82 -26.81 -49.32
5 24 -17.32 -33.08 -57.1 -14.59 -30.08 -57.43 -17.21 -29.78 -56.74 -17.31 -33.09 -57.1
5 24 17.21 -29.78 -56.74 18.55 -29.78 -56.26 18.55 -23.67 -53.93 18.55 -32.7 -56.62
5 24 -17.31 -33.09 -57.1 -14.59 -30.08 -57.43 -17.32 -33.08 -57.1 -15.76 -33.72 -57.57
5 24 -17.21 -29.78 -56.74 -16.58 -23.67 -54.67 -15.36 -27.39 -56.32 -18.88 -29 -55.84
5 24 26.95 -23.87 -50.41 27.95 -29.78 -52.29 31 -29.78 -50.46 27.44 -28.04 -51.84
5 24 -24.29 -26.89 -52.87 -21.85 -23.67 -52.75 -24.29 -29.78 -54.02 -26.92 -23.69 -50.36
5 24 17.34 -33.66 -57.17 17.44 -36.47 -57.48 18.55 -36.47 -57.08 15.03 -36.47 -58.08
5 24 -0.56 -42.4 -59.82 0 -38.5 -60.3 0 -42.4 -59.85 -4.1 -38.5 -60.1
5 24 15.03 -32.7 -57.63 17.21 -29.78 -56.74 15.03 -29.78 -57.28 17.31 -32.7 -57.06
5 24 0 -47.2 -59.29 1.72 -47.22 -59.2 0.92 -47.77 -59.05 0 -45.04 -59.54
5 24 -18.88 -29 -55.84 -17.21 -29.78 -56.74 -16.58 -23.67 -54.67 -18.76 -29.78 -56.18
5 24 27.44 -28.04 -51.84 27.95 -29.78 -52.29 26.95 -23.87 -50.41 27.59 -28.75 -52.05
5 24 -22.69 -29.78 -54.78 -21.85 -23.67 -52.75 -20.77 -23.67 -53.13 -24.29 -29.78 -54.02
5 24 22.03 -24.96 -53.17 23.85 -28.75 -53.82 23.99 -28.04 -53.47 23.99 -29.46 -54.04
5 24 -0.92 -47.77 -59.05 0 -47.2 -59.29 0 -47.89 -59.05 -1.72 -47.22 -59.2
5 24 -18.52 -31.37 -56.46 -17.21 -29.78 -56.74 -18.76 -29.78 -56.18 -17.32 -33.08 -57.1
5 24 -8.41 -33.45 -59.05 -5.82 -30.61 -59.1 -6.07 -30.61 -59.06 -5.86 -33.83 -59.47
5 24 0 -47.89 -59.05 0 -47.2 -59.29 -0.92 -47.77 -59.05 0.92 -47.77 -59.05
5 24 -8.41 -33.45 -59.05 -5.86 -33.83 -59.47 -5.82 -30.61 -59.1 -6.46 -33.83 -59.38
5 24 1.76 -35.65 -59.88 4.1 -38.5 -60.1 3.46 -36.1 -59.85 0 -35.5 -59.95
5 24 0 -45.04 -59.54 1.72 -47.22 -59.2 2.22 -46.48 -59.27 0 -47.2 -59.29
5 24 -4.1 -38.5 -60.1 -0.56 -42.4 -59.82 0 -38.5 -60.3 -1.61 -42.79 -59.72
5 24 7.77 -30.61 -58.81 10.11 -33.45 -58.8 8.49 -30.47 -58.69 5.82 -30.61 -59.1
5 24 -16.58 -23.67 -54.67 -15.36 -27.39 -56.32 -15.36 -25.78 -55.72 -17.21 -29.78 -56.74
5 24 5.06 -54.28 -56.5 5.81 -47.22 -59 2.71 -47.22 -59.16 5.58 -53.92 -56.6
5 24 -5.6 -23.67 -56.82 -4.32 -26.89 -58.04 -4.32 -23.67 -56.88 -5.71 -26.89 -57.97
5 24 -1.72 -47.22 -59.2 0 -47.2 -59.29 0 -45.04 -59.54 -0.92 -47.77 -59.05
5 24 -3.52 -30.61 -59.21 0 -33.83 -59.76 -3.52 -29.78 -59.12 -5.82 -30.61 -59.1
5 24 25.72 -26.89 -52.2 26.95 -23.87 -50.41 23.38 -24.06 -52.18 26.43 -27.03 -51.91
5 24 5.82 -30.61 -59.1 8.15 -33.83 -59.13 10.11 -33.45 -58.8 5.86 -33.83 -59.47
5 24 23.38 -24.06 -52.18 26.95 -23.87 -50.41 25.72 -23.67 -50.92 25.72 -26.89 -52.2
5 24 -2.4 -45.56 -59.36 0 -45.04 -59.54 -2.22 -44.65 -59.48 -2.22 -46.48 -59.27
5 24 -5.71 -26.89 -57.97 -5.6 -23.67 -56.82 -4.32 -26.89 -58.04 -6.07 -26.89 -57.92
5 24 -31.91 -29.78 -49.91 -28.29 -29.78 -52.08 -28.3 -33.83 -52.63 -29.77 -25.78 -49.52
5 24 26.43 -30.47 -53.09 27.95 -29.78 -52.29 27.04 -30.07 -52.76 28.15 -33.38 -52.66
5 24 5.81 -47.22 -59 9.97 -47.22 -58.39 5.83 -45.56 -59.19 9.51 -49.01 -57.81
5 24 22.03 -24.96 -53.17 23.99 -28.04 -53.47 23.85 -28.75 -53.82 24.39 -27.44 -53.04
5 24 -17.32 -33.08 -57.1 -17.21 -29.78 -56.74 -14.59 -30.08 -57.43 -18.52 -31.37 -56.46
5 24 2.47 -47.63 -59.02 5.06 -54.28 -56.5 2.71 -47.22 -59.16 1.61 -48.34 -58.81
5 24 -4.1 -38.5 -60.1 0 -38.5 -60.3 0 -35.5 -59.95 -0.56 -42.4 -59.82
5 24 0 -45.04 -59.54 2.22 -44.65 -59.48 2.4 -45.56 -59.36 1.7 -43.87 -59.59
5 24 -26.92 -23.69 -50.36 -24.29 -26.89 -52.87 -21.85 -23.67 -52.75 -26.42 -26.89 -51.86
5 24 17.21 -29.78 -56.74 17.31 -32.7 -57.06 15.03 -32.7 -57.63 18.55 -32.7 -56.62
5 24 -10.07 -25.16 -56.69 -6.46 -23.67 -56.69 -5.6 -23.67 -56.82 -8.41 -24.06 -56.54
5 24 22.69 -29.78 -54.78 23.38 -33.45 -54.92 22.84 -33.08 -55.13 25.72 -33.83 -53.86
5 24 17.21 -29.78 -56.74 18.55 -32.7 -56.62 18.55 -29.78 -56.26 17.31 -32.7 -57.06
5 24 0 -43.17 -59.76 0 -45.04 -59.54 0.92 -43.35 -59.69 -0.92 -43.35 -59.69
5 24 9.5 -29.46 -58.34 11.57 -29.78 -58.15 9.64 -28.75 -58.06 9.29 -29.78 -58.49
5 24 29.71 -25.16 -49.3 31.2 -28.75 -49.91 30.89 -27.2 -49.44 31 -29.78 -50.46
5 24 -22.69 -29.78 -54.78 -20.77 -23.67 -53.13 -20.77 -29.78 -55.46 -21.85 -23.67 -52.75
5 24 -5.82 -30.61 -59.1 0 -33.83 -59.76 -3.52 -30.61 -59.21 -5.86 -33.83 -59.47
5 24 -11.36 -29.78 -58.18 -6.79 -30.47 -58.94 -7.4 -30.07 -58.8 -8.41 -33.45 -59.05
5 24 2.12 -33.83 -59.65 5.82 -30.61 -59.1 5.86 -33.83 -59.47 5.79 -29.78 -59.01
5 24 2.12 -23.67 -56.99 5.79 -29.78 -59.01 5.6 -23.67 -56.82 2.12 -29.78 -59.18
5 24 0 -35.5 -59.95 0 -38.5 -60.3 -4.1 -38.5 -60.1 4.1 -38.5 -60.1
5 24 5.81 -47.22 -59 5.83 -45.56 -59.19 9.97 -47.22 -58.39 3.03 -46.66 -59.2
5 24 -22.69 -29.78 -54.78 -20.77 -29.78 -55.46 -20.77 -23.67 -53.13 -22.88 -33.82 -55.24
5 24 -24.29 -29.78 -54.02 -22.69 -29.78 -54.78 -21.85 -23.67 -52.75 -22.88 -33.82 -55.24
5 24 -10.12 -45.56 -58.56 -5.81 -47.22 -59 -5.83 -45.56 -59.2 -9.97 -47.22 -58.39
5 24 5.83 -45.56 -59.19 9.97 -47.22 -58.39 10.12 -45.56 -58.56 5.81 -47.22 -59
5 24 11.57 -29.78 -58.15 12.87 -30.7 -57.93 11.63 -32.44 -58.45 13.05 -29.78 -57.78
5 24 0 -45.04 -59.54 2.4 -45.56 -59.36 2.22 -44.65 -59.48 2.22 -46.48 -59.27
5 24 -29.77 -25.78 -49.52 -28.29 -28.75 -51.65 -28.29 -29.78 -52.08 -28.15 -28.04 -51.44
5 24 -5.83 -45.56 -59.2 -5.81 -47.22 -59 -10.12 -45.56 -58.56 -3.22 -45.56 -59.32
5 24 0 -42.4 -59.85 0 -38.5 -60.3 0.56 -42.4 -59.82 -0.56 -42.4 -59.82
5 24 26.95 -23.87 -50.41 27.44 -28.04 -51.84 27.04 -27.44 -51.79 27.95 -29.78 -52.29
5 24 2.71 -47.22 -59.16 5.81 -47.22 -59 5.06 -54.28 -56.5 3.03 -46.66 -59.2
5 24 -4.1 -38.5 -60.1 -1.76 -35.65 -59.88 0 -35.5 -59.95 -3.46 -36.1 -59.85
5 24 22.69 -29.78 -54.78 25 -30.47 -53.77 24.39 -30.07 -54.01 25.72 -33.83 -53.86
5 24 23.38 -24.06 -52.18 25.72 -26.89 -52.2 26.95 -23.87 -50.41 24.95 -27.07 -52.63
5 24 0 -38.5 -60.3 0.56 -42.4 -59.82 0 -42.4 -59.85 4.1 -38.5 -60.1
5 24 5.82 -30.61 -59.1 10.11 -33.45 -58.8 7.77 -30.61 -58.81 8.15 -33.83 -59.13
5 24 9.64 -23.67 -56.22 11.57 -29.78 -58.15 11.14 -23.67 -55.99 9.64 -28.75 -58.06
5 24 0.56 -42.4 -59.82 4.1 -38.5 -60.1 1.61 -42.79 -59.72 0 -38.5 -60.3
5 24 -31.52 -26.81 -48.9 -29.77 -25.78 -49.52 -30.42 -25.16 -48.87 -31.84 -28.4 -49.38
5 24 -4.1 -38.5 -60.1 -3.46 -36.1 -59.85 -5.06 -36.84 -59.86 -1.76 -35.65 -59.88
5 24 -10.07 -25.16 -56.69 -6.79 -27.03 -57.86 -5.6 -23.67 -56.82 -7.4 -27.44 -57.92
5 24 5.81 -47.22 -59 8.76 -50.6 -57.34 7.75 -52.04 -56.97 9.51 -49.01 -57.81
5 24 11.57 -29.78 -58.15 13.26 -23.67 -55.46 13.26 -28.75 -57.34 11.14 -23.67 -55.99
5 24 -4.1 -38.5 -60.1 0 -35.5 -59.95 -1.76 -35.65 -59.88 0 -38.5 -60.3
5 24 -8.76 -50.6 -57.34 -5.81 -47.22 -59 -9.51 -49.01 -57.81 -7.75 -52.04 -56.97
5 24 0 -47.2 -59.29 0.92 -47.77 -59.05 0 -47.89 -59.05 1.72 -47.22 -59.2
5 24 27.95 -29.78 -52.29 29.71 -32.34 -51.58 30.82 -30.7 -50.69 28.15 -33.38 -52.66
5 24 -5.86 -33.83 -59.47 -5.82 -30.61 -59.1 0 -33.83 -59.76 -8.41 -33.45 -59.05
5 24 22.69 -29.78 -54.78 23.99 -29.46 -54.04 24.2 -29.78 -54.06 22.03 -24.96 -53.17
5 24 -17.21 -29.78 -56.74 -14.59 -30.08 -57.43 -14.91 -29.78 -57.31 -17.32 -33.08 -57.1
5 24 -15.76 -33.72 -57.57 -14.2 -30.34 -57.56 -14.59 -30.08 -57.43 -14.52 -33.79 -57.89
5 24 0 -35.5 -59.95 4.1 -38.5 -60.1 0 -38.5 -60.3 1.76 -35.65 -59.88
5 24 -5.58 -53.92 -56.6 -2.71 -47.22 -59.16 -2.47 -47.63 -59.02 -5.81 -47.22 -59
5 24 25 -30.47 -53.77 25.72 -33.83 -53.86 25.72 -30.61 -53.45 22.69 -29.78 -54.78
5 24 9.09 -30.07 -58.55 10.11 -33.45 -58.8 8.49 -30.47 -58.69 10.85 -32.95 -58.63
5 24 3.03 -46.66 -59.2 5.83 -45.56 -59.19 3.22 -45.56 -59.32 5.81 -47.22 -59
5 24 -7.75 -52.04 -56.97 -5.81 -47.22 -59 -8.76 -50.6 -57.34 -6.5 -53.28 -56.7
5 24 -8.41 -33.45 -59.05 -6.79 -30.47 -58.94 -6.34 -30.56 -59.02 -11.36 -29.78 -58.18
5 24 -17.21 -29.78 -56.74 -14.91 -29.78 -57.31 -15.22 -29.33 -57.07 -14.59 -30.08 -57.43
5 24 20.62 -26.81 -54.38 22.69 -29.78 -54.78 20.23 -28.75 -55.26 22.03 -24.96 -53.17
5 24 -17.21 -29.78 -56.74 -15.36 -27.39 -56.32 -15.36 -28.62 -56.77 -16.58 -23.67 -54.67
5 24 -31.91 -29.78 -49.91 -29.77 -25.78 -49.52 -31.84 -28.4 -49.38 -28.29 -29.78 -52.08
5 24 -5.81 -47.22 -59 -3.03 -46.66 -59.2 -3.22 -45.56 -59.32 -2.71 -47.22 -59.16
5 24 22.03 -24.96 -53.17 24.39 -27.44 -53.04 24.95 -27.07 -52.63 23.99 -28.04 -53.47
5 24 0 -38.5 -60.3 4.1 -38.5 -60.1 0 -35.5 -59.95 0.56 -42.4 -59.82
5 24 -11.36 -29.78 -58.18 -7.59 -29.78 -58.74 -7.8 -29.46 -58.59 -7.4 -30.07 -58.8
5 24 -3.52 -29.78 -59.12 0 -29.78 -59.29 0 -33.83 -59.76 0 -23.67 -57.09
5 24 -6.07 -26.89 -57.92 -5.6 -23.67 -56.82 -5.71 -26.89 -57.97 -6.79 -27.03 -57.86
5 24 22.03 -24.96 -53.17 22.69 -29.78 -54.78 23.99 -29.46 -54.04 20.62 -26.81 -54.38
5 24 -29.77 -25.78 -49.52 -28.15 -28.04 -51.44 -28.29 -28.75 -51.65 -27.75 -27.44 -51.43
5 24 -11.51 -29 -57.88 -10.07 -25.16 -56.69 -11.46 -28.23 -57.6 -11.36 -29.78 -58.18
5 24 2.71 -47.22 -59.16 5.06 -54.28 -56.5 5.81 -47.22 -59 2.47 -47.63 -59.02
5 24 20.43 -29.78 -55.58 22.69 -29.78 -54.78 20.23 -28.75 -55.26 20.62 -30.7 -55.63
5 24 -5.81 -47.22 -59 -5.58 -53.92 -56.6 -6.5 -53.28 -56.7 -2.71 -47.22 -59.16
5 24 9.09 -30.07 -58.55 10.85 -32.95 -58.63 11.63 -32.44 -58.45 10.11 -33.45 -58.8
5 24 11.57 -29.78 -58.15 13.05 -29.78 -57.78 13.26 -28.75 -57.34 12.87 -30.7 -57.93
5 24 5.82 -30.61 -59.1 5.86 -33.83 -59.47 2.12 -33.83 -59.65 8.15 -33.83 -59.13
5 24 -14.52 -33.79 -57.89 -14.2 -30.34 -57.56 -13.49 -30.48 -57.75 -15.76 -33.72 -57.57
5 24 -6.79 -27.03 -57.86 -5.6 -23.67 -56.82 -6.07 -26.89 -57.92 -10.07 -25.16 -56.69
5 24 0 -45.04 -59.54 1.7 -43.87 -59.59 2.22 -44.65 -59.48 0.92 -43.35 -59.69
5 24 11.57 -29.78 -58.15 13.26 -28.75 -57.34 13.26 -23.67 -55.46 13.05 -29.78 -57.78
5 24 -10.07 -25.16 -56.69 -7.94 -28.75 -58.31 -7.8 -28.04 -58.08 -11.36 -29.78 -58.18
5 24 -11.36 -29.78 -58.18 -7.94 -28.75 -58.31 -7.8 -29.46 -58.59 -10.07 -25.16 -56.69
5 24 -31.91 -29.78 -49.91 -28.3 -33.83 -52.63 -28.29 -29.78 -52.08 -31.91 -33.83 -50.46
5 24 27.95 -29.78 -52.29 31 -29.78 -50.46 30.82 -30.7 -50.69 26.95 -23.87 -50.41
5 24 -24.29 -29.78 -54.02 -21.85 -23.67 -52.75 -24.29 -26.89 -52.87 -22.69 -29.78 -54.78
5 24 20.23 -28.75 -55.26 22.69 -29.78 -54.78 20.62 -26.81 -54.38 20.43 -29.78 -55.58
5 24 22.69 -29.78 -54.78 22.84 -33.08 -55.13 23.38 -33.45 -54.92 21.72 -32.34 -55.44
5 24 25.72 -33.83 -53.86 25.72 -30.61 -53.45 25 -30.47 -53.77 28.05 -33.45 -52.71
5 24 -2.22 -44.65 -59.48 0 -45.04 -59.54 -2.4 -45.56 -59.36 -1.7 -43.87 -59.59
5 24 -1.7 -43.87 -59.59 0 -45.04 -59.54 -2.22 -44.65 -59.48 -0.92 -43.35 -59.69
5 24 26.43 -30.47 -53.09 28.15 -33.38 -52.66 27.95 -29.78 -52.29 25.72 -30.61 -53.45
5 24 -5.58 -53.92 -56.6 -2.47 -47.63 -59.02 -2.71 -47.22 -59.16 -5.06 -54.28 -56.5
5 24 26.43 -27.03 -51.91 26.95 -23.87 -50.41 25.72 -26.89 -52.2 27.04 -27.44 -51.79
5 24 -8.41 -33.45 -59.05 -6.07 -30.61 -59.06 -5.82 -30.61 -59.1 -6.34 -30.56 -59.02
5 24 -17.21 -29.78 -56.74 -15.22 -29.33 -57.07 -14.91 -29.78 -57.31 -15.36 -28.62 -56.77
5 24 0 -45.04 -59.54 2.22 -46.48 -59.27 1.72 -47.22 -59.2 2.4 -45.56 -59.36
