0 Etiqueta Ventana (camion sony)
0 Name: ventsony.dat
0 Author: cpcbegin
0 !LDRAW_ORG Unofficial_Part
0 BFC CERTIFY CW
4 16 73.812 40 0 6.188 40 0 6.188 39.556 0 73.812 39.556 0
4 16 74.254 39.556 0 5.746 39.556 0 5.746 39.111 0 74.254 39.111 0
4 16 75.138 39.111 0 4.862 39.111 0 4.862 38.667 0 75.138 38.667 0
4 16 75.58 38.667 0 4.42 38.667 0 4.42 37.778 0 75.58 37.778 0
4 16 76.022 37.778 0 3.978 37.778 0 3.978 36.444 0 76.022 36.444 0
4 16 76.464 36.444 0 3.536 36.444 0 3.536 11.556 0 76.464 11.556 0
4 16 76.022 11.556 0 3.978 11.556 0 3.978 10.222 0 76.022 10.222 0
4 16 75.58 10.222 0 4.42 10.222 0 4.42 9.333 0 75.58 9.333 0
4 16 75.138 9.333 0 4.862 9.333 0 4.862 8.889 0 75.138 8.889 0
4 16 74.254 8.889 0 5.746 8.889 0 5.746 8.444 0 74.254 8.444 0
4 16 73.812 8.444 0 6.188 8.444 0 6.188 8 0 73.812 8 0
