0 Ventanas Granelero 1 doble    IUNITS
0 Name: vgrane1d.dat
0 Author: I.UNITS (diseño), jasolo (modelado)
0 !LDRAW_ORG Unofficial_Part
0 BFC CERTIFY CCW
1 16 0 0 0 1 0 0 0 1 0 0 0 1 jacena1.dat
4 0 -7.25 -12.875 -10.125 -0.625 -12.875 -10.125 -0.625 -19.5 -10.125 -7.25 -19.5 -10.125
4 0 7.25 -12.875 -10.125 7.25 -19.5 -10.125 0.625 -19.5 -10.125 0.625 -12.875 -10.125
4 0 10.125 -12.875 -7.25 10.125 -12.875 -0.625 10.125 -19.5 -0.625 10.125 -19.5 -7.25
4 0 10.125 -12.875 7.25 10.125 -19.5 7.25 10.125 -19.5 0.625 10.125 -12.875 0.625
