0 Ventanas Granelero 4     IUNITS
0 Name: vgrane4.dat
0 Author: I.UNITS (diseño), jasolo (modelado)
0 !LDRAW_ORG Unofficial_Part
0 BFC CERTIFY CCW
1 16 -40 0 -10 1 0 0 0 1 0 0 0 1 jacena4.dat
4 0 -7.25 -12.875 -10.125 -0.625 -12.875 -10.125 -0.625 -19.5 -10.125 -7.25 -19.5 -10.125
4 0 7.25 -12.875 -10.125 7.25 -19.5 -10.125 0.625 -19.5 -10.125 0.625 -12.875 -10.125
4 0 -23 -12.875 -10.125 -16.375 -12.875 -10.125 -16.375 -19.5 -10.125 -23 -19.5 -10.125
4 0 -8.5 -12.875 -10.125 -8.5 -19.5 -10.125 -15.125 -19.5 -10.125 -15.125 -12.875 -10.125
4 0 8.5 -12.875 -10.125 15.125 -12.875 -10.125 15.125 -19.5 -10.125 8.5 -19.5 -10.125
4 0 23 -12.875 -10.125 23 -19.5 -10.125 16.375 -19.5 -10.125 16.375 -12.875 -10.125
4 0 24.25 -12.875 -10.125 30.875 -12.875 -10.125 30.875 -19.5 -10.125 24.25 -19.5 -10.125
4 0 38.75 -12.875 -10.125 38.75 -19.5 -10.125 32.125 -19.5 -10.125 32.125 -12.875 -10.125
4 0 -38.75 -12.875 -10.125 -32.125 -12.875 -10.125 -32.125 -19.5 -10.125 -38.75 -19.5 -10.125
4 0 -24.25 -12.875 -10.125 -24.25 -19.5 -10.125 -30.875 -19.5 -10.125 -30.875 -12.875 -10.125

4 0 40.125 -12.875 -7.25 40.125 -12.875 -0.625 40.125 -19.5 -0.625 40.125 -19.5 -7.25
4 0 40.125 -12.875 7.25 40.125 -19.5 7.25 40.125 -19.5 0.625 40.125 -12.875 0.625
4 0 -40.125 -12.875 7.25 -40.125 -12.875 0.625 -40.125 -19.5 0.625 -40.125 -19.5 7.25
4 0 -40.125 -12.875 -7.25 -40.125 -19.5 -7.25 -40.125 -19.5 -0.625 -40.125 -12.875 -0.625
