0 Ventanas Ibiza 2 con puerta IUNITS
0 Name: vibiza2p.dat
0 Author: IUNITS (diseño), jasolo (modelado)
0 !LDRAW_ORG Unofficial_Part
0 BFC CERTIFY CCW
1 16 -40 0 -10 1 0 0 0 1 0 0 0 1 jacena4.dat
4 0 -4.266 -14.583 -10.125 -8.037 -14.583 -10.125 -7.914 -14.54 -10.125 -4.388 -14.54 -10.125
4 0 -8.51 -14.999 -10.125 -3.792 -14.999 -10.125 -3.734 -15.114 -10.125 -8.568 -15.114 -10.125
4 0 -8.638 -18.633 -10.125 -3.665 -18.633 -10.125 -3.691 -18.762 -10.125 -8.611 -18.762 -10.125
4 0 -8.647 -15.501 -10.125 -3.655 -15.501 -10.125 -3.655 -18.499 -10.125 -8.647 -18.499 -10.125
4 0 -4.388 -14.54 -10.125 -7.914 -14.54 -10.125 -7.785 -14.513 -10.125 -4.518 -14.513 -10.125
4 0 -4.518 -14.513 -10.125 -7.785 -14.513 -10.125 -7.651 -14.504 -10.125 -4.652 -14.504 -10.125
4 0 -8.638 -15.366 -10.125 -3.665 -15.366 -10.125 -3.655 -15.501 -10.125 -8.647 -15.501 -10.125
4 0 -4.266 -19.416 -10.125 -8.037 -19.416 -10.125 -8.152 -19.358 -10.125 -4.151 -19.358 -10.125
4 0 -4.151 -19.358 -10.125 -8.152 -19.358 -10.125 -8.258 -19.286 -10.125 -4.045 -19.286 -10.125
4 0 -4.652 -19.495 -10.125 -7.651 -19.495 -10.125 -7.785 -19.486 -10.125 -4.518 -19.486 -10.125
4 0 -4.388 -19.459 -10.125 -7.914 -19.459 -10.125 -8.037 -19.416 -10.125 -4.266 -19.416 -10.125
4 0 -4.045 -19.286 -10.125 -8.258 -19.286 -10.125 -8.354 -19.202 -10.125 -3.949 -19.202 -10.125
4 0 -4.045 -14.713 -10.125 -8.258 -14.713 -10.125 -8.152 -14.641 -10.125 -4.151 -14.641 -10.125
4 0 -4.151 -14.641 -10.125 -8.152 -14.641 -10.125 -8.037 -14.583 -10.125 -4.266 -14.583 -10.125
4 0 -8.439 -14.893 -10.125 -3.864 -14.893 -10.125 -3.792 -14.999 -10.125 -8.51 -14.999 -10.125
4 0 -3.949 -14.797 -10.125 -8.354 -14.797 -10.125 -8.258 -14.713 -10.125 -4.045 -14.713 -10.125
4 0 -4.388 -9.459 -10.125 -7.914 -9.459 -10.125 -8.037 -9.416 -10.125 -4.266 -9.416 -10.125
4 0 -4.266 -9.416 -10.125 -8.037 -9.416 -10.125 -8.152 -9.358 -10.125 -4.151 -9.358 -10.125
4 0 -4.518 -9.486 -10.125 -7.785 -9.486 -10.125 -7.914 -9.459 -10.125 -4.388 -9.459 -10.125
4 0 -4.652 -9.495 -10.125 -7.651 -9.495 -10.125 -7.785 -9.486 -10.125 -4.518 -9.486 -10.125
4 0 -8.439 -4.893 -10.125 -3.864 -4.893 -10.125 -3.792 -4.999 -10.125 -8.51 -4.999 -10.125
4 0 -3.949 -4.797 -10.125 -8.354 -4.797 -10.125 -8.258 -4.713 -10.125 -4.045 -4.713 -10.125
4 0 -4.151 -9.358 -10.125 -8.152 -9.358 -10.125 -8.258 -9.286 -10.125 -4.045 -9.286 -10.125
4 0 -4.045 -9.286 -10.125 -8.258 -9.286 -10.125 -8.354 -9.202 -10.125 -3.949 -9.202 -10.125
4 0 -8.611 -15.237 -10.125 -3.691 -15.237 -10.125 -3.665 -15.366 -10.125 -8.638 -15.366 -10.125
4 0 -8.568 -18.885 -10.125 -3.734 -18.885 -10.125 -3.792 -19 -10.125 -8.51 -19 -10.125
4 0 -8.51 -19 -10.125 -3.792 -19 -10.125 -3.864 -19.106 -10.125 -8.439 -19.106 -10.125
4 0 -8.568 -15.114 -10.125 -3.734 -15.114 -10.125 -3.691 -15.237 -10.125 -8.611 -15.237 -10.125
4 0 -8.611 -18.762 -10.125 -3.691 -18.762 -10.125 -3.734 -18.885 -10.125 -8.568 -18.885 -10.125
4 0 -3.949 -9.202 -10.125 -8.354 -9.202 -10.125 -8.439 -9.106 -10.125 -3.864 -9.106 -10.125
4 0 -3.949 -14.797 -10.125 -3.864 -14.893 -10.125 -8.439 -14.893 -10.125 -8.354 -14.797 -10.125
4 0 -8.647 -18.499 -10.125 -3.655 -18.499 -10.125 -3.665 -18.633 -10.125 -8.638 -18.633 -10.125
4 0 -4.518 -19.486 -10.125 -7.785 -19.486 -10.125 -7.914 -19.459 -10.125 -4.388 -19.459 -10.125
4 0 -10.403 -9.416 -10.125 -14.175 -9.416 -10.125 -14.29 -9.358 -10.125 -10.288 -9.358 -10.125
4 0 -10.288 -9.358 -10.125 -14.29 -9.358 -10.125 -14.396 -9.286 -10.125 -10.182 -9.286 -10.125
4 0 -14.706 -15.114 -10.125 -9.872 -15.114 -10.125 -9.829 -15.237 -10.125 -14.749 -15.237 -10.125
4 0 -10.526 -9.459 -10.125 -14.052 -9.459 -10.125 -14.175 -9.416 -10.125 -10.403 -9.416 -10.125
4 0 -10.086 -4.797 -10.125 -14.491 -4.797 -10.125 -14.396 -4.713 -10.125 -10.182 -4.713 -10.125
4 0 -10.182 -4.713 -10.125 -14.396 -4.713 -10.125 -14.29 -4.641 -10.125 -10.288 -4.641 -10.125
4 0 -10.182 -9.286 -10.125 -14.396 -9.286 -10.125 -14.491 -9.202 -10.125 -10.086 -9.202 -10.125
4 0 -14.576 -4.893 -10.125 -10.002 -4.893 -10.125 -9.93 -4.999 -10.125 -14.648 -4.999 -10.125
4 0 -14.706 -18.885 -10.125 -9.872 -18.885 -10.125 -9.93 -19 -10.125 -14.648 -19 -10.125
4 0 -14.749 -18.762 -10.125 -9.829 -18.762 -10.125 -9.872 -18.885 -10.125 -14.706 -18.885 -10.125
4 0 -14.785 -18.499 -10.125 -9.793 -18.499 -10.125 -9.802 -18.633 -10.125 -14.776 -18.633 -10.125
4 0 -10.086 -14.797 -10.125 -10.002 -14.893 -10.125 -14.576 -14.893 -10.125 -14.491 -14.797 -10.125
4 0 -10.655 -9.486 -10.125 -13.923 -9.486 -10.125 -14.052 -9.459 -10.125 -10.526 -9.459 -10.125
4 0 -10.79 -9.495 -10.125 -13.788 -9.495 -10.125 -13.923 -9.486 -10.125 -10.655 -9.486 -10.125
4 0 -14.749 -15.237 -10.125 -9.829 -15.237 -10.125 -9.802 -15.366 -10.125 -14.776 -15.366 -10.125
4 0 -10.086 -9.202 -10.125 -14.491 -9.202 -10.125 -14.576 -9.106 -10.125 -10.002 -9.106 -10.125
4 0 -14.749 -5.237 -10.125 -9.829 -5.237 -10.125 -9.802 -5.366 -10.125 -14.776 -5.366 -10.125
4 0 -14.706 -8.885 -10.125 -9.872 -8.885 -10.125 -9.93 -9 -10.125 -14.648 -9 -10.125
4 0 -14.648 -9 -10.125 -9.93 -9 -10.125 -10.002 -9.106 -10.125 -14.576 -9.106 -10.125
4 0 -14.706 -5.114 -10.125 -9.872 -5.114 -10.125 -9.829 -5.237 -10.125 -14.749 -5.237 -10.125
4 0 -14.749 -8.762 -10.125 -9.829 -8.762 -10.125 -9.872 -8.885 -10.125 -14.706 -8.885 -10.125
4 0 -3.949 -19.202 -10.125 -8.354 -19.202 -10.125 -8.439 -19.106 -10.125 -3.864 -19.106 -10.125
4 0 -10.086 -4.797 -10.125 -10.002 -4.893 -10.125 -14.576 -4.893 -10.125 -14.491 -4.797 -10.125
4 0 -14.785 -8.499 -10.125 -9.793 -8.499 -10.125 -9.802 -8.633 -10.125 -14.776 -8.633 -10.125
4 0 -10.526 -4.54 -10.125 -14.052 -4.54 -10.125 -13.923 -4.513 -10.125 -10.655 -4.513 -10.125
4 0 -10.655 -4.513 -10.125 -13.923 -4.513 -10.125 -13.788 -4.504 -10.125 -10.79 -4.504 -10.125
4 0 -10.288 -4.641 -10.125 -14.29 -4.641 -10.125 -14.175 -4.583 -10.125 -10.403 -4.583 -10.125
4 0 -10.403 -4.583 -10.125 -14.175 -4.583 -10.125 -14.052 -4.54 -10.125 -10.526 -4.54 -10.125
4 0 -14.776 -8.633 -10.125 -9.802 -8.633 -10.125 -9.829 -8.762 -10.125 -14.749 -8.762 -10.125
4 0 -14.785 -5.501 -10.125 -9.793 -5.501 -10.125 -9.793 -8.499 -10.125 -14.785 -8.499 -10.125
4 0 -14.776 -5.366 -10.125 -9.802 -5.366 -10.125 -9.793 -5.501 -10.125 -14.785 -5.501 -10.125
4 0 -14.648 -4.999 -10.125 -9.93 -4.999 -10.125 -9.872 -5.114 -10.125 -14.706 -5.114 -10.125
4 0 -4.045 -4.713 -10.125 -8.258 -4.713 -10.125 -8.152 -4.641 -10.125 -4.151 -4.641 -10.125
4 0 1.774 -9.459 -10.125 -1.752 -9.459 -10.125 -1.875 -9.416 -10.125 1.897 -9.416 -10.125
4 0 1.897 -9.416 -10.125 -1.875 -9.416 -10.125 -1.99 -9.358 -10.125 2.012 -9.358 -10.125
4 0 1.645 -9.486 -10.125 -1.623 -9.486 -10.125 -1.752 -9.459 -10.125 1.774 -9.459 -10.125
4 0 1.511 -9.495 -10.125 -1.488 -9.495 -10.125 -1.623 -9.486 -10.125 1.645 -9.486 -10.125
4 0 -2.276 -4.893 -10.125 2.298 -4.893 -10.125 2.37 -4.999 -10.125 -2.348 -4.999 -10.125
4 0 2.214 -4.797 -10.125 -2.192 -4.797 -10.125 -2.096 -4.713 -10.125 2.118 -4.713 -10.125
4 0 2.012 -9.358 -10.125 -1.99 -9.358 -10.125 -2.096 -9.286 -10.125 2.118 -9.286 -10.125
4 0 2.118 -9.286 -10.125 -2.096 -9.286 -10.125 -2.192 -9.202 -10.125 2.214 -9.202 -10.125
4 0 -2.449 -15.237 -10.125 2.471 -15.237 -10.125 2.498 -15.366 -10.125 -2.476 -15.366 -10.125
4 0 -2.406 -18.885 -10.125 2.428 -18.885 -10.125 2.37 -19 -10.125 -2.348 -19 -10.125
4 0 -2.348 -19 -10.125 2.37 -19 -10.125 2.298 -19.106 -10.125 -2.276 -19.106 -10.125
4 0 -2.406 -15.114 -10.125 2.428 -15.114 -10.125 2.471 -15.237 -10.125 -2.449 -15.237 -10.125
4 0 -2.449 -18.762 -10.125 2.471 -18.762 -10.125 2.428 -18.885 -10.125 -2.406 -18.885 -10.125
4 0 2.214 -9.202 -10.125 -2.192 -9.202 -10.125 -2.276 -9.106 -10.125 2.298 -9.106 -10.125
4 0 2.214 -14.797 -10.125 2.298 -14.893 -10.125 -2.276 -14.893 -10.125 -2.192 -14.797 -10.125
4 0 -2.485 -18.499 -10.125 2.507 -18.499 -10.125 2.498 -18.633 -10.125 -2.476 -18.633 -10.125
4 0 2.214 -4.797 -10.125 2.298 -4.893 -10.125 -2.276 -4.893 -10.125 -2.192 -4.797 -10.125
4 0 -2.406 -8.885 -10.125 2.428 -8.885 -10.125 2.37 -9 -10.125 -2.348 -9 -10.125
4 0 -2.485 -8.499 -10.125 2.507 -8.499 -10.125 2.498 -8.633 -10.125 -2.476 -8.633 -10.125
4 0 -2.476 -8.633 -10.125 2.498 -8.633 -10.125 2.471 -8.762 -10.125 -2.449 -8.762 -10.125
4 0 -2.348 -9 -10.125 2.37 -9 -10.125 2.298 -9.106 -10.125 -2.276 -9.106 -10.125
4 0 -2.406 -5.114 -10.125 2.428 -5.114 -10.125 2.471 -5.237 -10.125 -2.449 -5.237 -10.125
4 0 -2.485 -5.501 -10.125 2.507 -5.501 -10.125 2.507 -8.499 -10.125 -2.485 -8.499 -10.125
4 0 -2.449 -5.237 -10.125 2.471 -5.237 -10.125 2.498 -5.366 -10.125 -2.476 -5.366 -10.125
4 0 1.897 -4.583 -10.125 -1.875 -4.583 -10.125 -1.752 -4.54 -10.125 1.774 -4.54 -10.125
4 0 1.774 -4.54 -10.125 -1.752 -4.54 -10.125 -1.623 -4.513 -10.125 1.645 -4.513 -10.125
4 0 2.118 -4.713 -10.125 -2.096 -4.713 -10.125 -1.99 -4.641 -10.125 2.012 -4.641 -10.125
4 0 2.012 -4.641 -10.125 -1.99 -4.641 -10.125 -1.875 -4.583 -10.125 1.897 -4.583 -10.125
4 0 -2.348 -4.999 -10.125 2.37 -4.999 -10.125 2.428 -5.114 -10.125 -2.406 -5.114 -10.125
4 0 -2.449 -8.762 -10.125 2.471 -8.762 -10.125 2.428 -8.885 -10.125 -2.406 -8.885 -10.125
4 0 1.645 -4.513 -10.125 -1.623 -4.513 -10.125 -1.488 -4.504 -10.125 1.511 -4.504 -10.125
4 0 -2.476 -5.366 -10.125 2.498 -5.366 -10.125 2.507 -5.501 -10.125 -2.485 -5.501 -10.125
4 0 -2.485 -15.501 -10.125 2.507 -15.501 -10.125 2.507 -18.499 -10.125 -2.485 -18.499 -10.125
4 0 -8.611 -5.237 -10.125 -3.691 -5.237 -10.125 -3.665 -5.366 -10.125 -8.638 -5.366 -10.125
4 0 -8.568 -8.885 -10.125 -3.734 -8.885 -10.125 -3.792 -9 -10.125 -8.51 -9 -10.125
4 0 -8.51 -9 -10.125 -3.792 -9 -10.125 -3.864 -9.106 -10.125 -8.439 -9.106 -10.125
4 0 -8.568 -5.114 -10.125 -3.734 -5.114 -10.125 -3.691 -5.237 -10.125 -8.611 -5.237 -10.125
4 0 -8.611 -8.762 -10.125 -3.691 -8.762 -10.125 -3.734 -8.885 -10.125 -8.568 -8.885 -10.125
4 0 2.214 -19.202 -10.125 -2.192 -19.202 -10.125 -2.276 -19.106 -10.125 2.298 -19.106 -10.125
4 0 -3.949 -4.797 -10.125 -3.864 -4.893 -10.125 -8.439 -4.893 -10.125 -8.354 -4.797 -10.125
4 0 -8.647 -8.499 -10.125 -3.655 -8.499 -10.125 -3.665 -8.633 -10.125 -8.638 -8.633 -10.125
4 0 -4.388 -4.54 -10.125 -7.914 -4.54 -10.125 -7.785 -4.513 -10.125 -4.518 -4.513 -10.125
4 0 -4.518 -4.513 -10.125 -7.785 -4.513 -10.125 -7.651 -4.504 -10.125 -4.652 -4.504 -10.125
4 0 -4.151 -4.641 -10.125 -8.152 -4.641 -10.125 -8.037 -4.583 -10.125 -4.266 -4.583 -10.125
4 0 -4.266 -4.583 -10.125 -8.037 -4.583 -10.125 -7.914 -4.54 -10.125 -4.388 -4.54 -10.125
4 0 -8.638 -8.633 -10.125 -3.665 -8.633 -10.125 -3.691 -8.762 -10.125 -8.611 -8.762 -10.125
4 0 -8.647 -5.501 -10.125 -3.655 -5.501 -10.125 -3.655 -8.499 -10.125 -8.647 -8.499 -10.125
4 0 -8.638 -5.366 -10.125 -3.665 -5.366 -10.125 -3.655 -5.501 -10.125 -8.647 -5.501 -10.125
4 0 -8.51 -4.999 -10.125 -3.792 -4.999 -10.125 -3.734 -5.114 -10.125 -8.568 -5.114 -10.125
4 0 1.897 -14.583 -10.125 -1.875 -14.583 -10.125 -1.752 -14.54 -10.125 1.774 -14.54 -10.125
4 0 1.774 -14.54 -10.125 -1.752 -14.54 -10.125 -1.623 -14.513 -10.125 1.645 -14.513 -10.125
4 0 2.118 -14.713 -10.125 -2.096 -14.713 -10.125 -1.99 -14.641 -10.125 2.012 -14.641 -10.125
4 0 2.012 -14.641 -10.125 -1.99 -14.641 -10.125 -1.875 -14.583 -10.125 1.897 -14.583 -10.125
4 0 -2.348 -14.999 -10.125 2.37 -14.999 -10.125 2.428 -15.114 -10.125 -2.406 -15.114 -10.125
4 0 -2.476 -18.633 -10.125 2.498 -18.633 -10.125 2.471 -18.762 -10.125 -2.449 -18.762 -10.125
4 0 1.645 -14.513 -10.125 -1.623 -14.513 -10.125 -1.488 -14.504 -10.125 1.511 -14.504 -10.125
4 0 -2.476 -15.366 -10.125 2.498 -15.366 -10.125 2.507 -15.501 -10.125 -2.485 -15.501 -10.125
4 0 1.774 -19.459 -10.125 -1.752 -19.459 -10.125 -1.875 -19.416 -10.125 1.897 -19.416 -10.125
4 0 1.897 -19.416 -10.125 -1.875 -19.416 -10.125 -1.99 -19.358 -10.125 2.012 -19.358 -10.125
4 0 1.645 -19.486 -10.125 -1.623 -19.486 -10.125 -1.752 -19.459 -10.125 1.774 -19.459 -10.125
4 0 1.511 -19.495 -10.125 -1.488 -19.495 -10.125 -1.623 -19.486 -10.125 1.645 -19.486 -10.125
4 0 -2.276 -14.893 -10.125 2.298 -14.893 -10.125 2.37 -14.999 -10.125 -2.348 -14.999 -10.125
4 0 2.214 -14.797 -10.125 -2.192 -14.797 -10.125 -2.096 -14.713 -10.125 2.118 -14.713 -10.125
4 0 2.012 -19.358 -10.125 -1.99 -19.358 -10.125 -2.096 -19.286 -10.125 2.118 -19.286 -10.125
4 0 2.118 -19.286 -10.125 -2.096 -19.286 -10.125 -2.192 -19.202 -10.125 2.214 -19.202 -10.125
4 0 -14.648 -19 -10.125 -9.93 -19 -10.125 -10.002 -19.106 -10.125 -14.576 -19.106 -10.125
4 0 -28.751 -19.358 -10.125 -32.752 -19.358 -10.125 -32.858 -19.286 -10.125 -28.645 -19.286 -10.125
4 0 -28.645 -19.286 -10.125 -32.858 -19.286 -10.125 -32.954 -19.202 -10.125 -28.549 -19.202 -10.125
4 0 -28.988 -19.459 -10.125 -32.514 -19.459 -10.125 -32.637 -19.416 -10.125 -28.866 -19.416 -10.125
4 0 -28.866 -19.416 -10.125 -32.637 -19.416 -10.125 -32.752 -19.358 -10.125 -28.751 -19.358 -10.125
4 0 -28.645 -14.713 -10.125 -32.858 -14.713 -10.125 -32.752 -14.641 -10.125 -28.751 -14.641 -10.125
4 0 -28.751 -14.641 -10.125 -32.752 -14.641 -10.125 -32.637 -14.583 -10.125 -28.866 -14.583 -10.125
4 0 -33.038 -14.893 -10.125 -28.464 -14.893 -10.125 -28.392 -14.999 -10.125 -33.11 -14.999 -10.125
4 0 -28.549 -14.797 -10.125 -32.954 -14.797 -10.125 -32.858 -14.713 -10.125 -28.645 -14.713 -10.125
4 0 -36.926 -7.69 -10.125 -30.714 -7.69 -10.125 -30.771 -7.963 -10.125 -36.87 -7.962 -10.125
4 0 -39.361 -18.762 -10.125 -34.441 -18.762 -10.125 -34.484 -18.885 -10.125 -39.318 -18.885 -10.125
4 0 -36.658 -8.463 -10.125 -30.986 -8.463 -10.125 -31.138 -8.687 -10.125 -36.507 -8.687 -10.125
4 0 -39.397 -18.499 -10.125 -34.405 -18.499 -10.125 -34.414 -18.633 -10.125 -39.388 -18.633 -10.125
4 0 -29.117 -19.486 -10.125 -32.385 -19.486 -10.125 -32.514 -19.459 -10.125 -28.988 -19.459 -10.125
4 0 -29.252 -19.495 -10.125 -32.251 -19.495 -10.125 -32.385 -19.486 -10.125 -29.117 -19.486 -10.125
4 0 -36.78 -8.221 -10.125 -30.863 -8.221 -10.125 -30.986 -8.463 -10.125 -36.658 -8.463 -10.125
4 0 -28.549 -19.202 -10.125 -32.954 -19.202 -10.125 -33.038 -19.106 -10.125 -28.464 -19.106 -10.125
4 0 -33.168 -18.885 -10.125 -28.334 -18.885 -10.125 -28.392 -19 -10.125 -33.11 -19 -10.125
4 0 -28.549 -14.797 -10.125 -28.464 -14.893 -10.125 -33.038 -14.893 -10.125 -32.954 -14.797 -10.125
4 0 -33.168 -15.114 -10.125 -28.334 -15.114 -10.125 -28.291 -15.237 -10.125 -33.211 -15.237 -10.125
4 0 -33.211 -15.237 -10.125 -28.291 -15.237 -10.125 -28.265 -15.366 -10.125 -33.238 -15.366 -10.125
4 0 -22.399 -19.202 -10.125 -26.804 -19.202 -10.125 -26.888 -19.106 -10.125 -22.314 -19.106 -10.125
4 0 -22.968 -19.486 -10.125 -26.235 -19.486 -10.125 -26.364 -19.459 -10.125 -22.838 -19.459 -10.125
4 0 -33.247 -18.499 -10.125 -28.255 -18.499 -10.125 -28.265 -18.633 -10.125 -33.238 -18.633 -10.125
4 0 -33.211 -18.762 -10.125 -28.291 -18.762 -10.125 -28.334 -18.885 -10.125 -33.168 -18.885 -10.125
4 0 -29.117 -14.513 -10.125 -32.385 -14.513 -10.125 -32.251 -14.504 -10.125 -29.252 -14.504 -10.125
4 0 -33.238 -15.366 -10.125 -28.265 -15.366 -10.125 -28.255 -15.501 -10.125 -33.247 -15.501 -10.125
4 0 -28.866 -14.583 -10.125 -32.637 -14.583 -10.125 -32.514 -14.54 -10.125 -28.988 -14.54 -10.125
4 0 -28.988 -14.54 -10.125 -32.514 -14.54 -10.125 -32.385 -14.513 -10.125 -29.117 -14.513 -10.125
4 0 -33.247 -15.501 -10.125 -28.255 -15.501 -10.125 -28.255 -18.499 -10.125 -33.247 -18.499 -10.125
4 0 -33.11 -19 -10.125 -28.392 -19 -10.125 -28.464 -19.106 -10.125 -33.038 -19.106 -10.125
4 0 -33.11 -14.999 -10.125 -28.392 -14.999 -10.125 -28.334 -15.114 -10.125 -33.168 -15.114 -10.125
4 0 -33.238 -18.633 -10.125 -28.265 -18.633 -10.125 -28.291 -18.762 -10.125 -33.211 -18.762 -10.125
4 0 -34.699 -14.797 -10.125 -34.614 -14.893 -10.125 -39.188 -14.893 -10.125 -39.104 -14.797 -10.125
4 0 -35.402 -19.495 -10.125 -38.401 -19.495 -10.125 -38.535 -19.486 -10.125 -35.267 -19.486 -10.125
4 0 -35.138 -19.459 -10.125 -38.664 -19.459 -10.125 -38.787 -19.416 -10.125 -35.016 -19.416 -10.125
4 0 -32.8 -9.505 -10.125 -34.846 -9.505 -10.125 -35.13 -9.485 -10.125 -32.516 -9.485 -10.125
4 0 -35.267 -19.486 -10.125 -38.535 -19.486 -10.125 -38.664 -19.459 -10.125 -35.138 -19.459 -10.125
4 0 -34.794 -19.286 -10.125 -39.008 -19.286 -10.125 -39.104 -19.202 -10.125 -34.699 -19.202 -10.125
4 0 -39.188 -14.893 -10.125 -34.614 -14.893 -10.125 -34.542 -14.999 -10.125 -39.26 -14.999 -10.125
4 0 -35.016 -19.416 -10.125 -38.787 -19.416 -10.125 -38.902 -19.358 -10.125 -34.901 -19.358 -10.125
4 0 -34.901 -19.358 -10.125 -38.902 -19.358 -10.125 -39.008 -19.286 -10.125 -34.794 -19.286 -10.125
4 0 -31.316 -8.888 -10.125 -31.519 -9.066 -10.125 -36.127 -9.066 -10.125 -36.329 -8.888 -10.125
4 0 -31.138 -8.687 -10.125 -31.316 -8.888 -10.125 -36.329 -8.888 -10.125 -36.507 -8.687 -10.125
4 0 -31.519 -9.066 -10.125 -31.742 -9.217 -10.125 -35.904 -9.217 -10.125 -36.127 -9.066 -10.125
4 0 -31.742 -9.217 -10.125 -31.985 -9.339 -10.125 -35.662 -9.339 -10.125 -35.904 -9.217 -10.125
4 0 -32.243 -9.429 -10.125 -32.516 -9.485 -10.125 -35.13 -9.485 -10.125 -35.403 -9.429 -10.125
4 0 -36.945 -0.131 -10.125 -30.692 -0.131 -10.125 -30.692 -7.406 -10.125 -36.945 -7.406 -10.125
4 0 -34.699 -19.202 -10.125 -39.104 -19.202 -10.125 -39.188 -19.106 -10.125 -34.614 -19.106 -10.125
4 0 -31.985 -9.339 -10.125 -32.243 -9.429 -10.125 -35.403 -9.429 -10.125 -35.662 -9.339 -10.125
4 0 -39.26 -19 -10.125 -34.542 -19 -10.125 -34.614 -19.106 -10.125 -39.188 -19.106 -10.125
4 0 -39.318 -15.114 -10.125 -34.484 -15.114 -10.125 -34.441 -15.237 -10.125 -39.361 -15.237 -10.125
4 0 -39.388 -18.633 -10.125 -34.414 -18.633 -10.125 -34.441 -18.762 -10.125 -39.361 -18.762 -10.125
4 0 -34.405 -18.499 -10.125 -39.397 -18.499 -10.125 -39.397 -15.501 -10.125 -34.405 -15.501 -10.125
4 0 -39.318 -18.885 -10.125 -34.484 -18.885 -10.125 -34.542 -19 -10.125 -39.26 -19 -10.125
4 0 -36.945 -7.406 -10.125 -30.692 -7.406 -10.125 -30.714 -7.69 -10.125 -36.926 -7.69 -10.125
4 0 -39.361 -15.237 -10.125 -34.441 -15.237 -10.125 -34.414 -15.366 -10.125 -39.388 -15.366 -10.125
4 0 -36.87 -7.962 -10.125 -30.771 -7.963 -10.125 -30.863 -8.221 -10.125 -36.78 -8.221 -10.125
4 0 -34.901 -14.641 -10.125 -38.902 -14.641 -10.125 -38.787 -14.583 -10.125 -35.016 -14.583 -10.125
4 0 -35.016 -14.583 -10.125 -38.787 -14.583 -10.125 -38.664 -14.54 -10.125 -35.138 -14.54 -10.125
4 0 -34.699 -14.797 -10.125 -39.104 -14.797 -10.125 -39.008 -14.713 -10.125 -34.794 -14.713 -10.125
4 0 -34.794 -14.713 -10.125 -39.008 -14.713 -10.125 -38.902 -14.641 -10.125 -34.901 -14.641 -10.125
4 0 -39.388 -15.366 -10.125 -34.414 -15.366 -10.125 -34.405 -15.501 -10.125 -39.397 -15.501 -10.125
4 0 -39.26 -14.999 -10.125 -34.542 -14.999 -10.125 -34.484 -15.114 -10.125 -39.318 -15.114 -10.125
4 0 -35.138 -14.54 -10.125 -38.664 -14.54 -10.125 -38.535 -14.513 -10.125 -35.267 -14.513 -10.125
4 0 -35.267 -14.513 -10.125 -38.535 -14.513 -10.125 -38.401 -14.504 -10.125 -35.402 -14.504 -10.125
4 0 -23.102 -19.495 -10.125 -26.101 -19.495 -10.125 -26.235 -19.486 -10.125 -22.968 -19.486 -10.125
4 0 -27.018 -8.885 -10.125 -22.184 -8.885 -10.125 -22.242 -9 -10.125 -26.96 -9 -10.125
4 0 -22.399 -4.797 -10.125 -22.314 -4.893 -10.125 -26.888 -4.893 -10.125 -26.804 -4.797 -10.125
4 0 -27.018 -5.114 -10.125 -22.184 -5.114 -10.125 -22.141 -5.237 -10.125 -27.061 -5.237 -10.125
4 0 -27.061 -5.237 -10.125 -22.141 -5.237 -10.125 -22.114 -5.366 -10.125 -27.088 -5.366 -10.125
4 0 -10.086 -19.202 -10.125 -14.491 -19.202 -10.125 -14.576 -19.106 -10.125 -10.002 -19.106 -10.125
4 0 -10.655 -19.486 -10.125 -13.923 -19.486 -10.125 -14.052 -19.459 -10.125 -10.526 -19.459 -10.125
4 0 -27.097 -8.499 -10.125 -22.105 -8.499 -10.125 -22.114 -8.633 -10.125 -27.088 -8.633 -10.125
4 0 -27.061 -8.762 -10.125 -22.141 -8.762 -10.125 -22.184 -8.885 -10.125 -27.018 -8.885 -10.125
4 0 -22.968 -4.513 -10.125 -26.235 -4.513 -10.125 -26.101 -4.504 -10.125 -23.102 -4.504 -10.125
4 0 -27.088 -5.366 -10.125 -22.114 -5.366 -10.125 -22.105 -5.501 -10.125 -27.097 -5.501 -10.125
4 0 -22.716 -4.583 -10.125 -26.487 -4.583 -10.125 -26.364 -4.54 -10.125 -22.838 -4.54 -10.125
4 0 -22.838 -4.54 -10.125 -26.364 -4.54 -10.125 -26.235 -4.513 -10.125 -22.968 -4.513 -10.125
4 0 -27.097 -5.501 -10.125 -22.105 -5.501 -10.125 -22.105 -8.499 -10.125 -27.097 -8.499 -10.125
4 0 -26.96 -9 -10.125 -22.242 -9 -10.125 -22.314 -9.106 -10.125 -26.888 -9.106 -10.125
4 0 -26.96 -4.999 -10.125 -22.242 -4.999 -10.125 -22.184 -5.114 -10.125 -27.018 -5.114 -10.125
4 0 -27.088 -8.633 -10.125 -22.114 -8.633 -10.125 -22.141 -8.762 -10.125 -27.061 -8.762 -10.125
4 0 -10.526 -14.54 -10.125 -14.052 -14.54 -10.125 -13.923 -14.513 -10.125 -10.655 -14.513 -10.125
4 0 -10.655 -14.513 -10.125 -13.923 -14.513 -10.125 -13.788 -14.504 -10.125 -10.79 -14.504 -10.125
4 0 -10.288 -14.641 -10.125 -14.29 -14.641 -10.125 -14.175 -14.583 -10.125 -10.403 -14.583 -10.125
4 0 -10.403 -14.583 -10.125 -14.175 -14.583 -10.125 -14.052 -14.54 -10.125 -10.526 -14.54 -10.125
4 0 -14.776 -18.633 -10.125 -9.802 -18.633 -10.125 -9.829 -18.762 -10.125 -14.749 -18.762 -10.125
4 0 -14.785 -15.501 -10.125 -9.793 -15.501 -10.125 -9.793 -18.499 -10.125 -14.785 -18.499 -10.125
4 0 -14.776 -15.366 -10.125 -9.802 -15.366 -10.125 -9.793 -15.501 -10.125 -14.785 -15.501 -10.125
4 0 -14.648 -14.999 -10.125 -9.93 -14.999 -10.125 -9.872 -15.114 -10.125 -14.706 -15.114 -10.125
4 0 -10.403 -19.416 -10.125 -14.175 -19.416 -10.125 -14.29 -19.358 -10.125 -10.288 -19.358 -10.125
4 0 -10.288 -19.358 -10.125 -14.29 -19.358 -10.125 -14.396 -19.286 -10.125 -10.182 -19.286 -10.125
4 0 -10.79 -19.495 -10.125 -13.788 -19.495 -10.125 -13.923 -19.486 -10.125 -10.655 -19.486 -10.125
4 0 -10.526 -19.459 -10.125 -14.052 -19.459 -10.125 -14.175 -19.416 -10.125 -10.403 -19.416 -10.125
4 0 -10.086 -14.797 -10.125 -14.491 -14.797 -10.125 -14.396 -14.713 -10.125 -10.182 -14.713 -10.125
4 0 -10.182 -14.713 -10.125 -14.396 -14.713 -10.125 -14.29 -14.641 -10.125 -10.288 -14.641 -10.125
4 0 -10.182 -19.286 -10.125 -14.396 -19.286 -10.125 -14.491 -19.202 -10.125 -10.086 -19.202 -10.125
4 0 -14.576 -14.893 -10.125 -10.002 -14.893 -10.125 -9.93 -14.999 -10.125 -14.648 -14.999 -10.125
4 0 -22.601 -4.641 -10.125 -26.602 -4.641 -10.125 -26.487 -4.583 -10.125 -22.716 -4.583 -10.125
4 0 -22.968 -14.513 -10.125 -26.235 -14.513 -10.125 -26.101 -14.504 -10.125 -23.102 -14.504 -10.125
4 0 -27.088 -15.366 -10.125 -22.114 -15.366 -10.125 -22.105 -15.501 -10.125 -27.097 -15.501 -10.125
4 0 -22.716 -14.583 -10.125 -26.487 -14.583 -10.125 -26.364 -14.54 -10.125 -22.838 -14.54 -10.125
4 0 -22.838 -14.54 -10.125 -26.364 -14.54 -10.125 -26.235 -14.513 -10.125 -22.968 -14.513 -10.125
4 0 -27.097 -15.501 -10.125 -22.105 -15.501 -10.125 -22.105 -18.499 -10.125 -27.097 -18.499 -10.125
4 0 -26.96 -19 -10.125 -22.242 -19 -10.125 -22.314 -19.106 -10.125 -26.888 -19.106 -10.125
4 0 -26.96 -14.999 -10.125 -22.242 -14.999 -10.125 -22.184 -15.114 -10.125 -27.018 -15.114 -10.125
4 0 -27.088 -18.633 -10.125 -22.114 -18.633 -10.125 -22.141 -18.762 -10.125 -27.061 -18.762 -10.125
4 0 -22.601 -19.358 -10.125 -26.602 -19.358 -10.125 -26.708 -19.286 -10.125 -22.494 -19.286 -10.125
4 0 -22.494 -19.286 -10.125 -26.708 -19.286 -10.125 -26.804 -19.202 -10.125 -22.399 -19.202 -10.125
4 0 -22.838 -19.459 -10.125 -26.364 -19.459 -10.125 -26.487 -19.416 -10.125 -22.716 -19.416 -10.125
4 0 -22.716 -19.416 -10.125 -26.487 -19.416 -10.125 -26.602 -19.358 -10.125 -22.601 -19.358 -10.125
4 0 -22.494 -14.713 -10.125 -26.708 -14.713 -10.125 -26.602 -14.641 -10.125 -22.601 -14.641 -10.125
4 0 -22.601 -14.641 -10.125 -26.602 -14.641 -10.125 -26.487 -14.583 -10.125 -22.716 -14.583 -10.125
4 0 -26.888 -14.893 -10.125 -22.314 -14.893 -10.125 -22.242 -14.999 -10.125 -26.96 -14.999 -10.125
4 0 -22.399 -14.797 -10.125 -26.804 -14.797 -10.125 -26.708 -14.713 -10.125 -22.494 -14.713 -10.125
4 0 -22.716 -9.416 -10.125 -26.487 -9.416 -10.125 -26.602 -9.358 -10.125 -22.601 -9.358 -10.125
4 0 -22.601 -9.358 -10.125 -26.602 -9.358 -10.125 -26.708 -9.286 -10.125 -22.494 -9.286 -10.125
4 0 -23.102 -9.495 -10.125 -26.101 -9.495 -10.125 -26.235 -9.486 -10.125 -22.968 -9.486 -10.125
4 0 -22.838 -9.459 -10.125 -26.364 -9.459 -10.125 -26.487 -9.416 -10.125 -22.716 -9.416 -10.125
4 0 -22.399 -4.797 -10.125 -26.804 -4.797 -10.125 -26.708 -4.713 -10.125 -22.494 -4.713 -10.125
4 0 -22.494 -4.713 -10.125 -26.708 -4.713 -10.125 -26.602 -4.641 -10.125 -22.601 -4.641 -10.125
4 0 -22.494 -9.286 -10.125 -26.708 -9.286 -10.125 -26.804 -9.202 -10.125 -22.399 -9.202 -10.125
4 0 -26.888 -4.893 -10.125 -22.314 -4.893 -10.125 -22.242 -4.999 -10.125 -26.96 -4.999 -10.125
4 0 -27.018 -18.885 -10.125 -22.184 -18.885 -10.125 -22.242 -19 -10.125 -26.96 -19 -10.125
4 0 -22.399 -14.797 -10.125 -22.314 -14.893 -10.125 -26.888 -14.893 -10.125 -26.804 -14.797 -10.125
4 0 -27.018 -15.114 -10.125 -22.184 -15.114 -10.125 -22.141 -15.237 -10.125 -27.061 -15.237 -10.125
4 0 -27.061 -15.237 -10.125 -22.141 -15.237 -10.125 -22.114 -15.366 -10.125 -27.088 -15.366 -10.125
4 0 -22.399 -9.202 -10.125 -26.804 -9.202 -10.125 -26.888 -9.106 -10.125 -22.314 -9.106 -10.125
4 0 -22.968 -9.486 -10.125 -26.235 -9.486 -10.125 -26.364 -9.459 -10.125 -22.838 -9.459 -10.125
4 0 -27.097 -18.499 -10.125 -22.105 -18.499 -10.125 -22.114 -18.633 -10.125 -27.088 -18.633 -10.125
4 0 -27.061 -18.762 -10.125 -22.141 -18.762 -10.125 -22.184 -18.885 -10.125 -27.018 -18.885 -10.125
4 0 28.251 -18.633 -10.125 33.225 -18.633 -10.125 33.198 -18.762 -10.125 28.278 -18.762 -10.125
4 0 28.379 -14.999 -10.125 33.097 -14.999 -10.125 33.155 -15.114 -10.125 28.321 -15.114 -10.125
4 0 28.251 -15.366 -10.125 33.225 -15.366 -10.125 33.234 -15.501 -10.125 28.242 -15.501 -10.125
4 0 28.242 -15.501 -10.125 33.234 -15.501 -10.125 33.234 -18.499 -10.125 28.242 -18.499 -10.125
4 0 28.278 -15.237 -10.125 33.198 -15.237 -10.125 33.225 -15.366 -10.125 28.251 -15.366 -10.125
4 0 28.321 -15.114 -10.125 33.155 -15.114 -10.125 33.198 -15.237 -10.125 28.278 -15.237 -10.125
4 0 28.379 -19 -10.125 33.097 -19 -10.125 33.025 -19.106 -10.125 28.451 -19.106 -10.125
4 0 32.372 -14.513 -10.125 29.104 -14.513 -10.125 29.239 -14.504 -10.125 32.237 -14.504 -10.125
4 0 32.941 -14.797 -10.125 28.535 -14.797 -10.125 28.631 -14.713 -10.125 32.845 -14.713 -10.125
4 0 28.451 -14.893 -10.125 33.025 -14.893 -10.125 33.097 -14.999 -10.125 28.379 -14.999 -10.125
4 0 32.845 -19.286 -10.125 28.631 -19.286 -10.125 28.535 -19.202 -10.125 32.941 -19.202 -10.125
4 0 32.845 -14.713 -10.125 28.631 -14.713 -10.125 28.737 -14.641 -10.125 32.739 -14.641 -10.125
4 0 32.501 -14.54 -10.125 28.975 -14.54 -10.125 29.104 -14.513 -10.125 32.372 -14.513 -10.125
4 0 32.624 -14.583 -10.125 28.852 -14.583 -10.125 28.975 -14.54 -10.125 32.501 -14.54 -10.125
4 0 32.739 -14.641 -10.125 28.737 -14.641 -10.125 28.852 -14.583 -10.125 32.624 -14.583 -10.125
4 0 28.321 -18.885 -10.125 33.155 -18.885 -10.125 33.097 -19 -10.125 28.379 -19 -10.125
4 0 28.451 -4.893 -10.125 33.025 -4.893 -10.125 33.097 -4.999 -10.125 28.379 -4.999 -10.125
4 0 32.845 -9.286 -10.125 28.631 -9.286 -10.125 28.535 -9.202 -10.125 32.941 -9.202 -10.125
4 0 32.739 -9.358 -10.125 28.737 -9.358 -10.125 28.631 -9.286 -10.125 32.845 -9.286 -10.125
4 0 32.941 -4.797 -10.125 28.535 -4.797 -10.125 28.631 -4.713 -10.125 32.845 -4.713 -10.125
4 0 32.624 -4.583 -10.125 28.852 -4.583 -10.125 28.975 -4.54 -10.125 32.501 -4.54 -10.125
4 0 32.739 -4.641 -10.125 28.737 -4.641 -10.125 28.852 -4.583 -10.125 32.624 -4.583 -10.125
4 0 32.845 -4.713 -10.125 28.631 -4.713 -10.125 28.737 -4.641 -10.125 32.739 -4.641 -10.125
4 0 32.624 -9.416 -10.125 28.852 -9.416 -10.125 28.737 -9.358 -10.125 32.739 -9.358 -10.125
4 0 28.278 -18.762 -10.125 33.198 -18.762 -10.125 33.155 -18.885 -10.125 28.321 -18.885 -10.125
4 0 28.242 -18.499 -10.125 33.234 -18.499 -10.125 33.225 -18.633 -10.125 28.251 -18.633 -10.125
4 0 32.941 -14.797 -10.125 33.025 -14.893 -10.125 28.451 -14.893 -10.125 28.535 -14.797 -10.125
4 0 32.941 -9.202 -10.125 28.535 -9.202 -10.125 28.451 -9.106 -10.125 33.025 -9.106 -10.125
4 0 32.501 -9.459 -10.125 28.975 -9.459 -10.125 28.852 -9.416 -10.125 32.624 -9.416 -10.125
4 0 32.237 -9.495 -10.125 29.239 -9.495 -10.125 29.104 -9.486 -10.125 32.372 -9.486 -10.125
4 0 32.372 -9.486 -10.125 29.104 -9.486 -10.125 28.975 -9.459 -10.125 32.501 -9.459 -10.125
4 0 32.739 -19.358 -10.125 28.737 -19.358 -10.125 28.631 -19.286 -10.125 32.845 -19.286 -10.125
4 0 26.707 -4.713 -10.125 22.494 -4.713 -10.125 22.6 -4.641 -10.125 26.601 -4.641 -10.125
4 0 26.803 -4.797 -10.125 22.398 -4.797 -10.125 22.494 -4.713 -10.125 26.707 -4.713 -10.125
4 0 22.313 -4.893 -10.125 26.888 -4.893 -10.125 26.96 -4.999 -10.125 22.242 -4.999 -10.125
4 0 26.601 -4.641 -10.125 22.6 -4.641 -10.125 22.715 -4.583 -10.125 26.486 -4.583 -10.125
4 0 26.234 -4.513 -10.125 22.967 -4.513 -10.125 23.101 -4.504 -10.125 26.1 -4.504 -10.125
4 0 26.364 -4.54 -10.125 22.838 -4.54 -10.125 22.967 -4.513 -10.125 26.234 -4.513 -10.125
4 0 26.486 -4.583 -10.125 22.715 -4.583 -10.125 22.838 -4.54 -10.125 26.364 -4.54 -10.125
4 0 26.707 -9.286 -10.125 22.494 -9.286 -10.125 22.398 -9.202 -10.125 26.803 -9.202 -10.125
4 0 26.234 -9.486 -10.125 22.967 -9.486 -10.125 22.838 -9.459 -10.125 26.364 -9.459 -10.125
4 0 26.803 -9.202 -10.125 22.398 -9.202 -10.125 22.313 -9.106 -10.125 26.888 -9.106 -10.125
4 0 22.14 -18.762 -10.125 27.061 -18.762 -10.125 27.018 -18.885 -10.125 22.183 -18.885 -10.125
4 0 26.1 -9.495 -10.125 23.101 -9.495 -10.125 22.967 -9.486 -10.125 26.234 -9.486 -10.125
4 0 26.601 -9.358 -10.125 22.6 -9.358 -10.125 22.494 -9.286 -10.125 26.707 -9.286 -10.125
4 0 26.486 -9.416 -10.125 22.715 -9.416 -10.125 22.6 -9.358 -10.125 26.601 -9.358 -10.125
4 0 26.364 -9.459 -10.125 22.838 -9.459 -10.125 22.715 -9.416 -10.125 26.486 -9.416 -10.125
4 0 22.114 -5.366 -10.125 27.087 -5.366 -10.125 27.097 -5.501 -10.125 22.105 -5.501 -10.125
4 0 32.941 -19.202 -10.125 28.535 -19.202 -10.125 28.451 -19.106 -10.125 33.025 -19.106 -10.125
4 0 22.14 -8.762 -10.125 27.061 -8.762 -10.125 27.018 -8.885 -10.125 22.183 -8.885 -10.125
4 0 22.105 -8.499 -10.125 27.097 -8.499 -10.125 27.087 -8.633 -10.125 22.114 -8.633 -10.125
4 0 32.372 -19.486 -10.125 29.104 -19.486 -10.125 28.975 -19.459 -10.125 32.501 -19.459 -10.125
4 0 32.624 -19.416 -10.125 28.852 -19.416 -10.125 28.737 -19.358 -10.125 32.739 -19.358 -10.125
4 0 32.501 -19.459 -10.125 28.975 -19.459 -10.125 28.852 -19.416 -10.125 32.624 -19.416 -10.125
4 0 32.237 -19.495 -10.125 29.239 -19.495 -10.125 29.104 -19.486 -10.125 32.372 -19.486 -10.125
4 0 26.803 -4.797 -10.125 26.888 -4.893 -10.125 22.313 -4.893 -10.125 22.398 -4.797 -10.125
4 0 22.105 -5.501 -10.125 27.097 -5.501 -10.125 27.097 -8.499 -10.125 22.105 -8.499 -10.125
4 0 22.114 -8.633 -10.125 27.087 -8.633 -10.125 27.061 -8.762 -10.125 22.14 -8.762 -10.125
4 0 22.242 -4.999 -10.125 26.96 -4.999 -10.125 27.018 -5.114 -10.125 22.183 -5.114 -10.125
4 0 22.242 -9 -10.125 26.96 -9 -10.125 26.888 -9.106 -10.125 22.313 -9.106 -10.125
4 0 22.183 -8.885 -10.125 27.018 -8.885 -10.125 26.96 -9 -10.125 22.242 -9 -10.125
4 0 22.14 -5.237 -10.125 27.061 -5.237 -10.125 27.087 -5.366 -10.125 22.114 -5.366 -10.125
4 0 22.183 -5.114 -10.125 27.018 -5.114 -10.125 27.061 -5.237 -10.125 22.14 -5.237 -10.125
4 0 38.786 -9.416 -10.125 35.015 -9.416 -10.125 34.9 -9.358 -10.125 38.901 -9.358 -10.125
4 0 38.664 -9.459 -10.125 35.138 -9.459 -10.125 35.015 -9.416 -10.125 38.786 -9.416 -10.125
4 0 38.4 -9.495 -10.125 35.401 -9.495 -10.125 35.267 -9.486 -10.125 38.534 -9.486 -10.125
4 0 38.901 -9.358 -10.125 34.9 -9.358 -10.125 34.794 -9.286 -10.125 39.007 -9.286 -10.125
4 0 39.103 -4.797 -10.125 34.698 -4.797 -10.125 34.794 -4.713 -10.125 39.007 -4.713 -10.125
4 0 34.613 -4.893 -10.125 39.188 -4.893 -10.125 39.26 -4.999 -10.125 34.542 -4.999 -10.125
4 0 39.007 -9.286 -10.125 34.794 -9.286 -10.125 34.698 -9.202 -10.125 39.103 -9.202 -10.125
4 0 38.534 -9.486 -10.125 35.267 -9.486 -10.125 35.138 -9.459 -10.125 38.664 -9.459 -10.125
4 0 34.483 -18.885 -10.125 39.318 -18.885 -10.125 39.26 -19 -10.125 34.542 -19 -10.125
4 0 34.44 -15.237 -10.125 39.361 -15.237 -10.125 39.387 -15.366 -10.125 34.414 -15.366 -10.125
4 0 34.483 -15.114 -10.125 39.318 -15.114 -10.125 39.361 -15.237 -10.125 34.44 -15.237 -10.125
4 0 39.103 -14.797 -10.125 39.188 -14.893 -10.125 34.613 -14.893 -10.125 34.698 -14.797 -10.125
4 0 39.103 -9.202 -10.125 34.698 -9.202 -10.125 34.613 -9.106 -10.125 39.188 -9.106 -10.125
4 0 34.44 -18.762 -10.125 39.361 -18.762 -10.125 39.318 -18.885 -10.125 34.483 -18.885 -10.125
4 0 34.405 -18.499 -10.125 39.397 -18.499 -10.125 39.387 -18.633 -10.125 34.414 -18.633 -10.125
4 0 39.007 -4.713 -10.125 34.794 -4.713 -10.125 34.9 -4.641 -10.125 38.901 -4.641 -10.125
4 0 34.44 -5.237 -10.125 39.361 -5.237 -10.125 39.387 -5.366 -10.125 34.414 -5.366 -10.125
4 0 34.483 -5.114 -10.125 39.318 -5.114 -10.125 39.361 -5.237 -10.125 34.44 -5.237 -10.125
4 0 34.542 -9 -10.125 39.26 -9 -10.125 39.188 -9.106 -10.125 34.613 -9.106 -10.125
4 0 34.483 -8.885 -10.125 39.318 -8.885 -10.125 39.26 -9 -10.125 34.542 -9 -10.125
4 0 34.44 -8.762 -10.125 39.361 -8.762 -10.125 39.318 -8.885 -10.125 34.483 -8.885 -10.125
4 0 34.405 -8.499 -10.125 39.397 -8.499 -10.125 39.387 -8.633 -10.125 34.414 -8.633 -10.125
4 0 39.103 -4.797 -10.125 39.188 -4.893 -10.125 34.613 -4.893 -10.125 34.698 -4.797 -10.125
4 0 34.405 -5.501 -10.125 39.397 -5.501 -10.125 39.397 -8.499 -10.125 34.405 -8.499 -10.125
4 0 38.664 -4.54 -10.125 35.138 -4.54 -10.125 35.267 -4.513 -10.125 38.534 -4.513 -10.125
4 0 38.786 -4.583 -10.125 35.015 -4.583 -10.125 35.138 -4.54 -10.125 38.664 -4.54 -10.125
4 0 38.901 -4.641 -10.125 34.9 -4.641 -10.125 35.015 -4.583 -10.125 38.786 -4.583 -10.125
4 0 38.534 -4.513 -10.125 35.267 -4.513 -10.125 35.401 -4.504 -10.125 38.4 -4.504 -10.125
4 0 34.414 -8.633 -10.125 39.387 -8.633 -10.125 39.361 -8.762 -10.125 34.44 -8.762 -10.125
4 0 34.542 -4.999 -10.125 39.26 -4.999 -10.125 39.318 -5.114 -10.125 34.483 -5.114 -10.125
4 0 34.414 -5.366 -10.125 39.387 -5.366 -10.125 39.397 -5.501 -10.125 34.405 -5.501 -10.125
4 0 34.542 -19 -10.125 39.26 -19 -10.125 39.188 -19.106 -10.125 34.613 -19.106 -10.125
4 0 32.941 -4.797 -10.125 33.025 -4.893 -10.125 28.451 -4.893 -10.125 28.535 -4.797 -10.125
4 0 28.321 -8.885 -10.125 33.155 -8.885 -10.125 33.097 -9 -10.125 28.379 -9 -10.125
4 0 28.278 -5.237 -10.125 33.198 -5.237 -10.125 33.225 -5.366 -10.125 28.251 -5.366 -10.125
4 0 28.242 -8.499 -10.125 33.234 -8.499 -10.125 33.225 -8.633 -10.125 28.251 -8.633 -10.125
4 0 38.534 -19.486 -10.125 35.267 -19.486 -10.125 35.138 -19.459 -10.125 38.664 -19.459 -10.125
4 0 39.103 -19.202 -10.125 34.698 -19.202 -10.125 34.613 -19.106 -10.125 39.188 -19.106 -10.125
4 0 28.278 -8.762 -10.125 33.198 -8.762 -10.125 33.155 -8.885 -10.125 28.321 -8.885 -10.125
4 0 28.321 -5.114 -10.125 33.155 -5.114 -10.125 33.198 -5.237 -10.125 28.278 -5.237 -10.125
4 0 28.251 -5.366 -10.125 33.225 -5.366 -10.125 33.234 -5.501 -10.125 28.242 -5.501 -10.125
4 0 32.372 -4.513 -10.125 29.104 -4.513 -10.125 29.239 -4.504 -10.125 32.237 -4.504 -10.125
4 0 32.501 -4.54 -10.125 28.975 -4.54 -10.125 29.104 -4.513 -10.125 32.372 -4.513 -10.125
4 0 28.379 -4.999 -10.125 33.097 -4.999 -10.125 33.155 -5.114 -10.125 28.321 -5.114 -10.125
4 0 28.379 -9 -10.125 33.097 -9 -10.125 33.025 -9.106 -10.125 28.451 -9.106 -10.125
4 0 28.242 -5.501 -10.125 33.234 -5.501 -10.125 33.234 -8.499 -10.125 28.242 -8.499 -10.125
4 0 28.251 -8.633 -10.125 33.225 -8.633 -10.125 33.198 -8.762 -10.125 28.278 -8.762 -10.125
4 0 38.4 -19.495 -10.125 35.401 -19.495 -10.125 35.267 -19.486 -10.125 38.534 -19.486 -10.125
4 0 38.534 -14.513 -10.125 35.267 -14.513 -10.125 35.401 -14.504 -10.125 38.4 -14.504 -10.125
4 0 38.664 -14.54 -10.125 35.138 -14.54 -10.125 35.267 -14.513 -10.125 38.534 -14.513 -10.125
4 0 38.786 -14.583 -10.125 35.015 -14.583 -10.125 35.138 -14.54 -10.125 38.664 -14.54 -10.125
4 0 34.414 -15.366 -10.125 39.387 -15.366 -10.125 39.397 -15.501 -10.125 34.405 -15.501 -10.125
4 0 34.405 -15.501 -10.125 39.397 -15.501 -10.125 39.397 -18.499 -10.125 34.405 -18.499 -10.125
4 0 34.414 -18.633 -10.125 39.387 -18.633 -10.125 39.361 -18.762 -10.125 34.44 -18.762 -10.125
4 0 34.542 -14.999 -10.125 39.26 -14.999 -10.125 39.318 -15.114 -10.125 34.483 -15.114 -10.125
4 0 38.901 -14.641 -10.125 34.9 -14.641 -10.125 35.015 -14.583 -10.125 38.786 -14.583 -10.125
4 0 38.901 -19.358 -10.125 34.9 -19.358 -10.125 34.794 -19.286 -10.125 39.007 -19.286 -10.125
4 0 38.786 -19.416 -10.125 35.015 -19.416 -10.125 34.9 -19.358 -10.125 38.901 -19.358 -10.125
4 0 38.664 -19.459 -10.125 35.138 -19.459 -10.125 35.015 -19.416 -10.125 38.786 -19.416 -10.125
4 0 39.007 -19.286 -10.125 34.794 -19.286 -10.125 34.698 -19.202 -10.125 39.103 -19.202 -10.125
4 0 39.007 -14.713 -10.125 34.794 -14.713 -10.125 34.9 -14.641 -10.125 38.901 -14.641 -10.125
4 0 39.103 -14.797 -10.125 34.698 -14.797 -10.125 34.794 -14.713 -10.125 39.007 -14.713 -10.125
4 0 34.613 -14.893 -10.125 39.188 -14.893 -10.125 39.26 -14.999 -10.125 34.542 -14.999 -10.125
4 0 22.105 -18.499 -10.125 27.097 -18.499 -10.125 27.087 -18.633 -10.125 22.114 -18.633 -10.125
4 0 3.653 -5.501 -10.125 8.645 -5.501 -10.125 8.645 -8.499 -10.125 3.653 -8.499 -10.125
4 0 3.79 -9 -10.125 8.508 -9 -10.125 8.436 -9.106 -10.125 3.861 -9.106 -10.125
4 0 3.79 -4.999 -10.125 8.508 -4.999 -10.125 8.566 -5.114 -10.125 3.732 -5.114 -10.125
4 0 3.662 -8.633 -10.125 8.635 -8.633 -10.125 8.609 -8.762 -10.125 3.689 -8.762 -10.125
4 0 3.732 -8.885 -10.125 8.566 -8.885 -10.125 8.508 -9 -10.125 3.79 -9 -10.125
4 0 8.351 -4.797 -10.125 8.436 -4.893 -10.125 3.861 -4.893 -10.125 3.946 -4.797 -10.125
4 0 3.732 -5.114 -10.125 8.566 -5.114 -10.125 8.609 -5.237 -10.125 3.689 -5.237 -10.125
4 0 3.689 -5.237 -10.125 8.609 -5.237 -10.125 8.635 -5.366 -10.125 3.662 -5.366 -10.125
4 0 8.255 -4.713 -10.125 4.042 -4.713 -10.125 4.148 -4.641 -10.125 8.149 -4.641 -10.125
4 0 8.149 -4.641 -10.125 4.148 -4.641 -10.125 4.263 -4.583 -10.125 8.034 -4.583 -10.125
4 0 3.861 -4.893 -10.125 8.436 -4.893 -10.125 8.508 -4.999 -10.125 3.79 -4.999 -10.125
4 0 8.351 -4.797 -10.125 3.946 -4.797 -10.125 4.042 -4.713 -10.125 8.255 -4.713 -10.125
4 0 7.782 -4.513 -10.125 4.515 -4.513 -10.125 4.649 -4.504 -10.125 7.648 -4.504 -10.125
4 0 3.662 -5.366 -10.125 8.635 -5.366 -10.125 8.645 -5.501 -10.125 3.653 -5.501 -10.125
4 0 8.034 -4.583 -10.125 4.263 -4.583 -10.125 4.386 -4.54 -10.125 7.912 -4.54 -10.125
4 0 7.912 -4.54 -10.125 4.386 -4.54 -10.125 4.515 -4.513 -10.125 7.782 -4.513 -10.125
4 0 14.512 -14.797 -10.125 10.107 -14.797 -10.125 10.203 -14.713 -10.125 14.417 -14.713 -10.125
4 0 14.417 -14.713 -10.125 10.203 -14.713 -10.125 10.309 -14.641 -10.125 14.31 -14.641 -10.125
4 0 14.417 -19.286 -10.125 10.203 -19.286 -10.125 10.107 -19.202 -10.125 14.512 -19.202 -10.125
4 0 10.023 -14.893 -10.125 14.597 -14.893 -10.125 14.669 -14.999 -10.125 9.951 -14.999 -10.125
4 0 14.073 -14.54 -10.125 10.547 -14.54 -10.125 10.676 -14.513 -10.125 13.944 -14.513 -10.125
4 0 13.944 -14.513 -10.125 10.676 -14.513 -10.125 10.81 -14.504 -10.125 13.809 -14.504 -10.125
4 0 14.31 -14.641 -10.125 10.309 -14.641 -10.125 10.424 -14.583 -10.125 14.195 -14.583 -10.125
4 0 14.195 -14.583 -10.125 10.424 -14.583 -10.125 10.547 -14.54 -10.125 14.073 -14.54 -10.125
4 0 14.512 -19.202 -10.125 10.107 -19.202 -10.125 10.023 -19.106 -10.125 14.597 -19.106 -10.125
4 0 13.944 -19.486 -10.125 10.676 -19.486 -10.125 10.547 -19.459 -10.125 14.073 -19.459 -10.125
4 0 3.653 -8.499 -10.125 8.645 -8.499 -10.125 8.635 -8.633 -10.125 3.662 -8.633 -10.125
4 0 3.689 -8.762 -10.125 8.609 -8.762 -10.125 8.566 -8.885 -10.125 3.732 -8.885 -10.125
4 0 14.195 -19.416 -10.125 10.424 -19.416 -10.125 10.309 -19.358 -10.125 14.31 -19.358 -10.125
4 0 14.31 -19.358 -10.125 10.309 -19.358 -10.125 10.203 -19.286 -10.125 14.417 -19.286 -10.125
4 0 13.809 -19.495 -10.125 10.81 -19.495 -10.125 10.676 -19.486 -10.125 13.944 -19.486 -10.125
4 0 14.073 -19.459 -10.125 10.547 -19.459 -10.125 10.424 -19.416 -10.125 14.195 -19.416 -10.125
4 0 8.149 -14.641 -10.125 4.148 -14.641 -10.125 4.263 -14.583 -10.125 8.034 -14.583 -10.125
4 0 8.034 -14.583 -10.125 4.263 -14.583 -10.125 4.386 -14.54 -10.125 7.912 -14.54 -10.125
4 0 8.351 -14.797 -10.125 3.946 -14.797 -10.125 4.042 -14.713 -10.125 8.255 -14.713 -10.125
4 0 8.255 -14.713 -10.125 4.042 -14.713 -10.125 4.148 -14.641 -10.125 8.149 -14.641 -10.125
4 0 3.662 -15.366 -10.125 8.635 -15.366 -10.125 8.645 -15.501 -10.125 3.653 -15.501 -10.125
4 0 3.79 -14.999 -10.125 8.508 -14.999 -10.125 8.566 -15.114 -10.125 3.732 -15.114 -10.125
4 0 7.912 -14.54 -10.125 4.386 -14.54 -10.125 4.515 -14.513 -10.125 7.782 -14.513 -10.125
4 0 7.782 -14.513 -10.125 4.515 -14.513 -10.125 4.649 -14.504 -10.125 7.648 -14.504 -10.125
4 0 7.648 -19.495 -10.125 4.649 -19.495 -10.125 4.515 -19.486 -10.125 7.782 -19.486 -10.125
4 0 7.912 -19.459 -10.125 4.386 -19.459 -10.125 4.263 -19.416 -10.125 8.034 -19.416 -10.125
4 0 8.351 -19.202 -10.125 3.946 -19.202 -10.125 3.861 -19.106 -10.125 8.436 -19.106 -10.125
4 0 7.782 -19.486 -10.125 4.515 -19.486 -10.125 4.386 -19.459 -10.125 7.912 -19.459 -10.125
4 0 8.255 -19.286 -10.125 4.042 -19.286 -10.125 3.946 -19.202 -10.125 8.351 -19.202 -10.125
4 0 3.861 -14.893 -10.125 8.436 -14.893 -10.125 8.508 -14.999 -10.125 3.79 -14.999 -10.125
4 0 8.034 -19.416 -10.125 4.263 -19.416 -10.125 4.148 -19.358 -10.125 8.149 -19.358 -10.125
4 0 8.149 -19.358 -10.125 4.148 -19.358 -10.125 4.042 -19.286 -10.125 8.255 -19.286 -10.125
4 0 7.782 -9.486 -10.125 4.515 -9.486 -10.125 4.386 -9.459 -10.125 7.912 -9.459 -10.125
4 0 7.648 -9.495 -10.125 4.649 -9.495 -10.125 4.515 -9.486 -10.125 7.782 -9.486 -10.125
4 0 3.689 -18.762 -10.125 8.609 -18.762 -10.125 8.566 -18.885 -10.125 3.732 -18.885 -10.125
4 0 8.351 -9.202 -10.125 3.946 -9.202 -10.125 3.861 -9.106 -10.125 8.436 -9.106 -10.125
4 0 8.149 -9.358 -10.125 4.148 -9.358 -10.125 4.042 -9.286 -10.125 8.255 -9.286 -10.125
4 0 8.255 -9.286 -10.125 4.042 -9.286 -10.125 3.946 -9.202 -10.125 8.351 -9.202 -10.125
4 0 7.912 -9.459 -10.125 4.386 -9.459 -10.125 4.263 -9.416 -10.125 8.034 -9.416 -10.125
4 0 8.034 -9.416 -10.125 4.263 -9.416 -10.125 4.148 -9.358 -10.125 8.149 -9.358 -10.125
4 0 3.79 -19 -10.125 8.508 -19 -10.125 8.436 -19.106 -10.125 3.861 -19.106 -10.125
4 0 3.732 -15.114 -10.125 8.566 -15.114 -10.125 8.609 -15.237 -10.125 3.689 -15.237 -10.125
4 0 3.662 -18.633 -10.125 8.635 -18.633 -10.125 8.609 -18.762 -10.125 3.689 -18.762 -10.125
4 0 3.653 -15.501 -10.125 8.645 -15.501 -10.125 8.645 -18.499 -10.125 3.653 -18.499 -10.125
4 0 8.351 -14.797 -10.125 8.436 -14.893 -10.125 3.861 -14.893 -10.125 3.946 -14.797 -10.125
4 0 3.653 -18.499 -10.125 8.645 -18.499 -10.125 8.635 -18.633 -10.125 3.662 -18.633 -10.125
4 0 3.689 -15.237 -10.125 8.609 -15.237 -10.125 8.635 -15.366 -10.125 3.662 -15.366 -10.125
4 0 3.732 -18.885 -10.125 8.566 -18.885 -10.125 8.508 -19 -10.125 3.79 -19 -10.125
4 0 9.823 -15.366 -10.125 14.797 -15.366 -10.125 14.806 -15.501 -10.125 9.814 -15.501 -10.125
4 0 26.364 -19.459 -10.125 22.838 -19.459 -10.125 22.715 -19.416 -10.125 26.486 -19.416 -10.125
4 0 26.1 -19.495 -10.125 23.101 -19.495 -10.125 22.967 -19.486 -10.125 26.234 -19.486 -10.125
4 0 26.234 -19.486 -10.125 22.967 -19.486 -10.125 22.838 -19.459 -10.125 26.364 -19.459 -10.125
4 0 26.486 -19.416 -10.125 22.715 -19.416 -10.125 22.6 -19.358 -10.125 26.601 -19.358 -10.125
4 0 22.313 -14.893 -10.125 26.888 -14.893 -10.125 26.96 -14.999 -10.125 22.242 -14.999 -10.125
4 0 26.707 -19.286 -10.125 22.494 -19.286 -10.125 22.398 -19.202 -10.125 26.803 -19.202 -10.125
4 0 26.601 -19.358 -10.125 22.6 -19.358 -10.125 22.494 -19.286 -10.125 26.707 -19.286 -10.125
4 0 26.803 -19.202 -10.125 22.398 -19.202 -10.125 22.313 -19.106 -10.125 26.888 -19.106 -10.125
4 0 9.85 -5.237 -10.125 14.77 -5.237 -10.125 14.797 -5.366 -10.125 9.823 -5.366 -10.125
4 0 9.893 -5.114 -10.125 14.727 -5.114 -10.125 14.77 -5.237 -10.125 9.85 -5.237 -10.125
4 0 9.951 -9 -10.125 14.669 -9 -10.125 14.597 -9.106 -10.125 10.023 -9.106 -10.125
4 0 9.893 -8.885 -10.125 14.727 -8.885 -10.125 14.669 -9 -10.125 9.951 -9 -10.125
4 0 9.85 -8.762 -10.125 14.77 -8.762 -10.125 14.727 -8.885 -10.125 9.893 -8.885 -10.125
4 0 9.814 -8.499 -10.125 14.806 -8.499 -10.125 14.797 -8.633 -10.125 9.823 -8.633 -10.125
4 0 14.512 -4.797 -10.125 14.597 -4.893 -10.125 10.023 -4.893 -10.125 10.107 -4.797 -10.125
4 0 22.242 -19 -10.125 26.96 -19 -10.125 26.888 -19.106 -10.125 22.313 -19.106 -10.125
4 0 22.105 -15.501 -10.125 27.097 -15.501 -10.125 27.097 -18.499 -10.125 22.105 -18.499 -10.125
4 0 22.114 -18.633 -10.125 27.087 -18.633 -10.125 27.061 -18.762 -10.125 22.14 -18.762 -10.125
4 0 22.183 -15.114 -10.125 27.018 -15.114 -10.125 27.061 -15.237 -10.125 22.14 -15.237 -10.125
4 0 26.803 -14.797 -10.125 26.888 -14.893 -10.125 22.313 -14.893 -10.125 22.398 -14.797 -10.125
4 0 22.183 -18.885 -10.125 27.018 -18.885 -10.125 26.96 -19 -10.125 22.242 -19 -10.125
4 0 22.14 -15.237 -10.125 27.061 -15.237 -10.125 27.087 -15.366 -10.125 22.114 -15.366 -10.125
4 0 22.242 -14.999 -10.125 26.96 -14.999 -10.125 27.018 -15.114 -10.125 22.183 -15.114 -10.125
4 0 26.601 -14.641 -10.125 22.6 -14.641 -10.125 22.715 -14.583 -10.125 26.486 -14.583 -10.125
4 0 26.707 -14.713 -10.125 22.494 -14.713 -10.125 22.6 -14.641 -10.125 26.601 -14.641 -10.125
4 0 26.803 -14.797 -10.125 22.398 -14.797 -10.125 22.494 -14.713 -10.125 26.707 -14.713 -10.125
4 0 26.486 -14.583 -10.125 22.715 -14.583 -10.125 22.838 -14.54 -10.125 26.364 -14.54 -10.125
4 0 22.114 -15.366 -10.125 27.087 -15.366 -10.125 27.097 -15.501 -10.125 22.105 -15.501 -10.125
4 0 26.234 -14.513 -10.125 22.967 -14.513 -10.125 23.101 -14.504 -10.125 26.1 -14.504 -10.125
4 0 26.364 -14.54 -10.125 22.838 -14.54 -10.125 22.967 -14.513 -10.125 26.234 -14.513 -10.125
4 0 14.512 -9.202 -10.125 10.107 -9.202 -10.125 10.023 -9.106 -10.125 14.597 -9.106 -10.125
4 0 13.944 -9.486 -10.125 10.676 -9.486 -10.125 10.547 -9.459 -10.125 14.073 -9.459 -10.125
4 0 9.814 -18.499 -10.125 14.806 -18.499 -10.125 14.797 -18.633 -10.125 9.823 -18.633 -10.125
4 0 9.85 -18.762 -10.125 14.77 -18.762 -10.125 14.727 -18.885 -10.125 9.893 -18.885 -10.125
4 0 14.195 -9.416 -10.125 10.424 -9.416 -10.125 10.309 -9.358 -10.125 14.31 -9.358 -10.125
4 0 14.31 -9.358 -10.125 10.309 -9.358 -10.125 10.203 -9.286 -10.125 14.417 -9.286 -10.125
4 0 13.809 -9.495 -10.125 10.81 -9.495 -10.125 10.676 -9.486 -10.125 13.944 -9.486 -10.125
4 0 14.073 -9.459 -10.125 10.547 -9.459 -10.125 10.424 -9.416 -10.125 14.195 -9.416 -10.125
4 0 9.814 -15.501 -10.125 14.806 -15.501 -10.125 14.806 -18.499 -10.125 9.814 -18.499 -10.125
4 0 9.951 -19 -10.125 14.669 -19 -10.125 14.597 -19.106 -10.125 10.023 -19.106 -10.125
4 0 9.951 -14.999 -10.125 14.669 -14.999 -10.125 14.727 -15.114 -10.125 9.893 -15.114 -10.125
4 0 9.823 -18.633 -10.125 14.797 -18.633 -10.125 14.77 -18.762 -10.125 9.85 -18.762 -10.125
4 0 9.893 -18.885 -10.125 14.727 -18.885 -10.125 14.669 -19 -10.125 9.951 -19 -10.125
4 0 14.512 -14.797 -10.125 14.597 -14.893 -10.125 10.023 -14.893 -10.125 10.107 -14.797 -10.125
4 0 9.893 -15.114 -10.125 14.727 -15.114 -10.125 14.77 -15.237 -10.125 9.85 -15.237 -10.125
4 0 9.85 -15.237 -10.125 14.77 -15.237 -10.125 14.797 -15.366 -10.125 9.823 -15.366 -10.125
4 0 14.073 -4.54 -10.125 10.547 -4.54 -10.125 10.676 -4.513 -10.125 13.944 -4.513 -10.125
4 0 13.944 -4.513 -10.125 10.676 -4.513 -10.125 10.81 -4.504 -10.125 13.809 -4.504 -10.125
4 0 14.31 -4.641 -10.125 10.309 -4.641 -10.125 10.424 -4.583 -10.125 14.195 -4.583 -10.125
4 0 14.195 -4.583 -10.125 10.424 -4.583 -10.125 10.547 -4.54 -10.125 14.073 -4.54 -10.125
4 0 9.823 -8.633 -10.125 14.797 -8.633 -10.125 14.77 -8.762 -10.125 9.85 -8.762 -10.125
4 0 9.814 -5.501 -10.125 14.806 -5.501 -10.125 14.806 -8.499 -10.125 9.814 -8.499 -10.125
4 0 9.823 -5.366 -10.125 14.797 -5.366 -10.125 14.806 -5.501 -10.125 9.814 -5.501 -10.125
4 0 9.951 -4.999 -10.125 14.669 -4.999 -10.125 14.727 -5.114 -10.125 9.893 -5.114 -10.125
4 0 14.417 -4.713 -10.125 10.203 -4.713 -10.125 10.309 -4.641 -10.125 14.31 -4.641 -10.125
4 0 14.512 -4.797 -10.125 10.107 -4.797 -10.125 10.203 -4.713 -10.125 14.417 -4.713 -10.125
4 0 10.023 -4.893 -10.125 14.597 -4.893 -10.125 14.669 -4.999 -10.125 9.951 -4.999 -10.125
4 0 14.417 -9.286 -10.125 10.203 -9.286 -10.125 10.107 -9.202 -10.125 14.512 -9.202 -10.125
0
