0 Etiqueta Viking
0 Name: viking.dat
0 Author: cpcbegin
0 BFC CERTIFY CW
4 15 145.121 -22.255 0 144.474 -22.255 0 144.474 -22.036 0 145.121 -22.036 0
4 15 143.396 -22.255 0 142.749 -22.255 0 142.749 -22.036 0 143.396 -22.036 0
4 15 147.278 -22.036 0 141.887 -22.036 0 141.887 -21.818 0 147.278 -21.818 0
4 15 147.493 -21.818 0 141.24 -21.818 0 141.24 -21.6 0 147.493 -21.6 0
4 15 124.852 -21.818 0 123.558 -21.818 0 123.558 -21.6 0 124.852 -21.6 0
4 15 147.493 -21.6 0 141.024 -21.6 0 141.024 -21.382 0 147.493 -21.382 0
4 15 125.93 -21.6 0 125.714 -21.6 0 125.714 -21.382 0 125.93 -21.382 0
4 15 125.499 -21.6 0 122.264 -21.6 0 122.264 -21.382 0 125.499 -21.382 0
4 22 121.186 -21.6 0 120.97 -21.6 0 120.97 -21.382 0 121.186 -21.382 0
4 15 125.93 -21.382 0 119.677 -21.382 0 119.677 -21.164 0 125.93 -21.164 0
4 6 119.461 -21.382 0 119.245 -21.382 0 119.245 -21.164 0 119.461 -21.164 0
4 15 116.658 -21.382 0 111.051 -21.382 0 111.051 -21.164 0 116.658 -21.164 0
4 15 105.66 -21.382 0 101.563 -21.382 0 101.563 -21.164 0 105.66 -21.164 0
4 15 88.841 -21.382 0 84.744 -21.382 0 84.744 -21.164 0 88.841 -21.164 0
4 15 84.313 -21.382 0 83.666 -21.382 0 83.666 -21.164 0 84.313 -21.164 0
4 15 75.903 -21.382 0 75.04 -21.382 0 75.04 -21.164 0 75.903 -21.164 0
4 15 147.493 -21.382 0 140.809 -21.382 0 140.809 -20.945 0 147.493 -20.945 0
4 15 126.146 -21.164 0 119.461 -21.164 0 119.461 -20.945 0 126.146 -20.945 0
4 15 116.658 -21.164 0 110.62 -21.164 0 110.62 -20.945 0 116.658 -20.945 0
4 15 106.307 -21.164 0 100.701 -21.164 0 100.701 -20.945 0 106.307 -20.945 0
4 15 89.488 -21.164 0 81.078 -21.164 0 81.078 -20.945 0 89.488 -20.945 0
4 15 76.55 -21.164 0 73.962 -21.164 0 73.962 -20.945 0 76.55 -20.945 0
4 15 73.531 -21.164 0 73.1 -21.164 0 73.1 -20.945 0 73.531 -20.945 0
4 15 72.668 -21.164 0 72.453 -21.164 0 72.453 -20.945 0 72.668 -20.945 0
4 15 71.159 -21.164 0 70.943 -21.164 0 70.943 -20.945 0 71.159 -20.945 0
4 15 67.493 -21.164 0 67.062 -21.164 0 67.062 -20.945 0 67.493 -20.945 0
4 15 65.337 -21.164 0 65.121 -21.164 0 65.121 -20.945 0 65.337 -20.945 0
4 15 64.906 -21.164 0 64.69 -21.164 0 64.69 -20.945 0 64.906 -20.945 0
4 15 63.181 -21.164 0 62.965 -21.164 0 62.965 -20.945 0 63.181 -20.945 0
4 15 27.17 -21.164 0 26.523 -21.164 0 26.523 -20.945 0 27.17 -20.945 0
4 15 125.93 -20.945 0 119.461 -20.945 0 119.461 -20.727 0 125.93 -20.727 0
4 15 67.493 -20.945 0 57.143 -20.945 0 57.143 -20.727 0 67.493 -20.727 0
4 15 44.205 -20.945 0 43.989 -20.945 0 43.989 -20.727 0 44.205 -20.727 0
4 15 43.558 -20.945 0 41.617 -20.945 0 41.617 -20.727 0 43.558 -20.727 0
4 15 29.973 -20.945 0 29.757 -20.945 0 29.757 -20.727 0 29.973 -20.727 0
4 15 29.542 -20.945 0 17.898 -20.945 0 17.898 -20.727 0 29.542 -20.727 0
4 15 147.493 -20.945 0 140.593 -20.945 0 140.593 -20.509 0 147.493 -20.509 0
4 15 126.146 -20.727 0 119.461 -20.727 0 119.461 -20.509 0 126.146 -20.509 0
4 15 116.873 -20.945 0 110.404 -20.945 0 110.404 -20.509 0 116.873 -20.509 0
4 15 106.307 -20.945 0 100.485 -20.945 0 100.485 -20.509 0 106.307 -20.509 0
4 15 89.919 -20.945 0 81.078 -20.945 0 81.078 -20.509 0 89.919 -20.509 0
4 15 67.493 -20.727 0 56.927 -20.727 0 56.927 -20.509 0 67.493 -20.509 0
4 15 45.714 -20.727 0 40.97 -20.727 0 40.97 -20.509 0 45.714 -20.509 0
4 15 30.836 -20.727 0 16.819 -20.727 0 16.819 -20.509 0 30.836 -20.509 0
4 15 147.278 -20.509 0 139.946 -20.509 0 139.946 -20.291 0 147.278 -20.291 0
4 15 126.361 -20.509 0 119.677 -20.509 0 119.677 -20.291 0 126.361 -20.291 0
4 15 90.35 -20.509 0 81.294 -20.509 0 81.294 -20.291 0 90.35 -20.291 0
4 15 46.146 -20.509 0 40.323 -20.509 0 40.323 -20.291 0 46.146 -20.291 0
4 15 33.639 -20.509 0 14.447 -20.509 0 14.447 -20.291 0 33.639 -20.291 0
4 15 126.577 -20.291 0 119.677 -20.291 0 119.677 -20.073 0 126.577 -20.073 0
4 15 116.658 -20.509 0 110.404 -20.509 0 110.404 -20.073 0 116.658 -20.073 0
4 15 106.523 -20.509 0 100.485 -20.509 0 100.485 -20.073 0 106.523 -20.073 0
4 15 90.566 -20.291 0 81.294 -20.291 0 81.294 -20.073 0 90.566 -20.073 0
4 15 67.493 -20.509 0 56.496 -20.509 0 56.496 -20.073 0 67.493 -20.073 0
4 15 33.854 -20.291 0 14.232 -20.291 0 14.232 -20.073 0 33.854 -20.073 0
4 15 147.062 -20.291 0 139.946 -20.291 0 139.946 -19.855 0 147.062 -19.855 0
4 15 119.677 -20.073 0 119.461 -20.073 0 119.461 -19.855 0 119.677 -19.855 0
4 15 90.782 -20.073 0 81.509 -20.073 0 81.509 -19.855 0 90.782 -19.855 0
4 15 33.854 -20.073 0 13.801 -20.073 0 13.801 -19.855 0 33.854 -19.855 0
4 15 126.577 -20.073 0 119.892 -20.073 0 119.892 -19.636 0 126.577 -19.636 0
4 15 116.873 -20.073 0 110.404 -20.073 0 110.404 -19.636 0 116.873 -19.636 0
4 15 106.307 -20.073 0 100.485 -20.073 0 100.485 -19.636 0 106.307 -19.636 0
4 15 90.997 -19.855 0 81.941 -19.855 0 81.941 -19.636 0 90.997 -19.636 0
4 15 67.493 -20.073 0 56.28 -20.073 0 56.28 -19.636 0 67.493 -19.636 0
4 15 34.286 -19.855 0 13.369 -19.855 0 13.369 -19.636 0 34.286 -19.636 0
4 15 126.792 -19.636 0 119.677 -19.636 0 119.677 -19.418 0 126.792 -19.418 0
4 15 116.658 -19.636 0 110.404 -19.636 0 110.404 -19.418 0 116.658 -19.418 0
4 15 91.429 -19.636 0 82.156 -19.636 0 82.156 -19.418 0 91.429 -19.418 0
4 15 67.493 -19.636 0 56.065 -19.636 0 56.065 -19.418 0 67.493 -19.418 0
4 15 34.717 -19.636 0 12.507 -19.636 0 12.507 -19.418 0 34.717 -19.418 0
4 15 126.792 -19.418 0 120.108 -19.418 0 120.108 -19.2 0 126.792 -19.2 0
4 15 106.523 -19.636 0 100.485 -19.636 0 100.485 -19.2 0 106.523 -19.2 0
4 15 91.644 -19.418 0 82.156 -19.418 0 82.156 -19.2 0 91.644 -19.2 0
4 15 67.493 -19.418 0 55.849 -19.418 0 55.849 -19.2 0 67.493 -19.2 0
4 15 34.933 -19.418 0 12.291 -19.418 0 12.291 -19.2 0 34.933 -19.2 0
4 15 127.008 -19.2 0 120.108 -19.2 0 120.108 -18.982 0 127.008 -18.982 0
4 15 91.86 -19.2 0 82.372 -19.2 0 82.372 -18.982 0 91.86 -18.982 0
4 15 35.148 -19.2 0 12.291 -19.2 0 12.291 -18.982 0 35.148 -18.982 0
4 15 146.846 -19.855 0 139.946 -19.855 0 139.946 -18.764 0 146.846 -18.764 0
4 15 106.307 -19.2 0 100.485 -19.2 0 100.485 -18.764 0 106.307 -18.764 0
4 15 92.075 -18.982 0 83.019 -18.982 0 83.019 -18.764 0 92.075 -18.764 0
4 15 67.493 -19.2 0 55.633 -19.2 0 55.633 -18.764 0 67.493 -18.764 0
4 15 35.364 -18.982 0 11.86 -18.982 0 11.86 -18.764 0 35.364 -18.764 0
4 15 146.415 -18.764 0 139.73 -18.764 0 139.73 -18.545 0 146.415 -18.545 0
4 15 127.224 -18.982 0 120.323 -18.982 0 120.323 -18.545 0 127.224 -18.545 0
4 15 92.291 -18.764 0 83.019 -18.764 0 83.019 -18.545 0 92.291 -18.545 0
4 15 35.58 -18.764 0 11.86 -18.764 0 11.86 -18.545 0 35.58 -18.545 0
4 15 146.415 -18.545 0 139.515 -18.545 0 139.515 -18.327 0 146.415 -18.327 0
4 15 92.507 -18.545 0 83.45 -18.545 0 83.45 -18.327 0 92.507 -18.327 0
4 15 67.493 -18.764 0 55.418 -18.764 0 55.418 -18.327 0 67.493 -18.327 0
4 15 35.58 -18.545 0 11.429 -18.545 0 11.429 -18.327 0 35.58 -18.327 0
4 15 127.439 -18.545 0 120.539 -18.545 0 120.539 -18.109 0 127.439 -18.109 0
4 15 92.722 -18.327 0 83.666 -18.327 0 83.666 -18.109 0 92.722 -18.109 0
4 15 67.493 -18.327 0 55.202 -18.327 0 55.202 -18.109 0 67.493 -18.109 0
4 15 35.795 -18.327 0 11.429 -18.327 0 11.429 -18.109 0 35.795 -18.109 0
4 15 146.199 -18.327 0 139.299 -18.327 0 139.299 -17.891 0 146.199 -17.891 0
4 15 127.439 -18.109 0 120.755 -18.109 0 120.755 -17.891 0 127.439 -17.891 0
4 15 92.938 -18.109 0 83.881 -18.109 0 83.881 -17.891 0 92.938 -17.891 0
4 15 67.493 -18.109 0 54.771 -18.109 0 54.771 -17.891 0 67.493 -17.891 0
4 15 36.011 -18.109 0 11.429 -18.109 0 11.429 -17.891 0 36.011 -17.891 0
4 15 145.984 -17.891 0 139.084 -17.891 0 139.084 -17.673 0 145.984 -17.673 0
4 15 127.871 -17.891 0 120.755 -17.891 0 120.755 -17.673 0 127.871 -17.673 0
4 15 93.369 -17.891 0 84.097 -17.891 0 84.097 -17.673 0 93.369 -17.673 0
4 15 67.493 -17.891 0 54.987 -17.891 0 54.987 -17.673 0 67.493 -17.673 0
4 15 36.226 -17.891 0 11.213 -17.891 0 11.213 -17.673 0 36.226 -17.673 0
4 15 146.199 -17.673 0 139.084 -17.673 0 139.084 -17.455 0 146.199 -17.455 0
4 15 127.655 -17.673 0 120.97 -17.673 0 120.97 -17.455 0 127.655 -17.455 0
4 15 93.585 -17.673 0 84.313 -17.673 0 84.313 -17.455 0 93.585 -17.455 0
4 15 36.011 -17.673 0 11.213 -17.673 0 11.213 -17.455 0 36.011 -17.455 0
4 15 145.768 -17.455 0 139.084 -17.455 0 139.084 -17.236 0 145.768 -17.236 0
4 15 127.871 -17.455 0 120.97 -17.455 0 120.97 -17.236 0 127.871 -17.236 0
4 15 93.585 -17.455 0 84.528 -17.455 0 84.528 -17.236 0 93.585 -17.236 0
4 15 67.493 -17.673 0 54.555 -17.673 0 54.555 -17.236 0 67.493 -17.236 0
4 15 145.768 -17.236 0 138.868 -17.236 0 138.868 -17.018 0 145.768 -17.018 0
4 15 128.086 -17.236 0 121.186 -17.236 0 121.186 -17.018 0 128.086 -17.018 0
4 15 93.801 -17.236 0 84.744 -17.236 0 84.744 -17.018 0 93.801 -17.018 0
4 15 36.226 -17.455 0 10.997 -17.455 0 10.997 -17.018 0 36.226 -17.018 0
4 15 128.302 -17.018 0 121.402 -17.018 0 121.402 -16.8 0 128.302 -16.8 0
4 15 116.873 -19.418 0 110.404 -19.418 0 110.404 -16.8 0 116.873 -16.8 0
4 15 94.232 -17.018 0 84.96 -17.018 0 84.96 -16.8 0 94.232 -16.8 0
4 15 67.493 -17.236 0 54.34 -17.236 0 54.34 -16.8 0 67.493 -16.8 0
4 15 36.226 -17.018 0 10.782 -17.018 0 10.782 -16.8 0 36.226 -16.8 0
4 12 159.784 -16.8 0 159.569 -16.8 0 159.569 -16.582 0 159.784 -16.582 0
4 15 145.553 -17.018 0 138.652 -17.018 0 138.652 -16.582 0 145.553 -16.582 0
4 15 128.518 -16.8 0 128.302 -16.8 0 128.302 -16.582 0 128.518 -16.582 0
4 15 128.086 -16.8 0 121.402 -16.8 0 121.402 -16.582 0 128.086 -16.582 0
4 15 94.447 -16.8 0 85.391 -16.8 0 85.391 -16.582 0 94.447 -16.582 0
4 12 160 -16.8 0 159.784 -16.8 0 159.784 -16.364 0 160 -16.364 0
4 15 145.553 -16.582 0 138.437 -16.582 0 138.437 -16.364 0 145.553 -16.364 0
4 15 128.518 -16.582 0 121.402 -16.582 0 121.402 -16.364 0 128.518 -16.364 0
4 15 94.447 -16.582 0 85.606 -16.582 0 85.606 -16.364 0 94.447 -16.364 0
4 15 94.663 -16.364 0 85.822 -16.364 0 85.822 -16.145 0 94.663 -16.145 0
4 15 67.493 -16.8 0 53.908 -16.8 0 53.908 -16.145 0 67.493 -16.145 0
4 15 36.442 -16.8 0 10.997 -16.8 0 10.997 -16.145 0 36.442 -16.145 0
4 15 145.337 -16.364 0 138.437 -16.364 0 138.437 -15.927 0 145.337 -15.927 0
4 15 128.518 -16.364 0 121.617 -16.364 0 121.617 -15.927 0 128.518 -15.927 0
4 15 94.879 -16.145 0 86.253 -16.145 0 86.253 -15.927 0 94.879 -15.927 0
4 15 77.197 -20.945 0 70.943 -20.945 0 70.943 -15.927 0 77.197 -15.927 0
4 15 36.442 -16.145 0 27.817 -16.145 0 27.817 -15.927 0 36.442 -15.927 0
4 15 27.601 -16.145 0 27.17 -16.145 0 27.17 -15.927 0 27.601 -15.927 0
4 15 26.739 -16.145 0 26.307 -16.145 0 26.307 -15.927 0 26.739 -15.927 0
4 15 19.191 -16.145 0 10.997 -16.145 0 10.997 -15.927 0 19.191 -15.927 0
4 15 145.121 -15.927 0 138.221 -15.927 0 138.221 -15.709 0 145.121 -15.709 0
4 15 117.089 -16.8 0 110.404 -16.8 0 110.404 -15.709 0 117.089 -15.709 0
4 15 95.094 -15.927 0 86.469 -15.927 0 86.469 -15.709 0 95.094 -15.709 0
4 15 77.412 -15.927 0 70.943 -15.927 0 70.943 -15.709 0 77.412 -15.709 0
4 15 67.493 -16.145 0 53.693 -16.145 0 53.693 -15.709 0 67.493 -15.709 0
4 15 36.442 -15.927 0 28.895 -15.927 0 28.895 -15.709 0 36.442 -15.709 0
4 15 28.679 -15.927 0 28.032 -15.927 0 28.032 -15.709 0 28.679 -15.709 0
4 15 18.976 -15.927 0 10.997 -15.927 0 10.997 -15.709 0 18.976 -15.709 0
4 15 116.873 -15.709 0 110.404 -15.709 0 110.404 -15.491 0 116.873 -15.491 0
4 15 95.526 -15.709 0 86.685 -15.709 0 86.685 -15.491 0 95.526 -15.491 0
4 15 77.197 -15.709 0 70.943 -15.709 0 70.943 -15.491 0 77.197 -15.491 0
4 15 67.493 -15.709 0 53.477 -15.709 0 53.477 -15.491 0 67.493 -15.491 0
4 15 17.682 -15.709 0 10.997 -15.709 0 10.997 -15.491 0 17.682 -15.491 0
4 15 144.906 -15.709 0 138.221 -15.709 0 138.221 -15.273 0 144.906 -15.273 0
4 15 128.733 -15.927 0 121.833 -15.927 0 121.833 -15.273 0 128.733 -15.273 0
4 15 116.873 -15.491 0 110.62 -15.491 0 110.62 -15.273 0 116.873 -15.273 0
4 15 95.741 -15.491 0 86.9 -15.491 0 86.9 -15.273 0 95.741 -15.273 0
4 15 67.493 -15.491 0 60.809 -15.491 0 60.809 -15.273 0 67.493 -15.273 0
4 15 60.593 -15.491 0 53.261 -15.491 0 53.261 -15.273 0 60.593 -15.273 0
4 15 36.442 -15.709 0 29.542 -15.709 0 29.542 -15.273 0 36.442 -15.273 0
4 15 17.035 -15.491 0 10.997 -15.491 0 10.997 -15.273 0 17.035 -15.273 0
4 15 144.906 -15.273 0 138.005 -15.273 0 138.005 -15.055 0 144.906 -15.055 0
4 15 128.949 -15.273 0 122.049 -15.273 0 122.049 -15.055 0 128.949 -15.055 0
4 15 117.089 -15.273 0 110.404 -15.273 0 110.404 -15.055 0 117.089 -15.055 0
4 15 95.957 -15.273 0 87.116 -15.273 0 87.116 -15.055 0 95.957 -15.055 0
4 15 77.412 -15.491 0 70.943 -15.491 0 70.943 -15.055 0 77.412 -15.055 0
4 15 67.709 -15.273 0 61.024 -15.273 0 61.024 -15.055 0 67.709 -15.055 0
4 15 60.809 -15.273 0 53.261 -15.273 0 53.261 -15.055 0 60.809 -15.055 0
4 15 144.69 -15.055 0 138.005 -15.055 0 138.005 -14.836 0 144.69 -14.836 0
4 15 128.949 -15.055 0 122.264 -15.055 0 122.264 -14.836 0 128.949 -14.836 0
4 15 106.523 -18.764 0 100.485 -18.764 0 100.485 -14.836 0 106.523 -14.836 0
4 15 96.173 -15.055 0 87.116 -15.055 0 87.116 -14.836 0 96.173 -14.836 0
4 15 67.709 -15.055 0 61.671 -15.055 0 61.671 -14.836 0 67.709 -14.836 0
4 15 61.456 -15.055 0 61.24 -15.055 0 61.24 -14.836 0 61.456 -14.836 0
4 15 60.377 -15.055 0 52.83 -15.055 0 52.83 -14.836 0 60.377 -14.836 0
4 15 36.442 -15.273 0 30.189 -15.273 0 30.189 -14.836 0 36.442 -14.836 0
4 15 16.604 -15.273 0 10.997 -15.273 0 10.997 -14.836 0 16.604 -14.836 0
4 15 144.906 -14.836 0 137.79 -14.836 0 137.79 -14.618 0 144.906 -14.618 0
4 15 129.164 -14.836 0 122.264 -14.836 0 122.264 -14.618 0 129.164 -14.618 0
4 15 116.873 -15.055 0 110.62 -15.055 0 110.62 -14.618 0 116.873 -14.618 0
4 15 106.739 -14.836 0 100.485 -14.836 0 100.485 -14.618 0 106.739 -14.618 0
4 15 67.709 -14.836 0 61.456 -14.836 0 61.456 -14.618 0 67.709 -14.618 0
4 15 60.162 -14.836 0 52.615 -14.836 0 52.615 -14.618 0 60.162 -14.618 0
4 15 36.658 -14.836 0 30.404 -14.836 0 30.404 -14.618 0 36.658 -14.618 0
4 15 16.819 -14.836 0 10.997 -14.836 0 10.997 -14.618 0 16.819 -14.618 0
4 15 144.474 -14.618 0 137.79 -14.618 0 137.79 -14.4 0 144.474 -14.4 0
4 15 129.38 -14.618 0 122.48 -14.618 0 122.48 -14.4 0 129.38 -14.4 0
4 15 106.523 -14.618 0 100.27 -14.618 0 100.27 -14.4 0 106.523 -14.4 0
4 15 96.604 -14.836 0 87.547 -14.836 0 87.547 -14.4 0 96.604 -14.4 0
4 15 77.197 -15.055 0 70.943 -15.055 0 70.943 -14.4 0 77.197 -14.4 0
4 15 60.162 -14.618 0 52.83 -14.618 0 52.83 -14.4 0 60.162 -14.4 0
4 15 36.658 -14.618 0 30.189 -14.618 0 30.189 -14.4 0 36.658 -14.4 0
4 15 144.474 -14.4 0 137.574 -14.4 0 137.574 -14.182 0 144.474 -14.182 0
4 15 129.38 -14.4 0 122.695 -14.4 0 122.695 -14.182 0 129.38 -14.182 0
4 15 117.089 -14.618 0 110.404 -14.618 0 110.404 -14.182 0 117.089 -14.182 0
4 15 106.523 -14.4 0 99.838 -14.4 0 99.838 -14.182 0 106.523 -14.182 0
4 15 96.819 -14.4 0 88.194 -14.4 0 88.194 -14.182 0 96.819 -14.182 0
4 15 77.412 -14.4 0 70.943 -14.4 0 70.943 -14.182 0 77.412 -14.182 0
4 15 59.946 -14.4 0 52.615 -14.4 0 52.615 -14.182 0 59.946 -14.182 0
4 12 52.399 -14.4 0 52.183 -14.4 0 52.183 -14.182 0 52.399 -14.182 0
4 15 144.259 -14.182 0 137.358 -14.182 0 137.358 -13.964 0 144.259 -13.964 0
4 15 129.596 -14.182 0 122.48 -14.182 0 122.48 -13.964 0 129.596 -13.964 0
4 15 106.523 -14.182 0 98.544 -14.182 0 98.544 -13.964 0 106.523 -13.964 0
4 15 98.329 -14.182 0 88.41 -14.182 0 88.41 -13.964 0 98.329 -13.964 0
4 15 16.388 -14.618 0 10.997 -14.618 0 10.997 -13.964 0 16.388 -13.964 0
4 15 144.259 -13.964 0 137.574 -13.964 0 137.574 -13.745 0 144.259 -13.745 0
4 15 116.873 -14.182 0 110.62 -14.182 0 110.62 -13.745 0 116.873 -13.745 0
4 15 106.739 -13.964 0 88.625 -13.964 0 88.625 -13.745 0 106.739 -13.745 0
4 6 88.41 -13.964 0 88.194 -13.964 0 88.194 -13.745 0 88.41 -13.745 0
4 15 77.197 -14.182 0 70.943 -14.182 0 70.943 -13.745 0 77.197 -13.745 0
4 15 59.73 -14.182 0 52.399 -14.182 0 52.399 -13.745 0 59.73 -13.745 0
4 15 16.388 -13.964 0 11.213 -13.964 0 11.213 -13.745 0 16.388 -13.745 0
4 15 144.259 -13.745 0 137.358 -13.745 0 137.358 -13.527 0 144.259 -13.527 0
4 15 129.596 -13.964 0 122.695 -13.964 0 122.695 -13.527 0 129.596 -13.527 0
4 15 117.089 -13.745 0 110.404 -13.745 0 110.404 -13.527 0 117.089 -13.527 0
4 15 106.523 -13.745 0 88.841 -13.745 0 88.841 -13.527 0 106.523 -13.527 0
4 15 77.412 -13.745 0 70.943 -13.745 0 70.943 -13.527 0 77.412 -13.527 0
4 15 59.515 -13.745 0 52.183 -13.745 0 52.183 -13.527 0 59.515 -13.527 0
4 15 15.31 -13.745 0 15.094 -13.745 0 15.094 -13.527 0 15.31 -13.527 0
4 15 12.507 -13.745 0 12.291 -13.745 0 12.291 -13.527 0 12.507 -13.527 0
4 15 11.86 -13.745 0 10.997 -13.745 0 10.997 -13.527 0 11.86 -13.527 0
4 15 144.043 -13.527 0 137.143 -13.527 0 137.143 -13.309 0 144.043 -13.309 0
4 15 129.811 -13.527 0 122.911 -13.527 0 122.911 -13.309 0 129.811 -13.309 0
4 15 106.739 -13.527 0 89.272 -13.527 0 89.272 -13.309 0 106.739 -13.309 0
4 15 89.057 -13.527 0 88.841 -13.527 0 88.841 -13.309 0 89.057 -13.309 0
4 15 77.197 -13.527 0 70.943 -13.527 0 70.943 -13.309 0 77.197 -13.309 0
4 15 59.299 -13.527 0 51.968 -13.527 0 51.968 -13.309 0 59.299 -13.309 0
4 15 143.827 -13.309 0 137.143 -13.309 0 137.143 -13.091 0 143.827 -13.091 0
4 15 106.739 -13.309 0 89.488 -13.309 0 89.488 -13.091 0 106.739 -13.091 0
4 15 59.299 -13.309 0 51.536 -13.309 0 51.536 -13.091 0 59.299 -13.091 0
4 15 144.259 -13.309 0 144.043 -13.309 0 144.043 -12.873 0 144.259 -12.873 0
4 15 143.827 -13.091 0 136.927 -13.091 0 136.927 -12.873 0 143.827 -12.873 0
4 15 130.027 -13.309 0 123.127 -13.309 0 123.127 -12.873 0 130.027 -12.873 0
4 15 106.739 -13.091 0 89.272 -13.091 0 89.272 -12.873 0 106.739 -12.873 0
4 15 59.084 -13.091 0 51.536 -13.091 0 51.536 -12.873 0 59.084 -12.873 0
4 15 106.739 -12.873 0 89.919 -12.873 0 89.919 -12.655 0 106.739 -12.655 0
4 15 58.868 -12.873 0 51.536 -12.873 0 51.536 -12.655 0 58.868 -12.655 0
4 15 143.612 -12.873 0 136.927 -12.873 0 136.927 -12.436 0 143.612 -12.436 0
4 15 130.243 -12.873 0 123.342 -12.873 0 123.342 -12.436 0 130.243 -12.436 0
4 15 106.739 -12.655 0 90.135 -12.655 0 90.135 -12.436 0 106.739 -12.436 0
4 15 58.868 -12.655 0 51.321 -12.655 0 51.321 -12.436 0 58.868 -12.436 0
4 15 46.146 -20.291 0 40.108 -20.291 0 40.108 -12.436 0 46.146 -12.436 0
4 15 36.658 -14.4 0 30.62 -14.4 0 30.62 -12.436 0 36.658 -12.436 0
4 15 143.612 -12.436 0 136.712 -12.436 0 136.712 -12.218 0 143.612 -12.218 0
4 15 130.458 -12.436 0 123.558 -12.436 0 123.558 -12.218 0 130.458 -12.218 0
4 15 117.089 -13.527 0 110.62 -13.527 0 110.62 -12.218 0 117.089 -12.218 0
4 15 106.739 -12.436 0 90.35 -12.436 0 90.35 -12.218 0 106.739 -12.218 0
4 6 90.135 -12.436 0 89.919 -12.436 0 89.919 -12.218 0 90.135 -12.218 0
4 15 58.652 -12.436 0 51.321 -12.436 0 51.321 -12.218 0 58.652 -12.218 0
4 15 143.396 -12.218 0 136.712 -12.218 0 136.712 -12 0 143.396 -12 0
4 15 130.458 -12.218 0 123.774 -12.218 0 123.774 -12 0 130.458 -12 0
4 15 117.089 -12.218 0 110.404 -12.218 0 110.404 -12 0 117.089 -12 0
4 15 106.739 -12.218 0 90.566 -12.218 0 90.566 -12 0 106.739 -12 0
4 6 90.35 -12.218 0 90.135 -12.218 0 90.135 -12 0 90.35 -12 0
4 15 58.437 -12.218 0 51.105 -12.218 0 51.105 -12 0 58.437 -12 0
4 15 143.396 -12 0 136.496 -12 0 136.496 -11.782 0 143.396 -11.782 0
4 15 130.674 -12 0 123.558 -12 0 123.558 -11.782 0 130.674 -11.782 0
4 15 106.739 -12 0 90.782 -12 0 90.782 -11.782 0 106.739 -11.782 0
4 15 58.652 -12 0 51.105 -12 0 51.105 -11.782 0 58.652 -11.782 0
4 15 36.658 -12.436 0 30.836 -12.436 0 30.836 -11.782 0 36.658 -11.782 0
4 15 130.889 -11.782 0 123.774 -11.782 0 123.774 -11.564 0 130.889 -11.564 0
4 15 106.739 -11.782 0 90.566 -11.782 0 90.566 -11.564 0 106.739 -11.564 0
4 15 58.221 -11.782 0 50.889 -11.782 0 50.889 -11.564 0 58.221 -11.564 0
4 15 36.658 -11.782 0 30.62 -11.782 0 30.62 -11.564 0 36.658 -11.564 0
4 15 24.151 -11.782 0 12.075 -11.782 0 12.075 -11.564 0 24.151 -11.564 0
4 15 143.181 -11.782 0 136.496 -11.782 0 136.496 -11.345 0 143.181 -11.345 0
4 15 130.889 -11.564 0 123.989 -11.564 0 123.989 -11.345 0 130.889 -11.345 0
4 15 106.739 -11.564 0 91.213 -11.564 0 91.213 -11.345 0 106.739 -11.345 0
4 15 58.005 -11.564 0 50.674 -11.564 0 50.674 -11.345 0 58.005 -11.345 0
4 15 24.151 -11.564 0 11.429 -11.564 0 11.429 -11.345 0 24.151 -11.345 0
4 15 142.965 -11.345 0 136.28 -11.345 0 136.28 -11.127 0 142.965 -11.127 0
4 15 106.739 -11.345 0 91.429 -11.345 0 91.429 -11.127 0 106.739 -11.127 0
4 15 57.79 -11.345 0 50.243 -11.345 0 50.243 -11.127 0 57.79 -11.127 0
4 15 24.367 -11.345 0 11.213 -11.345 0 11.213 -11.127 0 24.367 -11.127 0
4 15 142.749 -11.127 0 136.065 -11.127 0 136.065 -10.909 0 142.749 -10.909 0
4 15 131.105 -11.345 0 124.205 -11.345 0 124.205 -10.909 0 131.105 -10.909 0
4 15 106.739 -11.127 0 91.213 -11.127 0 91.213 -10.909 0 106.739 -10.909 0
4 15 58.005 -11.127 0 50.243 -11.127 0 50.243 -10.909 0 58.005 -10.909 0
4 15 36.658 -11.564 0 30.836 -11.564 0 30.836 -10.909 0 36.658 -10.909 0
4 15 142.965 -10.909 0 135.849 -10.909 0 135.849 -10.691 0 142.965 -10.691 0
4 15 106.739 -10.909 0 90.997 -10.909 0 90.997 -10.691 0 106.739 -10.691 0
4 15 57.574 -10.909 0 50.243 -10.909 0 50.243 -10.691 0 57.574 -10.691 0
4 15 24.367 -11.127 0 10.997 -11.127 0 10.997 -10.691 0 24.367 -10.691 0
4 15 142.749 -10.691 0 135.849 -10.691 0 135.849 -10.473 0 142.749 -10.473 0
4 15 24.367 -10.691 0 10.782 -10.691 0 10.782 -10.473 0 24.367 -10.473 0
4 15 131.321 -10.909 0 124.42 -10.909 0 124.42 -10.255 0 131.321 -10.255 0
4 15 106.739 -10.691 0 90.782 -10.691 0 90.782 -10.255 0 106.739 -10.255 0
4 15 57.358 -10.691 0 50.027 -10.691 0 50.027 -10.255 0 57.358 -10.255 0
4 15 36.873 -10.909 0 30.836 -10.909 0 30.836 -10.255 0 36.873 -10.255 0
4 15 142.534 -10.473 0 135.633 -10.473 0 135.633 -10.036 0 142.534 -10.036 0
4 15 131.321 -10.255 0 124.636 -10.255 0 124.636 -10.036 0 131.321 -10.036 0
4 15 106.739 -10.255 0 90.35 -10.255 0 90.35 -10.036 0 106.739 -10.036 0
4 15 67.709 -14.618 0 61.671 -14.618 0 61.671 -10.036 0 67.709 -10.036 0
4 15 57.143 -10.255 0 49.811 -10.255 0 49.811 -10.036 0 57.143 -10.036 0
4 15 36.658 -10.255 0 30.836 -10.255 0 30.836 -10.036 0 36.658 -10.036 0
4 15 24.367 -10.473 0 10.997 -10.473 0 10.997 -10.036 0 24.367 -10.036 0
4 15 142.318 -10.036 0 135.418 -10.036 0 135.418 -9.818 0 142.318 -9.818 0
4 15 106.739 -10.036 0 89.919 -10.036 0 89.919 -9.818 0 106.739 -9.818 0
4 15 67.493 -10.036 0 61.671 -10.036 0 61.671 -9.818 0 67.493 -9.818 0
4 15 56.927 -10.036 0 49.164 -10.036 0 49.164 -9.818 0 56.927 -9.818 0
4 15 46.146 -12.436 0 40.323 -12.436 0 40.323 -9.818 0 46.146 -9.818 0
4 15 142.318 -9.818 0 135.633 -9.818 0 135.633 -9.6 0 142.318 -9.6 0
4 15 131.752 -10.036 0 124.852 -10.036 0 124.852 -9.6 0 131.752 -9.6 0
4 15 106.739 -9.818 0 89.704 -9.818 0 89.704 -9.6 0 106.739 -9.6 0
4 15 56.927 -9.818 0 49.38 -9.818 0 49.38 -9.6 0 56.927 -9.6 0
4 15 46.361 -9.818 0 40.108 -9.818 0 40.108 -9.6 0 46.361 -9.6 0
4 15 131.968 -9.6 0 125.067 -9.6 0 125.067 -9.382 0 131.968 -9.382 0
4 15 117.089 -12 0 110.62 -12 0 110.62 -9.382 0 117.089 -9.382 0
4 15 56.712 -9.6 0 49.164 -9.6 0 49.164 -9.382 0 56.712 -9.382 0
4 15 142.102 -9.6 0 135.202 -9.6 0 135.202 -9.164 0 142.102 -9.164 0
4 15 131.752 -9.382 0 124.852 -9.382 0 124.852 -9.164 0 131.752 -9.164 0
4 15 117.305 -9.382 0 110.62 -9.382 0 110.62 -9.164 0 117.305 -9.164 0
4 15 106.739 -9.6 0 89.488 -9.6 0 89.488 -9.164 0 106.739 -9.164 0
4 15 56.712 -9.382 0 49.38 -9.382 0 49.38 -9.164 0 56.712 -9.164 0
4 15 24.367 -10.036 0 10.782 -10.036 0 10.782 -9.164 0 24.367 -9.164 0
4 15 141.887 -9.164 0 135.202 -9.164 0 135.202 -8.945 0 141.887 -8.945 0
4 15 131.968 -9.164 0 125.283 -9.164 0 125.283 -8.945 0 131.968 -8.945 0
4 15 106.739 -9.164 0 89.272 -9.164 0 89.272 -8.945 0 106.739 -8.945 0
4 15 56.712 -9.164 0 49.164 -9.164 0 49.164 -8.945 0 56.712 -8.945 0
4 15 141.887 -8.945 0 134.987 -8.945 0 134.987 -8.727 0 141.887 -8.727 0
4 15 106.739 -8.945 0 88.841 -8.945 0 88.841 -8.727 0 106.739 -8.727 0
4 15 88.625 -8.945 0 88.41 -8.945 0 88.41 -8.727 0 88.625 -8.727 0
4 15 56.28 -8.945 0 48.733 -8.945 0 48.733 -8.727 0 56.28 -8.727 0
4 15 141.671 -8.727 0 134.987 -8.727 0 134.987 -8.509 0 141.671 -8.509 0
4 15 132.183 -8.945 0 125.283 -8.945 0 125.283 -8.509 0 132.183 -8.509 0
4 15 106.739 -8.727 0 88.41 -8.727 0 88.41 -8.509 0 106.739 -8.509 0
4 15 56.28 -8.727 0 48.949 -8.727 0 48.949 -8.509 0 56.28 -8.509 0
4 15 46.146 -9.6 0 40.323 -9.6 0 40.323 -8.509 0 46.146 -8.509 0
4 15 132.399 -8.509 0 125.499 -8.509 0 125.499 -8.291 0 132.399 -8.291 0
4 15 106.739 -8.509 0 100.27 -8.509 0 100.27 -8.291 0 106.739 -8.291 0
4 15 100.054 -8.509 0 99.838 -8.509 0 99.838 -8.291 0 100.054 -8.291 0
4 15 97.682 -8.509 0 97.466 -8.509 0 97.466 -8.291 0 97.682 -8.291 0
4 15 97.251 -8.509 0 88.41 -8.509 0 88.41 -8.291 0 97.251 -8.291 0
4 15 56.065 -8.509 0 48.733 -8.509 0 48.733 -8.291 0 56.065 -8.291 0
4 12 48.518 -8.509 0 48.302 -8.509 0 48.302 -8.291 0 48.518 -8.291 0
4 15 46.361 -8.509 0 40.323 -8.509 0 40.323 -8.291 0 46.361 -8.291 0
4 15 141.671 -8.509 0 134.771 -8.509 0 134.771 -8.073 0 141.671 -8.073 0
4 15 132.399 -8.291 0 125.714 -8.291 0 125.714 -8.073 0 132.399 -8.073 0
4 6 125.499 -8.291 0 125.283 -8.291 0 125.283 -8.073 0 125.499 -8.073 0
4 15 106.739 -8.291 0 100.485 -8.291 0 100.485 -8.073 0 106.739 -8.073 0
4 15 97.035 -8.291 0 88.194 -8.291 0 88.194 -8.073 0 97.035 -8.073 0
4 15 55.849 -8.291 0 48.518 -8.291 0 48.518 -8.073 0 55.849 -8.073 0
4 15 24.367 -9.164 0 10.997 -9.164 0 10.997 -8.073 0 24.367 -8.073 0
4 15 141.456 -8.073 0 134.771 -8.073 0 134.771 -7.855 0 141.456 -7.855 0
4 15 132.83 -8.073 0 125.714 -8.073 0 125.714 -7.855 0 132.83 -7.855 0
4 15 106.739 -8.073 0 100.701 -8.073 0 100.701 -7.855 0 106.739 -7.855 0
4 15 96.819 -8.073 0 87.763 -8.073 0 87.763 -7.855 0 96.819 -7.855 0
4 15 77.412 -13.309 0 70.943 -13.309 0 70.943 -7.855 0 77.412 -7.855 0
4 15 55.849 -8.073 0 48.302 -8.073 0 48.302 -7.855 0 55.849 -7.855 0
4 15 36.658 -10.036 0 30.62 -10.036 0 30.62 -7.855 0 36.658 -7.855 0
4 15 23.288 -8.073 0 23.073 -8.073 0 23.073 -7.855 0 23.288 -7.855 0
4 15 22.857 -8.073 0 22.426 -8.073 0 22.426 -7.855 0 22.857 -7.855 0
4 15 22.21 -8.073 0 21.995 -8.073 0 21.995 -7.855 0 22.21 -7.855 0
4 15 21.779 -8.073 0 10.997 -8.073 0 10.997 -7.855 0 21.779 -7.855 0
4 15 141.671 -7.855 0 134.555 -7.855 0 134.555 -7.636 0 141.671 -7.636 0
4 15 132.83 -7.855 0 125.93 -7.855 0 125.93 -7.636 0 132.83 -7.636 0
4 15 106.954 -7.855 0 100.701 -7.855 0 100.701 -7.636 0 106.954 -7.636 0
4 15 96.604 -7.855 0 87.547 -7.855 0 87.547 -7.636 0 96.604 -7.636 0
4 15 55.418 -7.855 0 48.086 -7.855 0 48.086 -7.636 0 55.418 -7.636 0
4 15 17.466 -7.855 0 10.997 -7.855 0 10.997 -7.636 0 17.466 -7.636 0
4 15 141.24 -7.636 0 134.555 -7.636 0 134.555 -7.418 0 141.24 -7.418 0
4 15 133.046 -7.636 0 125.714 -7.636 0 125.714 -7.418 0 133.046 -7.418 0
4 15 96.604 -7.636 0 96.388 -7.636 0 96.388 -7.418 0 96.604 -7.418 0
4 6 96.388 -7.636 0 96.173 -7.636 0 96.173 -7.418 0 96.388 -7.418 0
4 15 77.197 -7.855 0 70.943 -7.855 0 70.943 -7.418 0 77.197 -7.418 0
4 15 55.418 -7.636 0 47.871 -7.636 0 47.871 -7.418 0 55.418 -7.418 0
4 15 16.819 -7.636 0 16.604 -7.636 0 16.604 -7.418 0 16.819 -7.418 0
4 15 141.24 -7.418 0 134.34 -7.418 0 134.34 -7.2 0 141.24 -7.2 0
4 15 133.046 -7.418 0 126.146 -7.418 0 126.146 -7.2 0 133.046 -7.2 0
4 15 106.739 -7.636 0 100.701 -7.636 0 100.701 -7.2 0 106.739 -7.2 0
4 15 96.173 -7.636 0 87.116 -7.636 0 87.116 -7.2 0 96.173 -7.2 0
4 15 77.412 -7.418 0 70.943 -7.418 0 70.943 -7.2 0 77.412 -7.2 0
4 15 55.202 -7.418 0 47.871 -7.418 0 47.871 -7.2 0 55.202 -7.2 0
4 15 46.146 -8.291 0 40.323 -8.291 0 40.323 -7.2 0 46.146 -7.2 0
4 15 36.658 -7.855 0 30.404 -7.855 0 30.404 -7.2 0 36.658 -7.2 0
4 6 16.604 -7.418 0 16.388 -7.418 0 16.388 -7.2 0 16.604 -7.2 0
4 15 16.388 -7.636 0 10.997 -7.636 0 10.997 -7.2 0 16.388 -7.2 0
4 15 141.024 -7.2 0 134.124 -7.2 0 134.124 -6.982 0 141.024 -6.982 0
4 15 133.046 -7.2 0 125.93 -7.2 0 125.93 -6.982 0 133.046 -6.982 0
4 15 106.954 -7.2 0 100.701 -7.2 0 100.701 -6.982 0 106.954 -6.982 0
4 15 95.741 -7.2 0 86.685 -7.2 0 86.685 -6.982 0 95.741 -6.982 0
4 15 55.418 -7.2 0 47.655 -7.2 0 47.655 -6.982 0 55.418 -6.982 0
4 15 46.361 -7.2 0 40.323 -7.2 0 40.323 -6.982 0 46.361 -6.982 0
4 15 36.658 -7.2 0 30.62 -7.2 0 30.62 -6.982 0 36.658 -6.982 0
4 15 141.24 -6.982 0 133.693 -6.982 0 133.693 -6.764 0 141.24 -6.764 0
4 15 133.477 -6.982 0 126.361 -6.982 0 126.361 -6.764 0 133.477 -6.764 0
4 15 106.954 -6.982 0 100.485 -6.982 0 100.485 -6.764 0 106.954 -6.764 0
4 15 95.526 -6.982 0 86.685 -6.982 0 86.685 -6.764 0 95.526 -6.764 0
4 15 77.197 -7.2 0 70.943 -7.2 0 70.943 -6.764 0 77.197 -6.764 0
4 15 55.202 -6.982 0 47.439 -6.982 0 47.439 -6.764 0 55.202 -6.764 0
4 15 46.146 -6.982 0 40.323 -6.982 0 40.323 -6.764 0 46.146 -6.764 0
4 15 16.604 -7.2 0 10.997 -7.2 0 10.997 -6.764 0 16.604 -6.764 0
4 15 141.024 -6.764 0 126.146 -6.764 0 126.146 -6.545 0 141.024 -6.545 0
4 15 95.094 -6.764 0 86.253 -6.764 0 86.253 -6.545 0 95.094 -6.545 0
4 15 77.412 -6.764 0 70.943 -6.764 0 70.943 -6.545 0 77.412 -6.545 0
4 15 54.987 -6.764 0 47.439 -6.764 0 47.439 -6.545 0 54.987 -6.545 0
4 15 46.146 -6.764 0 40.539 -6.764 0 40.539 -6.545 0 46.146 -6.545 0
4 15 36.658 -6.982 0 30.404 -6.982 0 30.404 -6.545 0 36.658 -6.545 0
4 15 16.819 -6.764 0 10.997 -6.764 0 10.997 -6.545 0 16.819 -6.545 0
4 15 140.809 -6.545 0 126.361 -6.545 0 126.361 -6.327 0 140.809 -6.327 0
4 15 36.658 -6.545 0 30.189 -6.545 0 30.189 -6.327 0 36.658 -6.327 0
4 15 140.593 -6.327 0 126.577 -6.327 0 126.577 -6.109 0 140.593 -6.109 0
4 15 106.739 -6.764 0 100.701 -6.764 0 100.701 -6.109 0 106.739 -6.109 0
4 15 94.879 -6.545 0 85.822 -6.545 0 85.822 -6.109 0 94.879 -6.109 0
4 15 85.606 -6.327 0 85.391 -6.327 0 85.391 -6.109 0 85.606 -6.109 0
4 15 77.197 -6.545 0 70.943 -6.545 0 70.943 -6.109 0 77.197 -6.109 0
4 15 54.555 -6.545 0 40.539 -6.545 0 40.539 -6.109 0 54.555 -6.109 0
4 15 36.658 -6.327 0 29.973 -6.327 0 29.973 -6.109 0 36.658 -6.109 0
4 15 16.604 -6.545 0 10.997 -6.545 0 10.997 -6.109 0 16.604 -6.109 0
4 15 106.954 -6.109 0 100.701 -6.109 0 100.701 -5.891 0 106.954 -5.891 0
4 15 94.447 -6.109 0 85.391 -6.109 0 85.391 -5.891 0 94.447 -5.891 0
4 6 67.925 -6.109 0 67.709 -6.109 0 67.709 -5.891 0 67.925 -5.891 0
4 15 36.658 -6.109 0 29.757 -6.109 0 29.757 -5.891 0 36.658 -5.891 0
4 15 140.809 -6.109 0 126.792 -6.109 0 126.792 -5.673 0 140.809 -5.673 0
4 15 94.447 -5.891 0 85.175 -5.891 0 85.175 -5.673 0 94.447 -5.673 0
4 15 54.34 -6.109 0 40.539 -6.109 0 40.539 -5.673 0 54.34 -5.673 0
4 15 16.819 -6.109 0 10.997 -6.109 0 10.997 -5.673 0 16.819 -5.673 0
4 15 140.162 -5.673 0 127.008 -5.673 0 127.008 -5.455 0 140.162 -5.455 0
4 15 106.739 -5.891 0 100.701 -5.891 0 100.701 -5.455 0 106.739 -5.455 0
4 15 94.016 -5.673 0 84.96 -5.673 0 84.96 -5.455 0 94.016 -5.455 0
4 15 54.124 -5.673 0 40.539 -5.673 0 40.539 -5.455 0 54.124 -5.455 0
4 15 36.658 -5.891 0 29.542 -5.891 0 29.542 -5.455 0 36.658 -5.455 0
4 15 140.377 -5.455 0 127.008 -5.455 0 127.008 -5.236 0 140.377 -5.236 0
4 15 106.954 -5.455 0 100.701 -5.455 0 100.701 -5.236 0 106.954 -5.236 0
4 15 93.801 -5.455 0 84.528 -5.455 0 84.528 -5.236 0 93.801 -5.236 0
4 6 54.34 -5.455 0 54.124 -5.455 0 54.124 -5.236 0 54.34 -5.236 0
4 15 36.442 -5.455 0 29.326 -5.455 0 29.326 -5.236 0 36.442 -5.236 0
4 15 17.466 -5.455 0 17.251 -5.455 0 17.251 -5.236 0 17.466 -5.236 0
4 8 17.251 -5.455 0 17.035 -5.455 0 17.035 -5.236 0 17.251 -5.236 0
4 15 17.035 -5.673 0 10.997 -5.673 0 10.997 -5.236 0 17.035 -5.236 0
4 15 140.162 -5.236 0 127.224 -5.236 0 127.224 -5.018 0 140.162 -5.018 0
4 15 93.369 -5.236 0 84.313 -5.236 0 84.313 -5.018 0 93.369 -5.018 0
4 15 53.908 -5.455 0 40.539 -5.455 0 40.539 -5.018 0 53.908 -5.018 0
4 15 36.442 -5.236 0 26.523 -5.236 0 26.523 -5.018 0 36.442 -5.018 0
4 15 17.898 -5.236 0 11.213 -5.236 0 11.213 -5.018 0 17.898 -5.018 0
4 15 140.162 -5.018 0 127.439 -5.018 0 127.439 -4.8 0 140.162 -4.8 0
4 15 93.369 -5.018 0 84.097 -5.018 0 84.097 -4.8 0 93.369 -4.8 0
4 15 53.693 -5.018 0 40.323 -5.018 0 40.323 -4.8 0 53.693 -4.8 0
4 15 36.442 -5.018 0 25.445 -5.018 0 25.445 -4.8 0 36.442 -4.8 0
4 22 25.445 -5.018 0 25.229 -5.018 0 25.229 -4.8 0 25.445 -4.8 0
4 15 25.013 -5.018 0 24.582 -5.018 0 24.582 -4.8 0 25.013 -4.8 0
4 15 18.976 -5.018 0 11.213 -5.018 0 11.213 -4.8 0 18.976 -4.8 0
4 15 139.946 -4.8 0 127.008 -4.8 0 127.008 -4.582 0 139.946 -4.582 0
4 15 93.154 -4.8 0 83.881 -4.8 0 83.881 -4.582 0 93.154 -4.582 0
4 15 67.709 -9.818 0 61.671 -9.818 0 61.671 -4.582 0 67.709 -4.582 0
4 15 53.477 -4.8 0 40.539 -4.8 0 40.539 -4.582 0 53.477 -4.582 0
4 15 139.946 -4.582 0 127.439 -4.582 0 127.439 -4.364 0 139.946 -4.364 0
4 15 117.089 -9.164 0 110.62 -9.164 0 110.62 -4.364 0 117.089 -4.364 0
4 15 92.722 -4.582 0 83.45 -4.582 0 83.45 -4.364 0 92.722 -4.364 0
4 15 67.925 -4.582 0 61.671 -4.582 0 61.671 -4.364 0 67.925 -4.364 0
4 15 53.261 -4.582 0 40.539 -4.582 0 40.539 -4.364 0 53.261 -4.364 0
4 15 139.73 -4.364 0 127.439 -4.364 0 127.439 -4.145 0 139.73 -4.145 0
4 15 117.305 -4.364 0 110.62 -4.364 0 110.62 -4.145 0 117.305 -4.145 0
4 15 92.507 -4.364 0 83.45 -4.364 0 83.45 -4.145 0 92.507 -4.145 0
4 15 53.477 -4.364 0 40.539 -4.364 0 40.539 -4.145 0 53.477 -4.145 0
4 15 36.442 -4.8 0 11.213 -4.8 0 11.213 -4.145 0 36.442 -4.145 0
4 15 139.73 -4.145 0 127.655 -4.145 0 127.655 -3.927 0 139.73 -3.927 0
4 15 106.739 -5.236 0 100.701 -5.236 0 100.701 -3.927 0 106.739 -3.927 0
4 15 92.291 -4.145 0 83.019 -4.145 0 83.019 -3.927 0 92.291 -3.927 0
4 15 36.442 -4.145 0 11.429 -4.145 0 11.429 -3.927 0 36.442 -3.927 0
4 15 139.515 -3.927 0 127.871 -3.927 0 127.871 -3.709 0 139.515 -3.709 0
4 15 106.954 -3.927 0 100.701 -3.927 0 100.701 -3.709 0 106.954 -3.709 0
4 15 92.075 -3.927 0 82.803 -3.927 0 82.803 -3.709 0 92.075 -3.709 0
4 15 53.046 -4.145 0 40.323 -4.145 0 40.323 -3.709 0 53.046 -3.709 0
4 15 139.299 -3.709 0 127.871 -3.709 0 127.871 -3.491 0 139.299 -3.491 0
4 15 117.089 -4.145 0 110.62 -4.145 0 110.62 -3.491 0 117.089 -3.491 0
4 15 91.86 -3.709 0 82.588 -3.709 0 82.588 -3.491 0 91.86 -3.491 0
4 15 52.83 -3.709 0 40.755 -3.709 0 40.755 -3.491 0 52.83 -3.491 0
4 15 36.226 -3.927 0 11.429 -3.927 0 11.429 -3.491 0 36.226 -3.491 0
4 15 139.299 -3.491 0 128.086 -3.491 0 128.086 -3.273 0 139.299 -3.273 0
4 15 117.305 -3.491 0 110.62 -3.491 0 110.62 -3.273 0 117.305 -3.273 0
4 15 106.739 -3.709 0 100.701 -3.709 0 100.701 -3.273 0 106.739 -3.273 0
4 15 91.644 -3.491 0 82.372 -3.491 0 82.372 -3.273 0 91.644 -3.273 0
4 15 52.83 -3.491 0 40.539 -3.491 0 40.539 -3.273 0 52.83 -3.273 0
4 15 36.011 -3.491 0 11.644 -3.491 0 11.644 -3.273 0 36.011 -3.273 0
4 15 139.084 -3.273 0 127.871 -3.273 0 127.871 -3.055 0 139.084 -3.055 0
4 15 117.089 -3.273 0 110.62 -3.273 0 110.62 -3.055 0 117.089 -3.055 0
4 15 91.429 -3.273 0 82.156 -3.273 0 82.156 -3.055 0 91.429 -3.055 0
4 15 67.709 -4.364 0 61.671 -4.364 0 61.671 -3.055 0 67.709 -3.055 0
4 15 36.226 -3.273 0 11.429 -3.273 0 11.429 -3.055 0 36.226 -3.055 0
4 15 139.084 -3.055 0 128.302 -3.055 0 128.302 -2.836 0 139.084 -2.836 0
4 15 117.089 -3.055 0 110.836 -3.055 0 110.836 -2.836 0 117.089 -2.836 0
4 15 106.954 -3.273 0 100.701 -3.273 0 100.701 -2.836 0 106.954 -2.836 0
4 15 91.429 -3.055 0 91.213 -3.055 0 91.213 -2.836 0 91.429 -2.836 0
4 15 67.925 -3.055 0 61.456 -3.055 0 61.456 -2.836 0 67.925 -2.836 0
4 15 52.615 -3.273 0 40.539 -3.273 0 40.539 -2.836 0 52.615 -2.836 0
4 15 36.226 -3.055 0 36.011 -3.055 0 36.011 -2.836 0 36.226 -2.836 0
4 15 35.795 -3.055 0 11.644 -3.055 0 11.644 -2.836 0 35.795 -2.836 0
4 15 138.868 -2.836 0 128.302 -2.836 0 128.302 -2.618 0 138.868 -2.618 0
4 15 117.305 -2.836 0 110.836 -2.836 0 110.836 -2.618 0 117.305 -2.618 0
4 15 90.997 -3.055 0 81.294 -3.055 0 81.294 -2.618 0 90.997 -2.618 0
4 15 67.709 -2.836 0 61.456 -2.836 0 61.456 -2.618 0 67.709 -2.618 0
4 15 35.58 -2.836 0 11.86 -2.836 0 11.86 -2.618 0 35.58 -2.618 0
4 15 139.084 -2.618 0 128.518 -2.618 0 128.518 -2.4 0 139.084 -2.4 0
4 15 90.997 -2.618 0 90.782 -2.618 0 90.782 -2.4 0 90.997 -2.4 0
4 15 90.566 -2.618 0 81.294 -2.618 0 81.294 -2.4 0 90.566 -2.4 0
4 15 52.183 -2.836 0 40.539 -2.836 0 40.539 -2.4 0 52.183 -2.4 0
4 6 35.795 -2.618 0 35.58 -2.618 0 35.58 -2.4 0 35.795 -2.4 0
4 15 35.364 -2.618 0 12.075 -2.618 0 12.075 -2.4 0 35.364 -2.4 0
4 15 139.084 -2.4 0 128.733 -2.4 0 128.733 -2.182 0 139.084 -2.182 0
4 15 106.739 -2.836 0 100.701 -2.836 0 100.701 -2.182 0 106.739 -2.182 0
4 15 90.35 -2.4 0 81.078 -2.4 0 81.078 -2.182 0 90.35 -2.182 0
4 15 51.968 -2.4 0 40.539 -2.4 0 40.539 -2.182 0 51.968 -2.182 0
4 15 35.364 -2.4 0 12.291 -2.4 0 12.291 -2.182 0 35.364 -2.182 0
4 15 139.084 -2.182 0 128.949 -2.182 0 128.949 -1.964 0 139.084 -1.964 0
4 15 117.089 -2.618 0 110.836 -2.618 0 110.836 -1.964 0 117.089 -1.964 0
4 15 89.919 -2.182 0 80.647 -2.182 0 80.647 -1.964 0 89.919 -1.964 0
4 15 51.752 -2.182 0 40.539 -2.182 0 40.539 -1.964 0 51.752 -1.964 0
4 15 35.148 -2.182 0 12.291 -2.182 0 12.291 -1.964 0 35.148 -1.964 0
4 15 139.084 -1.964 0 138.868 -1.964 0 138.868 -1.745 0 139.084 -1.745 0
4 15 138.652 -1.964 0 128.949 -1.964 0 128.949 -1.745 0 138.652 -1.745 0
4 15 117.305 -1.964 0 110.836 -1.964 0 110.836 -1.745 0 117.305 -1.745 0
4 15 67.709 -2.618 0 61.671 -2.618 0 61.671 -1.745 0 67.709 -1.745 0
4 15 51.968 -1.964 0 40.539 -1.964 0 40.539 -1.745 0 51.968 -1.745 0
4 15 34.933 -1.964 0 12.507 -1.964 0 12.507 -1.745 0 34.933 -1.745 0
4 15 138.652 -1.745 0 138.437 -1.745 0 138.437 -1.527 0 138.652 -1.527 0
4 15 138.221 -1.745 0 129.164 -1.745 0 129.164 -1.527 0 138.221 -1.527 0
4 6 128.733 -1.745 0 128.518 -1.745 0 128.518 -1.527 0 128.733 -1.527 0
4 15 117.52 -1.745 0 110.62 -1.745 0 110.62 -1.527 0 117.52 -1.527 0
4 15 106.739 -2.182 0 100.916 -2.182 0 100.916 -1.527 0 106.739 -1.527 0
4 15 89.919 -1.964 0 80.431 -1.964 0 80.431 -1.527 0 89.919 -1.527 0
4 15 67.709 -1.745 0 61.456 -1.745 0 61.456 -1.527 0 67.709 -1.527 0
4 15 51.536 -1.745 0 40.539 -1.745 0 40.539 -1.527 0 51.536 -1.527 0
4 15 34.933 -1.745 0 34.717 -1.745 0 34.717 -1.527 0 34.933 -1.527 0
4 15 34.501 -1.745 0 12.722 -1.745 0 12.722 -1.527 0 34.501 -1.527 0
4 15 137.358 -1.527 0 136.712 -1.527 0 136.712 -1.309 0 137.358 -1.309 0
4 15 136.496 -1.527 0 136.28 -1.527 0 136.28 -1.309 0 136.496 -1.309 0
4 15 134.987 -1.527 0 133.046 -1.527 0 133.046 -1.309 0 134.987 -1.309 0
4 15 132.615 -1.527 0 132.399 -1.527 0 132.399 -1.309 0 132.615 -1.309 0
4 15 131.536 -1.527 0 131.321 -1.527 0 131.321 -1.309 0 131.536 -1.309 0
4 15 130.889 -1.527 0 130.674 -1.527 0 130.674 -1.309 0 130.889 -1.309 0
4 15 130.243 -1.527 0 129.811 -1.527 0 129.811 -1.309 0 130.243 -1.309 0
4 15 129.596 -1.527 0 129.164 -1.527 0 129.164 -1.309 0 129.596 -1.309 0
4 15 117.305 -1.527 0 110.62 -1.527 0 110.62 -1.309 0 117.305 -1.309 0
4 15 107.17 -1.527 0 100.701 -1.527 0 100.701 -1.309 0 107.17 -1.309 0
4 15 89.488 -1.527 0 80.431 -1.527 0 80.431 -1.309 0 89.488 -1.309 0
4 15 77.412 -6.109 0 70.943 -6.109 0 70.943 -1.309 0 77.412 -1.309 0
4 15 67.925 -1.527 0 61.671 -1.527 0 61.671 -1.309 0 67.925 -1.309 0
4 15 51.752 -1.527 0 40.539 -1.527 0 40.539 -1.309 0 51.752 -1.309 0
4 15 33.854 -1.527 0 13.154 -1.527 0 13.154 -1.309 0 33.854 -1.309 0
4 15 117.089 -1.309 0 111.267 -1.309 0 111.267 -1.091 0 117.089 -1.091 0
4 15 106.523 -1.309 0 101.132 -1.309 0 101.132 -1.091 0 106.523 -1.091 0
4 15 89.057 -1.309 0 80.431 -1.309 0 80.431 -1.091 0 89.057 -1.091 0
4 15 77.412 -1.309 0 71.159 -1.309 0 71.159 -1.091 0 77.412 -1.091 0
4 12 61.456 -1.309 0 61.24 -1.309 0 61.24 -1.091 0 61.456 -1.091 0
4 15 33.423 -1.309 0 13.585 -1.309 0 13.585 -1.091 0 33.423 -1.091 0
4 15 116.011 -1.091 0 112.561 -1.091 0 112.561 -0.873 0 116.011 -0.873 0
4 15 105.876 -1.091 0 105.445 -1.091 0 105.445 -0.873 0 105.876 -0.873 0
4 15 88.41 -1.091 0 86.469 -1.091 0 86.469 -0.873 0 88.41 -0.873 0
4 15 86.253 -1.091 0 85.391 -1.091 0 85.391 -0.873 0 86.253 -0.873 0
4 15 85.175 -1.091 0 83.881 -1.091 0 83.881 -0.873 0 85.175 -0.873 0
4 15 83.666 -1.091 0 82.372 -1.091 0 82.372 -0.873 0 83.666 -0.873 0
4 15 82.156 -1.091 0 81.725 -1.091 0 81.725 -0.873 0 82.156 -0.873 0
4 15 81.294 -1.091 0 81.078 -1.091 0 81.078 -0.873 0 81.294 -0.873 0
4 15 77.628 -1.091 0 71.375 -1.091 0 71.375 -0.873 0 77.628 -0.873 0
4 15 67.709 -1.309 0 61.887 -1.309 0 61.887 -0.873 0 67.709 -0.873 0
4 15 51.105 -1.309 0 40.539 -1.309 0 40.539 -0.873 0 51.105 -0.873 0
4 15 32.776 -1.091 0 14.232 -1.091 0 14.232 -0.873 0 32.776 -0.873 0
4 12 158.491 -0.873 0 158.275 -0.873 0 158.275 -0.655 0 158.491 -0.655 0
4 12 158.275 -0.873 0 158.059 -0.873 0 158.059 -0.655 0 158.275 -0.655 0
4 12 158.059 -0.873 0 157.844 -0.873 0 157.844 -0.655 0 158.059 -0.655 0
4 15 76.119 -0.873 0 75.256 -0.873 0 75.256 -0.655 0 76.119 -0.655 0
4 15 67.062 -0.873 0 66.846 -0.873 0 66.846 -0.655 0 67.062 -0.655 0
4 15 66.415 -0.873 0 65.984 -0.873 0 65.984 -0.655 0 66.415 -0.655 0
4 15 50.889 -0.873 0 40.755 -0.873 0 40.755 -0.655 0 50.889 -0.655 0
4 15 32.345 -0.873 0 32.129 -0.873 0 32.129 -0.655 0 32.345 -0.655 0
4 15 31.914 -0.873 0 15.31 -0.873 0 15.31 -0.655 0 31.914 -0.655 0
4 8 158.491 -0.655 0 158.275 -0.655 0 158.275 -0.436 0 158.491 -0.436 0
4 8 158.275 -0.655 0 158.059 -0.655 0 158.059 -0.436 0 158.275 -0.436 0
4 15 47.008 -0.655 0 46.792 -0.655 0 46.792 -0.436 0 47.008 -0.436 0
4 15 46.361 -0.655 0 44.205 -0.655 0 44.205 -0.436 0 46.361 -0.436 0
4 15 43.127 -0.655 0 42.911 -0.655 0 42.911 -0.436 0 43.127 -0.436 0
4 15 42.48 -0.655 0 42.264 -0.655 0 42.264 -0.436 0 42.48 -0.436 0
4 15 41.617 -0.655 0 41.402 -0.655 0 41.402 -0.436 0 41.617 -0.436 0
4 15 30.836 -0.655 0 16.604 -0.655 0 16.604 -0.436 0 30.836 -0.436 0
4 15 16.388 -0.655 0 16.173 -0.655 0 16.173 -0.436 0 16.388 -0.436 0
4 15 15.957 -0.655 0 15.741 -0.655 0 15.741 -0.436 0 15.957 -0.436 0
4 28 159.784 -0.436 0 159.569 -0.436 0 159.569 -0.218 0 159.784 -0.218 0
4 28 159.569 -0.436 0 159.353 -0.436 0 159.353 -0.218 0 159.569 -0.218 0
4 28 159.353 -0.436 0 159.137 -0.436 0 159.137 -0.218 0 159.353 -0.218 0
4 28 159.137 -0.436 0 158.922 -0.436 0 158.922 -0.218 0 159.137 -0.218 0
4 28 158.922 -0.436 0 158.706 -0.436 0 158.706 -0.218 0 158.922 -0.218 0
4 28 158.706 -0.436 0 158.491 -0.436 0 158.491 -0.218 0 158.706 -0.218 0
4 28 158.491 -0.436 0 158.275 -0.436 0 158.275 -0.218 0 158.491 -0.218 0
4 28 158.275 -0.436 0 158.059 -0.436 0 158.059 -0.218 0 158.275 -0.218 0
4 28 157.628 -0.436 0 157.412 -0.436 0 157.412 -0.218 0 157.628 -0.218 0
4 28 157.412 -0.436 0 157.197 -0.436 0 157.197 -0.218 0 157.412 -0.218 0
4 28 157.197 -0.436 0 156.981 -0.436 0 156.981 -0.218 0 157.197 -0.218 0
4 28 156.981 -0.436 0 155.472 -0.436 0 155.472 -0.218 0 156.981 -0.218 0
4 28 155.472 -0.436 0 153.962 -0.436 0 153.962 -0.218 0 155.472 -0.218 0
4 28 153.962 -0.436 0 153.747 -0.436 0 153.747 -0.218 0 153.962 -0.218 0
4 28 153.747 -0.436 0 153.531 -0.436 0 153.531 -0.218 0 153.747 -0.218 0
4 28 153.531 -0.436 0 152.022 -0.436 0 152.022 -0.218 0 153.531 -0.218 0
4 28 152.022 -0.436 0 151.59 -0.436 0 151.59 -0.218 0 152.022 -0.218 0
4 28 151.59 -0.436 0 151.159 -0.436 0 151.159 -0.218 0 151.59 -0.218 0
4 28 151.159 -0.436 0 150.943 -0.436 0 150.943 -0.218 0 151.159 -0.218 0
4 28 150.943 -0.436 0 150.512 -0.436 0 150.512 -0.218 0 150.943 -0.218 0
4 28 150.512 -0.436 0 150.296 -0.436 0 150.296 -0.218 0 150.512 -0.218 0
4 28 150.296 -0.436 0 150.081 -0.436 0 150.081 -0.218 0 150.296 -0.218 0
4 28 150.081 -0.436 0 149.65 -0.436 0 149.65 -0.218 0 150.081 -0.218 0
4 28 149.65 -0.436 0 149.434 -0.436 0 149.434 -0.218 0 149.65 -0.218 0
4 28 149.434 -0.436 0 149.003 -0.436 0 149.003 -0.218 0 149.434 -0.218 0
4 28 149.003 -0.436 0 148.571 -0.436 0 148.571 -0.218 0 149.003 -0.218 0
4 28 148.571 -0.436 0 146.846 -0.436 0 146.846 -0.218 0 148.571 -0.218 0
4 28 146.846 -0.436 0 145.121 -0.436 0 145.121 -0.218 0 146.846 -0.218 0
4 28 145.121 -0.436 0 143.396 -0.436 0 143.396 -0.218 0 145.121 -0.218 0
4 28 143.396 -0.436 0 143.181 -0.436 0 143.181 -0.218 0 143.396 -0.218 0
4 28 143.181 -0.436 0 142.965 -0.436 0 142.965 -0.218 0 143.181 -0.218 0
4 22 142.965 -0.436 0 142.749 -0.436 0 142.749 -0.218 0 142.965 -0.218 0
4 22 142.749 -0.436 0 142.534 -0.436 0 142.534 -0.218 0 142.749 -0.218 0
4 22 142.534 -0.436 0 142.318 -0.436 0 142.318 -0.218 0 142.534 -0.218 0
4 28 142.318 -0.436 0 142.102 -0.436 0 142.102 -0.218 0 142.318 -0.218 0
4 28 142.102 -0.436 0 141.887 -0.436 0 141.887 -0.218 0 142.102 -0.218 0
4 28 141.887 -0.436 0 141.671 -0.436 0 141.671 -0.218 0 141.887 -0.218 0
4 22 141.671 -0.436 0 141.456 -0.436 0 141.456 -0.218 0 141.671 -0.218 0
4 28 141.456 -0.436 0 141.24 -0.436 0 141.24 -0.218 0 141.456 -0.218 0
4 22 141.24 -0.436 0 141.024 -0.436 0 141.024 -0.218 0 141.24 -0.218 0
4 28 141.024 -0.436 0 140.809 -0.436 0 140.809 -0.218 0 141.024 -0.218 0
4 22 140.809 -0.436 0 140.593 -0.436 0 140.593 -0.218 0 140.809 -0.218 0
4 28 140.593 -0.436 0 140.377 -0.436 0 140.377 -0.218 0 140.593 -0.218 0
4 22 140.377 -0.436 0 140.162 -0.436 0 140.162 -0.218 0 140.377 -0.218 0
4 28 140.162 -0.436 0 139.946 -0.436 0 139.946 -0.218 0 140.162 -0.218 0
4 8 139.946 -0.436 0 139.73 -0.436 0 139.73 -0.218 0 139.946 -0.218 0
4 28 139.73 -0.436 0 139.515 -0.436 0 139.515 -0.218 0 139.73 -0.218 0
4 12 139.515 -0.436 0 139.299 -0.436 0 139.299 -0.218 0 139.515 -0.218 0
4 12 139.299 -0.436 0 139.084 -0.436 0 139.084 -0.218 0 139.299 -0.218 0
4 12 139.084 -0.436 0 138.868 -0.436 0 138.868 -0.218 0 139.084 -0.218 0
4 12 138.868 -0.436 0 138.652 -0.436 0 138.652 -0.218 0 138.868 -0.218 0
4 12 138.652 -0.436 0 138.437 -0.436 0 138.437 -0.218 0 138.652 -0.218 0
4 12 138.437 -0.436 0 138.221 -0.436 0 138.221 -0.218 0 138.437 -0.218 0
4 12 136.496 -0.436 0 136.28 -0.436 0 136.28 -0.218 0 136.496 -0.218 0
4 12 117.52 -0.436 0 117.305 -0.436 0 117.305 -0.218 0 117.52 -0.218 0
4 12 108.895 -0.436 0 108.679 -0.436 0 108.679 -0.218 0 108.895 -0.218 0
4 12 108.679 -0.436 0 108.464 -0.436 0 108.464 -0.218 0 108.679 -0.218 0
4 12 108.464 -0.436 0 108.248 -0.436 0 108.248 -0.218 0 108.464 -0.218 0
4 12 108.248 -0.436 0 108.032 -0.436 0 108.032 -0.218 0 108.248 -0.218 0
4 12 107.601 -0.436 0 107.385 -0.436 0 107.385 -0.218 0 107.601 -0.218 0
4 12 107.385 -0.436 0 107.17 -0.436 0 107.17 -0.218 0 107.385 -0.218 0
4 12 73.962 -0.436 0 73.747 -0.436 0 73.747 -0.218 0 73.962 -0.218 0
4 6 29.757 -0.436 0 29.542 -0.436 0 29.542 -0.218 0 29.757 -0.218 0
4 12 28.032 -0.436 0 27.817 -0.436 0 27.817 -0.218 0 28.032 -0.218 0
4 15 27.817 -0.436 0 25.229 -0.436 0 25.229 -0.218 0 27.817 -0.218 0
4 12 24.798 -0.436 0 24.582 -0.436 0 24.582 -0.218 0 24.798 -0.218 0
4 12 24.582 -0.436 0 24.367 -0.436 0 24.367 -0.218 0 24.582 -0.218 0
4 15 24.367 -0.436 0 23.72 -0.436 0 23.72 -0.218 0 24.367 -0.218 0
4 15 23.504 -0.436 0 23.073 -0.436 0 23.073 -0.218 0 23.504 -0.218 0
4 12 23.073 -0.436 0 22.857 -0.436 0 22.857 -0.218 0 23.073 -0.218 0
4 15 22.857 -0.436 0 19.407 -0.436 0 19.407 -0.218 0 22.857 -0.218 0
4 7 160 -0.436 0 159.784 -0.436 0 159.784 0 0 160 0 0
4 7 159.784 -0.218 0 159.569 -0.218 0 159.569 0 0 159.784 0 0
4 7 159.569 -0.218 0 159.353 -0.218 0 159.353 0 0 159.569 0 0
4 7 159.353 -0.218 0 159.137 -0.218 0 159.137 0 0 159.353 0 0
4 7 159.137 -0.218 0 158.922 -0.218 0 158.922 0 0 159.137 0 0
4 7 158.922 -0.218 0 158.706 -0.218 0 158.706 0 0 158.922 0 0
4 7 158.706 -0.218 0 158.491 -0.218 0 158.491 0 0 158.706 0 0
4 7 158.491 -0.218 0 158.275 -0.218 0 158.275 0 0 158.491 0 0
4 7 158.275 -0.218 0 158.059 -0.218 0 158.059 0 0 158.275 0 0
4 7 158.059 -0.436 0 157.844 -0.436 0 157.844 0 0 158.059 0 0
4 7 157.844 -0.436 0 157.628 -0.436 0 157.628 0 0 157.844 0 0
4 7 157.628 -0.218 0 157.412 -0.218 0 157.412 0 0 157.628 0 0
4 7 157.412 -0.218 0 157.197 -0.218 0 157.197 0 0 157.412 0 0
4 7 157.197 -0.218 0 156.981 -0.218 0 156.981 0 0 157.197 0 0
4 7 156.981 -0.218 0 156.765 -0.218 0 156.765 0 0 156.981 0 0
4 7 156.765 -0.218 0 156.55 -0.218 0 156.55 0 0 156.765 0 0
4 7 156.55 -0.218 0 156.334 -0.218 0 156.334 0 0 156.55 0 0
4 7 156.334 -0.218 0 156.119 -0.218 0 156.119 0 0 156.334 0 0
4 7 156.119 -0.218 0 155.903 -0.218 0 155.903 0 0 156.119 0 0
4 7 155.903 -0.218 0 155.687 -0.218 0 155.687 0 0 155.903 0 0
4 7 155.687 -0.218 0 155.472 -0.218 0 155.472 0 0 155.687 0 0
4 7 155.472 -0.218 0 155.256 -0.218 0 155.256 0 0 155.472 0 0
4 7 155.256 -0.218 0 155.04 -0.218 0 155.04 0 0 155.256 0 0
4 7 155.04 -0.218 0 154.825 -0.218 0 154.825 0 0 155.04 0 0
4 7 154.825 -0.218 0 154.609 -0.218 0 154.609 0 0 154.825 0 0
4 7 154.609 -0.218 0 154.394 -0.218 0 154.394 0 0 154.609 0 0
4 7 154.394 -0.218 0 154.178 -0.218 0 154.178 0 0 154.394 0 0
4 7 154.178 -0.218 0 153.962 -0.218 0 153.962 0 0 154.178 0 0
4 7 153.962 -0.218 0 153.747 -0.218 0 153.747 0 0 153.962 0 0
4 7 153.747 -0.218 0 153.531 -0.218 0 153.531 0 0 153.747 0 0
4 7 153.531 -0.218 0 152.022 -0.218 0 152.022 0 0 153.531 0 0
4 7 152.022 -0.218 0 151.59 -0.218 0 151.59 0 0 152.022 0 0
4 7 151.59 -0.218 0 151.375 -0.218 0 151.375 0 0 151.59 0 0
4 7 151.375 -0.218 0 150.943 -0.218 0 150.943 0 0 151.375 0 0
4 7 150.943 -0.218 0 150.728 -0.218 0 150.728 0 0 150.943 0 0
4 7 150.728 -0.218 0 150.296 -0.218 0 150.296 0 0 150.728 0 0
4 7 150.296 -0.218 0 150.081 -0.218 0 150.081 0 0 150.296 0 0
4 7 150.081 -0.218 0 149.65 -0.218 0 149.65 0 0 150.081 0 0
4 7 149.65 -0.218 0 149.434 -0.218 0 149.434 0 0 149.65 0 0
4 7 149.434 -0.218 0 149.003 -0.218 0 149.003 0 0 149.434 0 0
4 7 149.003 -0.218 0 148.571 -0.218 0 148.571 0 0 149.003 0 0
4 7 148.571 -0.218 0 146.846 -0.218 0 146.846 0 0 148.571 0 0
4 7 146.846 -0.218 0 146.415 -0.218 0 146.415 0 0 146.846 0 0
4 7 146.415 -0.218 0 146.199 -0.218 0 146.199 0 0 146.415 0 0
4 7 146.199 -0.218 0 145.984 -0.218 0 145.984 0 0 146.199 0 0
4 7 145.984 -0.218 0 145.768 -0.218 0 145.768 0 0 145.984 0 0
4 7 145.768 -0.218 0 145.553 -0.218 0 145.553 0 0 145.768 0 0
4 7 145.553 -0.218 0 145.337 -0.218 0 145.337 0 0 145.553 0 0
4 7 145.337 -0.218 0 145.121 -0.218 0 145.121 0 0 145.337 0 0
4 7 145.121 -0.218 0 144.906 -0.218 0 144.906 0 0 145.121 0 0
4 7 144.906 -0.218 0 144.69 -0.218 0 144.69 0 0 144.906 0 0
4 7 144.69 -0.218 0 144.474 -0.218 0 144.474 0 0 144.69 0 0
4 7 144.474 -0.218 0 144.259 -0.218 0 144.259 0 0 144.474 0 0
4 7 144.259 -0.218 0 144.043 -0.218 0 144.043 0 0 144.259 0 0
4 7 144.043 -0.218 0 143.827 -0.218 0 143.827 0 0 144.043 0 0
4 7 143.827 -0.218 0 143.396 -0.218 0 143.396 0 0 143.827 0 0
4 7 143.396 -0.218 0 143.181 -0.218 0 143.181 0 0 143.396 0 0
4 7 143.181 -0.218 0 142.965 -0.218 0 142.965 0 0 143.181 0 0
4 7 142.965 -0.218 0 142.749 -0.218 0 142.749 0 0 142.965 0 0
4 7 142.749 -0.218 0 142.534 -0.218 0 142.534 0 0 142.749 0 0
4 7 142.534 -0.218 0 142.318 -0.218 0 142.318 0 0 142.534 0 0
4 7 142.318 -0.218 0 142.102 -0.218 0 142.102 0 0 142.318 0 0
4 7 142.102 -0.218 0 141.887 -0.218 0 141.887 0 0 142.102 0 0
4 7 141.887 -0.218 0 141.671 -0.218 0 141.671 0 0 141.887 0 0
4 7 141.671 -0.218 0 141.456 -0.218 0 141.456 0 0 141.671 0 0
4 7 141.456 -0.218 0 141.24 -0.218 0 141.24 0 0 141.456 0 0
4 7 141.24 -0.218 0 141.024 -0.218 0 141.024 0 0 141.24 0 0
4 7 141.024 -0.218 0 140.809 -0.218 0 140.809 0 0 141.024 0 0
4 7 140.809 -0.218 0 140.593 -0.218 0 140.593 0 0 140.809 0 0
4 7 140.593 -0.218 0 140.377 -0.218 0 140.377 0 0 140.593 0 0
4 7 140.377 -0.218 0 140.162 -0.218 0 140.162 0 0 140.377 0 0
4 7 140.162 -0.218 0 139.946 -0.218 0 139.946 0 0 140.162 0 0
4 7 139.946 -0.218 0 139.73 -0.218 0 139.73 0 0 139.946 0 0
4 7 139.73 -0.218 0 139.515 -0.218 0 139.515 0 0 139.73 0 0
4 7 139.515 -0.218 0 139.299 -0.218 0 139.299 0 0 139.515 0 0
4 7 139.299 -0.218 0 139.084 -0.218 0 139.084 0 0 139.299 0 0
4 7 139.084 -0.218 0 138.868 -0.218 0 138.868 0 0 139.084 0 0
4 28 138.868 -0.218 0 138.652 -0.218 0 138.652 0 0 138.868 0 0
4 28 138.652 -0.218 0 138.437 -0.218 0 138.437 0 0 138.652 0 0
4 28 138.437 -0.218 0 138.221 -0.218 0 138.221 0 0 138.437 0 0
4 28 138.221 -0.218 0 138.005 -0.218 0 138.005 0 0 138.221 0 0
4 28 138.005 -0.218 0 137.79 -0.218 0 137.79 0 0 138.005 0 0
4 28 137.79 -0.218 0 137.574 -0.218 0 137.574 0 0 137.79 0 0
4 28 137.574 -0.218 0 137.358 -0.218 0 137.358 0 0 137.574 0 0
4 28 137.358 -0.218 0 137.143 -0.218 0 137.143 0 0 137.358 0 0
4 28 137.143 -0.218 0 136.927 -0.218 0 136.927 0 0 137.143 0 0
4 7 136.927 -0.218 0 136.712 -0.218 0 136.712 0 0 136.927 0 0
4 28 136.712 -0.218 0 136.496 -0.218 0 136.496 0 0 136.712 0 0
4 28 136.496 -0.218 0 136.28 -0.218 0 136.28 0 0 136.496 0 0
4 28 136.28 -0.218 0 136.065 -0.218 0 136.065 0 0 136.28 0 0
4 28 136.065 -0.218 0 135.849 -0.218 0 135.849 0 0 136.065 0 0
4 28 135.849 -0.218 0 135.633 -0.218 0 135.633 0 0 135.849 0 0
4 28 135.633 -0.218 0 135.418 -0.218 0 135.418 0 0 135.633 0 0
4 28 135.418 -0.218 0 135.202 -0.218 0 135.202 0 0 135.418 0 0
4 28 135.202 -0.218 0 134.987 -0.218 0 134.987 0 0 135.202 0 0
4 28 134.987 -0.218 0 134.771 -0.218 0 134.771 0 0 134.987 0 0
4 28 134.771 -0.218 0 134.555 -0.218 0 134.555 0 0 134.771 0 0
4 28 134.555 -0.218 0 134.34 -0.218 0 134.34 0 0 134.555 0 0
4 28 134.34 -0.218 0 134.124 -0.218 0 134.124 0 0 134.34 0 0
4 28 134.124 -0.218 0 133.908 -0.218 0 133.908 0 0 134.124 0 0
4 28 133.908 -0.218 0 133.693 -0.218 0 133.693 0 0 133.908 0 0
4 28 133.693 -0.218 0 133.477 -0.218 0 133.477 0 0 133.693 0 0
4 28 133.477 -0.218 0 133.261 -0.218 0 133.261 0 0 133.477 0 0
4 28 133.261 -0.218 0 133.046 -0.218 0 133.046 0 0 133.261 0 0
4 28 133.046 -0.218 0 132.83 -0.218 0 132.83 0 0 133.046 0 0
4 28 132.83 -0.218 0 132.615 -0.218 0 132.615 0 0 132.83 0 0
4 28 132.615 -0.218 0 132.399 -0.218 0 132.399 0 0 132.615 0 0
4 28 132.399 -0.218 0 132.183 -0.218 0 132.183 0 0 132.399 0 0
4 28 132.183 -0.218 0 131.968 -0.218 0 131.968 0 0 132.183 0 0
4 28 131.968 -0.218 0 131.752 -0.218 0 131.752 0 0 131.968 0 0
4 28 131.752 -0.218 0 131.536 -0.218 0 131.536 0 0 131.752 0 0
4 28 131.536 -0.218 0 131.321 -0.218 0 131.321 0 0 131.536 0 0
4 28 131.321 -0.218 0 131.105 -0.218 0 131.105 0 0 131.321 0 0
4 28 131.105 -0.218 0 130.889 -0.218 0 130.889 0 0 131.105 0 0
4 28 130.889 -0.218 0 130.674 -0.218 0 130.674 0 0 130.889 0 0
4 28 130.674 -0.218 0 130.458 -0.218 0 130.458 0 0 130.674 0 0
4 28 130.458 -0.218 0 130.243 -0.218 0 130.243 0 0 130.458 0 0
4 28 130.243 -0.218 0 130.027 -0.218 0 130.027 0 0 130.243 0 0
4 28 130.027 -0.218 0 129.811 -0.218 0 129.811 0 0 130.027 0 0
4 28 129.811 -0.218 0 129.596 -0.218 0 129.596 0 0 129.811 0 0
4 28 129.596 -0.218 0 129.38 -0.218 0 129.38 0 0 129.596 0 0
4 28 129.38 -0.218 0 129.164 -0.218 0 129.164 0 0 129.38 0 0
4 28 129.164 -0.218 0 128.949 -0.218 0 128.949 0 0 129.164 0 0
4 28 128.949 -0.218 0 128.733 -0.218 0 128.733 0 0 128.949 0 0
4 28 128.733 -0.218 0 128.518 -0.218 0 128.518 0 0 128.733 0 0
4 28 128.518 -0.218 0 128.302 -0.218 0 128.302 0 0 128.518 0 0
4 28 128.302 -0.218 0 127.871 -0.218 0 127.871 0 0 128.302 0 0
4 28 127.871 -0.218 0 127.655 -0.218 0 127.655 0 0 127.871 0 0
4 28 127.655 -0.218 0 127.439 -0.218 0 127.439 0 0 127.655 0 0
4 28 127.439 -0.218 0 127.224 -0.218 0 127.224 0 0 127.439 0 0
4 28 127.224 -0.218 0 127.008 -0.218 0 127.008 0 0 127.224 0 0
4 28 127.008 -0.218 0 126.792 -0.218 0 126.792 0 0 127.008 0 0
4 28 126.792 -0.218 0 126.577 -0.218 0 126.577 0 0 126.792 0 0
4 28 126.577 -0.218 0 126.361 -0.218 0 126.361 0 0 126.577 0 0
4 28 126.361 -0.218 0 126.146 -0.218 0 126.146 0 0 126.361 0 0
4 28 126.146 -0.218 0 125.93 -0.218 0 125.93 0 0 126.146 0 0
4 28 125.93 -0.218 0 125.714 -0.218 0 125.714 0 0 125.93 0 0
4 28 125.714 -0.218 0 125.499 -0.218 0 125.499 0 0 125.714 0 0
4 28 125.499 -0.218 0 125.283 -0.218 0 125.283 0 0 125.499 0 0
4 28 125.283 -0.218 0 125.067 -0.218 0 125.067 0 0 125.283 0 0
4 28 125.067 -0.218 0 124.852 -0.218 0 124.852 0 0 125.067 0 0
4 28 124.852 -0.218 0 124.636 -0.218 0 124.636 0 0 124.852 0 0
4 28 124.636 -0.218 0 124.42 -0.218 0 124.42 0 0 124.636 0 0
4 28 124.42 -0.218 0 124.205 -0.218 0 124.205 0 0 124.42 0 0
4 28 124.205 -0.218 0 123.989 -0.218 0 123.989 0 0 124.205 0 0
4 28 123.989 -0.218 0 123.774 -0.218 0 123.774 0 0 123.989 0 0
4 28 123.774 -0.218 0 123.558 -0.218 0 123.558 0 0 123.774 0 0
4 28 123.558 -0.218 0 123.342 -0.218 0 123.342 0 0 123.558 0 0
4 28 123.342 -0.218 0 123.127 -0.218 0 123.127 0 0 123.342 0 0
4 28 123.127 -0.218 0 122.911 -0.218 0 122.911 0 0 123.127 0 0
4 28 122.911 -0.218 0 122.695 -0.218 0 122.695 0 0 122.911 0 0
4 28 122.695 -0.218 0 122.48 -0.218 0 122.48 0 0 122.695 0 0
4 28 122.48 -0.218 0 122.264 -0.218 0 122.264 0 0 122.48 0 0
4 28 122.264 -0.218 0 122.049 -0.218 0 122.049 0 0 122.264 0 0
4 28 122.049 -0.218 0 121.833 -0.218 0 121.833 0 0 122.049 0 0
4 28 121.833 -0.218 0 121.617 -0.218 0 121.617 0 0 121.833 0 0
4 28 121.617 -0.218 0 121.402 -0.218 0 121.402 0 0 121.617 0 0
4 28 121.402 -0.218 0 121.186 -0.218 0 121.186 0 0 121.402 0 0
4 28 121.186 -0.218 0 120.97 -0.218 0 120.97 0 0 121.186 0 0
4 28 120.97 -0.218 0 120.755 -0.218 0 120.755 0 0 120.97 0 0
4 28 120.755 -0.218 0 120.539 -0.218 0 120.539 0 0 120.755 0 0
4 28 120.539 -0.218 0 120.323 -0.218 0 120.323 0 0 120.539 0 0
4 28 120.323 -0.218 0 120.108 -0.218 0 120.108 0 0 120.323 0 0
4 28 120.108 -0.218 0 119.892 -0.218 0 119.892 0 0 120.108 0 0
4 28 119.892 -0.218 0 119.677 -0.218 0 119.677 0 0 119.892 0 0
4 28 119.677 -0.218 0 119.461 -0.218 0 119.461 0 0 119.677 0 0
4 28 119.461 -0.218 0 119.245 -0.218 0 119.245 0 0 119.461 0 0
4 28 119.245 -0.218 0 119.03 -0.218 0 119.03 0 0 119.245 0 0
4 28 119.03 -0.218 0 118.814 -0.218 0 118.814 0 0 119.03 0 0
4 28 118.814 -0.218 0 118.598 -0.218 0 118.598 0 0 118.814 0 0
4 28 118.598 -0.218 0 118.383 -0.218 0 118.383 0 0 118.598 0 0
4 28 118.383 -0.218 0 118.167 -0.218 0 118.167 0 0 118.383 0 0
4 28 118.167 -0.218 0 117.951 -0.218 0 117.951 0 0 118.167 0 0
4 28 117.951 -0.218 0 117.736 -0.218 0 117.736 0 0 117.951 0 0
4 28 117.736 -0.218 0 117.52 -0.218 0 117.52 0 0 117.736 0 0
4 28 117.52 -0.218 0 117.305 -0.218 0 117.305 0 0 117.52 0 0
4 28 117.305 -0.218 0 117.089 -0.218 0 117.089 0 0 117.305 0 0
4 28 117.089 -0.218 0 116.873 -0.218 0 116.873 0 0 117.089 0 0
4 28 116.873 -0.218 0 116.658 -0.218 0 116.658 0 0 116.873 0 0
4 28 116.658 -0.218 0 116.442 -0.218 0 116.442 0 0 116.658 0 0
4 28 116.442 -0.218 0 116.226 -0.218 0 116.226 0 0 116.442 0 0
4 28 116.226 -0.218 0 116.011 -0.218 0 116.011 0 0 116.226 0 0
4 28 116.011 -0.218 0 115.795 -0.218 0 115.795 0 0 116.011 0 0
4 28 115.795 -0.218 0 115.58 -0.218 0 115.58 0 0 115.795 0 0
4 28 115.58 -0.218 0 115.148 -0.218 0 115.148 0 0 115.58 0 0
4 28 115.148 -0.218 0 114.933 -0.218 0 114.933 0 0 115.148 0 0
4 28 114.933 -0.218 0 114.717 -0.218 0 114.717 0 0 114.933 0 0
4 28 114.717 -0.218 0 114.286 -0.218 0 114.286 0 0 114.717 0 0
4 28 114.286 -0.218 0 114.07 -0.218 0 114.07 0 0 114.286 0 0
4 28 114.07 -0.218 0 113.854 -0.218 0 113.854 0 0 114.07 0 0
4 28 113.854 -0.218 0 113.639 -0.218 0 113.639 0 0 113.854 0 0
4 28 113.639 -0.218 0 113.423 -0.218 0 113.423 0 0 113.639 0 0
4 28 113.423 -0.218 0 113.208 -0.218 0 113.208 0 0 113.423 0 0
4 28 113.208 -0.218 0 112.992 -0.218 0 112.992 0 0 113.208 0 0
4 28 112.992 -0.218 0 112.776 -0.218 0 112.776 0 0 112.992 0 0
4 28 112.776 -0.218 0 112.561 -0.218 0 112.561 0 0 112.776 0 0
4 28 112.561 -0.218 0 112.345 -0.218 0 112.345 0 0 112.561 0 0
4 28 112.345 -0.218 0 112.129 -0.218 0 112.129 0 0 112.345 0 0
4 28 112.129 -0.218 0 111.914 -0.218 0 111.914 0 0 112.129 0 0
4 28 111.914 -0.218 0 111.698 -0.218 0 111.698 0 0 111.914 0 0
4 28 111.698 -0.218 0 111.482 -0.218 0 111.482 0 0 111.698 0 0
4 28 111.482 -0.218 0 111.267 -0.218 0 111.267 0 0 111.482 0 0
4 28 111.267 -0.218 0 111.051 -0.218 0 111.051 0 0 111.267 0 0
4 28 111.051 -0.218 0 110.836 -0.218 0 110.836 0 0 111.051 0 0
4 13 110.836 -0.218 0 110.62 -0.218 0 110.62 0 0 110.836 0 0
4 28 110.62 -0.218 0 110.404 -0.218 0 110.404 0 0 110.62 0 0
4 28 110.404 -0.218 0 110.189 -0.218 0 110.189 0 0 110.404 0 0
4 28 110.189 -0.218 0 109.973 -0.218 0 109.973 0 0 110.189 0 0
4 28 109.973 -0.218 0 109.757 -0.218 0 109.757 0 0 109.973 0 0
4 28 109.757 -0.218 0 109.542 -0.218 0 109.542 0 0 109.757 0 0
4 28 109.542 -0.218 0 109.326 -0.218 0 109.326 0 0 109.542 0 0
4 28 109.326 -0.218 0 109.111 -0.218 0 109.111 0 0 109.326 0 0
4 28 109.111 -0.218 0 108.895 -0.218 0 108.895 0 0 109.111 0 0
4 28 108.895 -0.218 0 108.679 -0.218 0 108.679 0 0 108.895 0 0
4 28 108.679 -0.218 0 108.464 -0.218 0 108.464 0 0 108.679 0 0
4 28 108.464 -0.218 0 108.248 -0.218 0 108.248 0 0 108.464 0 0
4 28 108.248 -0.218 0 108.032 -0.218 0 108.032 0 0 108.248 0 0
4 28 108.032 -0.218 0 107.817 -0.218 0 107.817 0 0 108.032 0 0
4 28 107.817 -0.218 0 107.601 -0.218 0 107.601 0 0 107.817 0 0
4 28 107.601 -0.218 0 107.385 -0.218 0 107.385 0 0 107.601 0 0
4 28 107.385 -0.218 0 107.17 -0.218 0 107.17 0 0 107.385 0 0
4 12 107.17 -0.218 0 106.954 -0.218 0 106.954 0 0 107.17 0 0
4 12 106.954 -0.436 0 106.739 -0.436 0 106.739 0 0 106.954 0 0
4 12 106.739 -0.436 0 106.523 -0.436 0 106.523 0 0 106.739 0 0
4 12 106.523 -0.218 0 106.307 -0.218 0 106.307 0 0 106.523 0 0
4 12 106.307 -0.218 0 106.092 -0.218 0 106.092 0 0 106.307 0 0
4 28 106.092 -0.218 0 105.876 -0.218 0 105.876 0 0 106.092 0 0
4 28 105.876 -0.218 0 105.66 -0.218 0 105.66 0 0 105.876 0 0
4 28 105.66 -0.218 0 105.445 -0.218 0 105.445 0 0 105.66 0 0
4 28 105.445 -0.218 0 105.229 -0.218 0 105.229 0 0 105.445 0 0
4 28 105.229 -0.218 0 105.013 -0.218 0 105.013 0 0 105.229 0 0
4 28 105.013 -0.218 0 104.798 -0.218 0 104.798 0 0 105.013 0 0
4 12 104.798 -0.218 0 104.582 -0.218 0 104.582 0 0 104.798 0 0
4 12 104.582 -0.218 0 104.367 -0.218 0 104.367 0 0 104.582 0 0
4 12 104.367 -0.218 0 104.151 -0.218 0 104.151 0 0 104.367 0 0
4 12 104.151 -0.218 0 103.935 -0.218 0 103.935 0 0 104.151 0 0
4 28 103.935 -0.218 0 103.72 -0.218 0 103.72 0 0 103.935 0 0
4 12 103.72 -0.218 0 103.504 -0.218 0 103.504 0 0 103.72 0 0
4 12 103.504 -0.218 0 103.288 -0.218 0 103.288 0 0 103.504 0 0
4 12 103.288 -0.218 0 103.073 -0.218 0 103.073 0 0 103.288 0 0
4 12 103.073 -0.218 0 102.857 -0.218 0 102.857 0 0 103.073 0 0
4 12 102.857 -0.218 0 102.642 -0.218 0 102.642 0 0 102.857 0 0
4 5 102.642 -0.218 0 102.426 -0.218 0 102.426 0 0 102.642 0 0
4 5 102.426 -0.218 0 102.21 -0.218 0 102.21 0 0 102.426 0 0
4 28 102.21 -0.218 0 101.995 -0.218 0 101.995 0 0 102.21 0 0
4 12 101.995 -0.218 0 101.779 -0.218 0 101.779 0 0 101.995 0 0
4 12 101.779 -0.218 0 101.563 -0.218 0 101.563 0 0 101.779 0 0
4 12 101.563 -0.218 0 101.348 -0.218 0 101.348 0 0 101.563 0 0
4 12 101.348 -0.218 0 101.132 -0.218 0 101.132 0 0 101.348 0 0
4 12 101.132 -0.218 0 100.916 -0.218 0 100.916 0 0 101.132 0 0
4 12 100.916 -0.218 0 100.701 -0.218 0 100.701 0 0 100.916 0 0
4 12 100.701 -0.218 0 100.485 -0.218 0 100.485 0 0 100.701 0 0
4 28 100.485 -0.218 0 100.27 -0.218 0 100.27 0 0 100.485 0 0
4 28 100.27 -0.218 0 100.054 -0.218 0 100.054 0 0 100.27 0 0
4 28 100.054 -0.218 0 99.838 -0.218 0 99.838 0 0 100.054 0 0
4 28 99.838 -0.218 0 99.623 -0.218 0 99.623 0 0 99.838 0 0
4 28 99.623 -0.218 0 99.407 -0.218 0 99.407 0 0 99.623 0 0
4 28 99.407 -0.218 0 99.191 -0.218 0 99.191 0 0 99.407 0 0
4 28 99.191 -0.218 0 98.976 -0.218 0 98.976 0 0 99.191 0 0
4 28 98.976 -0.218 0 98.76 -0.218 0 98.76 0 0 98.976 0 0
4 28 98.76 -0.218 0 98.544 -0.218 0 98.544 0 0 98.76 0 0
4 12 98.544 -0.218 0 98.329 -0.218 0 98.329 0 0 98.544 0 0
4 12 98.329 -0.218 0 98.113 -0.218 0 98.113 0 0 98.329 0 0
4 12 98.113 -0.218 0 97.898 -0.218 0 97.898 0 0 98.113 0 0
4 12 97.898 -0.218 0 97.682 -0.218 0 97.682 0 0 97.898 0 0
4 12 97.682 -0.218 0 97.466 -0.218 0 97.466 0 0 97.682 0 0
4 12 97.466 -0.218 0 97.251 -0.218 0 97.251 0 0 97.466 0 0
4 12 97.251 -0.218 0 97.035 -0.218 0 97.035 0 0 97.251 0 0
4 12 97.035 -0.218 0 96.819 -0.218 0 96.819 0 0 97.035 0 0
4 12 96.819 -0.218 0 96.604 -0.218 0 96.604 0 0 96.819 0 0
4 12 96.604 -0.218 0 96.388 -0.218 0 96.388 0 0 96.604 0 0
4 12 96.388 -0.218 0 96.173 -0.218 0 96.173 0 0 96.388 0 0
4 12 96.173 -0.218 0 95.957 -0.218 0 95.957 0 0 96.173 0 0
4 12 95.957 -0.218 0 95.741 -0.218 0 95.741 0 0 95.957 0 0
4 12 95.741 -0.218 0 95.526 -0.218 0 95.526 0 0 95.741 0 0
4 12 95.526 -0.218 0 95.094 -0.218 0 95.094 0 0 95.526 0 0
4 12 95.094 -0.218 0 94.663 -0.218 0 94.663 0 0 95.094 0 0
4 12 94.663 -0.218 0 94.447 -0.218 0 94.447 0 0 94.663 0 0
4 12 94.447 -0.218 0 94.232 -0.218 0 94.232 0 0 94.447 0 0
4 12 94.232 -0.218 0 94.016 -0.218 0 94.016 0 0 94.232 0 0
4 12 94.016 -0.218 0 93.801 -0.218 0 93.801 0 0 94.016 0 0
4 12 93.801 -0.218 0 93.585 -0.218 0 93.585 0 0 93.801 0 0
4 12 93.585 -0.218 0 93.369 -0.218 0 93.369 0 0 93.585 0 0
4 12 93.369 -0.218 0 93.154 -0.218 0 93.154 0 0 93.369 0 0
4 12 93.154 -0.218 0 92.938 -0.218 0 92.938 0 0 93.154 0 0
4 12 92.938 -0.218 0 92.722 -0.218 0 92.722 0 0 92.938 0 0
4 12 92.722 -0.218 0 92.507 -0.218 0 92.507 0 0 92.722 0 0
4 12 92.507 -0.218 0 92.291 -0.218 0 92.291 0 0 92.507 0 0
4 12 92.291 -0.218 0 92.075 -0.218 0 92.075 0 0 92.291 0 0
4 12 92.075 -0.218 0 91.86 -0.218 0 91.86 0 0 92.075 0 0
4 12 91.86 -0.218 0 91.644 -0.218 0 91.644 0 0 91.86 0 0
4 12 91.644 -0.218 0 91.213 -0.218 0 91.213 0 0 91.644 0 0
4 12 91.213 -0.218 0 90.997 -0.218 0 90.997 0 0 91.213 0 0
4 12 90.997 -0.218 0 90.782 -0.218 0 90.782 0 0 90.997 0 0
4 12 90.782 -0.218 0 90.566 -0.218 0 90.566 0 0 90.782 0 0
4 12 90.566 -0.218 0 90.135 -0.218 0 90.135 0 0 90.566 0 0
4 12 90.135 -0.218 0 89.919 -0.218 0 89.919 0 0 90.135 0 0
4 12 89.919 -0.218 0 89.704 -0.218 0 89.704 0 0 89.919 0 0
4 12 89.704 -0.218 0 89.488 -0.218 0 89.488 0 0 89.704 0 0
4 12 89.488 -0.218 0 89.272 -0.218 0 89.272 0 0 89.488 0 0
4 12 89.057 -0.218 0 88.841 -0.218 0 88.841 0 0 89.057 0 0
4 12 88.841 -0.218 0 88.625 -0.218 0 88.625 0 0 88.841 0 0
4 12 88.625 -0.218 0 88.41 -0.218 0 88.41 0 0 88.625 0 0
4 12 88.194 -0.218 0 87.978 -0.218 0 87.978 0 0 88.194 0 0
4 12 87.978 -0.218 0 87.763 -0.218 0 87.763 0 0 87.978 0 0
4 12 87.763 -0.218 0 87.332 -0.218 0 87.332 0 0 87.763 0 0
4 12 87.332 -0.218 0 87.116 -0.218 0 87.116 0 0 87.332 0 0
4 12 87.116 -0.218 0 86.9 -0.218 0 86.9 0 0 87.116 0 0
4 12 86.9 -0.218 0 86.685 -0.218 0 86.685 0 0 86.9 0 0
4 12 86.685 -0.218 0 86.469 -0.218 0 86.469 0 0 86.685 0 0
4 12 86.469 -0.218 0 86.253 -0.218 0 86.253 0 0 86.469 0 0
4 12 86.253 -0.218 0 86.038 -0.218 0 86.038 0 0 86.253 0 0
4 12 86.038 -0.218 0 85.822 -0.218 0 85.822 0 0 86.038 0 0
4 12 85.822 -0.218 0 85.606 -0.218 0 85.606 0 0 85.822 0 0
4 12 85.606 -0.218 0 85.391 -0.218 0 85.391 0 0 85.606 0 0
4 12 85.391 -0.218 0 85.175 -0.218 0 85.175 0 0 85.391 0 0
4 12 85.175 -0.218 0 84.96 -0.218 0 84.96 0 0 85.175 0 0
4 12 84.96 -0.218 0 84.744 -0.218 0 84.744 0 0 84.96 0 0
4 12 84.744 -0.218 0 84.528 -0.218 0 84.528 0 0 84.744 0 0
4 12 84.528 -0.218 0 84.313 -0.218 0 84.313 0 0 84.528 0 0
4 12 84.313 -0.218 0 84.097 -0.218 0 84.097 0 0 84.313 0 0
4 12 84.097 -0.218 0 83.881 -0.218 0 83.881 0 0 84.097 0 0
4 12 83.881 -0.218 0 83.666 -0.218 0 83.666 0 0 83.881 0 0
4 12 83.666 -0.218 0 83.45 -0.218 0 83.45 0 0 83.666 0 0
4 12 83.45 -0.218 0 83.235 -0.218 0 83.235 0 0 83.45 0 0
4 12 83.235 -0.218 0 83.019 -0.218 0 83.019 0 0 83.235 0 0
4 12 83.019 -0.218 0 82.803 -0.218 0 82.803 0 0 83.019 0 0
4 12 82.803 -0.218 0 82.588 -0.218 0 82.588 0 0 82.803 0 0
4 12 82.588 -0.218 0 82.372 -0.218 0 82.372 0 0 82.588 0 0
4 12 82.372 -0.218 0 82.156 -0.218 0 82.156 0 0 82.372 0 0
4 12 82.156 -0.218 0 81.941 -0.218 0 81.941 0 0 82.156 0 0
4 12 81.941 -0.218 0 81.725 -0.218 0 81.725 0 0 81.941 0 0
4 12 81.725 -0.218 0 81.294 -0.218 0 81.294 0 0 81.725 0 0
4 12 81.294 -0.218 0 81.078 -0.218 0 81.078 0 0 81.294 0 0
4 12 81.078 -0.218 0 80.863 -0.218 0 80.863 0 0 81.078 0 0
4 12 80.863 -0.218 0 80.647 -0.218 0 80.647 0 0 80.863 0 0
4 12 79.353 -0.218 0 79.137 -0.218 0 79.137 0 0 79.353 0 0
4 12 79.137 -0.218 0 78.922 -0.218 0 78.922 0 0 79.137 0 0
4 12 78.922 -0.218 0 78.706 -0.218 0 78.706 0 0 78.922 0 0
4 12 78.706 -0.218 0 78.491 -0.218 0 78.491 0 0 78.706 0 0
4 12 78.491 -0.218 0 78.275 -0.218 0 78.275 0 0 78.491 0 0
4 12 78.275 -0.218 0 78.059 -0.218 0 78.059 0 0 78.275 0 0
4 12 78.059 -0.218 0 77.844 -0.218 0 77.844 0 0 78.059 0 0
4 12 77.844 -0.218 0 77.628 -0.218 0 77.628 0 0 77.844 0 0
4 12 77.628 -0.218 0 77.412 -0.218 0 77.412 0 0 77.628 0 0
4 12 75.903 -0.218 0 75.687 -0.218 0 75.687 0 0 75.903 0 0
4 12 75.687 -0.218 0 75.472 -0.218 0 75.472 0 0 75.687 0 0
4 12 75.472 -0.218 0 75.256 -0.218 0 75.256 0 0 75.472 0 0
4 12 73.315 -0.218 0 73.1 -0.218 0 73.1 0 0 73.315 0 0
4 12 73.1 -0.218 0 72.884 -0.218 0 72.884 0 0 73.1 0 0
4 12 72.022 -0.218 0 71.806 -0.218 0 71.806 0 0 72.022 0 0
4 12 71.806 -0.218 0 71.59 -0.218 0 71.59 0 0 71.806 0 0
4 12 71.59 -0.218 0 71.375 -0.218 0 71.375 0 0 71.59 0 0
4 12 69.003 -0.218 0 68.787 -0.218 0 68.787 0 0 69.003 0 0
4 12 68.787 -0.218 0 68.571 -0.218 0 68.571 0 0 68.787 0 0
4 12 68.571 -0.218 0 68.356 -0.218 0 68.356 0 0 68.571 0 0
4 12 68.14 -0.218 0 67.925 -0.218 0 67.925 0 0 68.14 0 0
4 12 67.925 -0.218 0 67.709 -0.218 0 67.709 0 0 67.925 0 0
4 12 67.709 -0.218 0 67.493 -0.218 0 67.493 0 0 67.709 0 0
4 12 67.493 -0.218 0 67.278 -0.218 0 67.278 0 0 67.493 0 0
4 12 65.984 -0.218 0 65.768 -0.218 0 65.768 0 0 65.984 0 0
4 12 64.043 -0.218 0 63.827 -0.218 0 63.827 0 0 64.043 0 0
4 12 63.827 -0.218 0 63.396 -0.218 0 63.396 0 0 63.827 0 0
4 12 63.396 -0.218 0 63.181 -0.218 0 63.181 0 0 63.396 0 0
4 12 61.24 -0.218 0 61.024 -0.218 0 61.024 0 0 61.24 0 0
4 12 61.024 -0.218 0 60.809 -0.218 0 60.809 0 0 61.024 0 0
4 12 60.809 -0.218 0 60.593 -0.218 0 60.593 0 0 60.809 0 0
4 12 58.868 -0.218 0 58.652 -0.218 0 58.652 0 0 58.868 0 0
4 12 58.437 -0.218 0 58.221 -0.218 0 58.221 0 0 58.437 0 0
4 12 58.005 -0.218 0 57.79 -0.218 0 57.79 0 0 58.005 0 0
4 12 57.574 -0.218 0 57.358 -0.218 0 57.358 0 0 57.574 0 0
4 12 57.143 -0.218 0 56.927 -0.218 0 56.927 0 0 57.143 0 0
4 12 56.927 -0.218 0 56.712 -0.218 0 56.712 0 0 56.927 0 0
4 12 56.712 -0.218 0 56.496 -0.218 0 56.496 0 0 56.712 0 0
4 12 56.496 -0.218 0 56.28 -0.218 0 56.28 0 0 56.496 0 0
4 12 56.28 -0.218 0 56.065 -0.218 0 56.065 0 0 56.28 0 0
4 12 52.615 -0.218 0 52.399 -0.218 0 52.399 0 0 52.615 0 0
4 12 52.399 -0.218 0 52.183 -0.218 0 52.183 0 0 52.399 0 0
4 12 52.183 -0.218 0 51.968 -0.218 0 51.968 0 0 52.183 0 0
4 12 51.968 -0.218 0 51.752 -0.218 0 51.752 0 0 51.968 0 0
4 12 50.674 -0.218 0 50.458 -0.218 0 50.458 0 0 50.674 0 0
4 12 50.458 -0.218 0 50.243 -0.218 0 50.243 0 0 50.458 0 0
4 12 48.518 -0.218 0 48.302 -0.218 0 48.302 0 0 48.518 0 0
4 12 47.008 -0.218 0 46.792 -0.218 0 46.792 0 0 47.008 0 0
4 12 46.361 -0.218 0 46.146 -0.218 0 46.146 0 0 46.361 0 0
4 12 46.146 -0.218 0 45.93 -0.218 0 45.93 0 0 46.146 0 0
4 12 45.283 -0.218 0 45.067 -0.218 0 45.067 0 0 45.283 0 0
4 12 45.067 -0.218 0 44.852 -0.218 0 44.852 0 0 45.067 0 0
4 12 44.852 -0.218 0 44.636 -0.218 0 44.636 0 0 44.852 0 0
4 12 36.442 -0.218 0 36.226 -0.218 0 36.226 0 0 36.442 0 0
4 12 36.226 -0.218 0 36.011 -0.218 0 36.011 0 0 36.226 0 0
4 12 36.011 -0.218 0 35.795 -0.218 0 35.795 0 0 36.011 0 0
4 12 35.795 -0.218 0 35.58 -0.218 0 35.58 0 0 35.795 0 0
4 8 34.717 -0.218 0 34.501 -0.218 0 34.501 0 0 34.717 0 0
4 12 34.501 -0.218 0 34.286 -0.218 0 34.286 0 0 34.501 0 0
4 12 34.286 -0.218 0 34.07 -0.218 0 34.07 0 0 34.286 0 0
4 12 34.07 -0.218 0 33.854 -0.218 0 33.854 0 0 34.07 0 0
4 12 32.992 -0.218 0 32.776 -0.218 0 32.776 0 0 32.992 0 0
4 12 31.698 -0.218 0 31.482 -0.218 0 31.482 0 0 31.698 0 0
4 12 31.482 -0.218 0 31.267 -0.218 0 31.267 0 0 31.482 0 0
4 15 31.051 -0.218 0 30.62 -0.218 0 30.62 0 0 31.051 0 0
4 12 30.62 -0.218 0 30.404 -0.218 0 30.404 0 0 30.62 0 0
4 12 30.404 -0.218 0 30.189 -0.218 0 30.189 0 0 30.404 0 0
4 15 29.973 -0.218 0 29.326 -0.218 0 29.326 0 0 29.973 0 0
4 12 29.326 -0.218 0 29.111 -0.218 0 29.111 0 0 29.326 0 0
4 12 29.111 -0.218 0 28.895 -0.218 0 28.895 0 0 29.111 0 0
4 12 28.895 -0.218 0 28.679 -0.218 0 28.679 0 0 28.895 0 0
4 12 28.679 -0.218 0 28.464 -0.218 0 28.464 0 0 28.679 0 0
4 12 28.464 -0.218 0 28.248 -0.218 0 28.248 0 0 28.464 0 0
4 12 28.248 -0.218 0 28.032 -0.218 0 28.032 0 0 28.248 0 0
4 15 28.032 -0.218 0 27.817 -0.218 0 27.817 0 0 28.032 0 0
4 12 27.817 -0.218 0 27.601 -0.218 0 27.601 0 0 27.817 0 0
4 12 27.385 -0.218 0 27.17 -0.218 0 27.17 0 0 27.385 0 0
4 15 27.17 -0.218 0 26.954 -0.218 0 26.954 0 0 27.17 0 0
4 12 26.954 -0.218 0 26.739 -0.218 0 26.739 0 0 26.954 0 0
4 6 26.739 -0.218 0 26.523 -0.218 0 26.523 0 0 26.739 0 0
4 12 26.523 -0.218 0 26.307 -0.218 0 26.307 0 0 26.523 0 0
4 15 26.307 -0.218 0 26.092 -0.218 0 26.092 0 0 26.307 0 0
4 12 25.66 -0.218 0 25.445 -0.218 0 25.445 0 0 25.66 0 0
4 15 25.445 -0.218 0 25.229 -0.218 0 25.229 0 0 25.445 0 0
4 12 25.229 -0.218 0 25.013 -0.218 0 25.013 0 0 25.229 0 0
4 12 25.013 -0.436 0 24.798 -0.436 0 24.798 0 0 25.013 0 0
4 15 23.935 -0.218 0 23.72 -0.218 0 23.72 0 0 23.935 0 0
4 12 23.72 -0.436 0 23.504 -0.436 0 23.504 0 0 23.72 0 0
4 15 23.288 -0.218 0 23.073 -0.218 0 23.073 0 0 23.288 0 0
4 15 22.857 -0.218 0 22.642 -0.218 0 22.642 0 0 22.857 0 0
4 15 22.21 -0.218 0 21.995 -0.218 0 21.995 0 0 22.21 0 0
4 6 21.779 -0.218 0 21.563 -0.218 0 21.563 0 0 21.779 0 0
4 12 21.348 -0.218 0 21.132 -0.218 0 21.132 0 0 21.348 0 0
4 12 21.132 -0.218 0 20.916 -0.218 0 20.916 0 0 21.132 0 0
4 15 20.916 -0.218 0 20.701 -0.218 0 20.701 0 0 20.916 0 0
4 6 20.701 -0.218 0 20.485 -0.218 0 20.485 0 0 20.701 0 0
4 12 20.485 -0.218 0 20.27 -0.218 0 20.27 0 0 20.485 0 0
4 15 19.838 -0.218 0 19.623 -0.218 0 19.623 0 0 19.838 0 0
4 15 19.407 -0.218 0 17.682 -0.218 0 17.682 0 0 19.407 0 0
4 12 17.035 -0.218 0 16.819 -0.218 0 16.819 0 0 17.035 0 0
4 12 16.819 -0.218 0 16.604 -0.218 0 16.604 0 0 16.819 0 0
4 12 16.604 -0.218 0 16.388 -0.218 0 16.388 0 0 16.604 0 0
4 12 15.957 -0.218 0 15.741 -0.218 0 15.741 0 0 15.957 0 0
4 12 15.526 -0.218 0 15.31 -0.218 0 15.31 0 0 15.526 0 0
4 12 15.31 -0.218 0 15.094 -0.218 0 15.094 0 0 15.31 0 0
4 12 15.094 -0.218 0 14.879 -0.218 0 14.879 0 0 15.094 0 0
4 12 14.879 -0.218 0 14.663 -0.218 0 14.663 0 0 14.879 0 0
4 12 14.232 -0.218 0 14.016 -0.218 0 14.016 0 0 14.232 0 0
4 12 14.016 -0.218 0 13.801 -0.218 0 13.801 0 0 14.016 0 0
4 12 13.801 -0.218 0 13.585 -0.218 0 13.585 0 0 13.801 0 0
4 12 13.585 -0.218 0 13.369 -0.218 0 13.369 0 0 13.585 0 0
4 12 13.369 -0.218 0 13.154 -0.218 0 13.154 0 0 13.369 0 0
4 12 13.154 -0.218 0 12.938 -0.218 0 12.938 0 0 13.154 0 0
4 12 12.938 -0.218 0 12.722 -0.218 0 12.722 0 0 12.938 0 0
4 12 12.722 -0.218 0 12.507 -0.218 0 12.507 0 0 12.722 0 0
4 12 12.291 -0.218 0 12.075 -0.218 0 12.075 0 0 12.291 0 0
4 12 12.075 -0.218 0 11.86 -0.218 0 11.86 0 0 12.075 0 0
4 12 11.86 -0.218 0 11.644 -0.218 0 11.644 0 0 11.86 0 0
4 12 11.644 -0.218 0 11.429 -0.218 0 11.429 0 0 11.644 0 0
4 12 11.429 -0.218 0 11.213 -0.218 0 11.213 0 0 11.429 0 0
4 12 11.213 -0.218 0 10.997 -0.218 0 10.997 0 0 11.213 0 0
4 12 10.997 -0.218 0 10.782 -0.218 0 10.782 0 0 10.997 0 0
4 12 10.782 -0.218 0 10.566 -0.218 0 10.566 0 0 10.782 0 0
4 12 10.566 -0.218 0 10.35 -0.218 0 10.35 0 0 10.566 0 0
4 12 10.35 -0.218 0 10.135 -0.218 0 10.135 0 0 10.35 0 0
4 12 10.135 -0.218 0 9.919 -0.218 0 9.919 0 0 10.135 0 0
4 12 9.919 -0.218 0 9.704 -0.218 0 9.704 0 0 9.919 0 0
4 12 9.704 -0.218 0 9.488 -0.218 0 9.488 0 0 9.704 0 0
4 12 9.488 -0.218 0 9.272 -0.218 0 9.272 0 0 9.488 0 0
4 12 9.272 -0.218 0 9.057 -0.218 0 9.057 0 0 9.272 0 0
4 12 9.057 -0.218 0 8.841 -0.218 0 8.841 0 0 9.057 0 0
4 12 8.841 -0.218 0 8.625 -0.218 0 8.625 0 0 8.841 0 0
4 12 8.625 -0.218 0 8.41 -0.218 0 8.41 0 0 8.625 0 0
4 12 8.41 -0.218 0 8.194 -0.218 0 8.194 0 0 8.41 0 0
4 12 8.194 -0.218 0 7.978 -0.218 0 7.978 0 0 8.194 0 0
4 12 7.978 -0.218 0 7.763 -0.218 0 7.763 0 0 7.978 0 0
4 12 7.763 -0.218 0 7.547 -0.218 0 7.547 0 0 7.763 0 0
4 12 7.547 -0.218 0 7.332 -0.218 0 7.332 0 0 7.547 0 0
4 12 7.332 -0.218 0 7.116 -0.218 0 7.116 0 0 7.332 0 0
4 12 7.116 -0.218 0 6.9 -0.218 0 6.9 0 0 7.116 0 0
4 12 6.9 -0.218 0 6.685 -0.218 0 6.685 0 0 6.9 0 0
4 12 6.685 -0.218 0 6.469 -0.218 0 6.469 0 0 6.685 0 0
4 12 6.469 -0.218 0 6.253 -0.218 0 6.253 0 0 6.469 0 0
4 12 6.253 -0.218 0 6.038 -0.218 0 6.038 0 0 6.253 0 0
4 12 6.038 -0.218 0 5.822 -0.218 0 5.822 0 0 6.038 0 0
4 12 5.822 -0.218 0 5.606 -0.218 0 5.606 0 0 5.822 0 0
4 12 5.606 -0.218 0 5.391 -0.218 0 5.391 0 0 5.606 0 0
4 12 5.391 -0.218 0 5.175 -0.218 0 5.175 0 0 5.391 0 0
4 12 5.175 -0.218 0 4.96 -0.218 0 4.96 0 0 5.175 0 0
4 12 4.96 -0.218 0 4.744 -0.218 0 4.744 0 0 4.96 0 0
4 12 4.744 -0.218 0 4.528 -0.218 0 4.528 0 0 4.744 0 0
4 28 4.528 -0.218 0 4.313 -0.218 0 4.313 0 0 4.528 0 0
4 28 4.313 -0.218 0 4.097 -0.218 0 4.097 0 0 4.313 0 0
4 28 4.097 -0.218 0 3.881 -0.218 0 3.881 0 0 4.097 0 0
4 28 3.881 -0.218 0 2.156 -0.218 0 2.156 0 0 3.881 0 0
4 28 2.156 -0.218 0 1.941 -0.218 0 1.941 0 0 2.156 0 0
4 12 1.941 -0.218 0 1.725 -0.218 0 1.725 0 0 1.941 0 0
4 12 1.725 -0.218 0 1.294 -0.218 0 1.294 0 0 1.725 0 0
4 12 1.294 -0.218 0 0.863 -0.218 0 0.863 0 0 1.294 0 0
4 12 0.863 -0.218 0 0.431 -0.218 0 0.431 0 0 0.863 0 0
4 12 0.431 -0.218 0 0.216 -0.218 0 0.216 0 0 0.431 0 0
4 12 0.216 -0.218 0 0 -0.218 0 0 0 0 0.216 0 0
